SITE	GLY	ALA	LEU	VAL	ILE	PRO	ARG	THR	SER	CYS	MET	LYS	GLU	GLN	ASP	ASN	TRP	TYR	PHE	HIS
2		-2.461000	-0.962000	-1.141000	-1.856000	-0.478000	-1.418000	0.446000	-2.864000	-1.774000	-1.057000	-1.177000	-0.983000	-1.505000	-2.113000	0.425000	-1.230000	-2.606000	-2.397000	-0.869000	-1.137000
3		1.495000	-0.171000	0.928000	1.911000	-0.055000	3.204000	0.332000	-1.684000	-0.429000	0.233000	-1.539000	-0.266000	1.026000	0.062000	1.768000	0.943000	-3.448000	-1.254000	-1.428000	-0.972000
4		0.621000	-0.001000	-1.354000	1.245000	4.343000	1.114000	-0.163000	0.485000	0.187000	-1.189000	-2.008000	-0.018000	1.403000	-1.174000	0.456000	-0.133000	-1.220000	-2.533000	-2.371000	-1.540000
5		5.004000	1.950000	-0.225000	-1.938000	-1.308000	4.853000	3.592000	0.021000	2.955000	1.689000	-0.961000	3.468000	4.574000	0.383000	6.241000	1.922000	-0.738000	-0.419000	-0.972000	0.516000
6		9.803000	4.277000	2.581000	3.349000	0.401000	13.789000	16.773000	6.801000	5.549000	5.483000	3.950000	12.438000	9.216000	4.793000	10.924000	6.413000	9.311000	12.546000	5.831000	7.780000
7		12.226000	8.516000	1.812000	4.020000	4.397000	13.752000	15.510000	5.292000	9.822000	7.544000	4.519000	11.354000	10.007000	7.501000	11.508000	7.098000	6.987000	0.483000	3.037000	4.956000
8		14.665000	11.130000	10.796000	10.177000	10.190000	13.168000	17.697000	13.078000	13.656000	11.072000	7.932000	14.687000	14.489000	10.770000	14.849000	11.411000	3.217000	0.445000	0.168000	7.211000
9		7.816000	5.266000	-0.332000	-0.223000	-0.677000	15.610000	13.691000	4.296000	6.576000	5.213000	2.672000	10.604000	7.493000	3.914000	10.706000	5.074000	1.689000	5.828000	-0.396000	2.736000
10		1.430000	-0.658000	1.209000	-1.643000	2.149000	14.294000	7.766000	0.378000	-0.787000	-0.013000	-1.943000	5.444000	-3.473000	-2.714000	-1.587000	0.982000	0.128000	-0.313000	-1.355000	-0.965000
11		-0.494000	-0.389000	-1.913000	0.017000	1.029000	-2.071000	-3.204000	-0.705000	-0.256000	-0.187000	-0.649000	-2.842000	-0.182000	-2.329000	2.943000	-1.060000	-6.036000	-3.059000	-2.809000	-0.928000
12		-0.064000	3.477000	1.685000	6.363000	5.051000	1.920000	3.099000	2.143000	2.990000	4.270000	4.700000	4.244000	5.549000	0.910000	4.906000	3.537000	1.222000	0.476000	0.165000	1.012000
13		4.177000	3.012000	12.616000	10.422000	20.825000	63.886000	12.415000	8.761000	6.174000	2.616000	23.487000	13.596000	8.774000	7.781000	2.138000	0.306000	24.960000	14.041000	11.929000	4.471000
14		0.420000	-1.562000	-1.683000	2.499000	6.875000	9.076000	0.092000	2.056000	-0.732000	-0.436000	-1.750000	-0.106000	-1.204000	-1.990000	0.457000	-1.472000	0.699000	0.595000	0.716000	-1.550000
15		0.676000	0.199000	1.457000	0.564000	1.173000	14.027000	0.588000	-4.286000	-0.679000	-0.402000	3.702000	5.713000	3.810000	1.244000	0.486000	0.595000	7.054000	1.929000	0.419000	1.585000
16		0.100000	-3.202000	-4.442000	-2.835000	-4.474000	6.378000	0.006000	-0.437000	-0.236000	-2.063000	-4.105000	1.498000	0.005000	-4.587000	0.853000	-2.924000	2.629000	13.652000	3.412000	0.088000
17		2.345000	-0.847000	41.307000	12.815000	13.257000	0.903000	33.349000	8.602000	0.792000	7.058000	26.582000	43.766000	11.142000	13.910000	7.023000	8.396000	48.935000	46.239000	50.730000	32.133000
18		4.983000	2.457000	1.800000	2.229000	2.329000	12.544000	11.144000	5.032000	3.711000	2.174000	3.572000	7.065000	5.758000	-0.013000	6.687000	2.918000	14.830000	14.657000	5.203000	3.901000
19		7.609000	4.436000	0.394000	2.988000	1.366000	13.512000	12.943000	6.180000	6.721000	4.387000	-0.281000	9.152000	7.609000	3.896000	8.551000	5.243000	2.348000	10.372000	4.793000	4.733000
20		4.289000	-0.458000	14.371000	10.152000	15.896000	16.724000	20.733000	7.779000	4.249000	3.317000	9.220000	21.679000	10.787000	7.871000	11.093000	7.332000	9.399000	8.481000	5.894000	6.631000
21		1.925000	-0.547000	2.114000	3.359000	9.608000	11.882000	3.559000	3.473000	1.787000	1.705000	2.819000	2.847000	-0.027000	-1.479000	5.137000	3.561000	-2.542000	-0.237000	-0.320000	0.136000
22		0.548000	4.870000	23.579000	25.446000	27.792000	17.963000	22.445000	18.291000	11.545000	17.531000	19.222000	24.132000	25.069000	19.977000	22.880000	19.360000	35.509000	29.193000	29.272000	23.136000
23		10.292000	8.352000	5.116000	8.447000	6.028000	15.671000	11.623000	10.815000	10.416000	8.238000	6.358000	11.384000	11.096000	8.241000	12.496000	8.236000	0.601000	3.380000	1.352000	5.774000
24		0.075000	-2.951000	6.382000	5.943000	8.862000	13.718000	18.895000	2.363000	1.045000	3.056000	4.445000	13.560000	11.625000	9.053000	10.362000	6.362000	13.026000	11.945000	9.391000	11.256000
25		3.456000	0.973000	-0.232000	1.543000	-0.135000	10.134000	0.306000	2.187000	2.397000	2.009000	1.122000	-0.016000	3.514000	-0.333000	4.762000	1.917000	2.098000	1.127000	1.168000	1.713000
26		1.289000	-0.345000	-2.414000	-1.888000	-1.412000	8.106000	1.414000	0.571000	0.497000	0.516000	-0.268000	-0.385000	0.712000	-0.793000	2.372000	1.281000	-0.842000	-0.961000	-0.412000	0.743000
27		5.938000	4.342000	0.630000	1.584000	-0.225000	20.056000	6.801000	4.427000	6.484000	5.057000	3.084000	4.481000	5.743000	3.517000	7.849000	5.008000	3.287000	1.347000	1.094000	2.407000
28		7.723000	6.735000	-0.462000	2.905000	0.264000	13.226000	9.317000	3.833000	8.556000	5.219000	1.280000	8.083000	7.712000	4.485000	9.360000	5.675000	4.922000	7.480000	2.899000	5.300000
29		-0.011000	-1.175000	-0.005000	0.366000	-0.913000	7.023000	0.350000	2.524000	0.912000	1.877000	0.349000	-1.910000	3.941000	-0.156000	4.147000	1.517000	1.376000	-0.258000	1.261000	1.119000
30		-1.052000	-0.609000	-2.440000	0.078000	0.116000	-2.673000	-1.365000	0.038000	-1.567000	0.236000	0.100000	-2.172000	-1.004000	-1.953000	-0.613000	-2.097000	-1.000000	0.082000	0.149000	0.334000
31		0.262000	-1.282000	-2.390000	-2.710000	-2.008000	6.065000	-1.415000	-0.586000	-1.934000	-0.813000	-1.252000	-2.913000	-1.770000	-1.715000	0.906000	-1.847000	-2.903000	-3.226000	-2.513000	-1.857000
32		11.937000	7.995000	8.003000	7.131000	7.031000	13.692000	9.763000	9.455000	10.639000	9.929000	5.112000	10.246000	11.669000	7.341000	13.470000	8.525000	-0.334000	1.575000	2.002000	6.101000
33		3.056000	1.216000	-0.103000	0.979000	0.727000	10.055000	0.951000	3.108000	3.322000	1.115000	0.834000	2.004000	1.954000	1.292000	3.986000	0.254000	0.135000	-2.723000	-0.704000	-0.017000
34		8.334000	3.906000	8.926000	1.202000	0.132000	6.430000	22.812000	4.347000	5.832000	4.815000	9.658000	13.171000	10.319000	5.895000	9.450000	5.421000	11.461000	10.662000	6.592000	5.373000
35		6.328000	5.345000	5.243000	5.000000	7.797000	7.174000	4.393000	4.858000	6.342000	4.392000	4.398000	5.141000	6.534000	3.939000	7.679000	5.491000	2.702000	-0.770000	1.375000	2.788000
36		3.108000	-0.658000	7.420000	6.183000	7.703000	11.415000	10.487000	2.466000	-0.429000	0.792000	6.764000	10.850000	13.433000	7.571000	8.088000	2.279000	8.546000	6.751000	8.333000	7.227000
37		1.089000	0.131000	12.922000	5.790000	12.614000	20.591000	9.730000	4.961000	1.678000	2.918000	7.610000	12.904000	15.071000	11.910000	12.392000	11.154000	26.074000	10.614000	9.563000	9.449000
38		-0.049000	5.964000	31.257000	25.146000	39.259000	28.298000	39.591000	16.287000	5.369000	8.693000	32.883000	39.934000	25.495000	24.415000	14.123000	12.434000	41.958000	30.228000	28.483000	18.630000
39		3.692000	2.283000	-2.057000	0.631000	-0.715000	1.727000	3.174000	0.242000	2.412000	1.966000	1.194000	2.533000	4.278000	1.975000	5.063000	1.690000	-0.313000	1.834000	1.984000	2.663000
40		0.049000	-0.323000	-1.413000	-1.542000	-0.591000	22.432000	-0.036000	-0.531000	0.367000	-0.495000	0.621000	-0.692000	0.304000	-0.312000	1.320000	0.054000	-0.642000	-2.148000	-1.416000	-0.840000
41		1.553000	-0.674000	-0.837000	-3.391000	-4.227000	1.779000	-0.093000	-0.455000	0.647000	-0.424000	-1.366000	-0.166000	0.082000	-0.149000	2.208000	-0.128000	2.240000	3.070000	1.648000	2.901000
42		1.281000	-0.191000	-1.990000	0.837000	0.705000	11.692000	-0.533000	0.738000	1.200000	0.047000	-0.666000	-0.088000	1.438000	-2.263000	1.756000	-1.443000	-2.511000	-1.798000	-0.474000	0.003000
43		-0.221000	6.424000	5.275000	7.244000	6.415000	102.778000	6.780000	6.171000	4.553000	5.339000	5.811000	5.006000	7.558000	4.434000	6.951000	7.030000	3.507000	6.585000	4.715000	5.863000
44		4.786000	3.252000	0.006000	-0.282000	2.866000	1.670000	6.750000	2.640000	5.023000	2.827000	2.817000	4.818000	6.108000	1.781000	7.414000	2.678000	21.005000	9.022000	9.240000	2.020000
45		3.137000	1.344000	0.050000	-0.626000	-0.149000	4.800000	4.166000	0.933000	1.059000	0.557000	-0.020000	2.046000	0.718000	-0.253000	1.556000	-0.989000	0.698000	0.073000	0.925000	-2.083000
46		3.371000	3.134000	2.410000	3.268000	3.301000	0.277000	2.892000	3.560000	2.714000	2.642000	2.117000	2.309000	2.597000	3.036000	2.859000	2.560000	1.381000	2.847000	2.091000	3.568000
47		0.781000	-1.304000	-2.081000	1.022000	2.157000	11.221000	-0.502000	0.084000	0.621000	-0.097000	-2.354000	0.063000	-0.640000	-1.961000	1.421000	-0.128000	-1.474000	-1.617000	-0.886000	0.017000
48		3.502000	-0.963000	17.229000	7.875000	13.461000	10.443000	23.548000	4.013000	1.720000	2.423000	8.800000	19.612000	11.561000	9.007000	11.589000	9.141000	26.613000	29.061000	27.293000	21.751000
49		6.285000	4.358000	2.959000	1.712000	1.029000	14.636000	5.611000	3.791000	6.232000	4.348000	3.646000	2.371000	5.117000	2.637000	7.854000	4.738000	2.167000	3.902000	3.175000	4.191000
50		1.235000	-1.109000	-2.399000	-1.388000	-2.440000	16.545000	-1.257000	-0.604000	0.163000	-0.693000	-2.069000	-1.265000	0.426000	-1.726000	1.382000	-0.524000	-2.999000	-1.811000	-0.776000	-0.377000
51		4.745000	2.159000	12.625000	4.646000	8.014000	16.886000	11.915000	7.135000	3.863000	5.847000	7.262000	10.452000	11.565000	9.296000	11.211000	8.130000	14.327000	10.961000	9.014000	9.141000
52		7.092000	4.528000	3.416000	7.263000	6.932000	18.570000	16.648000	6.249000	5.691000	5.713000	-0.667000	10.346000	6.247000	3.716000	10.060000	7.584000	24.008000	15.966000	8.513000	6.363000
53		0.593000	-0.928000	-1.750000	-0.177000	0.961000	15.498000	1.945000	0.359000	0.278000	0.198000	-1.280000	-0.462000	0.121000	-0.752000	2.476000	0.113000	-2.391000	-0.730000	-1.224000	-0.586000
54		3.517000	1.481000	1.628000	3.233000	2.301000	14.846000	4.888000	4.807000	2.207000	2.714000	3.083000	3.674000	-0.367000	0.039000	3.005000	1.912000	3.229000	2.652000	2.583000	3.849000
55		3.396000	1.803000	3.190000	-0.004000	2.629000	8.747000	4.431000	0.618000	2.274000	1.026000	1.114000	2.547000	1.774000	0.330000	3.389000	2.712000	2.989000	5.090000	4.756000	2.940000
56		-1.625000	0.033000	-0.367000	1.482000	1.679000	21.462000	-0.338000	1.892000	0.563000	-0.962000	-0.003000	-1.433000	0.084000	-1.180000	0.420000	-1.782000	0.923000	-0.640000	0.042000	-0.287000
57		8.091000	6.734000	2.217000	2.038000	-0.472000	19.533000	6.994000	5.630000	7.104000	6.936000	4.900000	6.041000	8.229000	4.674000	9.889000	4.784000	4.997000	5.010000	5.330000	4.243000
58		3.566000	2.344000	1.416000	0.560000	0.201000	1.731000	1.432000	1.228000	1.802000	1.550000	1.520000	1.973000	2.019000	2.882000	-2.031000	-0.184000	1.362000	2.157000	1.289000	2.439000
59		6.323000	4.454000	7.062000	2.101000	0.013000	4.771000	13.910000	4.711000	5.252000	3.257000	3.298000	10.849000	11.182000	7.873000	8.739000	5.100000	14.714000	28.399000	18.777000	12.309000
60		1.872000	1.450000	1.544000	3.352000	3.719000	17.031000	0.936000	0.844000	0.032000	2.440000	3.102000	2.146000	3.787000	2.266000	4.451000	2.911000	2.631000	3.032000	3.448000	3.623000
61		0.815000	0.544000	-0.137000	0.225000	0.102000	3.472000	1.454000	0.031000	0.081000	0.315000	-0.195000	-1.369000	0.916000	-0.660000	1.126000	0.560000	-0.457000	0.311000	0.761000	1.053000
62		2.296000	1.516000	2.763000	6.329000	5.959000	14.451000	3.478000	2.402000	3.377000	0.988000	1.186000	3.298000	4.197000	4.258000	6.812000	4.506000	4.261000	2.123000	1.472000	1.038000
63		1.589000	1.161000	0.918000	1.021000	0.946000	2.682000	1.381000	-0.728000	0.613000	0.668000	1.698000	0.723000	2.136000	-0.531000	3.094000	1.228000	1.831000	-0.446000	-0.350000	1.783000
64		1.943000	-0.647000	24.645000	7.433000	12.102000	1.250000	35.893000	2.133000	-0.298000	1.611000	13.856000	15.099000	19.962000	13.556000	6.384000	6.852000	17.100000	57.905000	60.606000	28.249000
65		-0.754000	-1.558000	-2.717000	-3.915000	-3.190000	4.175000	-1.070000	-1.208000	-1.183000	-1.853000	-3.369000	-1.530000	-1.636000	-3.194000	-0.026000	-1.777000	0.497000	0.845000	1.466000	-1.043000
66		0.260000	0.642000	0.009000	1.174000	1.207000	-1.105000	1.253000	-0.486000	-0.853000	1.789000	0.491000	0.290000	1.527000	1.446000	0.026000	-0.129000	-0.753000	-0.226000	-1.160000	0.183000
67		7.326000	5.116000	4.436000	2.005000	1.175000	5.562000	9.204000	4.317000	5.732000	6.174000	4.484000	9.965000	7.845000	4.932000	7.713000	5.992000	3.945000	5.652000	1.901000	4.923000
68		1.588000	1.421000	-1.033000	-1.734000	-1.412000	10.987000	-0.418000	0.552000	0.712000	-0.120000	0.610000	-0.364000	1.201000	-0.339000	1.015000	-0.124000	-0.121000	-0.483000	-0.880000	0.789000
69		1.291000	-0.180000	-0.040000	1.480000	1.636000	-2.633000	1.468000	1.268000	0.376000	1.268000	0.427000	0.557000	0.533000	0.588000	1.731000	0.727000	-1.846000	0.813000	0.994000	1.831000
70		0.406000	0.522000	0.265000	0.614000	0.078000	3.237000	0.905000	0.253000	1.212000	0.495000	0.086000	0.611000	1.096000	-0.568000	0.655000	0.065000	-1.652000	-0.228000	-0.108000	-1.206000
71		5.608000	2.459000	0.504000	0.613000	-0.263000	7.746000	3.237000	2.530000	4.064000	3.150000	2.078000	2.786000	3.386000	1.379000	5.667000	2.151000	-0.502000	0.161000	1.400000	2.321000
72		4.611000	1.933000	-0.448000	0.828000	1.990000	13.051000	4.094000	3.047000	4.820000	3.905000	1.214000	1.646000	6.664000	2.768000	7.153000	3.332000	10.426000	4.458000	4.041000	5.616000
73		2.328000	1.777000	-0.135000	2.081000	1.633000	14.425000	2.279000	1.239000	2.453000	2.244000	1.254000	-0.003000	3.576000	2.330000	2.912000	1.213000	2.311000	1.807000	2.399000	2.806000
74		1.920000	1.465000	1.004000	0.582000	-0.360000	9.227000	2.395000	-0.642000	1.914000	2.055000	0.794000	1.457000	1.795000	1.138000	2.174000	0.856000	0.528000	1.020000	1.034000	1.731000
75		4.114000	-0.601000	6.709000	0.125000	4.453000	13.356000	17.399000	-0.933000	0.492000	1.669000	8.703000	18.777000	12.525000	8.156000	6.146000	4.781000	36.687000	30.286000	26.163000	17.265000
76		0.045000	-0.949000	-3.042000	-2.673000	-2.169000	7.367000	0.452000	-1.507000	-0.854000	-0.418000	-1.290000	-0.933000	0.169000	-1.598000	-0.009000	-0.546000	-3.919000	-5.059000	-4.003000	-3.247000
77		5.214000	4.029000	0.460000	-0.012000	-0.013000	21.018000	6.245000	3.023000	4.362000	3.587000	1.659000	7.179000	6.276000	3.377000	6.802000	3.690000	-0.030000	8.872000	3.419000	1.348000
78		8.013000	5.187000	1.888000	0.477000	0.789000	10.756000	14.128000	4.393000	5.837000	4.643000	4.453000	11.840000	9.428000	5.861000	10.125000	5.936000	9.612000	5.471000	5.088000	6.446000
79		9.604000	5.893000	6.228000	0.628000	1.954000	7.275000	12.849000	2.877000	7.661000	6.696000	8.194000	14.123000	12.248000	9.667000	12.200000	8.014000	6.536000	7.959000	5.520000	10.393000
80		1.495000	-1.542000	-1.977000	-0.483000	-2.316000	-1.623000	4.508000	-0.009000	0.225000	-1.662000	-0.409000	4.374000	2.731000	-1.967000	2.614000	-0.887000	0.947000	-2.414000	-1.719000	0.806000
81		9.238000	7.104000	0.477000	6.752000	7.929000	13.749000	14.327000	6.613000	8.713000	5.892000	3.653000	10.022000	10.405000	5.509000	9.938000	5.337000	2.797000	4.172000	2.415000	2.327000
82		2.966000	0.533000	2.111000	-1.076000	1.695000	7.248000	3.187000	-0.045000	1.426000	1.046000	0.308000	2.439000	-1.398000	0.653000	1.157000	1.250000	3.015000	0.176000	2.439000	-1.833000
83		0.686000	0.069000	-0.236000	0.327000	-0.232000	-1.318000	0.869000	0.364000	0.422000	0.185000	-0.332000	0.147000	0.455000	-0.033000	0.356000	-0.170000	-0.558000	0.145000	0.742000	0.669000
84		0.694000	-0.146000	-0.504000	0.285000	-1.495000	7.980000	1.452000	-0.206000	1.072000	0.270000	0.144000	0.281000	-1.207000	-2.006000	-0.244000	-0.297000	0.899000	-2.500000	-1.942000	-1.350000
85		2.889000	-0.196000	13.072000	5.389000	8.762000	6.561000	26.356000	5.234000	1.841000	4.939000	8.367000	16.738000	10.797000	8.383000	12.621000	9.118000	22.482000	16.654000	15.157000	14.240000
86		-2.074000	-3.005000	-3.782000	-0.734000	5.883000	12.167000	-4.172000	-2.323000	-2.123000	-3.031000	-3.585000	-2.192000	-2.046000	-3.075000	-0.019000	-2.072000	-5.123000	-6.190000	-5.014000	-3.925000
87		1.443000	1.367000	-0.039000	1.061000	0.578000	13.325000	1.132000	0.696000	1.762000	0.938000	0.234000	0.879000	1.634000	0.062000	0.881000	0.659000	0.660000	1.653000	2.007000	1.487000
88		1.559000	0.350000	-0.615000	4.645000	6.175000	6.512000	1.185000	0.664000	2.169000	1.329000	-0.848000	0.160000	0.807000	0.087000	1.631000	0.066000	-0.363000	-0.986000	0.064000	0.356000
89		0.737000	-1.023000	-2.613000	0.664000	-0.329000	7.823000	4.644000	-0.884000	0.892000	0.457000	-1.547000	4.400000	2.615000	-0.503000	4.058000	0.818000	3.722000	4.467000	-0.624000	-1.824000
90		3.981000	3.295000	2.615000	2.960000	3.192000	0.284000	4.566000	3.331000	3.863000	3.920000	3.079000	3.738000	5.110000	3.810000	5.534000	4.312000	1.039000	2.534000	2.531000	3.938000
91		0.209000	0.462000	-0.190000	0.235000	-0.299000	-1.743000	0.177000	-0.824000	0.435000	-0.569000	0.864000	-0.819000	0.177000	-1.556000	1.090000	0.805000	-2.183000	-1.395000	0.039000	0.610000
92		6.462000	3.416000	-0.014000	2.713000	3.179000	0.940000	5.585000	4.157000	4.355000	4.097000	3.050000	6.796000	6.953000	4.206000	7.021000	2.844000	7.048000	2.582000	2.129000	2.780000
93		4.271000	2.846000	3.117000	1.886000	2.187000	0.239000	4.427000	3.840000	4.460000	3.271000	2.362000	3.875000	3.618000	2.790000	4.648000	3.445000	2.735000	1.167000	1.178000	1.175000
94		3.267000	1.888000	2.685000	3.100000	3.705000	0.444000	2.569000	2.486000	2.265000	2.356000	2.250000	1.586000	2.386000	2.049000	1.743000	2.547000	1.226000	2.544000	3.598000	3.313000
95		1.305000	0.926000	-0.304000	0.280000	0.226000	1.021000	0.095000	0.466000	-0.640000	1.155000	0.499000	0.009000	0.860000	0.046000	-0.353000	0.698000	-4.092000	-1.607000	0.539000	-0.004000
96		5.354000	3.901000	3.968000	0.709000	2.215000	9.184000	9.474000	1.317000	4.601000	3.606000	8.740000	8.930000	12.126000	11.272000	6.899000	5.921000	14.817000	12.815000	10.927000	5.436000
97		1.094000	0.250000	-1.165000	-0.028000	0.449000	0.562000	2.970000	0.839000	1.290000	0.503000	0.156000	0.000000	0.788000	-1.001000	2.042000	-0.099000	0.158000	-0.275000	-0.372000	1.304000
98		2.983000	2.007000	-2.403000	-0.800000	-0.981000	5.090000	2.230000	3.163000	0.527000	0.077000	-0.673000	0.304000	2.960000	0.165000	5.387000	1.882000	-0.609000	-1.691000	-0.856000	-0.989000
99		4.717000	2.512000	1.515000	1.804000	2.176000	14.137000	2.921000	4.270000	3.426000	2.761000	2.314000	3.273000	0.784000	2.073000	2.834000	5.215000	1.495000	3.980000	5.364000	4.052000
100		1.742000	0.875000	-0.915000	1.075000	2.403000	0.848000	1.500000	1.629000	1.272000	-1.163000	-1.700000	1.548000	1.761000	-0.293000	3.264000	0.642000	-1.895000	-1.878000	-3.011000	-0.742000
101		12.333000	9.602000	7.699000	8.338000	6.875000	12.793000	12.232000	9.658000	9.896000	8.412000	7.509000	11.087000	11.536000	8.655000	11.952000	10.027000	0.269000	9.221000	7.374000	7.634000
102		-0.715000	-3.128000	-5.620000	-2.672000	-1.831000	-5.186000	0.297000	-3.068000	-2.985000	-3.679000	-4.149000	-4.124000	-3.167000	-4.548000	-1.542000	-3.033000	-3.713000	-6.163000	-6.558000	-5.101000
103		9.351000	7.214000	4.247000	6.490000	5.473000	12.976000	8.477000	7.840000	7.993000	6.775000	5.676000	6.182000	9.630000	6.473000	11.487000	7.626000	4.509000	2.456000	-0.009000	3.889000
104		0.261000	-0.432000	0.076000	-0.413000	0.144000	-3.367000	1.317000	0.659000	0.155000	0.140000	0.005000	0.446000	1.339000	-0.108000	-0.768000	-0.039000	0.981000	1.086000	1.222000	1.256000
105		1.212000	0.470000	-1.944000	-0.717000	0.521000	-1.668000	0.307000	-0.029000	0.350000	-1.334000	-0.612000	-0.642000	0.348000	-1.641000	-0.055000	-1.482000	1.273000	1.014000	-0.025000	0.341000
106		5.866000	4.652000	16.616000	6.251000	10.583000	-0.005000	19.268000	4.833000	5.176000	5.317000	11.561000	18.603000	9.289000	9.405000	10.247000	8.019000	10.103000	17.440000	15.259000	14.581000
107		0.051000	-0.681000	-0.551000	-0.256000	-0.808000	17.511000	-0.285000	-1.043000	-1.256000	-0.690000	-1.182000	0.581000	0.369000	-1.463000	-0.224000	-1.432000	-1.130000	0.630000	0.836000	-1.345000
108		-0.450000	3.047000	2.241000	4.820000	6.837000	68.082000	3.487000	5.185000	3.475000	3.958000	2.632000	2.818000	4.007000	2.758000	2.569000	0.438000	2.939000	2.403000	1.953000	2.939000
109		0.935000	1.159000	-1.350000	2.128000	3.040000	2.962000	2.230000	0.737000	1.020000	-0.166000	-0.630000	-0.276000	0.693000	-1.253000	2.795000	0.618000	-0.532000	0.144000	0.671000	1.977000
110		-0.249000	0.017000	-1.483000	-0.784000	-0.215000	-3.529000	0.214000	-0.057000	-0.221000	0.167000	-0.126000	-0.208000	-0.731000	-2.053000	-0.348000	0.026000	0.658000	-1.050000	-1.003000	-1.850000
111		5.466000	4.832000	3.638000	4.501000	5.204000	2.664000	4.402000	5.266000	5.614000	4.843000	4.694000	3.112000	5.219000	4.531000	3.064000	4.260000	0.070000	6.134000	4.370000	4.746000
112		0.463000	0.532000	-0.724000	0.156000	-0.709000	-0.723000	0.409000	0.152000	1.460000	1.142000	-0.445000	-1.130000	0.462000	0.354000	0.808000	0.674000	2.092000	0.611000	0.541000	1.761000
113		2.305000	0.799000	-0.420000	0.248000	0.290000	8.688000	3.551000	1.382000	0.678000	-0.198000	1.028000	2.504000	0.118000	-1.060000	2.933000	1.099000	1.298000	-0.696000	-1.451000	1.311000
114		9.623000	6.939000	4.511000	3.350000	3.075000	14.336000	9.097000	6.116000	6.599000	6.007000	3.994000	8.287000	8.732000	4.202000	10.655000	7.311000	-0.079000	2.579000	0.518000	4.147000
115		3.580000	2.208000	1.352000	2.453000	1.191000	17.773000	2.324000	2.616000	3.732000	1.839000	1.605000	2.923000	4.093000	0.014000	5.301000	1.003000	2.386000	1.816000	3.346000	3.639000
116		2.008000	0.801000	0.266000	1.625000	-0.325000	12.925000	-0.711000	1.577000	1.145000	2.035000	0.432000	1.108000	1.818000	-0.363000	2.426000	1.592000	-1.273000	0.082000	-1.019000	1.885000
117		6.201000	1.676000	4.193000	-0.020000	0.247000	13.390000	6.611000	2.849000	5.586000	4.336000	3.590000	7.674000	6.105000	2.633000	7.959000	4.591000	4.959000	2.182000	1.765000	2.277000
118		8.292000	6.743000	6.632000	9.272000	16.483000	20.161000	0.563000	9.017000	7.258000	8.261000	4.820000	8.246000	11.031000	8.604000	11.182000	8.816000	13.544000	20.224000	15.224000	8.965000
119		2.703000	1.982000	0.599000	0.601000	1.534000	20.766000	4.137000	2.686000	3.561000	2.261000	0.165000	1.160000	1.752000	2.180000	0.697000	0.750000	0.276000	0.646000	1.582000	0.738000
120		1.228000	-1.354000	-1.505000	0.774000	0.421000	14.334000	0.287000	0.855000	0.268000	-0.505000	-1.328000	0.627000	0.006000	-1.470000	0.471000	-0.755000	-1.643000	-1.301000	0.710000	-0.270000
121		9.626000	7.136000	1.183000	1.640000	0.290000	22.207000	19.603000	5.839000	9.026000	7.025000	2.084000	15.137000	9.271000	4.494000	11.441000	6.010000	10.202000	8.472000	3.670000	5.705000
122		1.260000	-0.103000	-0.036000	6.761000	9.025000	17.643000	0.335000	4.780000	1.781000	-0.134000	-1.949000	-0.107000	0.218000	-1.314000	5.145000	2.540000	-0.480000	-1.793000	-3.146000	-0.607000
123		1.177000	-0.395000	-0.416000	-0.869000	-1.376000	12.191000	0.642000	-0.925000	1.045000	0.368000	0.087000	-0.661000	0.789000	0.450000	2.208000	0.042000	-0.918000	-0.864000	-0.576000	1.426000
124		2.682000	0.703000	2.706000	-0.357000	0.212000	13.125000	2.201000	0.831000	2.387000	0.789000	0.075000	1.447000	2.410000	-0.462000	4.619000	2.879000	-1.003000	-0.069000	-0.711000	0.402000
125		9.232000	6.247000	2.837000	1.824000	-0.402000	20.971000	13.883000	5.435000	7.011000	6.246000	3.032000	14.663000	9.962000	4.853000	10.569000	6.341000	6.018000	6.618000	4.298000	3.633000
126		-0.621000	-2.040000	-3.858000	-2.673000	-3.913000	13.774000	-0.030000	-1.046000	0.199000	-1.453000	-3.366000	-1.534000	-0.042000	-2.175000	0.455000	-0.552000	-2.829000	-2.787000	-3.346000	-2.173000
127		1.070000	-0.318000	-1.543000	-0.328000	-1.091000	11.382000	0.527000	0.715000	1.479000	0.385000	0.835000	-1.068000	0.216000	-0.378000	1.247000	-0.692000	-2.275000	-1.098000	-0.457000	0.727000
128		6.117000	3.356000	0.666000	4.881000	5.026000	16.560000	10.492000	4.804000	5.294000	4.558000	3.698000	6.262000	6.326000	4.139000	7.543000	4.655000	2.868000	1.217000	-1.210000	0.896000
129		2.856000	-0.654000	-1.675000	2.901000	0.288000	14.275000	1.030000	1.086000	0.159000	1.375000	-1.046000	-0.440000	0.972000	-1.141000	3.352000	0.362000	-2.798000	-1.541000	-2.014000	-0.699000
130		2.300000	0.778000	-0.470000	1.737000	0.412000	12.006000	0.166000	0.730000	0.432000	1.891000	1.034000	0.415000	1.565000	1.411000	2.655000	0.512000	-0.872000	0.948000	0.582000	2.081000
131		0.092000	0.264000	-0.947000	-0.055000	-0.602000	1.541000	0.040000	-0.503000	0.463000	0.149000	-1.381000	-0.208000	1.198000	-1.616000	0.942000	-0.823000	-2.670000	1.395000	-1.003000	0.013000
