SITE	GLY	ALA	LEU	VAL	ILE	PRO	ARG	THR	SER	CYS	MET	LYS	GLU	GLN	ASP	ASN	TRP	TYR	PHE	HIS
3		-0.933000	-0.615000	-3.783000	-0.697000	-0.737000	-0.006000	-0.241000	-1.622000	-0.797000	-0.735000	-2.132000	-1.112000	-0.965000	-1.861000	-0.076000	-0.051000	-3.345000	-2.125000	-3.207000	-0.466000
4		-0.611000	0.046000	-1.498000	-0.009000	0.348000	-0.966000	-0.543000	-0.546000	-0.418000	-1.451000	-0.661000	-1.731000	-1.325000	-0.259000	0.378000	-1.864000	-0.651000	-1.105000	-0.858000	-0.503000
5		2.580000	3.444000	-0.023000	-0.599000	-1.863000	1.399000	5.973000	3.228000	3.706000	3.463000	1.895000	4.718000	5.997000	2.139000	6.293000	3.268000	-1.961000	0.681000	-2.516000	1.440000
6		1.048000	0.017000	-0.306000	-0.020000	0.388000	-2.395000	0.890000	-2.243000	0.137000	0.772000	0.805000	0.313000	-0.188000	-1.690000	-1.116000	-1.529000	1.163000	0.108000	0.357000	0.335000
7		-1.056000	-2.017000	-2.696000	-1.667000	-1.667000	-3.333000	-1.377000	-2.547000	-2.124000	-2.286000	-2.768000	-1.648000	-0.991000	-3.397000	-0.024000	-1.880000	-3.835000	-3.903000	-3.520000	-2.399000
8		5.674000	3.376000	1.538000	-0.003000	-0.985000	8.351000	3.126000	2.656000	3.833000	2.826000	1.932000	3.509000	4.500000	2.970000	7.622000	2.762000	1.964000	2.943000	1.738000	2.592000
9		NA	NA	NA	NA	NA	NA	NA	NA	NA	NA	NA	NA	NA	NA	NA	NA	NA	NA	NA	NA
10		0.582000	-1.921000	-2.191000	-1.272000	0.596000	6.895000	-0.072000	-0.537000	-0.175000	-0.353000	-2.341000	-1.880000	-0.269000	-1.962000	3.157000	0.068000	-4.027000	-4.247000	-4.561000	-1.387000
11		0.907000	0.184000	0.347000	2.694000	3.125000	6.517000	0.928000	0.232000	-0.828000	0.483000	0.156000	0.072000	-0.256000	-0.072000	0.936000	0.119000	0.631000	0.713000	0.179000	-1.065000
12		1.553000	0.148000	-0.331000	2.992000	4.985000	11.908000	1.197000	0.532000	1.335000	1.186000	0.335000	0.036000	1.499000	-0.493000	1.631000	0.710000	0.513000	1.277000	1.573000	1.317000
13		9.104000	6.852000	0.549000	9.784000	8.013000	18.195000	13.885000	5.696000	9.394000	7.283000	3.209000	13.950000	9.975000	6.330000	11.095000	6.812000	12.668000	10.057000	7.226000	8.141000
14		6.173000	4.401000	4.977000	4.718000	4.522000	0.053000	6.596000	5.230000	5.116000	4.982000	5.251000	5.613000	5.595000	4.819000	5.806000	5.215000	5.436000	3.902000	4.059000	1.928000
15		0.364000	-0.478000	0.088000	0.187000	0.944000	-2.457000	0.424000	0.633000	-0.016000	0.293000	0.023000	-0.497000	0.037000	-1.369000	0.234000	-0.286000	0.077000	0.083000	0.527000	-0.523000
16		2.693000	0.422000	-0.839000	1.868000	1.504000	2.934000	0.480000	2.155000	2.351000	1.077000	-0.491000	-0.100000	2.000000	-0.007000	1.715000	1.216000	-2.987000	-2.313000	-2.611000	-0.520000
17		3.755000	-0.327000	5.996000	-0.267000	7.358000	6.451000	16.383000	0.995000	2.684000	1.966000	3.385000	14.409000	9.623000	4.780000	8.253000	5.091000	11.278000	11.144000	7.776000	5.984000
18		4.081000	2.358000	0.725000	0.913000	0.025000	8.359000	3.285000	2.832000	4.015000	2.646000	0.768000	3.080000	3.760000	0.091000	5.712000	2.412000	1.134000	0.694000	0.857000	1.852000
19		0.120000	-1.289000	-2.318000	-1.838000	-2.473000	6.989000	-1.050000	-1.155000	-0.428000	-0.913000	-1.226000	-1.253000	-0.194000	-1.703000	-0.083000	-1.653000	-4.235000	-2.640000	-2.860000	-1.793000
20		3.738000	0.410000	-2.709000	-1.972000	-2.291000	11.594000	4.342000	-0.086000	2.618000	1.690000	-1.758000	4.654000	3.214000	-0.785000	6.164000	2.316000	7.510000	4.241000	3.393000	2.878000
21		5.768000	4.361000	0.333000	2.787000	1.055000	10.984000	4.441000	5.476000	4.481000	4.827000	2.616000	7.044000	2.841000	3.609000	8.453000	4.622000	1.185000	1.477000	1.593000	4.853000
22		1.359000	0.355000	-0.519000	-0.895000	-0.963000	9.673000	1.258000	-0.272000	0.500000	0.398000	-0.345000	0.462000	1.347000	0.751000	1.471000	-0.428000	-1.465000	-1.075000	-0.629000	0.587000
23		4.964000	2.509000	0.352000	1.389000	0.636000	12.101000	3.035000	2.992000	4.486000	3.262000	1.051000	3.310000	4.470000	2.554000	5.335000	2.614000	-1.198000	0.537000	0.932000	2.884000
24		7.618000	5.128000	3.948000	2.574000	-0.027000	17.012000	8.162000	6.284000	7.091000	5.368000	3.704000	7.222000	7.458000	5.673000	7.077000	4.071000	3.085000	2.380000	1.737000	4.708000
25		1.393000	0.319000	-0.549000	0.433000	-0.299000	8.181000	2.187000	0.166000	1.154000	0.925000	0.171000	0.296000	-2.011000	-0.749000	0.330000	0.302000	-2.550000	-1.369000	-0.058000	-1.035000
26		1.464000	0.529000	-0.473000	1.225000	0.505000	8.342000	0.962000	0.468000	0.857000	0.917000	-0.441000	0.012000	1.050000	-0.192000	1.494000	-0.250000	-0.861000	-0.041000	0.342000	0.469000
27		0.272000	1.718000	1.257000	3.318000	3.806000	15.263000	1.500000	3.863000	2.035000	1.469000	1.730000	0.612000	1.632000	0.550000	1.890000	0.022000	1.370000	0.652000	1.307000	0.571000
28		-0.333000	10.734000	9.982000	31.766000	27.433000	105.358000	15.490000	10.196000	9.420000	13.184000	15.191000	17.559000	16.192000	12.094000	12.781000	9.776000	5.444000	9.177000	9.482000	10.918000
29		2.506000	2.324000	2.397000	3.015000	3.400000	0.017000	3.183000	2.112000	1.826000	2.708000	2.589000	2.305000	2.761000	2.504000	2.601000	2.777000	2.353000	2.494000	3.371000	3.305000
30		7.738000	6.615000	3.011000	5.740000	6.203000	5.622000	8.411000	6.819000	7.659000	6.124000	3.381000	9.194000	8.796000	5.437000	8.937000	5.728000	-0.892000	0.063000	-1.688000	3.181000
31		3.840000	2.580000	1.385000	2.012000	1.764000	-0.054000	3.692000	2.555000	3.012000	2.731000	2.282000	2.636000	3.166000	2.083000	3.708000	2.427000	2.478000	1.649000	1.614000	2.591000
32		5.164000	4.123000	2.764000	3.171000	3.298000	16.032000	4.790000	4.175000	4.952000	3.715000	3.632000	4.509000	4.439000	2.761000	6.754000	3.689000	1.113000	-0.082000	-0.365000	3.137000
33		0.715000	0.152000	0.196000	0.944000	1.335000	-0.832000	0.802000	-0.186000	-0.149000	0.611000	0.865000	0.266000	0.360000	0.511000	0.302000	0.017000	1.744000	0.668000	1.961000	0.842000
34		-1.005000	-1.642000	-2.387000	-1.405000	-1.359000	-1.036000	-0.070000	-1.258000	-1.415000	-1.367000	-1.169000	-1.484000	-2.143000	-2.217000	-0.960000	-0.951000	-3.596000	-2.088000	-1.571000	-2.565000
35		2.131000	-0.693000	0.558000	-1.234000	-1.610000	7.277000	6.594000	2.204000	1.613000	-0.316000	-3.127000	5.263000	1.931000	-0.183000	-0.017000	-1.031000	-1.281000	4.381000	3.228000	2.680000
36		0.390000	3.439000	3.445000	6.969000	9.695000	64.601000	4.894000	6.902000	5.567000	5.343000	3.102000	5.921000	6.778000	6.353000	5.177000	1.767000	11.305000	10.410000	11.326000	9.321000
37		1.376000	0.497000	-1.216000	-0.051000	0.336000	3.628000	2.232000	-1.432000	-0.824000	1.089000	-0.350000	0.754000	-0.833000	-0.849000	2.062000	1.268000	-2.942000	0.612000	0.409000	1.237000
38		3.281000	2.697000	2.333000	0.066000	-0.223000	-0.729000	2.134000	1.203000	3.257000	2.606000	1.930000	1.313000	4.247000	3.485000	4.189000	3.498000	2.379000	1.989000	1.994000	2.760000
39		11.608000	10.254000	5.477000	9.702000	12.866000	17.232000	11.296000	9.409000	10.163000	9.580000	6.892000	11.565000	9.778000	8.989000	10.080000	7.595000	1.596000	0.738000	-0.009000	4.377000
40		2.727000	1.791000	1.117000	2.401000	2.527000	-0.976000	3.187000	2.041000	2.279000	2.186000	1.250000	2.126000	0.004000	1.633000	1.195000	1.753000	-0.546000	0.804000	0.944000	1.843000
41		5.669000	5.029000	3.544000	4.472000	6.475000	70.891000	7.922000	5.832000	6.868000	5.557000	5.448000	12.053000	10.809000	5.861000	5.690000	-0.035000	8.782000	9.940000	8.187000	2.621000
42		2.123000	1.487000	1.205000	1.813000	1.894000	2.302000	-0.023000	1.467000	1.240000	2.132000	1.573000	1.803000	2.927000	0.799000	3.062000	0.701000	2.836000	2.493000	2.842000	2.475000
43		1.948000	1.390000	1.071000	1.855000	2.391000	2.376000	3.460000	1.727000	1.861000	1.758000	1.179000	2.043000	0.020000	0.089000	1.899000	0.957000	0.182000	1.436000	1.744000	1.126000
44		-1.535000	-0.354000	-1.887000	0.315000	1.109000	60.027000	0.399000	1.133000	0.020000	-0.434000	-0.445000	-0.340000	-1.382000	-1.247000	-0.004000	-2.301000	-0.294000	-1.708000	-2.652000	-1.896000
45		2.802000	0.933000	-0.822000	-0.038000	-1.001000	0.878000	-0.302000	1.770000	2.581000	1.742000	-0.002000	-0.159000	2.040000	0.547000	2.980000	0.577000	-1.713000	-0.828000	-0.823000	0.693000
46		10.517000	8.472000	0.351000	7.629000	4.390000	12.328000	15.174000	7.456000	10.229000	8.019000	5.639000	13.242000	9.848000	6.187000	11.634000	7.113000	12.331000	7.902000	4.327000	6.376000
47		4.483000	2.680000	3.474000	3.059000	3.322000	-0.012000	5.431000	2.966000	3.968000	2.913000	3.706000	3.708000	3.460000	2.397000	4.195000	3.488000	1.632000	3.959000	1.799000	4.510000
48		1.727000	0.936000	0.131000	-0.583000	-0.495000	-1.816000	1.006000	0.543000	0.616000	0.527000	0.952000	-0.068000	0.547000	-1.562000	0.713000	0.481000	-0.776000	0.082000	0.535000	0.819000
49		-0.221000	-0.215000	1.778000	-0.188000	3.735000	5.077000	-0.869000	0.220000	1.854000	0.106000	-0.075000	-0.384000	1.350000	-1.203000	3.975000	-0.163000	-2.522000	-3.120000	-2.926000	-1.809000
50		-0.007000	-0.110000	-0.645000	-0.207000	-0.363000	-0.524000	1.049000	-0.957000	-0.570000	0.391000	0.547000	-0.605000	0.673000	0.940000	0.579000	-0.367000	-1.584000	-1.793000	-1.942000	-1.805000
51		0.222000	-0.475000	-0.722000	-0.912000	-0.655000	-1.873000	0.294000	-1.072000	-0.553000	-0.671000	-0.227000	-0.836000	-0.663000	0.658000	0.338000	-0.081000	-0.226000	-1.404000	-1.034000	0.868000
52		-0.019000	3.778000	4.382000	5.862000	5.918000	104.463000	4.367000	5.315000	3.391000	3.372000	3.716000	2.950000	4.032000	3.309000	3.947000	2.498000	4.613000	3.514000	3.683000	3.005000
53		7.538000	5.283000	7.468000	4.295000	5.079000	10.632000	8.517000	5.610000	6.962000	7.135000	5.188000	8.244000	7.156000	6.372000	8.937000	7.162000	2.888000	-0.029000	0.409000	4.443000
54		11.893000	8.935000	3.259000	9.489000	9.302000	14.133000	9.602000	8.650000	10.774000	8.888000	6.176000	11.053000	12.199000	8.425000	12.883000	8.237000	-3.753000	0.005000	-1.507000	4.733000
55		4.462000	2.189000	-0.258000	1.352000	0.859000	8.368000	1.365000	2.420000	3.718000	2.031000	0.958000	0.999000	3.248000	1.050000	5.748000	2.965000	-2.250000	-1.758000	-2.203000	-0.005000
56		-0.118000	-2.502000	1.240000	-2.149000	-0.993000	2.343000	3.509000	-2.788000	-1.981000	-0.441000	-2.431000	2.344000	0.010000	-3.289000	3.121000	0.383000	-4.163000	-3.357000	-3.961000	3.201000
57		11.859000	9.170000	6.777000	6.062000	6.838000	17.910000	10.706000	9.289000	11.384000	9.428000	7.777000	12.222000	12.917000	8.588000	13.206000	9.391000	3.284000	0.559000	-0.006000	5.073000
58		2.066000	0.039000	-1.131000	-2.165000	-3.385000	5.344000	2.705000	-0.321000	1.387000	-0.113000	-1.383000	3.428000	1.903000	-0.411000	2.830000	-0.222000	-3.659000	-3.240000	-3.487000	-0.993000
59		5.045000	2.287000	8.952000	-0.018000	4.255000	5.145000	11.097000	3.293000	4.321000	5.207000	6.923000	10.534000	6.819000	8.105000	8.469000	6.409000	16.158000	17.414000	14.198000	11.582000
60		2.526000	0.832000	0.083000	-0.014000	0.005000	-2.883000	0.950000	1.376000	1.574000	1.488000	0.857000	0.631000	1.937000	-0.197000	3.787000	2.617000	-1.064000	-1.633000	-1.211000	0.019000
61		1.023000	-0.968000	-1.782000	-2.622000	-1.081000	-1.212000	0.321000	-0.228000	-0.405000	-1.622000	-2.510000	-0.940000	0.236000	-0.472000	-1.279000	-2.582000	-3.378000	-3.131000	-2.885000	-1.306000
62		1.117000	0.751000	-0.708000	1.232000	2.063000	0.018000	1.826000	-0.037000	0.264000	1.250000	0.189000	2.038000	-2.110000	-0.438000	0.537000	0.489000	-0.324000	1.575000	1.616000	0.344000
63		0.043000	-0.229000	-0.538000	0.370000	0.126000	-0.371000	0.558000	-0.437000	-0.443000	-0.302000	-0.394000	-0.499000	0.031000	-0.618000	-0.060000	-1.007000	-0.616000	-0.951000	-0.641000	-0.295000
64		1.250000	0.064000	-0.901000	-0.880000	-0.070000	0.580000	-0.145000	-0.643000	-0.059000	-0.002000	-0.135000	0.312000	1.271000	-0.604000	2.243000	0.406000	0.640000	-0.299000	0.169000	-0.025000
65		0.701000	0.603000	0.222000	0.940000	1.244000	-0.165000	0.974000	-0.255000	0.297000	0.516000	0.616000	0.150000	0.356000	0.276000	0.363000	0.328000	0.757000	0.928000	1.366000	1.045000
66		-0.251000	0.603000	-0.118000	-0.538000	-0.521000	3.145000	0.840000	0.031000	0.419000	0.430000	0.478000	0.250000	1.090000	-0.231000	-0.247000	-0.235000	1.286000	-0.014000	-0.079000	0.753000
67		-1.004000	-1.992000	-2.205000	-2.592000	-2.526000	0.862000	0.014000	-2.151000	-1.170000	-1.585000	-2.618000	-1.377000	-2.172000	-2.724000	-1.189000	-1.947000	-3.288000	-1.396000	-1.263000	-1.043000
68		0.047000	3.647000	10.013000	13.093000	11.524000	94.904000	10.280000	9.497000	1.863000	5.911000	8.195000	10.314000	5.066000	10.330000	8.616000	7.319000	8.338000	8.063000	11.450000	6.084000
69		2.459000	1.841000	0.837000	1.819000	1.662000	0.884000	2.228000	0.074000	0.806000	1.411000	1.624000	0.946000	2.338000	1.275000	1.984000	0.602000	1.929000	0.667000	1.039000	0.730000
70		1.869000	-0.683000	-3.256000	0.522000	-0.207000	3.589000	0.279000	2.551000	1.274000	-0.367000	-1.808000	-0.269000	-0.651000	-2.423000	1.157000	-1.514000	-7.163000	-2.821000	-3.569000	-1.603000
71		2.088000	-0.463000	-0.846000	-2.000000	0.691000	10.776000	-0.086000	-0.267000	1.306000	-0.555000	-2.726000	-0.423000	3.748000	-1.718000	5.125000	-0.614000	-8.650000	-7.021000	-8.433000	-5.584000
72		6.104000	2.995000	-1.095000	-0.123000	-2.328000	16.517000	8.269000	2.301000	3.956000	3.530000	1.715000	9.612000	8.305000	4.373000	8.548000	4.455000	6.882000	5.953000	3.237000	3.217000
73		9.658000	6.054000	5.569000	0.101000	2.019000	9.052000	19.675000	4.565000	7.418000	5.521000	8.606000	18.018000	12.027000	7.986000	10.707000	7.748000	14.475000	10.564000	7.306000	6.447000
74		1.379000	-0.970000	-2.209000	-1.918000	-2.616000	3.682000	2.154000	-0.482000	-0.242000	0.161000	-1.537000	0.495000	1.378000	-0.748000	4.958000	1.943000	-2.745000	-2.629000	-2.504000	-0.440000
75		-0.279000	0.771000	4.457000	6.676000	6.888000	10.250000	8.056000	3.630000	2.694000	2.485000	5.502000	8.889000	3.674000	5.234000	7.898000	4.144000	2.243000	6.297000	2.133000	3.775000
76		-0.067000	-1.689000	-2.554000	-1.422000	0.001000	-0.795000	-0.841000	-0.778000	0.178000	-0.118000	-1.933000	-2.157000	-0.271000	-1.543000	2.177000	-0.102000	-0.076000	-1.926000	-1.549000	-0.590000
77		-0.024000	0.231000	-0.235000	1.804000	1.770000	2.413000	1.102000	0.894000	-0.309000	-0.055000	-0.164000	0.288000	0.597000	-0.475000	1.003000	-1.406000	1.313000	-0.013000	0.554000	0.383000
78		-0.368000	3.893000	3.471000	6.417000	6.517000	65.111000	4.341000	5.704000	3.965000	3.552000	2.658000	2.783000	3.880000	3.099000	2.813000	1.887000	3.567000	2.508000	3.451000	2.918000
79		1.827000	-0.049000	-0.966000	0.496000	-0.967000	4.812000	0.508000	1.459000	1.307000	0.518000	0.315000	-0.332000	-0.319000	-0.945000	2.069000	0.999000	-2.796000	-0.818000	-1.120000	1.060000
80		2.970000	0.361000	-2.414000	1.092000	0.890000	2.259000	3.444000	1.759000	2.039000	0.872000	-1.708000	1.895000	2.819000	-0.059000	4.712000	1.101000	-3.618000	-3.274000	-3.174000	-1.069000
81		12.127000	8.840000	7.987000	6.367000	6.509000	18.801000	10.221000	8.298000	10.671000	8.593000	7.425000	10.539000	11.607000	7.600000	12.628000	8.698000	1.079000	-0.070000	0.148000	4.803000
82		12.287000	9.447000	6.617000	8.472000	7.948000	19.135000	13.557000	10.770000	10.452000	9.819000	6.461000	12.354000	13.060000	8.117000	14.628000	10.995000	0.004000	2.231000	1.470000	6.627000
83		4.793000	1.331000	8.892000	8.931000	7.666000	7.798000	20.459000	3.060000	0.017000	5.842000	8.037000	22.609000	13.933000	15.126000	9.672000	9.825000	20.295000	17.934000	15.233000	11.750000
84		4.387000	3.406000	4.610000	4.505000	4.422000	-0.017000	5.255000	5.567000	3.489000	4.018000	4.456000	4.242000	6.235000	4.703000	6.408000	5.095000	2.136000	3.178000	3.356000	3.463000
85		1.677000	0.523000	-0.725000	-0.328000	1.434000	12.936000	0.991000	1.020000	1.587000	0.321000	-0.138000	-0.011000	0.945000	0.354000	-0.233000	0.269000	-0.002000	-0.286000	-0.809000	-0.472000
86		0.822000	0.391000	0.487000	2.316000	2.870000	8.761000	1.248000	2.255000	1.624000	0.820000	0.691000	0.666000	0.772000	0.667000	0.530000	-1.532000	-0.033000	-0.442000	0.125000	0.068000
87		3.767000	5.242000	2.641000	6.098000	5.050000	104.046000	6.662000	6.083000	5.698000	4.341000	4.669000	5.285000	8.007000	4.980000	7.089000	2.460000	2.472000	-0.044000	1.279000	-0.224000
88		0.779000	0.084000	0.347000	0.674000	0.138000	15.379000	0.979000	0.682000	1.283000	0.543000	0.682000	0.163000	1.404000	0.341000	1.968000	0.150000	0.942000	0.828000	1.359000	1.446000
89		1.766000	0.896000	0.458000	0.881000	0.757000	8.206000	1.466000	-0.076000	0.533000	0.544000	0.219000	0.835000	2.221000	0.625000	3.282000	-0.460000	2.399000	1.075000	1.479000	-0.091000
90		12.364000	9.405000	8.399000	8.743000	8.753000	10.532000	16.610000	9.584000	12.013000	10.436000	7.897000	15.050000	13.532000	9.625000	14.713000	10.275000	3.418000	4.274000	0.024000	6.248000
91		3.539000	1.233000	-1.040000	-0.050000	-0.220000	8.206000	1.378000	2.217000	2.410000	0.799000	-1.054000	0.206000	2.075000	-0.019000	3.734000	1.066000	-2.890000	-3.592000	-3.733000	-0.864000
92		1.473000	-0.835000	-3.063000	-2.898000	-3.537000	0.118000	-0.197000	-0.759000	-0.161000	-1.221000	-0.927000	-1.503000	-0.337000	-1.641000	2.130000	-0.638000	-4.364000	-4.903000	-4.594000	-2.166000
93		10.197000	7.382000	7.399000	2.475000	0.062000	10.042000	12.782000	6.997000	8.761000	7.263000	4.381000	12.739000	10.934000	7.053000	11.876000	7.447000	8.076000	13.664000	12.497000	7.307000
94		3.952000	2.155000	1.147000	-0.298000	-0.682000	11.863000	3.209000	2.272000	2.516000	1.739000	1.578000	1.874000	2.206000	0.124000	-0.317000	-0.252000	3.153000	2.394000	2.738000	2.452000
95		2.803000	2.320000	0.768000	2.352000	2.314000	0.012000	2.862000	1.885000	2.514000	2.989000	1.769000	3.781000	3.972000	2.057000	4.583000	1.046000	1.937000	2.652000	0.932000	1.577000
96		1.353000	1.563000	0.894000	3.084000	3.710000	13.837000	-0.002000	0.542000	0.397000	1.142000	1.180000	0.979000	1.778000	0.777000	1.671000	0.145000	1.653000	0.313000	0.649000	0.752000
97		NA	NA	NA	NA	NA	NA	NA	NA	NA	NA	NA	NA	NA	NA	NA	NA	NA	NA	NA	NA
