SITE	GLY	ALA	LEU	VAL	ILE	PRO	ARG	THR	SER	CYS	MET	LYS	GLU	GLN	ASP	ASN	TRP	TYR	PHE	HIS
1		0.453000	-1.794000	2.968000	-1.454000	2.509000	-1.613000	3.175000	-1.835000	-0.395000	0.765000	1.923000	1.780000	3.563000	1.801000	1.711000	0.339000	1.412000	0.878000	-0.110000	0.579000
2		1.085000	0.089000	-0.580000	0.011000	0.788000	-0.150000	1.701000	0.490000	1.054000	0.583000	-0.055000	1.073000	1.288000	0.649000	1.469000	0.245000	-1.592000	0.077000	0.079000	-0.318000
3		1.301000	-0.264000	1.737000	-0.552000	0.363000	-1.123000	1.027000	1.350000	1.712000	0.475000	2.644000	-0.014000	0.780000	0.536000	1.377000	0.224000	0.001000	1.857000	2.115000	1.436000
4		2.208000	-0.682000	-2.788000	3.723000	2.737000	3.399000	0.116000	0.733000	1.835000	0.488000	-0.732000	4.354000	2.357000	-0.105000	4.516000	1.305000	-0.170000	-2.045000	-1.087000	-0.702000
5		5.652000	3.695000	2.382000	5.606000	3.836000	10.349000	6.783000	5.941000	4.939000	4.352000	2.878000	6.038000	6.252000	2.715000	9.504000	4.522000	-1.793000	0.060000	-0.460000	3.002000
6		2.897000	-1.038000	-3.209000	-2.791000	-3.276000	6.757000	0.798000	0.047000	1.891000	-0.955000	-1.827000	0.211000	0.036000	-1.062000	3.307000	-1.399000	-2.842000	-2.175000	-3.170000	-0.802000
7		-0.533000	-0.358000	1.967000	3.021000	1.207000	6.939000	4.340000	2.839000	1.950000	2.215000	0.342000	2.073000	1.541000	1.173000	3.559000	1.196000	3.476000	1.475000	2.255000	-1.326000
8		4.275000	1.757000	-0.972000	4.871000	2.527000	11.683000	17.482000	3.745000	3.993000	2.714000	-0.705000	6.404000	6.260000	0.472000	6.971000	2.991000	9.125000	5.481000	1.542000	1.491000
9		8.764000	6.904000	3.656000	0.744000	0.290000	16.390000	9.439000	5.211000	8.640000	7.988000	4.034000	8.614000	10.808000	5.120000	10.025000	7.219000	5.410000	7.472000	7.180000	10.058000
10		2.863000	0.366000	0.684000	0.354000	-0.551000	7.776000	1.390000	1.537000	1.835000	1.109000	0.020000	0.398000	2.047000	-0.738000	5.007000	1.853000	-0.894000	-1.436000	0.108000	0.345000
11		NA	NA	NA	NA	NA	NA	NA	NA	NA	NA	NA	NA	NA	NA	NA	NA	NA	NA	NA	NA
12		2.427000	-1.031000	-0.432000	-1.902000	2.228000	13.038000	-0.004000	1.358000	1.974000	0.498000	-2.733000	-0.136000	3.673000	-1.131000	3.709000	1.195000	-2.977000	-4.331000	-3.317000	0.065000
13		5.993000	3.429000	1.357000	2.870000	0.197000	30.598000	6.272000	2.952000	5.845000	4.353000	1.506000	5.847000	4.773000	2.557000	3.169000	2.239000	1.705000	3.488000	2.817000	3.067000
14		3.087000	0.919000	3.058000	1.680000	3.529000	-0.219000	2.599000	1.367000	1.820000	2.038000	2.428000	1.650000	3.225000	2.470000	5.290000	2.146000	2.116000	2.205000	2.366000	0.640000
15		0.709000	0.956000	-0.444000	-0.108000	0.698000	2.512000	0.902000	-0.040000	-0.160000	0.676000	0.085000	-0.140000	0.652000	0.107000	0.545000	-0.317000	-1.316000	0.876000	0.919000	0.723000
16		2.217000	-0.409000	0.437000	0.899000	3.206000	14.859000	2.746000	2.615000	0.578000	1.185000	1.039000	1.715000	4.231000	0.725000	3.676000	3.425000	2.028000	0.567000	-0.651000	0.326000
17		0.954000	0.068000	-0.718000	-2.068000	-2.588000	3.708000	-0.510000	0.068000	-0.385000	-1.157000	-0.648000	-0.586000	-0.283000	-0.049000	-0.540000	-1.729000	-2.484000	-2.339000	-2.242000	-0.923000
18		4.795000	1.665000	10.435000	3.154000	6.180000	-0.138000	12.266000	5.842000	2.850000	6.189000	6.948000	7.084000	10.313000	4.436000	11.294000	6.044000	1.165000	2.209000	1.158000	5.415000
19		1.128000	-0.088000	-0.102000	0.228000	1.874000	0.082000	0.500000	0.355000	-0.882000	0.312000	0.593000	-0.908000	1.413000	0.668000	0.310000	-1.190000	-1.152000	1.857000	1.693000	0.189000
20		2.261000	2.634000	-0.480000	2.013000	1.505000	5.335000	1.455000	1.146000	1.938000	1.386000	1.978000	-0.008000	0.880000	0.837000	2.303000	0.003000	0.954000	0.302000	0.856000	0.390000
21		3.831000	1.352000	-0.105000	-1.321000	0.016000	16.813000	3.992000	1.051000	2.841000	1.143000	0.311000	1.547000	2.810000	1.093000	0.816000	1.444000	-1.690000	0.562000	0.348000	-1.217000
22		11.275000	10.106000	6.007000	6.872000	4.466000	15.086000	13.790000	7.773000	9.395000	9.704000	6.029000	10.919000	11.487000	7.598000	12.714000	8.607000	5.414000	1.627000	-0.696000	4.499000
23		0.350000	-0.375000	-2.672000	-1.695000	-2.153000	1.177000	1.452000	-1.515000	-0.730000	-0.764000	-2.140000	-0.027000	0.073000	-3.499000	1.478000	-0.924000	-4.315000	-3.147000	-1.900000	-0.864000
24		0.169000	1.655000	1.564000	2.178000	2.319000	19.658000	1.165000	4.196000	2.818000	1.223000	0.640000	0.679000	0.940000	1.809000	2.303000	-0.299000	-0.547000	0.396000	0.441000	-0.222000
25		13.363000	11.047000	8.499000	6.268000	10.522000	25.913000	14.141000	10.250000	12.361000	10.349000	9.365000	15.629000	14.742000	11.853000	15.505000	11.654000	5.209000	1.044000	2.831000	7.384000
26		0.520000	8.488000	25.419000	24.566000	34.051000	120.152000	31.904000	18.231000	12.539000	16.618000	23.798000	31.797000	24.216000	20.687000	24.481000	19.379000	24.156000	24.759000	22.730000	25.431000
27		NA	NA	NA	NA	NA	NA	NA	NA	NA	NA	NA	NA	NA	NA	NA	NA	NA	NA	NA	NA
28		10.051000	7.582000	14.624000	11.539000	13.077000	17.088000	9.260000	7.826000	9.861000	10.061000	7.915000	10.925000	11.742000	9.688000	11.481000	8.458000	1.293000	0.165000	0.486000	3.960000
29		NA	NA	NA	NA	NA	NA	NA	NA	NA	NA	NA	NA	NA	NA	NA	NA	NA	NA	NA	NA
30		-0.552000	1.758000	4.030000	4.550000	7.390000	205.537000	3.584000	2.342000	1.758000	4.154000	4.599000	4.196000	4.862000	1.809000	6.326000	4.322000	2.510000	4.917000	3.855000	4.468000
31		0.535000	0.234000	-0.121000	0.465000	0.767000	-0.536000	0.849000	-0.273000	0.647000	1.012000	0.385000	0.320000	0.112000	0.057000	0.962000	0.484000	-2.393000	0.079000	1.099000	1.637000
32		0.664000	4.591000	3.581000	6.819000	7.864000	104.847000	6.150000	6.053000	1.963000	5.161000	3.402000	4.018000	4.323000	6.466000	4.770000	4.552000	6.231000	6.923000	6.690000	5.522000
33		0.264000	7.307000	9.008000	14.376000	16.646000	119.937000	12.381000	11.655000	8.797000	6.551000	8.297000	9.509000	9.664000	12.356000	28.447000	7.434000	8.232000	13.272000	9.876000	10.122000
34		1.160000	0.647000	0.400000	0.759000	0.613000	7.377000	1.830000	0.046000	0.352000	-0.105000	-0.085000	1.190000	2.081000	-1.479000	1.862000	2.077000	-1.516000	1.571000	-1.826000	-1.357000
35		0.472000	10.520000	24.247000	27.404000	20.530000	115.135000	14.303000	17.535000	5.189000	10.219000	28.336000	21.120000	34.549000	14.391000	12.872000	12.558000	11.431000	9.893000	17.425000	12.427000
36		1.960000	0.006000	-0.148000	0.325000	-0.684000	-0.653000	1.519000	-0.674000	0.123000	-0.326000	0.070000	0.346000	-0.215000	-0.168000	0.160000	-0.122000	-0.711000	-0.962000	0.093000	1.229000
37		6.845000	3.528000	17.563000	7.747000	8.926000	0.461000	15.413000	8.346000	5.618000	7.289000	9.594000	15.176000	7.008000	7.625000	13.586000	9.391000	5.249000	3.947000	21.376000	18.155000
38		2.258000	1.099000	4.906000	0.220000	0.393000	6.428000	2.553000	0.661000	1.805000	2.809000	0.482000	2.381000	2.250000	-0.299000	5.785000	2.537000	1.828000	4.723000	3.288000	3.475000
39		2.322000	1.512000	5.121000	4.001000	2.660000	29.402000	4.415000	1.747000	1.388000	2.181000	3.547000	8.620000	5.200000	3.233000	0.047000	0.585000	0.783000	0.917000	0.094000	2.179000
40		1.498000	0.474000	-1.167000	0.925000	0.519000	7.097000	1.681000	1.148000	0.448000	1.472000	0.323000	-0.068000	-0.958000	-0.151000	-0.184000	-1.055000	1.614000	0.015000	0.278000	-0.255000
41		7.710000	4.733000	2.185000	4.999000	5.785000	7.854000	9.124000	7.223000	7.019000	6.219000	3.392000	9.846000	8.267000	4.569000	9.657000	7.611000	4.230000	4.774000	1.962000	5.306000
42		4.005000	-0.071000	15.627000	2.569000	8.950000	7.293000	28.871000	-0.044000	1.235000	5.086000	9.681000	19.994000	13.175000	9.229000	0.676000	5.894000	26.975000	25.840000	20.464000	16.077000
43		1.990000	0.191000	0.603000	0.629000	-0.289000	14.204000	-0.327000	1.311000	2.038000	1.063000	0.134000	-0.910000	1.943000	0.576000	4.601000	1.450000	0.014000	0.660000	-0.442000	2.611000
44		NA	NA	NA	NA	NA	NA	NA	NA	NA	NA	NA	NA	NA	NA	NA	NA	NA	NA	NA	NA
45		NA	NA	NA	NA	NA	NA	NA	NA	NA	NA	NA	NA	NA	NA	NA	NA	NA	NA	NA	NA
46		2.440000	-0.185000	0.569000	1.988000	5.428000	20.321000	1.116000	1.868000	2.528000	2.066000	-0.962000	-0.093000	1.708000	0.368000	5.309000	2.219000	-0.162000	0.896000	0.605000	0.753000
47		0.799000	-0.802000	-1.050000	0.103000	-0.938000	12.706000	0.572000	0.081000	0.808000	0.168000	-1.048000	0.797000	0.691000	-0.662000	1.570000	0.345000	-3.621000	-2.371000	-1.667000	0.337000
48		3.542000	1.821000	-1.736000	5.115000	3.948000	17.563000	-0.065000	2.798000	3.163000	2.212000	-0.230000	3.165000	3.866000	1.671000	7.345000	2.400000	-6.303000	-2.858000	-3.166000	0.242000
49		-1.335000	-2.574000	-4.355000	-4.244000	-3.704000	14.359000	-0.834000	-1.794000	-1.386000	-2.855000	-4.471000	-1.835000	0.368000	-3.257000	1.615000	-2.855000	-4.564000	-4.882000	-3.926000	-4.303000
50		1.899000	0.458000	-0.263000	1.313000	0.136000	16.020000	1.348000	0.561000	1.414000	1.391000	-0.159000	2.048000	1.109000	-0.021000	1.986000	0.140000	-0.764000	-0.202000	-0.464000	1.329000
51		NA	NA	NA	NA	NA	NA	NA	NA	NA	NA	NA	NA	NA	NA	NA	NA	NA	NA	NA	NA
52		7.989000	5.853000	5.062000	4.489000	5.313000	16.863000	9.112000	6.472000	7.124000	5.639000	4.527000	7.221000	6.771000	5.648000	9.332000	5.555000	0.878000	-1.178000	-1.315000	5.925000
53		1.716000	0.183000	0.511000	-0.531000	-0.254000	9.987000	3.401000	1.081000	1.717000	1.020000	0.466000	0.776000	1.587000	-0.020000	2.995000	0.110000	0.181000	0.553000	0.925000	2.142000
54		1.654000	0.363000	-1.080000	0.043000	-0.624000	13.022000	1.225000	0.447000	2.290000	1.229000	0.613000	0.046000	1.367000	0.510000	2.186000	0.792000	-1.359000	0.787000	0.672000	1.473000
55		3.097000	0.994000	8.758000	3.392000	5.534000	16.753000	11.874000	5.433000	3.703000	4.011000	9.356000	12.465000	12.909000	8.175000	9.855000	6.157000	17.678000	10.598000	11.677000	10.605000
56		2.221000	-0.125000	-1.136000	1.149000	1.045000	11.828000	1.697000	-0.374000	-0.411000	0.871000	0.006000	0.598000	1.097000	-0.341000	2.989000	0.092000	1.322000	1.681000	1.868000	1.942000
57		1.733000	1.663000	0.312000	3.404000	2.413000	12.992000	2.128000	0.198000	0.731000	1.559000	1.599000	1.265000	1.816000	-0.412000	2.233000	0.528000	-0.338000	0.981000	0.126000	0.519000
58		5.206000	2.274000	-0.017000	1.623000	0.728000	14.949000	3.652000	2.802000	3.683000	3.635000	1.456000	2.700000	3.247000	1.425000	5.507000	3.466000	1.674000	2.230000	2.044000	2.463000
59		0.306000	-0.550000	0.067000	0.475000	-0.600000	-1.486000	0.155000	0.021000	0.857000	-0.263000	-0.258000	-0.026000	-0.205000	0.300000	0.176000	-0.733000	-1.405000	-0.853000	-1.003000	-0.398000
60		0.288000	-2.578000	0.450000	-2.880000	-3.477000	-2.956000	0.202000	-1.846000	-1.194000	-0.943000	-1.182000	-1.927000	-0.249000	-2.083000	-0.456000	0.056000	-3.202000	-2.231000	-2.386000	-1.252000
61		NA	NA	NA	NA	NA	NA	NA	NA	NA	NA	NA	NA	NA	NA	NA	NA	NA	NA	NA	NA
62		2.887000	-0.101000	-1.130000	-0.228000	-1.219000	8.859000	-0.275000	1.299000	1.264000	-0.318000	-0.714000	-0.300000	0.358000	-1.314000	3.692000	0.614000	0.687000	-0.415000	0.139000	0.452000
63		0.473000	-1.305000	-0.533000	-0.135000	-1.324000	6.124000	-0.157000	0.477000	0.327000	0.275000	-0.528000	-0.906000	0.146000	-0.603000	0.375000	-0.985000	0.711000	0.826000	0.652000	1.440000
64		3.298000	1.043000	-0.424000	2.195000	2.402000	3.658000	2.257000	2.605000	1.909000	2.521000	1.301000	1.547000	1.691000	1.023000	3.611000	0.838000	1.999000	-0.041000	0.336000	1.293000
65		-1.685000	-0.345000	-0.253000	0.572000	2.285000	8.275000	-0.792000	1.104000	-0.473000	-0.759000	0.119000	-1.601000	-0.421000	-2.651000	0.213000	-2.154000	-1.950000	-1.491000	-1.413000	-1.232000
66		-0.826000	-2.700000	-4.017000	-4.286000	-5.392000	8.905000	0.302000	-2.179000	-3.142000	-2.849000	-4.037000	-0.428000	-0.164000	-3.820000	0.421000	-2.684000	-3.142000	-2.966000	-4.052000	-2.958000
67		2.259000	0.971000	-2.505000	-1.608000	-1.549000	2.619000	-0.048000	-0.102000	1.647000	0.035000	0.016000	-0.348000	-0.723000	-0.290000	0.494000	-0.323000	0.587000	0.005000	0.138000	0.863000
68		7.085000	3.654000	12.125000	3.922000	10.054000	-1.083000	13.373000	3.793000	4.704000	5.880000	8.164000	14.340000	6.475000	6.874000	9.936000	8.362000	6.042000	4.786000	5.491000	7.583000
69		1.723000	1.192000	1.555000	2.226000	1.930000	4.868000	1.781000	0.636000	-0.297000	0.715000	-0.024000	1.992000	2.598000	0.993000	2.526000	0.972000	-3.728000	-1.231000	0.042000	1.099000
70		0.374000	0.469000	-0.784000	0.788000	0.288000	11.149000	0.922000	-0.860000	0.317000	-0.069000	-0.513000	-0.391000	1.115000	-0.294000	0.987000	-0.591000	-0.432000	-1.046000	-0.752000	-0.807000
71		2.047000	-0.162000	0.231000	-0.362000	0.735000	11.166000	8.692000	-0.043000	2.282000	1.126000	-1.408000	6.282000	4.469000	-1.564000	4.068000	-0.524000	11.690000	11.798000	11.471000	3.512000
72		-1.402000	0.010000	-0.064000	1.503000	1.206000	-3.648000	0.782000	-0.323000	0.287000	-0.367000	-0.627000	-1.314000	-0.668000	-1.420000	-1.111000	-0.869000	0.918000	-2.345000	-1.106000	-1.019000
73		10.873000	8.422000	8.876000	8.285000	8.639000	9.935000	20.133000	10.757000	10.141000	8.189000	8.479000	17.331000	12.528000	9.748000	12.881000	8.503000	9.251000	0.851000	2.054000	4.224000
74		-0.197000	-1.264000	-2.333000	-1.590000	-1.885000	6.223000	-0.850000	-1.418000	-0.708000	-2.033000	-2.502000	-3.292000	-0.236000	-3.239000	1.761000	-1.221000	-2.055000	-1.899000	-2.508000	-1.048000
75		6.027000	3.924000	4.318000	4.356000	8.208000	10.308000	8.504000	5.096000	6.163000	5.517000	3.584000	9.342000	10.198000	6.437000	9.593000	5.981000	-1.115000	-0.020000	-1.068000	3.980000
76		-0.127000	-0.821000	-1.213000	-0.515000	-0.658000	9.987000	-0.349000	-1.325000	0.280000	-0.960000	-0.175000	-0.560000	0.021000	-0.766000	0.582000	-0.353000	-0.674000	-2.913000	-2.584000	-1.844000
77		NA	NA	NA	NA	NA	NA	NA	NA	NA	NA	NA	NA	NA	NA	NA	NA	NA	NA	NA	NA
78		1.090000	-0.442000	-1.185000	-0.842000	-1.281000	4.215000	0.137000	-0.367000	-0.395000	-1.809000	0.382000	-0.028000	0.135000	-0.287000	2.245000	-0.400000	-2.408000	-1.458000	-1.605000	1.100000
79		0.044000	1.635000	1.998000	4.583000	4.324000	11.281000	1.953000	3.713000	1.870000	0.971000	2.336000	1.085000	2.085000	0.939000	1.237000	0.748000	3.897000	1.810000	1.740000	2.009000
80		0.825000	2.690000	1.590000	3.126000	3.474000	64.836000	0.806000	3.117000	1.957000	0.938000	1.203000	1.032000	1.949000	0.704000	2.196000	0.068000	1.422000	0.200000	-0.002000	-0.123000
81		0.244000	-1.230000	-1.061000	-2.465000	2.265000	25.951000	0.096000	-0.773000	0.216000	-1.263000	-0.944000	-1.143000	-0.748000	-0.312000	0.780000	-1.027000	0.357000	-1.465000	-0.755000	-0.932000
82		7.580000	6.060000	1.021000	1.468000	-0.488000	4.739000	18.060000	4.990000	7.035000	5.578000	5.092000	14.558000	9.594000	8.644000	10.650000	5.933000	15.137000	23.933000	20.788000	10.037000
83		0.664000	1.162000	-0.564000	-1.284000	-0.921000	4.757000	-0.103000	0.998000	0.491000	0.334000	-0.087000	0.482000	0.661000	-1.878000	2.154000	0.560000	-1.257000	-2.953000	-2.488000	-0.204000
84		NA	NA	NA	NA	NA	NA	NA	NA	NA	NA	NA	NA	NA	NA	NA	NA	NA	NA	NA	NA
85		1.823000	0.018000	1.676000	2.669000	3.294000	9.103000	2.157000	5.481000	0.220000	1.028000	0.308000	1.533000	2.321000	0.472000	2.410000	2.396000	1.199000	1.457000	2.215000	3.360000
86		1.388000	0.092000	0.207000	2.050000	1.070000	0.247000	1.186000	0.346000	0.358000	0.660000	1.341000	-0.187000	0.245000	0.158000	0.712000	0.729000	0.521000	1.895000	1.493000	1.048000
87		0.371000	0.302000	-0.606000	1.708000	1.823000	9.765000	0.539000	0.398000	-0.464000	-0.045000	-0.113000	-0.267000	0.169000	-0.205000	0.613000	-0.103000	1.057000	0.686000	1.058000	0.984000
88		4.244000	1.947000	3.660000	4.987000	5.997000	11.159000	6.608000	2.093000	4.140000	2.375000	2.997000	8.169000	7.642000	4.400000	3.566000	0.187000	14.437000	30.054000	25.468000	8.323000
89		1.376000	1.811000	1.958000	1.425000	2.152000	1.434000	2.295000	0.209000	0.185000	1.638000	1.727000	1.599000	2.446000	1.757000	1.649000	-0.296000	2.209000	1.279000	2.349000	2.116000
90		0.435000	-0.349000	-0.660000	-0.940000	-1.255000	0.022000	0.669000	-1.099000	-0.063000	0.721000	0.424000	0.281000	-0.309000	-1.179000	0.638000	-0.323000	-0.868000	-2.208000	-1.409000	-0.755000
91		NA	NA	NA	NA	NA	NA	NA	NA	NA	NA	NA	NA	NA	NA	NA	NA	NA	NA	NA	NA
92		2.996000	0.674000	1.699000	4.696000	5.043000	3.170000	0.165000	3.470000	1.339000	0.778000	-0.917000	0.078000	1.355000	-1.832000	2.888000	-0.311000	-1.356000	-0.934000	-0.765000	-0.465000
93		2.507000	0.433000	0.176000	2.041000	2.210000	21.137000	3.038000	1.644000	1.614000	1.984000	0.824000	1.084000	2.724000	0.878000	3.570000	2.718000	0.581000	0.236000	-0.629000	1.459000
94		6.119000	3.493000	1.089000	3.648000	4.604000	9.161000	6.959000	3.532000	5.448000	4.868000	4.103000	4.795000	5.867000	3.118000	8.349000	5.905000	0.357000	1.476000	-0.170000	2.416000
95		4.593000	1.414000	0.822000	-0.763000	-0.664000	12.085000	11.782000	2.321000	3.366000	1.853000	3.798000	10.838000	7.727000	5.843000	6.711000	2.311000	9.859000	4.238000	3.833000	2.778000
96		NA	NA	NA	NA	NA	NA	NA	NA	NA	NA	NA	NA	NA	NA	NA	NA	NA	NA	NA	NA
97		2.219000	-0.772000	-0.930000	0.296000	-0.075000	11.578000	0.675000	0.526000	1.326000	0.278000	-0.919000	0.303000	0.439000	0.028000	1.459000	-0.128000	-2.643000	-0.087000	0.009000	-1.570000
98		NA	NA	NA	NA	NA	NA	NA	NA	NA	NA	NA	NA	NA	NA	NA	NA	NA	NA	NA	NA
99		3.676000	-0.634000	3.094000	4.218000	6.518000	22.750000	10.253000	1.100000	0.355000	-0.429000	0.817000	11.134000	4.181000	3.078000	0.045000	-0.879000	12.525000	3.072000	3.481000	-1.736000
100		3.703000	0.988000	0.557000	-0.009000	2.152000	22.131000	-0.385000	0.538000	2.743000	2.240000	-0.791000	0.854000	3.140000	1.474000	6.283000	3.055000	0.881000	1.067000	1.926000	1.608000
101		1.716000	0.259000	-0.107000	0.444000	0.097000	9.421000	3.171000	1.108000	1.892000	1.161000	0.283000	0.635000	1.521000	1.555000	0.794000	-0.287000	-4.688000	0.657000	-0.323000	0.328000
102		1.051000	-0.198000	4.927000	-0.249000	0.769000	11.136000	7.758000	-0.248000	-0.522000	2.624000	1.338000	10.005000	6.696000	4.344000	7.412000	5.645000	7.017000	12.400000	5.382000	6.506000
103		4.488000	0.007000	23.033000	4.022000	12.535000	12.823000	17.604000	6.272000	3.729000	2.664000	10.127000	18.830000	16.936000	12.625000	11.446000	10.539000	19.756000	17.423000	15.505000	14.608000
104		1.329000	0.488000	-0.036000	0.049000	-1.275000	14.969000	1.819000	1.098000	1.974000	1.387000	0.716000	1.429000	0.788000	1.142000	2.362000	1.977000	-0.763000	-1.515000	1.350000	0.585000
105		NA	NA	NA	NA	NA	NA	NA	NA	NA	NA	NA	NA	NA	NA	NA	NA	NA	NA	NA	NA
106		10.347000	6.869000	5.923000	6.792000	4.316000	21.346000	9.999000	9.495000	8.902000	7.834000	4.501000	8.796000	10.545000	6.219000	12.130000	7.123000	3.634000	1.594000	0.825000	5.657000
107		2.617000	0.728000	-0.796000	2.511000	6.854000	14.300000	3.381000	2.266000	-0.340000	2.562000	2.247000	2.281000	5.305000	2.249000	8.305000	2.753000	0.398000	0.830000	0.031000	0.982000
108		1.725000	0.556000	-1.330000	-0.058000	-1.253000	16.611000	0.962000	-0.722000	0.768000	-0.263000	0.168000	-0.376000	0.943000	-0.492000	1.388000	0.048000	-0.247000	0.719000	1.339000	0.702000
109		4.392000	1.826000	3.485000	0.416000	8.170000	7.903000	1.892000	1.302000	3.149000	1.496000	2.415000	0.515000	2.583000	1.290000	5.656000	1.880000	1.884000	0.536000	0.255000	0.913000
110		1.577000	1.599000	1.803000	2.097000	3.280000	0.118000	2.439000	1.369000	0.152000	1.677000	1.775000	0.840000	1.470000	1.667000	1.488000	1.289000	2.529000	0.442000	1.478000	2.176000
111		7.359000	6.296000	3.784000	2.855000	2.544000	7.171000	7.068000	4.969000	6.862000	4.963000	4.039000	5.305000	6.911000	5.959000	6.657000	5.266000	2.532000	-1.056000	1.173000	3.514000
112		2.835000	1.522000	0.732000	1.529000	0.876000	6.406000	2.588000	2.277000	2.132000	1.072000	1.537000	2.145000	2.111000	1.063000	2.296000	-0.323000	1.023000	-0.963000	-1.434000	0.323000
113		0.881000	0.612000	0.828000	1.639000	1.314000	-1.048000	0.273000	-0.135000	-0.731000	2.058000	1.685000	0.453000	0.295000	1.164000	3.285000	2.201000	0.315000	0.793000	2.380000	0.593000
114		-0.400000	-0.841000	0.119000	-0.195000	-1.089000	3.518000	-0.147000	-0.408000	-1.435000	-0.441000	0.017000	-0.998000	-0.996000	-1.129000	0.496000	-0.537000	0.506000	0.339000	0.923000	0.605000
115		3.066000	1.371000	1.675000	3.304000	13.243000	8.807000	2.675000	2.696000	2.884000	2.731000	0.474000	1.635000	3.774000	0.549000	4.218000	-0.275000	-3.069000	-2.823000	-2.708000	-0.145000
116		1.823000	-0.777000	-3.210000	-1.352000	-1.625000	4.825000	0.364000	-0.433000	1.738000	-0.513000	-0.277000	0.182000	1.286000	-1.366000	4.204000	0.288000	-2.576000	-2.864000	-3.554000	-2.068000
117		-0.012000	2.815000	1.652000	4.320000	2.456000	30.690000	3.028000	3.111000	3.124000	1.547000	2.699000	1.238000	2.408000	2.000000	1.938000	-0.225000	3.157000	2.208000	2.251000	1.399000
118		3.273000	1.433000	-0.371000	0.598000	1.077000	1.316000	3.403000	2.257000	2.256000	2.229000	0.384000	2.335000	2.637000	1.603000	3.941000	1.474000	-2.017000	-0.653000	-0.388000	0.070000
119		-0.025000	-1.826000	-2.950000	-2.185000	-1.933000	-3.145000	0.181000	-1.078000	-1.459000	-1.804000	-1.540000	-1.612000	-2.434000	-0.980000	-0.684000	-1.362000	-0.872000	-0.773000	-0.846000	0.275000
120		0.586000	0.333000	-1.704000	0.405000	0.684000	-0.589000	0.819000	-0.880000	-0.358000	-0.349000	-1.532000	-0.035000	0.847000	-1.603000	0.287000	-0.406000	-2.904000	-0.031000	-1.080000	-0.426000
121		-0.054000	-0.207000	-0.828000	-0.546000	0.078000	3.808000	0.008000	0.113000	-1.215000	-0.369000	-0.177000	-2.343000	-0.992000	-0.813000	-0.625000	-1.551000	-0.204000	-0.257000	0.126000	1.012000
122		1.189000	1.227000	-0.487000	1.749000	5.724000	6.421000	1.588000	0.920000	1.710000	0.594000	0.432000	0.683000	1.292000	0.759000	1.780000	0.318000	-0.043000	-1.515000	-2.314000	-0.313000
123		NA	NA	NA	NA	NA	NA	NA	NA	NA	NA	NA	NA	NA	NA	NA	NA	NA	NA	NA	NA
