SITE	GLY	ALA	LEU	VAL	ILE	PRO	ARG	THR	SER	CYS	MET	LYS	GLU	GLN	ASP	ASN	TRP	TYR	PHE	HIS
4	0.063700	0.016900	-0.183300	0.061300	0.161900	0.115300	-0.256100	0.000000	-0.031100	-0.024000	-0.444500	-0.296900	-0.158900	-0.183000	0.003400	-0.044000	-0.376100	-0.083700	-0.139900	-0.441300
5	1.100300	0.722000	0.911600	2.336300	3.243300	0.000000	0.621000	2.311000	0.403200	1.527000	0.838000	0.957400	1.281100	1.415200	2.066900	1.638800	0.775300	0.899900	0.801900	1.536700
6	1.639000	0.000000	5.533500	5.212500	3.068600	0.524700	4.966900	3.414700	2.304700	2.426500	2.080600	5.373600	6.517100	6.267600	7.654800	6.012600	14.432200	17.045300	16.093300	21.285500
7	5.448200	3.664500	2.409300	7.178200	6.170400	5.264500	4.546400	5.165800	4.926000	3.190800	1.118900	3.668500	5.067900	4.307100	4.481600	3.910300	2.397500	1.192500	0.000000	3.551100
8	0.498400	0.504600	0.155700	1.703000	2.614700	-1.474800	0.014600	0.922900	0.237300	0.406900	-0.310500	0.110200	0.392000	0.299400	0.010900	0.000000	0.014200	0.008200	0.083300	0.331500
9	2.688500	1.638400	0.409500	1.888200	3.041200	6.762000	-0.810900	2.151900	2.170600	1.496500	0.308300	0.000000	1.803400	1.093400	2.288600	1.530600	1.089400	1.051100	1.010700	1.607300
10	5.273500	3.515400	1.375300	2.631200	4.336300	0.000000	3.376000	4.352800	5.054500	3.302900	2.537700	3.036800	5.472300	4.206900	5.645600	4.451800	4.015200	4.020800	3.621600	4.698900
11	3.112500	2.087700	0.325400	0.752400	1.325100	5.226500	-0.785000	1.920100	1.794200	1.443900	-0.088900	0.000000	3.910200	1.826300	4.719800	4.128000	7.930200	12.497300	9.596100	12.790800
12	5.356600	3.239200	1.092500	0.000000	-0.728000	5.312300	9.723800	2.186700	3.965600	2.534500	2.000400	7.181800	6.070800	3.679200	5.533300	2.923800	13.701300	9.770200	7.290500	3.649100
13	4.892400	2.985700	0.493700	0.547900	1.029300	7.628400	9.926300	2.793600	3.701100	2.542700	1.853400	5.547300	0.000000	2.760900	3.755700	1.197000	15.158600	7.777700	5.709200	7.535500
14	4.492800	3.965000	0.000000	2.013500	3.141500	3.201600	7.392800	3.707100	5.327200	4.320600	1.266200	5.392200	5.359300	3.658600	5.527400	2.615100	19.646300	11.712400	8.030400	3.159500
15	-0.026500	-0.621600	-2.017500	1.613200	5.855400	4.875900	6.384000	1.197500	-0.016900	-0.898300	-2.688900	-1.831100	5.345800	-0.079300	3.371100	0.574800	9.475300	3.521000	1.710300	0.000000
16	4.181800	2.535700	3.535600	0.000000	-0.095400	3.872300	6.369200	2.486400	3.123900	1.769300	5.067700	18.154300	5.974000	2.929100	6.854300	2.749100	31.913670	27.880890	20.680900	24.623900
17	1.469800	0.748300	-0.131700	0.080800	0.183400	2.969400	-2.867300	1.365400	-0.055500	0.562800	-0.427500	-1.052600	4.231900	0.701000	4.751400	0.116900	1.019500	0.633200	-1.262600	0.000000
18	5.085500	4.031800	0.000000	2.811600	1.839300	8.890100	4.338000	5.053500	5.060200	3.370700	0.369500	3.131900	5.078100	2.829100	5.754300	4.314600	6.803600	5.871800	5.074000	8.942900
19	-0.133400	-1.576900	-4.032200	-2.040000	-2.862900	-3.188000	-2.137700	-0.305600	-0.699800	-1.518700	-4.039100	-2.295300	-3.155500	-2.313000	0.000000	-0.864000	-1.842200	-1.019100	-0.295600	-1.104900
20	0.000000	3.786200	10.490800	14.164200	18.945200	8.807200	9.474100	9.122000	4.163100	6.870300	9.843500	10.463100	16.341000	12.086900	17.533500	12.420600	18.659000	15.556400	14.482400	73.570800
21	0.928200	0.000000	2.439600	1.919800	4.051500	7.409400	9.134400	-0.142500	0.873400	1.542000	3.200400	4.701300	6.044200	5.983400	3.726300	2.453700	17.503800	8.759200	7.017400	42.603720
22	4.588000	3.247900	0.946400	0.869600	0.000000	2.714800	6.043300	3.437900	4.012600	2.677700	-0.159100	2.681500	4.797600	2.711000	4.965900	2.929000	11.566800	9.197100	8.230400	6.384700
23	-0.215900	-0.469700	-0.519600	0.022900	0.114700	-2.037700	-1.265000	-0.831300	-0.912500	0.825000	-0.870700	0.000000	1.040800	0.135900	-2.003400	-1.501400	-0.975500	-1.098800	-1.602200	0.468500
24	3.592700	2.411000	0.281000	2.043800	2.483000	0.000000	3.494300	2.488100	2.898200	2.936800	1.483500	3.235800	4.869800	2.752000	4.701100	4.145600	3.411200	1.973500	1.339000	4.610800
25	2.269900	1.369900	0.516800	1.104700	0.489000	1.046000	1.337300	1.640900	1.915100	1.692500	0.313000	1.001800	0.000000	0.749500	0.985200	1.624100	0.247300	0.544300	0.500900	1.238600
26	3.626000	2.081200	1.345100	1.156000	0.883300	3.102300	1.778300	0.000000	1.613400	2.235900	1.273300	1.669300	2.927800	2.541200	5.189400	3.798200	2.167800	1.569100	0.856300	5.252500
27	5.581200	3.773500	0.149400	1.041800	0.000000	6.637600	8.387800	3.518900	5.363700	3.862700	0.772200	5.337300	5.615200	3.372700	6.270200	4.465400	25.286100	15.308900	11.868000	7.163300
28	3.228200	1.982300	0.000000	1.774300	2.166400	9.623100	1.181500	2.792000	3.270300	2.412500	0.166800	1.635100	2.095700	1.995900	3.009900	2.782300	2.335200	2.800200	1.620000	2.713200
29	2.397000	1.337100	0.645800	1.316600	0.880600	5.858800	1.371700	2.126600	2.518100	1.966100	0.285400	1.193700	0.767400	0.750800	1.358500	1.260900	1.000400	0.000000	0.444900	1.214600
30	4.788300	3.405800	1.523600	1.563500	4.667400	5.984400	3.684300	2.214300	3.907000	3.551100	0.318900	4.841800	2.496700	3.412700	3.759500	3.563000	0.700100	0.168600	0.000000	2.025800
31	0.000000	-1.540800	6.494900	2.399100	4.788900	3.900100	0.852900	1.656500	-1.008900	-0.506600	-1.877500	-1.144400	1.756700	-0.221300	2.672500	0.534800	14.357500	10.646700	11.615300	13.924000
32	1.100300	0.458300	-0.151900	0.569600	0.042000	2.493900	0.231100	0.180100	0.587900	1.056100	-0.226500	0.000000	0.671300	0.136200	1.078900	0.588000	-0.123000	0.508400	0.019700	0.935300
33	2.283300	0.864800	-0.178600	0.832600	0.331100	4.510600	0.328700	1.401500	1.803000	1.270900	-0.561500	0.000000	0.360900	0.418300	1.434200	0.504600	-0.097000	0.396900	0.235800	1.254600
34	2.422100	1.538700	-0.479700	2.144800	1.260300	4.420800	0.000000	0.830000	1.584600	1.100100	-0.403100	-0.025800	1.479100	0.590100	2.097300	1.443700	0.585200	0.457900	0.277700	0.714600
35	0.000000	3.468700	3.496700	4.788500	5.161400	7.235900	1.207100	5.099100	3.498000	3.704400	3.659000	0.328100	3.771900	2.944700	4.005400	2.936500	3.960400	3.513600	3.443700	0.888600
36	1.610200	0.481700	-0.327500	-0.107700	0.000000	4.133100	0.029500	1.027200	1.289800	0.542900	0.194600	-0.371100	0.067500	-0.123700	0.929600	1.094200	0.065300	0.633300	0.188300	1.279000
37	0.022500	0.000000	-0.057300	0.327600	0.345200	-0.850300	-0.503800	0.296500	0.028600	0.150700	0.065700	-0.482400	-0.275900	0.046500	-0.508800	-0.187400	-0.024200	-0.170300	-0.284200	0.197200
38	3.667600	2.831600	0.000000	1.752800	1.688700	4.856600	2.097100	1.629700	2.898000	2.482700	0.145700	2.599000	4.695600	2.757300	5.165100	3.134800	6.668100	2.912200	3.837400	3.579700
39	3.603100	2.576100	1.796100	2.176900	2.379200	0.000000	2.419800	4.545200	2.595000	2.127700	3.387300	2.599900	2.649300	1.952500	2.635700	1.996300	3.658000	1.896400	2.524800	2.299800
40	0.948000	0.000000	2.503800	4.778100	5.894100	6.209800	0.627300	3.113300	-0.033900	-0.149100	0.784800	1.230300	1.772900	0.912900	3.907600	2.611800	4.123100	4.271200	3.781100	7.075400
41	0.229400	0.161800	-0.445900	0.197300	0.150900	-0.650600	-0.243200	0.306300	0.115200	0.117200	-0.085300	-0.202200	-0.145400	-0.003000	0.000000	0.015300	0.452500	0.083200	0.117500	0.271100
42	0.720700	1.434400	1.178200	1.438200	1.634800	1.985600	1.764200	0.000000	-0.006500	2.087900	1.866500	1.856900	1.238200	2.493900	-0.223600	0.634600	1.389800	0.801500	0.692900	1.596000
43	1.900500	0.804900	0.747900	0.000000	-0.242000	-0.934800	0.694300	0.558200	1.483900	1.327600	-0.080100	0.207200	0.492800	0.534200	1.832900	1.959700	1.792100	1.326200	0.943700	2.401800
44	1.880100	1.258700	1.055700	1.449100	1.037500	-0.363400	1.499200	1.571300	1.688000	1.799000	1.016600	1.271500	0.000000	0.845700	0.890900	1.664900	1.242300	1.320000	1.211600	1.715600
45	1.416100	0.571200	0.089700	1.556900	0.867800	0.479300	0.712500	0.043500	0.111000	1.172300	0.115700	0.446400	0.000000	0.319600	-0.170200	0.641400	0.592700	-0.296800	-0.495300	1.020000
46	4.983500	3.157200	0.000000	2.403300	1.366900	10.456200	5.585300	3.383600	3.967200	3.120900	1.821600	6.151900	6.307600	3.749100	5.907700	4.244300	17.191100	12.752200	8.256600	28.864140
47	1.533800	0.438100	-0.955900	0.103500	-0.791000	5.595500	0.000000	0.853300	1.553500	1.024100	-0.750800	-0.418000	0.206300	0.237200	1.480000	1.218500	-0.548000	0.182300	-0.407200	0.915900
48	0.615000	-0.113800	-0.311400	0.307400	-0.009400	1.607800	-0.685800	-0.220800	-0.232900	0.160800	-0.423500	-0.396400	-0.057700	-0.069800	0.446000	0.000000	-0.144100	-0.287800	-0.358200	0.479100
49	2.835700	1.869900	0.723700	0.402900	0.000000	4.145900	0.708200	1.442100	1.957600	1.258900	0.995500	0.527500	1.906000	1.402600	2.318700	1.332400	1.499100	1.024200	0.945500	1.011300
50	4.548400	3.404800	-0.415500	0.883400	0.000000	6.293300	9.242400	2.275700	3.493500	2.870900	-0.069000	4.617900	4.937300	3.765800	5.640700	3.136100	21.647300	11.071300	7.637000	3.540300
51	0.000000	1.246900	1.965300	2.479700	2.592100	4.229100	3.425000	3.808000	1.365200	1.629200	1.393200	3.429600	5.583700	4.012500	5.601800	5.324800	10.730200	3.253400	10.009900	12.050200
52	3.793600	2.690900	1.397600	1.583800	0.970800	3.651400	3.660100	1.925200	2.914800	2.459200	0.000000	1.323000	3.597800	3.752600	5.191200	3.383900	13.841200	4.780200	3.887800	5.769100
53	-0.132800	-0.120300	-0.318400	0.042600	-0.031700	-0.510100	-0.988900	0.076700	-0.121100	-0.153100	-0.248500	-1.102700	-0.580800	-0.341200	0.000000	0.159600	0.445700	-0.416900	-0.566000	0.207400
54	1.105600	0.861400	0.518700	0.759400	0.489800	3.039800	-0.848800	0.703900	0.260500	0.681500	0.296700	0.000000	0.332900	0.023800	1.331700	0.479200	0.374200	0.225700	0.206300	1.000200
55	3.278500	2.177800	1.831000	2.983200	2.582400	0.000000	1.839000	2.802700	2.342100	1.708600	1.975400	1.466400	2.586900	2.265400	3.261000	3.086800	2.163500	2.036700	2.060000	2.578900
56	0.642800	0.497800	0.000000	0.617900	0.455400	6.125000	-0.264400	1.165700	1.381900	0.664300	-0.347800	0.194400	0.808100	0.129000	0.987100	0.509600	0.425800	0.557600	-0.031000	0.109200
57	0.911900	1.428100	1.575900	2.792700	3.246100	2.211100	1.017700	0.831700	0.000000	1.631200	0.702500	1.130200	1.430100	1.712000	-1.210700	-0.208100	1.124400	1.447800	0.641000	0.587400
58	2.323400	1.572500	0.000000	0.130700	0.206200	0.529800	-0.166900	0.416900	2.059800	2.041900	0.134900	0.726100	5.284400	2.013500	4.863100	1.884600	1.595500	1.684900	0.947100	1.822100
59	2.490200	1.923100	1.987600	2.350500	1.876100	0.000000	0.750800	1.272100	1.209500	2.084100	1.663600	1.645500	1.780400	1.409500	1.593700	1.758000	2.087400	2.031000	1.976000	2.050000
60	0.000000	-0.824400	-1.520300	1.228100	0.895700	-0.834800	-0.948100	1.363200	0.050900	-0.257500	-1.496700	-1.133000	-0.920600	-0.789200	-0.206500	-0.195200	-1.071800	-1.014200	-1.071500	-0.380900
61	4.786300	3.057600	1.049200	2.516800	2.907100	4.986000	0.702600	2.456500	3.467800	3.230500	0.887000	1.427300	5.966700	3.019500	6.124600	4.110300	1.274800	-0.935700	0.000000	2.794100
62	2.032600	1.254200	0.000000	2.169600	1.202200	5.565400	0.749700	2.025500	1.111100	1.376400	0.160200	0.748700	2.191600	1.325900	2.383800	1.104800	-0.492400	-0.178500	0.097500	0.868300
63	0.463400	0.000000	0.224800	1.160300	0.840100	0.765600	-0.556300	0.283400	-0.159000	0.257400	0.263600	-0.103500	0.442600	-0.181300	0.962000	-0.091100	0.363000	0.085800	0.020300	-0.128300
64	3.743800	2.007900	0.338400	2.407500	2.363200	5.906500	1.372800	2.682700	2.504700	2.239500	0.720800	0.000000	4.777000	0.969200	5.832200	2.217300	2.817700	2.734000	2.181700	1.699700
65	2.568800	2.080800	0.850400	1.774300	1.637900	0.098100	-1.404900	1.515400	2.057500	2.273700	0.708600	0.882800	4.220700	1.468400	6.084700	2.099900	3.105500	0.055100	0.000000	0.750700
66	-0.080900	-0.603400	-0.986700	-0.181500	-0.240200	-0.806800	-1.381700	-0.572300	-0.455900	-0.043100	-0.968200	-1.263400	-0.255100	-0.747300	0.000000	-0.546400	-0.779800	-0.637600	-0.682500	-0.607500
67	2.749600	1.493700	-0.151300	1.554600	0.840600	5.214500	1.013800	2.761700	2.225500	1.495000	-0.172300	0.769500	3.031200	1.769300	4.074300	1.271600	0.787800	0.000000	-0.136100	1.197200
68	6.610200	5.580500	1.956900	3.861100	2.958500	5.266400	9.514100	6.120500	6.767800	5.061600	2.064300	3.835800	7.588300	5.449600	7.837800	5.949300	5.566200	0.000000	0.740200	3.175800
69	4.459200	3.238400	0.922000	7.184400	6.478400	11.420700	5.884300	6.658400	3.179100	3.350500	0.000000	2.730500	5.737400	3.929300	6.317700	2.991900	16.489700	9.262800	7.527900	7.215700
70	3.347600	2.554400	1.907000	2.801500	1.930400	0.000000	2.041400	3.470900	3.385600	3.372600	2.116300	2.407600	2.918400	2.324600	4.073000	3.770700	2.997000	2.185600	1.720100	3.681400
71	2.119500	0.784600	1.069300	0.000000	1.386400	1.103400	7.186600	-0.003100	1.040500	0.671800	-0.057500	0.933200	4.787800	2.469600	3.340200	1.660300	18.377700	13.479300	9.301600	45.698400
72	5.341100	4.426200	0.921300	1.282800	0.000000	6.539600	6.258500	3.797500	5.555800	4.179200	0.097800	4.212700	4.413800	3.967500	5.210100	4.353000	10.750300	7.111500	1.811900	3.549400
73	1.857900	0.000000	10.418300	3.462800	7.455100	3.133600	14.379300	3.377300	1.136400	1.804000	6.894500	8.255700	13.228700	11.405400	8.561000	8.184300	37.288190	19.563700	19.956000	43.959970
74	0.000000	3.810800	6.371800	7.993100	9.992700	9.657000	6.264400	8.421900	5.915800	4.972300	5.100300	6.067200	6.860400	6.461500	7.572500	7.080200	7.663300	5.411800	5.291100	10.286600
75	0.821000	0.285500	-1.722600	-1.100300	-0.966400	3.705900	0.821600	-0.335700	0.058300	0.000000	-1.590400	-0.001200	-0.154800	0.744400	-3.637500	-1.544900	0.235000	3.680900	0.228600	2.877800
76	1.360000	0.380600	-0.542700	0.159600	0.181900	-2.075100	0.000000	0.788800	0.851500	0.717400	-0.710900	-0.365800	-0.490600	0.057800	1.085800	0.913200	1.324900	-0.432900	0.418500	1.740300
77	1.875200	1.216100	0.819100	1.622000	1.373700	0.159100	1.552300	1.697300	1.658800	1.673800	0.494600	1.125200	0.000000	0.716600	0.842200	1.659600	0.951300	0.507900	0.698900	1.872800
78	1.665700	0.000000	5.883400	3.993900	5.782400	2.903900	12.476000	2.504800	1.937500	5.147200	2.214200	6.586300	8.691200	9.067500	5.150600	3.194300	31.890320	11.291100	9.608100	54.277400
79	6.055400	3.849700	0.397900	0.907000	0.000000	7.206800	12.864200	3.776600	5.908700	3.794500	1.908600	5.426900	6.017600	5.052600	6.053900	4.055400	23.351800	18.613300	9.422400	5.946900
80	1.911200	0.610300	-0.861900	0.108000	-0.330100	5.413200	-0.277200	1.329100	0.929400	0.883800	-0.891000	0.000000	0.432900	0.756200	2.326500	1.663500	0.012000	-0.284300	-0.530500	1.197700
81	2.126400	0.947100	-0.364300	1.780500	0.976000	5.997300	0.000000	1.651500	1.441800	1.589800	-0.484100	-0.046000	1.062900	0.723700	1.458100	0.888400	0.226100	-0.168600	-0.401400	0.848100
82	4.931100	3.400700	2.623700	1.106700	0.000000	5.262600	3.768900	2.515300	3.991900	2.965800	0.169000	3.418200	5.259900	3.773200	5.692300	2.500400	9.135900	7.772300	6.019900	10.174200
83	1.979300	0.000000	5.161400	4.291000	5.414800	2.800000	9.481000	3.620400	1.293300	2.477100	3.531300	6.719100	9.354500	6.661700	6.535500	4.182700	19.904600	18.509500	15.310700	51.433400
84	1.898300	0.848000	-0.568800	0.741100	-0.100900	6.357400	0.532000	0.586900	0.940600	1.198500	-0.437700	0.107300	1.052500	0.773600	2.311200	1.609600	0.566600	0.000000	-0.710000	1.238200
85	2.276100	1.394600	0.268000	0.555400	0.514100	3.124000	1.842300	1.953100	1.956200	1.638100	0.205600	1.249700	0.000000	1.149700	2.394500	1.165300	1.102100	1.074300	0.900300	1.466200
86	6.285500	4.649400	1.690200	4.914500	4.127900	9.671600	5.037300	5.687100	6.468600	4.922500	1.484500	4.808500	6.617200	3.981300	7.186300	4.824400	4.529400	4.072900	0.000000	3.891500
87	4.110200	2.332800	5.140000	0.000000	1.331700	3.490600	21.051300	1.226700	3.084300	2.511000	7.887300	11.292400	12.068400	9.615100	6.741900	4.922100	40.590850	27.734910	19.445700	18.846200
88	1.323800	-0.161800	-0.980800	1.490500	1.247600	3.848900	-0.688800	1.274300	0.376300	0.560900	-0.956000	-0.737900	0.000000	0.034500	1.249200	0.072900	-0.550200	-0.411300	-0.634500	0.864200
89	1.717500	0.710500	-0.289600	1.032400	-0.007800	4.102700	0.088200	1.859600	1.417900	1.313900	0.000000	0.477300	1.518500	0.494200	2.421600	1.272300	0.630900	0.216000	0.165600	1.366700
90	5.939800	4.013400	2.231800	5.414900	5.743600	6.590600	-0.567500	3.564500	4.911500	4.478200	1.349600	0.000000	7.855000	3.684300	8.172800	3.461500	4.015500	11.156500	3.934500	5.521700
91	1.575300	0.000000	0.232600	0.322500	2.096800	4.163600	-0.888500	0.410900	0.751400	0.795700	-0.400700	-0.900600	1.316500	0.554500	2.076200	0.987300	-0.066000	0.020100	-0.172300	0.894500
92	0.631300	0.576100	0.291800	1.681200	1.156300	1.520200	-0.062000	0.512000	0.127900	0.853600	0.330400	0.000000	1.455200	0.737400	2.217000	0.711500	0.974300	0.619300	0.401200	-0.234900
93	1.493600	0.761800	-1.420900	1.317800	0.826100	2.545700	1.000700	1.669200	0.575400	-0.123100	-1.172100	0.311500	0.000000	-1.584000	-0.487400	-0.086400	1.364500	-1.430200	-1.858900	1.638700
94	0.000000	4.052900	3.503100	6.470400	6.734700	7.279700	3.618600	6.682000	4.841000	4.084800	3.470900	3.786800	4.812400	4.494800	5.108500	4.782400	3.897000	4.091300	4.258100	5.152200
95	3.373000	1.769600	0.146400	0.000000	0.480500	7.054100	12.310200	1.520100	3.618400	2.104000	1.038200	5.980600	7.523100	5.739600	5.374500	3.756400	15.347400	8.052700	5.958200	23.587420
96	1.784000	1.030400	0.194300	0.000000	-0.632500	4.142600	0.908900	2.176000	1.974400	0.340700	0.428300	0.837700	2.561100	0.831500	2.615500	2.440300	3.551000	0.874100	0.949200	2.178300
97	7.831200	5.914900	3.708000	3.297500	3.435500	8.353800	5.337800	5.148600	6.811000	5.231600	2.099000	4.887000	7.860500	5.514400	7.871900	5.293200	9.073800	0.000000	0.701100	3.728100
98	3.450800	1.879300	0.718700	0.000000	1.117000	3.706800	9.165900	1.953600	2.659900	1.391900	1.784100	6.259000	5.498900	3.362200	5.605800	4.602900	23.469470	20.856400	16.508100	27.877310
99	7.288600	5.418100	4.289900	3.972300	5.291200	7.602200	18.700900	4.554700	6.023200	4.678800	5.255100	11.410000	0.000000	4.638600	5.043600	6.582800	12.537000	20.705500	15.901900	40.662950
100	3.866400	2.196000	0.605200	0.000000	0.827700	3.209100	6.898400	1.728400	2.226400	1.796800	-0.009700	4.604600	5.090400	2.782300	5.992500	4.554800	17.982400	19.746900	19.594100	6.924000
101	3.078400	1.896500	0.004600	1.659400	2.293400	4.357400	0.000000	3.654800	3.294600	3.005400	0.735400	0.298800	5.096300	1.924300	6.283900	3.440400	11.279100	7.991900	9.564300	9.117800
102	3.775000	3.757100	1.282300	2.450200	2.171400	6.053100	4.141900	3.850000	2.992500	3.362000	1.288300	2.633700	5.452300	3.459300	5.666900	3.802800	-0.214900	0.000000	-0.909300	2.227600
103	1.403600	0.076800	1.239700	-1.460900	-1.865300	-1.100300	0.350600	-0.805300	0.000000	-0.779100	-0.479200	2.256900	2.757500	0.931500	2.209300	-0.496900	4.109200	6.913600	6.149800	4.592500
104	4.724100	2.990300	2.805500	4.043600	3.360700	0.000000	14.281000	5.320300	4.980000	3.843500	2.985200	9.854400	4.947100	6.022400	5.567600	6.061600	17.531900	12.421200	7.814900	14.154100
105	2.470700	0.768900	-0.598000	0.044600	-0.675400	1.629800	1.139000	1.202500	2.333000	0.901100	-1.787000	-0.041600	1.552800	-0.103300	3.079000	1.166400	-0.711700	-1.003900	-2.526000	0.000000
106	2.665600	2.051000	0.000000	2.414900	1.707800	1.836300	-0.678200	1.471000	1.700700	1.847300	-0.323400	0.954400	2.594800	1.765000	3.396100	2.100100	-0.263500	0.202300	-0.674300	1.928400
107	4.299500	3.199000	0.000000	1.705400	1.278500	3.811700	3.816600	2.519400	3.614300	2.353600	0.527300	1.543700	5.089600	3.247800	5.424000	1.268700	6.067700	3.650100	2.087400	2.717100
108	0.778100	0.000000	13.325500	6.887900	11.980200	3.055000	30.653370	5.457900	0.746300	3.584700	13.775000	22.456300	19.891600	18.515900	10.959600	10.325000	62.100500	45.565600	39.029280	58.740800
109	0.768800	-0.103800	3.005500	0.691400	2.097800	3.007600	0.095800	1.190700	1.442200	0.193800	-0.818000	-0.204300	1.628400	0.459800	1.316500	0.000000	10.435800	14.728000	13.749900	20.091900
110	-0.474200	-0.870800	-0.684000	1.037200	1.088500	10.120400	-2.049600	1.956500	0.000000	-0.349000	-0.717400	-1.161700	0.045600	-1.684000	0.354100	0.370600	-0.366000	-1.026800	-1.270400	0.372800
111	0.255400	1.006900	1.000600	2.490500	3.370100	6.972300	-0.401300	1.921700	1.177600	0.863400	0.896700	0.000000	0.542600	0.314000	0.048700	0.573000	0.959800	0.801700	0.779800	0.220100
112	5.317800	2.760100	4.137300	0.000000	1.567000	7.376900	6.814800	2.220100	3.503900	1.824800	4.409600	9.347400	8.439800	8.728500	5.645800	2.817600	29.043160	21.345700	21.833500	42.062920
113	1.018500	0.400800	-0.200700	1.586200	1.408600	-0.253900	0.025000	1.600900	0.302800	1.275900	0.839800	1.017000	0.009500	0.656400	0.000000	1.124700	0.872000	-0.200800	-0.100500	1.117400
114	1.281400	0.973300	0.636000	0.561500	0.630400	0.000000	0.226300	1.018300	1.345600	1.071300	0.245900	0.653100	1.268500	0.737200	0.964700	0.824700	0.176500	0.657900	0.622400	0.889100
115	2.207100	1.866900	0.454200	1.530500	1.054800	0.694200	1.174900	1.512900	2.096300	1.389700	0.000000	1.329300	2.128000	1.702900	2.484200	2.350300	1.806000	1.847200	1.173600	1.915300
116	3.950600	2.639600	2.545100	2.200300	3.228700	0.000000	4.309300	3.552300	3.978800	2.652400	1.227000	3.846500	3.955000	2.837400	5.814800	3.740300	6.813800	9.461300	8.458400	9.568200
117	5.785200	5.568600	3.385600	8.791800	8.297800	7.429700	4.859200	7.523400	6.212000	5.169600	3.427000	4.478400	6.318300	4.715500	6.770800	5.514300	0.000000	3.985300	2.950900	3.350700
118	-0.893400	0.647100	0.371600	1.330900	2.565500	3.300800	0.066100	0.693600	0.295100	0.384400	0.449900	0.038100	0.333300	0.065300	0.155400	0.000000	0.265600	0.201000	0.159400	0.320900
119	1.279700	0.263200	-1.696300	0.549500	-0.526100	6.122600	-0.303700	1.414900	1.393100	0.430100	-0.959100	-1.338300	-0.609600	0.000000	1.663000	1.144400	8.008200	2.418100	2.645100	2.021300
120	0.222500	0.268500	-0.008700	0.080300	0.069300	0.180600	0.202100	0.000000	0.236800	0.072200	0.143800	0.038400	0.009500	0.136300	0.101400	0.172000	0.075300	-0.036800	-0.077300	0.371700
121	0.134000	-0.037000	-0.317700	0.278600	0.335100	-1.563200	-0.028700	0.188500	0.316900	-0.054800	-0.381600	-0.343300	0.000000	-0.179000	0.076700	0.037200	-0.235500	-0.363500	-0.258900	-0.056200
122	0.000000	4.317600	5.811900	7.287900	8.286500	9.587400	6.898900	6.713900	3.759400	4.459100	3.037700	5.628500	4.650800	7.072900	3.660400	4.767100	6.000400	6.813300	6.634200	4.895100
123	0.038800	0.335600	0.240600	0.360000	0.127100	1.003200	-0.334400	0.293800	-0.103700	0.095800	0.039500	-0.263400	-0.066200	-0.167700	0.000000	0.048600	0.622700	0.030700	0.173500	-0.250500
124	2.653800	1.997400	0.293800	0.000000	0.257100	2.742800	3.635600	1.699800	3.436800	1.819900	1.839900	2.761000	2.589300	3.287200	2.319900	2.150300	7.334700	5.034600	5.677400	5.122100
125	0.800800	0.132100	0.354400	0.178600	0.416400	1.342300	0.743300	0.000000	-0.113000	0.734500	-0.081000	0.324500	1.454800	1.107600	0.843800	-0.185900	1.411200	0.188100	-0.329400	1.860700
126	3.554900	2.776700	4.968000	3.747700	4.027100	0.000000	9.855900	2.631800	2.772600	3.142100	12.759300	6.030000	3.992300	3.563000	2.929300	4.596800	7.027900	4.759500	4.332400	8.286300
127	2.239900	1.274100	0.742600	1.197800	0.854900	-0.022600	1.121200	1.838900	2.295500	1.633100	0.741100	1.181200	0.509400	0.869400	0.000000	-0.272600	1.421500	0.185300	0.581800	0.651500
128	2.057100	0.985700	0.379700	1.275400	1.058300	4.090100	1.546800	1.764800	1.539100	1.621800	0.519700	1.141200	1.316700	1.152300	0.000000	1.836000	1.757000	1.573000	1.815800	1.762800
129	3.577000	1.727100	3.446400	0.000000	2.869500	3.240200	9.792700	0.144000	1.260400	1.613000	3.248000	9.131200	6.705100	3.609200	6.871200	3.567300	22.862200	11.115400	8.726000	19.892400
130	4.335600	2.409700	0.330800	0.000000	1.776100	4.052500	7.464500	2.236100	2.843400	2.453000	1.355900	5.643800	3.799000	2.018000	3.542100	2.359100	20.538500	19.354300	8.656000	17.457400
131	1.344000	0.381900	0.151800	1.577100	1.027700	4.461300	-0.226200	0.877100	0.575100	0.982400	-0.129900	-0.131100	0.314700	-0.038100	0.000000	0.338300	0.861200	-0.042100	-0.238600	0.474600
132	4.033600	2.156700	0.000000	2.950800	2.033500	5.150900	3.581600	2.957500	3.026100	2.723400	0.100600	2.069100	3.292000	2.521300	3.627900	2.850800	3.199500	1.584100	0.830400	2.815100
133	3.562700	1.805400	1.701500	0.000000	0.109200	6.063700	6.153300	1.121300	1.506100	2.024500	1.800000	4.153900	4.634300	3.118500	2.726800	1.864400	19.460500	10.456400	8.480400	4.835700
134	0.662000	-0.620800	-1.795600	-1.574100	-1.443200	3.982600	-0.666200	-0.129100	0.083100	-0.393500	-1.464100	-1.056800	0.645100	-0.597100	0.347900	0.000000	-0.392000	-0.926700	-0.496200	-0.515600
135	1.096300	0.256400	0.095700	1.273400	-0.017200	3.629200	0.212400	0.588500	0.901300	1.116400	0.091000	0.688000	0.602700	0.000000	0.936000	0.344800	0.508000	1.077600	0.945800	0.633900
136	0.000000	1.256100	17.992600	12.994200	18.685300	8.499200	14.775500	10.878500	4.510200	8.255900	10.269600	14.930200	15.757000	13.824700	18.288400	16.160900	48.763900	51.169300	49.449300	69.098800
137	4.959600	3.313000	0.000000	3.074200	2.102700	7.040200	2.185600	3.317000	4.164600	3.344600	0.092500	3.259600	4.992800	3.091600	5.820600	4.118700	14.535900	2.178300	0.441200	2.382000
138	1.462200	0.606200	0.146200	1.256000	0.637800	4.257200	0.035400	0.997300	0.692100	0.909100	-0.089200	0.151900	0.810600	0.000000	1.644300	-0.041200	0.624700	0.732600	0.416100	0.482600
139	0.812500	-0.204100	-0.472900	0.967600	0.268300	3.465000	-0.103000	0.563500	0.191400	0.456600	-0.424700	-0.215900	0.000000	-0.143600	0.459500	-0.054200	0.179400	0.440600	0.049300	0.366400
140	0.000000	2.481900	21.396500	14.228200	22.165200	9.621200	28.890930	12.704900	6.483100	8.357100	22.002600	28.246570	21.002100	17.944900	20.329200	18.802900	64.029800	60.861600	49.427500	72.753200
141	2.332100	1.958400	1.462100	0.879800	0.562300	5.962400	1.956900	1.574600	1.941200	1.835100	1.280400	1.841000	0.000000	2.139000	3.767900	2.773700	2.854000	2.630300	2.548800	2.336600
142	1.093700	0.403600	0.113800	0.722900	0.199200	2.172900	-0.479300	0.326100	0.338100	0.997100	0.043100	-0.036900	0.791500	0.000000	1.215400	0.495000	0.229800	0.099600	-0.044200	0.116200
143	1.649800	0.000000	-0.231700	0.741300	0.584700	5.234500	-0.464100	1.981400	-0.474700	0.525100	0.031400	-0.401500	-0.136300	-0.307500	0.119800	-0.300800	0.681500	-0.684100	-0.879600	0.007100
144	3.782000	2.901800	1.197200	1.938100	2.634100	5.048100	0.977200	2.185600	2.675800	2.651000	1.648800	1.026600	3.992400	2.304100	4.950500	2.762900	1.802500	0.444700	0.000000	1.138100
145	0.000000	3.153400	3.198000	4.907400	4.718700	6.691400	0.436200	4.732500	2.962000	2.959400	3.046600	1.040300	4.126200	2.616100	3.640100	2.445600	3.818000	3.075200	2.919400	1.517600
146	3.414500	2.311800	0.149300	0.550200	0.000000	3.831500	2.209400	2.454300	2.334300	2.042300	1.122500	0.295600	5.459300	3.849900	5.217200	2.948100	5.457100	5.402100	5.502800	5.220700
147	2.070200	1.028600	-0.198400	0.469100	-0.419500	2.821000	-0.624700	0.668000	1.662400	0.709000	-1.281500	0.000000	1.722900	0.675600	1.853000	1.283800	-0.430000	0.514300	0.499000	1.408100
148	5.691400	3.360200	2.497900	0.000000	1.377300	5.118000	10.133500	2.610600	4.755000	2.602800	1.793700	4.132800	6.097400	3.864700	5.713600	3.948600	19.685300	8.965000	5.660600	10.555400
149	4.121500	2.754900	1.434900	2.691800	3.533200	7.834000	0.000000	1.824200	2.960100	1.991400	0.698000	0.846600	5.187000	2.231200	5.831900	2.122800	3.223500	2.736400	2.032900	2.240400
150	0.985100	-0.018400	1.430400	0.575400	0.354400	5.471000	7.036200	0.924300	0.000000	0.782600	0.314400	1.785400	1.134400	3.070700	3.410500	2.162100	22.108200	11.196000	9.343900	35.896130
151	5.044800	3.278000	1.080200	0.847400	0.000000	6.281700	8.294800	2.569900	3.927200	2.797600	0.527600	5.003400	4.947400	3.240600	6.427300	3.447800	16.664300	19.510300	10.748900	30.323910
152	6.541100	4.668400	0.000000	3.075700	2.181600	5.327200	10.936100	4.864200	5.974500	3.504200	0.999800	5.878300	4.096600	3.444400	5.943400	4.406200	16.930700	9.303900	5.420600	5.948000
153	1.794400	0.563700	-0.965500	-0.670900	-1.067600	3.336700	0.691200	1.028800	1.189700	0.000000	-2.069400	0.924500	1.645300	0.545300	3.296400	1.132500	23.768400	16.295900	13.590500	32.555530
154	2.505000	0.845600	0.747500	1.477200	0.931100	2.687200	14.732900	2.569900	0.815100	0.000000	1.727100	6.208600	3.742800	4.532600	3.094400	2.128800	26.594810	19.123100	13.808300	49.332700
155	3.195200	2.392400	-0.007900	1.955700	0.535900	0.801300	1.838000	2.379300	2.382800	1.398100	0.000000	1.871800	2.066400	1.022000	3.087600	1.759100	3.923900	3.081600	2.536600	19.266100
156	5.397000	4.054900	2.937200	4.625200	4.186300	6.975900	0.000000	5.580100	5.356600	4.886400	3.123700	2.667800	7.576800	6.052800	7.685200	6.083900	3.452300	1.769100	2.099700	4.695600
157	0.230300	0.147800	-0.237700	1.221200	0.782500	-0.098300	-0.316100	1.224900	0.279800	0.192400	-0.316700	-0.341300	0.105300	-0.100200	0.185700	0.182400	0.396800	0.164500	-0.318600	0.000000
158	1.960600	0.339600	-1.157300	-0.476200	-0.452000	4.664900	-0.405200	-0.022600	1.181800	0.210400	-1.618800	-1.389700	1.032600	0.000000	1.107300	0.385700	-0.826500	-1.893100	-1.883700	-0.278400
159	2.835400	1.984100	1.660400	3.425200	3.788300	0.000000	2.455000	6.899600	2.905000	1.942700	1.246100	1.767700	0.454200	1.643700	0.691800	2.428700	1.665600	1.287500	1.118000	1.581800
160	0.118200	-0.324200	-1.543100	-0.567800	-1.077400	-0.678400	-0.507000	-0.261600	0.000000	-0.360200	-1.003700	-0.914100	-0.684100	-0.910000	-0.218600	-0.078700	-0.617600	-0.528300	-0.581000	0.076600
161	3.733800	3.120600	1.612900	3.333900	2.482000	3.235700	3.212200	2.748200	2.816000	2.860700	1.155900	3.842800	4.422400	3.602300	4.261200	3.685800	0.000000	6.028400	1.100700	3.260500
162	0.639600	0.022300	5.703400	4.187100	6.267500	7.212000	15.084500	2.111000	0.000000	2.748400	6.061300	12.169500	7.571800	8.443800	3.189200	4.490900	33.726310	16.861400	12.648100	12.269800
163	1.990200	1.452700	0.000000	1.516100	0.684500	-0.392800	1.091900	1.765700	1.869900	1.737400	-0.101600	0.807300	1.114300	1.232200	1.902400	1.868000	0.667900	0.852600	0.684100	1.812500
164	1.379400	0.446500	0.040400	0.552400	-0.041800	0.277500	-0.300400	0.900300	1.269800	0.921500	-0.593500	0.282700	0.000000	0.219500	0.784500	1.233900	0.528000	-0.036100	-0.401900	1.115000
165	3.161700	1.469200	0.097000	0.000000	-0.460700	2.912400	6.941100	1.007600	2.056900	1.798400	-0.151700	2.081800	5.152300	3.357500	3.874900	2.142300	13.299000	5.546900	3.178100	1.845000
166	3.903800	2.486900	0.000000	2.177100	2.799800	7.669800	3.092200	3.210600	3.516100	2.991600	0.041800	2.546800	3.836400	2.750600	4.820100	3.727500	2.101900	3.823800	-0.039500	2.935200
167	1.085600	0.247900	-0.539500	0.112700	-0.561700	2.073700	-0.087400	-0.002400	0.485600	0.785700	-0.894400	-0.096200	0.000000	-0.100100	0.778400	0.672700	-0.224500	-0.687400	-0.922100	0.481200
168	4.410900	2.635400	0.000000	2.684300	1.737700	4.657200	2.959700	3.675100	4.135900	2.904500	0.228500	2.600300	4.856000	2.381800	5.479200	2.979800	4.303700	0.788200	0.026000	3.157000
169	1.623500	-0.479400	0.806300	-1.558000	0.065900	2.854300	10.392900	-1.415600	0.206500	0.000000	1.310500	4.743300	4.030900	4.060100	4.117300	1.658500	25.182850	14.364200	12.565100	13.240500
170	3.029200	2.047300	-0.107800	1.382400	0.421800	10.084700	0.681400	2.614200	2.941800	2.313400	0.165100	0.000000	2.321600	1.716500	3.251400	1.959800	1.770500	1.875700	1.867500	2.239800
171	1.810200	0.776900	0.275100	1.004300	0.155000	5.100900	0.243600	1.134000	1.488600	1.638500	0.264000	0.000000	1.391100	0.271400	1.948400	0.858500	0.294200	0.247100	0.264500	0.208000
172	4.135900	4.242800	2.547800	5.419100	5.070100	5.378100	3.624100	4.793500	4.991900	4.948300	2.488500	3.738100	6.200200	4.281600	6.181500	3.866900	2.040500	0.000000	1.028400	2.354500
173	1.227600	0.790600	-0.349600	1.363500	1.131000	2.570200	-0.564200	0.272400	0.258700	0.310200	-0.246100	-0.479300	1.364100	0.387800	1.479100	0.000000	-0.784100	0.182100	-0.613800	0.519100
174	-0.874900	1.113800	-0.711100	1.925800	1.076400	5.447900	-1.267500	1.383500	0.079300	0.600800	-1.040200	-1.008600	0.898500	0.000000	1.248500	0.320500	-0.361300	-1.334600	-0.791900	0.312600
175	1.087900	0.986100	0.504700	2.086500	1.760400	1.153400	-0.063100	2.224600	0.972400	0.932700	0.194100	0.000000	1.205700	0.835300	0.990000	0.693300	0.658800	0.513800	0.358800	0.445800
176	-0.045100	0.660400	1.986200	-0.951300	-0.356600	5.127500	6.457900	0.000000	3.227400	1.914800	1.693000	3.828300	5.170900	3.987100	5.385200	3.130600	17.962900	17.562100	12.503100	34.163840
177	3.493300	2.144300	0.803400	0.000000	-0.510800	1.240400	3.282200	2.407400	3.696500	1.747000	-0.411200	2.221000	3.012900	2.852600	4.364900	3.045400	12.331000	12.555400	6.565300	18.410500
178	2.712200	1.675700	-0.317800	0.000000	1.562900	7.001600	1.927600	2.370500	2.058700	1.415900	0.551200	2.005600	3.940300	2.848900	4.612800	2.644800	11.481200	7.880100	6.484000	15.894700
179	0.814100	0.000000	11.713700	6.453900	14.467200	7.226600	24.644500	5.805700	1.998100	2.507200	10.821600	16.934100	15.657200	12.847300	12.954600	11.339200	54.497900	36.244944	32.917850	62.801900
180	5.259100	3.561700	0.211500	0.886600	0.017600	6.377300	6.192600	2.350300	4.411800	2.957400	0.000000	3.062300	4.424200	2.426000	5.211400	3.207400	24.393880	16.434400	11.071800	18.226500
181	2.616100	1.514900	2.582900	2.797700	5.002600	8.474800	18.243800	3.647300	1.846100	0.845300	4.755000	18.460800	3.261000	7.079100	0.000000	3.331500	17.177200	16.439200	7.581600	21.665600
182	4.801300	2.835100	0.000000	2.948900	2.947600	11.222800	7.706400	1.798300	3.195400	2.362100	0.216500	3.465000	3.211400	3.760900	3.288600	3.146100	22.411100	12.627800	8.251000	3.697800
183	0.524900	0.000000	0.970200	-0.298300	0.106800	4.372600	0.311200	2.304900	1.068800	0.690700	-0.052300	1.515800	2.709200	-0.197000	2.487900	1.281500	0.961400	1.157700	-0.337700	3.826300
184	0.000000	4.084800	5.243500	9.104300	10.855400	11.449800	4.881500	8.428000	5.220800	4.609200	5.793800	5.323000	8.128200	5.967600	5.439100	5.097400	15.147900	16.196600	14.264200	10.951700
185	1.647500	1.067600	-0.090600	0.271500	-0.476000	-0.537000	0.030900	0.928200	1.795700	0.773600	-0.477900	-0.282600	-0.031200	0.394400	0.000000	0.170400	1.615300	0.626600	1.117600	1.424200
186	1.889300	0.888600	-0.228200	0.848800	0.552700	0.244000	4.971700	2.407400	2.293800	1.398200	0.391900	1.733200	0.000000	2.040700	1.261000	1.928200	13.904800	11.978300	7.625600	7.491200
187	1.582100	1.327700	-0.390400	1.378000	0.953300	0.652400	0.256000	0.000000	0.360700	0.941200	-0.519400	0.011000	1.071700	0.797000	1.773100	0.143200	1.001900	0.318200	0.133800	1.191800
188	1.706000	1.101300	0.248900	0.774900	0.000000	5.021500	0.005400	0.796200	1.346100	1.011100	0.118700	0.457500	0.781700	0.996100	0.770600	0.798300	0.584800	0.557400	0.448100	0.892100
189	0.257700	-0.100000	-0.082900	0.117000	0.078900	-1.170300	-0.904200	0.045400	0.114700	-0.058100	0.243700	-1.001400	0.000000	-0.638300	-0.095800	-0.235200	0.030400	-0.061000	-0.138900	-0.717700
190	0.000000	2.543500	2.106600	4.338100	4.280300	5.286400	2.190800	3.339000	2.634200	2.361500	1.933800	1.851000	2.224600	2.187200	2.427800	1.948800	2.000700	1.722700	1.733500	2.366500
191	1.846100	0.559500	5.953200	3.460200	6.768300	4.185100	7.581800	1.117000	0.000000	2.400700	5.005100	7.590000	8.043300	6.934600	5.747400	3.467400	14.095700	11.878800	14.061500	41.446990
192	1.766700	0.442000	-1.474100	-0.062900	0.727700	0.323200	7.416400	-1.197000	0.000000	0.510300	0.291300	4.884000	3.083800	3.603900	1.806500	2.163200	3.766500	7.043200	8.014100	24.684300
193	2.117500	2.012200	0.000000	2.696600	1.628900	2.806700	1.142000	1.794900	1.754000	1.881100	0.324200	0.905100	1.680700	1.452800	2.058500	1.617300	2.018000	1.159800	1.106200	2.702600
194	1.422600	0.785900	0.058400	1.067800	0.610900	4.477300	1.128900	0.852500	0.575900	1.278000	0.061800	0.856500	0.804900	1.455300	-1.719700	0.453900	1.116600	0.400900	0.000000	1.063500
195	2.401000	1.839800	1.519700	2.272800	2.126000	0.000000	1.973300	2.148200	2.140000	2.350300	1.403000	1.665200	0.671900	1.656500	0.973400	2.206600	1.842400	1.451700	1.257700	2.364500
196	0.000000	3.362500	5.587400	9.279200	9.299800	2.999200	6.437700	9.469900	4.786200	4.337900	4.874700	5.754200	4.597000	5.471600	4.706900	5.068400	5.899400	5.966700	5.869200	6.675000
197	3.433200	1.780800	0.446800	0.091800	-0.671100	0.451900	6.879200	2.349400	3.534000	2.403300	0.242900	2.351100	4.046300	2.435400	2.127100	0.697100	14.128700	11.428200	2.489500	0.000000
198	2.114400	1.374100	-0.163600	0.000000	0.107700	4.184700	-0.588900	2.027600	2.206000	1.765800	0.430500	0.277000	1.237700	1.099500	2.876000	1.538400	2.390300	4.655000	3.355800	2.687000
199	1.457300	0.405600	-0.395400	1.584400	0.214600	3.489700	0.392200	1.567300	1.221800	1.103200	-0.165700	0.070000	0.000000	0.133400	0.522400	1.047200	-0.321900	-0.185200	-0.234500	0.688900
200	1.694600	0.000000	8.726900	5.552000	9.366600	6.855400	23.515850	5.445200	0.829900	3.869000	6.658800	13.805700	13.558700	9.032200	7.563000	6.121600	49.828600	37.499470	30.658450	51.312700
201	6.194500	4.644500	1.567600	3.893800	5.606700	6.632200	5.580600	3.644400	5.190200	4.561800	1.315000	3.663500	6.023300	3.906800	6.326800	4.423800	3.155200	0.000000	0.584400	3.563900
202	1.148500	0.259900	-0.707600	0.417700	-0.466100	2.971900	-0.475500	0.278400	0.292900	0.838600	-0.727100	-0.115400	0.000000	-0.131500	0.823500	0.297700	-0.757000	-0.385100	-0.441200	-0.020400
203	0.000000	-0.383400	-1.110200	0.723900	0.480800	4.008900	-0.577100	2.851700	0.096500	0.236500	-1.259100	-0.917200	-0.308600	-0.255300	0.519800	-0.681800	-0.475300	-0.818100	-0.936100	-0.751600
204	1.947400	0.000000	3.227500	4.205000	6.610900	6.821700	15.137200	4.258900	1.663400	2.136900	5.128200	9.523100	7.324500	7.549700	6.853600	4.564000	31.193220	19.884600	17.592500	57.565400
205	1.760900	0.605300	-0.103400	0.000000	-0.226000	4.869200	0.961000	0.739600	0.856600	1.123900	-0.316700	0.489900	0.503100	0.217200	1.187000	1.121600	0.478700	0.649700	0.588500	1.260200
206	1.167100	0.422300	0.159200	0.769900	0.379600	2.149500	-0.098500	1.105600	0.946800	0.985100	-0.325200	0.000000	0.689600	0.070700	1.307200	0.864600	0.372600	0.064400	-0.102900	0.633900
207	1.628400	1.727100	1.593300	1.910000	1.317200	4.459100	1.066800	1.245700	1.674900	2.034400	1.507000	1.779300	2.439900	1.545800	2.115400	0.000000	2.140900	0.583100	0.269200	1.941400
208	0.000000	2.521800	2.425700	3.509200	4.658400	5.380800	1.264200	3.224400	2.385500	2.452100	2.509700	1.280200	2.650100	2.506900	2.600700	1.944500	2.608900	2.428300	2.453000	2.435400
209	3.784500	2.410300	-0.133700	0.781800	0.000000	3.198400	2.570300	2.634700	3.498100	2.247200	1.015400	1.754800	4.071500	2.072300	4.765000	3.412800	2.752900	4.333400	1.763900	3.722500
210	1.643600	0.187400	0.104700	4.230200	5.031900	-1.348300	-0.550500	3.880700	0.561300	1.093900	0.009900	0.022900	2.260400	1.055800	2.728400	0.410300	1.042300	0.002100	-0.262000	0.000000
211	3.849700	2.591900	1.516200	1.933200	3.144400	4.149100	0.000000	1.684700	3.149100	2.519000	0.781900	1.279400	6.536100	3.796700	5.736500	4.027400	16.262000	5.049100	8.381400	23.594000
212	2.780200	1.440100	0.203500	-0.885000	-0.305000	4.499100	15.186700	0.000000	1.496600	0.590400	2.951100	7.448700	6.175200	4.882500	6.112000	5.425200	25.689100	13.240200	10.854300	12.432900
213	1.986100	1.740600	0.473700	0.000000	0.544800	7.060000	6.033200	2.259000	3.334700	1.552000	-0.501000	4.743900	4.049600	7.162800	4.115900	3.538100	19.223700	9.684600	6.182600	6.708700
214	2.070700	1.098600	0.248100	0.864300	0.627300	1.786800	0.520700	0.533400	1.187100	0.838200	0.326200	0.370300	4.452400	-0.445600	4.197200	0.549000	2.025000	2.641100	1.710400	0.000000
215	0.420000	0.000000	3.367500	-0.640400	1.016100	4.909600	10.794800	1.567100	0.283900	0.084500	3.860100	6.108800	8.633900	5.644200	6.447400	4.421500	19.356800	13.585200	9.238900	23.622200
216	0.000000	6.444500	16.334400	13.410600	18.534700	13.820100	29.004750	14.667100	9.238600	8.649900	17.401500	24.088040	20.291300	18.563900	16.335600	14.585700	66.514200	51.365900	43.452440	83.531000
217	-0.866300	-2.424600	-3.843600	-2.206300	-2.257100	2.392500	-3.398600	1.448700	-0.597800	-1.926300	-4.652400	-2.686700	0.000000	-2.031800	0.843700	-0.842200	16.461700	3.108200	12.758100	-0.594100
218	2.266700	1.259100	-0.928300	0.000000	-0.084800	5.784000	-0.160700	1.637200	1.571500	1.037500	-0.928500	-0.129800	1.011700	0.235400	1.991900	1.713200	0.465400	-0.004400	-0.357600	0.787700
219	0.000000	2.082100	4.228400	5.931900	8.669700	2.878000	3.706700	3.124000	3.050100	3.527700	1.594200	3.021000	2.993500	1.895400	6.502100	4.105800	9.432200	5.015100	5.070000	24.093810
220	1.577100	0.863800	1.170100	1.556600	1.872100	-0.610900	1.102300	0.678100	0.000000	1.385100	1.027200	0.913100	1.389500	1.321400	1.474400	0.983400	1.593000	1.294100	1.425200	1.639600
221	3.091200	2.272900	4.893200	3.988500	4.952200	0.000000	6.010700	6.149500	3.151700	4.147600	3.624100	4.346300	4.363700	5.376300	4.384100	4.070300	6.053500	4.039800	3.696700	5.482800
222	1.606300	0.887600	0.776400	1.475400	1.011300	1.939200	0.831200	1.208400	1.255700	1.414500	0.400300	0.602300	0.000000	0.491000	-0.004100	1.003600	1.245100	0.973000	0.878900	1.303500
223	1.232700	0.415500	-0.271700	0.000000	-0.002900	2.196000	0.591800	0.921900	0.568400	0.565600	0.039700	0.347100	2.177300	1.197100	2.150700	0.729000	0.700600	-0.492700	-0.241200	0.659200
224	3.890500	1.944200	0.404700	0.000000	0.448600	0.937500	8.915400	1.619500	2.980200	1.716100	1.636900	3.551400	4.186100	1.432600	4.714000	3.165700	21.393100	13.684500	9.010500	11.603000
225	1.232200	-0.005100	-0.986300	0.800300	0.295200	7.429100	0.000000	1.042600	0.349000	0.616900	-0.930700	-0.226900	0.469000	-0.400500	1.308600	-0.090300	-1.114600	-1.113100	-0.519700	-0.234100
226	1.748800	0.259200	-1.184500	-1.021500	-1.590700	2.915700	0.015600	0.302600	0.835100	0.731200	-1.078000	-0.290800	0.000000	0.080800	1.268800	1.064400	-1.069400	-0.862400	-1.133300	0.624400
227	2.162200	0.000000	4.767700	3.613600	3.501200	3.655400	13.608000	3.055100	1.885000	2.292700	4.333400	8.726500	7.603400	4.373300	7.136500	3.175300	16.361700	18.080000	12.877400	18.264900
228	3.154500	1.541900	-0.752700	0.000000	0.467800	4.786800	1.227600	2.123200	2.031000	1.759500	0.499600	0.811000	3.029600	1.620400	3.866500	1.080200	5.484400	5.364300	2.457100	2.861600
229	0.999600	0.024400	-0.304900	0.102600	-0.322400	3.732500	0.132700	-0.525000	0.002000	0.487700	-0.891200	-0.224600	-0.104200	0.194000	0.000000	-0.034000	-1.092700	-0.162400	-0.321700	0.283200
230	2.150900	2.051600	0.403700	0.927000	0.000000	2.683900	1.627200	1.585900	2.708400	2.641500	0.740900	1.083500	1.712600	1.576000	2.514800	1.921700	0.867900	0.771400	0.463700	1.777200
231	4.762100	3.147900	0.000000	5.428900	4.410700	4.904300	7.188900	6.766900	4.376700	2.908300	0.060400	3.303300	4.282000	2.960600	4.796400	2.983000	16.707000	9.446600	4.044700	3.900800
232	1.329500	2.359300	1.296400	3.934500	3.997800	7.044100	0.564600	4.413300	2.711400	1.623100	1.467400	0.000000	1.886100	1.282400	2.231200	1.583800	1.566400	1.045800	0.828900	1.491200
233	-1.700200	-2.899900	-1.212600	-1.008400	-0.390300	-0.688100	8.213900	0.000000	-1.418900	-3.064100	-2.666900	1.776200	0.654300	-0.316500	1.144300	-1.409700	15.819500	8.867400	9.835800	20.268900
234	2.962100	2.423500	1.338700	2.199700	1.859000	4.617800	2.099100	3.011900	2.788400	2.630700	2.475000	1.877600	0.000000	1.500100	0.198400	2.214900	2.400400	2.005300	1.821900	2.293500
235	5.139700	4.448300	3.772100	4.882300	4.565600	5.874500	0.000000	3.697300	5.422700	4.329600	2.881400	2.377400	9.187600	5.058700	7.808400	5.365800	13.320500	13.371300	9.060900	5.837200
236	4.586400	3.285300	-0.745200	0.000000	-0.817100	6.583200	7.663100	1.781600	3.681700	2.263600	0.668600	1.785000	4.794000	1.781800	5.059600	2.487600	9.684700	12.260100	5.686200	41.069330
237	0.000000	-0.435200	4.503900	5.752400	7.452900	1.059300	18.996800	3.571700	-0.277200	-0.606900	8.439000	14.539500	11.714000	11.341800	6.812400	5.843900	44.811660	22.562800	21.850900	31.752930
238	-2.943500	-0.482900	1.258200	5.160000	5.903400	3.288800	0.429800	3.348900	0.664600	0.170700	-0.512700	-1.664700	3.600900	1.078900	2.804100	0.030400	9.598500	0.386200	0.616300	0.000000
239	0.000000	3.211800	9.378400	7.175300	10.713900	13.267100	19.318400	8.746900	4.887700	5.813100	8.225000	13.841900	13.802900	14.274400	6.924000	7.513900	30.016020	23.331800	24.806500	48.386400
240	4.424500	3.299500	1.347700	2.893000	2.009600	3.810600	4.586700	3.061600	4.027300	3.575800	1.547700	3.616400	3.042900	2.880800	4.194700	4.203500	8.166600	0.000000	0.966800	3.081000
241	1.953200	1.127000	0.074800	2.171000	2.120200	3.663800	0.320900	2.057400	1.222500	0.940000	0.439600	-0.432900	2.693500	0.523000	3.216400	0.743700	0.889200	-0.020700	0.222400	0.000000
242	2.956800	1.152800	-0.334200	-0.304900	-1.510100	3.099300	7.726200	0.000000	1.692300	0.887900	0.881100	5.911200	5.356600	4.826500	3.158900	3.044900	26.191240	17.148900	14.267300	9.362000
243	1.949500	1.168900	-0.413200	0.264900	0.000000	1.066500	1.512300	0.506700	0.768700	-0.049900	-0.550300	1.210500	1.150900	1.470800	1.711800	1.504400	2.025600	1.802800	1.701700	1.276200
244	1.033600	0.555500	-0.436500	0.928400	0.228600	4.944900	0.323100	0.411300	-0.186200	0.250800	-0.336000	-0.063500	0.000000	0.251600	0.542600	-0.316000	0.458700	0.216400	0.050300	0.374600
245	4.970600	3.846400	2.575800	4.377800	4.738300	9.905800	3.557800	3.584500	3.974000	3.646400	2.134300	2.840500	2.054900	3.980300	0.000000	2.413500	1.698600	2.739700	2.412200	2.819900
246	1.517100	1.193800	0.767500	1.384100	1.079000	0.061200	1.179500	1.356400	1.574200	1.627100	0.492300	0.860600	0.000000	0.898700	0.396800	1.361700	0.279600	0.784700	0.702100	1.535900
247	0.248700	0.000000	0.010200	0.419200	0.192400	-0.915800	0.212800	-0.539700	-0.728800	0.617600	-0.572100	-0.032600	-0.706900	-0.361900	0.000900	0.414200	-0.612800	-0.102300	-0.168900	0.423400
248	4.498800	3.394700	0.000000	2.343400	1.917100	5.121500	3.536900	2.593600	3.992100	3.368800	0.001500	3.404500	3.737000	2.419500	4.844000	2.758600	5.033600	3.068100	2.694300	2.909200
249	6.350300	5.650700	3.107400	6.311800	5.976200	14.183300	6.423900	7.178200	6.695000	5.401600	2.688700	5.247300	6.689600	5.295500	7.026000	6.234400	1.983300	0.000000	0.927500	4.271400
250	1.259300	0.369700	-0.993100	0.019400	-0.528700	3.565800	0.196000	0.275100	0.739600	0.703900	-0.812900	-0.324600	0.068100	0.201500	1.010700	0.000000	0.047200	-0.269700	-0.571200	0.908100
251	1.933500	0.898800	0.052400	1.744700	1.286600	4.622200	0.000000	1.030500	1.893000	1.709600	-0.445600	0.313900	1.331800	0.576200	1.679900	1.038900	0.836600	1.029000	0.969600	1.042000
252	5.437700	3.732000	0.000000	2.582500	2.920900	8.121700	3.667500	3.129200	4.208200	3.992000	-0.437800	4.440100	5.112300	3.948400	6.139400	3.606600	8.049000	9.922700	5.950800	6.241000
253	3.442100	2.124700	0.000000	1.613100	0.977400	9.019600	1.100600	2.930800	3.728900	2.906900	0.694900	1.531300	3.592700	2.263700	4.196800	2.908900	3.374000	1.353500	1.699200	1.687800
254	0.915400	0.516400	0.240000	1.451100	1.307400	4.301800	0.308200	1.059400	0.005100	0.847200	0.321500	0.000000	0.623700	0.451400	1.003900	0.168900	0.731300	0.531800	0.381900	0.354200
255	-0.336600	-0.383200	-0.942900	0.761800	0.224000	3.375400	-0.928100	0.833900	0.025200	0.256000	-1.067400	-0.583300	0.000000	-0.446400	0.126600	-1.052300	-0.208200	-0.595300	-0.739700	-1.113500
256	-0.673800	0.687000	0.713100	2.064000	2.167400	4.495100	-0.566100	1.556500	0.797300	0.619200	0.765600	-0.537500	0.597400	0.055800	0.776000	0.000000	0.925600	0.590400	0.349300	0.370600
257	4.307500	2.607400	0.066100	1.096000	0.635700	8.739000	2.115200	2.897200	3.349000	2.493300	0.000000	0.380500	3.946400	2.809300	4.447900	2.489300	0.891700	2.104000	-0.356300	4.844700
258	2.639700	1.788600	1.863700	1.629700	3.062100	0.644600	5.601600	1.763700	1.990400	1.029500	0.063100	4.398000	3.788400	3.677000	4.676300	1.562200	5.862100	3.275600	1.043600	0.000000
259	5.397100	4.105300	1.656800	3.184200	2.578000	5.649800	3.878900	3.562000	3.820200	3.831700	1.098900	3.279700	4.510800	3.741000	5.148100	3.297600	-0.361800	0.599800	0.000000	2.793800
260	4.551200	4.444800	2.476400	5.750400	5.559900	5.503800	10.070200	7.193700	6.280700	4.671300	5.590900	7.574600	0.000000	3.816400	4.437300	4.320400	28.402430	27.975230	17.392300	51.485200
261	4.200400	2.189700	2.039800	0.000000	-0.229800	4.369300	9.988800	2.509000	3.815100	2.154600	2.299600	9.500100	4.888000	4.373300	4.144100	3.350600	19.925800	16.088100	11.640600	18.012100
262	1.073300	0.102800	1.720800	0.603100	0.441100	3.630700	16.610500	1.152700	-0.011400	0.000000	5.222000	7.985700	4.267000	3.494400	2.552600	0.323200	42.803640	29.148570	23.822900	20.372800
263	3.554200	3.031100	1.044800	1.800200	2.707500	0.000000	11.271800	3.648700	3.927900	3.147900	2.198100	7.310700	5.250100	5.266400	6.593600	4.001900	15.011400	12.675900	11.162800	14.170500
264	4.116900	2.840000	1.576800	2.506300	2.387000	8.311800	2.051000	2.135800	2.735400	3.094100	0.950600	1.840600	3.792500	2.069900	4.932700	3.745800	0.000000	1.360300	0.767900	2.809600
265	-0.325100	-1.219600	3.803200	2.981500	6.205300	-1.531700	3.367900	0.648900	0.000000	-0.532500	1.152000	1.713100	6.510500	3.878100	5.422200	3.603400	9.983800	1.391600	4.076300	1.335300
266	2.764900	0.937400	8.711300	4.125800	5.964900	7.987300	14.134600	4.160000	0.000000	2.917000	8.963400	13.382900	11.448800	11.350200	12.106300	7.163700	34.095150	30.708200	23.462150	11.445100
267	4.089800	2.231000	-0.021900	1.162500	1.940200	6.323500	1.148200	2.444200	3.513700	2.726800	0.526400	0.953800	2.748900	1.992600	4.148900	3.010500	0.663300	0.000000	-0.453800	2.140900
268	4.374400	2.560500	0.000000	2.468100	1.790900	5.379800	6.975000	1.814700	3.365900	2.919800	0.135500	3.343900	5.164100	3.316100	5.538200	3.982700	6.993100	4.094600	2.291400	3.441200
269	1.740100	0.563100	-1.032600	-0.299600	0.663800	2.928100	-2.364100	0.000000	0.705900	0.313600	-0.757700	-1.816000	4.998100	0.941700	4.486300	0.330200	9.639800	16.334300	11.280500	28.141890
270	0.000000	4.310200	4.241900	5.921100	5.589200	12.210900	3.530700	6.346300	4.453700	4.083500	3.878600	4.000600	5.471000	4.365900	5.799800	4.080100	4.031200	4.442300	4.395800	3.383400
271	1.836800	0.000000	5.885900	5.697700	10.333200	6.121400	5.854900	4.479600	1.751400	1.522400	3.637500	8.305000	12.022500	7.094600	10.324500	5.541500	11.479600	28.008410	5.738900	16.673700
272	5.927600	4.440100	2.913600	2.895500	1.933700	9.987800	2.369300	4.455000	4.960700	4.197900	1.632800	4.157300	4.113100	4.019200	6.287700	5.093900	0.000000	3.712700	3.066700	3.254400
273	1.105200	0.384800	-0.113800	0.113800	-0.231400	-0.324700	-0.410600	0.215900	1.098400	0.332200	-0.049900	-0.433900	-0.000500	0.350300	0.000000	0.240800	0.730500	0.281100	0.338500	0.495900
274	3.231500	2.284200	2.197900	2.765600	2.138600	0.000000	1.494600	3.356500	2.794300	2.788900	1.620600	1.418200	1.614500	2.405700	2.850000	2.792200	1.807000	2.240400	2.120100	3.072600
275	1.000300	0.758500	0.545300	0.631000	0.261200	0.263000	-0.467000	0.338600	-0.011800	0.529400	0.338500	0.000000	0.571800	0.170300	0.781800	-0.080600	0.137500	0.213700	0.142100	0.279500
276	1.435800	0.781800	-0.071600	0.514200	0.382800	4.854900	-1.023700	0.000000	0.284300	0.287200	0.191900	-0.606400	0.440100	-0.469800	0.800400	0.808600	0.065200	-0.038500	-0.171500	-0.279300
277	0.757200	0.170400	-0.983600	-0.108900	-0.022900	-0.476200	-0.686300	0.000000	0.229100	0.167900	-0.988500	-0.741800	-0.344100	-0.111000	0.152500	0.212000	-0.444700	-0.445300	-1.191000	0.034900
278	5.625700	4.252800	1.831300	4.355400	3.317400	1.795700	7.078300	4.143400	4.440100	4.210800	0.444700	3.352300	2.327900	2.890800	1.950300	3.175300	16.871500	1.651100	0.966700	0.000000
279	1.774900	0.000000	1.368700	-0.333100	-0.643500	-1.937200	1.932900	-0.668600	0.458600	1.072500	0.617300	2.152200	1.389000	1.181200	2.937200	3.159600	6.669100	5.554400	4.777800	31.852250
280	3.908400	1.899300	2.887000	0.000000	0.633000	3.736900	12.719700	2.621700	3.628900	2.241700	1.217700	7.714600	4.995300	3.741000	3.320600	3.520500	19.671200	16.586500	10.371300	16.195300
281	1.824000	0.759600	0.060500	0.000000	-0.199400	3.213900	0.451000	-0.138700	1.282600	0.944400	-0.227100	0.752100	1.005000	0.912800	1.493100	1.410700	0.868400	-0.229700	-0.571800	1.486400
282	1.903600	0.658000	-0.367200	0.441800	-0.597600	1.454500	0.000000	0.928800	1.891400	1.310000	-0.125200	-0.229400	0.604300	-0.036700	1.500200	1.375800	0.487500	-0.251100	-0.438600	1.100700
283	6.106300	4.368800	0.978200	5.043000	4.147000	6.429000	4.095100	6.012000	6.061200	4.523300	1.350800	4.108600	4.899700	3.712900	5.669700	5.106900	0.683100	0.520600	0.000000	2.565600
284	1.709300	-0.074500	-0.819900	1.934800	1.713400	7.107800	-0.641500	2.467800	1.549800	0.767800	-1.096300	0.000000	1.802800	1.775700	3.860500	1.884100	0.737300	0.169500	0.133700	1.345600
285	0.605600	-0.200800	-0.398600	1.004300	0.395700	3.148600	-0.495500	0.374000	0.083600	0.118600	-0.893600	-0.545700	0.009400	0.016500	0.847000	0.000000	0.027300	0.081500	-0.072000	0.451500
286	1.727900	1.285800	0.995700	1.367100	2.410400	3.955200	2.245200	1.281700	1.485200	1.919600	1.164500	2.346700	1.901900	2.450500	0.000000	1.180100	5.348500	4.899400	5.214300	14.105800
287	1.510600	1.804700	1.897700	3.192800	3.961500	6.691800	0.732100	2.782700	2.144000	1.553100	1.626500	0.000000	1.533800	1.195600	1.747200	2.062100	1.907100	1.982300	1.685300	0.988300
288	1.609300	0.000000	-1.531400	-0.396900	2.064300	8.856700	7.832100	2.189200	2.123400	0.819900	-1.337100	2.193800	1.589800	0.995400	1.618600	1.010700	13.491100	2.535400	1.124400	7.935500
289	2.219000	1.728600	1.270600	1.134400	1.024800	1.031400	2.255600	2.087200	2.354200	1.286300	1.311000	2.150200	1.633500	2.400300	-0.059800	0.000000	1.945800	1.920300	1.643100	2.296900
290	5.750100	4.741800	3.507400	4.944300	4.056000	6.111100	7.432800	5.461300	5.043800	4.313400	2.130400	6.006000	6.726400	5.647700	6.540100	5.361100	8.479700	0.000000	0.843000	4.436100
291	1.828000	1.072500	2.333100	1.087100	2.910700	9.804700	11.138000	1.495500	0.000000	0.586900	3.815000	5.733200	5.559300	5.125900	3.332900	0.125600	26.426400	24.403110	14.932400	36.879460
292	5.758400	4.471700	0.000000	2.294100	1.373300	5.702800	10.699400	3.801200	5.494700	3.647000	1.101500	6.344100	5.533800	3.735600	5.923300	4.686800	18.570400	8.953100	6.129000	5.918400
293	3.667800	2.886000	5.461600	4.790200	7.861300	10.162600	14.447400	4.162900	2.804100	2.971000	5.431900	9.380100	5.644600	6.397700	3.132900	0.000000	21.091400	14.071100	10.350800	6.271000
294	2.339600	1.284300	0.548500	0.054600	0.031700	3.022300	4.959400	0.000000	0.993100	2.026000	3.088600	3.825100	9.305100	5.462300	6.764600	3.756000	28.266480	24.313140	16.610500	28.447090
295	-6.258100	-3.266300	-1.433500	-0.001300	3.125000	6.008600	-3.409300	-0.230500	-3.628900	-2.569600	-2.119700	-2.485500	1.241300	-1.003900	0.000000	-2.194500	2.884200	-0.315800	-0.369600	0.515500
296	-2.523600	-4.088700	-2.486500	-0.583600	0.212800	0.213800	-3.837000	-2.502000	-3.373500	-4.041800	-4.468600	-3.328700	1.502900	-1.928200	0.000000	-2.523000	5.832100	1.604500	-0.660100	-3.093000
297	3.629500	2.909600	0.917800	2.403600	2.342800	0.000000	2.065200	3.644900	4.194000	3.467400	1.560800	3.217800	5.214900	3.946600	6.229300	4.178400	9.610200	4.657200	6.869000	27.534800
298	2.454600	2.059100	0.000000	3.726400	4.241300	9.885600	4.411400	1.463900	2.319300	2.000800	0.550800	3.958500	3.809000	1.968700	4.540900	2.077400	4.506000	4.315200	1.610000	3.318400
299	4.020500	2.273700	0.993300	0.560300	0.000000	2.085400	7.494800	2.979100	3.234900	2.281900	2.260300	3.689300	6.592800	2.610100	6.258800	2.736400	20.066600	17.151200	11.757000	57.086000
300	3.794700	3.418700	1.267600	4.766900	5.019600	7.156700	3.167100	3.002800	3.781800	3.537400	0.988400	0.960600	7.058100	2.724400	6.567900	3.683600	9.774200	-0.030300	0.000000	3.133200
301	-0.108100	0.642700	0.096400	1.416800	2.260600	7.255600	0.573400	1.339000	0.727300	0.477700	0.043000	0.000000	0.616100	0.474000	0.894000	0.445400	1.754200	0.655400	0.771700	0.646500
302	0.640600	-0.448600	1.069400	0.484300	0.406600	7.269900	4.606400	1.634000	0.000000	-0.487300	-0.773500	-1.358700	6.207900	-2.319000	5.693500	1.080400	22.828400	22.283100	13.679800	34.708040
303	-0.051300	1.001900	0.703200	0.464700	0.087700	1.177200	-0.481700	0.000000	-0.764800	0.533100	0.314700	-0.133500	0.271400	0.077500	0.977300	-0.711700	0.552700	0.291200	0.006800	-0.388900
304	3.342100	2.602100	0.000000	1.572200	0.731600	3.810800	1.158400	2.049800	2.764500	3.140200	0.239800	0.439400	5.095000	2.694300	4.582100	2.061500	23.783300	21.106800	11.018100	1.429500
305	2.414600	1.500500	0.824900	1.773300	1.065300	-0.338000	0.475300	2.263500	2.258200	1.646000	0.792900	0.870400	0.717100	1.327400	0.000000	1.871100	1.344700	0.458200	0.830600	2.712400
306	1.420400	0.493500	-0.376400	0.812400	0.317500	5.453200	0.212500	0.000000	0.819900	1.000200	-1.104000	-0.089200	0.556800	-0.141300	0.332300	0.473700	-0.369400	-0.420500	-0.805400	0.712900
307	0.327000	-1.462700	1.030100	-1.427900	0.454700	-2.722100	3.153200	-1.635100	-0.712000	-1.207400	-1.175800	-1.060000	0.647900	0.159000	0.000000	-0.769500	13.287000	7.227000	4.449500	1.114200
308	5.408200	3.906900	1.058100	2.568700	1.685300	5.108200	3.982900	4.685600	4.731800	4.223400	0.937500	3.525100	5.008200	3.312000	5.672100	3.761100	4.051700	0.000000	-0.043700	2.415900
309	1.302700	0.306300	-0.236900	1.424300	1.297500	4.771800	0.437200	0.988600	1.257100	1.129200	0.001200	0.312300	1.352300	0.000000	2.006800	1.834300	2.577000	1.718100	0.546300	2.432200
310	3.467600	2.306700	0.543500	2.342200	1.339300	5.243300	1.634800	2.791200	3.355000	2.776600	0.000000	1.380500	2.449300	1.924000	3.473100	2.065700	0.035300	0.864800	-0.181200	2.404200
311	2.053400	0.031600	0.096400	-0.138500	3.058500	4.231800	11.367500	0.000000	0.702300	0.252400	-0.925000	5.876300	3.707500	2.834700	3.027400	0.228300	11.280000	8.966800	7.871600	77.226300
312	2.359100	0.832100	-0.197000	2.731200	2.512200	11.802400	0.578300	2.348800	1.382500	1.343200	0.057300	0.000000	1.024200	1.049000	1.526500	0.295500	-0.007700	0.426700	0.417600	0.519300
313	1.180200	0.571000	-0.000300	0.589200	0.155800	4.306400	-0.109200	0.237900	1.172500	1.123500	0.002300	0.000000	0.387800	0.345300	0.897000	1.019300	0.099300	0.129400	0.201400	0.812300
314	0.874500	1.272400	-0.137300	0.912700	0.566200	1.887000	0.096300	1.012100	1.051400	0.830100	-0.286500	0.120700	0.302100	0.554400	0.000000	0.574700	-0.009400	0.007200	-0.550400	0.900800
315	2.013800	3.338500	0.997100	6.032700	5.084400	6.295300	3.534100	9.993000	4.007000	2.962900	0.000000	2.674900	5.347900	3.130900	4.299300	3.431700	0.063800	1.289300	-0.503100	2.165600
316	0.000000	2.885000	3.004600	4.408500	5.482400	6.606000	2.781900	4.035000	2.804400	2.944700	3.042700	2.658700	2.841500	3.043800	2.659200	2.453600	3.127300	2.911500	2.933000	3.205500
317	5.845100	4.201600	1.598800	5.778300	5.330800	9.490500	4.973700	4.676600	4.677500	4.324300	0.912000	3.753200	6.142500	4.414900	6.542200	4.716000	3.734000	1.960300	0.000000	2.447600
318	0.181400	1.082900	1.115300	1.433500	1.852900	0.150000	1.544200	0.000000	-0.201500	0.929000	1.723700	1.558100	0.364100	1.536100	-0.547700	0.090800	1.625500	1.296000	1.233500	1.777500
319	1.407000	0.618300	0.021000	0.663500	0.002800	-0.905400	0.663100	0.786300	1.150500	1.097300	0.145900	0.398000	0.000000	0.583600	0.617900	1.072000	0.850500	1.187500	0.194900	1.106200
320	1.695500	1.215000	1.100600	1.478200	1.096100	1.512500	1.160700	1.505300	1.794300	2.035200	0.948800	1.152500	0.000000	0.905800	0.940300	1.603600	0.608700	0.872300	0.793900	1.669300
321	4.310300	2.796200	1.568100	2.206600	1.953900	3.226700	2.673700	1.628700	2.202300	2.878500	1.432500	3.506600	0.000000	2.588800	2.928500	3.156400	3.421000	2.512700	2.244900	3.276000
322	5.700000	4.112900	1.748100	6.359200	5.336700	5.481800	6.922600	4.607500	5.503800	4.186300	0.684200	4.172200	5.171200	4.613300	5.385500	4.893500	6.935400	1.036000	0.000000	3.662100
323	2.278700	1.015900	-0.486700	1.501400	0.193700	4.586800	0.773100	0.501500	1.891400	0.897200	-0.118400	0.000000	1.669900	0.802600	2.400900	1.200500	2.489000	2.077500	2.035200	1.443300
324	2.947600	2.133200	1.814900	2.585800	1.919100	4.276300	0.000000	2.754100	2.345600	2.787900	1.550800	1.740000	2.336500	1.785200	2.836000	2.283500	1.750200	1.632300	1.428300	2.192300
325	3.705600	2.716600	0.000000	1.337600	2.633400	5.847100	10.980200	2.588200	2.880000	1.743400	0.744600	3.912000	2.963300	4.673200	4.943700	3.147100	32.807889	15.234100	16.460400	41.054100
326	3.462500	2.147200	1.293200	0.174900	0.879900	8.162100	9.662000	1.285100	2.554600	2.079900	3.843300	3.488600	1.861700	5.377100	0.521400	0.000000	16.201500	16.972700	7.021000	4.863000
327	3.663800	2.398200	0.338400	1.160400	0.000000	4.975600	2.336200	1.970600	2.866900	2.835500	0.937100	2.557200	2.156600	2.151200	4.251900	3.034200	3.824000	5.758200	2.876300	3.136100
328	0.342200	-0.726500	-1.125400	2.147600	1.797500	3.966800	1.692400	2.069400	0.285600	0.100700	-1.062500	0.910800	-1.577400	-0.618700	0.037800	0.000000	0.586900	0.981600	0.602400	-0.246200
329	2.061600	0.000000	6.024700	2.559300	3.828500	4.513100	12.636800	2.955000	1.878700	2.762400	3.816200	5.019200	8.850700	6.513700	10.885600	7.693400	44.025300	34.419242	28.356920	40.643640
330	2.279100	0.000000	4.108000	1.037200	1.137100	6.949200	13.436000	2.534400	2.667600	2.255500	3.963300	9.715500	8.035700	7.395300	8.394000	4.098200	26.064280	22.510900	16.892800	36.615300
331	2.282200	1.173500	-0.242600	0.982100	0.227500	4.650800	0.121500	0.667300	1.438900	1.516600	-0.023600	0.000000	1.009200	0.873700	1.919200	1.144400	0.289600	0.223800	0.005800	1.326600
332	0.571200	0.530500	0.322600	3.867900	3.130300	3.535700	1.290100	2.686900	0.000000	0.703000	0.369500	0.576100	1.633000	1.094700	1.285000	0.803300	1.323400	5.523100	2.667600	42.686620
333	1.926100	0.450400	6.958000	3.025200	5.751400	6.961900	13.275800	1.823000	0.000000	1.536500	3.529200	10.076700	8.561900	7.444800	7.146300	3.698300	38.443360	27.222380	22.644700	45.503000
334	4.475100	3.556800	2.067800	4.272600	7.152600	5.976900	3.260900	3.498400	5.200000	3.385900	1.308200	3.619600	5.417500	5.019300	5.345900	4.121100	4.887400	2.819900	0.000000	3.421000
335	4.591100	3.426100	0.000000	1.958700	2.302500	3.041700	2.626400	3.716400	3.864300	2.903300	0.940600	3.191900	4.264600	2.967400	5.148400	3.078800	6.437500	12.519600	8.430200	15.340300
336	0.789800	2.027800	3.125000	2.877700	3.173400	0.000000	1.832600	1.253600	1.236300	2.625100	2.077200	2.525900	3.039000	2.348400	0.483500	0.441400	3.664800	3.231200	2.890400	3.263900
337	1.357300	0.826700	0.835600	1.152000	0.991200	-0.361900	1.230800	1.228200	1.386800	1.417000	0.699900	0.838300	0.000000	0.952400	0.804800	1.554800	1.329200	1.224300	1.232500	1.557300
338	2.005900	1.398100	1.429900	1.497200	1.152200	0.535000	1.395000	1.344700	1.629800	1.513000	1.397900	1.238600	0.000000	1.097200	0.208300	1.973900	1.483100	1.629300	1.632700	1.876400
339	2.398100	0.864900	0.014300	0.254900	0.139800	-0.822300	1.403200	1.592500	2.102600	1.405100	0.153100	0.808400	0.000000	0.145300	1.326700	1.463500	1.524100	1.416700	1.226400	1.649500
340	3.634300	2.254800	0.679700	2.107600	2.318100	9.212300	0.909800	2.972300	2.687100	2.166500	0.617500	0.000000	3.166000	2.098600	5.892500	2.699100	2.830900	2.948000	1.741700	4.002500
341	0.997600	0.270900	-0.074300	0.561600	-0.208300	4.158200	0.235100	0.900100	1.094100	1.041800	-0.429100	0.000000	0.339200	0.106000	0.717000	0.345600	-0.082500	-0.260300	-0.353200	0.595000
342	0.780800	-0.082100	-0.106300	0.350900	-0.087300	1.487500	-0.410700	0.631300	0.265200	0.634800	-0.074900	-0.184300	0.000000	-0.099100	0.400700	0.621100	-0.418000	-0.376300	-0.447700	0.569600
343	4.818100	3.732000	0.000000	1.439800	1.038900	6.973100	3.904400	3.161800	4.667400	3.136900	0.960900	4.299400	4.767400	3.064200	4.676300	3.682400	14.804200	7.722900	3.289100	5.728600
344	3.708600	2.622800	0.000000	1.644300	2.026900	5.967700	2.321700	1.892100	2.861500	2.656000	0.494000	2.048200	2.824200	2.459100	4.319000	2.412700	7.491600	5.743700	8.626800	4.608100
345	0.671600	-0.115200	-0.601400	0.056000	-0.693500	3.060300	-0.041700	0.606700	0.521700	0.558000	-0.936000	-0.112400	0.000000	-0.370500	0.533600	0.248300	-0.385000	-0.588600	-0.724000	0.401700
346	2.919800	1.698900	-0.146700	1.250700	0.443600	4.991700	0.000000	1.939100	2.788600	2.170000	-0.195800	0.537300	1.787800	1.384200	2.688500	1.896200	0.712500	0.580100	0.384400	1.488600
347	5.563500	3.926100	0.000000	3.911400	3.073100	5.367600	8.119100	3.623000	5.042700	4.124600	0.339900	4.276700	5.317200	4.139600	5.930200	4.610200	8.533900	6.221500	2.342100	4.892600
348	1.721500	1.139600	0.573700	1.643900	0.964600	3.400100	0.468300	2.096900	1.355000	1.584200	-0.110400	0.434800	1.338400	1.030700	1.937300	1.528100	-0.141700	0.000000	-0.189800	1.451000
349	1.248100	0.338300	0.102100	1.038800	0.512800	6.976700	0.000000	0.382500	1.191700	1.314800	0.243800	-0.028200	1.079000	0.226200	1.696100	0.441700	0.900500	0.593000	0.475400	0.195100
350	-0.115500	-0.126300	-1.575000	0.465200	-0.166200	2.897100	-0.853200	-0.440100	-0.179200	0.083700	-1.502700	-0.936000	0.000000	-0.608200	0.496700	-0.715800	-0.187200	-0.884100	-1.090400	-0.642300
351	5.451200	5.242900	3.018100	5.989100	5.293500	10.179000	5.055100	5.609900	5.454300	5.044900	2.510500	4.680900	6.978400	5.599200	7.068100	4.723300	4.647500	0.000000	1.016900	4.903600