SITE	GLY	ALA	LEU	VAL	ILE	PRO	ARG	THR	SER	CYS	MET	LYS	GLU	GLN	ASP	ASN	TRP	TYR	PHE	HIS
1	-0.050000	-0.057900	-0.314200	0.132600	-0.026000	0.071700	-0.462300	0.061000	0.092200	0.086700	-0.673100	-0.401700	-0.010700	0.000000	-0.203400	0.072000	-0.070800	-0.066900	-0.695700	0.182900
2	2.930400	2.235500	0.450200	0.675900	0.000000	4.327600	1.509100	0.805700	2.745100	1.541300	0.965500	1.162500	2.584100	2.102600	2.992700	2.398900	2.339700	2.278200	2.276000	2.767000
3	4.607700	3.162900	-0.679000	0.000000	-0.269200	5.304600	5.096100	1.924700	3.515600	2.071100	-0.129300	4.913700	3.494100	2.793500	3.473700	2.526300	8.186900	8.895530	3.090500	3.954500
4	-0.413700	-0.108200	-0.667900	0.807800	0.670900	0.152300	-0.229800	0.754100	-0.388900	0.654000	-0.362400	-0.489600	0.217400	0.024300	-0.322800	0.000000	-0.473900	-0.433900	-0.479300	0.156600
5	0.355600	-0.837400	0.318300	-0.072500	0.653200	-2.082800	-0.688100	1.253000	0.000000	-0.315200	-0.889200	-1.044200	0.480200	-0.197100	1.882300	-0.217300	-0.669500	-1.242900	-1.442600	-1.185800
6	1.319000	0.867200	0.512800	0.000000	-0.255200	1.778200	0.595100	0.141600	0.812800	0.603500	0.300300	0.269000	1.113500	0.332100	0.751900	0.538200	1.565800	0.796600	0.802200	0.921200
7	0.937500	1.220400	3.209000	4.307500	3.755000	11.079990	2.175000	3.102600	1.301400	1.318200	2.678400	2.640500	2.519600	2.854700	0.000000	1.308200	3.017400	0.839900	0.591600	1.889600
8	1.816800	1.013800	-0.537700	-0.340900	-0.964500	3.193500	-0.478800	0.000000	1.240700	0.359800	-1.124100	-0.811500	0.331400	0.107800	0.607300	1.059800	-0.202700	-0.429400	-0.432900	1.005500
9	6.395000	4.997100	0.858900	3.039800	1.791200	6.318200	4.074300	4.908600	5.944300	4.131800	0.000000	3.620900	5.098300	4.046100	5.705000	4.556200	14.179190	8.641300	7.122200	28.052110
10	1.808500	1.059500	-0.845500	-0.471000	-1.156300	1.048300	-0.227500	0.000000	0.977100	0.437000	-0.596100	-0.402800	0.392400	-0.123100	1.635700	0.477400	1.273100	0.297400	0.197000	1.159900
11	6.320400	4.508500	0.000000	1.492400	0.360900	7.789400	4.677500	3.204400	5.556200	3.558800	-0.303900	3.404600	4.398200	3.270400	5.528200	4.279800	3.867200	0.466100	-0.838600	2.564200
12	0.795500	0.428700	-0.819200	-0.532600	-0.828000	3.893600	-1.238000	0.000000	0.103000	0.035000	-0.940500	-0.596500	0.439900	0.091600	0.867000	0.739600	0.938200	0.682500	0.523400	0.523500
13	3.350000	2.091300	2.479300	-0.167500	-0.803800	1.058200	3.080600	1.148800	2.839900	1.486000	-0.906800	1.769500	1.891300	0.795800	2.868500	0.000000	1.659500	1.641400	1.416500	2.687400
14	0.121400	0.000000	-0.188600	1.760600	1.755200	2.946200	-0.230600	2.092600	-0.697800	-0.475300	-0.596800	-0.477900	0.001800	0.105500	-0.336500	-0.179600	0.090800	0.142000	-0.380700	0.417800
15	0.467900	-0.067300	-0.910900	0.053800	-0.155600	-0.753200	-0.391600	0.195000	0.424100	-0.029100	-1.169400	-0.636700	-0.580100	-0.280700	0.059300	0.000000	-1.011400	-0.860800	-0.960800	-0.257900
16	2.842500	2.181100	0.106300	0.000000	-0.086800	6.057600	1.422800	0.982500	2.404700	1.380200	0.003600	1.165100	1.939200	1.506600	2.589000	2.376700	1.128100	4.347400	2.495700	2.363500
17	0.330000	-0.947000	-0.208500	2.632500	3.360100	0.029000	-0.950200	1.432100	0.000000	-0.665900	-0.327200	-0.457500	-0.068300	0.175200	-0.166300	-0.592800	-0.219100	-0.471000	-0.386400	-0.397100
18	3.629800	2.217100	1.085700	1.232400	3.188500	0.000000	3.615400	3.248800	3.343000	2.559800	1.630100	3.551200	2.339000	2.603500	3.156800	3.275000	6.918100	5.233300	4.631800	4.952400
19	3.111000	2.061300	4.871300	1.269200	2.221500	2.566800	17.569570	1.850900	2.879400	1.411800	4.352000	8.981200	5.092400	8.607800	0.000000	2.113700	32.579400	17.555560	8.913100	52.438400
20	0.000000	3.139100	7.371300	7.914100	8.412280	11.394300	5.463900	8.100800	5.057400	4.329700	4.339600	4.832100	6.194100	5.318900	6.620500	4.743700	11.583210	7.435600	8.426280	13.336920
21	3.005600	2.123800	0.786900	2.837000	2.027500	7.139800	0.883600	1.857400	2.754400	1.801500	0.306900	0.864200	1.386500	1.472500	1.994600	2.039000	1.177900	-0.627200	0.000000	1.693000
22	0.276600	-0.011000	-0.903200	0.095300	-0.209300	-0.427900	-0.870000	0.000000	0.271200	-0.327200	-0.540400	-0.806800	-0.385200	-0.391300	-0.129500	-0.003600	0.213300	-0.055700	0.088000	0.564700
23	5.658500	5.137600	3.476700	4.748500	4.167900	9.115200	0.000000	4.983500	5.359200	4.902300	3.589200	4.482400	5.059100	4.808700	5.614700	4.851400	5.805000	6.382700	6.216400	6.125100
24	0.992700	0.000000	-1.054900	-0.791700	-2.068700	-1.770800	-0.165900	-0.054700	0.624200	-0.254100	-1.308900	-0.526600	-1.046600	-0.313900	0.105900	0.660000	-0.679400	-1.059600	-0.413100	0.588700
25	0.000000	1.204500	7.185800	4.676900	7.555200	6.973500	20.866530	3.258900	2.344500	1.562500	9.585750	11.062400	13.265160	13.115650	5.155800	8.791400	41.364800	19.382394	24.566720	34.552300
26	5.800900	4.330200	0.590900	0.868800	0.000000	4.591600	4.940300	2.240000	4.501100	3.598100	0.752800	1.064800	6.103000	3.327900	5.899400	3.696800	8.026900	4.614900	3.285500	5.939500
27	3.510100	2.399700	0.000000	4.061600	2.024300	4.186100	1.487900	3.907000	3.392700	2.165700	0.448700	0.988200	2.795000	2.255300	4.152200	3.094100	0.981600	0.819400	0.284700	2.650900
28	4.940700	3.472900	-0.466100	0.000000	-0.800200	3.718900	8.674500	2.412900	4.274200	2.500300	0.322300	3.894700	3.151100	2.517000	3.629000	2.539200	12.221730	9.205370	8.679700	4.598600
29	2.561000	3.490100	1.833100	3.877400	3.127400	7.287700	1.087500	3.029000	3.613900	2.587900	1.253700	1.097300	2.566500	2.421800	1.867200	0.000000	3.689400	3.441800	3.344900	3.315700
30	0.000000	2.381000	1.965300	3.339100	4.039500	4.242900	1.887200	3.186600	2.343400	2.333300	1.663800	1.579200	2.061200	2.139900	2.103000	1.702000	1.461700	1.871300	1.857500	2.081300
31	1.147900	0.779900	0.343000	0.000000	0.161900	5.120400	0.868800	0.166500	0.522700	0.549700	0.085200	0.772700	0.486600	0.948300	1.886900	1.033300	1.135300	0.324300	-0.095400	1.404600
32	0.884100	0.642700	-1.761400	-0.278200	-1.082300	-0.749900	0.288600	0.341100	0.857600	-0.037100	-1.557100	-0.188200	0.162000	-0.134300	0.597100	0.087200	-1.197300	-0.929300	-1.054500	0.000000
33	0.000000	1.490100	2.983300	5.145800	4.823700	5.544500	6.124000	5.338800	2.769700	2.683900	2.604500	4.360600	3.362600	2.825200	5.364500	5.026000	8.419400	8.462200	5.469800	24.961360
34	3.701700	2.616700	3.379600	3.274000	5.184800	0.000000	1.877000	3.169100	4.094100	2.439500	-0.641700	4.192300	3.774500	4.006100	5.553900	4.705000	14.122130	10.521540	5.584000	52.638000
35	5.074300	3.715100	0.000000	1.835400	1.170700	2.799300	3.678500	3.380400	4.681700	3.337400	0.292500	2.852200	3.865800	3.573000	4.844500	4.117900	3.970700	2.652100	2.066600	3.209500
36	6.712200	4.979400	0.070500	1.256200	0.000000	9.350940	6.863200	4.138900	6.116900	4.058000	1.359200	5.273400	5.110800	3.063000	6.446700	5.202700	16.732270	8.587420	6.150900	10.275910
37	3.334600	2.107400	0.363400	-0.093500	-0.164400	2.985300	0.000000	1.285100	2.100200	1.835600	-0.279200	1.005700	2.667400	1.974900	4.168400	3.125100	2.067300	1.142900	0.980400	2.612500
38	0.000000	3.022600	15.775240	11.925130	14.923320	10.054170	13.577030	7.974900	4.890700	7.282100	9.028970	14.074980	13.105730	13.865570	12.852730	11.253080	37.311100	37.758200	34.621600	24.644920
39	0.000000	0.096600	-1.486200	-0.223500	-0.712100	0.986100	-1.051800	-1.153000	-0.472400	-0.348900	-1.340400	-1.159500	0.348500	-0.548000	0.729500	-0.677100	-1.055700	-1.971500	-1.109900	-0.146700
40	1.494200	0.390600	0.231500	1.951000	1.943200	-0.431300	-0.072000	3.608000	1.148800	1.252800	0.743000	0.000000	1.962600	1.781600	1.938400	0.812800	2.193200	1.112600	0.727200	1.368700
41	0.368200	0.570700	-0.499200	0.139900	-0.041500	1.041500	-0.263700	0.226700	0.400700	0.305000	-0.485100	-0.468600	0.152800	-0.032300	0.253500	0.000000	-0.461500	-0.502000	-0.619200	0.103900
42	0.676200	-0.142500	0.238900	1.774700	1.649300	4.572900	0.404400	1.048800	0.666200	0.515400	0.419000	0.398400	0.220800	0.555400	0.000000	0.622200	0.627300	-0.544900	-0.695300	0.630000
43	0.582000	0.392800	-0.799700	-0.482500	-0.896400	0.247600	-0.117100	-0.411700	0.375900	0.153000	-1.005900	-0.466800	0.175600	0.119500	-0.184100	0.000000	-0.697100	-0.579000	-1.155400	0.341400
44	5.505400	3.625700	0.530100	4.437800	3.012700	5.442500	6.001800	4.256900	4.503900	3.412400	0.603800	2.847500	5.060400	4.128900	4.897800	4.504100	3.327500	2.387400	0.000000	3.957400
45	2.233300	0.620200	-0.750000	0.048900	-0.624900	4.084400	-0.436000	1.051700	1.729400	0.327000	-1.091800	-0.563100	0.000000	-0.112700	1.072500	0.611500	-0.300100	-0.865300	-1.133200	0.095000
46	5.889300	4.539100	0.000000	1.879400	-0.105600	6.228700	4.704600	3.863900	5.545500	3.575300	0.847400	2.895200	5.066400	2.682600	5.725500	4.076400	10.922690	9.714960	4.188500	3.169600
47	0.926500	0.140400	-1.912700	-0.578400	-1.549700	1.302100	-2.438700	-0.409900	0.881600	-0.376900	-1.643800	-1.621100	-0.944800	-0.881900	-0.067900	0.000000	-1.193900	-1.402200	-1.593400	-0.415400
48	5.298400	3.412100	-0.512000	0.000000	0.214600	7.658100	11.162290	2.582400	4.876900	2.637900	0.927700	7.073700	4.737400	5.006500	4.604800	3.239900	13.390410	8.130500	7.362000	13.789600
49	2.481400	1.732600	-0.282300	0.000000	-0.635600	4.808700	0.948300	1.305700	2.208700	0.821800	0.295500	0.314800	1.090300	0.582500	1.765100	0.509700	0.959200	0.173800	-0.050800	1.185000
50	3.671300	2.585500	2.021000	0.702900	2.898300	3.739700	17.527200	2.933500	4.424500	2.359700	5.443800	10.071740	7.798700	5.595700	3.124600	0.000000	25.731180	24.348650	15.803800	10.174340
51	0.193300	0.492000	-1.153000	0.917000	0.291400	1.911300	-0.660300	1.412500	0.339100	0.078300	-0.892500	-0.841700	-0.293600	-0.355000	0.000000	0.018400	-0.884700	-0.806800	-0.920700	-0.084100
52	4.076400	2.940100	0.000000	2.407900	1.384700	4.776500	5.604600	3.584900	3.299800	2.704700	-0.093600	0.601300	3.576000	1.759200	4.576400	2.980700	10.308670	7.590300	4.832100	3.331700
53	0.169600	0.590000	0.521900	0.718500	0.278600	0.858300	0.298800	0.608600	0.039400	0.234700	0.266800	0.344800	0.091100	0.149700	0.000000	0.311900	0.309100	-0.092200	0.317500	0.526400
54	3.487500	2.374300	1.312100	3.045300	2.517300	9.822070	1.593400	2.993900	2.825300	1.414800	0.893600	1.313900	1.306800	0.937200	-0.540600	0.000000	1.596200	1.225400	1.049600	1.104100
55	1.826000	1.426000	1.188800	2.102100	2.681700	0.000000	1.796200	2.659500	2.285300	1.825800	1.416600	1.576400	0.751100	1.006100	1.816800	2.102600	4.030500	2.338800	1.985800	2.277800
56	1.714000	0.575400	-0.800800	-0.446800	-1.021300	1.728400	-0.202600	0.000000	0.389900	0.225400	-0.866200	-0.278900	-0.057900	0.101400	1.072100	-0.573300	1.299600	-0.207100	-0.178800	0.553800
57	4.266900	3.160900	0.453600	1.406800	1.534400	5.123400	4.662200	1.795400	2.465600	2.532300	0.000000	2.839700	3.379800	2.697000	5.651600	3.825100	8.810800	8.639500	7.451700	4.662900
58	3.165900	1.900100	0.000000	2.453200	1.747000	-0.621400	1.700700	3.661900	2.768000	2.172300	0.869800	1.192100	1.442500	1.134700	2.988900	2.485700	-0.633500	0.608600	0.325500	0.894500
59	2.269600	1.589000	-0.648600	0.219800	0.037600	1.798700	0.000000	1.387600	1.856300	1.775900	0.443000	-0.659100	3.080900	0.942400	3.674600	1.054000	16.598470	17.757710	9.492360	25.763340
60	4.568000	2.739900	2.575800	2.573400	3.842500	0.000000	3.181800	2.666300	3.856500	2.964200	1.007800	4.709600	0.855500	3.693800	3.084700	4.012800	6.545400	10.697330	6.361600	6.652200
61	3.537800	1.614900	-2.111900	-0.345900	0.129900	4.882500	11.859450	0.000000	2.087900	0.976500	-1.107600	5.718100	3.459200	2.734100	3.443400	2.230300	17.418990	8.815900	5.200200	18.027680
62	1.555800	0.950600	5.667500	1.409100	5.704700	2.819200	26.156210	2.209500	0.000000	0.329600	6.153700	17.221810	12.229590	10.814430	6.014900	1.841300	39.773700	45.165900	31.494200	34.547000
63	5.942800	4.313500	-0.159000	1.139200	0.000000	2.237400	4.486100	3.618800	5.398900	3.451500	-0.415000	3.739400	2.100700	2.752300	4.655500	4.077600	7.494200	4.863800	0.310300	2.822500
64	3.189500	2.024700	1.623800	2.601500	3.343400	4.807000	3.470200	2.306700	2.395600	1.870500	2.305200	1.621300	6.404500	2.859500	6.277700	2.268000	9.564540	3.700800	2.314000	0.000000
65	7.034500	5.915500	3.032400	4.784000	3.778400	4.902900	4.194100	6.624300	6.886400	5.600400	1.979500	3.735600	6.050700	3.278600	6.064600	5.558100	0.000000	1.348300	0.549000	4.301300
66	-0.373400	-1.563700	-3.248800	-2.009800	0.808900	0.747800	7.232700	-1.833600	-0.626400	-1.390100	-1.806700	0.962200	-0.570700	0.863900	-0.235700	-1.710700	9.799530	5.467300	4.437300	0.000000
67	0.000000	5.328900	17.521583	15.753150	18.996462	16.182510	14.039240	14.090280	8.518940	8.763750	11.074690	12.776180	17.099940	14.272920	15.902370	15.638660	35.433900	35.765500	32.003300	49.171100
68	3.846800	3.185500	0.000000	1.971900	1.051700	2.571200	4.962300	2.453200	3.056700	2.804900	-0.180600	3.181500	3.822500	2.454100	3.461400	3.193000	7.020900	2.354300	-0.415500	2.607800
69	0.290500	-0.490600	-0.998400	0.058000	0.298100	-1.269600	-1.160300	1.009900	0.303900	-0.178800	-0.953200	-0.959700	-0.179100	-0.276600	0.363400	-0.418700	-0.107800	0.241700	0.000000	0.501400
70	-1.546400	-0.349300	-2.147200	2.230000	2.230200	3.401600	2.472800	0.955200	-0.032200	-0.940900	-2.579400	-0.845800	0.983300	0.000000	1.275500	-1.224900	9.718890	0.704800	-1.202800	-2.003900
71	2.279900	2.096500	1.331400	1.752400	1.137000	1.271600	0.000000	2.074500	2.206300	1.938700	0.964200	0.496100	2.191900	1.384900	2.370500	1.640100	1.542300	1.598800	1.358300	1.289100
72	0.000000	2.747400	2.517800	4.734900	4.246900	5.606600	1.446000	3.796000	2.798100	2.592300	1.841700	1.966900	2.863400	2.904700	3.272500	2.040100	3.524300	3.376100	3.351200	1.775600
73	-0.573800	-0.892500	-1.559200	-1.920600	-1.270600	2.777700	-1.232100	0.000000	0.603300	-1.231500	-1.178800	-1.284000	-0.647100	-1.084700	-0.825800	-0.506700	-1.473800	-1.492400	-1.672100	-1.330600
74	0.190500	-0.627400	3.568600	-0.439900	2.364000	1.798000	15.678820	-0.019600	1.040100	0.317700	5.042600	4.422700	8.124990	6.057900	2.915300	0.000000	24.252980	17.202987	13.351190	19.825760
75	5.413200	3.642900	3.925000	3.563000	4.158800	2.670600	4.385900	7.340000	5.061100	3.893800	1.595400	3.916800	3.922300	3.528300	5.581700	4.604400	0.000000	1.125700	0.538300	3.536700
76	1.029100	0.000000	9.285900	2.566200	4.752500	10.400420	24.031000	1.062900	0.547800	0.844000	10.988320	14.154660	10.825360	13.751370	2.897800	3.146300	22.147680	9.997090	9.669640	11.887070
77	2.106000	0.822800	0.096000	1.563800	5.571800	8.323650	9.214370	0.864800	1.550900	0.923800	1.265200	3.610200	1.482500	2.390600	0.000000	1.235600	16.536270	15.227290	10.820870	8.849130
78	0.000000	8.500700	29.417200	23.562310	29.907500	18.414326	37.088100	21.710870	11.943750	13.995090	25.593480	34.860100	27.596660	28.933660	23.713190	22.380320	54.566600	55.749500	44.063200	72.109400
79	1.684300	0.000000	6.668500	1.915800	4.961400	1.042400	25.946760	4.119800	1.669700	1.804700	7.529500	16.572040	9.922370	12.348900	8.703530	7.850600	58.460400	41.573600	37.694100	54.827900
80	-0.340300	-1.686300	-0.840900	-1.946200	-1.581700	-3.990800	-1.182000	-1.054200	-1.486900	-1.224400	-2.660400	-1.604700	-0.843600	-0.896800	0.000000	-0.521200	-2.594700	-2.786500	-2.934100	-0.987300
81	0.000000	2.827800	6.524600	6.387600	7.540900	8.323620	3.849200	5.277200	2.951900	3.618000	4.146600	4.825100	8.419750	5.743300	6.791300	5.441500	8.012400	7.143200	6.411900	5.994100
82	3.654200	2.999800	0.910300	0.000000	0.622300	6.531200	11.282690	2.092500	3.283500	1.674900	2.075500	7.035400	3.788800	5.819900	3.753100	1.571100	22.580410	24.110390	16.027960	9.939070
83	1.037200	0.416200	0.641600	1.297000	4.443400	3.019200	13.833830	-0.404800	1.011100	-0.122500	3.299900	0.300600	5.194600	0.429900	3.408100	0.000000	17.961352	9.577180	7.588300	0.256900
84	0.840400	0.542700	-1.111200	1.714500	2.574100	2.736500	1.549300	1.674900	0.550000	0.338000	-1.988700	-1.364200	2.988600	0.000000	3.675300	-0.155600	19.505784	18.348381	11.805410	7.230800
85	6.956000	6.106500	6.672600	7.038500	6.871800	4.155200	6.161200	7.195800	7.194200	0.000000	4.995000	5.502900	7.887900	6.541700	8.386900	7.281000	10.683430	7.880700	8.185100	26.870630
86	4.204700	2.491100	4.789400	2.927400	8.195100	0.000000	5.475100	3.833200	3.904300	1.901800	2.649000	5.643300	3.523600	5.357300	5.642200	4.586500	18.853880	7.580000	9.932900	12.594950
87	4.572400	3.497000	-0.252000	1.420400	0.000000	3.803800	5.295100	3.694800	4.793200	3.259500	2.280000	5.486900	3.730700	2.649700	3.817700	2.917000	24.407150	17.231840	10.567580	8.188000
88	1.016200	-0.211200	-0.578200	-1.355600	-0.839100	-3.229900	7.302200	-0.103200	0.000000	-0.605000	2.649200	2.195000	2.430800	1.943900	3.930900	3.058700	10.229850	8.151900	10.260740	17.005260
89	4.576600	3.290500	1.951000	3.323700	3.087300	0.000000	3.980500	2.759600	3.508600	3.719800	3.041400	3.349800	3.737200	3.385500	4.387100	4.361500	4.191300	4.089900	3.731200	5.224100
90	0.000000	3.285300	3.643500	4.623700	4.341800	7.006900	3.612700	4.482100	3.702100	3.328200	3.169200	3.585800	3.475000	3.636200	3.481200	3.372600	3.225600	3.700000	3.645400	3.874100
91	1.558100	1.051900	-0.634800	0.427600	0.039700	4.098300	-1.185500	-0.164300	0.638100	0.784100	-0.342200	-0.674800	0.751800	-0.084800	1.173600	0.413100	-0.406400	-0.727100	-0.959300	0.000000
92	0.690100	0.000000	-0.748200	-0.706600	-0.646400	-0.162600	-1.226900	-0.967200	-0.749400	-0.161300	-1.173800	-1.814800	-0.381100	-0.827200	-0.322100	-0.062900	-0.768100	-0.544400	-0.570600	-0.047500
93	5.299200	3.800100	1.415600	2.476400	3.161100	8.794700	4.967200	3.796300	4.552000	3.676600	1.042100	1.905300	4.732200	2.825700	5.462600	2.864900	3.463800	1.616400	0.000000	1.768200
94	2.384300	2.038200	0.000000	1.372800	0.529900	0.828000	0.279200	0.565800	2.217300	1.549500	-0.114400	0.151600	2.012000	1.278600	2.583300	1.975100	1.732600	0.677100	3.666600	2.162800
95	6.183600	4.805500	2.286900	3.788800	3.422000	7.051600	5.821100	5.072000	5.882600	4.667900	2.435600	1.942700	4.932300	5.472500	4.755800	4.575700	4.769400	0.000000	0.896200	4.069300
96	3.189700	1.481100	-0.291200	0.410900	-0.434300	4.315400	0.164900	1.333700	1.650500	1.055200	-0.275600	0.000000	1.590400	0.944900	2.369200	1.082900	1.464100	0.851900	0.716100	0.689400
97	4.608900	4.668200	2.611400	5.270000	6.002400	6.401400	8.828580	5.314300	4.397800	4.013300	1.506500	6.065800	6.220700	5.494600	5.125000	3.901700	2.339800	1.030400	0.000000	3.854100
98	0.111000	-0.466200	-0.571000	2.371400	1.804900	0.800000	-0.482900	0.000000	-0.188700	-0.180400	-0.494600	-0.511800	0.151700	-0.076200	0.751700	0.408300	-0.534500	-0.596500	-0.605800	0.323700
99	3.581800	2.135600	0.870700	2.589900	2.915300	0.000000	7.838500	1.839000	2.928200	2.501200	5.236400	7.555400	3.625200	3.756900	4.463800	2.266400	17.867370	10.302480	9.123820	38.252100
100	-0.840700	0.000000	-0.427900	1.434300	1.237400	4.956200	-0.427100	0.606200	0.107800	-0.171600	-0.204200	-0.680500	-0.240000	-0.429200	-0.464700	-0.678600	0.743600	-0.169200	-0.620200	-0.509900
101	0.000000	3.015100	3.062600	4.125700	3.953600	5.745300	2.592200	4.314400	3.526600	2.918300	2.821900	2.820600	3.279800	2.892200	3.609800	3.148000	3.487300	2.924700	2.702200	3.561500
102	0.824000	0.634100	-0.840700	0.105300	-0.438500	3.459600	-1.349800	0.091400	0.474800	0.436100	-1.080300	0.022100	1.107800	0.608400	0.899900	-0.066500	1.028600	0.027600	-0.584200	0.000000
103	0.388800	0.000000	2.364100	3.086600	2.849500	-0.617200	2.194600	2.614600	-0.448100	0.530300	0.786400	0.837600	4.122300	2.534800	3.943900	1.795400	2.211000	2.763000	-0.201600	0.929500
104	0.000000	3.989000	16.449220	14.244900	19.344349	9.612990	14.949060	13.468820	7.595300	8.494100	10.690600	11.843530	18.389472	13.892720	16.524830	14.993170	26.847050	23.051090	23.636200	36.389300
105	3.181400	1.425700	0.689800	0.135600	2.209900	3.159700	11.200710	0.000000	0.840600	0.808100	3.538200	8.751440	4.947700	2.476500	3.773900	2.685500	11.360410	5.232300	2.966600	27.179600
106	2.929700	3.109100	0.982900	2.896000	3.567300	6.235700	3.714400	2.642800	2.990900	2.381300	0.449800	2.717600	4.186700	2.846200	4.074700	1.990000	0.724100	0.780000	0.000000	2.032800
107	4.494300	3.535800	1.173200	4.243100	3.958200	3.618800	3.707400	4.831400	4.507400	3.347700	1.129900	3.974400	4.828500	3.377800	5.256600	4.624200	0.000000	6.575600	4.967300	3.228900
108	6.904400	5.478300	2.224600	3.898200	3.197700	6.721700	5.613100	5.707400	6.336600	5.177200	2.056400	5.366300	6.290400	5.179300	7.172400	6.032300	-0.079700	0.000000	0.626500	4.680500
109	1.850000	0.726500	1.946600	3.404300	5.139600	3.776100	2.231000	2.635100	1.075600	0.113100	-1.143600	2.951100	3.475900	1.830700	2.927100	0.932000	4.110700	2.408800	0.923600	0.000000
110	-0.537100	-1.690300	1.837700	-0.011100	3.289600	4.637600	14.104150	1.556500	0.000000	-2.194600	4.493900	12.010690	8.537700	10.305590	0.581000	1.201500	17.186680	14.980230	15.293150	28.772210
111	0.716300	0.275200	-0.717800	0.872700	1.377900	4.863500	4.162700	2.074700	1.140700	0.100200	-0.898800	1.380300	1.103400	1.249100	1.286200	0.735700	8.895370	6.959500	0.834900	0.000000
112	4.405900	3.065000	0.421300	2.666600	4.299200	8.681400	1.315600	3.058200	4.282000	2.764300	0.935200	1.876000	4.702700	2.441500	5.080200	3.301900	1.713000	-0.331400	0.000000	2.386200
113	0.000000	2.912300	3.414100	6.225400	5.688900	6.338900	3.652100	5.743100	3.436700	3.395100	3.062600	2.591700	4.812000	3.964000	4.360400	2.284400	3.281300	3.427600	3.330700	3.440200
114	0.456000	-0.330000	-2.703000	-1.775900	-1.950300	-2.130500	-1.341600	0.000000	0.825300	-0.832500	-2.677800	-1.290400	-0.179200	-1.356600	1.537700	-0.166900	-0.733100	-1.496300	0.011200	0.663800
115	1.614400	0.416400	-1.261500	0.604500	0.661500	5.537600	2.380300	1.077200	1.897600	0.563300	-2.151700	1.534100	3.105900	0.000000	2.396300	0.892300	14.970780	6.592100	3.317700	6.080100
116	4.340500	3.095800	1.388500	2.717900	4.107000	0.803900	1.063900	3.438300	4.217000	3.684900	1.090200	3.300000	5.798900	2.710300	6.053900	4.676200	2.520100	0.000000	4.854700	4.648100
117	5.719600	5.094000	4.905200	5.169700	7.213300	4.057500	10.057650	6.462900	6.589800	0.000000	5.391800	7.008800	7.804100	6.745900	9.425250	7.671600	22.741790	22.246470	19.783610	15.526770
118	2.936500	2.396600	2.192900	2.457000	1.766500	3.128500	4.308800	1.354100	2.398700	1.742300	1.941600	4.946700	5.057600	5.595200	0.000000	1.229800	23.234110	18.048660	11.516800	18.074010
119	0.000000	3.892700	4.790800	11.022160	10.311290	8.213700	8.184100	9.935260	5.904000	6.553500	4.029500	8.080200	6.432000	9.589300	6.882700	5.987000	9.034500	4.936900	4.194100	8.809200
120	5.316500	3.529300	0.000000	4.815900	4.425800	6.231900	7.308000	4.096000	4.522200	3.629700	-0.280000	4.263400	3.344000	2.914100	3.345500	3.557100	9.511550	5.698200	2.993700	3.169500
121	4.942600	4.133800	4.803600	6.267600	8.866050	10.554570	0.000000	4.954000	5.101700	4.186900	2.955700	2.755600	7.302100	5.804400	6.661800	4.660100	6.751400	4.865900	4.265000	3.467000
122	0.000000	6.624300	25.273490	17.591070	22.505240	18.375050	22.390230	16.112080	9.096530	10.539360	18.639124	21.351010	22.257630	22.020720	19.471757	20.421730	49.371200	41.133300	41.775200	47.158300
123	4.439100	2.465700	2.113400	1.186500	2.341500	0.000000	2.824100	3.711100	3.743900	2.057700	1.904400	1.882100	1.838300	1.911000	4.400800	4.285500	9.311050	4.949600	5.621300	30.592500
124	6.275300	4.732600	0.926300	2.986700	4.138700	12.478960	4.075600	4.455700	5.410100	3.562300	0.000000	4.618600	4.559400	4.650100	5.241500	4.208100	6.792400	6.313600	4.115400	3.264600
125	5.108000	3.301400	0.485200	0.000000	-0.470100	7.604400	11.150550	1.584500	3.344500	1.913000	1.474200	9.392190	3.984700	3.036900	3.765300	2.353100	19.512560	12.578240	8.816760	6.968800
126	5.225600	4.305900	0.179900	1.087800	0.000000	4.510500	9.528530	3.543100	5.190100	3.328700	1.594600	5.136200	4.720000	4.148500	4.964500	4.093200	12.327030	4.516500	3.669900	3.024600
127	1.575700	1.159100	0.424000	1.256400	0.850900	1.446300	-0.438600	1.543200	1.464600	1.589600	0.006100	0.848300	1.806000	1.352700	2.121100	1.902900	-0.757800	0.000000	-0.640400	1.127100
128	0.272000	-0.464500	-1.483200	-0.768300	-0.463800	-0.873000	-0.794800	-0.548700	-0.664400	-0.346100	-2.157100	-0.560300	0.905800	0.063000	0.000000	-1.313800	-1.592200	-0.133300	-1.114200	-0.061400
129	-0.180500	-0.073700	-0.403700	0.022700	-0.222400	-1.765100	-0.492400	0.300000	-0.168900	-0.165700	-0.550000	-0.427800	-0.222700	-0.239600	0.000000	-0.153000	-0.560700	-0.332800	-0.756000	0.035600
130	0.785400	0.742900	1.053600	1.691500	1.921100	4.656800	0.470900	0.343700	0.534500	0.882900	0.984500	0.903100	1.134800	0.638700	1.030900	0.000000	0.881700	0.963300	0.811600	0.537900
131	2.643900	1.449200	1.634700	1.412400	1.661200	-0.375500	1.767900	1.377500	1.845800	0.554000	0.517900	1.886500	1.193200	2.054700	0.000000	0.684800	5.013700	2.166600	0.777900	7.947700
132	2.754100	2.114200	1.352400	1.976600	1.435300	0.000000	0.632200	2.329000	2.963500	1.908800	0.596800	1.574900	2.447600	1.760600	3.069400	2.074300	0.779600	1.206400	1.050800	1.369900
133	3.794300	2.633800	-0.828600	1.660900	0.504400	5.602000	0.841600	1.224000	2.283700	2.156000	-0.788700	-0.435800	3.593200	1.649800	4.478400	2.303300	2.470200	4.838400	-0.004800	0.000000
134	0.792500	0.000000	-0.314600	0.600200	0.149900	1.409700	-0.714200	0.579000	0.191000	0.465600	-0.457800	-0.393000	0.299500	-0.169800	0.850500	-0.068600	0.074900	-0.657800	-0.110900	0.422500
135	0.275500	0.000000	-0.172100	0.302900	-0.053200	-0.720300	-0.460200	0.269300	0.157600	0.220900	-0.194700	-0.708300	0.091500	0.157400	0.304600	0.265100	-0.528900	-0.413200	-0.513300	0.325300
136	3.164700	2.135700	0.000000	2.290100	1.975300	5.642500	0.937700	2.369900	2.561400	1.761100	0.071800	0.772300	2.021000	1.284800	2.882200	1.761900	0.680900	1.108000	0.783400	1.404100
137	5.082700	3.990400	4.072000	3.266600	3.352300	4.966500	3.169700	4.811000	4.278400	3.850100	1.407800	3.207400	6.428500	4.243400	6.793400	4.719000	1.441500	0.000000	0.592500	3.879800
138	1.653500	1.004600	0.275100	1.172200	0.906500	2.986700	0.354600	1.183900	1.086800	0.683700	1.157700	0.197300	0.784200	0.350000	0.000000	0.353300	1.253700	0.656300	0.519700	0.086800
139	1.255800	0.190100	-1.605900	-1.017100	-1.497200	2.812200	-1.473600	-0.007400	0.544700	-0.148000	-0.915600	-1.332100	0.000000	-0.911600	1.450800	-0.439500	0.419500	-0.485400	-0.478800	-0.921100
140	4.954900	3.157200	3.166400	3.805700	4.264600	3.912400	3.375500	4.337400	3.799100	2.323100	2.365500	3.256000	2.560900	2.807200	0.000000	2.811700	3.193100	3.455800	3.966000	3.878100
141	-0.403900	0.651200	0.117600	1.966100	1.444900	1.993800	0.796500	2.172700	0.300400	-0.132900	-0.098800	0.401700	0.504600	0.325000	0.000000	-0.364400	1.819900	1.584300	0.534700	-0.173000
142	0.629100	-0.621600	-0.568300	-0.623800	-1.246000	-0.222200	-0.835800	0.061600	0.322200	-0.340300	-1.169500	-0.945800	0.000000	-0.468600	0.302100	0.001200	-0.307500	-0.474100	-0.790700	0.526100
143	0.717700	0.779000	0.384600	0.796100	0.410100	0.347700	0.300700	0.427200	-0.180400	0.721400	0.098400	0.308600	1.014600	0.295500	0.810300	0.000000	1.030600	-0.458900	-0.567400	0.999000
144	2.486700	1.839800	0.330400	1.944100	3.283600	3.069900	0.923000	0.000000	1.240900	1.303300	0.574800	1.254200	3.427200	1.661700	2.771700	1.335500	9.210310	10.890730	8.310900	6.655700
145	5.003200	4.006100	0.030900	1.221000	0.000000	4.596000	3.954700	2.087800	4.015900	3.207000	0.389700	3.132800	4.146900	3.246800	5.093100	3.060200	4.955800	4.357600	3.354600	2.327700
146	6.994100	5.344900	1.004300	2.017000	0.000000	7.965700	4.909800	4.060700	5.921500	4.205500	0.541700	4.425200	4.417100	4.025000	5.429200	4.622100	3.817200	7.891300	3.866900	4.190300
147	2.401800	1.224700	-0.627200	-1.143800	-1.692200	0.168300	0.870500	0.000000	1.904500	0.721300	-1.333800	0.522200	1.258900	0.632000	2.879600	1.583300	4.782100	2.942400	6.212700	43.196400
148	6.988400	5.646200	0.000000	4.045900	3.173900	6.482800	7.355800	4.714700	6.558900	4.296300	0.489500	4.044000	5.626800	4.785000	6.549800	5.304400	10.527770	5.096000	1.574700	4.257300
149	1.567000	0.000000	2.024800	1.754700	2.814900	4.077800	4.095400	3.559400	1.460000	1.537000	-1.167400	2.871900	0.389700	0.254800	3.856600	4.657400	9.704140	20.073110	12.430070	8.275200
150	5.163900	3.313600	6.564600	2.878700	5.154500	2.871000	15.010740	4.729100	4.374600	2.828900	7.853800	13.214230	7.177400	11.454840	0.000000	2.668500	24.813280	23.332810	17.689870	41.124900
151	5.259000	3.882200	1.314300	2.798900	2.809100	9.195740	3.199900	4.562600	3.998500	3.004800	0.594000	3.198900	3.316100	2.871500	5.851800	3.262100	0.000000	0.542900	-0.485000	2.230300
152	6.251000	5.192100	3.095400	3.371000	2.917200	4.915900	4.181100	2.702900	4.284500	4.488300	2.621400	4.118100	6.062500	4.240700	6.042000	5.810400	2.448900	0.000000	0.978800	3.825100
153	3.022200	2.446800	-0.032700	1.669700	1.077000	3.461300	1.179600	1.476500	1.803000	1.998800	0.566800	1.377200	2.765700	1.367600	3.857400	1.736000	3.699700	3.612100	2.345400	0.000000
154	1.603200	1.305900	-0.107300	0.854000	0.000000	1.754800	0.809000	1.417300	1.162000	0.928700	-0.390400	1.083600	0.114200	0.549700	2.676000	0.592400	1.322700	1.365700	1.286000	1.075900
155	5.341900	3.355100	2.888900	1.753600	2.899000	0.000000	4.013700	3.550400	4.375200	2.847400	1.756600	3.593200	3.282000	2.928700	5.367300	4.520300	1.982900	0.858200	0.291100	3.990800
156	1.428200	0.000000	-1.396700	2.019700	2.174300	2.131700	5.396700	0.823100	0.538200	0.175600	-0.911100	8.178700	2.858200	1.099600	2.860500	1.127500	14.957270	14.385910	10.499490	19.426202
157	3.534100	2.664200	0.726700	2.118500	3.144200	0.000000	0.841800	2.061000	2.924800	2.547700	0.871700	1.666800	2.576900	1.708000	3.448200	2.981800	2.128000	1.397900	3.287500	2.661800
158	0.848500	-0.324500	2.593700	0.324000	1.468600	-0.489400	6.265300	0.009600	0.000000	-0.692600	1.556400	2.701700	5.409500	2.164100	4.088600	1.877400	9.549910	10.197860	9.727340	32.931000
159	2.922200	1.974300	-0.600700	1.006200	0.000000	4.440600	2.660100	0.484400	1.821400	1.358300	-0.991600	1.733300	1.285800	1.038500	2.732900	1.596400	3.924900	3.463300	3.021900	2.613500
160	0.605300	0.454800	0.243000	0.203800	0.154900	1.971800	0.253500	-0.164300	0.019200	0.148300	0.253000	0.206000	0.276200	0.000000	0.164400	-0.097900	0.111600	0.163100	0.060000	-0.060000
161	0.000000	2.310800	3.930600	4.837300	4.773700	6.179400	3.158500	5.378000	3.891300	3.808900	3.693500	3.383000	3.320700	3.226900	2.967600	3.823600	3.795700	3.805800	3.709000	3.828600
162	0.299600	0.000000	-0.173700	0.058000	-0.022200	-0.237600	-0.060300	0.017400	0.167400	0.197300	-0.287000	-0.051500	-0.170200	-0.194200	0.018300	0.172200	-0.136300	-0.034300	-0.076300	-0.138400
163	1.904300	0.000000	-0.537100	1.098700	0.901000	-1.393300	1.854600	0.528600	0.425200	-0.454600	-1.434800	1.779900	0.014700	0.398000	1.621000	0.448400	2.270300	4.947500	4.809200	14.175330
164	1.895200	0.439400	-0.778100	-0.398100	-0.684100	0.781000	-0.199700	0.409000	0.815400	0.246100	-0.705500	-0.408200	0.090700	0.000000	0.856200	0.537600	-0.052400	-0.638200	-0.724300	-0.489100
165	5.043400	3.360900	1.422400	3.040000	2.573900	0.000000	10.791800	3.799700	4.143900	3.325300	1.739800	6.134200	6.190200	5.021900	7.127000	5.299400	29.236670	19.210403	14.348720	52.370500
166	2.468800	0.905500	0.134800	0.830000	2.593700	1.413400	1.530000	1.484300	1.864000	1.223300	0.151400	0.485400	0.345700	1.901400	0.000000	1.135600	0.189300	0.496200	0.647100	1.787400
167	1.277300	0.000000	5.168500	1.019700	4.346500	4.200400	21.112410	0.685700	-0.195200	0.737200	6.225700	10.965330	10.801170	8.035100	4.901200	5.225500	35.730300	30.220500	23.077430	37.909700
168	4.051400	2.822400	2.487100	2.173500	2.890000	2.711900	13.556280	0.000000	2.285600	2.217200	3.887000	7.328200	7.081600	5.697900	4.698100	3.573400	21.997650	12.838430	9.264440	6.760100
169	4.931100	3.661100	0.000000	4.034700	3.301300	4.722300	3.100300	4.500500	4.966100	3.137100	0.500200	2.867300	4.313100	3.544100	5.401600	3.974200	15.161430	5.858200	3.877700	37.958200
170	4.960600	3.988200	0.366800	1.099800	0.000000	4.517600	7.601000	3.036100	4.326000	2.998900	0.361500	2.924600	4.595000	2.935000	4.527700	3.661100	8.177900	7.052500	2.513800	5.032000
171	2.951900	3.363000	1.547600	4.207200	3.605200	7.008200	1.622600	4.778500	3.691700	2.584000	1.116800	1.818200	2.195200	1.698000	2.118300	0.000000	2.347500	3.047100	2.861600	3.045700
172	0.000000	2.539300	2.038600	4.432900	3.795000	5.010000	1.073300	3.731800	2.711300	2.669400	1.594800	3.258600	2.765200	2.955200	3.422000	2.266400	3.090900	4.263800	3.707400	2.469700
173	1.749000	1.132700	0.201400	1.270600	1.392600	5.128000	0.697600	1.889600	0.871400	1.248900	0.419900	0.000000	1.661700	0.736900	2.660200	1.006900	0.606400	0.472100	0.339800	0.924100
174	0.000000	4.461300	9.989230	9.555490	11.494500	12.433290	22.175940	9.213600	6.054000	5.594300	9.011400	13.099950	8.644300	8.019000	8.448700	7.667300	48.537900	35.513300	27.621250	28.425020
175	3.233100	2.511400	1.913000	1.284300	1.055700	3.978500	0.000000	2.069300	3.031100	2.321700	1.210300	2.062700	4.637100	2.873900	5.148500	3.017200	12.692710	18.753400	12.779880	15.151760
176	3.078000	2.480500	4.443200	1.704000	1.725400	1.727000	2.266300	1.594100	2.580800	2.572700	2.789300	2.212900	4.255300	3.212000	5.434300	3.550000	1.924000	0.000000	0.250300	2.801800
177	1.948300	0.808200	-1.012200	0.000000	-0.484700	-1.699700	0.794500	1.371400	1.673700	0.566800	-0.553300	0.356700	1.187200	1.124500	1.634700	1.432200	0.250700	0.008500	-0.146600	1.142300
178	0.000000	2.264900	2.059300	4.697700	4.295500	7.083100	1.987900	3.092900	2.346300	2.227000	1.746200	1.970900	1.985800	2.246400	2.344800	2.053000	3.701500	3.287500	3.207300	2.007500
179	0.000000	3.454300	3.167900	5.940200	4.341500	10.836250	4.925200	7.077200	3.689000	4.085800	4.012400	4.300000	5.306900	5.277000	4.616600	2.782700	12.539370	7.814000	7.095000	25.244900
180	1.845600	1.446200	1.183800	1.975100	1.753000	0.000000	0.990700	1.976700	1.532900	1.682900	1.059300	0.853400	1.474000	1.743000	1.438300	1.819800	1.844700	1.687600	1.628200	2.066600
181	-0.098400	0.000000	-0.320700	1.003500	1.311400	-0.853000	-0.076300	0.343100	0.198000	0.008600	-0.917400	-0.297100	-0.539600	-0.029800	-0.028800	0.380100	-0.546400	-0.456500	-0.375200	-0.037000
182	1.001700	0.000000	0.137600	1.957100	1.327000	1.075000	0.832700	2.544100	0.517400	0.414600	-0.121500	1.086100	0.933500	1.707700	2.030000	0.555500	0.485000	0.870400	-0.015400	1.384700
183	1.041000	0.532200	0.527000	0.769100	0.540800	-0.478900	0.759600	0.768700	0.830500	0.849100	0.538000	0.405000	0.000000	0.411700	0.508400	0.849300	0.431400	0.516000	0.322300	0.856900
184	2.142600	1.488100	0.000000	0.954400	0.845500	0.750700	4.293200	1.608300	2.147500	1.403200	0.188600	1.397400	2.170600	2.042300	2.276200	2.875800	6.185300	0.128700	1.537200	5.641100
185	1.025500	-0.289700	0.119900	-0.373400	0.652000	-2.189900	0.538800	1.296200	0.000000	0.058000	0.030900	0.012600	-0.056300	0.580600	0.367700	0.443500	0.905900	0.447100	-0.288100	1.057600
186	2.674400	1.958200	0.604900	0.616000	0.000000	3.636100	0.486800	1.585400	2.165100	1.120400	1.035600	0.974100	0.868100	1.138600	2.158800	2.188300	1.335900	1.141200	0.843800	1.629700
187	3.281400	2.060400	-0.859700	0.000000	-0.970100	4.581000	2.899300	1.494800	2.623900	1.333400	-1.258900	1.387900	1.812800	1.253800	2.662200	1.493400	2.486000	4.195700	-0.434300	1.587200
188	0.911200	0.387600	-1.059400	0.077000	-0.462100	-0.312700	-0.104000	0.347500	0.564300	0.195400	-1.174700	-0.336200	-0.098700	-0.027500	0.520700	0.000000	-0.646200	-0.857600	-1.074500	0.559300
189	4.707600	3.181500	0.922600	0.000000	-0.198300	5.188700	4.690800	2.584600	2.917500	1.713200	-0.185700	1.958400	5.320900	4.803100	4.800800	1.893200	10.024290	7.186300	2.533700	0.860300
190	0.800500	0.157200	-0.723700	-0.712900	-1.191500	2.785000	-0.729500	-0.324200	0.281500	0.051800	-0.708300	-0.843700	0.000000	-0.397400	0.437000	0.123100	-0.588600	-0.941400	-1.001700	-0.514000
191	0.999900	0.619100	-0.586900	0.477600	0.238200	-1.744100	-0.427400	0.829400	0.799500	0.671200	-0.583000	-0.238600	0.283200	0.000000	0.739200	0.568000	0.480400	-0.079300	-0.155900	0.167700
192	0.000000	2.751700	3.194400	4.193400	4.035200	7.256200	2.649600	4.091000	3.141300	3.096400	2.969500	2.938700	3.230600	2.889500	3.317200	3.051700	3.017900	3.059700	3.055600	3.244500
193	1.408900	0.695100	-0.139600	1.219800	1.507700	2.199700	0.318000	1.576900	1.229900	0.947200	0.357500	0.000000	2.316500	0.971600	3.115400	1.370800	1.056000	0.250200	0.051100	0.822700
194	1.795400	0.884700	-0.266000	1.408200	0.425200	1.682400	0.136500	1.600500	0.760100	0.905500	-0.063300	0.000000	2.569200	0.623000	3.924900	0.767200	1.540100	0.946100	0.297400	0.815800
195	6.959400	5.007100	1.974700	3.479600	2.875800	7.897000	3.897100	4.693600	6.107500	4.444900	2.128100	3.159100	5.933200	4.831000	7.390400	5.520700	3.105900	0.000000	0.904600	4.022400
196	7.298000	6.180800	4.602500	8.171420	8.277800	12.726280	0.000000	9.437850	7.731900	6.126800	3.934500	4.080100	7.917500	6.843700	8.426970	5.703500	13.972730	17.348523	13.853260	15.038970
197	6.334100	4.435400	0.766600	2.936700	1.895400	6.882500	4.200600	4.938800	5.725700	3.987800	0.000000	3.591600	4.863600	3.295900	6.159000	3.673400	4.851900	2.381400	0.158200	3.239900
198	6.676200	5.322200	1.373800	3.759500	2.772600	8.067700	0.000000	4.587300	5.627300	4.433000	2.161400	3.081600	6.168300	3.961500	6.950900	4.146800	6.469100	6.567700	5.208800	2.779600
199	6.155700	4.860700	0.000000	1.262800	2.984300	6.516900	6.936600	3.135200	4.718500	3.537900	0.364900	4.930900	3.928200	3.094700	4.565700	2.884300	21.176700	15.066440	1.766500	3.007200
200	6.361600	4.664600	1.827800	1.302000	0.000000	8.836110	8.324800	3.757100	5.763000	4.072400	0.344100	3.847600	5.891000	2.853100	7.326100	5.801400	11.959740	10.247260	6.564600	26.689770
201	1.196600	-0.179100	5.305200	1.528300	6.007700	3.255900	19.067237	3.612500	0.000000	0.520000	1.833200	11.586900	6.604600	6.145700	4.574900	2.005300	26.523670	22.042030	16.858540	28.534100
202	4.533000	3.323900	0.000000	4.019200	4.958100	6.019100	3.632200	2.552900	4.568000	3.129900	0.766300	2.874600	3.742700	3.351700	4.343000	3.801700	9.178340	12.658250	5.232600	4.958600
203	2.225200	0.788600	11.448690	6.268600	11.024780	6.828200	24.108730	8.555370	0.000000	3.945900	9.843310	12.633980	11.946860	10.597060	8.097200	8.585300	67.683700	31.704400	25.882380	21.644790
204	5.584500	5.044800	9.054800	7.156600	6.891600	7.032300	9.384300	6.415000	4.811300	0.000000	7.617300	7.096200	10.733860	10.085490	12.541440	5.174200	35.999100	23.406540	16.768870	26.937510
205	-0.329100	0.598000	-1.245700	0.736200	0.299700	6.682300	0.847500	0.584200	0.214100	0.372400	-2.229800	0.312200	1.150300	0.078100	0.000000	0.920400	0.808400	-0.607000	-1.067400	0.172100
206	4.608500	3.023400	4.350600	2.021000	2.265900	0.000000	9.265780	2.197200	3.036900	3.430200	4.730300	7.600400	7.403200	6.854000	7.374200	5.615900	14.945030	18.586918	14.330150	14.384250
207	-0.121700	-1.073800	-1.115400	-1.414100	-0.715600	-1.326100	-0.108200	0.720000	-0.266300	-1.340600	-2.064400	-0.407500	0.031800	-1.349400	-0.265000	0.000000	-0.969600	-1.337100	-1.723700	-0.030400
208	7.257600	5.870200	2.446000	4.374000	4.187200	7.930700	4.211800	5.704800	6.363600	5.218400	2.449800	3.017200	6.652600	4.881700	7.909100	6.030300	0.000000	1.841500	0.937400	4.052900
209	0.828700	-0.087600	-1.314400	-0.842600	-1.070700	1.237700	0.006700	-0.241200	0.611200	-0.416500	-1.326000	-0.424100	-0.440900	0.000000	-0.977600	-0.077600	-0.872700	-0.750900	-0.984200	0.203400
210	8.279800	6.324500	3.988200	3.172700	4.478500	9.826750	6.196700	5.636300	7.456900	5.690300	2.124800	6.117200	6.635700	5.587800	7.502700	6.088900	-0.064900	1.031800	0.000000	4.023200
211	2.002600	1.539100	-0.349500	1.395800	0.913700	4.024900	2.546400	-0.166900	0.000000	1.222000	-0.601900	1.571800	1.795700	1.129300	3.076100	2.418300	4.060800	2.780600	1.211900	2.573200
212	6.791400	5.329800	0.890500	1.602300	0.000000	5.697900	5.003200	3.996400	6.162400	4.387300	-0.131500	4.614400	4.962300	4.398100	5.702500	5.185300	3.825900	8.422500	6.289400	5.036100
213	4.044300	2.634500	5.585800	2.667300	5.609700	3.838600	9.516260	4.135100	3.288300	2.817100	4.339800	7.510600	6.991200	7.063300	0.000000	5.343500	15.742780	8.981300	8.412100	5.145700
214	0.000000	1.866000	0.960500	3.860700	3.570300	5.899800	0.532000	2.896500	2.337600	1.531900	0.888300	1.092700	1.581400	1.668100	1.029100	0.677400	1.069200	0.911300	0.832800	1.131200
215	3.589100	2.413600	-0.405300	0.272300	0.337400	6.702000	3.358700	1.274400	2.618500	1.183100	-0.701900	1.390600	4.585000	1.386800	4.886800	2.047700	17.565670	10.093770	4.220800	0.000000
216	0.107700	-0.135800	-0.461500	0.432100	0.113500	-0.569200	0.002000	0.681700	0.682400	-0.318000	-0.168600	-0.658100	0.000000	-0.614200	0.677300	0.096900	0.281000	-0.633800	-0.551200	0.053800
217	5.588900	3.761700	0.000000	3.824500	2.594900	6.043500	5.213900	5.523300	3.554600	2.224500	0.198900	2.200000	4.020600	2.473500	3.629900	2.271400	8.669200	8.134800	1.259900	1.582500
218	2.711400	1.494300	-0.261200	0.255500	-0.565200	2.908100	0.140300	0.000000	1.774600	1.269500	-0.516600	-0.573100	1.059100	0.839600	1.475000	0.691000	1.902400	1.105300	2.425400	3.202400
219	6.688200	4.689200	0.019000	1.306800	0.000000	5.892100	7.659700	4.140300	6.035200	3.797300	0.485800	5.077500	5.119800	3.335500	5.983600	4.488100	9.187200	6.827100	1.876100	3.102600
220	5.445500	4.179700	0.189900	0.949700	0.000000	6.975100	8.387120	3.625900	4.385700	3.139300	1.050500	7.163100	5.411700	4.612000	5.634500	3.911700	28.642500	14.072650	12.737630	5.897100
221	5.439200	4.378600	2.794400	6.267800	8.005000	12.589470	8.385900	4.104600	4.945400	4.561000	3.185300	5.540700	0.000000	4.739100	5.624800	5.926500	18.047060	12.290870	14.356220	12.385460
222	4.986100	2.726500	2.140800	0.000000	0.815600	6.936500	8.884820	1.762900	3.147400	1.896200	1.971400	7.845300	4.369300	4.837800	5.047800	4.423400	18.229081	14.931530	15.932440	39.461500
223	5.286700	5.030600	7.305600	10.364900	13.752240	10.914230	23.370580	7.740800	6.136600	4.603100	9.823400	15.325620	9.788700	11.228830	0.000000	5.689000	31.976700	23.881330	17.437410	12.748270
224	0.000000	5.014900	7.388000	10.727810	13.520730	13.081070	12.094480	10.216660	5.958900	5.675200	7.706000	8.312700	10.637410	9.409250	11.453350	9.354310	14.834040	10.909370	11.114300	50.699200
225	1.238400	0.039200	-1.486000	-1.400100	-1.912100	4.425600	-1.710300	-0.827500	0.241200	-0.500400	-1.588200	-1.252400	0.000000	-0.803800	0.293600	-0.316500	-2.077300	-0.827000	-1.202900	0.666200
226	3.502700	1.911700	0.000000	1.931400	3.234300	0.617900	0.350100	3.159400	2.648500	2.396300	0.329000	1.579000	3.038700	2.085400	4.533900	1.840900	0.604900	-0.894700	-0.653500	0.980600
227	3.371900	2.076900	0.761200	-0.793100	0.387500	4.499100	7.873200	0.000000	1.903000	1.380800	-0.281100	0.960200	5.033300	3.324500	5.178400	3.030700	22.569850	12.043270	7.524300	25.616250
228	1.240500	0.441900	-0.546000	-0.089500	-0.631200	0.718200	-0.731100	0.518900	0.856000	0.730000	-0.452700	-0.462800	0.000000	-0.014500	0.551100	0.355500	-0.345600	-0.311300	-0.471200	0.108500
229	2.897000	1.896300	2.165800	2.313600	2.844500	0.000000	1.590300	3.236100	2.637500	2.184400	1.313500	1.262600	2.056400	1.835100	2.710400	2.360500	2.054800	1.969600	2.028500	2.374800
230	2.346900	0.612900	-1.510500	-0.653600	-1.536900	4.053300	-0.362200	-0.151300	0.144200	-0.064300	-1.904400	-0.533700	0.521000	-0.571500	0.981400	-0.139900	0.226500	-2.191400	-2.008200	0.000000
231	1.479000	0.899700	0.419700	0.834700	0.741900	0.059700	0.597100	0.000000	0.312200	0.561300	0.703800	0.306000	1.233100	0.702000	1.775600	0.428100	1.334300	1.316100	1.308500	1.956200
232	2.379400	1.645100	-0.677000	0.000000	-0.303700	3.872800	-0.194400	1.683100	1.845900	0.221600	-0.145300	0.385100	2.444400	1.337500	3.155800	2.311200	-0.352200	-1.220100	-1.625600	5.413600
233	1.035800	0.298800	-1.052600	0.039800	-0.250000	1.131300	0.448300	-0.030400	0.330100	0.171400	0.388200	-0.135400	0.258300	0.019400	0.000000	-0.376200	-0.039900	-1.569600	-1.264000	-0.954900
234	1.420700	0.756400	-0.893600	-0.707600	-1.095400	5.616800	0.000000	0.855600	1.361300	0.574200	-1.167300	-0.198200	1.053400	0.394700	2.393500	1.662200	3.838000	1.732200	2.851700	4.250500
235	5.450900	3.980800	0.000000	1.435800	0.408600	4.250500	5.485700	3.463000	4.909900	3.303600	-0.037300	4.786200	4.179400	2.696400	5.435400	4.651600	7.759000	6.911200	2.703000	4.219600
236	1.109500	0.445900	-1.460800	-0.791400	-1.300000	-1.164900	-0.135500	-0.273400	0.798000	0.003500	-1.137400	-0.509300	-0.008200	0.000000	0.312500	-0.595600	-0.488400	0.622400	0.555500	-0.074700
237	4.546300	3.328800	1.546400	1.125000	0.000000	6.217900	10.157510	2.693200	4.158200	2.773400	0.327400	2.959100	3.829700	2.693500	4.651500	3.874700	33.325400	21.137660	13.643280	22.215110
238	2.316800	1.540200	0.210000	2.573100	3.457700	2.842600	2.378100	2.259600	1.581100	1.953700	0.445900	0.581800	2.985300	2.193500	1.416200	1.705600	1.158200	-0.125200	0.000000	1.244000
239	0.499800	-0.678900	2.492600	-1.920000	1.358300	-3.542400	6.037900	0.000000	0.358100	-1.816800	0.708700	1.839000	2.035900	2.245400	3.207500	0.638600	23.481650	15.289980	18.001116	20.019600
240	0.000000	5.318800	21.037670	14.966110	17.779473	9.932690	43.773600	15.024930	8.242560	9.088810	19.943610	28.588200	26.557280	24.603940	19.164950	18.950807	71.691700	50.258400	44.374500	71.074200
241	2.915600	1.603100	2.838800	2.785000	2.874500	8.948240	3.098000	2.295900	2.834300	1.561700	-0.605500	2.174500	1.807700	0.000000	6.749100	3.399500	11.893850	14.781620	11.889280	42.482300
242	7.879800	6.533900	4.652000	5.905100	7.217000	9.371010	0.000000	5.663400	6.462100	6.172400	4.557200	5.014200	11.070470	8.224490	11.024200	7.915100	15.929850	16.442090	8.269870	11.753470
243	7.234100	5.561900	1.634200	2.457000	1.569800	5.993100	4.442800	4.406400	5.897400	4.963500	1.673000	5.293400	6.007500	4.088900	7.284900	5.490500	2.901900	0.000000	0.248900	4.279200
244	1.109600	-0.289700	7.383000	3.289300	7.048300	7.059100	16.617940	2.095200	0.000000	0.498400	11.107290	13.478450	13.088760	12.915160	4.690000	2.946200	25.778480	28.688500	20.449380	42.044200
245	7.309800	5.958200	2.224300	3.949300	2.747300	6.871500	5.905200	6.204400	6.870300	5.592000	1.962300	5.519400	6.610700	5.641700	7.844700	6.563100	1.285900	0.916200	0.000000	4.496200
246	4.467900	2.564700	1.353300	0.000000	-0.566800	3.123800	2.098000	2.602200	3.341400	1.740500	0.750600	1.680500	5.147200	2.260700	4.832200	3.426300	13.146050	8.425170	9.221010	12.802270
247	5.824500	4.460600	0.000000	3.641200	2.280700	9.043400	6.282800	4.790300	5.218300	3.501300	-0.169800	4.075600	4.141300	3.471700	4.679800	4.112200	16.321990	12.092420	6.714000	6.349600
248	0.406200	-0.051500	-1.165300	-0.253000	-1.834700	-1.811200	-0.275000	0.169300	0.434100	0.376300	-1.554000	-1.000800	-0.338500	-0.457000	0.000000	-0.292000	-0.219100	-1.258300	-1.338900	-0.375100
249	1.722300	0.000000	3.049700	3.554900	3.969200	1.800200	14.619940	2.988300	1.629800	2.291400	1.645200	8.159700	3.661100	3.439500	5.160700	1.664300	23.658860	25.826960	19.624753	40.361300
250	0.752500	1.116800	1.047600	1.618300	1.264800	7.772200	0.464200	1.588400	0.615400	0.768600	0.578400	0.747000	1.478700	0.804800	1.249600	0.000000	1.652200	0.889100	1.036800	1.051400
251	1.294600	0.806900	-0.492500	0.637200	0.658500	0.208600	0.118800	1.684200	1.553200	0.779500	-0.425500	-1.113400	0.686600	0.000000	1.231800	0.064900	0.158900	-0.054500	0.087800	3.327000
252	1.600900	1.386500	1.531100	1.496200	1.571800	0.000000	1.358500	1.533600	1.510300	1.698300	1.423200	1.280700	1.066100	1.228000	1.474600	1.841800	1.535200	1.612800	1.592900	1.766900
253	1.082700	0.270300	-0.152300	0.000000	-0.161900	-1.006900	0.275600	0.561600	0.987300	0.573300	0.283800	-0.043000	0.224300	0.486700	0.702000	0.827900	0.786900	0.620500	0.627500	0.875900
254	-0.390300	0.501900	1.205200	4.118500	3.769700	7.143000	0.740900	3.694000	-0.040200	0.988200	1.041300	1.699500	1.792300	1.616700	0.000000	-0.205100	1.889500	1.076200	0.673000	0.849800
255	1.120900	0.237300	-0.324700	-0.878200	-0.028700	0.513600	0.811000	-0.195700	0.542800	-0.408500	-0.426800	0.727800	2.124900	0.885800	1.887000	0.000000	2.818100	3.955000	6.333200	1.988900
256	5.210400	3.785400	2.265600	2.433200	2.160700	6.815800	2.810700	3.563100	3.741200	3.303300	1.443000	3.254500	4.736800	3.677500	4.826700	4.496400	1.108000	0.000000	0.642800	3.469900
257	3.590200	2.634100	0.922300	1.281200	0.998900	4.130400	1.083500	3.065400	3.866100	2.819900	0.955700	2.329000	3.176500	2.986600	3.744000	3.358700	0.000000	0.528800	0.760800	3.104400
258	6.631900	4.772500	0.525600	1.499000	0.000000	7.106200	4.232800	3.824500	5.927500	3.865700	-0.074100	4.024000	4.427700	3.750300	5.219800	4.639500	6.313000	7.963500	7.238600	22.304400
259	3.919000	3.009100	0.218600	2.217600	1.719500	6.652800	0.000000	2.956400	3.765000	1.724800	0.193200	1.412400	3.162800	1.529100	4.686900	1.785100	1.358100	-0.657600	-1.439300	1.377900
260	2.560100	0.000000	4.698900	0.016900	2.963500	1.001700	12.413400	3.384600	1.417600	1.079200	2.729000	7.348700	7.456500	6.124900	4.641000	3.569300	14.174150	14.333010	11.491460	34.407600
261	1.237900	0.209600	-1.530100	0.124100	-0.706100	1.879700	-0.252300	0.711000	1.068400	-0.255600	-2.088400	-0.356600	-0.351100	0.000000	0.615100	-0.816500	-0.275700	-0.431800	0.488300	4.135700
262	3.586000	2.636300	5.635500	4.638900	6.833900	0.000000	8.836000	4.048800	3.235800	3.137100	3.522600	6.965600	8.464000	6.207300	6.798800	5.169000	25.932690	29.404800	27.410480	41.145900
263	0.316400	0.299800	0.599800	0.969600	0.689000	-0.243200	-1.713500	1.100800	0.430400	0.214100	-0.278300	-0.213100	-0.026400	0.173800	-0.486600	0.000000	0.905700	0.833000	-0.042000	1.121700
264	1.739700	1.467500	1.210300	2.749800	2.817700	3.167200	1.203600	2.662100	1.039300	1.150800	0.456300	0.000000	2.317800	2.107800	1.669400	1.561200	2.241100	1.924300	2.126900	2.409400
265	0.000000	7.101400	13.763570	15.829050	17.129990	12.239860	15.629050	14.324220	7.814300	7.865400	9.199990	13.112390	14.204730	12.849410	13.277770	12.915970	33.598900	19.459990	16.525120	56.771600
266	2.003900	1.544900	1.630700	1.714000	1.088800	4.694600	0.000000	2.170900	2.229800	1.773100	1.469500	1.143600	2.119300	1.230100	2.491100	1.628400	1.982500	1.663500	1.412200	1.970300
267	-0.608500	0.865900	0.138100	1.628400	2.398100	3.476400	-0.016900	1.383100	1.019100	0.564500	-0.547200	-0.482300	0.459900	0.365100	0.193400	0.000000	-0.416000	-0.016700	-0.283200	0.017300
268	0.000000	2.734100	2.172400	4.151800	3.999200	4.998200	2.300000	3.566400	2.842000	2.847800	1.966500	2.392500	2.478400	2.373800	2.808500	2.185200	2.352800	1.916000	1.792700	2.325900
269	3.582200	2.417800	0.000000	2.138300	1.943300	8.168600	5.970800	2.982200	3.830900	2.690500	0.686300	1.469700	4.818600	2.971100	5.203500	2.538100	11.024320	8.074700	5.839000	3.883600
270	1.042300	0.000000	0.674600	1.990500	5.236700	0.437700	0.356700	1.162300	0.434700	1.184400	0.914600	0.031400	0.678600	1.008000	1.365100	1.373600	1.061600	0.857700	0.839000	1.375000
271	0.000000	0.063200	-0.864300	-0.316500	-0.793900	2.245700	-0.662300	-0.178500	-0.225800	-0.303700	-0.477600	-0.708600	-0.475200	-0.520900	-0.581100	-0.605000	-0.038100	-0.142000	-0.189000	-0.055500
272	2.601000	2.065100	0.238500	1.425900	0.809700	4.339400	1.244900	0.000000	1.388100	1.520200	-0.133100	0.941700	1.555700	1.660800	1.432600	1.590500	1.981000	1.840400	1.724900	2.230900
273	1.992300	2.157500	0.544200	1.847200	1.462700	2.717900	2.240500	1.895900	2.223500	1.651700	0.501700	1.858100	1.431800	1.713800	1.317300	0.897100	1.086300	0.185400	0.000000	1.561300
274	0.664100	0.000000	0.165100	0.650000	0.677300	2.585900	-0.452700	0.175500	0.095400	-0.112800	-0.015400	-0.290200	-0.434300	-0.233500	-0.891800	0.090900	0.433700	-0.398200	-0.456800	0.086900
275	-1.636600	1.288000	0.389600	2.318500	1.992000	4.380900	0.243900	1.758900	1.234800	0.970900	0.171800	0.270900	0.669500	0.524500	0.477500	0.000000	0.064500	0.373100	0.119200	0.704800
276	0.000000	3.745400	6.706000	8.399000	8.314200	6.523400	7.306300	7.458700	5.549300	5.580100	5.550600	6.878300	6.464800	5.581500	6.228200	4.567400	10.927760	8.526100	8.980200	9.761780
277	2.452100	1.383100	0.723700	0.000000	0.603800	2.329500	3.643200	1.219100	2.075300	1.535400	0.903200	3.505800	3.711500	2.984700	4.024300	3.167800	6.184500	2.107200	1.847700	3.174300
278	1.658100	3.039000	3.465200	3.092200	5.508000	4.862200	8.694600	4.351500	2.616300	2.491800	3.827500	6.928000	9.018100	7.206500	3.987700	0.000000	36.184100	22.608220	17.636460	52.531700
279	1.033600	-0.205500	-1.761600	0.508200	0.324000	9.686610	3.920000	2.764000	0.000000	-0.299400	-2.068600	0.767100	1.966000	1.936400	2.087900	-0.059600	6.427800	6.754400	4.192600	2.504800
280	0.978300	0.000000	5.082600	2.064900	4.032100	1.670400	9.027620	2.996700	0.586800	1.161800	0.669300	6.833000	6.416200	4.260200	5.541100	4.705200	23.956480	23.452650	20.256100	44.505800
281	5.062800	3.458700	0.784500	0.562300	0.000000	5.777100	2.928000	2.709000	4.631100	2.973300	1.080000	2.196200	3.938700	3.651700	4.450900	3.287300	3.866900	3.294300	4.101800	4.028400
282	7.234800	5.430200	0.000000	4.402500	4.368200	11.350340	5.085300	5.265700	6.594100	4.368500	0.156000	4.819400	4.006900	4.505700	5.414400	4.806500	4.309700	2.826100	4.541300	5.170700
283	3.430300	2.283700	0.914500	1.685300	1.633700	7.055600	0.000000	1.169100	1.903200	1.728800	0.614600	0.884000	2.316300	1.345200	4.145800	1.528300	1.788800	4.275500	4.253800	3.274900
284	5.268600	4.033900	1.016200	3.021300	3.251500	5.291000	9.076420	3.542900	4.142200	3.440500	1.430000	4.758100	5.459200	4.382900	4.220800	3.873600	10.487690	0.000000	0.733400	3.678300
285	0.383000	0.000000	0.562600	0.377600	0.518000	0.519200	0.391100	0.110300	-0.075900	0.182600	0.311500	0.242200	0.666400	0.567800	0.829900	0.297000	0.763400	0.475400	0.470400	0.653700
286	0.000000	3.044500	2.877500	4.729000	4.116800	5.882400	2.718700	4.557600	3.399500	3.187800	2.535300	2.783500	2.890700	2.550400	3.117600	3.071500	2.910500	2.896900	2.869500	3.241700
287	1.424900	0.000000	5.421300	2.716200	2.549800	6.716200	3.516700	2.597600	1.808700	2.432200	1.690400	3.475600	4.915200	3.867700	8.539590	5.915600	20.168890	18.379951	17.690844	43.958900
288	0.356000	0.000000	0.095800	0.539600	0.479000	-1.135800	-0.041200	0.756000	0.128800	0.314000	-0.327300	-0.074400	-0.652900	-0.093200	0.164800	0.387500	0.719000	0.353600	0.359000	0.609500
289	0.272500	0.277300	-0.052100	0.292800	0.208100	-0.325400	0.302800	0.279800	0.448500	2.108900	-0.290700	0.173600	-0.744600	0.076900	-0.892000	0.000000	-0.210900	-0.415600	-0.462000	0.183000
290	0.141200	0.000000	0.488900	0.917100	0.383800	5.754500	-0.063700	0.285400	0.105900	-0.066300	-0.276700	-0.159000	0.064500	0.011500	-0.194500	-0.051700	0.365900	0.215100	0.057400	0.558300
291	0.659300	-0.004900	-1.225300	0.136500	-0.301100	-0.865700	-0.287400	0.178600	-0.149700	0.005100	-1.416700	-0.074000	-0.762800	-0.322200	0.000000	-0.093000	-0.470400	-1.397800	-0.503400	-0.389900
292	4.480900	2.951600	12.766420	10.791000	11.977740	0.000000	22.208090	5.341400	2.343200	8.033800	16.047540	19.979900	13.512600	14.210490	10.747770	10.868910	39.476900	40.413400	35.711600	66.641400
293	-0.358900	-0.276500	0.035600	0.124000	-0.049900	0.546900	-0.618300	0.000000	-0.213100	-0.333000	-0.061000	-0.219600	-0.088100	-0.615000	-0.216300	-0.091900	-0.297200	-0.182300	-0.257400	-0.614200
294	1.776300	1.617900	1.251200	2.057600	2.243500	0.886500	1.742400	0.000000	0.440100	1.576300	1.227000	1.364000	1.953600	1.850300	1.791700	1.616300	0.565000	-0.187500	0.963100	1.430400
295	0.463000	0.444900	0.256000	0.444500	0.546200	1.823300	-0.301500	0.235300	0.000000	0.277100	0.139600	0.000300	-0.430400	-0.205700	-0.055200	0.240300	-0.166200	-0.136400	-0.189300	0.294300
296	0.429500	0.000000	-1.212400	0.612100	-0.492400	-0.782600	0.011300	0.777700	-0.036800	-0.098200	-1.239600	0.445700	-0.726700	0.066800	-0.177100	-0.015100	0.564600	0.365100	-1.229300	0.007700
297	1.200000	0.410900	-0.433300	-0.477900	-0.992000	-0.979900	-0.662300	0.408300	1.009900	0.344100	-0.488300	-0.693400	0.430600	0.063100	0.566800	0.000000	0.456800	-0.037600	-0.119700	0.172600
298	0.915000	0.554100	0.905500	1.103200	1.032800	0.000000	0.350900	0.967700	0.949400	1.004400	0.884500	0.817300	0.580500	0.565200	0.856600	1.012400	0.998100	0.986100	0.992000	1.101800
299	1.589600	0.041000	-0.087400	0.239800	0.068300	2.183600	-0.215600	0.287900	0.206800	-0.056300	-0.190000	-0.185000	-0.052600	0.069000	-0.039100	0.000000	-0.313800	-0.340600	-0.430500	-0.204200
300	2.213500	1.117800	-0.174000	0.574000	1.896500	0.000000	3.316900	2.057000	1.975700	1.262000	-0.066900	2.293700	2.664800	2.718100	2.533400	3.154100	8.004400	7.510400	5.590200	8.676400
301	0.314700	0.000000	-0.522500	-0.403700	-0.679300	-1.632500	-0.607800	-0.743500	-0.123800	-0.417700	-0.361900	-0.763200	-0.010100	-0.880500	-0.107300	-0.663400	-0.282500	0.004500	-0.338100	0.203700
302	0.497400	0.230000	-1.212200	0.124200	-0.772600	-0.712000	0.041900	0.445000	0.625100	0.330700	-1.156300	0.278800	-0.227600	0.000000	0.348800	-0.783300	-0.801800	-0.596300	-0.924900	0.350200
303	5.310600	3.704100	0.000000	3.191500	3.454700	8.681200	3.588600	3.677200	4.865400	3.260000	0.604400	3.652400	3.231500	3.587100	4.988900	3.938000	4.613500	6.918500	5.328400	4.386800
304	1.222800	0.592800	-0.150200	0.038200	-0.360400	0.685600	-0.839100	0.108300	0.299500	0.304800	-0.217400	-0.716700	0.384800	-0.428100	0.337700	0.000000	0.031400	-0.280200	-0.400900	-0.281000
305	2.370200	1.674400	-0.663000	1.315900	0.380800	-0.180600	2.065200	1.665800	2.539200	1.567100	-0.505600	2.617000	0.000000	1.737200	1.067100	0.759400	1.295800	0.146000	0.530300	2.571800
306	0.306100	0.000000	-0.122500	0.931700	0.281000	-1.335600	-0.151800	1.699000	-0.129600	0.267300	-0.274400	-0.495300	0.238200	0.393600	0.833400	0.688600	0.540600	-0.910300	-0.443600	0.515400
307	0.279800	-0.178100	-0.955500	0.542300	0.028900	0.743300	-0.323900	-0.151200	-0.380000	-0.281700	-0.915700	-0.932600	-0.790100	-0.497700	0.000000	0.009400	-0.904200	-0.639400	-0.845100	0.065900
308	5.427000	3.811400	0.000000	2.878800	1.889100	1.520600	6.528500	2.877900	4.128700	3.568400	-0.058000	2.866300	4.941800	2.977100	4.733000	4.058200	7.853900	6.121900	4.259500	4.913600
309	0.759600	0.231600	-0.093500	-0.187500	-0.314600	0.272000	-0.524900	0.377900	-0.037900	0.392800	-0.018000	-0.582100	0.932900	-0.601300	1.888200	0.467300	0.442200	-0.053400	-0.295600	0.000000
310	1.445200	0.000000	0.414400	2.521000	2.472300	2.164600	2.523500	0.199000	1.140800	1.378100	-0.624500	2.023200	3.474900	1.261700	3.129900	2.770600	4.785700	3.230300	2.193900	2.346000
311	3.164300	2.301400	0.000000	2.460100	1.986100	10.333280	1.345900	5.476800	3.378500	2.350300	0.147000	0.892500	2.463200	1.226600	3.689500	2.577000	1.895200	0.897500	0.331800	1.585700
312	2.046500	1.722800	-0.182500	1.007300	0.000000	1.449000	0.397000	1.411500	1.721500	1.208000	-0.391200	0.145200	0.997500	0.549300	1.891500	1.359900	0.713000	0.116900	-0.212300	1.045500
313	0.186900	0.515000	0.407500	0.533600	1.299100	3.649900	-0.051900	1.527300	0.579000	0.307000	0.077500	-0.125100	0.147600	0.152800	0.000000	0.073100	1.234500	0.156500	0.039100	0.337500
314	2.035800	1.305800	2.027000	2.447000	2.292200	0.000000	1.751400	1.853600	1.461200	1.617300	1.193700	1.346000	1.534100	1.702900	2.545900	1.467600	2.720500	2.660800	1.975300	1.871900
315	0.484300	0.000000	0.206600	0.008200	-0.190600	-0.001900	-0.824400	-0.354400	-0.363800	0.079400	-0.543200	-0.761700	-0.324600	-0.265000	0.464300	0.275600	-1.021800	-0.309500	-0.273700	0.401500
316	1.681800	0.000000	3.950700	2.113500	3.944100	7.393400	17.641890	2.191700	1.112900	1.436200	4.069900	11.214010	5.656300	6.700900	3.697000	4.980700	34.538600	32.853000	23.500700	54.289100
317	3.696500	2.252800	1.647000	1.588500	1.544700	0.000000	1.911100	2.164400	3.070100	2.061600	0.442500	1.936600	1.883800	2.241900	2.806000	2.915600	0.926200	1.489300	1.215100	2.465600
318	0.000000	4.075100	12.578400	12.414230	14.202870	14.646180	7.359200	13.099030	6.660700	7.194900	7.378700	9.955180	10.993850	12.047300	11.267940	10.198540	26.999680	34.782700	28.690910	56.066500
319	1.379400	0.726700	-0.133200	0.250900	0.000000	-1.018100	-0.431300	0.443200	0.789600	0.738400	-0.295800	-0.207600	0.228500	0.295600	0.536300	0.204400	0.332400	-0.157500	-0.321200	0.151100
320	1.443300	1.615600	0.386800	2.271000	2.818200	0.000000	1.573800	2.780600	1.626600	1.622000	0.670100	1.226600	1.518500	1.147600	1.328200	1.374700	0.668900	0.477000	0.569100	1.551000
321	1.277500	0.180700	-0.850200	-0.484600	-1.189500	3.265500	-1.080200	0.000000	0.293500	-0.084500	-1.207600	-0.937200	-0.235400	-0.744800	0.074600	-0.197100	-0.468400	-0.910000	-1.059500	-0.642600
322	2.957300	2.020700	1.272600	1.782200	1.084500	0.000000	2.167600	1.401900	1.719200	1.618000	1.535200	1.580000	1.542500	1.914400	2.183100	2.454100	1.508700	0.318200	-0.059900	2.258800
323	0.000000	2.843800	1.915500	4.029000	3.603600	6.190500	2.150200	3.409900	2.777000	2.634500	1.343600	2.129100	2.543100	2.071400	2.431700	1.883200	1.311600	2.054800	1.926900	2.381000
324	0.331700	0.000000	-1.264100	0.975100	0.257500	5.287500	-1.366800	1.129600	0.548200	-0.056200	-1.186500	-1.399200	-0.406500	-1.018700	-0.207900	-0.466300	-0.831300	-0.973800	-1.030100	-0.457100
325	1.303300	0.000000	10.919150	3.034200	8.209200	1.492500	24.192090	5.572900	1.825300	4.000500	7.968700	9.365620	9.862780	9.772760	8.231000	6.643300	40.121300	23.495940	34.799200	42.973700
326	1.534800	0.298100	0.021000	0.207600	-0.122100	1.219000	-0.070400	0.720400	1.198600	0.663100	0.044800	-0.239200	0.103300	-0.119000	0.000000	0.329000	0.215300	0.208400	0.198300	-0.197000
327	3.987100	2.295400	-0.356300	0.000000	-0.406100	3.972900	0.164600	1.440700	2.829000	1.628200	-0.509900	0.097800	2.211700	0.984400	3.058300	1.746100	2.566300	0.206800	0.343900	2.775400
328	2.113100	0.337600	-0.590100	-0.297500	-0.620500	0.949700	-0.731000	0.177700	0.758400	0.173700	-1.268200	-0.824800	0.335100	-0.079200	0.945600	0.000000	-1.156000	-1.348200	-1.783400	-0.072600
329	4.886200	3.403000	0.000000	2.270800	0.788300	5.098400	1.606800	3.797300	4.155500	2.717800	1.452200	2.557400	2.841000	2.399600	3.961700	3.324800	1.081100	0.376800	0.625600	2.758000
330	1.229100	0.685000	-1.389700	-0.347100	-1.075400	1.666700	0.000000	-0.022800	0.833200	0.225800	-0.966900	-0.833000	0.273100	0.024000	0.563500	-0.078100	-0.141700	-0.805100	-1.100400	0.201500
331	5.762000	4.482100	1.208000	3.374900	2.332400	6.248100	3.894800	5.206300	5.152700	4.066400	0.831400	3.632000	4.598100	4.098200	5.654200	4.322800	0.054700	1.172200	0.000000	3.476300
332	1.045300	0.829000	-0.246900	0.173900	-0.448500	0.990800	0.088800	-0.062500	0.550200	0.395500	0.096000	-0.046800	0.151700	0.000000	0.048400	-0.126600	0.182900	0.133400	-0.086400	0.496300
333	4.596100	3.852900	0.000000	2.079000	1.338800	1.720100	6.453100	3.501300	4.696400	3.002300	-0.473100	3.270400	4.196400	2.835700	4.956600	3.754600	7.338100	5.735000	3.770200	4.189400
334	0.000000	0.531600	0.413300	1.436700	1.074800	6.565900	0.084200	0.868300	0.461900	0.476000	0.442800	0.443800	1.097700	0.528400	1.020800	0.894100	0.294300	0.174600	0.038100	0.953100
335	4.513500	2.285000	1.045200	1.954900	1.035100	2.821400	1.742200	3.181400	3.223900	1.803900	0.494300	1.576200	2.500800	2.502300	2.949000	1.320700	1.118100	0.486000	0.000000	1.161300
336	0.196100	0.336500	0.057700	0.096900	0.059100	3.327700	-0.058200	0.029500	0.000000	0.211300	-0.089000	-0.122100	0.156400	-0.376500	0.369400	0.421800	0.530100	0.219800	0.213100	0.379800
337	0.000000	1.526100	1.624800	2.521600	4.036200	5.837400	1.349400	1.943300	1.597000	1.356100	1.652100	1.205800	1.343700	1.319600	1.232000	1.101400	1.472200	1.381100	1.332800	1.250500
338	0.000000	2.118800	1.672800	2.845000	3.827800	4.764500	1.702100	2.507300	1.849700	1.842300	1.585000	1.479100	1.577800	1.802200	1.590400	1.330400	1.765900	1.624900	1.596900	1.864400
339	1.516400	0.848500	0.347400	0.804800	0.780300	5.507700	0.000000	0.476000	0.489200	0.506100	0.093400	-0.820100	1.025100	0.452400	2.312700	1.628900	1.105400	0.275200	0.023200	1.232000
340	5.610600	3.916100	0.889900	2.960000	2.296000	4.227500	4.690200	3.769700	4.557100	3.947900	0.706300	3.537200	5.625200	4.687100	6.062500	3.805300	2.119700	0.407400	0.000000	2.810300
341	0.015700	-0.381400	-1.549900	-1.383200	-1.407300	3.457500	-1.352300	0.000000	-0.128700	-0.855700	-1.513500	-1.293300	0.326500	-0.089500	1.075300	0.433600	2.864400	0.007900	0.071300	-0.950100
342	4.842800	3.586300	-0.110800	0.785700	0.000000	4.773900	2.881000	2.374600	3.848400	2.485900	-0.371700	2.525900	3.271700	1.888800	4.122200	3.328500	8.066100	8.381100	6.231800	11.150050
343	0.762200	1.521900	0.085700	2.063900	1.782900	6.091600	0.050800	2.287300	1.500600	0.855000	-0.384700	-0.032800	0.683600	0.454500	0.061200	0.000000	0.383400	0.817400	1.211500	0.211000
344	0.000000	2.480200	3.765100	4.511300	4.442500	5.120300	1.848400	3.112100	3.832600	2.456600	3.576800	2.017800	3.631400	3.678100	2.486200	2.376700	3.577400	3.645000	3.639800	3.760200
345	0.386400	-0.072900	-0.173100	-0.185200	-0.355300	2.302600	-0.147300	0.000000	0.376600	0.133300	-0.328600	-0.400400	0.195400	-0.245100	0.642200	0.267100	-0.378500	-0.561200	-1.064500	0.204200
346	0.876000	0.000000	-0.277000	-0.799200	0.405900	-0.240200	-0.075500	-0.744500	-0.655800	-0.118100	-0.856100	-0.294800	0.008100	-0.329800	0.585600	0.296000	-0.297400	-0.299100	-0.341700	0.695700
347	3.328800	2.530900	1.269800	2.714700	2.507700	5.411800	2.633300	3.571400	3.494900	2.593300	0.123800	2.860300	3.807100	2.776400	4.304700	3.462500	-0.498500	0.000000	-0.989000	2.426100
348	0.193200	0.078500	-0.124200	-0.009800	-0.162400	1.471300	-0.478700	-0.390700	-0.326800	0.045000	-0.226700	-0.413100	0.000000	-0.420300	0.457600	0.421500	-1.237900	-0.546800	-0.708400	0.316600
349	-0.130100	-0.511800	-1.095100	-0.686300	-0.892100	-1.813900	-2.260200	-0.205100	0.000000	-0.167000	-1.484500	-1.052100	0.427300	-0.850800	0.164800	-1.128400	-1.699200	-1.174300	-1.943400	-0.282500
350	2.587600	1.609400	5.009300	3.445000	2.059100	0.000000	2.181400	2.224500	2.026400	1.270400	3.809400	2.729600	3.766800	5.257500	2.862500	3.034800	3.618400	2.236100	1.749400	9.920880
351	0.244900	0.187800	-0.261700	0.354600	-0.010800	-1.037100	-0.486400	0.393400	0.000000	-0.039400	-0.744400	-0.552600	0.095300	-0.012800	0.272600	-0.284200	-0.499000	-0.506000	-0.469900	0.010200
352	2.391400	1.393200	-0.797300	0.000000	-0.868400	2.509300	-0.136500	0.291700	1.693300	0.636200	-0.847900	-0.286800	0.732500	0.567700	0.563500	0.926900	0.362500	0.214000	0.390700	0.983400
353	3.722300	2.932700	1.423100	3.167100	3.544800	0.000000	7.056800	4.125900	4.194500	2.492900	4.611000	7.230400	4.139500	3.727600	1.394600	3.378500	25.130340	15.449650	12.347690	54.683400
354	1.902900	0.052400	-3.653300	-1.947100	-2.160100	-2.358300	1.732300	0.000000	1.739700	-0.116800	-3.907700	0.628800	1.804900	-1.280100	2.104400	-0.397200	4.160400	1.153000	-1.761000	0.240700
355	4.744000	3.300300	0.000000	2.931600	1.779000	7.302700	5.320900	3.306300	4.676600	3.397300	0.087100	3.037200	5.259300	2.849800	5.572600	4.383900	6.973400	3.684300	0.002400	2.018900
356	3.075500	1.445200	0.000000	1.778400	2.409200	4.188500	0.794800	2.505500	2.610600	2.015400	-0.151000	0.678300	1.867400	1.032000	2.656100	2.159300	0.361200	0.763400	0.492500	1.906800
357	3.195000	1.876700	0.444000	1.053600	0.419500	4.653600	-0.201600	2.727900	3.177400	2.258300	0.354200	0.947200	2.156200	0.000000	3.570400	2.546800	1.342000	0.716000	0.323300	2.577100
358	4.881100	3.127100	-0.254300	1.016300	0.000000	5.512500	2.005300	1.847300	3.638500	2.957300	-0.461000	2.141300	5.042000	2.732800	5.841800	2.945600	10.894150	11.126960	7.414600	5.862800
359	3.618900	2.467500	0.000200	2.434400	1.022000	5.607800	1.097100	2.250100	2.733200	2.207700	0.000000	0.515100	2.745400	2.505200	3.323900	2.067000	1.477400	-0.417300	-0.492600	1.922500
360	0.181800	0.428500	-0.953500	1.359100	0.637600	3.430400	-0.752500	1.290600	0.000000	0.420000	-1.403300	-0.983400	0.522400	0.018800	1.101700	-0.483700	-0.765400	-0.599200	-0.648400	0.292400
361	0.000000	2.490200	2.545000	4.000800	3.886600	8.362460	1.673600	4.000300	2.669500	2.557200	2.478000	1.742000	2.704200	2.539900	2.897700	2.538600	2.595200	2.485900	2.427300	2.668000
362	1.727600	0.000000	2.046600	-0.393800	0.690300	1.404300	-0.276000	1.741500	1.410700	0.531500	-0.116000	-0.532000	2.957900	2.201300	3.584800	2.221100	3.188300	3.542200	3.234100	3.611500
363	0.740400	1.026300	0.636200	0.606700	0.717200	1.304000	-0.573200	0.238400	0.250300	0.646100	0.770700	-0.234500	1.158300	0.000000	1.029500	0.468200	1.038300	0.730000	0.691500	-0.160800
364	0.594000	0.741000	1.627400	1.818900	1.506900	2.936600	-0.110200	0.812800	0.000000	0.605900	0.593500	0.405700	1.318200	0.226700	1.132600	0.081200	-0.139300	1.616900	1.386700	-0.386500
365	1.138000	0.000000	-0.391400	0.091300	0.389900	-1.564500	-0.813100	1.454400	1.188800	0.956000	-0.400700	-0.025600	0.571700	0.237200	1.441400	1.134500	0.831500	-0.180400	-0.339000	1.123500
366	0.101500	-0.410700	-0.346600	-0.058300	-0.055900	-0.046700	-0.521600	-0.072000	0.022300	-0.034800	-0.590500	-1.073400	-0.211000	-1.140700	0.190200	0.000000	0.031200	-0.187900	-0.251900	0.184700
367	1.148600	0.711800	-0.085400	1.626900	1.090100	1.528200	0.397100	0.383800	0.632900	0.790100	0.253600	0.416500	0.252100	0.060700	0.000000	0.597900	0.388000	0.108700	0.045300	-0.033100
368	5.035100	3.765400	0.000000	1.488300	0.293100	5.389400	6.263200	2.055400	3.877500	3.079700	-0.107200	4.738900	5.456800	3.360800	6.100900	4.275400	17.858802	14.605630	9.414840	9.513090
369	1.287900	0.706400	0.000000	0.740700	-0.361000	1.935800	0.087800	0.890200	0.953200	0.504900	-0.407600	-0.226500	0.400600	0.331200	0.809300	0.804400	0.277500	-0.069600	-0.217100	0.716900
370	3.129800	3.869800	3.292700	4.166400	3.749100	0.000000	3.364600	4.141900	4.561700	4.174600	3.299300	3.342600	3.813200	3.941900	4.374700	4.301200	3.907500	3.319800	3.750700	4.204700
371	0.322800	0.000000	-0.074100	0.234800	0.086100	-1.782900	-0.024200	0.203800	0.139400	0.283400	-0.113200	-0.171800	0.019900	0.244200	0.183900	0.298300	-0.297000	-0.256900	-0.319500	0.314500
372	0.000000	2.884500	4.010200	5.861600	6.331300	6.257800	3.657400	7.203000	4.384000	2.966500	3.854100	4.015900	3.760800	3.970600	3.729400	3.068100	4.042000	3.920700	3.919200	4.263800
373	0.884400	-0.559500	-0.164200	-0.350300	0.352100	3.606800	-0.282700	-0.068900	0.000000	0.109500	0.309700	0.314100	1.345800	0.924000	1.544500	0.107800	15.320260	8.548600	8.125200	29.188700
374	3.628800	2.433900	-1.190300	0.000000	-0.609300	4.016400	4.505700	1.568500	3.295600	1.757500	-0.927500	0.608500	2.131900	1.045800	4.081700	1.972700	7.452600	4.167300	2.320700	-0.594300
375	2.905300	1.967600	-0.470500	0.659000	-0.650700	4.068700	0.594300	1.408500	2.320700	1.478100	-0.497000	0.422500	1.657300	1.164500	2.366100	2.049900	0.508900	0.000000	-0.423800	1.213400
376	0.652900	-0.007200	-1.504900	-0.179900	-1.207200	-1.534000	-1.062500	0.499500	0.594000	0.045900	-1.544100	-0.811500	0.000000	-0.357100	0.673300	0.426700	-0.892300	-1.096500	-1.543800	0.008200
377	5.871700	4.354400	0.000000	2.095200	2.125100	7.759000	5.530400	4.659400	5.281000	3.493100	-0.404900	2.476900	5.468000	2.393100	6.357000	3.463000	8.750300	5.184500	1.171400	1.673300
378	2.540200	2.423000	1.880800	3.192300	2.819500	0.000000	1.565300	3.118100	2.264300	2.930300	1.755400	1.974500	2.932200	2.376100	2.465900	2.472700	2.022300	2.029400	1.816500	2.479400
379	1.693700	1.335000	1.454300	1.622200	1.385200	0.132900	0.000000	0.971100	0.719900	1.562800	1.800600	1.271100	2.317600	1.800000	2.456200	1.685900	1.740200	1.349000	1.152000	2.125600
380	0.866400	0.929100	1.117300	2.538300	2.820800	5.242800	0.425700	2.137600	1.387800	0.893700	1.269600	0.278600	1.121000	0.149500	1.385800	0.000000	2.160100	0.881300	0.787500	0.609600
381	1.884800	0.900800	-0.372300	-1.565600	-1.306000	7.254400	-0.719200	1.206700	1.257900	-0.052600	-0.562500	-1.199400	1.572900	0.000000	2.822100	0.543200	0.495700	-0.254000	-0.480500	-0.349800
382	3.288800	2.049600	0.706600	0.000000	-0.221800	1.994500	1.205900	0.527000	2.746600	1.396400	0.582800	0.757100	2.789300	1.801100	3.150800	0.899400	2.416200	0.436100	0.138200	1.188200
383	5.419800	3.365600	0.907700	0.000000	0.812000	6.366800	10.811330	1.210800	3.505400	2.543900	2.281400	6.325300	6.116900	5.130800	6.068500	3.571300	20.586300	12.798220	10.155460	9.599900
384	4.509100	3.065600	0.807600	2.256800	1.958400	8.016800	4.514600	2.249600	3.140800	2.319800	1.236300	3.254700	0.000000	1.119800	2.854300	2.677100	9.442760	11.199580	9.118490	44.468300
385	6.252500	4.754600	0.000000	2.590700	0.847600	4.185000	5.098400	4.978200	6.143600	4.131700	0.180600	3.901100	3.908200	3.142800	5.747300	5.109900	8.876500	8.083400	3.181700	4.924000
386	3.309800	2.156100	0.151900	0.000000	-0.624600	4.039700	-0.182000	1.050900	2.029900	1.677100	0.095800	0.893900	3.103700	0.748000	4.138000	2.557000	8.175200	3.390400	1.523500	1.163200
387	4.242500	2.227700	-1.685400	0.000000	-1.213500	2.474100	2.548500	1.979000	3.133400	1.350300	-2.211100	1.369400	1.996200	1.659200	2.937600	2.116700	1.192900	5.410700	2.344400	3.964900
388	2.647700	2.223700	1.560900	2.336300	1.790400	0.000000	1.935700	2.239500	2.115600	2.469600	2.206700	2.058000	2.618600	2.275900	3.684900	3.165800	2.908400	5.541800	3.683400	2.556400
389	0.654300	0.000000	3.411500	3.021100	5.744100	2.744900	6.045900	4.184800	0.074800	2.060500	4.139300	7.235100	4.896000	7.126100	6.596600	4.812100	15.339950	12.365650	10.401710	57.030300
390	0.000000	1.432400	2.506500	3.088100	2.995000	5.580700	2.291900	3.088600	2.518200	2.595900	2.185000	2.590200	2.850000	2.299700	2.897000	2.565600	2.330300	2.690200	2.669100	2.167000
391	2.543400	1.661900	1.683300	0.000000	0.364000	0.875300	3.076200	1.974300	2.871800	1.616600	1.497200	2.748900	3.023700	2.925200	3.721800	3.121500	20.920790	24.086090	15.429760	20.617500
392	1.621100	1.352600	0.000000	1.529700	0.567100	0.317100	0.711900	1.671900	1.473100	1.239800	0.110500	0.644000	0.624900	0.462600	0.811100	1.734400	1.288400	1.468900	1.402800	1.633600
393	0.000000	2.967000	3.084300	7.660400	7.387900	8.157400	2.933900	7.144500	3.721400	4.113400	2.932800	3.173300	3.485400	3.282200	4.158200	3.425000	4.984300	2.537000	2.888300	4.506600
394	0.000000	0.933200	-0.320500	3.639800	3.244700	0.513700	0.910800	4.927700	1.967900	1.068900	0.683200	1.819600	2.646200	2.944600	2.498100	0.252800	2.568300	0.810900	0.422800	0.509800
395	1.836700	2.369200	2.559200	2.370400	3.949300	0.000000	2.363000	3.440200	3.144600	2.692600	1.884400	2.211500	2.476600	2.393300	3.822200	3.251400	3.700200	3.987000	3.530700	4.189100
396	3.002700	1.242800	-2.081600	-1.150600	-1.011700	-0.760900	3.958200	0.832700	2.411800	0.688200	-1.374400	0.462400	1.495500	0.454500	2.816800	1.670400	4.278700	7.126600	3.565600	0.000000
397	3.381100	1.914900	5.667700	2.181200	1.719700	0.000000	9.896730	3.134400	2.594900	2.676300	6.460300	3.012500	4.973800	4.401300	6.923200	4.308900	26.265120	15.178470	13.420400	42.554600
398	6.750500	5.544600	1.768500	2.818100	2.458800	6.008500	3.784400	4.733600	5.998000	4.653700	1.106000	4.562900	5.490600	4.641200	7.126300	4.805500	-0.552500	1.220600	0.000000	4.143900
399	0.302400	0.724100	-0.137200	-0.487200	-0.754200	3.615200	7.291600	-1.213200	-0.012300	0.092500	-1.304700	0.735400	0.893000	0.895900	2.723100	1.215600	14.749680	-0.393100	0.046400	0.000000
400	5.912900	4.509900	0.000000	3.177400	2.046400	4.367700	1.726200	3.719600	4.763500	3.533400	-0.100000	1.933900	4.442600	3.032600	5.019800	4.484100	10.867320	1.875300	1.469200	1.626900
401	3.903800	2.755400	1.126500	4.566400	5.888800	3.125400	12.843980	4.575500	2.166600	2.776700	1.925900	4.704800	4.360800	3.002100	5.825100	2.767600	16.682520	9.441400	5.648000	0.000000
402	0.000000	9.044540	28.903300	21.953340	25.253410	22.886640	29.069000	20.300730	12.642570	13.956820	23.148110	29.860900	28.098370	31.528000	25.520300	19.395212	52.956400	39.813200	37.408800	36.398700
403	2.856700	1.715400	0.055800	2.127700	2.119500	5.241600	-0.615700	3.126900	1.837300	1.603000	-0.112800	0.376700	2.635000	1.903100	3.974900	2.233700	1.739700	1.500900	0.499700	0.000000
404	0.924500	0.000000	-1.847300	-0.514800	-0.936900	0.840300	0.195900	0.398600	0.935800	-0.340200	-0.489000	0.388900	0.913000	0.174500	2.372100	0.095000	2.724300	2.094400	0.832700	0.162800
405	6.480800	5.273600	4.745500	2.260300	2.592100	7.311400	4.566700	4.550800	6.232000	4.654700	1.626200	5.072600	6.632300	5.330100	7.513900	5.921000	3.793600	1.337500	0.000000	3.974600
406	1.435800	-0.479400	-1.615300	-1.896900	1.244000	0.355800	0.286700	0.382100	0.000000	-0.525400	-2.144200	-0.175600	0.941300	1.706000	1.607900	-0.022800	-2.263700	-2.429100	-2.776500	-0.216300
407	3.861700	2.779000	1.054000	0.000000	0.515100	4.481200	7.651400	2.668600	4.178000	2.290300	2.593800	4.569100	3.209500	4.845400	3.450900	2.834100	11.223920	18.815236	11.677890	15.314230
408	3.765600	1.861900	3.978300	0.000000	0.504100	2.053800	15.723890	2.538900	3.015500	2.067200	3.272300	8.081600	4.402500	5.236900	4.042300	3.406600	35.642900	19.452570	14.189920	11.896530
409	0.909400	-0.620500	-0.397500	3.382400	4.686900	8.336700	0.000000	0.933000	-0.354100	-0.578200	-1.181900	0.478700	1.995000	0.372500	2.475400	0.837800	8.645430	8.102000	6.784700	18.177425
410	0.931200	0.408200	-0.660000	0.409300	-0.392000	-1.222100	3.350100	0.306200	0.000000	0.038400	-0.970200	1.024700	0.885900	0.784700	2.136100	0.763700	2.551100	0.761900	0.110400	2.645500
411	0.917000	0.000000	-0.855600	1.050400	3.057000	-2.207000	0.301100	1.128900	-0.370200	0.369100	-0.569000	-0.068500	0.683400	-0.436700	2.200600	0.524600	0.044300	-1.103000	-1.634800	-1.222500
412	0.000000	3.133000	2.467800	4.311800	3.958500	6.962900	2.239300	3.805000	2.971000	3.452700	1.873600	2.622500	3.011500	2.424000	3.486600	2.512400	2.500200	1.964700	1.800400	2.572200
413	1.780200	0.743600	-0.080700	0.366300	-0.112500	4.226900	-0.274100	0.873900	0.000000	0.904300	-0.150000	0.056400	1.229600	0.407600	-0.230600	1.271800	0.696400	1.466900	1.733100	1.306700
414	0.211300	0.346700	0.118100	0.587200	0.342200	0.269400	0.097100	0.481600	0.000000	0.344400	0.361000	0.152400	0.109000	0.228000	-0.062900	-0.249700	0.351600	-0.141300	-0.310400	0.016900
415	0.114000	0.315300	0.197300	0.284200	0.182900	2.473500	-0.265900	0.000000	0.019600	0.260400	0.055100	-0.041500	0.161600	-0.134300	0.417000	0.415200	0.258400	0.156800	0.053700	0.530200
416	2.311800	1.241900	-0.131700	0.400000	-0.077000	1.555400	1.277600	0.770000	1.374200	0.622700	-1.382000	1.026000	0.972800	1.104200	1.739800	-0.269900	-0.775400	0.000000	-1.439600	1.552600
417	2.194600	1.238400	0.658900	0.872000	0.322300	2.049900	0.912300	1.002000	1.301000	0.778400	0.571400	0.105100	0.589900	0.844200	-0.819500	0.000000	1.436900	0.880000	0.670700	1.506200
418	4.335000	3.866300	2.087300	3.293600	2.862800	2.809600	4.732000	3.833300	4.519600	3.638400	0.936500	4.069700	4.087100	3.893200	4.578200	4.287300	5.061700	1.074900	0.000000	3.215700
419	0.097500	-0.380400	-0.651100	0.000000	-0.091000	0.349600	-0.392700	-0.519000	-0.615600	0.084700	-0.876200	-0.483900	-0.794500	-0.373100	-0.404000	0.077200	-0.606300	-0.030000	-0.125300	0.082700
420	-1.036000	-0.696300	-1.074700	-0.564800	-0.599000	2.230200	-0.395700	-0.640100	0.245000	-0.149700	-1.739400	-0.724800	-0.139600	-0.014000	0.169200	0.000000	-0.734700	-0.983700	-1.554700	-0.435400
421	2.913200	2.201100	8.256700	4.861300	6.890200	0.000000	7.826600	4.672200	3.997800	4.148300	5.487000	8.007400	7.006000	7.695900	7.959400	6.857200	24.507620	26.333250	23.200760	46.168200
422	2.805200	1.519300	-0.893200	0.000000	-0.893400	-0.851300	4.984100	2.427000	2.926400	1.337900	-0.238200	2.935100	3.306400	1.829100	2.838000	2.112400	14.584080	11.442960	5.738000	8.630120
423	2.692600	1.975000	1.297000	1.075500	0.974300	1.661500	0.534400	1.278400	2.704400	1.844500	1.368300	0.000000	2.681000	1.889000	2.612300	2.028200	1.147100	0.406300	0.751800	2.033000
424	4.184500	4.272000	0.412400	3.776800	2.820400	4.292800	0.000000	6.406800	3.687000	3.066000	0.703600	2.387900	6.380900	2.403400	6.653400	4.182100	10.825630	17.455277	9.890950	7.269100
425	2.450000	2.066600	1.768800	1.252000	0.569000	3.485400	6.309400	1.206100	1.902700	1.850100	0.624700	3.219300	2.498700	0.698600	0.000000	2.135400	19.650419	14.450320	13.887760	19.984690
426	4.677000	2.866000	1.645100	0.000000	2.814200	8.169070	13.712490	0.645200	2.157100	1.979000	2.400400	8.317090	7.453200	5.737800	5.840100	3.870800	32.380300	20.507730	13.856270	12.787610
427	4.639100	3.181300	0.646100	0.000000	0.617800	6.004700	4.351900	1.585000	3.390600	2.248600	-0.520800	3.165500	5.724700	3.887200	5.136400	2.870900	8.822100	2.235200	0.650200	3.294500
428	1.307300	-0.130400	-1.314500	0.463800	0.242800	-2.162300	0.110500	0.282100	0.000000	0.199300	-0.844500	-0.266900	-0.203900	-0.450700	1.856600	1.025500	0.119300	34.548400	33.737700	1.131900
429	5.073000	4.093500	0.000000	2.199300	2.612900	6.384800	3.633900	4.186900	3.818000	3.235200	-0.608200	3.373300	4.332200	2.610500	5.436500	3.032000	4.283000	2.253200	1.484500	1.490900
430	0.000000	8.550060	19.434630	18.186203	21.523650	19.145701	15.515460	18.337974	13.251560	13.339550	14.444820	14.839830	16.035510	16.916580	23.153190	17.479825	20.994160	18.203989	17.527046	65.981700
431	0.426900	0.575400	-0.581400	0.000000	0.171100	2.130800	-0.153600	0.030000	0.305600	0.400700	-0.202700	-0.372500	0.566700	-0.423900	0.180300	-0.007300	-0.602400	-0.632900	-0.702800	-0.519500
432	0.228500	-0.127800	0.045200	0.073700	0.006500	-1.265200	-0.017600	0.000000	0.010900	0.156100	0.125300	-0.395500	-0.218900	-0.021500	0.083300	0.048100	-0.260800	-0.248300	-0.271800	0.009200
433	0.000000	3.287200	3.508300	4.480700	4.391900	6.259900	3.015400	4.389000	3.514300	3.451300	3.255100	3.083200	3.445900	2.950500	3.480000	3.484700	3.476100	3.021200	3.446500	3.600200
434	1.268100	0.307500	2.593900	0.086000	1.167100	4.676400	2.758800	0.700700	0.300600	0.197200	0.998800	2.260300	2.350500	2.205000	0.000000	1.581600	5.688300	3.817300	3.011900	3.216800
435	2.093300	0.487200	-0.359800	1.119000	0.927700	2.085700	0.370900	0.959700	0.862700	0.376500	-0.276700	0.152800	0.000000	0.287100	1.334300	0.008300	0.506300	0.818600	0.736100	0.424600
436	3.191500	1.797800	0.168600	0.000000	1.057800	-1.301000	3.740600	1.254000	2.434200	1.298700	-0.338300	3.373300	4.384000	3.182200	4.300200	1.594200	5.119700	7.546700	2.561000	23.961270
437	2.471700	0.906500	3.449700	0.031000	3.099700	5.532200	2.959700	0.000000	1.029200	1.097600	2.163800	2.244300	7.451800	4.538700	6.395100	1.849300	10.949210	11.346710	9.877300	9.078690
438	5.455100	3.685600	-0.237300	1.119400	0.000000	4.023700	3.331100	3.242300	4.860900	3.193000	-0.332300	1.246500	3.753400	1.726800	5.540900	3.999200	2.607200	4.257500	1.817800	3.605200
439	6.883100	5.577500	1.853500	2.587800	1.886900	8.678900	0.000000	4.966300	5.201400	4.337800	2.040300	3.215700	7.435800	4.643800	9.031920	5.033000	5.828000	10.403340	10.534210	5.197900
440	5.780900	5.022600	3.033300	4.468700	4.910700	4.534700	4.371400	4.165900	4.533900	4.424200	1.648900	4.439000	6.811200	5.270400	7.375600	5.286900	0.765700	0.871500	0.000000	4.163600
441	2.901100	2.019600	-0.037900	0.000000	-0.102600	1.508200	0.406600	1.017300	2.233800	1.532100	-0.152500	0.114800	1.039400	1.111900	2.508100	1.859600	1.174500	1.278700	1.308700	2.109800
442	3.434800	2.092300	0.182000	3.336100	0.980400	2.203700	4.892000	0.000000	1.533300	1.897000	-0.073200	2.225900	6.111500	3.986600	5.809900	1.800900	17.077350	12.639650	7.364000	40.386100
443	0.517800	0.518900	-0.461500	-0.137500	-1.021400	2.639600	-1.376200	0.570300	0.780200	0.192300	-0.624500	-0.540800	0.043700	-0.602200	0.000000	0.002200	0.104700	-1.133700	-0.620700	0.040100
444	0.541500	-0.750600	2.348000	-1.706100	-1.380100	1.259400	-0.671700	-0.501800	0.486900	-0.638300	-1.532000	0.011600	3.480200	0.994400	2.870500	0.000000	-0.017100	0.054500	-0.145700	1.482100
445	3.122700	1.819000	3.317000	3.421600	5.632700	0.000000	2.480900	4.903000	1.983700	2.090200	2.094100	2.326200	2.688400	2.224500	7.157900	4.255900	5.120700	3.316200	7.529100	4.140600
446	0.000000	5.663600	17.311771	13.736250	19.192570	17.207800	22.471520	14.557380	8.763090	8.730980	14.706710	18.455675	21.649080	19.491000	18.050295	15.101930	33.573500	27.691880	24.708690	52.067400
447	4.603700	2.795300	5.076800	2.257800	2.704300	0.000000	13.937990	4.261100	4.636800	2.132200	3.941400	9.694310	10.388550	9.327790	6.240200	3.926200	18.855302	11.754630	10.424870	22.163960
448	4.603600	3.445200	0.696300	1.335600	0.051000	5.350300	4.114800	2.868300	4.209200	3.015400	1.341100	1.688800	5.817600	3.328200	7.200400	4.588500	0.000000	3.423500	0.504500	1.202400
449	6.075100	4.315400	1.114000	4.015600	4.560800	1.201500	3.625800	5.916200	5.927800	4.544300	1.675800	3.976500	4.999800	5.303800	5.551200	5.251800	4.119200	6.241200	0.000000	3.991200
450	7.515500	5.702200	1.557200	4.874800	6.583300	8.915300	4.396100	4.741700	6.255400	4.672900	1.122800	4.119500	4.944100	3.928800	5.751000	4.420800	0.869000	0.789200	0.000000	2.360300
451	2.691600	1.770200	0.861500	3.208100	3.988800	3.140600	-0.252000	2.375700	2.537000	1.158900	-0.600400	-0.325700	2.832600	1.796900	4.236500	1.439200	2.322300	2.942900	-0.259100	0.000000
452	2.349800	0.187800	4.579300	1.299500	2.641300	5.861800	15.806800	0.890900	1.032700	0.000000	4.595000	10.748190	9.718310	5.791100	1.818700	1.343500	41.384800	21.169140	21.355790	22.369770
453	-0.319400	-1.249400	-3.148800	-0.771900	0.655000	2.055100	0.849300	0.203800	-1.609900	-1.015600	-2.646300	-2.120300	1.046700	-0.939600	0.147200	-0.471700	6.737600	-0.920500	-0.279700	0.000000
454	2.991500	2.554900	0.660000	0.631300	0.000000	2.373400	-0.988900	1.600000	2.025400	2.404100	1.469100	0.508200	4.967000	1.476000	2.745500	2.196200	2.321800	2.459100	1.349800	2.942300
455	0.332200	-1.336400	-2.712400	-2.773400	-3.176700	0.161100	-0.791900	-0.788700	0.300100	-0.827900	-3.302800	-1.255600	0.000000	-0.621100	0.947700	-0.423900	4.444400	6.887600	3.714400	11.946760
456	3.719600	2.746500	1.839300	3.201000	2.079700	0.592700	2.947700	2.933800	2.932900	3.124600	0.858900	2.993200	2.881300	2.846800	3.900600	2.830500	-0.147500	1.193300	0.000000	2.668900
457	2.216400	1.172400	-1.060600	2.009400	1.319300	0.736900	0.528300	0.261400	1.214200	1.310400	-0.380500	0.926400	1.891500	2.248700	2.306300	1.878300	-0.346000	0.273400	-0.025400	0.000000
458	2.246200	1.338200	0.000000	1.963100	2.383200	5.653000	-0.400000	1.491400	1.978700	1.595800	-0.132000	0.294000	3.561900	1.785200	4.670000	1.619300	2.666400	1.351200	0.554900	0.951000
459	0.847800	0.751800	-0.284000	0.954600	-0.208600	2.698800	0.226800	1.118500	0.638500	0.792400	0.000000	-0.164100	1.050100	0.620000	2.262500	0.706400	0.712700	1.202100	1.203300	1.299400
460	2.048100	1.721100	0.783600	1.862700	1.842100	3.534200	0.867200	1.480800	1.661000	1.423300	0.666900	1.061300	2.256200	1.265600	2.288600	0.000000	0.975400	0.861700	0.636800	1.163900
461	0.000000	5.654400	11.418950	15.703130	16.063530	8.793880	9.517320	15.263870	6.510400	6.603300	8.195670	9.428170	11.805460	9.819240	11.154000	10.272730	16.218110	13.446410	13.179780	16.842720
462	4.936000	3.393400	0.000000	4.543700	3.327900	10.631070	6.050500	4.253000	4.898400	3.219300	-0.777400	3.497700	3.995400	2.719000	4.665400	3.858900	9.219900	6.392100	0.346400	2.763200
463	1.831700	0.000000	3.534900	4.516900	5.504900	9.034330	7.994400	4.943500	2.415500	1.105400	2.735700	6.403600	8.494150	4.224500	7.817400	4.507100	30.578300	33.759700	26.005110	47.652800
464	3.549300	2.591100	-0.645900	0.952800	0.000000	4.662100	1.583700	2.367700	2.529900	1.936300	-1.403800	1.782100	2.277500	1.230600	3.970800	2.269000	2.745400	4.874600	1.210800	7.009800
465	4.779200	3.255200	0.659900	0.000000	-0.749300	6.336300	5.887900	1.292900	3.291900	2.310100	-0.101100	1.846700	3.792800	2.638900	5.560400	3.952500	15.793180	14.227500	12.042740	7.626400
466	6.718400	5.655400	1.964000	5.296600	3.856200	5.451700	5.353200	5.244900	6.250900	5.018700	1.675100	5.944000	5.757000	4.936400	6.515700	4.507200	2.850000	1.110200	0.000000	3.849200
467	1.674500	0.000000	0.422800	-2.582600	0.185100	0.193700	6.344800	1.137500	1.731900	1.440300	1.233900	6.941300	6.360900	4.612900	3.951700	1.103700	13.972350	7.503100	3.892200	5.322200
468	3.229300	1.983000	-0.968500	-1.094600	-1.783700	5.363800	7.389400	1.068000	3.137400	1.115600	-1.945700	3.177300	0.000000	0.631600	3.259100	3.019000	15.302240	6.574100	5.188900	9.206090
469	1.403700	1.047300	0.491500	-0.666900	-1.042600	4.393500	0.781500	2.106800	1.644700	0.415700	-1.504600	0.594600	6.547600	0.815500	0.000000	0.708600	1.523600	0.220900	-0.822100	1.366200
470	3.549600	2.792500	0.358700	1.785300	0.944000	0.823600	3.000100	2.319600	3.724100	2.600400	0.000000	2.467600	4.106500	2.823900	5.022400	2.665800	2.851300	2.890700	4.159600	5.001300
471	0.348400	0.000000	0.201700	0.240600	0.028500	-0.432300	-0.499900	0.363600	0.166800	0.278900	-0.385700	-0.545900	0.519600	-0.533400	0.701600	0.420600	0.075800	0.356500	0.352700	0.593600
472	1.898800	1.891400	1.793400	2.832200	2.821000	2.834500	2.152100	1.801400	0.961800	2.299600	2.490700	2.257700	3.476100	2.615000	2.330300	0.000000	2.272000	1.709900	1.380400	1.200300
473	2.552900	1.043000	0.059900	-0.257800	-0.994600	4.564700	5.952500	0.000000	1.423200	0.881200	0.547400	4.511800	4.898100	2.721600	3.921100	2.346900	19.394224	7.609300	5.096000	6.011400
474	0.737800	0.090500	-0.901600	0.000000	-0.713000	-1.301700	-0.962600	0.376200	0.661200	0.337400	-1.058000	-1.389100	0.117200	-0.338000	0.965500	0.818500	0.317500	-0.252000	-0.477200	0.438100
475	0.199600	-0.186800	-0.307600	0.175800	-0.254300	-1.486500	-0.772500	-0.185900	-0.229300	0.325500	-0.542200	-0.834900	-0.209600	-0.175100	0.000000	0.133100	-0.433000	-0.048900	-0.085600	0.142600
476	1.360300	0.000000	-1.243400	0.625500	0.364500	2.684100	-0.214700	0.750100	0.772300	0.629400	-0.811100	-0.273600	0.545600	-0.154100	1.400100	-0.122400	-0.708100	-1.192800	-0.667400	0.345300
477	3.148000	2.187400	0.137200	1.131700	0.795600	4.232500	8.316300	1.947700	3.025300	1.902200	1.726900	2.702000	4.669500	2.698900	3.300100	0.000000	19.804400	11.148070	7.849500	1.776700
478	1.891700	0.690700	0.028900	0.640500	0.365000	1.987200	-0.326700	0.193900	0.176200	0.129100	-0.256300	-0.325800	0.622200	-0.127200	0.482400	0.000000	-0.471700	0.109300	-0.160000	0.032500
479	4.425000	2.787400	5.001400	4.252000	4.939600	0.000000	3.653300	4.569600	3.930100	2.987400	0.477500	4.495900	3.363400	3.110200	5.204400	2.718100	4.780900	2.218900	1.785700	3.827300
480	3.135500	2.360200	1.461300	2.400100	1.994500	0.000000	2.768500	2.508800	2.736300	1.915100	0.590600	2.752600	3.471200	2.526000	2.872400	2.045300	3.260000	3.287400	3.398800	3.286700
481	-0.010400	-0.265300	-0.244200	0.000000	-0.086900	-1.207000	-0.273600	0.028400	0.026300	0.142400	-0.355900	-0.329800	-0.213200	-0.566800	0.059500	0.055700	-0.000600	0.029900	0.067800	0.396100
482	1.033500	0.321600	-0.153900	0.543700	-0.144400	-0.667600	-0.091100	1.039000	0.983300	0.772200	-1.231500	-0.045600	0.000000	-0.146100	0.799100	0.986800	-0.358200	0.266000	0.214900	1.244300
483	6.261100	4.778500	3.109200	4.152100	5.108800	4.296800	4.826600	5.620600	5.588900	4.939700	2.565100	4.234600	5.737500	4.328200	6.466000	5.751600	0.000000	3.700700	2.885000	3.616700
484	0.764100	0.000000	-0.969900	0.221600	-0.226100	0.622000	-0.434100	0.665800	0.605100	0.339400	-1.198300	-0.678500	-0.143900	-0.270500	0.783000	0.578800	0.417000	-0.161200	-0.221000	0.636200
485	-0.565800	-0.796600	-0.571000	0.049900	-0.159500	1.256000	-0.447300	-0.604100	-1.425900	0.288600	-0.424600	-0.701100	0.052900	0.000000	-0.467000	-1.050300	-1.096500	-0.625400	-0.803300	-0.372600
486	3.160800	2.333400	0.000000	2.636800	2.063200	2.167200	2.226100	1.721200	2.784300	2.413000	0.003700	0.579600	3.691200	2.081500	4.266700	2.360000	9.108480	12.608600	5.689100	42.161400
487	6.608400	6.365400	5.536500	7.000800	6.161900	5.940700	5.770400	6.930900	6.507800	0.000000	5.089500	5.585600	7.282000	6.501900	8.274970	7.388100	5.643600	4.916600	5.299700	6.998000
488	0.053900	-0.329100	-0.381700	0.021400	-0.391500	-0.751600	-0.583900	-0.625200	-0.293900	0.030900	-0.896700	-0.787100	0.000000	-0.440200	0.428900	0.189100	-0.805800	-0.703400	-0.498300	0.049300
489	1.886400	1.050400	0.122300	0.808300	0.000000	3.023200	1.117600	0.875900	1.124000	1.471200	-0.046000	0.777600	1.110900	0.541400	1.360200	-0.173400	0.496300	0.620900	0.570800	0.881300
490	3.876100	2.392900	-0.123300	2.150400	1.885000	5.051200	1.475700	2.956900	2.610400	2.777800	-0.236900	1.164800	3.298900	2.254700	4.530500	1.964200	0.883000	0.000000	-0.392600	2.256000
491	-1.304800	-1.223400	-1.638800	-0.874100	-0.859300	0.577900	-1.748600	-1.282300	-1.514300	-1.122900	-2.305000	-1.807800	-0.623200	-1.615000	0.000000	-1.510200	-1.921100	-0.649800	-1.964600	-1.632400
492	-0.497500	-0.680700	-0.938400	0.571500	0.301500	1.458700	-1.554100	-0.240100	-1.210400	-0.497000	-1.086300	-1.117800	-0.046800	-1.038900	0.000000	-1.389500	-0.724700	-0.893700	-0.982600	-1.630100
493	3.672700	2.599800	0.000000	1.576300	1.654600	5.057100	2.030900	1.663000	2.713900	2.015600	-0.336900	2.032500	3.957800	2.267000	4.030600	1.050900	7.182700	4.585900	4.278300	2.912000
494	2.413000	1.795900	2.129700	2.143500	2.156500	0.000000	1.689900	2.987700	2.452400	1.989800	1.696200	1.513900	1.633800	1.472300	2.855600	1.901400	2.536500	2.419500	0.918900	2.662700
495	2.434500	2.120100	2.265700	2.549500	2.403200	0.000000	2.247100	2.527500	2.546300	2.247700	2.589400	2.295600	2.075000	2.239200	2.667700	2.790000	2.346900	2.304900	2.255000	2.816500
496	1.647800	0.976100	0.216800	0.858400	0.534700	-0.056200	0.449200	1.415500	1.399700	1.226600	0.026100	0.285400	0.000000	0.044500	1.094700	1.300700	0.306600	0.583200	0.489200	1.129200
497	1.823000	0.000000	-1.522200	1.078600	-0.693600	3.890100	-0.154600	0.454000	0.719900	0.586500	-1.239200	-0.679400	0.124500	-0.066200	1.154500	0.751400	-0.229700	-0.900700	-1.447500	0.487000
498	0.932500	0.710500	-1.669300	-0.383400	-0.820200	0.567600	-1.485600	0.000000	0.853900	0.032300	-1.905100	-1.721800	-0.521200	-1.517500	0.871500	0.379200	0.426100	0.219300	-0.020700	0.437400
499	0.398700	-0.042900	0.112400	0.604800	0.516000	4.086800	-0.383400	0.537500	0.000000	0.233800	-0.206900	0.024800	-0.003200	0.362400	0.217500	0.560800	-0.082800	0.180800	0.023200	0.726400
500	1.690800	1.400800	-0.444000	0.838500	0.000000	1.554500	0.433600	0.851400	1.753000	0.947200	-0.441500	0.367200	1.072700	0.949600	1.320300	1.111900	0.433200	0.279200	-0.076400	1.292000
501	1.258800	0.412700	-0.506000	0.039400	-0.266300	3.652300	-0.131000	0.494400	0.841900	0.237400	-0.631400	-0.477700	-0.040600	0.000000	0.155500	0.376000	-0.287900	-0.267500	-0.317300	0.465200
502	-0.261700	-0.211200	-0.836900	0.125800	-0.396000	-1.004700	-1.032800	0.000000	-0.127700	-0.409600	-0.864200	-0.536700	-0.236100	-0.174600	-0.014000	-0.019900	-0.440700	-0.673200	-0.901300	-0.232500
503	1.608400	1.142100	0.030400	0.000000	0.520300	1.626000	0.476800	0.640200	1.366200	0.422000	-0.121700	0.141100	0.823100	0.607000	1.793000	1.367300	0.496700	0.710600	0.718200	1.289300
504	-0.550600	-0.348300	-0.303900	0.000000	-0.045500	-0.657900	-0.314600	-0.228800	-0.188200	-0.330500	-0.392800	-0.366800	-0.332200	-0.616000	-0.272000	-0.215600	-0.545900	-0.581400	-0.580900	-0.679500