SITE	GLY	ALA	LEU	VAL	ILE	PRO	ARG	THR	SER	CYS	MET	LYS	GLU	GLN	ASP	ASN	TRP	TYR	PHE	HIS
1	6.253800	5.664800	3.681700	4.258200	4.954200	4.874900	4.515500	6.584000	7.484100	6.301600	3.038900	4.847900	7.636200	5.690500	8.164900	5.888100	0.000000	3.625500	2.340500	3.933800
2	2.469600	1.505200	1.519400	1.636500	1.616800	0.057400	0.312600	0.483200	0.000000	1.661300	0.582200	0.793400	3.676100	1.429300	4.955600	0.446400	2.755900	2.386500	0.337100	2.997500
3	0.648400	0.000000	9.169300	2.235900	5.171700	-0.738900	11.773300	0.814500	1.275900	-0.056600	7.829200	10.857900	12.453400	8.029400	4.744600	5.293600	22.918800	24.040900	19.617400	38.550100
4	1.075300	0.842700	0.205000	1.718500	1.095300	1.418900	-2.162100	1.844100	0.608700	0.778300	-0.040400	-0.537100	0.000000	0.321400	0.612200	0.592500	1.432800	0.236700	0.174900	0.694800
5	1.763400	0.807200	-0.388100	0.512300	0.003300	3.289500	0.010400	1.157000	1.112300	0.771400	0.007400	-0.180900	0.599500	0.015200	0.000000	0.143300	-0.218600	-0.104800	-0.191200	-0.369800
6	2.540900	1.884600	0.482300	1.288900	1.096400	-0.294800	1.311600	1.025000	1.986500	1.862000	0.829900	0.000000	2.122700	1.579100	4.083100	3.542300	4.297100	3.592900	5.154100	3.677600
7	2.373800	2.574600	1.695000	3.018500	2.533700	4.791000	1.841000	2.929400	1.385400	2.209600	2.160400	1.851500	3.097100	1.726200	4.024300	1.550200	3.167500	2.200900	1.171900	0.000000
8	1.693600	1.304300	1.094800	1.268100	1.228900	4.295700	0.020000	1.214300	1.443900	1.494700	1.059900	0.000000	1.496100	0.619300	0.837200	0.770700	1.017300	0.028600	-0.169500	0.684700
9	2.920700	2.175500	1.638400	2.618800	2.085800	1.002100	2.371600	2.188300	2.780700	2.281800	1.625300	2.019300	0.000000	0.496000	1.775700	2.783600	3.021400	2.876900	2.922300	3.406400
10	0.000000	-0.255700	-0.297600	0.275400	-0.196600	-0.522700	-0.598600	0.123200	0.301400	0.266800	-0.507500	-0.578200	0.032000	-0.060100	0.336600	0.245500	-0.529700	-0.395100	-0.451300	0.212200
11	0.523200	0.090800	-0.542400	0.000000	-0.064600	0.341600	-1.853300	0.317900	0.745200	-0.062600	-0.706400	-2.245700	0.802200	-0.384500	0.637900	-0.326500	-0.561900	-1.355700	-0.311000	-1.085700
12	2.974200	2.299100	5.341200	4.803700	6.658100	8.521700	8.848400	2.150300	1.472200	1.937000	1.831600	3.368800	8.538100	7.124600	1.834200	0.000000	20.577500	16.028300	9.067800	5.408000
13	1.423800	-0.313800	0.778200	-1.508200	-1.783800	3.907400	8.053500	-1.440700	0.000000	-0.159400	-0.479500	4.352000	3.916500	1.477500	3.041600	1.157700	19.240800	11.948800	5.963900	18.301700
14	0.483700	-1.213500	-3.502300	-1.760500	-2.031200	1.558200	1.388600	-0.158400	0.241200	-0.656500	-3.621900	-0.251800	0.567600	-1.026300	0.510400	-0.676900	14.499200	9.067100	1.025600	0.000000
15	3.242600	2.028700	0.000000	1.106300	1.346900	8.925500	3.708000	2.332400	2.669600	2.511900	0.132100	1.820100	3.601600	2.792400	4.201200	2.485900	4.739300	2.395600	1.987300	4.331300
16	5.510600	4.119800	3.155500	4.158100	5.521700	8.332600	5.037700	4.868000	4.604100	4.619600	1.250900	4.000700	4.630200	3.603100	5.084500	3.912200	0.000000	0.781300	-0.158000	2.984300
17	4.042500	2.625900	-0.262200	1.225300	0.000000	6.338700	1.657000	2.344900	2.956700	2.682800	-0.013700	2.715400	4.086100	2.844400	4.591700	2.558900	11.112900	7.646000	3.105700	3.848900
18	4.175800	2.294100	-0.213500	0.000000	-0.402800	4.500700	5.739000	1.710000	2.856800	2.273100	-0.485000	2.111100	3.579900	2.432000	3.757200	2.357100	11.242700	5.625800	3.248500	3.371100
19	3.072900	1.838000	0.788900	3.124900	1.554700	4.959500	1.939800	2.670200	3.029600	2.052500	0.761600	1.719600	1.877900	2.009400	1.691500	0.000000	1.543500	1.769300	1.067200	2.625900
20	3.044100	1.357500	-0.007800	2.670800	1.895200	5.819300	0.000000	2.026200	2.138500	1.977500	-0.126300	1.161500	3.743900	1.524900	4.464300	2.258300	4.647400	4.853900	3.966200	3.924900
21	1.993100	0.000000	4.774300	4.202400	3.317200	3.871100	10.517000	4.700900	1.216800	3.210800	3.982900	9.241900	8.865100	7.511500	6.890600	7.667500	30.583400	15.531300	15.212700	61.892600
22	4.117200	2.640100	-0.507600	0.859100	0.000000	6.156000	2.971300	2.305200	3.071900	2.632300	-0.730500	2.122800	2.086000	1.698700	4.233600	2.589700	-0.031800	1.306400	0.577900	2.218500
23	1.849800	0.951800	0.786700	1.296800	0.927600	4.007400	2.033500	2.002900	1.311100	1.621700	0.265900	1.480200	0.211000	-0.063900	0.000000	-0.152800	1.056600	0.542900	0.377800	1.417100
24	3.721500	2.220900	-0.047700	0.690600	0.000000	4.208500	10.140400	2.663700	3.371000	2.639300	0.047400	2.268100	4.710200	2.998700	4.911800	2.827900	26.640800	21.030700	9.248700	12.065700
25	5.934300	4.184800	0.707400	3.252900	2.139500	6.642900	4.083000	4.182400	5.677300	4.253400	0.000000	3.540700	5.325700	3.411700	6.212900	4.677900	10.964000	6.605500	5.493200	3.543400
26	2.070600	0.723000	-0.844900	0.565400	-0.307600	4.112700	0.060600	-0.571000	0.000000	1.280900	-0.822000	-0.229600	0.581800	0.325300	1.545000	1.266700	0.311400	0.657000	0.431700	1.295200
27	1.371900	1.067900	0.921400	2.548900	1.806300	4.801800	0.000000	2.649400	1.823000	1.634700	0.849300	1.148900	2.101900	1.194900	2.753300	1.837700	1.084600	1.281100	1.070400	1.045100
28	2.535000	1.438600	1.844600	2.734400	4.820600	5.954300	2.499900	1.656500	1.785000	1.231100	0.504300	2.269000	1.469900	1.315100	0.749100	0.000000	6.076100	1.135700	0.298600	2.455300
29	-0.213900	-0.025900	-0.093600	0.032000	-0.063500	-0.259400	-0.983500	0.000000	-0.265200	-0.080200	0.037600	-0.735500	-0.026200	-0.564800	-0.155200	-0.357200	0.015200	-0.207900	-0.182000	-0.240200
30	0.413200	0.355600	0.002200	0.119300	-0.170100	1.897700	-0.212600	0.000000	0.400600	0.166000	1.248900	-0.276100	0.034100	0.022400	0.165100	0.297300	-0.239200	-0.085100	-0.011500	0.341600
31	1.940400	2.159900	0.000000	0.795200	0.377700	4.785900	1.063800	1.761400	1.785100	1.509700	0.261300	0.286300	1.428700	1.762200	0.924500	1.474500	0.755000	0.355900	0.639900	1.560600
32	3.277700	2.075400	0.118800	0.000000	-0.169500	4.328000	6.456300	1.850600	2.925700	1.650800	0.710900	4.253000	4.170100	1.890600	4.146300	2.193000	6.985000	7.321900	2.491500	2.336600
33	0.537000	0.394100	-0.128000	0.358300	-0.040500	-0.492500	0.598300	-0.077500	0.502700	0.527200	-0.007000	0.000000	-1.329400	0.319500	-3.270900	-0.851700	0.225400	-0.537500	-0.169300	0.344700
34	0.812300	0.301700	-0.557500	0.837900	-0.005900	-0.769900	-0.011300	0.843400	0.521100	0.661300	-0.421800	-0.418600	-0.314900	0.000000	0.705100	0.669300	-0.182900	-0.324200	-0.442400	0.547500
35	1.128800	0.183600	-0.067700	0.465200	0.096000	-0.400400	0.406800	1.025100	0.859600	0.770100	-0.048400	0.171100	-0.659500	0.107400	0.000000	0.674000	0.561000	0.392200	0.302700	0.923800
36	1.910800	0.143400	-1.515800	-0.084000	0.898800	1.135000	0.000000	0.150600	0.878200	0.457400	-1.581500	0.991600	0.499700	-0.321700	2.290400	0.507900	-1.430700	-1.416000	-1.832300	-0.195900
37	2.714600	1.320500	-1.263500	0.000000	-0.932300	-0.631100	1.409000	0.540600	1.590000	1.449800	0.345700	0.969000	1.003800	1.036300	2.648900	1.225400	2.101300	1.909100	1.948600	2.403200
38	0.907300	0.000000	-0.477700	0.232100	-0.307300	1.858300	-0.094900	0.112800	0.232000	0.659300	-0.893600	-0.300200	0.182900	-0.443300	0.841200	0.538700	-0.201800	-0.300300	-0.434200	0.482200
39	1.900400	0.430600	-0.798600	0.660500	0.279500	3.794100	-0.049700	0.534900	0.711000	0.922900	-0.725500	-0.773700	0.548200	0.000000	1.710000	0.532200	-0.337700	0.073300	-0.266300	0.427400
40	5.682000	4.206300	0.000000	1.902400	0.586000	6.821200	5.929400	2.743500	4.595900	3.930200	-0.055400	4.259500	4.513300	3.742800	5.329700	3.947100	3.644200	2.693400	0.173300	3.634800
41	3.056000	2.169500	1.256000	2.375600	1.494100	4.916900	1.654800	1.819100	2.144900	2.533900	0.822900	1.536400	1.606200	1.081200	1.664800	0.000000	2.360000	1.618300	1.215900	1.793100
42	1.036700	-0.038000	-0.687200	0.154000	-0.443000	2.608600	-0.628000	0.484200	0.655900	0.547300	-0.655800	-0.462000	0.000000	-0.574300	0.735700	-0.084100	-0.235600	-0.341200	-0.458900	0.038300
43	3.071500	2.562300	0.446500	1.055400	1.208000	4.562500	0.720800	1.746600	3.454000	2.328000	0.477700	0.380000	3.943600	2.862900	3.909100	1.657700	0.000000	-0.126400	-0.616200	0.821800
44	4.237600	3.473300	2.891000	3.926900	3.077200	5.571500	0.000000	4.502300	3.665800	4.195200	2.296100	1.924500	4.878800	3.210000	4.561000	3.388800	4.220400	3.758300	3.152700	2.793800
45	0.193900	-0.351900	-0.641200	0.001200	-0.507300	-1.437900	-0.365700	0.000000	-0.492000	0.533300	-0.634300	-0.538600	-0.367600	-0.347100	0.168600	0.323400	-0.248700	-0.934700	-1.240100	0.213200
46	3.044800	1.353000	0.080900	1.071400	2.373200	0.299800	0.873500	1.102900	1.866100	1.687200	0.107300	1.129800	0.000000	0.258500	2.303300	1.445400	0.069100	0.815200	-0.144800	3.259200
47	4.842400	3.426900	0.000000	2.422800	1.086300	7.906500	3.341400	3.700300	4.166500	3.427800	-0.273900	3.051800	3.827400	3.230000	4.918700	3.050100	3.348200	6.586400	1.621700	4.723200
48	3.447000	1.872700	0.409700	1.513400	1.178500	4.894200	3.897300	1.514300	2.729700	2.224200	0.404200	3.193600	0.000000	1.940400	3.017700	2.919500	3.140200	1.644800	3.899000	2.801900
49	1.146500	-0.154100	-1.064100	-0.014400	-0.627900	4.021200	-0.849000	0.742300	0.080300	0.569900	-1.264900	-0.753100	-0.279100	-0.486400	0.558400	0.000000	-0.984400	-0.947300	-1.008600	0.084600
50	0.000000	3.830000	28.578800	18.010900	27.613900	14.174200	41.653980	15.781700	7.749100	9.865600	26.367800	36.786800	34.199800	25.789200	22.409400	23.002400	84.508600	66.328600	56.762050	98.402800
51	4.364300	2.923500	-0.621300	0.698000	0.000000	6.715100	5.727200	2.265100	3.353200	2.963600	-0.954800	3.846400	4.021400	2.828800	4.721400	3.108800	7.685100	7.432500	4.944000	2.744900
52	4.103100	2.646500	1.982100	3.373300	5.098100	6.644800	1.637000	2.553700	3.099600	2.990200	0.858100	2.043400	3.217600	2.202700	4.407900	3.090200	0.304400	0.000000	-0.146000	2.057100
53	1.609900	0.000000	-1.180000	1.033300	1.130500	5.435700	0.057300	1.206100	0.474500	0.817800	-1.011800	-0.391400	-0.951000	0.196900	0.953200	-0.057600	-0.683100	-0.792100	-0.820300	0.152300
54	1.563700	0.000000	5.673300	2.742600	5.412400	2.175400	25.433000	3.281700	1.630000	1.631100	6.646100	11.670200	12.121300	5.890100	5.650700	3.927900	36.793700	20.808700	15.132500	43.006860
55	1.733500	0.886400	0.608800	1.873200	1.801300	4.025000	0.568200	1.794200	2.020300	1.107200	-0.006300	0.472800	1.775200	0.498000	0.000000	1.744700	2.873400	3.324700	2.889300	2.820000
56	1.447100	1.600300	0.883900	1.055000	0.540800	5.987700	0.674400	1.777500	2.065000	1.371400	0.434200	0.544200	1.903200	1.491900	1.926900	1.253200	0.845300	0.000000	0.230400	1.681800
57	0.534900	0.309500	-0.144900	0.953500	0.788200	3.059900	-1.192400	0.167300	0.318600	0.052000	-0.495200	-0.152700	0.000000	-0.308500	-0.174600	0.057300	-0.674900	0.260500	0.194200	0.515600
58	0.827600	0.282200	-0.054200	0.674200	0.259300	-0.935100	0.078100	0.721000	0.766700	0.639200	-0.385200	-0.031100	-0.471500	0.459200	0.378800	0.000000	0.245500	0.593200	0.562600	0.164100
59	1.609300	2.580900	2.269300	2.609300	2.516800	0.000000	2.131300	2.859700	2.223500	2.270900	2.369000	1.956300	2.220600	2.234900	1.722200	2.151700	2.350300	2.323500	2.343700	2.458500
60	4.070600	2.551800	1.446500	2.830300	2.500000	1.579900	3.134100	3.475600	3.106000	2.897900	0.664600	1.870500	2.355600	2.367700	2.748000	2.462300	-0.239200	0.000000	-0.506200	2.461700
61	1.287300	0.285600	2.934400	2.505200	3.592200	6.355000	1.562900	1.597300	0.760500	1.006300	0.119200	0.298700	2.667800	1.659700	2.867100	1.059500	3.240500	0.000000	6.555500	2.201200
62	0.892800	1.397000	1.413900	1.731000	1.689700	8.441600	1.039100	2.386800	2.063800	0.797800	0.501500	0.441500	0.943500	0.648300	0.000000	0.716700	2.637500	0.228100	-0.090300	0.404500
63	0.369200	1.103700	1.126500	2.301600	2.597100	4.218500	0.828500	1.667600	1.289600	1.108200	1.229300	0.582800	0.355300	0.470500	-0.150700	0.000000	0.666500	0.474000	0.689400	0.706400
64	-1.933700	0.033500	-0.906800	0.938500	1.318200	1.545500	-0.935700	0.911200	0.000000	-0.121000	-1.005900	-1.397800	-0.449200	-0.741500	-0.431500	-0.735000	0.092700	-0.418800	-0.810300	0.358300
65	1.495300	0.832700	0.186300	2.242000	1.741700	3.677700	0.108900	0.000000	-0.075100	0.883800	0.461500	0.140300	1.000700	0.276300	1.368600	0.701800	1.195400	0.729600	0.719300	0.489900
66	-0.041500	1.242700	1.323200	3.077800	4.358700	5.663300	0.323000	2.592000	1.705400	1.053400	1.486600	0.072300	2.582800	0.192700	3.303300	1.577800	0.986000	-0.801100	0.000000	2.105900
67	1.522300	0.000000	0.753100	1.801300	1.364000	5.101700	1.762800	3.628400	1.940500	2.156800	2.309300	3.649900	4.441400	2.883900	5.574600	6.705400	5.934300	19.060200	17.504900	18.039900
68	1.327100	0.378500	1.733000	0.740300	2.031600	0.726600	-0.241000	1.042000	0.000000	1.331300	-0.445500	-0.027100	3.156200	0.902600	4.353100	2.555600	6.368600	6.358000	5.726300	6.942200
69	1.665000	1.527800	0.296600	3.520600	5.588000	3.038600	-0.115000	1.293300	1.589700	1.439800	1.437900	1.701200	5.651200	0.980000	5.168000	0.700300	17.937200	10.915900	4.905300	0.000000
70	6.568600	5.343100	2.097900	6.433600	5.969000	9.029100	5.738400	5.294600	5.753800	5.126100	2.653100	4.894900	7.295500	4.854600	6.809300	4.634500	7.162400	1.733100	0.000000	4.768700
71	5.517300	4.735300	0.822900	4.359400	4.640000	9.027900	6.168400	5.842400	5.353600	3.525300	0.518900	3.818100	5.799900	4.516500	5.359300	4.347400	7.438500	0.000000	0.506800	3.887100
72	1.257200	0.198300	-0.901400	-0.150800	-0.198500	3.022400	0.229400	0.150600	0.667800	0.120500	-0.518200	-0.453400	-0.650000	0.064500	0.000000	-0.182400	1.832300	3.252200	1.833400	0.134200
73	4.364200	2.879600	4.778300	3.306700	5.409900	0.000000	3.439300	6.186800	3.545700	3.519500	3.159500	2.980600	4.626000	3.996700	6.009400	4.368300	2.380500	2.344000	2.097600	3.786600
74	-0.159100	-0.599400	-0.364500	-0.233100	-0.355600	2.021300	-0.829500	-1.230500	-1.145100	-0.300900	-0.932600	-0.740900	-0.241200	-0.788400	0.000000	-0.265200	-0.743900	-0.245800	-0.263500	0.110600
75	0.979700	0.636900	0.299600	0.107200	-0.293400	1.814100	-0.437400	0.292500	0.801900	0.492000	-0.260900	-0.869600	0.588900	-0.386900	1.065800	0.000000	0.657100	0.563200	0.359600	-0.252300
76	0.000000	3.247600	3.255500	4.703100	4.552600	7.114500	3.471700	4.486000	3.425500	3.845500	3.249900	3.674900	2.492800	2.884900	2.389700	2.231400	3.910200	2.359100	2.049700	3.197100
77	1.185000	0.864600	-0.245000	0.878900	0.290300	4.378900	-0.446300	0.520100	0.269900	0.426300	0.004700	0.000000	0.917900	-0.068100	0.920600	0.530600	0.545700	0.074000	-0.003300	0.757100
78	0.352700	0.151700	3.613000	2.302300	4.024000	-1.715500	8.124400	0.000000	-0.715000	-0.626100	2.263100	7.940800	5.942000	5.161500	1.879300	0.289300	32.661900	28.746600	23.476500	25.283200
79	3.986000	3.198200	2.930200	3.157200	2.955500	3.475900	2.723100	3.811400	3.534400	2.675800	0.731500	2.686600	3.231900	3.384800	4.005300	3.363800	1.478900	0.000000	0.565900	2.870000
80	3.591400	2.481600	0.114700	1.089300	0.000000	3.115400	1.042300	2.292400	2.702500	0.986100	0.158900	1.004200	1.530700	1.114500	2.023900	1.172800	1.910000	0.874800	0.800100	1.811600
81	1.763300	1.240600	0.761300	1.377400	1.095200	0.000000	1.332900	1.541400	1.419000	1.463400	1.117900	1.003100	0.956400	1.186600	1.414200	1.503500	1.460200	1.342800	1.320500	1.426400
82	-0.478100	0.832500	0.128200	3.477300	3.280600	4.924200	0.290100	1.214800	-0.046400	0.417700	0.110500	0.131500	0.300200	0.216700	0.235900	0.037300	0.043300	-0.056400	0.000000	0.135300
83	0.901900	0.000000	-0.819000	1.425500	1.693400	4.142000	-0.669500	2.093400	0.705800	0.357400	-0.746200	-0.614900	0.584800	-0.080200	1.544400	0.305400	0.096600	-1.099700	-1.272300	0.546900
84	0.387400	0.323500	-0.011200	1.066300	1.128600	-0.498900	0.337200	0.680300	0.270000	0.744400	-0.305400	0.000000	0.938200	0.097000	0.949400	0.366400	0.469300	0.696400	0.602100	1.103300
85	1.270500	1.171300	2.375300	0.400600	2.205600	1.275300	2.496500	1.232400	1.915200	1.376100	2.464900	5.507600	-1.067800	0.000000	-0.686900	-0.140100	1.015800	-0.561500	-0.577600	1.101700
86	2.445800	0.000000	2.610200	2.717700	3.790700	10.583100	17.429400	3.629900	1.458100	1.225400	5.312600	8.961300	8.773300	5.940500	5.451100	4.897100	45.065380	30.710900	24.922800	27.976500
87	1.960200	0.195600	-1.464200	0.423100	1.675200	5.673100	0.061500	-0.351200	0.978000	0.639700	-0.987500	0.000000	-0.370300	-0.346000	2.592300	1.271500	10.436500	6.318800	8.868900	28.461700
88	1.811900	1.072600	0.767700	0.701200	0.521600	1.225300	1.209100	1.201100	1.713200	1.392300	0.718300	0.784700	0.000000	0.659900	0.286800	1.397600	0.913700	0.772800	0.508600	1.986600
89	1.230700	-0.363900	-1.162300	-0.741000	-1.032200	4.348000	-0.043600	0.000000	0.185500	0.225200	-1.400000	-0.019900	-0.107400	0.233100	1.182900	0.780900	1.759200	0.787000	-0.029900	2.678800
90	0.000000	-0.047900	8.247300	3.849300	8.443700	7.239000	28.696400	3.426800	0.963800	1.781900	4.175900	19.221300	12.675800	10.993500	6.910400	6.824100	51.808340	30.880300	29.920100	49.370394
91	1.548100	0.000000	1.918500	2.042100	2.817800	3.794100	1.498000	2.353500	0.781600	0.460200	-0.230000	1.021700	1.965300	1.361900	3.512400	2.971000	7.868600	3.267000	4.769300	37.181800
92	1.855300	0.754600	-0.599400	0.968800	0.266900	4.323100	0.398800	1.088000	1.807400	1.417600	-0.245500	0.000000	0.486900	-0.043700	1.188600	0.545000	-0.120400	-0.286300	-0.323800	0.954200
93	4.799400	2.799900	0.014100	2.126600	3.052200	4.246900	3.142400	2.911100	3.799700	2.947000	0.270500	2.719300	3.668200	3.390400	4.404300	3.317300	0.669900	0.000000	-0.441800	2.718800
94	6.185000	4.412900	2.539900	4.545800	5.719800	9.218100	3.325600	4.856800	5.109500	4.564100	0.970700	2.955400	3.881800	3.563800	4.807300	4.149900	2.332100	2.620300	0.000000	3.887100
95	1.389700	0.664500	-0.296300	0.658300	-0.043000	3.403100	-0.039300	0.287600	0.653000	1.102400	-0.669500	0.000000	0.283200	0.441400	0.524500	0.594100	-0.266300	0.105000	-0.890100	0.276600
96	2.787100	1.402000	0.000000	1.831100	1.164100	4.032600	1.034200	1.617200	2.645800	1.633600	-0.133300	0.740100	1.252600	0.810600	2.069300	1.105300	0.987800	0.475600	0.661800	1.005500
97	1.608600	0.000000	13.791700	6.215700	12.756800	8.706800	22.909800	5.551100	1.507800	6.194600	9.065800	13.424800	10.823000	11.298700	13.348000	11.565300	57.417280	37.099800	31.279400	40.944510
98	0.000000	5.995700	28.209000	22.940700	32.295700	16.590400	28.788400	22.408100	12.072400	15.695600	25.462000	28.886100	25.860700	26.574800	24.348700	25.014400	62.192900	65.957700	57.781510	46.921790
99	0.994900	0.174200	-0.773800	0.108700	-0.626000	2.207400	-0.139100	-0.295300	0.129400	0.429600	-0.746300	-0.305200	0.000000	0.013600	0.668200	0.068200	-0.718400	-0.459200	-0.727500	0.183800
100	0.686800	-0.883900	-1.230500	1.444800	1.477800	1.258700	-0.570700	0.611900	0.000000	-0.714600	-1.990900	-1.239100	0.595900	-0.350500	1.594500	-0.260000	0.083300	2.095400	0.743000	0.319400
101	3.942700	2.248000	0.509800	4.136900	4.508800	12.218400	3.467800	4.602500	2.948900	2.802700	0.275500	1.886400	3.853300	3.055400	4.456300	3.445900	2.669800	0.000000	0.407300	2.675700
102	1.697100	0.922600	-0.140700	1.070000	0.419800	3.888700	-0.144800	0.988800	1.442200	1.138300	-0.251300	0.000000	1.111000	0.383800	1.824100	0.861500	0.963400	0.394500	0.700500	1.856800
103	0.458100	0.689200	0.754700	2.004700	2.034600	4.032300	0.036700	1.867900	0.863100	1.452200	0.658600	0.927500	1.267100	1.126200	1.353600	0.000000	1.191200	0.611300	0.408300	-0.225400
104	0.599600	2.441300	1.650200	3.518000	3.775900	6.339400	-1.363700	3.179100	1.586300	2.224000	1.491200	0.000000	2.122900	1.230100	2.032800	1.258400	1.226800	1.727600	1.409400	1.253300
105	3.998400	4.066700	3.523300	3.834600	3.246400	7.952700	3.271900	3.760400	4.130400	4.540500	3.519100	3.198900	1.657200	3.468300	0.000000	2.455700	4.104500	3.289700	3.146400	4.057200
106	3.297400	2.170800	0.501400	2.505100	4.706700	1.104700	1.390700	2.868100	3.227200	2.442500	0.000000	1.120500	1.984500	1.995600	3.064900	2.904900	1.264400	1.006400	0.657600	2.340000
107	1.264200	0.738100	0.383000	0.889400	0.230800	-1.556700	0.187300	0.365700	0.423000	1.074700	-0.301000	0.000000	0.086900	-0.042400	1.599400	0.308700	0.257100	0.605700	0.522600	0.402800
108	1.614100	0.608800	-0.318300	1.328000	0.034200	3.045100	0.238400	-0.086700	0.743600	1.090700	-0.509300	0.083400	0.289700	0.000000	0.961100	0.028400	0.085500	0.648500	0.543900	0.434500
109	2.026100	0.000000	5.835700	6.363200	9.880700	11.918500	16.919600	5.558100	1.151100	2.317600	9.098400	16.103100	10.612000	9.947600	8.257100	6.006900	29.373500	24.485400	21.321500	46.584740
110	5.750500	3.710400	1.106000	4.996700	4.053100	6.877000	4.793800	4.300600	4.490400	3.841200	0.758300	4.141700	5.490500	4.440900	6.129700	4.084600	2.426000	0.687600	0.000000	2.837700
111	3.428600	2.263300	0.975600	1.698200	0.982300	6.111400	1.636100	1.967600	2.986300	2.617100	0.756700	1.500800	2.044500	1.725700	3.480900	2.574800	1.368700	-0.116900	0.000000	2.703200
112	4.008300	2.321200	-0.313500	2.107500	1.261500	4.669300	1.747300	3.351100	2.989300	2.404300	0.109400	1.375700	2.685000	2.396500	3.771100	2.034500	0.411300	0.000000	-0.427700	1.280700
113	5.954900	4.242200	0.000000	3.641400	3.763000	10.119300	6.810900	4.201100	4.598700	4.141000	-0.278000	4.749300	4.746300	3.090200	5.652600	4.733300	5.576200	1.368900	-0.034900	3.201000
114	0.000000	2.457900	21.603300	16.731500	24.381800	11.073000	18.857400	13.889100	6.452800	8.603100	11.953400	20.688200	18.188200	16.873400	20.468900	20.705900	40.376600	47.781190	44.036770	68.449900
115	4.964900	3.114300	0.000000	1.352600	0.517500	6.657100	10.253000	3.809200	5.112200	3.407200	0.785100	4.345000	3.119200	2.809600	3.758800	3.095800	9.797500	9.837300	7.768600	4.459000
116	2.356200	0.696200	4.259900	3.440300	7.850900	8.512700	14.754400	0.681900	0.000000	3.223800	4.383500	12.582500	6.992900	8.793900	8.492500	7.236900	41.049880	27.709100	26.919700	29.140700
117	6.059400	4.298700	0.000000	3.303800	1.947700	6.700400	5.925700	3.488100	4.763000	4.074800	-0.050500	4.636200	5.083100	3.898300	5.505200	3.960700	4.328500	4.914500	2.788100	3.623400
118	1.823300	0.135100	1.163200	1.068700	2.934900	4.059500	6.190800	-0.080000	1.050800	0.529300	1.091700	0.545900	3.580300	2.658700	2.604500	1.347900	14.063400	10.285900	8.619400	0.000000
119	3.996000	2.608600	0.248200	1.987100	1.514800	3.407800	6.585800	2.542300	3.979400	2.926100	0.972600	4.472000	3.447200	3.393500	4.115300	2.829600	3.336300	0.000000	0.097600	2.019600
120	5.348800	3.450600	0.000000	2.410600	1.924400	4.512700	8.604800	3.586000	3.951200	2.663600	0.136000	4.206000	3.846000	2.727500	4.878600	3.044600	17.241000	4.563000	2.007400	3.259500
121	0.000000	0.396000	-1.905200	0.863700	0.215400	2.714800	8.223400	2.011100	1.194700	0.593600	-1.033600	5.324100	2.618300	-0.040400	2.281500	0.511800	10.617600	8.591800	4.376600	6.604600
122	0.487300	-1.233100	-0.863100	-1.318400	0.242400	4.075700	3.290600	-1.623900	-0.580200	-0.655400	-2.314100	0.458200	1.477400	1.933300	0.000000	1.095800	12.296500	4.152300	2.490900	46.438370
123	2.961200	2.532700	2.071100	0.000000	0.680200	2.184100	14.152700	2.583100	2.928400	0.993900	3.190400	6.682200	8.282700	4.406000	5.880100	3.964100	35.207800	18.554700	13.147500	43.304710
124	3.094400	2.176900	0.275200	3.403200	4.758200	2.062700	9.496800	1.253300	1.757400	1.365600	-0.409600	2.745700	2.389800	1.605000	2.772500	0.000000	12.915300	7.052200	3.148100	1.280100
125	2.589200	1.214400	1.609700	5.863100	7.212300	11.185300	5.211200	0.598300	2.255500	0.955400	2.565600	5.710900	2.546200	0.000000	2.602800	1.307200	8.694500	5.126500	2.585600	1.471700
126	4.707000	3.238400	2.895500	2.810400	3.447600	0.000000	11.690500	4.370700	3.759000	3.892200	2.269000	7.453700	4.304700	3.662500	6.166400	4.864700	22.511800	18.978000	11.566600	18.464500
127	5.116100	3.689000	0.878100	5.082300	5.781900	3.567300	8.215300	4.493300	5.467300	3.772100	0.000000	4.110300	1.524700	3.041300	4.418700	4.613000	14.922100	4.918200	3.663700	3.202400
128	2.044800	0.569200	3.056300	3.082600	3.609100	-0.153900	0.379600	2.197800	1.142300	0.962100	0.133800	-0.509900	4.240300	3.493700	4.461500	1.029800	5.739400	0.394600	0.660400	0.000000
129	0.745200	0.000000	10.899200	3.014600	8.501000	2.494300	23.840600	3.210600	0.010300	3.679300	9.674700	17.711500	17.696700	14.083200	10.402500	6.806200	65.975000	39.540450	39.837210	38.509880
130	0.662600	0.000000	0.851000	-0.059700	-0.057700	7.081400	-0.015300	-0.312100	-0.177800	-0.209500	0.391200	-0.287300	1.406500	0.578700	1.403800	0.600200	1.775400	0.881900	0.564300	1.684600
131	-0.165500	0.421300	-1.383600	2.355000	3.154500	3.275700	-0.676300	0.975300	0.450600	0.065600	-0.488400	-0.081300	1.909200	1.013900	2.779300	0.000000	4.735800	2.939300	3.594500	3.294300
132	5.318000	4.204100	2.793900	2.302900	1.911000	8.935200	5.020400	2.607400	4.100900	3.130200	1.040800	4.022900	4.629200	4.044200	4.552100	3.231400	2.077200	1.142500	0.000000	2.247600
133	0.859600	1.085100	-0.764300	0.497100	-0.048200	0.604400	1.053400	0.000000	0.246300	-0.567100	-0.268700	1.050700	0.755500	0.059200	-0.434900	-0.753200	1.694500	-0.825700	-0.091400	1.717700
134	0.866200	0.371900	-0.285400	0.452300	-0.015400	-1.556700	-0.005000	0.898900	0.564900	0.580100	-0.468300	-0.051400	-0.707800	-0.220300	-1.415900	0.000000	-1.200400	0.663200	-0.390000	0.491400
135	1.055400	0.576000	0.000000	0.783000	0.622100	1.180700	0.016700	0.443400	0.254500	0.517200	0.122200	0.262300	0.185000	0.519800	0.360900	0.384800	0.570000	0.253800	0.180600	0.649500
136	2.032900	0.546600	0.503900	2.983800	3.086200	6.780600	0.555400	0.320900	0.000000	0.839500	0.513200	0.463900	0.108100	0.841600	-0.145500	0.353100	0.714700	0.580200	0.936200	1.885100
137	1.542900	1.048700	0.685200	1.121500	0.939400	-0.362300	0.879800	1.106400	1.268100	1.224900	0.154300	0.562900	0.403000	0.853500	0.888900	0.942200	0.457900	0.000000	0.129200	0.825300
138	5.386900	6.133200	6.925900	5.431400	5.330500	0.000000	6.450700	6.697400	7.484400	6.110700	5.560700	6.008100	7.072400	6.669100	7.455500	7.621800	8.015900	7.696300	6.404500	8.650200
139	1.295200	0.934500	0.775600	0.321200	0.001600	-1.134600	0.096100	0.192000	0.993700	0.333300	-0.204400	0.064000	0.011600	0.000000	0.615000	1.138100	0.194700	0.475300	0.448500	0.761200
140	0.000000	3.556300	3.286000	5.002500	4.760600	6.923200	3.813300	4.622600	3.756800	3.682800	3.239200	3.942500	2.466600	3.574700	2.149100	3.696500	3.730800	3.800100	3.727600	4.255400
141	6.366300	4.701000	1.257800	6.061100	5.060600	9.006500	2.622100	5.318500	4.856500	4.757200	1.109200	3.698100	5.065000	3.980100	5.208800	4.152300	4.266200	-0.448700	0.000000	3.127600
142	0.980600	-0.645800	-2.157700	2.082000	2.135100	1.937700	-1.273600	0.592800	0.734700	-0.002700	-1.821300	-1.897200	1.545000	-0.501100	2.501700	0.185200	-0.335400	-1.831100	-1.623400	0.000000
143	0.941900	-0.320900	-0.656900	0.209900	-0.403400	0.656600	-0.528500	0.590500	0.000000	-0.027000	-0.750300	-0.724100	-1.263900	-0.606800	0.373000	0.295100	-0.177500	-0.983500	-1.233400	0.260900
144	1.427300	0.117400	-0.548900	-0.122000	-0.613200	3.009500	0.364000	0.662700	1.146700	0.846200	-0.726300	0.000000	-0.195900	-0.177500	0.390700	0.545200	0.053600	0.147100	0.102200	0.600500
145	6.751300	4.812000	2.252300	4.289400	4.116600	8.327800	3.126900	3.887200	5.571300	5.073700	1.793200	3.496900	5.737300	4.120100	6.407200	5.604200	-0.105800	0.000000	0.661800	3.707900
146	1.604600	0.589000	-0.199700	0.592900	0.669500	3.567300	1.228300	0.757600	1.747300	0.598200	0.050100	0.020900	0.000000	0.852800	0.903900	1.144700	7.132500	4.447700	4.595500	3.727200
147	0.448500	-0.153200	-0.315600	0.144900	-0.340200	1.927200	-0.596500	-0.170800	-0.220500	0.364300	-0.542400	-0.488900	0.241400	-0.569700	1.017100	0.000000	-0.496100	-0.152700	-0.191300	-0.319500
148	4.837500	3.470300	1.967500	3.117500	2.000000	7.881400	3.678100	3.258900	3.806400	3.678900	0.270900	2.076800	3.950300	2.927500	4.490700	3.556200	0.865900	0.712000	0.000000	3.366000
149	3.004800	1.778700	1.479300	0.000000	0.575500	4.206300	8.823600	2.323300	2.384000	1.819700	3.189600	6.235000	7.098900	4.147500	5.092000	2.584000	19.933900	10.814300	10.134200	19.172700
150	2.142700	1.161500	1.664200	2.022300	1.944200	0.292300	0.684400	0.926000	1.631200	1.481600	0.424900	0.067000	3.595000	1.952700	0.000000	1.307100	3.883500	4.023100	3.932100	18.264200
151	0.709200	0.056400	-0.147200	0.622300	0.181300	1.022200	-1.570400	0.000000	-0.488500	-0.700100	-0.164200	-0.621400	0.131000	-0.127100	0.399100	0.202300	0.207900	-0.084100	-0.151600	-0.258000
152	2.842300	2.520200	0.803800	0.779500	0.000000	4.697600	1.183400	2.427100	2.684600	1.311600	1.266300	1.189100	1.909700	1.453700	0.530900	1.797200	1.605700	1.227500	1.377300	1.531200
153	3.998500	2.567000	1.732800	4.295300	3.857900	3.983500	3.620300	4.110500	2.862000	3.610100	1.766200	0.000000	6.967000	4.210700	5.940500	4.164900	13.044000	6.182800	3.491900	3.862000
154	0.263400	-0.288700	-0.184900	0.535900	0.139700	-1.206700	0.083500	0.775500	-0.332200	0.357000	-0.104500	-0.440200	-0.369500	0.079400	0.000000	0.171900	0.117300	-0.752000	0.092600	1.021400
155	0.700400	0.259000	-0.672200	1.338000	0.441400	3.223400	-0.284100	1.093200	0.148600	0.024400	-0.776600	-0.429700	-0.049800	-0.154300	0.217200	0.000000	-0.292900	-0.338900	-0.433600	-0.207200
156	1.350000	1.182000	1.781900	1.248100	1.223300	3.500000	2.311000	0.600900	2.168800	1.131400	-0.143500	2.267000	2.528400	1.945600	3.868200	2.461300	3.552000	0.000000	1.540600	8.623200
157	0.784600	0.708600	0.604100	0.310600	-0.329700	-0.254100	0.235400	1.167500	1.532000	0.374200	-0.323500	0.000000	0.856900	0.270500	2.389300	1.251000	2.161000	5.532200	2.486900	1.420500
158	2.816500	1.573900	0.533400	0.000000	-0.280300	5.809100	2.724100	1.791000	3.005800	1.295400	0.092300	3.505600	3.010700	2.601400	3.316300	1.606800	10.824900	12.639900	9.063300	17.508500
159	-0.109400	0.184800	-0.638400	0.077800	-0.121100	1.188600	-0.548800	0.000000	0.101200	-0.091600	-0.707400	-0.431400	-0.368100	-0.559800	-0.273800	-0.315500	-0.529100	-0.527300	-0.752700	-0.328500
160	2.661300	2.772600	2.705400	2.352900	2.739800	3.932500	2.870200	1.887300	2.034100	2.085100	2.729500	2.643400	1.571000	2.126500	0.000000	2.053100	3.009400	2.733800	2.735300	3.042600
161	0.000000	3.281900	5.797600	10.475500	11.350100	1.343800	4.284600	11.496000	4.699200	3.890100	4.132500	4.576100	4.336800	4.149200	5.393700	3.589100	5.321600	4.273600	4.082400	5.073500
162	0.818500	0.660600	0.046700	0.424400	-0.192200	2.873600	0.005200	0.585700	0.846800	0.919400	-0.168900	-0.247100	0.425400	-0.140900	0.106500	0.000000	0.122600	-0.253600	-0.303000	0.389800
163	0.000000	0.524900	2.586500	10.768900	15.809100	5.640800	10.280700	7.927500	4.706500	5.384300	4.032500	7.427700	17.567500	15.480900	11.640100	10.957100	52.123050	44.455110	33.895800	58.898120
164	5.120200	3.507500	1.441900	4.072200	4.540500	7.340600	2.595200	5.785600	4.515200	3.971600	1.011600	2.366300	3.477300	3.318800	3.690700	3.538200	3.061900	0.000000	1.308200	3.369100
165	4.529100	3.637300	3.308600	2.916200	2.025700	5.000300	3.412900	3.555300	4.137200	3.577300	1.294300	3.329300	4.115400	3.927000	4.034400	4.138400	0.000000	1.417800	0.470800	3.395600
166	0.132500	0.680600	0.389800	1.686300	2.630100	2.930400	-0.171000	1.021700	0.326100	0.551100	-0.228000	-0.588400	0.548000	0.350500	0.534100	0.000000	-0.614800	-1.787700	-0.425900	-0.421500
167	4.846800	3.677500	1.558600	4.870600	5.217200	13.774600	2.697300	6.332600	4.858500	4.010800	1.477700	2.903700	3.690000	3.023500	4.563200	4.185000	0.000000	2.280900	2.017800	3.387500
168	1.931300	2.822600	0.670200	2.526000	1.745500	4.980400	0.427100	3.749500	1.859800	1.380600	-0.072500	0.000000	1.633700	0.683100	2.625700	1.727200	1.101800	0.299600	0.083000	2.014800
169	0.000000	2.103800	2.303500	2.685800	3.373200	0.085900	1.937200	2.693800	1.982600	2.393700	2.228300	1.807800	1.519100	1.826900	2.009200	1.231500	2.344200	2.237500	2.127800	1.851900
170	-0.244400	-0.176200	-1.054000	0.012100	-0.410000	-0.546500	-0.697500	0.000000	-0.237100	-0.509400	-1.158000	-0.722400	-0.285600	-1.022200	-0.267100	-0.502900	-0.962900	-0.743000	-1.099800	-0.311900
171	1.757900	1.304400	0.906300	1.322400	0.996100	1.638800	1.565500	1.256800	1.697300	0.958800	1.093500	1.337200	1.237600	1.306300	0.910300	0.000000	1.548200	1.356800	1.346400	1.681700
172	3.738300	2.596900	14.125300	6.343700	12.613500	0.000000	20.327900	3.142800	3.794200	3.120900	8.370900	11.555800	2.369400	2.332400	5.443100	5.732300	26.554100	24.163900	15.902500	18.437100
173	2.253000	1.226600	0.743000	1.321100	0.971900	1.714200	1.941700	2.061300	2.191100	1.731700	0.365300	1.179300	0.000000	0.986000	2.161600	1.329200	3.880000	4.456500	3.941400	5.036000
174	1.674800	0.750300	0.594000	1.127100	0.718900	1.477000	1.231400	0.940900	1.123700	1.641400	0.502200	0.893500	0.000000	0.641900	0.643500	1.454200	0.972300	1.041200	1.024600	1.478200
175	5.825000	4.163700	1.554100	2.658900	1.945900	4.945000	4.094700	4.388300	5.064800	4.125000	1.407600	4.422300	5.136700	4.347800	5.385000	4.982000	0.000000	3.211400	1.599300	3.699000
176	5.423400	3.964200	-0.074200	0.829000	0.000000	5.734300	9.571900	2.663000	4.845000	3.231600	-0.007600	4.428400	3.898100	3.311800	4.321200	3.253100	15.189400	10.726300	6.757700	3.542200
177	1.969900	0.761700	-0.319500	0.299400	0.384400	4.794300	-0.003600	0.733300	0.906600	1.002800	-0.157800	0.133700	0.495500	0.126700	1.605100	0.388000	0.428200	-0.126900	-0.233800	0.000000
178	0.000000	-1.589800	-2.281400	1.245600	0.941700	5.427800	-1.269200	-0.315800	-0.435400	-0.447200	-2.420500	-1.689200	-1.169700	-1.423000	0.047700	0.048900	-1.158700	-1.552500	-1.617200	-0.373800
179	1.777200	0.000000	4.971400	1.415000	3.371900	3.707000	11.493100	1.272300	0.668600	0.590600	4.287100	5.859200	7.182500	9.573400	3.017400	4.212600	14.759800	11.828700	8.971300	41.426130
180	2.026000	0.000000	11.040600	4.303700	9.299800	6.267800	22.387600	3.166400	0.689500	2.028700	10.140700	16.567500	13.171900	13.137200	10.607300	9.264600	45.353480	26.934600	26.232600	26.637500
181	1.364100	0.390200	-0.400400	0.000000	-0.086200	3.857500	-0.635500	0.579400	0.695300	0.859900	-0.199200	-0.790000	0.304700	-0.417900	0.999100	1.000700	0.196100	0.372100	0.192900	0.877400
182	0.902800	0.000600	-0.838700	0.000000	-0.480600	1.286900	-0.636400	-0.097400	0.171800	0.504900	-0.913300	-0.578800	0.199500	-0.426600	1.087100	0.146900	-0.706400	-0.160300	-0.498500	-0.330600
183	2.176400	0.000000	13.635500	8.467200	13.031100	5.346600	28.183900	6.935700	2.739500	4.707400	15.026100	20.877300	19.277300	18.596000	13.878100	12.976000	64.336300	47.109050	38.094500	51.112659
184	1.391700	0.314100	-0.447700	0.189900	0.028400	6.793500	-0.969200	1.204800	0.785600	0.694500	-0.690100	0.000000	1.581300	-0.707400	2.596600	0.706600	0.629900	0.061700	-0.097900	-0.539500
185	0.267800	0.220800	-0.360900	0.437200	-0.170900	0.766100	-0.495700	0.532800	0.101700	0.709100	-0.608200	-0.608900	0.790200	0.000000	1.761800	0.065600	-0.592200	-0.511800	-0.521100	-0.483600
186	0.410600	0.203500	-1.710100	1.181400	0.265700	1.099900	0.254000	0.327500	0.360300	-0.080300	-1.264700	-0.062500	-0.283000	-0.171300	0.000000	-0.540700	-0.546500	-0.530600	-1.414000	-1.092900
187	3.028000	1.995200	0.564100	1.700700	1.415700	7.438700	1.390400	2.235800	2.309300	2.073300	-0.517200	1.389700	2.361400	2.040800	3.720300	2.851900	0.209200	0.000000	-0.891100	2.029100
188	0.401300	0.272300	-0.274500	0.587300	0.239500	-1.003000	-0.643600	0.605600	0.000000	0.383400	-0.515900	-0.306400	-0.061500	-0.702500	0.098000	-0.203400	-0.083900	-0.029500	-0.066500	-0.044900
189	0.000000	0.180600	-0.674000	1.894700	1.414000	-0.043400	-0.340000	2.497800	0.294000	-0.060000	-0.638200	-0.399000	0.299100	0.152500	0.706100	0.041000	-0.306700	-0.483200	0.223000	3.565900
190	4.798900	3.929700	-0.130000	0.640800	0.000000	3.867400	9.153900	1.928500	3.545800	3.417500	0.631600	3.488500	4.627100	4.330300	5.229000	2.402000	11.213200	15.208100	8.582500	3.364200
191	4.787500	3.207600	0.927500	0.000000	-0.632000	4.573600	3.710400	2.824900	3.775500	2.213300	1.631700	3.106400	2.298500	2.921500	1.674000	1.485300	2.287500	3.112800	1.751700	12.607800
192	2.210900	3.614300	3.310300	3.867200	4.648500	4.779800	2.816200	2.630400	1.791400	3.688300	2.197700	3.991600	3.205600	3.913100	-0.653400	0.000000	4.659900	4.529600	4.265500	4.384800
193	0.789800	0.375800	0.341200	0.575000	0.479900	-1.193500	0.753000	0.668900	0.731600	0.940700	0.451700	0.512200	-0.979300	-0.019100	0.000000	0.703800	0.705000	0.495000	0.476200	0.831000
194	0.177700	-1.100700	-1.314000	0.497500	0.793800	-0.457500	-0.754100	0.684600	0.224700	-0.033600	-0.954100	-0.962900	-0.853400	-0.854300	-0.500600	0.000000	-0.518800	-0.661000	-0.842600	-0.291800
195	3.849800	2.161100	1.184700	0.681900	2.404800	1.823300	10.641200	0.000000	1.793500	2.225400	2.214900	3.569400	4.389000	4.300100	4.869300	3.131700	9.037900	6.013100	6.239800	5.455000
196	2.010800	0.921900	-0.104500	-0.131100	-0.735900	4.546500	-0.452200	0.427300	1.653600	1.392000	-0.511300	0.000000	0.975700	0.630500	2.321400	1.989300	1.013200	2.481100	0.466900	2.227700
197	0.738700	-0.264800	-0.509600	0.827200	0.337400	5.036600	0.323300	-0.008300	0.923600	0.635900	-0.369100	-0.046500	-0.268200	0.170500	0.000000	0.512500	0.255700	0.016900	-0.043000	0.562500
198	3.650900	2.183100	1.296800	2.141000	1.489500	4.855400	2.023900	3.145100	2.822800	2.534400	0.285800	1.588700	3.577100	2.969800	4.007900	3.355900	0.000000	0.864100	0.029100	2.597800
199	4.983900	2.979600	1.364000	2.581800	3.085400	7.331700	4.021000	2.488200	3.564800	3.295200	0.810200	3.005100	3.623200	2.902900	3.979700	3.940500	2.506800	0.334700	0.000000	3.028700
200	0.969300	0.151400	-0.888400	0.000000	-0.709300	2.603600	0.065900	0.307600	0.269400	0.419100	-1.086000	-0.440600	-0.407100	-0.006000	0.537300	0.144300	0.247700	0.261600	-0.022100	0.867100
201	1.952400	0.594000	-0.223800	1.439400	0.478700	3.394700	0.054300	1.264600	1.127700	1.215300	-0.113900	0.000000	0.486300	0.190300	1.139900	0.488000	0.268000	0.442800	0.322700	0.552600
202	1.275700	0.000000	2.616300	3.352100	4.728500	9.982600	3.190700	5.695000	0.371200	0.780800	0.939200	1.468000	-0.167900	-0.100900	2.991700	3.026800	5.481600	2.158700	0.467600	3.009400
203	0.700800	0.000000	-0.418400	0.260300	-0.465300	2.524300	-0.403800	0.321400	0.342300	0.378500	-0.753900	-0.140000	0.086600	-0.503100	0.663700	0.090900	-0.572400	0.134300	-0.424200	0.400800
204	-0.144100	0.226000	-0.379700	0.000000	-0.201800	-1.350800	-0.425200	0.173400	-0.142500	0.186900	-0.359600	-0.279200	0.305800	-0.226400	0.911100	0.194000	-0.631900	-0.031700	-0.106900	0.317100
205	1.211300	0.059200	-1.179300	-0.296900	-0.706800	3.587900	-0.756500	0.498400	0.000000	0.105100	-1.422400	-0.654400	0.295800	-0.415900	0.595400	-0.327800	-1.340700	-1.179800	-1.357000	-0.480900
206	-0.176300	-0.027500	0.335500	0.619000	0.359400	-1.460100	0.070400	0.009600	0.056400	0.894400	0.224400	0.389400	-0.443100	0.000000	-0.809000	0.093400	0.302900	0.417500	0.281200	0.801600
207	1.199800	0.523400	0.445900	0.942700	0.454300	1.090000	0.788400	0.771600	0.759500	1.274000	0.227300	0.731400	0.000000	0.389700	0.818100	0.785600	0.787200	0.584500	0.537800	0.942100
208	2.601500	0.964600	-0.316400	4.854900	4.907100	1.010000	1.499300	2.420000	1.971100	1.526400	-0.206000	0.953900	2.067900	1.574800	2.598300	2.187200	1.676600	0.000000	-0.184800	1.616400
209	0.737100	0.000000	0.090400	0.454600	0.024600	1.312400	-0.598100	0.447900	0.400400	0.217500	-0.061900	0.077000	0.205700	0.119100	0.200600	-0.040700	1.111700	0.596500	0.266500	1.098300
210	0.309800	-0.290000	-0.406900	0.040800	-0.468200	2.992500	-0.236600	-0.283000	-0.364100	0.362200	-0.594500	-0.368500	-0.351900	-0.516600	0.000000	0.101800	-0.578400	-0.533900	-0.683900	0.179900
211	2.102300	0.880200	-0.683500	1.159600	0.763300	5.075100	0.473300	1.395800	1.666700	1.569500	-0.323200	0.000000	1.104400	0.470900	1.978800	1.544400	0.009000	0.311500	-0.165100	0.820500
212	5.748200	4.161700	2.537700	2.290500	2.902400	7.868700	5.664800	4.923200	5.347000	4.230100	2.057300	4.951400	4.796300	4.734200	5.702100	5.127400	0.000000	1.888800	1.694100	4.373000
213	2.599700	1.111900	1.548700	2.089600	0.832200	5.988300	0.000000	1.235700	1.394300	0.527400	-0.558700	0.101200	1.528100	1.000200	3.406300	2.243100	7.963900	5.333000	3.849000	8.991100
214	0.619500	0.000000	0.147800	0.578600	0.345300	4.235400	-0.065300	0.180200	-0.024000	0.799700	-0.198100	-0.088500	0.658000	-0.503300	1.036800	0.331000	0.160500	0.369300	0.334700	0.615400
215	1.259700	-0.117400	-0.652900	0.566000	0.170400	3.941500	-0.266200	0.387100	0.346700	0.457600	-0.888700	-0.499300	0.000000	-0.680600	1.115700	0.667300	-0.182000	-0.370600	-0.797300	-0.034000
216	3.594400	2.501300	1.194200	0.000000	0.508200	3.994700	12.788600	2.096100	2.694500	1.581900	2.359000	7.801200	3.894000	2.985500	4.759300	2.672300	24.895500	20.275800	13.612100	32.853300
217	1.754100	0.890600	-0.407600	0.686100	0.034700	7.425100	-0.020500	0.000000	1.008600	1.080300	-0.255400	0.102400	0.195800	0.256500	0.103000	0.641900	3.638900	3.141700	3.448400	2.002500
218	1.284900	0.951600	0.716500	1.115500	0.968200	0.000000	0.759500	1.103600	1.434700	1.522300	0.358000	0.572800	0.526200	0.613800	0.707400	1.364600	0.529100	0.823800	0.373300	1.293300
219	2.539100	1.208300	0.247200	0.375000	0.101800	-0.678900	1.236400	1.156800	1.797400	1.160700	0.000000	0.725200	0.958000	0.977600	2.197300	1.160100	1.245300	1.145600	0.806800	1.644400
220	4.007300	1.996100	-0.387100	1.203600	3.026800	4.112400	9.205400	0.000000	1.989200	2.390800	0.753700	5.063900	4.779200	4.285900	3.097400	2.319000	23.738000	7.730700	5.691600	8.736300
221	0.000000	0.857200	0.820200	4.280600	4.559900	7.346300	2.270500	3.751200	1.314900	2.116000	1.472700	2.190800	2.409300	2.701700	3.730100	3.519000	8.685700	4.654800	5.512000	8.601000
222	2.049000	1.008900	0.178900	0.925800	0.137400	1.125200	-0.032900	1.506200	1.482300	1.630800	0.164000	0.000000	0.928700	0.116400	1.522500	1.084600	0.518100	0.422100	0.111300	1.237900
223	6.999400	5.249000	2.608000	4.599700	4.322300	9.312200	0.000000	4.669000	5.692800	5.117900	3.396800	3.723600	10.616900	6.308800	9.964000	5.193700	23.239700	19.726400	11.601900	7.429200
224	5.581400	3.638500	0.000000	2.541300	1.105300	7.491200	4.859200	3.295900	4.450600	3.498300	0.171700	4.489200	5.028900	3.761400	5.433900	3.020400	7.214800	4.472800	2.078400	4.466100
225	1.915200	0.794600	-0.107500	0.308400	-0.113400	5.243100	0.841100	0.564700	0.959000	1.239900	0.000000	0.536200	0.486600	0.491300	2.124800	1.177900	4.809700	2.801800	2.214300	4.608600
226	3.630300	2.203800	0.824900	1.419000	0.856700	5.357800	2.128600	2.721200	2.726700	2.263200	0.996900	1.372700	0.942100	1.586500	0.000000	2.009900	0.467000	0.286500	-0.063700	1.621900
227	2.564600	0.000000	-1.003000	0.606800	0.443200	5.955300	7.452400	1.714500	0.618000	0.820700	0.822800	4.805700	3.451300	8.996100	3.173800	1.766700	23.904700	10.883800	5.942900	17.536200
228	3.974900	2.061000	-0.108100	1.056300	0.523900	4.746000	12.568200	1.627200	3.236500	2.260900	1.269500	4.973800	2.561400	0.000000	4.868800	3.138000	14.395900	4.142700	2.590200	35.403200
229	4.610800	2.991400	1.196200	4.866000	4.130000	5.261000	0.000000	2.981800	3.508900	2.913700	1.194600	1.553600	4.369100	2.534400	5.712000	3.603900	2.130100	5.458400	4.499700	5.064600
230	3.934500	1.991500	1.075000	0.000000	-1.010300	6.408700	3.856600	1.097300	2.589300	2.034900	-0.801300	3.157100	3.602800	3.105600	4.178100	3.165900	7.554700	2.692500	1.886800	3.729100
231	2.876100	1.153500	-2.523900	-0.532100	-0.463600	3.539300	2.336800	0.000000	1.915100	1.158900	-2.429300	0.532700	2.592700	0.465400	2.972200	0.631400	7.602000	9.734100	3.598600	0.197100
232	1.837900	0.000000	6.934300	2.931900	6.142600	6.330600	17.317900	2.243800	1.166700	0.978300	5.513900	13.640800	15.169100	15.893900	7.219300	5.926500	16.418700	7.809300	8.879700	45.462570
233	0.000000	3.713700	22.825800	15.973600	21.644600	13.282100	30.461800	15.379300	8.442800	9.540100	19.409900	27.683700	24.023700	26.680800	19.696800	18.617100	75.001700	60.268200	48.013287	87.422200
234	6.971800	4.980900	1.885100	3.955200	2.965200	11.394400	5.257300	5.186900	5.584600	4.997000	1.664900	4.856800	5.428600	4.847200	6.279300	5.652200	4.131600	0.000000	0.754200	4.304200
235	5.831500	4.041900	-0.171200	1.611200	0.000000	6.832600	6.758300	3.192900	4.740400	3.876500	-0.570900	3.077600	4.869800	3.637200	5.526200	3.444500	7.841200	7.205100	5.305300	7.203800
236	1.744800	0.360100	-2.408100	0.162200	-1.115100	5.074200	0.239600	1.001700	0.896800	0.528700	-1.518400	-1.119300	0.834000	0.000000	1.715300	0.320500	-1.180100	-1.824400	-2.462800	0.609700
237	3.269300	1.843800	0.000000	2.360000	2.039500	6.404000	1.948100	2.834100	2.592200	2.504600	-0.092100	1.661200	3.929000	2.386000	4.027800	2.981300	7.597700	8.837900	4.882300	4.566200
238	8.306900	6.493700	4.320000	7.022400	5.848000	12.835400	6.555300	8.021000	7.468700	6.887800	3.080200	6.902200	7.024900	5.729700	7.735600	6.191600	0.000000	2.484800	1.441300	4.490600
239	5.631400	4.276800	1.451800	4.022600	2.984200	6.818300	5.311500	4.272500	5.238200	4.579000	0.982200	3.399200	4.558300	4.235500	5.443200	4.498000	2.922700	0.667000	0.000000	3.028700
240	1.288000	0.268700	-0.344100	0.902000	0.125900	3.836500	0.642100	1.706000	1.023300	0.764400	-0.675000	0.047900	0.061800	-0.637600	0.000000	-1.304200	0.936100	0.611700	0.389700	0.286100
241	1.509500	0.202800	-1.861200	-0.441300	-1.030200	3.447900	-0.006900	0.000000	0.124800	-0.146600	-1.795200	-0.559300	0.205400	-0.069200	1.207100	0.180900	0.952800	0.257700	-0.053700	-0.153800
242	3.321800	2.830100	1.897500	0.564100	3.051900	5.576800	2.118700	2.075300	2.796500	2.057700	0.509500	1.947600	4.405700	2.857500	4.811800	2.446800	1.043000	0.000000	-0.734900	1.169500
243	0.000000	0.664200	1.783500	5.339800	6.211900	11.765100	3.080700	6.432700	1.673700	0.940100	1.823200	1.905600	0.651400	2.037300	-0.688900	0.482600	3.300200	2.573400	2.156100	1.605600
244	-3.391100	-0.276000	-0.008600	1.642300	1.655400	2.561400	-0.268000	1.450700	-0.230600	-0.130500	-0.106500	-0.056600	-0.105500	-0.213700	0.000000	-0.092600	0.010100	-0.440200	0.008800	0.036100
245	0.292400	0.906800	1.034800	1.017900	1.102800	0.925100	0.000000	0.510800	0.111100	0.417200	0.445800	0.082300	0.991100	0.562000	1.031300	0.565900	0.995400	1.076200	1.140000	0.973400