SITE	GLY	ALA	LEU	VAL	ILE	PRO	ARG	THR	SER	CYS	MET	LYS	GLU	GLN	ASP	ASN	TRP	TYR	PHE	HIS
1	2.328666	2.275989	0.470840	2.098632	1.948358	2.409620	0.956283	2.023077	2.523032	1.825872	0.000000	1.825611	2.237842	2.101159	2.693975	2.588883	0.401220	1.203167	1.095888	2.194116
2	1.558755	1.082624	0.183360	0.398560	1.019869	2.422269	0.323780	0.816160	1.245818	1.056063	0.016900	0.000000	1.169460	0.779880	2.054110	1.890158	2.984670	3.290970	3.376340	1.678790
3	4.667550	3.688741	0.000000	1.773920	0.482070	3.644772	1.709710	3.823975	4.348620	2.916311	-0.412060	1.404490	4.301490	2.864764	5.141610	3.872138	4.827660	5.255210	2.403887	2.928304
4	1.383344	1.039046	0.473690	0.948125	0.302550	2.020256	0.661840	0.867906	0.900867	0.912618	0.497330	0.520180	0.935380	0.832890	0.966110	0.379300	0.363250	0.211550	0.000000	0.895855
5	1.303910	0.000000	2.471247	3.476180	6.210630	8.220960	5.355120	1.559156	-0.258480	1.161980	4.222010	5.496470	4.275720	3.187385	6.410150	3.527810	32.586450	28.708150	26.388350	31.630150
6	1.013239	1.592242	0.617460	2.111787	2.831340	5.438870	0.966826	2.641906	2.059967	0.757755	0.080950	0.507350	1.450585	0.000000	1.790177	0.757336	1.371631	1.600909	1.637766	1.491446
7	0.000000	2.179247	2.039555	2.987060	4.640040	5.097680	1.744315	2.839570	2.136755	2.086891	2.166485	1.827375	2.044134	2.092592	1.959911	1.707563	2.158129	2.027465	2.001345	2.199354
8	1.439177	1.396804	1.671716	1.967492	1.959724	5.965930	1.103016	0.000000	-0.124720	1.514778	1.320787	1.359420	1.558106	1.269312	1.530672	1.470320	1.367762	1.271956	1.232911	1.475170
9	0.385460	-0.393950	-1.234130	0.711676	0.905606	1.033791	-0.701350	-0.258350	0.000000	-0.340520	-1.212110	-0.973830	-0.508730	-0.354740	0.391500	-0.099700	-0.674440	-0.980690	-1.057780	-0.388690
10	5.967950	4.227550	0.000000	3.243450	2.116970	10.108900	3.484020	3.276010	5.017290	3.078063	0.254980	2.116272	4.941390	3.464570	5.292610	4.052870	5.469090	6.858540	0.275660	2.976161
11	2.839460	2.173012	2.658950	1.983290	1.841766	1.170508	2.139976	2.098580	2.076811	1.807262	1.702165	1.400810	1.743758	2.155948	0.000000	1.566239	2.375432	2.195488	2.226110	2.838780
12	5.245990	4.760090	0.000000	6.140830	5.122940	8.357560	6.400600	7.252660	5.987790	3.814723	0.167320	4.518690	5.735610	4.552900	6.188270	4.505970	11.996380	2.582101	0.236590	3.345123
13	0.623620	0.466030	0.148540	0.876741	0.742700	2.484418	0.150930	0.728971	0.000000	0.867136	0.224670	-0.068900	0.802404	0.112260	1.023123	0.364940	1.416727	1.115036	1.130896	1.271793
14	0.938916	0.571160	-0.322950	0.065790	-0.160780	3.033860	-1.215860	0.786790	0.646160	0.462530	-0.628920	-0.630190	0.933477	0.215270	1.693867	0.412880	-0.965420	-0.379260	-0.706830	0.000000
15	3.315950	2.081108	1.907645	0.408050	-0.284770	0.000000	3.516735	1.552570	2.628960	1.766761	0.660080	1.413740	2.936145	1.231360	4.518370	2.029815	11.119590	7.920990	1.772722	1.805401
16	2.743735	1.461135	-1.167910	-0.293460	-1.222660	4.001450	-0.150720	1.433160	2.502690	1.223798	-0.627350	-0.057030	2.132552	0.742640	2.677998	1.259863	0.608320	0.148820	-0.556560	0.000000
17	5.112480	3.709270	0.966050	0.000000	-0.562230	2.216488	3.781770	2.776973	4.774910	2.883152	2.317020	3.280722	4.199450	3.516460	5.333770	3.995620	10.634030	15.825740	8.750610	19.226640
18	5.975330	4.225475	0.709190	2.240000	2.573983	7.289290	0.119310	4.772570	5.572860	3.647940	0.000000	1.065380	6.529640	3.839985	6.850370	4.575320	15.990200	22.728000	17.543400	11.122600
19	0.000000	0.284740	10.992250	2.620702	2.840743	2.837692	6.593780	3.105223	2.077867	1.175520	3.395401	8.151860	9.904960	5.321210	8.331800	5.648630	5.488220	6.066140	7.850020	30.053270
20	3.272411	2.246509	1.026770	0.439930	0.000000	2.925209	1.694689	1.367540	2.839808	1.877774	0.350030	1.352570	0.648670	2.010427	3.707780	2.563004	4.766770	4.103990	2.058992	3.294074
21	6.169560	4.074420	0.000000	3.759759	2.760218	8.375520	5.669280	3.960367	5.032980	3.077018	0.198550	4.501760	4.730140	2.604426	4.664840	3.549730	7.872600	11.641130	5.763790	6.355200
22	0.602530	0.209820	-1.238830	-0.644650	-1.243660	-0.615700	-0.895360	-0.456790	0.312380	-0.318460	-1.430260	-1.175130	-0.477530	-0.180770	-0.132350	0.000000	-0.486930	-0.753150	-0.978400	-0.404600
23	4.085940	2.119357	1.052190	0.000000	-0.542860	4.305740	2.336255	2.902945	4.056770	1.961923	1.875410	3.610427	5.331750	5.493100	4.041240	3.064958	7.422840	11.492040	6.469200	60.880640
24	-0.271970	-1.035190	-1.644620	-1.115070	-1.196360	-3.461850	0.316270	0.000000	-0.452860	-1.039550	-1.942200	-0.619730	-1.344320	-0.555760	-1.026970	-0.037980	1.980790	0.272440	-0.046750	0.790690
25	3.213050	2.663195	2.568930	2.625670	2.125342	0.000000	2.701920	2.934196	2.763500	2.834057	2.612562	2.486166	2.991991	2.628581	3.252380	3.409560	3.583620	2.488043	3.219550	2.993231
26	0.689690	0.723530	0.129790	0.608200	0.335240	0.046100	0.536620	0.743750	0.483850	0.247680	-0.041020	0.224780	-0.040690	0.443720	0.000000	0.491840	-0.346250	0.130730	-0.385600	0.609290
27	0.564630	0.514930	-0.214490	-0.498900	-0.210860	1.609830	-0.650590	-0.318060	0.000000	0.132050	0.059050	-0.314210	-0.346260	0.182800	-0.252960	-0.191490	-0.808570	-0.516060	-0.532190	-0.035030
28	6.090850	4.617330	3.802080	7.620600	7.221670	9.313020	6.024320	7.286200	5.605250	5.080180	1.421620	4.241790	5.120900	5.091720	4.557270	4.431590	10.140390	5.795300	0.000000	4.647470
29	-0.748700	0.001880	0.109700	0.154790	-0.179320	1.238040	-0.303130	-0.160950	0.000000	-0.018210	-0.031820	-0.166340	-0.023440	-0.432270	0.209190	-0.437170	0.727740	0.424470	0.238810	0.346240
30	-0.536270	1.137488	0.141290	2.791191	2.328599	4.562180	0.507120	0.424380	1.193284	0.688820	0.463570	0.336660	0.470560	0.849420	0.000000	0.398790	0.230020	-0.136460	-0.315260	2.470828
31	0.000000	3.394370	3.657350	4.525390	4.513160	5.643650	3.284690	4.437950	3.121520	3.500690	3.521550	3.449780	2.378499	2.920400	2.077487	2.948620	3.606810	3.546620	3.617580	3.069890
32	0.000000	0.669610	0.082630	1.061856	0.739170	-1.071280	0.537060	1.017621	1.003424	0.562990	-0.776500	0.237640	-0.452010	0.176820	-0.729510	0.873090	-0.797430	-0.067760	-0.364570	0.569690
33	-0.047270	-1.383480	-0.779950	1.168252	1.072187	2.423643	-0.588770	0.000000	0.183230	-0.396290	-1.654120	-0.917490	-0.211050	-1.010630	0.650094	0.423230	1.066652	2.513955	2.304023	1.179186
34	-2.672040	-1.299730	0.589780	1.949271	1.938881	0.108700	0.524550	1.982601	-0.726080	-0.018350	0.158590	-0.594030	0.919324	0.407210	-0.049360	-0.227200	0.507250	-0.219590	-0.903830	0.000000
35	0.065320	0.494040	-0.079770	0.692882	0.446710	1.168268	0.307110	0.818768	0.648310	0.456810	0.497270	0.387320	-0.274680	0.060890	-0.329040	0.000000	0.046690	-0.313980	-0.326350	0.314150
36	1.128429	1.057856	0.163510	0.471460	0.322770	4.088000	0.627000	-0.076280	0.000000	1.377090	0.996111	-0.273710	2.391602	1.746063	1.005402	0.967325	1.002119	1.978516	1.677828	1.913735
37	3.026650	2.199536	0.000000	1.578730	0.647540	4.152270	1.812506	2.179422	2.709560	2.374337	-0.260980	1.335747	1.544328	1.483234	1.275855	2.323965	1.682494	2.106358	2.097406	2.025914
38	1.277305	0.752761	0.073260	0.809067	0.000000	-1.242560	0.838510	0.755144	0.516560	1.270870	-0.305500	0.557550	0.211770	0.040170	0.396340	1.082976	0.751191	0.509120	0.364020	1.037084
39	0.898580	0.176890	-0.440110	0.306860	-0.295190	0.822320	-0.287520	0.710590	0.920450	0.695790	-0.666850	-0.041610	-0.314500	-0.204140	0.000000	0.713300	-1.129140	-0.234400	-0.586420	0.393670
40	2.020684	0.000000	4.544660	1.077420	2.641629	4.670590	3.311614	2.569847	0.657720	1.554590	1.180170	3.463316	3.688733	2.669436	4.441600	4.394630	19.824790	11.259000	10.380950	27.763390
41	2.714835	1.474715	-1.500640	0.000000	-1.282450	3.791380	1.797765	0.615390	1.686492	1.597817	-1.644420	1.173965	1.737259	1.473601	2.482646	1.082320	0.621010	0.693570	0.837510	2.268420
42	1.475563	0.547300	-0.399690	0.962726	0.199880	5.798700	0.344590	1.134495	1.444398	1.187586	-0.241220	0.000000	0.352280	0.459040	1.043653	0.544790	-0.316250	-0.267700	-0.345060	0.638970
43	1.774032	0.455360	-1.042680	0.165970	-0.385790	3.816780	-0.855420	0.786450	0.589700	0.838380	-0.595850	-0.321440	0.198630	-0.415910	0.986590	0.521420	-1.582980	-1.848400	-1.076960	0.000000
44	2.449595	0.000000	1.151660	-0.608160	2.732977	2.872781	8.063410	0.229780	0.888420	1.226270	2.245389	2.201529	7.128650	4.923420	4.834620	1.692400	14.626530	15.193230	13.174200	18.768530
45	0.321590	-0.784380	-1.580840	0.044880	-0.644900	3.951610	-0.877620	-0.077730	-0.430300	-0.023550	-1.279390	-1.045370	-1.050290	-1.118630	0.107310	0.000000	-1.076310	-2.101210	-2.341580	-0.463700
46	1.125852	0.456710	0.000000	0.651200	0.093960	2.138873	-0.047100	0.284160	0.378200	1.058990	-0.936700	-0.204030	0.488610	0.057550	0.919110	0.605800	-0.423930	-0.034080	-0.056260	0.588470
47	5.009600	3.087250	0.471640	2.417570	1.823595	4.549890	4.214140	3.966690	4.051340	3.490390	0.000000	2.441779	4.033150	3.091053	4.587060	4.304450	2.265013	2.146472	1.011000	3.882390
48	4.131200	2.599769	1.194124	1.401767	0.000000	6.423580	1.957182	2.616896	3.444070	2.485343	1.116712	1.916797	3.483180	2.410834	4.329190	3.171270	1.881303	1.649163	0.944155	2.878390
49	0.788846	-0.044540	-0.281420	0.303480	-0.128640	3.057140	-0.932380	0.505020	-0.115290	0.617370	-0.369370	-0.457080	0.128380	-0.118330	0.956112	0.000000	-0.356860	-0.351830	-0.493160	-0.077270
50	1.211140	0.000000	-1.069120	3.611900	4.153970	3.837480	0.208700	1.854552	1.188140	0.439480	-1.040670	-0.270230	1.192350	0.802480	2.780495	1.158990	-1.364120	-1.042250	-1.271190	0.518570
51	0.000000	5.156500	5.364420	8.646060	8.566250	9.419570	4.998660	8.376920	5.873530	5.823740	5.262190	5.042060	6.340910	5.889890	6.823130	6.076130	6.123580	5.917860	5.715830	6.346160
52	2.203459	0.000000	5.227110	1.714054	5.063090	4.854410	11.627720	1.876473	1.158900	0.765000	7.341380	10.801730	9.585480	10.381840	7.385730	6.048390	30.460750	22.549350	19.005850	49.272450
53	0.965430	0.643940	-0.604970	0.298690	0.198560	0.175450	-0.130840	0.000000	-0.077200	-0.150720	-0.263560	-0.325680	0.228300	-0.080560	0.654580	-0.081020	0.366750	-0.064970	0.067170	0.123810
54	5.540240	3.891020	-0.020820	1.354450	0.000000	6.160790	5.072610	3.041147	4.511640	3.337939	0.068870	2.937527	5.533960	3.340338	6.853240	4.085850	11.878380	16.639530	9.449290	8.212180
55	6.371450	4.702240	0.364410	1.147280	0.000000	6.662070	9.625210	3.540450	5.677790	3.749820	0.284710	3.223942	5.888260	3.276707	6.705180	4.852970	21.338060	13.096860	5.463690	2.407339
56	1.934920	0.623630	-0.051720	-0.431190	0.150030	5.141100	6.166430	-0.825020	0.787740	-0.050910	0.716890	3.753240	0.165720	-0.024220	0.000000	-1.209920	14.042620	8.933080	5.793480	7.205450
57	5.728100	3.868498	-0.342450	0.000000	-1.096850	6.016730	5.724610	2.691985	5.025560	2.946603	0.566760	4.216980	5.512630	3.598872	5.732330	3.253575	5.902430	5.073440	3.431249	10.005850
58	0.000000	-0.501680	-2.609030	-0.319230	2.715877	1.470210	0.284740	-2.266480	-1.575210	-0.108910	-0.278270	-0.903420	1.950870	0.466720	2.956363	2.393730	10.563940	7.751700	4.043039	4.694450
59	0.000000	0.273610	6.983360	1.262990	3.922900	-0.248980	11.840500	1.468400	0.619110	1.152800	2.999981	10.115200	7.816380	6.643020	6.609960	6.379780	35.166820	21.157120	19.019020	39.695220
60	1.484330	0.894240	0.487050	0.685110	0.816540	2.231540	0.328260	0.379710	0.669600	1.392700	0.279260	1.357230	0.000000	1.196030	1.015560	1.905570	3.418611	2.223630	1.272930	2.676700
61	1.072270	0.228460	-0.454730	0.844110	0.597330	-1.157010	0.250600	1.049690	0.000000	0.796610	-0.174250	0.194280	0.512260	0.975480	0.253410	0.564310	0.534830	0.905510	-0.212480	1.097080
62	0.530170	-0.172820	-2.153810	-0.646390	-1.120250	0.080370	-1.246760	0.000000	0.975602	-0.463860	-1.164970	-1.872600	1.522825	-1.178250	0.705740	0.322560	0.579340	0.732210	-0.418310	-0.876570
63	0.531460	0.538490	0.480050	0.641000	0.118210	0.331520	0.000000	0.744500	0.500970	0.336860	0.101240	-0.299490	-0.436750	-0.107630	-0.137700	0.515680	0.545850	0.663470	0.561160	0.859200
64	2.010513	1.282514	1.368846	2.024045	1.222956	0.000000	1.466710	2.187567	1.805417	1.610918	1.251248	1.088341	0.835956	1.359258	1.607675	1.439779	2.045567	1.110543	1.606046	1.798745
65	0.000000	2.814860	2.583187	5.198730	4.828310	5.793100	2.519650	4.283950	2.885090	3.013400	2.412425	2.722210	2.666310	2.872850	2.967510	2.567792	3.889060	3.968190	3.779270	2.787230
66	0.343890	0.000000	2.177679	4.147870	3.647210	8.437610	4.170450	1.861456	0.557440	1.728820	2.005067	2.974223	2.841804	2.621644	2.577799	5.661510	12.163750	12.136610	10.663190	19.106450
67	0.125320	0.000000	-0.310270	0.663800	0.341000	-0.501310	-0.220840	0.574550	0.084140	0.046510	-1.029130	-0.333290	0.287200	-0.121290	0.247640	0.354590	0.582180	0.379960	0.383580	-0.123750
68	-0.149890	-0.165810	-0.392710	0.025260	-1.170410	-1.502810	-0.311510	-0.042760	-0.096960	-0.134640	-0.600040	-0.253040	0.000000	-0.168450	-0.303450	-0.441670	-1.599650	-0.598980	-0.381830	-0.151200
69	3.476100	2.244235	0.258440	0.000000	-0.160960	2.527061	0.913110	1.007260	2.322336	1.972574	0.337970	0.936670	3.289975	1.480026	4.536610	2.382662	3.476390	3.880900	4.086230	2.262763
70	0.757850	0.727240	1.509482	2.298920	3.207430	-0.157300	1.512577	0.845430	0.000000	2.108625	1.964516	1.725412	0.486360	1.873815	-0.473000	0.100500	2.269865	1.496417	1.344724	1.318545
71	0.900728	-0.133900	-0.117950	0.000000	-0.379310	-1.494980	-0.185230	0.712780	1.068161	0.578530	-0.302160	-0.587640	-0.045270	-0.084410	1.197065	0.169140	0.610860	-0.270920	-0.453920	0.956202
72	1.908414	1.204991	0.896684	1.623921	1.118368	0.934316	1.536397	1.404622	1.331507	1.929051	0.821320	1.288430	0.000000	1.035262	0.202300	1.699698	0.915211	1.247562	1.128437	1.864495
73	2.614578	1.118428	0.681360	2.336233	1.301601	0.858053	1.421145	1.635327	1.561228	1.702277	-0.165170	0.873074	0.000000	0.067560	-0.428840	0.106270	0.865599	1.577971	1.317312	0.705540
74	2.317370	0.559030	-1.341250	0.598180	1.213070	6.828770	0.186050	1.931685	1.364040	1.070270	-1.914220	0.185150	0.000000	0.585520	2.027475	1.451840	1.158650	0.054790	-0.841020	0.649730
75	2.531272	2.215121	0.000000	1.765891	0.396530	7.266980	2.007571	1.506782	2.116640	2.097587	-0.174270	1.205067	2.221194	1.964573	3.131800	1.773527	2.055552	1.824870	1.626238	2.677203
76	0.922664	0.003650	-0.136070	1.403100	0.830229	4.971890	-0.031530	0.381880	0.165440	0.690920	-0.251480	-0.094300	0.106500	0.000000	0.261510	0.014830	-0.014850	0.270160	0.217290	0.658360
77	2.722612	1.881782	0.761800	1.044070	0.801520	4.158120	0.000000	1.323075	2.079211	1.958004	-0.215450	1.054510	4.420480	1.885686	4.241630	1.615332	9.287270	3.452240	2.472882	0.017000
78	2.999399	1.474848	-2.050340	0.000000	-0.932060	4.955600	1.453005	1.012930	2.381306	1.517562	-1.487150	-0.216880	3.780310	1.415479	3.879700	2.370784	16.017960	11.817750	6.747950	4.501580
79	3.821610	2.777690	0.821680	1.454529	0.000000	6.267260	3.514690	3.298030	4.359910	3.407210	0.176040	2.976770	4.156850	2.928610	5.108370	3.877670	4.227020	2.852000	3.450560	3.378670
80	3.197960	2.329583	1.806751	2.102058	1.531802	0.000000	2.469960	2.852880	2.861540	2.052026	1.935535	2.167421	2.509102	2.366738	2.891590	2.802830	2.519045	2.354673	2.323519	2.825060
81	4.425392	2.504930	0.323270	0.000000	1.153770	4.407269	9.118450	1.004400	3.072848	2.254990	0.238480	5.969600	4.679690	3.404621	4.676270	3.614875	4.174577	6.261530	3.542363	21.724210
82	4.391360	2.286353	-1.457600	0.000000	-0.247330	5.955180	5.606340	1.446310	3.378674	2.217725	-0.903150	4.423420	4.517870	2.623849	4.837570	1.949174	5.711330	8.385970	3.319388	3.453072
83	1.609213	0.239100	-0.506300	1.593811	1.024061	6.058530	-0.082190	1.300653	0.475910	0.988990	-0.619820	-0.165520	0.000000	-0.131950	0.965684	0.792490	-0.307910	-0.021420	-0.431290	0.601980
84	1.457969	0.000000	-0.555650	-0.042520	0.312760	3.083280	0.625980	0.270920	0.364150	0.759754	-0.960540	0.274480	0.317380	0.236180	0.675580	0.313510	-1.052730	-0.541050	-0.727340	-0.121730
85	5.590550	3.856640	-0.184120	1.692674	0.000000	6.661140	6.434680	2.826608	4.276670	3.647980	-0.562700	3.671090	4.723250	3.422340	5.156640	3.343000	9.614340	6.311580	3.408290	3.841930
86	1.277692	0.000000	-0.064910	1.369603	1.019310	3.620750	-0.155080	0.757340	0.312250	0.380810	-0.434050	-0.059520	0.836480	-0.061870	1.463788	0.459840	-0.077280	0.067640	-0.281210	0.033140
87	1.201256	0.164730	0.049080	0.900003	0.389840	4.012020	-0.598670	0.310530	0.308640	0.877118	0.065070	0.036830	0.682739	0.000000	1.124321	0.182280	0.130260	0.438370	0.398890	0.250380
88	2.520663	1.897237	0.185240	1.437125	0.400880	4.439290	0.000000	1.345391	1.380634	1.397419	-0.075980	0.302770	1.358915	0.529120	1.969203	1.063830	0.331860	0.692530	0.634890	0.574170
89	3.449360	3.348560	1.672620	2.472575	2.445324	5.831550	1.194484	3.324940	3.766920	2.913510	1.606333	1.736457	4.011940	2.416072	4.580640	3.431390	0.421550	0.305190	0.000000	3.482750
90	-0.197790	-0.111680	-0.497140	-0.110840	-0.229740	-0.760070	-1.153580	-0.110600	-0.182010	-0.106440	-0.361460	-0.622260	0.000000	-0.352510	-0.166440	-0.336010	-0.907630	-0.683910	-0.647400	-0.170910
91	2.549747	1.235640	0.385650	0.000000	-0.772320	0.975230	0.293130	1.518325	1.646276	1.046580	0.223410	1.914938	3.396020	1.558126	3.625220	1.662939	5.854450	15.864470	10.185200	36.707070
92	5.679870	4.230080	1.969981	3.132690	2.924200	4.266570	4.888180	4.548290	5.332300	3.926360	1.566009	4.010740	5.939860	4.867680	6.348310	4.963580	0.000000	7.303560	1.902384	5.026920
93	5.930860	4.303890	-0.260340	0.897590	0.000000	6.443010	3.462540	2.830676	5.132430	3.402810	0.495880	2.042726	5.609420	3.072587	5.833950	3.926740	7.225920	5.488990	3.478310	5.666680
94	0.991100	0.532150	2.430604	0.562910	2.003599	-0.127920	9.308510	-0.756280	0.000000	0.836470	1.725491	8.025980	10.599570	5.521610	8.001280	4.054290	14.715500	14.578900	13.266800	55.339100
95	4.195477	2.932682	0.585060	0.000000	-0.075820	5.756690	5.937320	1.904860	2.546111	1.616640	-0.047220	2.236430	5.848500	4.500470	4.716570	2.732630	17.072200	10.304680	5.299830	8.317520
96	-1.619130	-2.025150	-3.389550	-0.843140	-0.374440	3.039208	-3.873530	-1.490630	-1.979920	-1.772700	-3.346530	-3.579390	-0.086470	-2.130710	0.000000	-2.907490	-2.002090	-1.327960	-3.100400	-2.932990
97	3.496270	2.567600	4.966570	2.210690	2.421430	7.953480	7.830760	0.000000	1.796240	2.152660	3.669635	7.540210	8.996540	6.175750	6.926210	4.723763	17.029370	10.376580	7.588500	9.838050
98	2.533010	2.156040	7.325250	1.810800	6.501551	1.801540	3.891580	0.450460	0.000000	2.292290	1.740020	3.049020	6.599377	1.085970	4.874020	2.977160	9.829120	1.431530	2.058660	2.729520
99	1.409970	1.085600	0.385130	0.440870	-0.543730	2.597410	-0.454610	2.011570	0.863950	1.645510	0.694910	0.000000	2.161280	1.110850	0.987560	0.261780	1.088470	-0.340750	0.100590	0.980200
100	3.449000	2.293516	2.808580	3.211710	4.589360	0.000000	2.582280	4.272110	2.675810	3.280350	2.361679	2.168879	3.161820	2.850690	3.889350	2.188278	3.277280	2.196678	1.959372	2.710680
101	2.405444	1.105132	0.239020	0.671169	0.217790	-1.594200	1.239908	1.795009	2.149784	1.725987	0.131200	0.749434	0.000000	0.574130	0.977994	1.759505	-0.211960	0.568700	0.423060	1.428279
102	3.952510	2.129143	-0.950380	0.000000	-0.636560	0.521280	3.657750	2.621941	3.265928	2.213857	-0.095740	2.734897	5.732780	2.159355	5.540390	2.555035	15.221020	8.597630	8.458940	11.970240
103	4.801923	3.565060	-0.255910	1.028500	0.000000	6.744260	3.684641	3.031890	4.641426	3.184650	0.267000	1.435780	5.767320	2.873760	5.646560	3.901377	11.336390	9.619820	2.155340	3.619200
104	0.734370	-0.194400	-1.044260	0.134190	-0.947280	3.567879	0.000000	0.441390	0.301030	0.566020	-1.175310	-0.398090	0.041760	0.098480	1.038400	0.107320	-1.021230	-0.084480	-1.204770	0.192800
105	1.640407	0.275450	-0.877170	0.470460	0.230660	3.768340	-0.148900	0.123890	0.592000	0.710110	-1.149950	-0.540900	0.000000	-0.557960	0.793020	-0.104390	-0.192090	-0.743140	-0.629310	0.186190
106	-0.483180	-1.466440	-1.399610	-0.078960	-0.489800	6.373200	8.590660	1.460750	0.000000	-0.546660	-2.622160	2.962564	3.429830	2.121230	3.414724	0.221540	17.470230	16.188730	6.597210	17.813730
107	1.310730	0.000000	-0.603170	0.453460	0.994500	2.766059	-0.548330	1.570520	0.532290	0.487210	-0.772270	-1.005820	1.034930	0.172640	1.971507	1.206840	0.060260	-0.742390	-1.065800	0.881020
108	0.722119	0.163740	0.215140	0.658776	0.431880	1.872796	-0.422360	-0.057020	-0.158560	0.300790	0.034180	0.000000	0.410230	-0.222820	0.677036	0.018120	0.190050	0.210310	0.137380	0.032670
109	1.760626	1.228557	0.415980	0.000000	1.264786	1.713763	1.190071	1.329318	1.396707	0.627030	0.615520	0.832468	2.040295	1.493767	2.442442	0.757380	3.626560	1.606486	1.178971	0.527810
110	0.000000	3.613320	4.108170	7.148720	7.145620	9.502480	3.818080	7.157040	4.638750	4.029200	3.743050	3.446810	4.770800	4.496760	4.972830	4.698360	4.033790	3.891530	3.842330	4.642050
111	1.927110	0.000000	2.208060	-0.474700	-0.388400	7.618300	7.935970	1.037360	1.451980	0.309410	-0.465450	4.082650	4.284724	2.424941	5.752920	2.781698	23.545160	12.680610	8.352250	28.106160
112	2.473532	1.247297	2.594253	1.078693	5.950770	3.254920	1.083320	1.491582	1.718767	0.998290	0.589200	0.402380	1.796562	0.934415	1.505685	0.861761	3.320600	1.020548	0.349130	0.000000
113	4.455450	3.855750	-0.669510	1.050840	0.000000	7.567770	3.499950	2.732564	3.792370	2.928922	-0.888990	2.248774	4.509780	2.267622	5.784940	2.649321	5.276270	10.142980	4.508930	4.827180
114	5.976290	4.565819	0.032760	1.561220	0.000000	5.955030	7.044130	3.772020	5.446420	3.660913	0.703920	2.258920	6.002740	3.500779	5.905630	4.289812	5.253850	5.591530	3.131606	2.317580
115	0.806610	-0.624730	-1.992840	-0.978010	-1.017630	4.925690	-2.887460	0.222460	1.071820	-0.854300	-1.504460	-0.491240	4.137628	0.025750	2.668260	0.000000	-0.597870	-3.968810	-2.860380	-1.120380
116	3.232750	2.333600	0.894970	0.318910	0.452770	2.222460	11.585960	1.068110	1.957540	1.353470	2.320210	6.139310	4.364478	3.490911	0.000000	1.245260	16.827400	10.408570	4.929727	17.069500
117	3.258415	2.140765	-0.661810	1.765170	0.000000	0.331340	0.148710	3.556530	3.031980	2.418875	1.568380	1.270180	3.932536	2.727153	3.953921	2.891667	2.543055	1.899790	1.314420	3.111465
118	3.454790	3.205290	1.794650	4.323440	3.613260	7.227120	0.000000	4.630659	3.207880	3.277950	1.980910	1.666690	4.152690	2.994680	4.517421	2.603970	2.353370	1.680770	1.655780	1.824150
119	-1.814330	-0.606390	3.316210	1.288130	4.715531	4.113470	4.700962	1.129940	0.000000	-0.434050	0.220260	3.640560	3.383000	5.490508	1.119870	0.531780	9.445560	6.631870	7.012680	13.515960
120	1.875230	2.827290	0.000000	4.811060	4.920368	5.561141	5.975825	2.003390	3.275940	2.372470	0.129680	2.593810	3.859950	3.226860	5.194705	2.959460	10.713930	5.963232	2.329660	2.340130
121	-0.014690	-0.131490	-0.154680	0.766600	0.642450	4.009310	-0.680550	-0.261110	0.000000	-0.460500	-1.011380	-0.501470	-0.119420	-0.722680	-0.068320	-0.166320	0.676540	0.221060	0.190170	0.250630
122	0.941235	0.070110	-1.103660	-0.175750	-0.629800	-0.886270	-0.739130	0.935359	0.675541	0.195690	-1.141440	-0.391700	0.000000	-0.016770	0.478830	0.338600	-0.681950	-0.465440	-0.520300	0.276380
123	1.079146	0.744623	0.808079	0.908732	0.899424	0.000000	1.041256	0.853212	0.892980	0.996274	1.059185	0.771841	0.630090	0.880126	0.771152	0.891511	0.879328	0.887056	0.874342	0.859939
124	0.000000	3.292250	3.205150	4.738830	4.598520	5.544650	3.041640	3.847680	3.224570	3.970860	2.857540	3.671990	3.836800	3.935770	2.810430	2.675100	3.728840	3.665930	3.608260	3.481830
125	1.650830	0.000000	2.824080	3.623730	7.699020	7.514940	9.083600	2.796620	1.672160	1.955680	1.055510	4.652970	8.784980	5.688800	9.686760	4.687058	20.999000	12.960360	9.838650	21.953000
126	2.801070	1.798290	0.000000	2.013150	1.359200	0.735590	1.252570	1.474720	2.055000	2.221280	-0.724700	1.817370	2.648940	2.037140	3.139280	1.918630	10.664350	8.828910	6.131380	3.939653
127	1.839049	1.254657	1.107222	1.702782	1.162045	0.267950	0.785740	1.275404	1.174412	1.904137	0.537180	1.185114	0.000000	1.056596	1.017024	1.707542	0.784030	1.312457	1.249570	1.679125
128	1.859470	0.000000	0.995020	2.551300	1.273080	3.295260	1.057620	1.727590	0.648030	2.327490	0.425900	0.383480	3.469051	2.146560	3.106990	1.240280	2.628640	5.204513	7.432750	2.063850
129	2.366290	0.000000	-0.999590	0.092420	0.297780	3.940180	6.201840	1.116840	1.167730	1.552290	-1.364370	-0.143120	3.485370	3.009900	3.998560	1.885720	14.010530	13.181390	6.044170	31.399940
130	1.294587	0.000000	-0.365550	0.281270	0.958200	5.268790	-0.474180	0.403840	0.390950	0.561920	-0.237380	-0.747700	1.746223	0.680130	2.449261	1.119938	0.583490	0.137050	-0.012720	0.976560
131	0.567070	-0.358310	-0.445340	0.439290	-0.046140	2.829055	-0.775240	0.343850	-0.401830	0.324300	-0.647550	-0.401120	0.000000	-0.394190	0.422380	-0.358560	-0.412620	-0.512000	-0.551070	-0.341460
132	3.196953	2.103676	1.832206	1.763599	2.349399	3.252374	3.556635	0.000000	1.203880	2.473205	0.606220	2.568244	4.777530	2.686441	5.482990	2.551264	14.960340	25.671540	16.666940	12.978340
133	0.000000	2.772450	2.555084	4.530370	5.253130	6.363570	1.369329	3.273260	2.481999	2.489962	2.623874	0.422080	2.782070	2.102852	2.784230	1.221148	2.768770	2.483628	2.395704	1.829082
134	3.977420	2.627138	0.000000	1.808918	4.548690	6.369030	1.461280	3.111910	2.989970	2.683653	-0.184150	1.838415	4.734240	2.755469	4.992730	2.226792	4.297190	3.085322	3.711020	3.596465
135	4.330410	2.635904	0.227780	1.287507	1.569943	0.000000	4.098340	2.575162	3.216250	2.716012	1.002140	2.790172	2.471484	2.850124	4.814600	3.041316	1.490963	1.477256	1.124299	2.408547
136	5.155087	3.301250	-0.085480	0.000000	-0.850880	4.541934	4.838308	2.715620	4.092470	2.247530	1.716160	1.740200	4.770315	2.417980	5.622432	3.354910	9.799140	3.583020	5.402512	2.498350
137	2.042980	0.834370	-1.282640	-2.403590	-2.255850	0.672240	-0.293180	0.053200	1.462100	0.000000	-1.073970	-2.023270	4.437532	1.099230	4.079280	0.033870	8.878510	17.424660	9.785110	10.231760
138	4.746260	3.400205	0.000000	1.495110	0.348400	5.048790	6.065950	3.083657	4.299330	2.884897	-0.233150	3.300616	4.013235	2.839456	5.291600	3.774079	8.411900	3.226398	0.757860	3.835093
139	3.825704	3.017657	0.270910	1.384720	0.789140	4.584389	0.728110	2.840530	3.470347	2.368640	0.000000	1.074200	4.822534	2.056890	7.339240	3.947185	10.843040	8.110000	6.020370	1.737210
140	1.434770	-0.229250	-0.986580	-1.979530	-1.999950	-1.587550	2.143254	0.723790	0.815600	0.214150	-2.619230	0.521140	0.727850	1.254000	0.843780	0.245500	3.779598	-0.191750	-2.232060	0.000000
141	3.215842	2.939250	0.946920	2.047030	1.096810	4.176909	3.469299	2.759000	3.322157	2.550080	0.000000	2.628260	4.143335	3.178104	4.391528	3.929359	3.959515	2.120690	2.177480	3.908214
142	1.240694	0.326770	-0.869200	1.236993	0.876575	1.324132	-0.207750	2.100553	0.417680	0.047280	-0.589220	-0.623770	0.011830	0.000000	0.307640	0.111480	0.504860	-0.748280	-0.716700	0.088170
143	0.000000	2.590133	3.389490	5.438340	4.682210	6.311490	4.105809	5.603050	3.819746	3.728277	3.125178	3.912628	3.975998	3.805251	3.664967	3.777302	3.620370	3.483057	3.323797	4.380250
144	1.208310	0.583170	-0.769270	-0.161370	-0.505830	0.302820	-0.218660	-0.080020	0.803150	0.221920	-0.874840	-0.493610	0.004410	-0.021230	-0.114640	0.000000	-0.822190	-1.228000	-0.894790	-0.546560
145	3.835693	2.219380	2.065760	2.760311	2.000930	0.000000	7.296820	4.678250	3.937840	2.745227	4.203748	10.139810	2.612150	7.308050	5.559650	5.910610	11.095810	6.826360	9.750560	33.589380
146	0.916060	2.098770	1.195940	1.870410	-0.008300	0.582920	0.133120	1.681720	1.607370	1.973230	-0.038190	0.000000	1.565420	1.314010	3.192150	1.380340	0.948130	1.371560	1.067610	2.015650
147	1.100830	0.842030	0.211310	0.970370	0.950900	5.310390	0.896160	0.000000	0.608060	0.867560	0.371720	0.408360	0.781350	0.808250	0.758540	1.100780	0.733090	-0.676130	-0.833490	1.958030
148	0.491560	0.463570	0.086900	0.719745	0.724948	-0.290420	0.161480	0.714231	0.482640	0.562130	0.000000	0.090480	-0.070980	0.071240	0.172470	0.222820	0.483240	0.265130	-0.214060	0.619310
149	0.234810	-0.095360	-0.168470	1.156420	0.781700	2.879550	-0.295710	0.873740	0.105260	0.123920	-0.250090	-0.266820	-0.124940	0.000000	0.207270	0.122510	-0.212110	-0.280220	-0.285540	0.143190
150	0.317070	0.218200	0.202770	0.565870	0.472540	-0.140710	0.214320	0.492980	0.290200	0.351630	0.257720	0.234960	0.000000	0.169280	-0.056850	0.410050	0.485660	0.190760	0.168180	0.556050
151	1.018911	0.000000	1.327689	0.562850	1.007831	-0.855660	0.573190	0.786637	0.558310	-0.029560	-0.098200	0.360830	-0.194540	0.270450	0.940947	0.968596	0.227840	-0.138370	-0.210940	0.768966
152	1.749061	1.893169	3.151379	4.387800	3.763320	0.000000	2.442558	3.134050	1.274900	1.972999	1.805918	3.248669	2.098334	2.140069	1.626124	2.408590	2.065795	2.283762	2.008952	2.661593
153	0.402410	0.508100	0.382360	0.534850	0.578990	0.276940	0.168080	0.456340	0.426900	0.458670	0.584180	0.000000	0.063860	0.185250	0.157280	0.279970	0.343960	0.368880	0.364340	0.669910
154	4.429190	3.412950	1.498572	1.990019	2.468555	5.840580	2.537608	3.295440	4.281980	3.176600	0.554570	3.614540	4.751700	4.226360	4.622190	4.326340	4.826250	0.000000	0.109340	2.298292
155	0.305860	-0.105980	-0.075770	0.111410	-0.167530	-0.903430	-0.152460	-0.263810	-0.131460	-0.094230	-0.368010	-0.175800	-0.099440	-0.032270	0.000000	0.114350	-0.352820	-0.896880	-2.020980	0.107560
156	5.630320	5.835380	4.669860	6.167460	6.385860	7.344310	5.864580	5.579960	4.747790	4.849540	4.196940	4.940830	2.141473	5.256840	0.000000	3.329431	5.193250	5.093130	4.636560	5.259570
157	4.035323	2.230970	0.479690	0.000000	-0.935250	0.175650	8.099210	1.820250	2.658200	2.208270	3.013204	6.082570	2.202570	3.364297	2.972269	1.790530	7.352340	6.135540	4.469138	11.775920
158	3.446330	2.473706	0.657260	1.520680	0.746090	1.391210	2.412713	1.859480	2.723894	2.757923	0.338070	2.343229	2.549077	2.074230	3.577235	3.155603	-0.892120	0.999860	0.000000	1.370170
159	0.619400	0.000000	-0.333520	0.150690	-0.753420	1.476630	-0.005520	0.012820	0.092080	0.505720	-0.649410	-0.288010	-0.012330	-0.389140	0.288720	0.355310	-0.760000	-0.477600	-0.457570	0.383640
160	1.307200	0.101460	-1.008620	-0.342830	-0.872790	1.807305	0.131630	0.311490	0.277750	0.531540	-0.852030	-0.153140	0.000000	-0.372410	0.331490	-0.112660	-0.281360	-0.303140	-0.443380	0.442870
161	4.615992	2.491020	0.335130	0.000000	0.253470	5.633196	9.952700	1.360680	3.750823	2.118830	2.570610	5.964450	4.984396	5.375209	4.027217	2.216830	19.218740	14.450370	7.521150	10.994990
162	0.483330	-1.026320	-2.114280	-2.160790	-2.305880	3.376120	-1.796350	-0.545520	0.430130	-0.651900	-1.924420	-1.752500	-1.154490	-0.951980	-1.084870	0.000000	-0.580920	7.036420	3.620190	-0.756040
163	0.780680	0.002230	-0.828310	0.273040	-0.462070	3.200590	0.000000	0.163000	0.407500	0.543320	-0.936130	-0.590770	-0.103510	-0.392790	0.663020	-0.227260	-0.604540	-0.400840	-0.505050	-0.341630
164	2.331090	0.962260	1.616560	1.608570	1.770080	3.524570	1.775230	2.050580	1.849180	1.754920	0.265700	1.835840	1.058690	1.095200	0.726090	1.491640	1.003240	0.000000	-0.533910	2.618030
165	6.774060	4.863348	1.417690	3.303530	1.985290	9.657600	5.427248	4.724698	5.416871	5.100233	1.245190	3.976437	5.463605	4.845993	6.235900	4.525935	0.534720	3.382360	0.000000	3.490810
166	1.653173	0.995810	-0.256130	0.709790	0.000000	4.675590	0.546750	0.119930	1.237589	1.521784	0.293870	0.405090	0.552110	0.510890	1.274193	1.489675	0.090500	0.397790	0.084620	1.255928
167	0.801720	-0.018130	-0.511340	0.181670	-0.516090	1.745770	-0.290570	0.719120	-0.019890	0.604230	-0.937620	-0.178850	0.000000	-0.115720	0.327910	0.038410	-0.403010	-0.322290	-0.414910	0.233540
168	1.753960	0.166050	-0.821880	-0.831730	-1.105130	2.962860	0.929180	-0.258860	0.730490	0.206300	-0.663240	0.566510	1.099720	0.000000	0.680890	-0.701880	-0.218100	2.431730	1.888510	2.402890
169	3.766388	2.518030	-0.828430	1.180800	0.000000	4.111850	2.403641	1.852425	2.767319	2.554171	-0.156540	2.065286	2.997499	1.299880	4.377590	2.116716	2.697046	2.458042	2.830588	3.692524
170	0.772540	0.000000	-0.495400	0.384920	-0.089930	3.437020	-0.257770	0.516990	0.761320	0.725680	-0.470760	-0.251880	0.136320	-0.101710	0.540770	0.015070	-0.108450	-0.390200	-0.457700	-0.041410
171	2.126750	1.125740	0.760670	1.300080	0.728460	4.093154	0.000000	1.830580	1.945140	1.825370	0.602060	0.803660	1.438080	0.681820	1.867610	1.258380	1.400510	1.066560	1.038130	1.511530
172	2.199990	0.110660	-2.316620	0.325800	-1.152840	3.018800	2.704240	0.793280	0.737800	0.000000	-3.710090	0.505960	2.051040	1.012050	2.583000	-0.627110	7.683360	-0.139180	-1.251240	-1.518650
173	1.258277	0.717420	-0.740470	0.722170	-0.106060	3.500410	0.142800	-0.084180	0.599820	0.824120	-0.592590	-0.041640	0.000000	-0.187940	1.687395	0.445850	0.672670	0.861570	0.731650	0.893420
174	0.698625	0.034670	-0.034160	0.707635	0.374710	2.387272	-0.585500	0.501700	-0.155460	0.618630	-0.209700	-0.355930	0.182890	0.000000	0.771886	-0.062790	0.024700	0.006240	-0.031410	0.075100
175	0.208320	0.000000	-1.050610	0.401410	0.127590	1.077850	-0.793240	0.637680	-0.138840	0.181680	-0.776640	-1.046430	1.315303	0.101940	1.822210	0.478660	1.891630	-1.527670	-0.399170	1.233743
176	0.000000	3.328700	3.515850	4.704210	4.659190	6.118710	2.626810	4.720070	3.606340	3.532870	3.169880	3.021510	4.000860	3.033780	4.095070	3.549170	3.608680	3.565180	3.550250	3.567630
177	4.984176	3.869763	0.422420	1.480830	0.000000	4.096221	6.059260	3.314380	4.916610	3.136770	0.697920	0.943830	5.056541	2.997480	5.490793	3.710750	12.037500	9.943180	4.068789	3.974276
178	1.046241	0.000000	0.100120	0.948263	0.793073	-1.704900	-0.241590	0.919478	0.596760	0.626040	0.379440	-0.294140	0.532060	0.055460	0.946184	0.625490	0.659840	0.313590	0.300800	0.595920
179	2.146755	1.131476	-0.022030	0.832711	0.210340	0.146170	-0.895030	1.626343	2.031862	1.394714	-0.402380	0.000000	1.446496	0.844533	2.822660	1.134337	1.045576	0.184540	0.867078	1.379884
180	0.597990	0.306400	-0.238490	0.288570	-0.150000	0.311430	-0.297850	0.729790	0.482630	0.463960	-0.315830	-0.337380	0.000000	0.004290	0.323730	0.232410	-0.126220	0.048910	-0.110750	0.445750
181	2.594865	1.569895	-0.080640	2.082119	1.239751	5.339930	-1.252440	2.041035	1.590907	1.645364	-0.122920	0.000000	2.027617	1.039978	2.830570	1.411118	0.932838	0.554670	0.252660	1.378044
182	5.280048	3.777600	0.000000	2.232750	1.127550	7.298390	5.596470	3.436230	4.570444	3.607710	0.549220	1.248190	5.158826	3.371530	6.274180	3.058880	11.074450	8.750860	3.382030	4.093803
183	5.426140	4.281427	0.000000	1.123700	0.172420	4.334090	4.936814	3.355548	4.506309	3.368890	0.362260	3.458065	5.222486	2.830060	6.220900	4.179759	8.222740	5.982270	3.517036	3.049640
184	6.008230	4.797240	0.000000	1.525650	0.337770	6.154020	4.955600	3.801042	4.666380	3.214765	0.357220	2.431090	4.546670	2.630040	5.788300	3.533429	11.186720	10.473330	3.174704	4.535705
185	2.724610	0.929620	-0.835210	0.049770	-0.847630	3.971906	-0.371240	-0.770030	0.509860	0.421770	-1.372090	-0.894170	1.352660	0.626430	0.000000	-0.262250	0.610440	-1.406550	-1.606760	-0.611960
186	5.985320	3.882495	4.388154	2.669380	4.283643	0.000000	7.269030	3.312303	5.371230	4.243541	3.008690	5.871780	4.112993	4.137223	5.182790	3.787998	14.133070	5.794560	11.971300	13.109970
187	0.000000	4.773060	12.500850	12.116230	16.533970	21.394470	12.223940	14.250830	10.581010	7.025870	8.213830	11.990020	11.742180	14.502240	11.736200	12.253300	37.399570	43.779870	40.325970	67.967370
188	6.961800	5.239230	1.838331	4.537680	3.608290	2.520358	5.285920	5.529020	6.463610	5.186300	1.530756	5.005270	4.615860	4.232150	6.164390	5.042760	0.122570	0.871950	0.000000	3.238610
189	0.000000	3.077860	2.674975	4.436840	5.385110	8.631960	3.180570	4.728650	3.595540	3.453900	1.888219	3.373680	2.558916	3.299270	2.970440	2.835790	2.965620	3.452210	3.113440	3.377920
190	4.296890	3.097458	1.104580	3.921740	3.715029	8.057520	3.322239	3.909340	4.126040	2.843857	0.571470	1.928402	3.609009	2.793436	3.395878	3.313541	2.104498	0.043840	0.000000	2.364958
191	0.000000	6.617660	20.007390	19.397990	23.593590	13.537790	19.267990	18.059790	9.757720	11.625760	15.473190	18.038490	18.967790	17.555890	19.365090	18.156990	43.851190	35.127190	31.301990	38.045790
192	5.003910	4.100350	0.375950	3.592800	2.444305	8.785310	4.429170	3.745080	4.615290	3.574030	0.830020	0.000000	5.497810	3.300330	5.743850	4.049890	11.644970	3.063360	1.304539	3.008280
193	0.580000	2.142777	1.903671	3.129723	2.665583	3.527080	2.107767	1.444605	0.801930	1.896590	2.001361	1.878995	0.041240	2.121690	-2.894220	0.000000	2.735156	1.758344	1.599546	2.540006
194	3.078079	2.219085	0.000000	1.612322	0.759490	1.828006	2.057554	1.937701	2.658335	2.436827	0.483340	1.568536	1.511769	2.360932	1.494296	2.751025	2.365437	2.611602	1.460635	3.557840
195	-0.093930	-0.615740	-0.787340	-0.603280	-0.905930	-1.236330	-0.407650	-0.164030	0.000000	-0.347300	-0.851500	-0.587790	-2.170860	-0.937910	-1.368960	-0.163080	-0.719940	-0.693760	-0.768340	-0.337130
196	2.478295	0.688610	-0.040450	1.393360	0.784190	-0.453050	1.887222	1.435270	1.528510	1.130770	-0.485770	1.003380	-0.937240	1.310060	-0.173210	1.005520	1.181590	-1.819370	-1.996080	0.000000
197	1.719288	-0.184160	-0.294780	-0.115180	0.913760	4.175560	2.168818	-0.063880	0.398940	-0.047940	-0.723990	1.698678	1.419720	1.079040	-0.256270	0.000000	9.137550	14.513350	11.245070	15.394150
198	4.414470	3.758760	1.593478	3.458270	2.482771	6.103910	3.050970	3.615310	4.047020	3.746470	1.610458	2.843780	3.121800	3.465680	3.915080	3.567850	0.936315	0.000000	1.088631	2.609324
199	0.871990	-0.169050	-1.530490	-0.223900	-0.899740	2.059177	-0.256980	-0.069290	0.000000	0.238320	-1.780810	-0.517110	-0.487860	-0.239110	-0.323350	-0.847010	-0.232770	-0.607950	-0.318170	-0.909160
200	5.609374	3.961316	0.000000	1.893460	0.562360	6.285260	14.934930	4.037569	5.406847	3.936447	0.336290	4.451386	4.430776	3.376200	4.890545	4.131604	16.198230	13.842440	6.552360	7.067580
201	5.361400	3.736200	0.000000	2.679045	2.265019	7.297150	2.621164	3.743040	4.336620	3.685520	0.581220	3.146756	4.232300	3.002854	5.754410	4.565440	7.103880	6.580150	5.670370	3.800630
202	0.810120	0.000000	-0.423720	0.821630	0.234170	2.610961	-0.230340	-0.235560	-0.016160	0.750900	-0.503490	-0.139340	0.149910	-0.254750	0.478520	-0.055590	-0.753400	-0.263570	-0.254390	-0.013250
203	1.248221	0.926540	-0.115250	1.461250	0.597610	3.277320	0.000000	1.196370	1.148632	0.708390	-0.463260	-0.072850	1.160603	-0.047970	1.136315	0.147630	-0.164980	0.013900	-0.040530	-0.585110
204	4.608950	3.364031	0.000000	1.922450	1.211740	9.066440	4.776700	2.772091	3.941846	3.021546	0.150900	3.203241	3.937619	2.553881	4.895140	2.684633	4.692970	-0.007640	-1.367890	2.902444
205	1.143130	0.000000	1.220883	-0.314610	-0.654650	1.252018	1.459335	0.751250	0.566660	0.404500	-0.354820	-0.111100	1.533654	1.011780	3.175050	1.059920	0.827990	-0.307150	-0.365770	1.234756
206	1.071470	-0.234460	-0.970360	0.406080	-0.219550	1.329706	-0.053050	0.991070	0.530960	0.255940	-0.825510	-0.241400	0.000000	-0.271740	0.547760	0.066340	-0.618020	-0.080980	-0.416820	0.193020
207	6.322100	5.231530	1.548890	4.490936	3.673763	4.480593	3.937524	4.573768	5.409870	4.564136	1.957090	4.330876	5.560370	4.142909	5.890810	4.308240	0.346810	1.812180	0.000000	4.263671
208	1.241658	1.347327	0.500700	1.909577	1.344653	3.098130	1.608066	1.496939	1.367813	1.390144	0.364420	0.700880	2.630046	1.580124	3.261540	1.439816	1.901169	1.368225	1.319058	0.000000
209	0.969170	0.825840	-0.057740	0.539580	-0.060790	2.047368	-0.540370	0.710680	0.366030	0.719250	-0.105070	-0.037590	0.702270	0.003510	1.024855	0.329810	-1.148330	0.499070	0.650540	0.000000
210	4.539170	3.633366	1.100450	2.683713	1.947140	4.395500	4.021590	2.902740	3.684534	3.321425	0.725340	3.540034	4.408930	3.088348	4.905560	3.035538	1.512370	0.327100	0.000000	2.623081
211	-0.429640	0.960830	1.151941	2.822473	3.842470	6.497990	0.486240	2.069102	0.731550	0.817650	1.168116	0.558280	0.812280	0.302410	0.606930	0.000000	0.858490	0.832730	0.774840	0.440170
212	4.253323	3.228397	0.000000	1.227170	2.059950	7.588130	2.238590	2.679335	3.449014	2.766457	-0.760480	2.447370	4.407518	2.323080	4.487343	1.766510	3.223701	2.544130	0.894020	36.709370
213	4.683950	2.616710	3.203202	3.193025	2.639150	0.000000	4.504721	4.682605	4.506096	2.772140	0.272700	4.739180	3.339174	4.312698	7.178770	5.574050	2.466100	2.562140	1.333690	25.122520
214	5.234870	3.946861	0.000000	1.276570	0.326650	4.928675	5.366740	3.214201	4.848236	3.187581	-0.131440	1.837070	4.139550	2.640970	4.582584	3.071500	3.448106	3.711381	4.369214	3.304352
215	5.441446	3.741148	0.000000	1.400970	1.489730	5.489479	0.749750	3.164130	2.663980	3.372480	0.189830	0.835180	5.318650	1.303120	6.419090	2.829730	7.990760	7.520180	2.035590	2.127130
216	3.513603	2.701510	-1.062530	0.000000	-0.572370	3.817558	6.306600	1.062120	2.305940	0.821430	-0.464060	4.874440	3.831467	2.216250	4.348698	2.551140	9.315570	2.842792	0.756690	1.384420
217	0.000000	-0.913480	-1.684920	-0.436640	0.306800	-1.990860	-1.318270	0.249280	-0.605130	-1.334680	-2.148480	-1.499810	-1.382080	-2.995960	-1.379990	-2.775670	-0.726430	-1.934130	-2.531100	-1.517140
218	5.676360	4.217050	-0.018370	2.028880	1.648170	3.422454	2.843103	3.527592	4.920410	3.367941	0.000000	3.618472	4.144470	2.708608	4.602590	3.151353	7.070940	3.100178	1.686540	2.555583
219	1.496920	0.252950	0.820560	0.274480	-0.288700	-0.208610	2.956711	-0.747090	0.000000	0.150890	0.459390	1.732996	2.273265	1.369910	3.081249	2.779996	3.132635	5.500280	2.065447	14.199810
220	0.209160	1.659310	0.193300	1.775600	1.910638	5.174700	0.000000	1.407550	1.481650	1.075900	0.022740	0.544450	1.701990	1.397900	1.369610	-0.359470	0.287650	0.491230	-0.164290	0.819460
221	0.944405	1.051400	0.610850	2.025374	1.811396	8.424580	0.430150	0.755770	0.278740	1.625710	0.527580	0.000000	0.656070	1.037961	-0.247060	0.417940	0.954973	1.140860	0.883862	1.516834
222	0.212620	-0.368480	-0.719820	-0.356570	-1.014550	-1.500730	-0.602500	-0.129340	0.000000	-0.092230	-1.411030	-0.836260	-1.383940	-0.780760	-0.680750	-0.029620	-1.503430	-1.414820	-1.318100	-0.032010
223	5.906660	4.352980	0.411640	3.046770	2.179614	2.410803	7.537880	4.854080	5.359620	4.273400	0.000000	4.303890	3.429550	3.209160	5.492450	4.424360	14.021320	11.040680	7.898820	5.114230
224	3.435870	2.997370	0.115680	1.004957	0.000000	4.432050	3.673050	2.613260	3.873670	3.404530	0.514750	2.547984	2.267149	2.455568	3.837890	2.428667	7.468640	10.487740	5.745790	3.753580
225	0.000000	2.053117	13.726020	5.709130	13.815420	9.752630	5.454900	9.713340	2.654236	3.928940	3.522570	13.644820	2.700120	4.453500	6.867550	5.534940	16.826020	15.537320	15.666820	15.382820
226	1.341434	0.437330	0.054890	0.708711	0.109250	3.073240	0.511430	1.064531	1.002345	1.093392	-0.313720	0.314780	0.170810	0.000000	0.633320	0.917995	0.260540	0.430800	0.369470	0.835781
227	2.493452	1.304773	0.000000	1.013432	0.778532	5.124680	0.555410	1.143702	1.810427	1.751510	0.147930	0.475820	0.900979	0.573830	1.819384	1.978996	0.567170	0.523840	0.628130	1.546191
228	2.397063	1.635109	0.000000	1.668509	0.857964	3.607960	1.487514	2.205445	1.857564	1.403611	-0.110990	0.945724	1.059200	1.227038	1.698366	0.966940	-0.164650	0.184470	-0.138740	0.923756
229	-1.003320	0.429780	0.682390	1.912671	1.712805	4.590070	-0.860410	1.728069	0.725790	0.421600	1.165534	-2.270080	0.735310	-0.055070	0.968164	0.000000	1.279612	0.507800	0.404760	0.144790
230	2.610697	1.771560	0.192540	0.000000	0.614230	3.523790	0.473600	1.314307	1.939515	1.093328	0.546990	0.274410	1.652785	1.111910	2.833500	1.414140	0.761810	0.825055	0.673730	1.531420
231	0.000000	0.304690	0.234830	0.913172	1.671993	-1.190650	0.135720	1.595892	0.395860	0.818501	0.266950	-0.022640	0.159290	0.071230	0.278760	-0.452860	0.551540	0.349920	0.392120	0.290450
232	2.010483	1.447684	1.116550	1.768381	1.107110	0.000000	1.950284	2.277518	2.089445	2.033417	0.981630	1.535275	0.461120	1.630758	0.336450	1.454916	1.391998	2.057689	1.969736	2.313318
233	-0.095880	-0.250600	-0.709600	0.088230	-0.044060	-0.555090	-0.141200	0.429280	0.000000	0.060120	-0.583730	-0.442690	-0.659460	-0.563050	0.035770	0.069110	-0.222700	-0.679960	-0.730920	-0.178130
234	1.608936	1.109691	0.116710	1.697345	0.776656	2.380600	0.600140	1.085731	1.306010	1.120472	0.285050	0.556440	0.000000	0.170870	0.233130	0.659030	0.494580	0.502680	0.387740	1.039141
235	2.406492	2.090298	-0.216070	1.832251	1.814981	4.933290	0.000000	1.106709	2.265072	1.691764	-0.266970	1.371289	3.624800	1.627745	3.897180	2.791450	10.339260	16.407780	10.353560	14.687480
236	1.528204	1.006207	0.000000	0.941083	0.053650	1.305304	1.139191	1.009181	1.667242	1.444751	0.242900	0.632600	0.260850	1.078067	-0.064660	1.210566	1.061993	0.642770	0.473850	1.442453
237	0.183520	-0.267800	-0.595330	-0.131200	-0.613180	-2.029900	-0.210290	-0.069150	0.000000	0.168860	-1.107990	-0.451300	-1.840790	-0.740120	-1.659660	0.030970	-0.620500	-0.907650	-1.187030	0.078620
238	0.000000	-0.288410	-0.212560	1.531387	3.622800	-1.652570	1.298368	1.728302	1.761359	0.738920	-0.712540	0.235800	1.249081	1.432013	1.494393	1.252134	7.004870	10.850230	-0.587550	20.865500
239	0.510510	-0.782640	-3.098940	-0.274640	0.263130	3.336354	1.852213	-1.200650	0.000000	0.048490	-3.409980	-0.111010	0.021990	-1.428730	0.400170	0.292500	4.566060	4.354000	-0.229430	0.150530
240	2.916549	1.788491	0.000000	1.300636	0.092240	4.987610	1.309711	2.073341	1.921646	2.184766	-0.376400	1.194942	1.734988	1.741630	2.958285	2.666409	2.064350	1.055601	3.003759	3.260090
241	0.814087	0.000000	-0.520950	0.278100	-0.362680	2.189366	-0.280860	0.477950	0.028880	0.754366	-0.971260	-0.388640	-0.147470	-0.602750	0.273730	-0.075370	-0.278440	-0.369470	-0.442440	0.245770
242	1.984672	0.164750	-2.775190	-0.655270	-0.598670	2.451792	-0.293370	-0.735230	0.765420	0.000000	-2.803690	-0.118230	1.021100	-0.041110	1.982233	0.958010	3.240080	4.600320	0.422190	1.393097
243	2.146781	0.000000	0.705060	0.086550	-1.331210	2.793460	4.053680	-0.551520	0.658800	0.523700	-1.694070	0.747980	1.808841	2.309158	2.493018	0.871410	5.426350	3.031694	-2.021410	2.042627
244	2.249763	1.092799	-0.383450	0.000000	-0.747620	5.024890	0.375440	0.461140	1.489687	1.379707	-0.317570	0.067290	0.817535	0.649280	2.530811	1.362561	0.753792	0.499380	0.401220	1.372746
245	2.114286	1.052023	0.223410	0.759927	0.000000	3.380640	0.252700	0.955817	1.251069	1.566479	-0.090170	0.406060	1.152048	1.075469	1.690412	0.951669	0.135480	0.120420	-0.287330	1.090794
246	2.299830	0.000000	0.836000	1.106930	0.832180	4.309663	6.845930	1.081920	0.905770	0.583080	1.941360	6.437610	5.143180	1.652590	4.023387	3.211098	21.433860	14.681260	11.612850	25.855160
247	2.238962	0.000000	1.441668	2.909989	2.360856	3.205730	10.100650	0.622550	0.738580	1.113160	0.901500	2.985205	6.339850	2.807863	4.355160	2.652606	18.298260	17.610960	14.776160	3.790690
248	4.163480	2.567090	0.326100	3.791640	2.144486	7.156880	1.358836	3.766750	2.856050	2.795190	0.000000	1.306639	2.374255	1.452366	4.224170	2.093249	2.318875	-0.477830	-0.339860	2.224756
249	1.858431	1.790514	-0.014800	3.383360	3.210220	3.165450	-1.001150	3.139380	1.941880	2.175162	0.365110	-1.582110	3.113770	0.000000	3.510070	1.501727	2.868710	-0.048690	-0.299060	0.706830
250	0.000000	3.808432	4.116463	8.397760	8.844760	10.360770	5.926520	7.660640	5.042668	4.658970	4.328719	5.648270	5.124021	5.173756	5.250083	4.906014	6.157710	5.399890	3.963526	5.224116
251	2.238300	0.000000	-0.680650	-0.116910	1.302770	2.950950	4.520708	1.370600	2.105870	0.433540	-0.449140	8.211410	3.562471	3.332520	6.368150	4.684818	28.592750	10.831350	7.062510	4.050487
252	2.988580	1.822190	0.081610	-0.278970	1.509620	1.846638	0.634710	0.794750	1.134429	1.232076	1.252264	0.399980	1.076208	1.102855	1.090493	0.792900	1.173712	0.469630	0.028090	0.000000
253	6.479670	4.701700	0.162730	1.218120	0.000000	6.288670	4.238280	3.276831	5.509540	3.721320	-0.257220	4.250870	5.675420	3.809380	6.457720	4.967970	6.755730	6.784210	1.826598	3.418180
254	5.978750	4.330160	0.168260	1.328440	0.000000	5.936780	6.878440	3.536177	4.999510	3.413521	0.476520	3.888143	5.453510	3.151746	5.508040	4.011805	4.418460	5.533320	2.157370	3.140533
255	2.678785	1.614310	-0.343150	-0.188450	-0.754750	2.840565	0.000000	1.535140	2.464462	1.159550	-0.173570	0.129970	2.341070	0.914190	3.882606	1.283560	5.958740	8.829610	5.160440	4.726700
256	3.474490	2.422282	2.820645	0.000000	1.107380	5.777070	2.101667	0.917510	2.649027	1.707233	0.960450	2.730751	3.187830	2.668573	3.580870	2.450605	5.298550	2.947683	2.361359	3.949270
257	1.158410	0.691300	-0.463220	0.272020	0.386920	1.132980	0.808260	-0.152620	1.214465	0.726390	0.322170	0.352210	0.070410	-0.341990	0.373760	0.360270	-0.122790	-0.469800	-0.957950	0.000000
258	1.032100	0.811900	-1.090890	-0.200070	-0.897320	0.750080	0.209830	0.667190	0.010780	0.609210	-1.380170	-0.195190	0.404840	0.100030	0.000000	-1.213360	-1.332380	-0.253160	-1.258400	0.481610
259	3.862586	2.290579	1.054030	0.000000	-0.442310	1.801820	4.610880	1.825830	3.426357	2.156020	3.540941	4.816630	3.837679	2.162180	3.534319	3.637823	4.081072	7.496610	6.412190	14.295590
260	1.552832	0.939980	0.647990	1.513924	0.830100	-0.152040	0.156800	1.524205	1.099031	1.588045	0.249730	0.000000	1.017340	0.680410	1.441515	1.750048	0.693430	0.302170	0.590000	1.286848
261	1.606534	0.329820	-0.713260	0.466620	-0.500650	-1.067560	0.046080	0.938750	1.278056	0.849040	-0.825540	-0.317930	0.000000	-0.175720	0.860670	0.788390	-0.346800	-0.292980	-0.403890	0.504420
262	3.289010	1.313830	-1.765470	-1.150580	-0.904510	3.002934	3.147335	0.000000	1.718944	1.058460	-1.268600	1.906671	3.410034	1.952869	3.252776	0.851710	5.857820	2.077998	-0.287710	0.837650
263	2.494751	1.054955	-0.254870	0.000000	-0.119040	4.130750	-0.701580	0.916584	1.680610	0.950401	-0.229960	0.882537	2.113030	1.110566	2.935580	1.444158	1.121328	1.392476	1.120182	1.058000
264	0.690110	-0.150670	-0.718730	-0.001680	-0.664650	2.881630	-0.274920	0.654130	0.694100	0.681140	-0.735980	-0.438110	0.000000	-0.533520	0.350420	0.255860	-0.521700	-0.063050	-0.119600	0.426970
265	1.955358	0.000000	-1.451520	-0.298270	-0.687260	2.552310	-1.032600	0.778249	0.563070	0.721477	-1.216980	-0.660900	0.305640	0.040740	1.551772	-0.168210	-1.106380	-0.846310	-1.057410	-0.234230
266	5.854280	4.147220	1.117280	4.202450	2.555755	8.528830	2.676820	5.002740	4.612870	3.976560	0.000000	3.164636	5.664300	3.548080	6.356450	4.103380	11.545710	6.977780	3.146020	4.616130
267	1.015614	0.130670	-0.159390	0.300760	-0.310530	2.709640	0.000000	0.681397	-0.084010	0.790858	-0.512240	-0.325830	0.439330	-0.029130	0.796592	0.672783	-0.008840	-0.028120	-0.079070	0.156630
268	0.353250	-0.321710	-0.532650	0.000000	-0.446490	0.207780	-0.846110	-0.524270	-0.474730	-0.091220	-1.333200	-0.827810	-0.521900	-0.853970	0.191830	-0.286320	-1.260900	-0.954970	-1.127980	-0.491960
269	4.608070	2.604258	2.475366	0.000000	-1.042010	3.638810	3.489140	1.398931	3.230890	2.750591	0.817820	4.487790	5.589680	5.439370	5.338430	3.386350	10.619320	10.940350	10.733790	15.845880
270	0.680860	-0.232280	-1.084100	-1.088040	-2.057990	3.075840	-0.864250	-0.851710	-0.151800	-0.078130	-2.431100	-0.799440	0.000000	-0.268950	0.678070	0.615460	0.728760	0.676770	0.616960	0.337550
271	0.626730	0.000000	-0.170500	0.385780	-0.065020	2.511501	-0.551270	0.593970	0.028000	0.588200	-0.426080	-0.196350	0.056880	-0.068020	0.543860	-0.068470	-0.217370	-0.180770	-0.235920	0.022940
272	0.540600	-0.579510	-1.177740	-0.680500	-1.418480	1.543249	-1.156210	0.000000	0.510880	-0.022600	-1.234210	-1.004090	-0.704930	-1.135920	-0.548540	-0.510550	-0.515810	-1.038780	-1.108910	-0.882100
273	3.847870	2.587760	0.000000	1.413990	0.696070	4.555003	0.200760	2.228120	3.094531	2.600200	0.687050	1.147040	3.939362	1.903180	5.158070	2.692802	7.661800	4.698160	4.897420	2.971948
274	0.181480	0.275330	0.097780	1.550158	1.220925	3.043960	0.559430	0.713842	0.000000	0.720362	0.156970	0.054720	0.613930	0.249370	1.339475	0.315990	1.241483	1.357583	1.331523	1.496949
275	0.003320	0.000000	-0.089960	0.656283	0.391200	1.768621	-1.280260	-0.522420	-0.583510	-0.189820	-0.444700	-0.572220	0.270540	-0.563890	0.462740	-0.403920	-0.255470	-0.351790	-0.401940	-0.778080
276	1.898130	0.820480	0.760950	0.846720	0.303180	5.887470	0.838430	-0.779800	0.186930	1.019380	0.486890	0.000000	1.096560	1.489470	0.832040	0.544380	1.084990	1.277870	0.382500	1.190520
277	0.715270	0.427720	0.809100	0.962039	0.992255	-0.255860	0.776360	0.890030	0.994195	1.143258	1.145974	0.361600	0.000000	0.895550	-0.026490	0.965255	0.958234	0.988481	0.978977	1.263385
278	0.454380	0.265380	0.129100	0.541850	0.118000	1.113021	0.116740	1.207037	0.263090	0.378330	0.250000	0.064330	0.329160	0.152170	0.167960	0.000000	0.256140	0.092920	0.216570	0.386050
279	-0.627100	0.451080	0.564370	1.824510	2.150570	4.335209	-0.066170	1.437750	1.087810	0.617790	0.615380	0.000000	0.652910	0.163050	1.032400	0.433520	0.123310	0.435400	-0.207020	0.396230
280	-2.683590	-0.101860	-0.550470	-0.116700	-0.605730	3.823129	0.000000	0.625760	-0.526220	-0.176460	-1.464300	0.365810	0.820520	0.404010	2.483170	0.863830	2.701030	2.414640	1.624370	2.333870
281	1.109580	0.676940	-0.573940	0.216230	-0.534620	0.160560	0.227050	0.361310	0.325940	0.462820	-0.572720	-0.072560	0.674280	0.546880	1.472300	-0.594630	-0.003580	0.000000	-0.762960	0.888850
282	0.289710	0.285410	-0.185120	0.217140	-0.043320	0.067140	-0.125690	-0.113390	0.034430	-0.077430	-0.395830	-0.256620	0.000000	-0.000340	0.273440	0.206540	-0.181340	-1.097050	-0.925950	0.222240