SITE	GLY	ALA	LEU	VAL	ILE	PRO	ARG	THR	SER	CYS	MET	LYS	GLU	GLN	ASP	ASN	TRP	TYR	PHE	HIS
1	6.116400	5.396900	3.170300	4.123600	3.281400	4.427000	1.704200	6.373900	7.377600	6.283900	2.709300	3.616800	7.816800	4.740500	7.770400	6.111700	0.000000	2.920400	2.592000	4.114600
2	0.000000	2.201100	2.703800	3.344800	4.134900	7.883700	3.145800	3.599000	1.566000	1.957800	3.676800	3.474500	1.333700	2.866300	-2.732800	0.570400	3.119200	1.805600	2.212300	4.419400
3	0.552000	0.000000	-0.487500	0.134300	-0.204800	-0.979400	0.020700	0.216900	0.707200	0.660800	-0.655500	-0.125000	-0.881400	-0.193100	-0.195200	0.492700	-0.550800	-0.020700	-0.360600	0.603800
4	3.952900	2.895100	0.000000	1.664300	0.447900	0.949800	6.023700	3.353800	3.910600	2.791100	0.515100	4.462100	2.531600	3.244100	3.268200	4.010600	10.328600	10.765100	8.052900	5.547300
5	0.000000	0.547200	2.487600	7.418000	6.846800	-1.785600	10.396500	3.862800	2.498500	1.052600	4.270700	7.465200	6.347500	5.646500	4.221500	3.666100	24.896800	20.889200	19.430200	45.183200
6	1.574300	0.446400	-1.974300	0.405600	0.195800	1.766300	3.196800	0.315600	1.113500	0.674000	-1.977700	-0.530200	2.049800	-0.204500	1.762700	0.917300	2.405600	4.337000	0.534400	0.000000
7	1.620300	0.000000	-0.804600	0.641200	-0.817200	1.855500	0.743700	0.069700	0.906100	0.231100	-1.694300	0.055500	0.856800	0.293100	1.505500	1.122300	-1.041200	-2.181600	-1.836200	0.463600
8	3.056500	0.750100	2.930500	0.215800	3.764900	6.206100	13.322100	0.000000	2.045800	1.333900	3.292100	7.762000	5.873200	6.667400	5.968600	4.624900	22.668100	19.719700	13.988200	11.501500
9	3.049100	1.574700	-0.981200	0.000000	-1.088400	4.225900	6.292300	1.130400	2.059500	1.428900	-0.212200	0.052400	3.396800	1.734000	4.357300	1.970000	21.320900	11.553700	6.215900	8.288400
10	1.880200	0.000000	1.841800	6.241300	6.053500	3.790300	7.577900	4.220500	1.922100	1.564600	3.131900	2.209700	5.879100	3.678600	7.031500	5.120600	27.777700	22.313800	16.557700	57.058900
11	4.926000	3.256800	1.028600	2.044000	1.779400	7.268500	4.408600	4.077900	4.774000	3.358100	1.027000	2.653100	4.298400	3.936500	4.924800	3.530900	2.274000	0.000000	-0.055900	3.328100
12	3.767100	2.041300	-1.196000	0.000000	-0.663100	5.399500	12.404300	2.276700	3.615100	2.051200	0.613700	4.883700	4.623400	3.228000	4.171100	2.402200	25.251000	15.494100	7.796300	13.580900
13	1.944600	0.000000	2.038700	0.951200	4.295300	6.496800	4.971600	-0.162800	0.958500	0.070100	-1.783200	3.010400	4.353200	1.316200	6.604600	5.904300	10.493200	9.747100	11.875100	17.085800
14	2.378400	1.095900	0.771400	0.045900	-0.547300	5.678600	1.415700	2.095200	1.761100	1.271000	0.025400	0.983200	-0.896700	0.000000	2.270700	1.650000	1.934600	1.302000	1.242000	2.674100
15	1.813900	1.069400	0.522900	0.345400	-0.059700	2.483200	-0.507700	1.017300	2.015900	1.534100	-0.064100	0.175500	1.726100	0.263400	2.715400	0.631600	0.083000	0.125300	0.016500	0.000000
16	4.185100	3.588400	0.952900	4.388000	3.004200	5.507900	2.694200	5.140200	3.877600	3.433700	1.146100	3.094900	3.797600	3.071200	3.991600	2.844300	0.566800	0.000000	-0.292800	2.003100
17	3.174600	1.852400	0.304200	0.000000	-0.115300	4.155200	4.347900	1.039800	2.391900	1.514800	-0.576200	2.526600	2.312200	1.995400	5.177100	3.285800	11.938700	12.463200	8.687000	5.830200
18	0.529200	0.367000	0.627600	1.665500	1.490500	0.099400	0.613600	0.174000	0.000000	1.563900	0.509900	0.978200	1.448200	0.838200	0.129800	-0.653700	0.872400	0.864200	0.708800	1.490200
19	1.806900	1.320000	1.401000	1.741900	1.402800	0.000000	1.569000	1.695900	1.679600	1.925100	1.273200	1.417700	0.805100	1.141200	1.170800	1.478500	1.650900	1.678700	1.625600	1.927900
20	2.005800	1.430400	1.192000	1.477400	0.995900	1.098400	1.742200	1.260200	1.641300	2.208300	1.112300	1.374200	0.000000	1.294800	0.606300	1.989300	1.012600	1.164800	1.031900	1.702500
21	1.874900	0.000000	6.002800	-0.667000	0.328500	-1.477500	3.313900	0.754100	1.396300	0.686100	3.364000	4.058100	10.111300	8.229000	5.939200	2.904900	16.961600	8.216400	8.752000	11.359100
22	1.340200	0.000000	-0.643600	0.548900	1.650300	6.697600	-0.650400	1.813700	0.378100	0.295700	-0.930000	-0.754000	-0.035700	0.378200	0.593000	2.428600	6.191100	4.517200	4.511500	10.209000
23	0.572400	0.220900	-0.144200	0.553000	0.368000	2.784900	-0.094800	-0.211400	0.000000	0.099600	-0.010200	-0.149500	-0.187500	-0.237100	0.308700	0.257100	0.157200	-0.103600	-0.291300	0.382800
24	2.787100	3.359300	2.564000	4.306500	4.011700	3.404000	3.051000	4.086000	3.137500	3.566300	1.734400	3.086800	3.567100	2.989800	3.523200	3.926900	0.000000	3.163900	3.072200	3.912000
25	2.177000	0.000000	-0.717100	-1.365400	-1.091400	7.169600	8.027500	-0.166600	1.059200	1.223500	-1.275100	3.272600	0.930600	1.310000	2.610600	2.839100	6.676600	9.744000	8.653900	6.079400
26	0.874000	-0.251500	2.468900	0.887700	0.394000	1.533500	-0.131300	0.407800	0.096000	-0.049100	-1.310600	-0.298300	0.202600	0.000000	2.888600	1.670000	9.811100	6.409600	6.795200	3.461600
27	0.000000	-0.669800	-0.785500	-0.331300	-0.659900	2.990400	-1.002500	-0.288300	-0.611300	0.052400	-1.307600	-0.905800	-0.483400	-1.005900	0.057700	-0.574600	-1.085600	-0.821800	-0.888600	-0.674400
28	2.496200	1.777100	-0.255300	0.892000	0.000000	3.811800	1.197100	1.266400	2.032400	1.962300	-1.346800	0.789700	2.601000	1.544800	3.594700	1.733400	2.035200	0.736300	0.276400	1.823400
29	3.353200	3.290500	0.000000	2.710100	2.053100	7.361400	5.057700	3.661200	3.284000	2.686800	0.309100	3.670100	4.411200	2.410000	4.794700	3.245100	7.943200	5.907800	1.770000	4.773000
30	0.000000	2.491700	2.223400	3.508100	4.629600	6.958400	0.906000	3.108300	2.415400	2.445700	2.036500	0.395800	2.602500	1.701100	2.754500	1.298900	1.708600	2.211600	1.625000	1.367600
31	1.059900	0.385700	-0.219900	-0.347300	-1.027700	5.976300	-0.221800	-1.193100	0.000000	-0.119100	-1.491200	-0.103300	0.397000	-0.087800	-1.026700	-0.140400	0.488200	0.294700	0.235900	-0.153600
32	-0.312600	-0.033800	-0.584800	-0.065300	-0.195800	-0.677300	-0.603700	-0.080900	0.000000	-0.103100	-0.585400	-0.614300	-0.200200	-0.316100	-0.237400	-0.399100	-0.832500	-0.782600	-0.846400	-0.109400
33	0.141400	0.070600	0.251700	0.560000	0.385900	0.733700	0.140400	0.384800	0.000000	0.632300	-0.091000	0.068600	-0.285400	0.122600	-0.713900	-0.166400	0.617000	0.280600	0.239700	0.254900
34	0.176200	0.267300	0.091200	0.587900	0.405300	-0.518600	0.214500	0.524500	0.000000	0.168200	0.296100	0.160900	-0.626500	-0.287200	0.130100	0.136000	0.172900	0.205800	0.156000	0.489400
35	0.493600	-0.409100	-0.150300	-0.070000	0.000100	1.028300	-0.981700	1.131600	0.000000	-0.830700	-1.012400	-0.905200	-0.143300	-0.753300	-0.564800	-0.461500	-0.316400	-1.152300	-0.935200	-0.472600
36	4.063800	2.794700	2.275200	1.620100	2.251100	3.083600	4.136700	2.779300	3.601500	3.004300	0.538000	3.176100	4.951800	3.350600	4.838200	3.265900	-0.021500	0.000000	-0.772300	2.247700
37	4.834200	3.731400	0.000000	2.007400	0.882000	8.119300	2.674800	2.698900	3.712200	3.751300	-0.084900	1.821600	3.635900	2.831600	4.380100	2.931900	1.608000	-0.262800	-0.802500	2.530300
38	1.716700	0.000000	9.408700	2.758600	4.265900	0.682000	17.229000	1.935200	0.834400	2.904900	8.499200	13.305200	15.148900	14.316200	9.767600	8.869700	26.344400	28.600500	25.547800	21.892300
39	0.416800	-0.441800	-0.659900	-0.150600	-0.640800	5.387900	-0.470700	0.136800	0.000000	0.097200	-0.782500	-1.087700	-0.701700	-0.518700	-0.342200	-0.334600	-0.282800	-0.614000	-0.431100	0.110200
40	2.949200	2.507900	1.677900	1.068300	0.000000	4.345900	3.147500	2.906500	2.907200	1.632100	1.752100	2.280700	2.690200	2.922200	2.766900	2.415500	2.977400	0.318300	1.114000	2.742000
41	1.559900	0.000000	2.722300	1.411000	3.467400	3.058200	6.728600	2.909200	0.527000	1.259500	2.654600	3.290000	7.509700	8.565400	4.816800	4.051200	20.561200	14.035400	12.301300	31.485000
42	0.387300	-0.081600	-1.640300	-0.620700	-0.966100	-0.042100	-0.229600	-0.515600	0.000000	-0.226700	-1.528900	-0.802700	-0.285000	-0.542600	0.429200	0.137500	-1.261000	-0.670900	-0.651700	0.613500
43	3.522700	3.169300	3.170100	2.910400	2.832100	6.305100	3.786200	2.001500	2.578000	3.399200	1.876500	3.428900	3.622300	3.364200	2.994900	2.142300	0.000000	2.053500	1.631100	3.992100
44	1.897200	0.000000	5.163600	1.253700	4.502800	-2.306000	14.185500	4.474400	2.435500	1.257300	6.329000	7.983700	7.042800	6.844900	5.692600	5.783700	27.148900	28.893800	22.535600	23.513300
45	0.876200	0.001500	0.007900	1.266900	0.961800	1.276500	0.855400	1.156600	-0.016700	1.008200	-0.283600	0.520300	0.365200	0.334300	0.000000	0.573900	0.962900	-1.422400	-1.196600	1.690000
46	1.174800	0.400600	0.308400	0.669700	0.332700	0.844300	0.333600	0.410500	0.536700	1.007000	-0.233800	0.207600	0.000000	-0.201900	0.652900	0.796100	-0.130300	0.301500	0.284400	0.935300
47	3.753400	2.316600	0.681600	3.711700	3.444000	9.385700	2.370000	3.738200	2.791400	2.842700	0.533700	1.984400	2.777900	2.452600	3.493000	3.129900	1.540000	0.000000	0.555500	2.851500
48	0.765400	0.583600	-0.250500	0.639300	0.254900	2.920500	0.000000	0.428300	0.571200	0.619600	-0.174100	-0.259600	2.043300	0.621100	2.560800	1.848000	4.361300	2.888000	2.631200	4.894100
49	0.601000	0.380900	0.000000	1.844800	1.512100	3.128200	0.156800	0.340700	-0.167100	0.620200	0.127100	0.055300	0.338100	-0.066000	0.930300	0.350400	0.795000	0.721900	0.475800	0.795100
50	1.377200	1.203400	0.327600	1.527000	0.974800	7.041400	0.415700	0.000000	0.084600	0.983700	0.590600	0.552000	1.247900	0.480800	0.871600	1.271600	0.357700	0.378800	0.202400	0.935400
51	-0.034300	-0.226600	-0.076300	-0.043800	-0.081600	-1.333800	-0.087200	-0.084400	0.000000	0.129300	-0.095500	-0.211400	-0.296400	-0.130400	-0.296400	0.055800	-0.098400	-0.417700	-0.523000	0.110500
52	0.466900	0.000000	-0.172600	0.363100	0.090100	-0.306900	-0.183400	0.143600	0.088200	0.443600	-0.253500	0.006700	-0.521500	-0.139100	-0.931200	-0.005000	0.103000	0.155400	-0.388000	0.210200
53	0.000000	4.556700	20.561600	17.898400	24.223900	7.564700	17.933800	13.644700	7.894800	10.646800	17.181600	17.272900	20.844100	14.461200	17.460300	16.576400	33.668400	21.334200	26.260000	43.887100
54	0.078900	-0.164800	0.084500	0.238800	0.010100	2.509200	-0.232500	-0.105600	-0.288200	0.405500	0.195500	0.000000	-0.631000	-0.201500	-0.331800	-0.050400	0.017800	0.173300	0.108700	0.576100
55	1.832400	1.509100	1.183400	1.532400	1.565800	1.793700	1.460400	1.631100	1.623500	1.849700	1.235500	1.256000	0.894700	1.354200	0.820500	1.845100	0.000000	0.465100	1.103900	1.739500
56	1.442400	-0.108100	1.109700	-1.341200	0.525200	7.859300	11.833000	1.607100	0.000000	-0.434400	0.727100	4.775400	3.036400	4.215500	2.490500	1.111700	26.602500	18.339000	11.514900	1.844600
57	0.889600	0.000000	-0.606100	-0.089500	-0.435400	1.106300	-0.409700	-0.222900	0.340900	0.540500	-0.676900	-0.079400	-0.228200	-0.346100	-0.795300	-0.119200	-0.363600	-0.313300	-0.426000	0.446200
58	0.073400	-0.382400	-0.551300	-0.070800	0.301500	-0.996400	-0.597600	0.515200	0.000000	0.046600	-0.805900	-0.761300	-0.529000	-0.567100	0.259800	-0.626700	-0.310800	-0.353900	-0.405900	0.033200
59	3.484500	2.469800	0.000000	2.963100	2.323600	3.878600	3.029400	2.266700	2.645600	2.132200	-0.349100	2.316800	1.757800	1.870100	4.141700	2.075600	2.111700	0.665500	0.289700	2.574600
60	2.203200	2.084800	0.215400	2.478700	2.920500	2.431400	2.209500	2.237600	0.902900	1.581300	-0.389800	2.189200	4.367800	1.590300	4.810700	0.835400	10.320200	3.775800	0.344600	0.000000
61	1.001000	0.783400	0.852000	3.344700	3.815000	2.681200	-1.810700	4.612200	1.248700	0.873000	0.262300	0.537000	2.239300	1.051000	3.560200	0.779100	0.036700	0.444800	0.000000	0.932600
62	5.457900	3.864900	0.001000	1.203400	0.000000	5.251500	2.579100	2.357000	4.187500	2.965100	-0.150400	2.518200	6.685700	3.438100	5.635700	3.079300	17.376000	16.293800	12.953200	12.946400
63	0.161300	-0.507400	-1.545200	0.100800	-0.378700	-2.065600	-2.026000	0.286500	0.047000	-0.090500	-2.149700	-1.519200	-0.276300	-0.591900	0.000000	-0.808100	-1.572400	-1.864800	-2.382300	-1.027500
64	1.697100	0.000000	1.415800	0.413300	1.823700	2.235200	6.700100	2.570500	1.443700	0.867700	3.287600	2.185900	9.595900	7.988800	8.233200	3.622700	16.217900	12.132000	9.281100	4.428500
65	-0.307300	-0.978200	-1.598600	-0.155400	-0.718600	1.364700	-2.770700	-0.119400	-0.869500	-0.790900	-1.738800	-3.312300	0.000000	-1.747200	-0.514500	-1.536500	-1.204300	-1.591800	-2.126700	-2.152300
66	-2.197560	-1.805880	1.728700	0.179400	2.354200	0.018300	3.029000	1.000800	-1.333980	-2.005490	0.087300	7.322500	3.890700	6.868100	0.000000	-2.191620	20.596800	7.183700	2.158200	22.869700
67	1.579200	0.514800	0.523700	1.447900	1.003600	4.084700	-0.901100	1.020300	0.564000	0.695100	0.667000	-0.455500	0.878900	0.172400	1.023700	0.000000	0.629900	0.556900	0.451200	-0.537200
68	3.121390	1.776890	-0.295100	0.897000	-0.021290	0.000000	2.224090	3.115690	1.996790	2.424990	-0.292080	3.761890	5.070490	1.743090	7.709690	3.988190	17.655090	14.266090	9.583890	8.089590
69	1.411400	2.865300	5.606200	5.008900	5.592500	0.000000	3.709600	3.989500	3.459600	3.384300	3.774000	3.403700	4.244600	4.060300	4.160500	3.723000	4.242800	3.638300	3.814100	4.364100
70	0.061300	-0.441700	-0.487300	-0.107100	-0.545500	0.453900	-0.990000	0.000000	-0.518700	0.094600	-0.673600	-1.068200	-0.239400	-0.263800	0.013300	0.006400	-0.525800	-0.507700	-0.581800	-0.040900
71	1.924900	0.650600	0.132700	0.384600	0.014300	5.089700	-0.143800	0.309300	0.647300	0.434000	-0.057400	-0.052100	-0.001100	0.138400	-0.411200	0.000000	0.740500	-0.304900	-0.453600	0.521100
72	6.144940	5.618840	5.177140	5.332440	7.164240	6.508540	7.968340	7.109640	6.695640	0.000000	7.392340	7.227940	9.952740	8.693440	9.079140	7.018240	10.283240	8.940340	8.799640	9.098740
73	1.154600	1.476400	1.906600	2.405000	2.198900	5.296300	1.265000	2.442500	0.253700	2.066200	2.021900	1.136200	2.258700	1.706600	2.379300	0.000000	1.806600	1.077900	0.834000	1.910500
74	3.511300	1.950100	-1.425400	0.000000	-0.268800	3.118000	4.376800	2.026900	3.083600	1.169400	-1.141900	2.397300	5.168800	2.172000	6.187500	2.374100	5.838400	1.247100	0.162100	1.779100
75	1.604600	1.223600	0.168100	0.077100	-0.313300	5.937200	-0.424500	0.107500	0.660800	0.576200	-0.147800	-0.094400	0.296100	0.698400	0.000000	-0.557800	1.204900	-0.173100	0.050000	0.107600
76	3.548900	2.495700	0.611300	2.120000	1.476500	0.815300	1.940100	1.884300	2.898000	2.195800	0.133200	1.631700	3.201800	2.415800	3.870200	3.144200	0.830200	0.000000	-0.678300	2.055100
77	0.494400	0.237100	-0.268200	0.378700	0.076200	-0.932500	-0.489000	-0.069500	0.292500	0.532400	-0.502600	-0.319100	0.000000	0.045300	0.509400	0.324100	-0.376800	-0.236300	-0.264000	0.363700
78	5.310100	4.826400	4.523200	5.263600	4.996900	4.676200	0.000000	5.382900	5.468500	5.477300	4.454400	3.757000	6.387400	4.608400	6.850100	4.662500	5.325600	4.973900	5.019500	4.464200
79	1.522500	0.095900	3.832800	0.782600	2.937600	5.594400	6.111100	4.065400	0.465600	0.365800	4.730500	8.686500	6.448800	6.972200	0.000000	2.018200	12.394800	3.384400	5.452000	3.866900
80	2.307100	2.526800	8.185000	5.072200	5.002500	4.111400	1.894200	5.635800	4.416700	0.000000	2.576800	2.445800	5.566200	3.957400	6.504300	2.983800	8.998800	2.913900	4.011600	3.697500
81	0.000000	2.899200	3.284200	4.483700	4.174400	8.412800	1.291300	3.924000	2.708300	2.918700	3.173200	1.503600	3.612800	2.962300	3.423400	2.977800	3.332600	3.130500	3.104800	2.337400
82	0.021400	-0.230200	-0.170000	-0.099000	-0.067800	-0.934900	-0.586800	-0.092900	0.000000	0.023600	-0.158800	-0.470600	-0.335400	-0.202000	-0.202400	-0.053700	0.007600	-0.113000	-0.124300	0.053100
83	-0.300700	-0.048500	-0.223600	-0.055100	0.197500	0.248100	-0.656300	0.024900	0.000000	-0.204900	-0.130400	-0.999200	-0.325300	-0.609500	-0.696200	-0.412800	-0.371500	-0.382300	-0.531200	-0.118700
84	0.000000	2.528200	2.088500	4.783200	4.415000	4.964900	1.989000	4.908700	2.120200	2.580500	1.437300	2.373700	2.831000	2.796000	2.668700	2.399700	1.836800	2.088900	1.965300	2.659000
85	3.430800	3.512200	9.611000	5.895300	5.772700	5.279000	5.358100	5.016800	3.485900	0.000000	4.557800	6.836200	6.818200	8.182000	2.547600	5.660800	21.613300	12.900300	13.206500	9.605700
86	1.182900	-0.270100	0.042700	0.288000	-1.597400	2.570900	5.665500	1.302600	0.000000	-0.487000	-1.045700	-0.310700	6.121600	-0.902200	3.700000	0.030800	21.857800	2.204000	10.210200	25.968500
87	4.154000	2.969800	-0.163300	0.924900	0.000000	0.377300	3.133300	2.791500	4.459900	3.448000	-0.161900	3.223800	4.671700	2.418400	4.558900	3.182700	9.710400	9.596800	6.750700	11.485800
88	1.343400	0.319400	0.075100	1.770600	1.631600	3.699600	-0.018000	0.656700	0.000000	1.177500	-0.090800	0.387700	0.068000	-0.218200	0.226800	0.787000	-0.313000	0.330000	0.233200	1.196700
89	1.887100	0.000000	5.937300	2.768700	3.514800	4.980900	7.694000	3.290300	0.469400	1.624600	3.605700	6.769700	6.543400	5.872900	9.291700	4.754900	18.037500	31.346400	24.864700	35.000300
90	5.626000	4.205200	0.269200	1.904300	0.000000	5.379600	7.876500	2.973300	4.473900	3.978600	0.540800	5.318900	5.297100	4.275300	5.802800	3.681600	5.157400	8.579600	3.978200	3.868400
91	1.423800	0.000000	-0.139300	0.597400	1.687600	2.721200	0.987700	1.079700	0.495800	1.349200	0.022200	0.515900	0.788200	1.050400	2.216600	2.204400	2.963100	3.024600	4.140200	3.985000
92	1.086400	-0.044600	-0.304800	0.767500	0.172300	4.176400	0.330800	1.206300	1.293000	1.399400	-0.262500	0.298000	-0.097200	0.211100	-0.020800	0.000000	-0.824200	0.071700	0.002700	0.425600
93	5.141800	3.696400	1.797400	2.409400	1.661200	5.342300	4.154400	3.451400	3.940800	2.780000	1.393800	3.623000	3.879100	3.832000	3.349200	3.518000	1.116400	0.000000	-0.612600	3.052900
94	3.619900	1.721700	-0.270500	0.485100	1.499700	6.462600	1.372500	0.000000	2.280800	1.586200	-0.867700	1.007300	2.830300	1.609400	3.890400	2.368600	5.988000	4.989100	4.520700	8.386900
95	0.545800	0.521800	0.126700	0.861600	0.483800	3.170600	-0.188800	1.008300	0.324100	0.964200	-0.375800	0.239800	0.306200	0.000000	0.850100	0.358600	-0.029300	0.051500	-0.259600	0.486200
96	1.500500	0.278300	-0.342800	1.695800	1.609800	2.081000	0.000000	0.722700	0.357900	0.625200	-0.573500	-0.448800	0.698700	0.736700	1.808800	0.902300	0.192800	0.069100	-0.057600	0.825700
97	3.522300	2.130300	-1.545300	0.000000	-1.082500	5.944800	4.650300	1.406200	2.506100	1.866200	-1.820600	2.112300	3.727900	3.661800	4.268900	2.910100	9.762700	6.649400	2.770900	32.927600
98	-0.127800	-0.073100	-1.612500	0.047600	-0.829900	1.296100	-1.462400	-0.137600	0.000000	-0.750300	-2.147800	-1.179800	-0.351400	-1.356500	-0.152600	-0.880000	-0.730600	-0.649100	-0.727200	-0.071200
99	1.990300	1.160900	0.380000	1.416000	1.035000	10.284700	0.794000	0.224000	0.749200	0.807100	0.168200	0.663900	0.983600	0.959600	0.000000	0.394400	0.694000	0.230200	-0.033100	1.557700
100	-0.109700	-0.059100	-0.124300	0.030500	0.091200	-1.024200	-0.241800	0.049300	0.000000	0.101000	-0.095400	-0.148200	-0.001200	-0.082500	0.053300	0.022400	0.100800	-0.028300	-0.038800	0.237900
101	0.914100	0.301800	0.622000	0.978600	0.673400	0.788000	-0.449100	0.074900	0.000000	0.765000	0.957500	0.110500	0.664800	0.417500	0.817900	0.692400	0.915600	0.925200	0.898400	0.637700
102	1.757300	0.737500	0.000000	3.429800	3.422900	1.989600	-0.404000	2.111200	1.844800	1.259800	0.307400	0.017400	1.539900	1.006200	2.407200	1.772400	1.731800	1.039100	0.589800	1.374900
103	0.565500	1.021000	1.951300	2.130500	2.132800	0.338300	1.652300	1.145600	0.000000	2.113100	1.989800	1.719000	0.467000	1.813200	-1.377400	0.222000	2.159400	1.741100	1.515700	1.412900
104	0.234800	-0.195300	-1.028200	-0.006700	-0.289900	-0.744900	-2.005000	-0.319100	0.000000	0.217200	-1.324500	-2.269700	-0.865200	-0.669600	-0.088100	0.318500	-0.928100	-0.714500	-0.992200	-0.698100
105	1.385600	1.284700	1.118300	1.624400	1.240700	0.972500	0.679000	1.756800	1.145700	1.444300	0.827700	0.876600	0.000000	0.851300	0.492600	1.350100	1.451400	1.240700	1.182800	1.578000
106	0.868000	-0.186400	-0.885800	-0.845300	-0.922700	2.724300	0.115500	-1.123500	-0.167000	-0.019600	-1.368200	-0.514900	-0.968700	-0.493500	-1.220400	0.000000	-0.015200	-0.174100	-0.394800	-0.502500
107	1.140100	-0.160100	-1.049000	-0.449300	-1.131500	2.771700	-1.166100	1.028600	0.187600	0.271600	-0.788100	-0.388200	0.512800	-0.324500	1.956400	1.070400	-1.160800	2.520400	0.968900	0.000000
108	0.906700	0.000000	-1.140600	-0.076300	-0.209400	3.191300	-0.892500	-0.655600	0.259300	0.250300	-0.973300	-0.628200	0.688300	-0.683700	0.770800	0.078800	2.170500	1.317800	0.719500	2.268800
109	1.446600	0.453500	-1.141200	-0.086800	-0.838700	3.857400	0.122200	0.287000	0.897400	0.884800	-0.988500	-0.110500	0.000000	0.218300	0.950400	0.385800	-0.618600	-0.452200	-0.403300	0.063000
110	1.829500	0.000000	5.331400	4.232800	5.152800	2.541000	14.121300	2.493200	1.744200	2.232400	1.293900	3.043800	7.209500	7.936900	5.188300	4.773800	14.351600	8.595900	9.908700	15.106200
111	5.357900	3.751500	0.000000	2.876800	1.705600	10.288300	3.260400	3.876200	4.298300	3.862800	-0.154600	3.197500	4.230300	2.485400	5.125300	4.223800	2.401200	4.196600	1.443500	2.788500
112	2.486900	0.791900	-1.843500	0.185800	-0.452800	3.284100	0.000000	0.865200	1.195100	0.696500	-1.872300	-0.476100	1.317200	0.400400	2.755400	1.071200	0.884600	3.155400	2.654700	2.731800
113	5.772900	3.823700	2.398800	3.887200	3.436700	6.999900	4.639900	4.263000	4.373400	3.852300	0.847300	3.299400	3.027400	3.446100	4.731900	3.798700	4.118700	2.343400	0.000000	3.077900
114	5.172500	3.558800	0.000000	1.688400	0.410800	6.119500	3.865300	3.466000	3.837000	3.548700	-0.040100	4.009400	4.405900	3.332000	5.429000	3.649700	7.912200	9.927800	8.280200	7.062700
115	4.088900	2.196100	-0.090500	0.000000	-1.233900	4.870200	2.873700	1.212300	2.742900	1.852200	-1.418900	3.191900	3.424000	1.647900	4.075100	1.719400	6.449200	1.813600	-1.196700	3.506900
116	2.486100	1.127500	0.438700	0.724400	2.226300	5.412200	7.775400	0.691900	1.937100	1.698100	0.023300	1.482300	4.249600	3.707900	5.010200	1.154500	8.342200	5.602700	1.609900	0.000000
117	5.518900	3.987500	1.096300	2.672900	1.725300	6.362700	5.722900	4.236100	4.947200	4.195100	0.771900	4.572700	5.105600	4.619100	6.133400	3.795700	7.052300	0.986100	0.000000	3.133200
118	5.609300	4.085300	-0.030500	1.513500	0.000000	4.872400	6.952700	2.932200	5.015000	3.788500	0.176500	4.029100	5.182700	3.588900	5.844600	4.412000	7.771100	6.968100	3.064200	5.181900
119	0.000000	-1.119100	5.656700	0.821700	6.017800	2.056400	10.163200	0.483700	0.136300	1.543100	3.985800	4.207300	7.863200	7.281800	5.896400	1.311300	20.169700	10.318500	8.984500	27.291600
120	3.014600	1.642900	3.106000	2.894900	3.602700	3.913000	3.769000	2.850900	2.534800	2.181100	1.715200	1.869500	-0.415200	2.880400	0.000000	3.540500	11.297000	6.399600	4.617900	3.423500
121	3.552300	2.477300	0.452000	1.994400	1.079300	4.733200	3.705600	2.639100	2.454700	2.161100	0.000000	1.837100	4.772700	2.036400	5.732400	2.733900	15.698000	7.990100	3.655100	1.989000
122	2.273700	1.294400	-1.226200	1.383200	3.026900	1.042700	4.388800	0.000000	1.062100	0.855800	0.387500	1.413200	2.243600	0.271500	2.927200	1.672600	17.305500	10.130600	6.480100	3.283600
123	3.977700	2.815800	0.672800	5.871000	4.918100	9.100900	8.997400	2.264300	4.556400	2.112600	0.748200	3.681800	4.342700	0.000000	5.151800	2.720300	23.974400	7.250500	3.840400	4.794100
124	5.149280	3.573480	5.707280	3.426680	2.940780	0.000000	10.885680	5.010080	3.956580	4.192680	5.493780	7.442280	6.385780	5.235980	8.580580	5.522380	20.367880	14.002180	9.800180	9.992780
125	4.099190	3.089590	0.000000	4.296290	3.883790	4.312790	4.075690	3.113590	4.186490	2.784690	0.754350	2.565290	3.813090	3.194690	6.312290	2.413490	3.871290	2.386590	1.147490	4.916990
126	2.881600	2.126700	0.391300	3.128600	2.885700	3.073500	-0.927700	3.430900	1.997800	2.018300	0.618500	0.264500	3.849600	2.641000	5.259000	1.801300	4.106300	0.495000	-0.325300	0.000000
127	-2.593100	-3.247380	-4.664030	-5.188730	-5.741600	1.908600	-2.953900	-4.252690	-2.817600	-4.698640	-4.974710	-2.568300	0.584600	-2.221400	0.000000	-4.135600	10.485700	7.685100	1.214800	-1.579500
128	-1.767990	-2.632200	-5.843260	-4.008940	-4.785350	4.429170	-2.130580	-2.709920	-2.246130	-3.084570	-6.210260	-3.459390	0.000000	-4.622550	-0.313890	-2.838540	0.976870	0.424120	-1.725290	-0.921680
129	0.834500	0.000000	-0.284400	0.568600	0.279600	4.268400	-2.678800	1.129700	0.947000	0.545000	-0.410900	-0.485900	1.100500	-0.002900	1.606400	0.749900	0.155600	0.312600	0.314900	0.758500
130	2.693300	1.782900	0.330900	4.843800	5.174100	1.205700	0.739700	2.745500	2.692200	1.694100	0.445900	0.976200	2.224900	1.581500	3.514900	1.935200	2.066800	0.000000	-0.406900	1.690500
131	0.591900	0.000000	-0.566300	4.406000	5.143200	2.671400	-0.878700	2.805200	0.140000	-1.122600	-1.446400	-1.763600	-0.227800	-0.796500	0.593200	-0.133700	-1.057400	-0.559500	-1.540600	-1.545400
132	-0.754300	-0.538900	-0.758300	0.000000	-0.219700	2.860300	-0.869900	0.546500	-0.047400	-0.701900	-0.356000	-1.483800	-1.045700	-0.979500	-0.777500	-1.080900	-0.123100	-0.752700	-0.851900	-0.223500
133	0.000000	2.057700	0.501800	4.618600	5.749800	3.829300	-0.424300	4.909400	1.762000	1.405400	0.585600	0.000200	3.361100	0.116900	5.116100	0.131500	5.396500	4.106900	3.205500	2.867400
134	0.000000	3.709900	5.963200	11.355000	10.238300	9.380000	10.035100	10.132900	5.631600	5.340500	5.175800	7.936900	11.048000	6.776300	10.403600	6.636600	14.595200	13.495000	11.103500	10.016200
135	1.152200	-0.077800	-0.914000	0.058500	-0.534900	4.327400	-0.856300	0.232500	0.471500	0.411700	-1.060800	-0.465800	-0.447400	-0.631400	0.652400	0.000000	-0.233500	-0.315200	-0.638300	0.392400
136	1.087500	0.805100	-0.338500	1.496600	1.106600	3.573100	0.165300	2.108500	0.857500	0.870900	-0.281800	0.000000	0.357600	0.312100	0.582900	0.609000	0.264900	-0.066600	-0.107600	0.642800
137	3.913800	3.090400	1.181000	1.097600	0.000000	3.727900	3.571200	2.251200	3.636900	2.843800	0.418200	3.773200	3.220300	3.746100	3.586000	3.434000	1.981400	1.619800	1.213600	4.669000
138	-0.045200	-0.606700	-0.870300	-0.351800	-0.659300	-1.528300	-1.028000	-0.312900	-0.264100	-0.140900	-0.894100	-0.874600	-0.816300	-0.293300	-0.196400	0.000000	-0.603200	-0.908900	-0.991500	-0.215600
139	4.095300	3.021900	2.071200	0.000000	-0.082400	7.464500	6.855000	2.301000	2.935800	2.332400	3.794000	5.012700	6.198900	4.940500	6.772300	3.279700	11.627600	8.677000	9.137800	5.884500
140	1.229000	0.688800	-0.743400	-0.247500	-0.733600	0.868700	-0.659200	0.000000	0.323900	0.288800	-0.365400	-0.355800	0.590100	0.213700	1.342900	0.613400	0.840200	0.108800	0.031100	0.603300
141	6.487600	5.114900	3.031700	3.036000	4.115200	5.833900	3.026000	3.914900	4.225500	4.104000	2.482000	3.830000	9.923500	4.653900	9.310100	4.637000	3.382300	2.062800	0.000000	2.603800
142	-2.312300	-0.379300	-0.214100	-0.351400	2.751600	8.016700	0.012100	-0.004400	-0.416500	-1.133000	0.356000	-0.007500	0.485300	-0.433500	0.000000	-2.173400	1.572400	0.193700	-0.238900	1.224500
143	0.000000	2.879800	3.181600	4.590800	4.263600	6.632100	2.352700	4.322900	3.418900	2.970600	2.972300	2.704900	3.641700	2.946900	3.741200	2.960600	3.089500	3.204000	3.177500	3.289800
144	0.168800	-0.011100	-0.245000	0.763200	0.407500	3.466300	-0.555100	0.691700	-0.441900	0.323000	-0.232500	-0.280500	0.446900	-0.625200	0.859600	-0.684800	-0.039800	0.000000	-0.111100	-0.190700
145	0.287700	0.247200	-0.356000	0.034800	-0.385700	1.223000	-0.564100	0.014500	0.323200	0.353700	-0.335400	-0.760300	0.116600	-0.052200	-0.020800	-0.528000	-0.336700	-0.082400	-0.203700	0.000000
146	-1.318100	-1.138900	-3.271100	-2.787600	-1.549400	0.870900	-1.862900	-0.666800	-1.016900	-0.767200	-3.258600	-1.797800	-0.761000	-1.836600	0.000000	-1.981600	-2.809300	-3.561900	-4.310700	-2.355900
147	0.648600	0.106600	-0.381000	-0.513700	-0.493200	1.029100	-0.773300	0.711200	-0.138600	-0.147000	-0.508300	-0.804800	0.114900	-0.000100	-0.070200	0.000000	-0.164200	-0.452200	-0.512100	0.486100
148	4.859900	3.826400	0.000000	3.157100	1.476700	6.910900	5.118000	2.975400	3.490200	4.051700	0.552200	3.885600	5.626100	4.010000	5.450500	4.243900	13.524400	13.082700	4.389300	5.294400
149	1.918500	0.991100	0.072800	2.777400	1.920600	4.844300	0.386700	2.661300	1.982200	1.790500	-0.370400	0.512800	1.542300	1.492100	3.233800	1.542900	0.990900	-0.688000	-0.523900	0.000000
150	0.122400	-0.775400	-1.433900	0.383800	-0.736200	-0.333300	-1.189200	-0.355500	0.000000	0.006200	-1.497400	-1.301700	-1.546700	-1.020800	-0.911100	-0.133200	-0.557600	-0.937100	-1.065700	-0.007400
151	-0.744500	-2.986100	-5.018000	-2.694200	-3.294700	-1.260600	3.671500	-2.708200	-2.326300	-2.307600	-4.249300	1.487700	0.518100	-0.674900	0.000000	-1.213300	11.634000	16.716800	8.704600	26.234000
152	8.243500	6.767900	3.364400	5.115800	4.883600	10.069400	4.746000	6.339400	7.870100	6.850900	3.360400	5.580000	8.417100	6.816200	9.149900	6.456400	0.000000	2.890200	1.974700	4.892400
153	2.080020	1.129120	1.426720	2.619120	2.752320	7.838920	2.325820	3.255720	2.302320	1.581120	1.116220	2.148020	0.457320	1.527620	0.000000	1.300420	10.108020	17.614920	10.430520	13.788520
154	0.596200	0.354200	-1.002500	-0.908400	-0.762600	4.886200	-0.564300	0.000000	0.580900	0.578500	-1.066700	-0.478400	-0.632500	0.031500	0.278100	-0.661200	0.126300	-0.733100	-1.105400	-0.599000
155	0.808200	0.130800	-0.390700	0.891300	0.674800	1.364700	-0.008100	0.482200	0.865500	0.875300	-0.593800	0.265100	1.688200	0.163500	2.259600	0.116900	0.213000	0.000000	-1.541900	-0.162300
156	4.330500	2.713100	2.889700	1.708800	1.418000	9.689000	4.857900	4.997400	2.349800	2.708200	0.000000	2.211000	7.048400	2.478500	8.776100	4.165200	14.644000	16.029100	11.141200	6.052100
157	4.173100	2.852000	1.320000	2.338500	1.563600	0.000000	9.287000	2.223200	3.287800	2.655600	1.360900	5.389300	5.164600	3.821700	5.809200	4.181000	25.179800	16.463600	13.427700	10.016500
158	0.704900	0.411300	-1.320400	0.432500	-0.255100	3.147000	-0.034100	0.711300	0.839800	0.772100	-1.409200	-0.322100	0.519400	0.000000	2.061600	0.654100	0.793700	0.879400	0.833300	1.592500
159	1.917700	0.452800	-0.464600	0.376400	0.103400	6.549400	0.009300	0.984900	1.621600	0.896700	-0.747200	0.000000	1.784700	-0.442200	2.324300	0.298600	3.820500	-1.251200	-0.345800	-0.030600
160	3.291400	1.753000	0.000000	3.604600	3.265100	8.175600	1.238000	2.668700	2.450100	2.532100	-0.127700	0.870100	3.194200	1.508000	4.148600	2.116500	1.856400	0.144200	0.407300	1.069800
161	3.577900	2.201400	-0.491200	0.656900	0.000000	4.112600	0.776800	2.350800	3.183000	1.796900	-0.191500	0.419400	3.221500	1.635100	4.470200	1.594400	11.715400	16.179800	9.613900	13.062900
162	0.000000	3.779700	3.913800	5.480000	5.211200	9.283700	1.863700	5.370500	3.972400	3.885200	3.709100	1.560300	5.159400	3.529500	5.523400	3.900200	3.902000	3.933600	3.985000	2.243000
163	0.000000	3.244500	4.328700	6.652200	7.413200	7.593100	4.335100	6.438400	3.941100	4.045200	4.365700	4.032300	4.127800	4.115300	4.231400	3.419200	5.324900	6.245800	4.747100	5.436000
164	0.190500	-0.321300	-1.641600	-0.572400	-0.971600	0.961100	-0.744500	-0.518500	0.128100	-0.670500	-2.287600	-1.134400	-1.187700	-1.050300	-0.429000	-0.212500	0.185300	-0.163100	-0.159800	0.000000
165	-0.473300	0.000000	1.179600	1.456100	1.624600	1.154300	0.313400	-0.786300	-0.721000	0.547200	1.250300	1.044500	-1.082100	0.905400	-2.907500	-0.454900	1.461700	0.945900	0.789600	0.360400
166	2.030800	1.289000	0.000000	1.614500	1.347900	0.168900	1.247900	1.705000	1.350200	1.562400	0.265800	0.940900	0.050500	0.897700	0.447000	1.327900	1.213300	1.157200	1.227400	1.588000
167	0.176600	-0.355500	-0.287600	-0.161600	-0.197600	-1.645100	-0.589900	0.092500	0.000000	0.029000	-0.557000	-0.840000	-1.786900	-0.869200	-0.766400	0.005300	0.053600	-0.005400	-0.174800	0.374600
168	1.967800	0.625100	-0.105200	0.686600	0.565900	-0.403700	0.302900	0.845700	1.128800	1.208400	0.019700	-0.211100	-0.303200	0.599700	0.000000	0.924900	1.070700	0.412500	0.175900	0.467700
169	1.828900	0.000000	4.465100	3.754400	5.592700	1.380700	5.485000	1.608100	0.945100	1.628100	1.780900	4.494500	6.299400	7.075300	8.960200	4.779400	13.637700	20.941000	14.274900	43.953400
170	1.608400	0.306000	-0.563700	2.097300	1.293000	9.374100	0.463600	1.711800	0.559600	0.980700	-0.814000	-0.086200	0.000000	-0.121300	0.612700	-0.395900	-0.420900	-0.147800	-0.264600	-0.326900
171	0.555700	-0.143400	-0.973100	0.035200	-0.517700	2.124800	-1.005400	-0.380500	0.000000	0.118000	-0.994600	-1.115700	-0.120100	-0.282000	0.290500	-0.602700	-0.975000	-0.369400	-0.422200	0.011600
172	7.438500	6.051600	3.267400	5.776300	7.891800	10.344700	4.425100	6.316000	7.497400	6.074600	2.691100	5.723000	7.679100	5.719800	8.229100	6.957900	0.000000	4.779300	2.339000	5.124800
173	1.736600	0.000000	3.032200	3.946200	3.565800	6.394100	2.832900	0.111500	0.812800	1.046300	-0.365300	1.688500	3.015500	2.862500	3.944700	2.605900	7.972000	0.626000	7.246200	52.412100
174	0.823300	0.126500	-0.271100	0.394600	-0.207700	4.024600	0.182200	0.783500	0.169000	0.747700	0.205800	0.000000	0.130800	-0.094900	0.579800	0.664900	0.096100	0.196700	0.022700	0.784400
175	0.717400	-0.029800	-0.313600	0.271300	-0.286300	0.750200	-0.600500	0.000000	0.000200	0.545000	-0.648300	-0.660300	-0.266100	-0.297600	0.489900	0.230700	-0.805900	-0.763800	-1.006700	0.096000
176	4.233900	2.505500	0.000000	1.223600	0.237700	6.456400	5.380400	2.697900	3.331800	2.781600	0.046600	2.498600	3.821500	1.467600	5.402900	4.042500	15.895100	10.696000	3.621900	3.811700
177	2.332100	1.105600	0.394400	0.000000	0.129300	5.315400	1.315000	0.981100	1.529600	1.176900	0.039500	0.948800	2.447500	1.150400	3.079100	3.361500	3.079300	1.420900	3.984300	29.775900
178	0.490500	-0.164600	-0.750600	0.121900	-0.617300	2.980300	-0.839100	0.544600	0.460100	0.437900	-0.446200	-0.607800	0.006500	0.000000	0.531000	-0.025800	-0.739700	-0.844300	-0.747900	0.036000
179	1.455200	-0.208800	-0.528600	1.290200	0.633400	2.838500	-0.654000	1.376100	1.406200	0.744200	-0.587500	-0.081000	0.685400	0.060900	0.808200	0.000000	-0.811300	-0.350900	-0.557000	0.321800
180	3.968100	2.747500	0.108900	0.920500	0.000000	5.555800	3.724000	1.622700	2.627200	2.158700	-0.471600	2.727200	3.961400	2.162400	4.714600	3.813900	6.577300	8.485400	7.103200	12.575800
181	1.299400	0.898300	0.056700	0.751300	0.553000	7.115900	-0.026000	0.704900	0.281200	0.701800	-0.002400	0.001800	0.000000	0.232000	-0.361700	0.294500	1.292500	0.860300	0.983000	0.695600
182	0.140200	0.247900	0.019900	1.673500	1.477500	3.303100	-0.767700	0.605700	0.000000	-0.273300	0.229400	-0.938200	0.432800	0.275200	0.502400	-0.397500	-0.141700	0.024700	-0.220300	-0.217800
183	0.000000	3.646400	4.437100	9.280800	9.763600	11.736200	4.411100	8.246200	3.070700	3.610800	4.103300	4.061800	5.546300	4.898100	4.134600	4.195600	5.034900	3.857400	4.185600	4.204900
184	0.866800	0.056700	0.081200	0.608200	0.521500	-0.682200	-0.488200	0.598900	0.547100	0.151300	-0.302500	-0.432700	0.282700	-0.254900	0.467500	0.000000	0.605500	0.661900	0.617000	0.180600
185	3.401800	2.087000	-0.157100	4.646200	3.794100	3.530700	1.989700	6.162000	3.107400	2.190100	0.169200	1.684000	2.961800	2.533600	3.493900	2.504200	0.807000	0.000000	-0.657900	1.919900
186	-0.624300	-0.863800	-0.846600	0.396200	0.111500	2.405600	-1.583600	0.000000	-1.075800	-0.120500	-0.695100	-1.557000	-0.243900	-0.591400	0.371000	-0.860700	-0.375100	-0.680700	-0.770800	-1.440800
187	0.188400	0.000000	-0.037100	0.278300	0.180200	0.782400	0.501400	0.316800	0.255300	0.327400	-0.088200	-0.422200	-0.001700	-0.077400	0.173000	0.169100	0.269000	0.110100	0.020200	0.150000
188	1.360400	0.448600	-0.439200	0.727700	0.173300	1.735800	-0.325500	0.707700	0.676400	0.782100	-0.730500	-0.420600	-0.403900	0.000000	-0.582100	0.427000	0.045000	-0.292900	0.517700	0.818700
189	1.048100	0.000000	1.865400	1.824200	2.995300	5.617600	-0.034600	0.537900	0.591200	0.821000	0.574000	-0.243600	1.188300	0.738800	0.660000	1.194500	10.633500	5.743600	9.693800	31.960400
190	0.615500	0.327300	-0.361900	0.558000	0.000000	-1.379000	-0.406300	0.299800	0.331500	0.593100	-0.517000	-0.719700	-0.519500	-0.445200	0.145400	0.529900	0.199800	0.357400	0.169600	0.808700
191	0.000000	-0.685100	-1.300600	-0.410100	-0.940500	1.418600	-0.700300	-1.081000	-0.660400	-0.114200	-1.169700	-0.970200	-0.957600	-0.769500	-0.516800	-0.723600	-0.740200	-0.874100	-1.054400	-0.515100
192	5.865900	4.241700	2.203400	3.030800	2.298900	3.077200	3.418200	4.199200	5.262400	4.363700	1.396800	5.519800	5.394600	4.229900	5.574600	4.645100	0.000000	2.850900	1.936800	4.852400
193	2.601500	2.127200	0.406600	-0.001800	0.000000	2.697200	0.617200	2.062200	1.761200	1.647600	0.775700	0.332400	2.583800	1.858500	2.662000	2.024500	1.641800	1.255100	0.937800	3.427300
194	1.027900	0.575900	-0.132200	1.475200	1.352000	6.468000	0.274600	0.372200	0.192500	0.429900	0.101900	0.000000	0.288300	0.459300	0.417000	0.620800	-0.385400	0.099300	0.494400	0.943000
195	0.000000	2.543600	3.852000	5.067000	4.977700	6.734500	3.836900	5.176100	4.005700	2.740400	3.044300	3.896300	3.810200	3.730400	3.905900	2.812600	3.557700	3.824300	3.670200	4.127600
196	2.444100	0.930000	0.096900	-0.522000	0.065400	4.749100	4.521200	0.545100	1.684700	0.467500	-0.416800	4.671800	0.013800	3.798800	0.000000	2.204000	11.457600	12.010100	7.506300	9.349500
197	2.172000	1.173000	0.188000	0.745300	0.490900	3.947400	0.083000	0.501600	0.792000	0.872600	0.390200	0.086900	1.026800	0.579300	0.604100	0.000000	0.875200	-0.390600	-0.522900	0.746800
198	3.183300	1.684400	0.937600	0.593700	0.000000	0.480300	0.543900	1.971300	1.915500	1.646800	0.842200	0.483200	2.233000	1.992400	2.780600	1.935100	2.081600	1.789800	1.739800	2.171600
199	0.003600	-0.175700	-0.533800	0.104400	-0.094200	0.345400	-1.541400	0.388300	0.000000	-0.087200	-0.456700	-1.376000	-0.023600	-0.572200	0.134600	-0.571800	-0.856800	-0.758100	-0.786400	0.044900
200	0.266100	-0.005500	0.147900	0.807100	0.329300	5.232400	-0.524800	0.355500	0.341100	0.410000	0.160600	-0.696000	0.000000	0.437100	-0.773600	-0.339900	0.313900	0.179700	-0.068000	0.147400
201	4.057600	2.611700	3.716600	1.757800	1.224300	0.000000	3.595000	2.925700	3.583200	2.510400	0.961200	3.097000	2.712600	2.630900	3.556900	3.985500	8.920100	7.552600	6.652200	36.351200
202	2.884900	1.952600	0.613900	1.196900	0.000000	1.515900	1.472400	1.618600	2.514100	2.473000	0.451000	1.471700	0.441600	1.437300	0.718200	1.659800	0.946100	1.027700	0.671200	1.682800
203	-0.792300	-1.177400	-0.664000	-0.063000	-0.684500	-2.434600	-0.590100	0.000000	-0.738200	0.176900	-0.989600	-0.678200	-0.821500	-0.759900	0.140500	-0.529400	-0.826100	-0.548500	-0.540300	-0.392200
204	2.722800	0.912900	5.791100	0.800000	1.076900	4.688900	5.669100	0.000000	1.708000	1.561200	3.555600	4.577200	6.767400	4.449500	6.501400	3.322100	21.823700	25.928700	23.105700	24.663700
205	2.087000	0.000000	5.208500	2.145900	3.141600	4.157600	9.640800	2.996600	2.356300	2.447800	4.791100	14.125000	11.293100	10.145200	7.875300	5.962700	37.732000	26.816200	20.069400	31.160400
206	1.745500	0.349900	-1.298600	-0.296000	-1.080200	3.263100	-0.268400	0.000000	0.686600	0.299500	-1.563400	-0.730600	0.265700	-0.501900	2.246900	-0.188700	-0.718600	-0.406000	-0.101400	0.101500
207	1.520100	0.849600	0.648900	1.483100	0.950500	2.919100	0.000000	1.125000	1.475700	1.718700	0.657700	0.796000	1.460200	1.143600	1.319100	0.978200	0.874500	0.784200	0.744700	1.102800
208	7.647000	6.315600	4.695600	5.997800	5.285000	5.770400	5.406200	6.147900	6.729700	6.685300	4.023100	6.624000	7.282600	6.126900	8.335400	8.267600	0.000000	9.441600	5.908800	5.638000
209	2.015320	0.000000	1.619020	-1.063480	-0.953480	2.991420	4.016920	0.813820	-0.105260	-0.235050	1.177620	0.948320	7.513320	4.190220	7.182320	2.888820	17.052320	9.802620	6.263120	13.500120
210	1.018300	-0.068800	-1.294800	-0.167100	-1.037900	3.618000	-2.538500	-0.180500	0.000000	0.342800	-1.115700	-1.333400	-0.028800	-0.895500	1.062500	-0.500400	0.019600	0.026900	-0.433700	0.363900
211	1.431000	0.705900	0.506800	1.263000	0.755300	4.761200	0.808700	0.756800	0.328200	1.441500	0.475800	0.572700	0.649800	0.705000	0.000000	-0.212100	0.898300	0.587400	1.035700	1.408400
212	1.607300	0.000000	4.249800	4.637100	4.179200	3.407100	11.496700	2.745900	1.138100	1.560800	4.610800	11.760100	7.387500	5.656400	7.830400	3.504700	23.563300	17.796300	14.389400	51.968000
213	2.815040	1.165640	2.871140	1.555640	2.972240	9.754040	3.851540	2.094740	1.629040	1.354640	1.202340	3.701540	7.966040	4.800740	8.221940	0.000000	25.892640	8.087440	7.475340	6.400740
214	-0.240000	0.000000	-0.027300	0.858700	0.685800	1.994000	-1.259700	0.253700	-0.173500	0.177000	-0.116600	-0.633100	0.846400	0.060900	1.645100	0.050700	-0.125300	0.080200	0.028500	-0.479000
215	2.747200	1.190200	0.000000	0.944500	0.517200	1.530900	0.518000	1.906900	2.257300	1.544800	-0.178000	0.538100	2.174500	1.522500	3.585700	1.768300	1.165500	-0.605200	0.123900	1.063500
216	2.736550	1.458450	-0.124370	0.000000	-0.247430	5.187450	6.276450	1.152850	1.675450	2.304550	-0.189230	4.476150	7.764850	3.706150	7.581750	1.170050	8.133450	5.889050	3.637250	5.005050
217	5.281300	5.539300	8.292500	7.700300	8.645000	11.970600	5.953300	7.456700	5.928600	0.000000	6.162900	6.294500	7.538400	6.903100	10.584400	7.889800	14.578900	11.018400	9.796400	12.012600
218	0.163700	-0.075800	-0.609200	-0.538400	-0.914100	2.293900	-1.472200	0.000000	0.056500	-0.336900	-0.161000	-1.500600	-0.238300	-0.904400	-0.199400	-0.267000	-0.004400	-0.502700	-0.533200	-0.793100
219	2.086400	1.154800	-0.207500	0.000000	0.128000	4.740700	0.791900	0.690400	1.704300	0.784500	0.407700	-0.278000	1.314900	0.636500	1.672000	0.262200	1.531300	0.524000	0.435300	0.876700
220	4.732100	2.495700	0.781000	0.000000	0.407300	3.687200	7.883600	2.626100	4.776700	2.888500	-0.275100	0.694200	5.840400	4.254900	6.199900	3.825500	9.297400	7.741200	4.539600	5.819700
221	3.985260	2.650160	0.355890	0.949790	-0.053650	6.442260	3.651560	3.134760	3.148760	2.010260	0.000000	1.324740	5.047760	2.764760	6.408660	3.482960	15.495660	11.505760	7.782660	32.621060
222	3.053700	2.512000	2.453300	3.534200	3.116700	0.000000	1.532700	3.738600	3.080600	3.182500	2.253000	2.540000	2.414900	2.972500	3.455600	2.699500	4.233600	4.089500	2.533900	3.274400
223	0.972500	0.676900	0.274400	0.536300	0.488200	3.003600	-0.209100	0.847200	0.913200	0.570400	0.030600	-0.078900	0.370500	0.140900	0.390800	0.313700	-0.294800	-0.091300	-0.325400	0.000000
224	0.000000	3.269200	3.070300	4.595400	4.275000	5.657100	2.137600	3.809700	2.477700	3.458500	2.727200	2.630800	3.051700	2.896700	2.563500	2.944000	2.934300	3.151600	3.017200	3.250900
225	0.897500	0.000000	0.394100	-0.321200	0.942800	-0.454400	0.680900	1.505400	0.452600	0.428300	-0.151000	0.180400	0.509100	1.185100	0.852100	0.881900	3.089800	1.600200	0.994400	1.334500
226	0.185700	0.000000	0.185600	0.301400	0.186700	-0.894100	0.219500	0.235600	0.264900	0.473600	0.200200	0.165700	-0.382600	-0.092700	-0.028300	0.379400	0.420700	0.278600	0.229200	0.528100
227	0.568500	0.000000	-0.290600	0.650600	0.450800	0.113400	0.367000	0.364100	-0.167700	-0.134900	-0.799200	-0.142400	0.027300	-0.059000	0.312300	0.516000	-1.683200	-0.275700	-0.479100	0.496800
228	4.323400	3.257100	0.000000	2.418800	1.306900	3.030400	2.992000	3.159200	3.885700	2.700500	-0.138800	2.273800	3.651900	2.264000	4.346900	2.523400	0.717200	3.711600	2.006300	1.887000
229	-0.018500	0.159600	-0.035200	0.070700	-0.098900	1.651800	-0.241700	-0.008400	0.018300	-0.234800	-1.069700	-0.368600	0.364300	0.000000	1.491000	0.766100	2.081700	1.873300	1.754700	1.692700
230	1.339600	0.172900	-0.361000	0.141900	0.008900	6.754200	-1.106300	0.000000	-0.726500	-0.474300	-0.397100	-0.603000	-0.466800	-0.900900	-0.302500	-0.659300	1.725300	-0.173100	-0.264300	-0.139100
231	0.000000	0.800500	0.517800	2.323900	0.469800	2.231200	0.214300	2.027900	0.138200	0.450600	1.224200	0.082700	0.919100	0.402400	-0.206200	0.358300	0.679400	2.003300	1.849300	0.623000
232	1.339100	0.930300	0.599100	1.069700	0.744500	0.641800	-0.318200	0.685500	1.344500	0.411500	0.677100	0.766200	1.078400	1.077300	0.000000	1.394000	1.217200	0.914800	0.898900	1.258000
233	4.028600	2.546400	0.000000	5.245700	4.219200	4.731100	4.595600	4.213500	3.263500	2.919000	0.148100	1.596000	4.086900	2.219200	5.236900	2.353200	6.586300	9.807300	4.733100	4.492700
234	3.383800	2.226600	0.244000	2.818600	2.863200	6.114700	1.620000	0.714700	2.170800	1.984300	0.188700	1.138500	3.487400	2.146400	4.401000	1.825800	0.968200	0.000000	-0.404800	1.955400
235	0.478300	1.884000	2.342400	2.795800	2.628000	0.000000	1.839400	2.096000	1.289700	1.705700	2.573500	1.783900	2.827000	1.254000	1.486900	0.547700	2.959800	2.009000	2.066400	1.425600
236	0.345900	-0.180200	-0.346700	-0.316200	-0.604900	0.264300	-0.388800	0.000000	0.092100	0.134300	-0.350200	-0.402500	-0.810100	-0.632900	-0.354500	0.258300	-0.583800	-0.295500	-0.361100	0.112400
237	6.702000	5.408100	3.542400	4.911400	4.079100	4.856100	2.627100	5.755200	6.462100	5.551700	2.406400	3.126000	5.673200	5.155400	6.634200	6.138300	4.417500	0.000000	1.511800	5.074700
238	5.757700	3.899500	1.437300	3.366100	5.850600	10.291200	3.000600	5.422700	5.829300	4.172600	0.818900	2.650900	5.871900	3.387200	6.467800	4.878900	0.709300	0.000000	-0.045900	3.454200
239	0.201400	-0.599700	-1.301400	0.049500	-0.590200	3.932000	-1.194100	-0.666700	-0.605100	-0.109400	-1.495000	-1.193500	-0.594600	-0.909400	0.000000	-0.865000	-1.452700	-1.485600	-1.607800	-1.096700
240	0.472000	0.794000	0.210400	1.278800	0.657400	1.193400	0.130900	0.796500	0.000000	0.198500	-0.470800	0.128300	1.163600	0.273800	1.903800	0.193500	0.493300	0.381100	0.152000	0.079800
241	4.330730	3.108230	4.826630	0.000000	1.465630	7.149330	4.429730	2.138930	3.641830	2.044130	4.274930	4.838130	8.014230	4.994830	7.017530	2.426730	20.963730	11.086430	17.009830	8.529130
242	2.337100	1.798100	0.502200	1.013700	0.000000	4.581300	1.651000	0.788500	2.460500	2.290700	-1.120100	1.142800	3.212400	1.843000	2.837400	1.745200	2.326500	1.855100	1.785700	1.843400
243	0.457200	-0.028200	-0.482400	0.030200	-0.252800	-0.765000	-0.596900	0.216400	0.259900	0.345100	-0.849400	-0.722100	-0.434500	-0.553300	0.000000	0.299500	-0.896900	0.041900	-0.282400	0.170800
244	1.064000	-0.609600	-2.634900	-1.491100	-1.943800	-1.168500	-1.055300	0.000000	-0.342700	0.050100	-2.033400	-0.641600	0.411100	-0.336300	1.603600	0.418200	-1.054700	0.109700	-0.356600	0.163200
245	4.939100	3.378800	0.058600	1.361700	0.000000	2.520300	6.259800	2.400100	3.693300	2.909700	-0.110700	4.133800	5.901900	2.583300	5.735400	2.820400	19.357300	16.141000	10.123100	4.937300
246	1.893000	0.847000	0.274200	0.207700	-0.047000	2.840300	0.455800	-0.691300	1.106800	0.803800	-0.719300	-0.070700	0.000000	-0.134000	-0.612100	0.281200	5.633900	6.302100	2.558000	2.755100
247	2.496700	1.315200	0.000000	1.160900	0.736500	3.797700	1.035400	1.755700	1.784300	2.042100	0.031200	1.207900	1.549200	1.249000	2.541600	1.289900	3.387800	2.930100	2.768000	2.797200
248	3.609200	1.898200	-0.860100	4.158500	4.912900	5.239800	4.845500	1.800000	2.397800	1.813400	-0.481000	1.487900	3.330000	0.000000	4.722900	2.687300	5.861000	2.160000	-0.050900	2.557400
249	5.448800	3.512000	0.463700	1.146400	0.000000	6.809100	6.541400	2.576800	4.067400	3.327100	0.112900	5.261900	4.742300	3.163600	5.631200	2.964800	15.853200	8.190200	5.320300	2.530000
250	1.983500	0.000000	2.064500	1.420100	5.177900	3.261500	12.603400	0.975200	0.788200	1.955200	3.104800	7.767400	8.222900	5.250200	3.927000	3.522000	20.605800	20.098900	12.389000	19.402400
251	3.288400	1.526200	-0.070500	0.501500	-0.099100	5.231500	0.823800	1.237800	2.293000	2.192700	0.172500	0.000000	3.228300	1.429900	3.466300	3.587600	9.601500	14.838200	9.021200	13.494500
252	0.000000	-1.846200	7.560200	3.416500	6.835300	7.251200	18.879800	4.739900	0.039500	1.778200	6.977200	9.086700	9.316400	8.382200	9.427900	7.807000	37.008300	23.361100	19.733500	18.283000
253	0.000000	1.163500	16.591000	11.489000	15.939700	5.472300	21.921000	9.074700	4.325000	5.497700	12.005600	20.937300	18.311000	16.456000	15.758500	15.720700	29.746900	31.426900	28.040100	45.744500
254	4.274600	2.726000	-0.162400	0.899600	-0.113200	5.205800	1.419800	2.094700	3.162200	2.618800	-0.137800	1.249100	2.899500	1.244000	4.162300	3.160300	0.627100	0.000000	-0.331000	2.276600
255	3.549400	2.051000	-0.242800	0.812800	1.337100	6.508000	0.000000	2.722800	2.575500	2.134700	-0.596500	1.283100	4.071400	1.549400	5.470500	2.528300	5.133200	10.940400	8.376200	6.931800
256	5.660900	3.970800	0.000000	2.905800	1.602300	7.731300	5.398000	2.924000	4.507800	3.948600	-0.230800	3.354400	5.095000	2.932800	5.769800	4.336700	4.850800	3.940600	1.455300	3.783800
257	1.665700	0.000000	7.299000	5.784300	6.798600	8.478200	7.959000	4.071400	0.980400	2.844300	7.741200	8.124100	6.789600	10.248500	6.198300	7.776700	9.738100	8.457200	11.315200	51.253100
258	1.291100	0.023600	-1.564400	-0.696700	-1.506500	2.028400	-0.291100	-0.566900	0.299200	-0.023500	-2.193100	-1.579400	-0.098300	0.033700	1.299900	0.000000	-0.529400	-1.853200	-1.480300	0.944100
259	7.218600	5.624600	2.264600	4.107700	3.285700	9.364800	3.355300	5.489700	6.355500	5.870800	2.273400	4.366300	6.805800	5.063700	7.517500	5.773400	0.000000	0.512100	1.140200	3.832700
260	4.279900	2.874600	-0.810700	1.290600	0.000000	5.016400	2.095600	2.088000	3.231100	2.779000	-1.549700	2.716800	3.696500	2.243100	4.349200	2.110600	3.439500	0.494200	-1.975100	1.751500
261	1.878700	0.866400	0.447500	0.851100	0.015000	3.738200	-1.944200	0.683800	0.994400	1.028500	-0.331300	0.010500	1.378800	0.544800	0.931700	0.000000	1.016100	1.151100	1.108200	1.715400
262	1.909400	0.631100	-0.287600	0.918500	-0.068700	3.323500	0.237000	1.375600	1.766800	1.399100	-0.607300	-0.019000	0.000000	0.512900	0.906200	0.754700	0.874400	0.613500	0.394300	0.651900
263	4.947100	3.173100	-0.215300	1.464500	0.000000	5.533600	3.292400	2.532800	3.503500	2.890400	-0.769100	0.971200	4.571700	2.969100	4.027300	2.776600	6.446100	13.244100	4.769700	10.072000
264	0.380900	-0.555400	-1.027400	-0.511000	-0.713700	3.718500	-0.602300	-0.965400	-0.442600	-0.723400	-1.753600	-0.961700	-0.211000	-0.313800	0.539300	0.003100	-0.917700	-1.505600	-1.906900	0.000000