SITE	GLY	ALA	LEU	VAL	ILE	PRO	ARG	THR	SER	CYS	MET	LYS	GLU	GLN	ASP	ASN	TRP	TYR	PHE	HIS
1	2.654700	2.502900	1.158800	2.401700	1.911100	3.285800	1.195300	2.379900	2.721200	2.348600	0.000000	1.924600	2.804600	2.151500	3.232600	2.961500	1.483500	2.591300	0.736600	2.666800
2	3.631800	3.044600	0.362300	1.842800	2.187800	3.968800	0.042700	1.120800	2.677600	2.312700	1.111700	0.000000	3.202600	2.414500	3.240300	2.016000	4.067900	4.639000	4.669900	3.152900
3	7.567700	5.343000	1.372800	2.236800	1.382400	6.638300	5.464100	4.727400	6.720400	4.569600	1.592900	5.138200	6.489600	4.986400	7.265100	5.757800	3.569700	1.268800	0.000000	4.138100
4	5.383300	3.530700	-0.299000	0.000000	0.582800	7.284000	6.602100	2.657800	4.185500	2.845000	0.141600	3.624600	5.576800	4.683800	5.575300	3.967800	11.224800	8.296300	7.131400	6.043800
5	2.897000	1.020700	-0.448000	0.005900	1.078700	2.817000	9.703700	-0.349100	0.000000	0.520800	0.316300	3.334800	4.749300	2.355500	6.490700	2.931300	28.282100	24.309900	15.743100	34.222510
6	5.984000	4.240100	0.865200	2.282800	1.450100	5.883100	3.322500	3.340600	3.898700	3.320600	1.258800	3.703000	5.026200	4.343400	5.355200	4.284800	5.116600	1.023400	0.000000	3.173700
7	4.265200	3.703300	8.189500	3.995100	5.367600	3.162200	7.029900	2.997100	3.968900	3.866500	4.666800	6.155900	6.453500	8.188000	6.344900	0.000000	28.619880	22.797000	18.292500	12.644900
8	3.439400	2.160600	1.489100	0.967500	0.000000	2.852500	8.527800	3.136200	3.237700	1.590300	0.641200	4.261800	3.823000	3.520400	4.564400	3.839100	16.409000	5.379300	10.798900	7.908900
9	1.251600	1.554600	1.136500	2.278100	3.066400	10.801000	0.061000	2.444300	1.804700	0.868000	1.201200	0.065900	2.003700	1.328300	2.435300	0.000000	3.383400	0.790800	0.494100	0.551200
10	0.000000	2.350100	2.230400	5.549400	5.658700	8.488900	3.161300	5.533100	3.367400	2.704800	1.674900	2.584500	2.308900	2.754200	2.566900	2.918300	1.766400	2.205300	2.108400	2.926600
11	4.687300	3.131900	0.000000	1.744700	0.483800	6.003900	3.696600	3.383300	4.306400	3.151800	-0.402100	2.769600	3.142000	2.219300	4.244300	3.705900	0.796500	2.871900	0.011400	2.345100
12	2.131200	1.713800	-0.329500	1.342500	0.612000	0.081600	0.000000	1.654600	1.951100	1.297000	0.168800	0.673300	1.244900	1.217800	1.867800	1.939900	0.164800	0.520000	0.571700	0.748300
13	0.354600	0.000000	-0.015700	0.953900	0.541700	-0.254300	0.696000	0.214500	-0.412500	0.285400	0.052500	0.247700	-0.669700	-0.033700	-0.198500	0.395200	-0.175200	0.168100	0.122400	0.362800
14	0.868500	0.356600	1.640200	3.460200	5.247500	3.994200	0.000000	-0.319600	0.581800	0.847800	-0.691800	-0.455900	4.439300	0.988500	4.175400	2.067300	9.041100	2.914200	1.937200	0.413400
15	1.175100	1.578000	0.329500	2.288300	1.311100	0.000000	2.104300	1.766200	1.518500	2.413600	-0.059400	2.006400	1.629300	1.417900	1.392300	1.180000	-0.210700	0.736900	-0.180800	1.621300
16	0.837300	0.165800	-1.061700	0.058200	-0.733900	-0.147100	0.340500	0.241800	0.675400	0.485800	-0.702300	0.071300	-0.212300	0.192600	0.053300	0.681200	0.021600	0.077300	-0.406700	0.000000
17	1.673100	0.661200	-1.462400	0.397100	0.021100	0.281400	4.456900	0.454100	1.571200	1.133400	-1.291900	1.204900	0.884400	0.000000	3.238500	1.594700	10.978400	13.878800	7.285500	5.165300
18	4.109000	2.940700	0.000000	2.728800	1.569800	2.935700	2.990200	2.780500	3.180100	2.919700	-0.293500	2.968300	3.208100	1.923600	4.051300	3.404800	5.461600	4.897800	1.563700	2.526900
19	1.052100	0.192000	-0.986400	0.207200	-0.775400	1.859100	0.120400	0.068800	0.295000	0.657300	-1.116700	-0.310200	0.000000	-0.372000	0.906600	0.051600	-1.436300	-0.862700	-1.111600	-0.271100
20	1.429600	0.000000	-1.190400	0.270400	-0.012900	4.070400	-0.397900	0.289400	0.597700	0.425100	-1.405300	-1.007400	0.499100	-0.131200	1.404700	0.099700	-0.167400	-1.059400	-1.406400	0.328700
21	5.683200	3.445500	-0.012700	1.376200	0.000000	6.108300	5.329200	3.501600	4.056200	3.541500	-0.190300	3.821900	4.532100	2.558900	5.611600	3.020600	15.467300	13.204500	8.164500	8.334800
22	3.341300	1.930600	0.450300	0.000000	0.258800	4.688100	0.943300	0.633300	2.576800	1.879100	0.662800	1.062700	2.881800	1.771200	3.809100	2.237600	0.837000	0.386900	-0.145000	1.466100
23	0.537600	-0.154800	-0.484700	0.230000	-0.241200	3.185100	-0.300800	0.143700	0.364900	0.411400	-0.549800	-0.308900	0.000000	0.021800	0.392800	-0.086500	-0.333800	-1.104200	-0.821800	-0.059700
24	1.946700	0.815200	-0.001400	0.864500	0.004100	3.597600	0.298300	0.747100	1.542400	1.407900	-0.488000	0.000000	1.305600	0.498800	1.958700	1.369100	-0.163500	0.090200	-0.167000	1.081200
25	4.397000	3.411800	0.160800	3.712000	1.750000	5.496000	2.055600	4.467000	3.724800	3.058800	0.189200	1.494300	4.426900	2.837700	4.702300	2.712800	1.325000	3.656400	0.748000	0.000000
26	-0.100600	0.887200	0.723800	1.679700	1.781100	4.956200	-2.616600	1.248000	1.013500	0.752800	0.577500	-1.437800	1.308800	0.000000	1.563100	0.023600	0.880800	0.476600	0.328500	-1.170400
27	4.825400	2.735300	6.116000	4.053200	7.501800	0.000000	20.074600	7.417300	4.043600	5.852900	5.006100	12.699800	7.160100	6.063900	8.458800	7.306100	22.192700	15.164800	9.771700	9.988300
28	1.529800	0.827300	-0.646600	0.686100	0.349100	-0.629800	0.791300	0.790800	0.269300	1.155900	-0.368800	-0.019900	0.228900	0.257500	0.000000	0.459400	-0.034700	-0.000200	-0.732200	0.565300
29	5.694300	3.397300	-0.062800	0.000000	-0.104600	6.523300	5.331600	2.187800	3.982000	2.633200	-1.066500	3.757000	4.276800	3.058000	5.172900	3.673200	12.869900	4.296600	2.072400	2.840600
30	6.571800	4.783200	0.133300	1.158100	0.000000	7.354300	7.116300	3.721400	5.739200	3.803500	0.092700	4.747400	5.688900	3.090300	6.103800	4.617100	12.519600	8.660400	4.363300	3.455700
31	0.000000	-0.196100	3.049300	4.100900	6.076200	3.714800	10.375700	2.286200	1.680700	1.444600	2.441600	7.388100	10.190900	9.491400	4.595300	4.421200	19.719200	12.958700	9.760900	34.553600
32	5.599500	4.576800	0.000000	3.414100	0.910500	4.921200	4.402400	4.579200	5.001100	3.827500	0.284400	4.157400	4.864100	3.352900	5.792900	3.454500	3.919400	3.282600	0.584700	3.509500
33	3.534600	2.467200	2.050800	3.423500	5.027500	4.378300	5.597800	3.083900	3.215000	2.239100	1.492700	2.740500	4.700100	0.000000	4.928300	2.051000	11.333800	11.740200	6.356100	5.684600
34	0.729700	0.626100	-0.706300	2.800200	6.427200	5.929700	-0.851300	1.984800	1.809000	0.491600	-0.261800	-0.771600	0.000000	0.141800	1.110100	0.529300	2.619000	0.289000	-0.589500	1.289300
35	0.775000	-0.827100	-2.307200	-1.857200	-2.613000	3.625200	2.811600	0.000000	0.449900	-0.684800	-2.790900	-0.440700	1.379000	-0.446300	0.279300	0.368400	15.129400	12.891500	7.444900	7.881300
36	2.245000	2.796200	1.410300	5.085000	4.923700	12.590600	1.025900	4.380200	3.521700	2.569700	1.931300	0.000000	3.018400	2.005100	4.493700	3.127700	4.114600	3.981300	3.806300	3.046900
37	3.140800	2.254400	0.354000	0.000000	-0.183700	7.355800	3.213100	0.771600	2.149600	1.245800	0.561100	1.963800	2.661900	1.690500	3.770500	3.308800	8.409500	16.668900	7.074800	9.258400
38	1.125700	-0.037800	-0.500400	1.130100	-0.026100	-2.121400	0.319400	1.517900	1.193100	0.753800	-0.479100	0.073000	-0.104500	0.414300	1.010200	1.140600	0.192900	-0.010100	-0.169200	0.000000
39	2.124500	1.661700	1.535700	2.070000	1.739000	-0.347300	2.072300	2.319200	2.451500	2.022600	1.890100	1.921700	1.351300	2.026400	0.000000	1.927900	1.487000	1.506200	0.925500	2.488800
40	0.237400	0.342800	0.501000	-0.236700	-0.760900	-1.019200	-0.481500	-0.084300	0.225400	-0.257700	-1.299000	-0.683200	-0.107200	0.079000	0.000000	0.021300	-0.303700	-0.231400	-0.274100	0.002100
41	1.595400	0.923700	-0.291600	1.787500	1.080100	1.153700	0.335400	2.145700	1.201900	1.256500	0.000000	0.388400	0.467400	0.420700	0.538800	0.827000	0.213700	0.354900	0.251000	1.003300
42	7.509900	5.819200	3.586800	4.976300	4.705800	9.168900	6.954700	6.130900	7.139500	4.664600	1.249200	4.924900	6.331300	5.657900	6.867300	5.336500	1.783500	1.163000	0.000000	3.965100
43	2.986900	2.584700	2.709700	3.371400	2.514500	0.000000	3.871400	4.731000	3.473800	2.780200	0.181100	2.137400	1.550400	2.118600	2.430400	2.878400	2.751000	9.293400	7.282600	4.282500
44	2.016500	1.478400	0.000000	1.286800	0.893100	3.327600	0.785700	1.343600	1.917300	1.952100	0.330600	0.377900	1.210900	0.856400	0.951300	0.978500	0.669100	1.006000	0.773300	1.630900
45	1.790600	1.098200	1.146100	1.702200	1.459600	0.059600	1.545600	2.041400	1.663900	1.976100	0.890900	1.342700	0.000000	0.962600	0.774200	1.649100	1.419800	1.479600	1.406100	1.768200
46	2.249400	1.332200	-0.215700	1.303500	0.618100	-0.238200	1.545100	1.689900	1.914300	1.768300	-1.234100	1.029700	0.000000	0.768100	1.138600	1.788600	-0.907200	-0.970800	-1.582100	1.377400
47	4.079500	2.259500	-0.484400	0.000000	-1.131400	4.290200	1.090300	1.625300	2.735400	2.316700	-1.901500	1.663900	2.867400	1.833600	3.519400	1.598600	0.182100	0.452400	-2.099400	1.152900
48	0.789600	0.000000	-0.794200	0.250800	-0.326300	3.072300	-0.780900	0.865200	0.106000	0.485900	-1.507500	-0.563800	0.001200	-0.592100	0.749100	-0.259200	-0.865900	-1.106900	-1.386300	-0.157400
49	1.043900	0.250200	0.085700	1.005500	0.552700	3.505300	-0.192300	0.894600	0.144600	0.836100	-0.317400	0.000000	0.513400	0.048000	0.974300	0.234500	0.059300	0.122900	0.069800	0.225300
50	2.887200	2.501000	0.000000	2.310300	0.935800	3.515700	0.683300	3.344400	2.905400	2.070200	-0.703900	1.260500	3.544200	1.749700	3.960700	2.388000	0.783000	0.703600	0.107300	2.266100
51	0.000000	3.581000	4.458400	6.372400	5.170000	7.165500	3.357500	5.890500	3.934700	4.119400	4.115400	3.668800	4.496300	3.797800	3.641200	4.354400	4.720600	4.588100	4.587700	3.795500
52	7.007600	5.532300	1.595900	3.534200	5.697600	8.741100	2.620600	5.408800	5.980000	5.032200	2.010700	3.494100	6.824200	4.597400	7.764900	5.959700	5.443300	0.000000	0.593600	4.282400
53	0.674900	-0.023700	-1.084300	0.068900	-0.616600	1.031000	-0.358700	0.589600	0.422000	0.316400	-0.750400	-0.144200	-0.532300	-0.249200	0.132600	0.000000	-1.387400	-0.467500	-0.602000	0.641500
54	3.776600	2.238200	0.807200	0.000000	0.826500	3.606200	3.295100	2.588600	3.334500	1.736100	0.418600	3.105100	3.346600	2.417900	3.612100	3.320700	1.880200	1.959800	0.261400	16.106000
55	4.343900	3.067300	1.846900	0.850900	0.287000	4.854100	1.843600	2.687900	3.526000	2.743400	0.191000	1.736400	2.947600	2.571200	3.650500	3.310100	0.808600	1.112500	0.000000	2.101900
56	3.518200	2.988300	3.611300	3.047000	5.366200	3.388100	3.070700	1.883300	2.675400	2.456700	1.019300	2.638800	3.445800	2.195000	4.592000	2.918200	0.977500	0.000000	0.122400	2.109200
57	1.508900	0.600300	-0.063600	0.975900	0.734000	4.322800	0.919200	0.037000	-0.202600	0.872300	-0.213700	1.022100	2.324200	0.966900	2.725200	0.543500	3.905500	0.060600	-0.290900	0.000000
58	0.000000	3.876300	11.334500	8.519400	14.054900	6.301900	13.688100	6.833700	4.756500	4.475600	5.705600	9.876700	7.916300	6.523100	7.871700	7.168500	25.508200	19.487500	15.183400	52.257400
59	0.994300	0.441100	-0.845000	-0.117500	0.435400	0.013900	0.517400	-0.619400	-0.818300	-0.248300	-1.013400	-0.071400	-0.289000	0.000000	0.052100	-0.401900	0.772500	-0.120300	-0.350200	0.910300
60	1.663600	0.767300	-0.283600	0.995800	0.714500	-0.923900	0.307000	0.954500	1.029600	0.739000	-0.188200	0.000000	0.119800	0.336100	0.399800	0.663400	0.095500	0.103900	-0.016800	0.670100
61	0.000000	2.823200	2.546700	4.093100	3.786200	5.756800	2.648000	3.651700	2.948000	2.663300	2.113400	2.546500	2.272500	2.763700	2.493300	2.418300	2.981000	2.961300	2.928700	2.441100
62	1.922600	1.196100	0.670400	1.489300	1.376700	5.716700	0.305400	0.842100	0.660500	0.521100	0.618700	0.161600	0.369300	0.667300	0.696600	0.997800	1.022900	0.898500	1.055100	0.000000
63	0.271900	1.775400	0.536100	3.154800	2.949500	1.681600	2.085300	1.543900	1.648200	1.896500	0.495600	1.608000	2.260900	2.315100	2.352800	1.955400	0.225000	0.000000	-0.038500	1.881900
64	0.000000	4.502300	15.244500	10.704400	14.378300	15.466700	19.653100	11.035200	6.025700	6.792700	5.432300	9.544500	11.129200	8.877300	7.139700	10.305800	29.495770	16.916800	14.268800	39.887720
65	4.201100	3.105300	3.923800	0.000000	2.395800	5.912800	17.224200	3.355100	3.921700	2.715500	4.254900	11.991100	8.644300	8.421200	6.568000	5.176600	36.523072	24.632600	19.937000	26.285600
66	1.695900	0.000000	4.729000	1.153500	3.537500	3.412900	7.672900	3.709500	0.516900	1.545300	1.222600	6.020100	6.208900	2.530500	5.427500	5.063400	15.861600	15.123900	13.971000	35.360230
67	5.500900	3.926800	0.000000	1.489900	1.146500	9.706600	3.800600	3.370800	4.656500	3.079200	0.071800	2.055600	4.566600	3.299700	3.659500	2.829300	9.265300	5.716000	1.889600	4.370400
68	7.161800	5.054700	0.000000	4.504000	3.489600	5.655000	5.025400	5.098900	6.164600	4.118200	0.063100	3.998300	5.019600	3.878000	6.346400	4.895100	4.564300	4.477500	3.054700	4.081300
69	3.248000	1.326000	-1.498400	-1.174000	-1.182400	3.250800	2.460500	0.000000	2.005200	0.689900	-1.391900	2.715900	3.519900	1.990700	2.612700	1.450100	1.655000	2.475200	1.591200	4.131400
70	1.607600	0.789600	0.016300	0.347400	0.150200	3.893000	0.300500	1.083100	1.473300	1.237300	-0.092800	0.000000	1.244200	0.440600	1.679700	0.985200	0.924700	0.860500	1.047700	1.596700
71	0.509600	0.352400	-1.685400	0.063700	-0.521600	-1.139400	-0.334300	0.185400	0.373300	-0.406600	-2.022600	-0.747200	0.000000	-0.623900	0.070900	0.439900	-0.602400	-1.686600	-1.117100	0.443700
72	0.714800	0.211300	-0.355200	0.375900	0.080300	-1.030400	-1.325200	0.000000	0.016700	0.080400	-0.633200	-0.974100	0.126900	-0.383400	0.380600	-0.228700	-0.538800	-0.213200	-0.318000	-0.424100
73	3.977400	2.659700	1.115200	0.854200	2.462800	0.000000	-0.494100	4.104100	3.973800	3.199300	0.722200	3.606400	2.737300	2.572300	4.272200	3.058600	1.351000	0.889300	2.127400	6.208600
74	2.046000	0.994100	-0.236800	0.916400	0.000000	0.748700	0.191600	1.890500	1.699000	1.257600	0.133500	0.058700	1.020600	0.488700	1.643400	1.526100	1.178500	0.506800	0.434000	1.346700
75	0.015200	0.000000	-0.741500	-0.164500	-0.305700	3.120500	-0.957800	-0.253600	-1.144600	-0.430100	-1.655700	-0.729200	-0.205500	-0.645300	-0.019400	0.303200	-0.569800	-1.016000	-0.902700	0.151400
76	3.085300	1.644500	1.915500	0.000000	-0.384200	3.045800	1.732400	0.596200	2.236000	0.612800	0.629100	1.774800	2.609600	2.360500	3.228700	2.302900	2.734900	1.468600	1.357400	1.792700
77	1.031400	0.788700	0.163700	1.432600	1.290700	3.665200	0.000000	1.064400	0.905200	0.291700	-0.086300	0.011000	1.372500	0.279200	0.888600	1.190800	1.463500	0.925500	0.924900	1.549800
78	1.356500	0.229500	-0.593600	-0.836800	-1.023100	-0.708200	0.000000	0.063100	0.486600	0.198200	-0.978400	-0.409400	-0.544500	0.146600	1.032000	0.749500	0.239600	-1.367400	-1.292700	0.765700
79	0.000000	5.488200	16.430300	12.848500	14.949000	13.672300	9.696000	12.257000	5.788400	7.705200	11.948200	13.252100	17.624000	12.613200	12.943900	11.877800	29.540620	21.677500	21.063300	27.668030
80	7.435800	6.566400	3.685700	6.310400	5.754900	6.040500	4.625900	5.643500	6.632300	6.229800	2.832700	6.021000	7.532000	5.774500	8.342900	5.781900	1.425000	2.311700	0.000000	4.413800
81	2.219700	1.912400	1.827800	2.120300	1.869900	0.000000	2.151100	2.133700	2.134000	2.180000	1.260700	2.208600	1.772100	2.349500	1.854300	2.348200	1.010200	1.857000	1.405300	2.365700
82	0.000000	2.272000	2.014100	4.816100	4.602600	5.935300	1.336400	3.095300	2.335300	2.287200	1.852600	1.779000	2.176800	1.725600	2.366800	1.879900	3.703700	3.715500	3.692000	1.898800
83	2.785200	1.403800	0.707600	2.810200	2.571300	3.845300	2.430100	2.092600	1.849300	1.820500	-0.257100	2.353500	1.788000	2.344400	0.000000	0.863500	6.405900	3.113500	2.381700	5.675100
84	0.972700	0.934500	0.660800	1.262700	1.229300	-0.289700	1.016600	0.986100	0.460800	1.145700	0.792400	0.748000	0.259900	1.022100	0.000000	0.030800	1.144800	0.780400	0.657800	0.847700
85	1.173400	0.524800	0.631800	1.043300	0.777300	-0.647500	0.629700	1.098000	1.054600	1.188400	0.558400	0.620900	0.000000	0.341900	0.357900	0.281100	0.934400	0.216200	-0.093300	0.881900
86	1.547200	0.907900	0.712900	1.152800	0.649400	-0.291700	1.044800	0.863000	0.706800	1.510200	0.323800	0.953100	0.000000	0.582600	1.185200	1.519200	0.876800	1.098800	0.987500	1.499400
87	2.602200	0.000000	0.152800	1.865200	1.792900	0.390200	0.808500	1.907200	1.712400	2.012200	-0.380300	0.233400	3.223800	1.355600	4.439600	1.133400	0.081800	-0.488400	-1.174800	0.893700
88	1.393900	0.002700	-0.628300	2.149100	2.569600	3.066100	-1.471100	2.654300	1.224500	0.665100	-0.117200	-0.549000	0.743800	0.000000	2.523200	1.392200	1.201200	1.807600	1.217000	1.684600
89	2.472800	1.493700	-0.103900	2.740500	2.523200	2.387000	0.000000	1.066600	1.559200	1.425200	0.201700	-0.501500	2.989300	1.263300	4.782400	2.520000	2.429600	4.459200	3.998200	4.050600
90	4.064000	3.059500	0.564200	4.107200	4.226700	8.250200	0.000000	2.527500	2.991200	2.724300	0.415600	1.448600	3.945800	2.227800	4.797500	2.458100	3.815600	8.661400	7.064200	31.369090
91	5.662900	4.311300	1.231700	2.518900	0.000000	10.179100	6.015900	3.399000	4.551200	3.888400	1.101700	4.994400	5.355900	4.668300	5.701100	4.182400	6.833600	4.757800	1.766100	4.981800
92	5.906500	3.523000	0.628000	0.706300	0.000000	5.068100	4.063800	2.679400	4.716400	3.159300	2.864400	3.385200	7.006300	4.607900	6.025700	4.970400	4.122200	18.421200	9.112400	4.265800
93	5.179600	3.630500	0.474100	0.510700	-0.538100	4.887100	2.818400	2.853000	4.515100	2.600400	0.000000	1.741500	2.617900	2.320200	4.360600	3.439400	2.408200	2.389700	1.673400	7.545300
94	2.321200	0.000000	0.400500	0.547300	2.596900	2.816000	6.005700	-0.263400	0.607700	0.851700	-0.651400	5.151100	3.726500	1.214100	6.131800	4.803800	19.127200	14.288900	11.483000	35.571710
95	2.939700	2.061200	0.356200	0.612100	-0.137800	3.471900	1.259900	1.801700	2.587600	1.686400	0.501700	0.581800	0.000000	1.040000	0.730900	0.924100	-0.517500	-0.237600	-0.607600	1.256100
96	5.453300	3.929800	-0.217900	1.252600	0.000000	4.350000	3.642000	3.228100	4.677300	2.963500	-0.206700	2.821400	4.600200	2.897000	5.242800	3.873800	4.610700	3.977800	1.035300	2.542600
97	2.154700	2.106000	1.597700	2.114900	1.655200	0.000000	1.841000	2.050300	2.378200	1.906000	1.323600	1.388800	2.471200	1.523000	3.723800	1.890000	2.284400	2.133700	1.917000	2.164400
98	1.050600	0.618500	-0.602500	0.006300	-0.372600	3.994300	-0.165700	-0.847900	0.000000	0.215900	-1.344100	-0.742000	0.493300	0.005900	1.103400	0.659700	-0.330600	0.308400	0.283900	0.834900
99	0.327400	0.078900	0.000000	0.304800	0.008300	-0.282900	-0.104800	0.291000	0.497100	0.415100	-0.175000	-0.191000	0.035200	0.115400	0.315400	0.404800	-0.254400	-0.120500	-0.170800	0.395700
100	0.198000	0.484000	0.000000	0.432900	0.147200	0.700000	-0.168300	0.408400	0.482600	0.365800	-0.013500	-0.035300	0.157200	0.096900	0.129900	0.050900	-0.198000	-0.333100	-0.395700	0.208100
101	0.000000	2.966000	1.865400	3.390900	2.847300	5.867800	2.648000	2.758500	3.271200	2.751000	2.057100	2.555000	2.959600	2.937800	2.506500	2.852700	2.526400	1.801400	1.627000	3.033800
102	0.734900	0.024400	-0.359700	-0.064700	0.384100	0.651600	-0.127600	0.582100	0.816900	0.010500	-1.282600	-0.308600	0.612700	0.076000	1.538700	0.000000	0.774700	-0.811000	-1.026200	-0.331700
103	4.016600	2.598900	-1.036700	0.000000	-0.793800	4.682500	1.521300	1.636300	3.369200	1.731100	0.080900	1.026600	2.677900	1.991600	3.545100	2.544400	-0.310400	0.766400	0.445000	2.556900
104	2.346100	1.228200	-2.321600	-0.455200	-1.631000	1.874600	0.075700	0.000000	1.413500	0.719000	-1.039700	0.063600	0.730500	-0.327200	3.050700	0.718400	-0.758800	-1.254400	-1.498500	0.893000
105	5.608000	3.495800	0.581600	0.000000	-0.253900	7.535700	5.316600	3.041000	4.801400	2.864400	1.744800	5.660000	6.320300	5.098200	5.541500	4.178400	18.434000	8.215500	10.721100	18.523100
106	6.580100	4.985500	-0.005300	1.584500	0.000000	6.909300	6.798700	3.904700	5.770700	3.959900	-0.060900	4.228600	4.946300	3.885000	5.718000	4.719500	8.060000	3.811900	2.268600	4.522500
107	5.211300	3.190800	2.050200	1.044500	2.755300	4.758500	14.348900	2.844900	4.496100	2.890800	2.123800	8.631100	4.477900	5.475900	3.808500	0.000000	33.283800	23.101500	18.428600	15.865100
108	0.000000	0.977900	-2.294100	2.735900	0.224500	4.614600	5.321200	2.179300	1.720100	0.458500	-2.258400	3.772100	1.722500	0.902500	5.330700	4.568200	19.993200	16.292100	11.412900	12.462500
109	4.302400	3.733700	1.323500	5.197500	5.135300	7.937000	4.766200	5.661700	3.781200	2.623200	1.384000	3.517900	3.276800	4.106100	4.433400	4.049100	4.279700	0.000000	1.051800	3.983500
110	7.141200	5.423000	5.741600	3.644900	3.280400	7.613400	5.704300	5.422300	6.617200	5.347000	2.992400	5.639800	5.929900	6.014200	6.765800	5.921600	3.943300	2.411600	0.000000	4.608200
111	6.045200	4.675300	3.518200	4.211000	3.373300	0.000000	5.017200	5.110500	5.659200	5.051000	4.218100	4.307400	4.348000	4.972100	4.498000	4.995900	5.968000	4.394000	5.528300	4.585600
112	2.153800	1.788200	1.657800	2.086100	1.550500	0.341300	1.086000	2.098400	1.680500	1.983000	1.621100	1.652500	1.202500	0.000000	1.549700	1.156000	2.002700	1.491100	1.638700	2.281300
113	0.000000	6.708900	19.652100	15.265200	12.753800	22.152000	20.519200	13.767600	8.548100	11.103500	12.513800	23.289000	21.806100	18.217100	19.476700	15.994400	60.757000	52.286100	50.148500	58.229800
114	0.517200	0.777800	0.453200	1.893000	1.783800	4.560600	0.679400	2.146600	1.162700	0.605200	0.192600	0.572900	0.000000	0.774800	-0.711900	0.538300	0.589700	0.665000	0.445500	0.852300
115	0.690600	0.106400	-0.588500	0.238700	0.270600	0.963600	-0.948600	0.639700	0.000000	0.162700	-0.587600	-0.843300	0.764300	-0.097700	2.520900	1.345600	4.293100	3.551500	1.831300	2.239200
116	2.541600	1.331100	0.960300	1.375400	0.993100	4.990100	0.000000	1.793800	1.474500	1.567800	0.854400	0.509300	2.251300	0.725700	3.128100	1.350600	1.915700	1.222400	1.018500	1.405300
117	0.035500	0.031900	-0.439100	0.242900	0.206300	-0.046100	-1.172000	0.205900	-0.010900	0.130400	-0.590000	-0.853100	0.064800	-0.266600	0.000000	-0.193500	-0.660900	-0.452100	-0.650000	0.091600
118	2.489500	1.336500	0.772900	2.232000	2.883400	7.021300	1.485200	1.449300	1.860300	1.320900	0.479800	0.976900	0.684700	0.294500	1.735500	-0.185900	4.482300	1.671300	1.252300	0.000000
119	1.633200	1.219600	0.833200	1.607800	1.258500	0.000000	1.055200	1.772000	1.502100	1.564700	0.809900	0.997100	1.131300	1.302100	1.475600	1.552100	1.566400	1.693600	1.607600	1.787900
120	-0.076000	0.462800	-0.052400	0.035600	0.000000	1.616200	0.249900	-0.346600	-0.149500	0.948100	0.063400	-0.216500	-0.070700	0.398500	-0.121800	-0.439900	0.010800	-0.362700	-0.415500	0.460800
121	2.596800	1.548000	0.810000	2.823900	2.243100	3.225800	1.419400	3.131100	2.512900	2.190100	0.873300	0.000000	1.754600	1.736300	2.253300	2.474600	1.419200	0.987300	0.720100	2.110800
122	4.183000	3.449300	1.473100	4.376900	4.439700	5.784600	2.095900	5.425100	4.637700	3.905300	0.974900	2.268600	4.151600	2.553000	5.278300	3.493500	-0.523400	-0.443600	0.000000	2.236100
123	2.595600	1.913000	1.916000	2.288000	1.842900	0.000000	1.502100	2.270600	2.400600	2.256200	1.262100	1.847700	1.822000	2.083700	2.179500	2.451400	2.234200	2.426200	2.029700	2.698600
124	2.344900	0.000000	0.507200	1.997800	1.297000	4.880500	1.474400	2.021100	1.481100	1.958700	0.115200	1.116900	2.131600	1.129800	2.247900	1.831200	0.538000	1.104200	-0.017600	1.937400
125	7.592300	5.812600	3.875300	6.664400	5.231100	8.872100	3.377500	6.039300	6.479100	6.239800	3.269600	0.000000	10.188500	5.368900	9.095100	7.147000	11.756100	10.673800	6.473100	8.073200
126	1.103800	0.000000	-0.801300	1.117400	2.707100	4.886400	-0.313700	1.540700	0.756100	0.789100	-0.803200	-0.485800	-0.363900	-0.444500	1.090000	0.835800	-0.237600	-0.398300	-0.524500	0.417800
127	0.726700	-0.055200	-0.421500	0.243900	-0.392500	2.693600	-0.693500	0.122100	-0.090000	0.588800	-0.535700	-0.394300	-0.166400	0.000000	0.356400	-0.263500	-0.497400	-0.520100	-0.724600	-0.189100
128	5.662000	3.931800	2.704300	3.793000	2.877200	7.189500	4.331000	3.834900	4.236800	4.231500	1.676100	4.326300	5.119300	3.551700	5.369600	4.040800	3.499200	3.823600	0.000000	3.433100
129	6.031900	4.772600	1.611000	3.040800	2.082500	7.118300	4.515300	2.821900	4.115000	4.673500	1.272900	4.291700	5.245800	4.022400	6.116300	4.277500	0.693900	0.000000	0.125300	3.098100
130	1.078900	0.158900	-0.317200	0.367000	-0.212700	3.150300	-0.454900	0.852900	0.853000	0.848000	-0.672900	-0.172400	-0.217500	0.000000	0.752200	0.352300	-0.391600	-0.857500	-0.622300	0.489100
131	0.927500	-0.022700	-0.494500	-0.055000	-0.795900	3.057800	-1.489000	0.285800	0.035700	0.228200	-1.235900	-0.532000	0.789300	-0.731700	1.280300	0.000000	-0.391400	-0.464200	-0.403300	-0.342800
132	5.553300	4.051300	0.000000	1.766600	1.622500	6.224700	5.512400	2.929700	4.695100	4.051600	0.151400	3.944600	4.025000	2.565600	5.007300	3.731200	3.969400	4.358400	-0.171600	2.839700
133	0.678600	-0.450600	-3.363100	-1.657100	-2.566100	2.816800	-0.400600	0.119700	0.693000	-0.399100	-3.243500	-0.949900	0.517500	0.000000	1.658700	-0.110100	-1.142500	2.689800	-1.676000	-0.530500
134	1.330000	0.479900	0.254600	1.050800	0.412600	3.149500	0.191100	0.879400	0.571600	0.812800	-0.057800	-0.258100	0.800400	0.425300	1.324100	0.000000	0.104600	0.631800	0.542600	1.271700
135	4.357100	3.150000	-0.379600	0.880800	0.519900	5.647000	-0.746900	2.686900	3.775900	3.390300	-0.458000	2.524300	3.947000	3.024200	4.720900	2.751700	-0.650000	0.000000	-0.688900	2.243300
136	6.564000	4.574300	0.000000	4.721500	3.612600	7.465300	7.531600	4.442700	5.859900	4.466100	0.577300	3.363400	5.748700	4.488800	6.767200	4.157400	12.270200	3.735800	2.250400	3.912500
137	0.109400	-0.537700	-1.343100	-0.665700	-1.114500	2.230800	-1.624100	-0.327200	-0.081700	-0.092500	-1.778200	-1.439800	0.000000	-0.959500	0.239700	-0.777000	-0.711600	-0.698500	-1.178900	-0.516900
138	0.440600	-0.034600	-0.492000	0.100500	-0.323500	2.032700	-1.380700	0.000000	-0.054500	-0.459700	-0.824300	-1.200700	-0.141300	-0.691500	0.124500	-0.159200	-0.094500	-0.811500	-0.599700	-0.520700
139	1.035400	0.241000	-0.832200	0.184200	0.115000	2.193800	-1.007500	0.902300	0.710100	0.316100	-1.227100	-0.894400	0.000000	-0.715900	0.229400	-0.250800	-0.990100	-1.502500	-1.608100	-0.293900
140	2.754200	2.492700	0.000000	0.718600	0.160300	4.439700	-0.229700	1.769800	2.647000	1.735100	-0.099500	1.026400	0.480700	1.383000	1.719300	1.667900	2.236900	1.607000	1.394400	1.212800
141	0.973300	0.439900	0.256000	0.305200	-0.006800	1.455000	-0.108900	0.211000	0.643700	0.626600	0.435800	0.000000	0.351700	-0.248000	0.952200	0.806600	0.157100	0.405800	0.315500	-0.042800
142	1.051900	0.485700	0.782500	1.346200	1.335500	-1.275000	0.000000	1.287500	0.978300	1.139700	0.621700	0.680400	0.559600	0.714400	1.191900	1.114500	1.085400	0.989700	0.951200	1.417900
143	0.029100	-0.066200	-0.435100	0.160100	-0.199800	0.104200	-0.116000	0.547700	-0.052700	-0.135800	-0.493900	-0.418800	-0.330900	-0.260900	0.000000	-0.067000	-0.519400	-0.544700	-0.698800	0.063400
144	1.081000	0.057800	-1.855600	0.503800	-0.151400	0.152500	-1.439600	0.375000	0.347300	-0.077400	-1.340900	-0.901000	0.217300	-0.067800	0.785300	0.000000	-0.426900	-0.376200	-1.789300	-0.661900
145	2.663900	1.317200	-0.442100	0.557400	-0.606700	0.000000	0.743100	1.980100	2.297800	1.092400	-0.401700	0.481400	0.970000	0.769400	2.225400	1.694500	0.902400	0.112400	0.324200	1.708700
146	4.650000	3.160600	-1.061000	0.000000	-0.370700	6.142600	4.423600	2.099400	3.788300	2.372300	0.750300	2.225700	4.806200	2.661000	5.307600	2.922600	12.368600	3.433300	2.947200	1.386500
147	7.107900	4.553100	0.000000	1.165200	1.469000	7.134900	5.751200	3.628700	5.685900	3.745800	0.528700	5.253000	4.465100	3.100400	5.396200	3.254800	13.142900	6.536100	0.448100	2.027800
148	6.855100	5.163600	0.141500	1.542900	0.000000	6.411200	7.298600	4.049600	5.910400	4.072300	0.437000	4.390700	5.397300	3.734300	5.892800	4.167200	14.017200	5.887400	5.453900	4.240700
149	5.713600	4.360300	0.192000	2.156600	1.186000	5.840000	7.617600	3.481200	4.988500	3.603800	0.000000	3.381100	4.695600	4.031500	5.604700	4.183600	12.897400	7.669500	3.805500	5.963500
150	0.000000	8.462800	19.426800	21.770900	24.426000	14.564300	28.393000	22.294500	13.243900	12.956600	18.236900	26.293000	26.324600	20.868600	19.740200	20.399200	36.679422	35.349770	32.312350	62.567800
151	0.410800	-0.414700	-0.675300	0.472800	0.925900	2.589100	1.512300	-2.404400	-1.175800	-0.087500	-0.238900	1.897700	0.912000	2.551700	0.000000	-0.771400	8.676600	6.951400	4.619200	1.164600
152	5.177200	3.448400	1.841100	3.415900	2.542000	4.157900	5.920700	2.199600	3.161300	3.228700	0.000000	3.159300	4.709200	3.200000	5.295100	2.987600	3.806600	2.094400	-1.040900	1.632700
153	2.049300	3.601100	2.650900	5.631000	6.277300	11.863400	1.937300	4.764900	3.203500	2.961900	2.084400	2.314400	5.684500	2.550400	4.948800	0.000000	2.716300	2.594700	1.870500	1.222700
154	5.545400	3.759600	2.137600	1.101900	0.000000	12.043900	10.985800	2.516400	4.268900	3.284400	0.488700	5.198100	5.398700	3.381200	4.976500	3.578200	23.674700	14.878700	11.978300	4.382600
155	0.722900	-1.062300	-0.241000	-1.327000	0.722900	0.491900	9.854800	-0.173200	0.000000	-1.054300	2.601200	6.008000	4.499200	3.276000	2.547800	2.404400	25.750700	16.837300	13.889900	27.120900
156	4.873300	3.526300	1.738700	2.259400	2.685500	0.000000	3.016400	2.431000	3.721100	3.362200	1.746800	2.893000	4.499900	3.162500	5.340000	4.909400	0.526500	0.618900	1.717300	2.929400
157	1.442800	1.095300	0.219100	-0.025800	-0.431800	4.699300	0.381900	0.000000	0.665400	-0.109600	-0.973500	0.014900	0.837100	0.472700	0.773900	0.759500	-0.642900	-0.350100	-0.992000	0.464000
158	1.243300	0.436700	0.522900	1.463800	0.824000	0.110100	0.894500	1.804100	1.099900	1.515500	0.632200	0.442100	-0.488300	0.660500	0.000000	-0.049900	0.084900	0.507200	0.119200	1.122100
159	1.649100	0.387000	0.000000	1.058800	2.842500	0.517800	0.560400	1.773200	1.709800	1.447300	0.383100	0.184900	-0.359300	1.344700	1.408300	1.635800	0.771800	1.034700	0.969800	1.612900
160	4.108900	3.301500	2.983800	5.086400	7.908300	5.176300	5.328900	4.192000	2.794900	3.133100	2.490200	4.464400	1.567300	3.963800	0.000000	2.384000	4.346800	5.860400	3.189500	3.295000
161	5.227400	4.007600	2.076400	0.879200	0.000000	8.306000	5.029300	2.428200	4.189300	3.162300	1.440000	5.668300	1.591600	3.417800	2.647500	1.718300	10.744100	5.180500	5.891400	9.910500
162	0.000000	3.001800	10.214600	15.766800	18.306700	18.316100	8.144200	14.260100	4.812400	5.944900	7.094300	8.429300	8.544600	6.432200	9.230100	7.922900	12.018000	8.699100	9.968900	53.722800
163	3.977000	3.172600	-0.408400	1.268300	0.000000	2.873300	2.286600	3.573900	3.701600	2.292700	-0.240100	2.221300	3.168700	2.285100	3.666700	3.016900	1.104600	0.694500	0.475400	3.034200
164	0.000000	2.938000	3.509300	4.531500	4.647700	7.083800	3.858600	3.597800	1.831600	3.611600	3.534900	3.616800	2.095200	3.482000	-1.104500	2.329000	3.353700	3.349700	3.248400	3.158200
165	1.631600	1.179900	1.332100	1.776600	1.629100	0.622400	1.777500	1.611300	1.937400	2.100300	1.671500	1.601800	0.000000	1.112800	0.690900	1.049500	1.833100	1.704600	1.667700	1.852100
166	2.135800	1.724600	1.636500	1.842000	1.717400	0.231700	2.266900	1.972600	2.022900	2.196500	1.441100	1.936500	0.000000	1.337900	0.065100	2.072200	1.732000	2.004500	1.958800	2.159500
167	0.610000	-0.525000	-1.428300	-0.711300	-1.064100	-1.014600	-0.404300	-0.212000	0.410800	-0.132400	-1.669300	-0.720300	-1.290100	-0.885200	-0.463900	0.000000	-0.429700	-0.357600	-0.272100	0.005700
168	1.377700	-0.280700	-2.235300	-1.562300	-1.938000	4.038900	0.000000	-0.162600	1.121700	0.015100	-2.137800	-1.778300	0.184800	-1.168000	0.950100	0.307300	1.615500	1.009700	0.660600	1.346000
169	0.277800	-0.542400	-0.580500	0.500300	-0.309900	1.910900	0.402500	-0.293700	-0.435300	-0.185300	-0.487900	0.000000	-0.169700	-0.113200	0.497500	-0.549000	0.981700	-0.159300	-0.495100	1.402500
170	1.488800	0.644400	0.235300	1.005000	0.450500	3.001300	0.000000	1.079100	0.589200	1.339900	-0.078100	-0.034400	0.429500	0.359300	0.836400	0.502200	0.352800	0.354400	0.284400	0.845900
171	4.245900	2.612400	0.934800	2.526200	1.932000	5.680100	2.519400	3.914200	3.811100	2.870500	1.009500	2.391700	3.273100	2.832700	3.818500	2.621900	0.000000	1.172200	0.921000	2.274000
172	2.633000	1.625600	0.000000	1.347500	0.422200	3.730400	0.345500	1.988800	2.063400	1.939700	-0.176600	1.481100	1.402900	1.181500	2.657500	2.160200	0.775200	1.509600	1.480800	1.139500
173	1.339200	0.373100	-0.160000	0.788400	0.382600	3.662000	0.000000	1.215200	0.638800	0.958300	-0.082200	0.227300	0.524800	0.353200	1.181700	0.392000	-0.026900	0.143700	0.189300	0.545700
174	-0.144600	0.193600	-0.334900	-0.663600	-0.758700	1.753500	-0.165700	0.000000	-0.385500	0.335000	-1.274600	-0.234000	0.308200	0.321100	0.645000	-0.562700	0.805000	0.032800	-0.286800	-0.583600
175	0.000000	2.127600	0.897300	3.492600	3.948200	5.230800	1.792400	3.674800	2.970100	2.190200	1.358200	-0.488600	2.721400	1.419000	3.485900	2.168600	1.879500	1.793300	1.682200	1.973900
176	1.796400	0.475500	-0.459400	0.269000	-0.459500	3.467800	-0.030200	1.241700	1.407700	1.001100	-0.439700	0.000000	0.848900	0.913600	1.549200	1.319600	0.115800	-0.096500	-0.225000	0.513800
177	1.155800	-0.193500	1.861200	-0.182200	1.321400	4.761400	6.056000	0.082100	0.305100	0.000000	3.976800	11.771300	5.839200	5.397800	4.702500	1.036700	12.088200	9.471500	7.874600	39.580850
178	-0.383600	0.969400	0.406600	2.494100	2.543900	6.498300	1.669300	2.791300	0.000000	0.974700	-0.844500	0.968500	2.787300	1.939700	3.448500	0.949100	2.202400	-1.068100	-0.173200	1.883200
179	5.090000	4.771000	4.328800	4.042600	3.657000	4.515200	7.590900	5.794600	5.049300	4.363400	1.187400	5.896600	5.730000	4.963800	5.235400	4.870500	4.485900	0.897200	0.000000	3.465300
180	2.331100	1.874300	0.000000	4.144400	2.472000	2.123600	1.389800	0.782900	0.465900	1.935000	-0.134200	1.991400	4.698300	1.036800	4.625100	-0.476800	8.179200	4.189500	1.927600	14.358900
181	2.590000	2.078000	1.869500	2.334700	1.771000	0.000000	2.134800	2.370500	2.448200	2.660700	1.576000	1.936900	1.588600	1.726600	2.142900	2.485600	1.370600	1.958100	1.980100	2.571900
182	2.790300	1.334700	0.560000	1.301500	0.419200	0.080300	1.310200	2.153600	2.469600	2.107000	0.581800	0.977400	0.000000	1.240600	1.652300	1.426200	1.279600	0.220600	-0.243100	2.159900
183	4.656200	2.719800	1.670800	3.703200	3.335200	0.198100	12.745800	1.975100	3.377000	2.929000	3.814600	9.423800	0.000000	1.430200	4.348900	3.766700	26.914200	16.527400	13.976200	13.552300
184	3.376400	2.670500	1.748600	2.709400	1.759200	5.785600	0.000000	2.333200	2.676700	3.140900	1.657500	1.743400	3.203200	2.466900	3.784900	2.666800	1.773500	2.690600	2.578100	2.440900
185	0.977100	0.194500	0.041500	0.609500	0.011700	2.300500	0.216000	0.852000	0.763800	0.859700	-0.302600	0.029000	0.000000	0.023500	0.558600	0.699900	-0.031700	-0.081800	-0.196500	0.735300
186	4.924700	3.645700	1.818600	3.813200	3.797500	4.974200	3.053600	3.209100	3.832700	4.069000	1.176600	3.002300	3.965100	3.198300	4.726300	4.296500	0.000000	2.340100	1.880800	3.754800
187	5.750600	3.994200	0.335300	2.797600	1.435800	6.490400	3.644500	4.135900	4.443300	3.991500	0.000000	3.035800	4.870800	2.828900	5.900400	4.461400	5.476800	5.681000	3.505400	3.115500
188	0.548300	-0.174300	-0.632900	0.196900	-0.445700	2.970700	-1.583200	-0.184800	-0.249900	0.253800	-1.338400	-0.438800	-0.200900	-0.375100	0.000000	-0.348200	-0.900800	-0.606600	-0.842000	-0.130000
189	0.624100	-0.204100	-0.148200	0.280000	-0.335400	2.919700	0.000000	0.444600	-0.095600	0.629700	-0.533500	-0.440000	0.401700	-0.058700	0.779000	-0.178000	-0.274700	-0.427500	-0.340800	-0.245300
190	4.911900	3.325800	0.000000	2.022600	1.377000	6.169900	3.629500	3.211400	4.455300	3.432700	0.034900	1.846200	4.652600	2.417400	4.396000	3.033200	4.769700	6.789100	1.984400	2.768900
191	3.734200	2.912700	0.861500	2.616800	1.141800	4.998000	1.420500	2.175200	3.009800	2.871600	0.000000	1.589200	3.358700	2.125300	4.683600	2.494500	0.960800	0.537700	-0.372800	1.501900
192	0.465200	0.265700	0.273200	1.900800	1.339200	4.392400	0.397400	1.573800	0.000000	0.997200	0.481000	0.250200	0.901900	0.653700	1.408600	0.313200	0.627100	0.714900	0.601400	0.090000
193	5.048000	3.663700	2.606500	3.752600	3.574500	10.353200	4.298600	3.011200	3.716500	3.439200	1.593500	4.237900	5.356800	4.360400	5.838500	4.738600	0.000000	2.022700	1.276800	4.629300
194	0.000000	2.743200	5.044300	7.448200	7.292000	10.812200	4.598700	7.224200	3.472700	3.879200	4.272300	4.549700	4.938500	5.010500	4.394400	4.531500	5.498000	5.424500	5.052200	5.461300
195	5.916200	4.356900	0.000000	2.522400	1.912500	5.210000	4.346900	3.983800	4.918600	3.776200	0.477400	2.415900	6.021700	2.828500	6.901600	2.945600	11.764800	3.810000	0.970000	3.344200
196	2.449100	1.419100	-0.103100	0.000000	-0.909800	3.893800	0.038500	0.586000	1.754900	1.020400	-0.211400	0.328000	1.105600	0.631300	1.928200	1.469900	-0.095000	0.123500	-0.138400	1.012500
197	6.471200	6.348800	3.687400	4.676300	3.776300	4.394800	6.309700	5.495700	6.884100	5.739400	4.243400	6.037000	5.616300	7.540900	0.000000	3.552700	9.264200	6.508100	6.892100	6.508000
198	2.452200	1.106000	-1.223200	0.064400	-0.630700	2.354300	6.870600	0.000000	1.122300	1.339200	-0.467000	3.913500	2.740500	1.507800	2.794200	2.063000	20.794100	7.867100	8.504500	10.851800
199	3.964200	3.013300	0.044800	1.627800	0.336000	1.092800	4.243600	2.118900	3.778500	3.099400	-0.066400	2.741700	3.065400	2.260500	3.646500	3.825400	1.238000	1.166000	0.000000	2.822200
200	2.731900	1.879400	0.192700	2.861100	2.760000	4.671500	0.000000	4.227500	2.440600	2.413800	0.242600	0.774500	2.509300	1.194000	3.153900	2.476200	0.717800	0.958700	0.380200	2.246800
201	0.649900	-0.262700	-1.082000	0.243000	-0.313600	3.907900	-0.956300	0.489200	-0.250700	-0.083500	-1.653600	-0.721400	-0.013200	-0.840100	0.389900	0.159300	-0.844000	-0.416000	-0.472300	0.000000
202	0.754200	0.000000	-1.656900	0.288400	-0.508000	2.095800	-0.992000	0.429100	-0.271700	-0.242800	-1.297800	-1.265800	0.064300	-0.106100	0.117800	-0.427900	-0.209600	-0.268000	-0.203600	-0.530100
203	1.749700	1.000300	-0.364200	2.241900	2.458500	5.295600	-0.562800	2.925500	1.651100	1.589600	0.186600	-0.114600	1.312800	0.980400	1.936100	0.000000	0.105600	-0.714400	-0.586800	-0.581200
204	2.357600	1.932600	1.951300	2.504800	2.088300	0.000000	1.568600	2.671300	2.107600	2.321100	1.970300	1.550400	1.947100	1.859500	2.359100	2.078000	2.104700	2.255500	2.201600	2.320700
205	0.739000	0.955900	0.334900	0.615100	0.414800	2.548600	-0.251200	0.622500	0.706300	0.685800	0.552500	-0.132700	0.502400	0.000000	0.442400	0.366900	0.187000	0.072300	0.043400	0.115300
206	1.082500	0.203900	-0.596300	-0.081200	-0.152300	1.629800	-0.600500	0.000000	0.514300	0.527700	-0.490200	-0.994700	0.218400	0.297000	-0.773100	0.067900	-0.551300	-0.131900	-0.156000	0.526000
207	0.376300	0.000000	0.430300	0.230700	-0.018200	1.237300	-0.131100	0.379700	0.559400	0.194300	-0.461200	-0.256000	0.025000	0.011100	0.346700	0.141900	0.745100	0.570700	0.581200	0.650400
208	0.426600	0.152700	0.435000	0.562500	0.241400	1.460700	0.303900	0.795200	0.476400	0.204700	0.252200	0.293000	-0.072400	0.271300	0.000000	0.473100	0.091100	0.259300	0.213100	0.634900
209	2.448300	1.301600	-0.842600	0.467000	0.083600	4.315100	0.000000	0.659600	1.808600	0.686900	-0.839000	-0.157500	0.823200	0.421000	1.319100	0.611200	0.283100	-0.557400	-0.392100	0.250000
210	2.666500	1.953600	0.472300	2.791500	5.750100	4.915400	3.634300	4.393400	3.191300	1.884400	0.448700	2.351700	2.805700	3.767200	4.652500	2.984100	5.595400	1.794400	0.000000	2.676700
211	3.328600	2.722600	2.793100	3.464800	4.992700	8.015100	11.235500	-1.474400	0.000000	3.738600	4.169100	6.946300	7.049500	5.510400	6.404000	2.421100	22.316600	14.747000	10.242700	16.274100
212	5.239500	3.669500	2.780800	2.632400	2.656100	10.186200	2.327500	3.665000	4.556000	3.324200	1.756500	2.692200	4.651700	3.458400	5.772900	3.154000	0.000000	1.473300	1.079200	2.617700
213	5.682400	4.242600	4.452300	3.029300	6.479900	6.143600	11.028300	3.332600	4.648900	3.965200	0.902000	4.044800	3.758600	3.555900	4.924900	3.867400	4.997400	3.070100	0.000000	3.552000
214	2.144800	1.167100	0.472800	0.849100	0.729700	-1.049600	1.726400	1.986300	1.919600	1.557200	-0.105000	1.125500	-0.061400	1.181500	0.000000	1.215600	0.860300	1.453600	3.094900	2.748900
215	1.852800	1.749200	1.343300	1.526000	1.305000	0.911300	1.290800	1.601300	1.783000	1.856700	1.846100	1.204000	1.471800	1.502400	1.622900	1.723200	1.538900	0.000000	0.965800	1.997700
216	0.869000	0.878000	0.805200	1.000000	0.801300	0.124100	0.000000	0.328200	0.039000	0.892200	0.496900	0.339800	0.776800	0.733500	1.013800	0.877400	0.457900	0.538900	0.543400	0.858400
217	0.715000	0.510800	0.120100	0.488800	0.079600	1.633500	0.319200	0.621800	0.000000	0.707300	-0.968700	0.836500	0.561100	0.388700	-0.391500	-0.015400	0.512300	0.252300	0.052900	0.933000
218	-0.539600	0.752000	0.644300	1.598900	1.652600	5.788600	-0.092400	1.319600	0.303200	0.516800	0.739300	0.000000	0.585500	-0.060000	0.440400	-0.773400	0.772200	0.604500	0.491900	0.269400
219	0.000000	-0.019800	2.180400	4.843000	6.163100	4.027500	1.686400	5.709400	1.116700	0.874500	-1.291500	1.370200	0.711900	0.791900	3.041200	2.484600	1.530700	3.002400	2.917800	8.185300
220	2.262200	1.492600	1.140700	1.708000	0.877300	0.797800	2.590200	2.730700	2.797400	2.254400	0.024000	1.769600	1.510800	2.508800	1.888800	1.866100	2.238000	0.277700	0.000000	1.979300
221	0.285900	-0.291800	-0.678500	0.027300	-0.359200	-1.683600	-0.424100	-0.650700	-0.304600	-0.150000	-0.768400	-0.461400	-0.248700	-0.521100	0.000000	-0.420800	-0.576200	-0.452300	-0.505100	-0.219200
222	0.987300	0.725800	0.763300	1.867500	1.801200	0.570400	1.020100	1.179100	0.745900	0.720400	0.977900	0.870900	0.017800	-0.016900	0.000000	-0.399300	1.217000	1.176100	1.185300	-0.092300
223	0.719600	2.279900	1.918200	3.338700	3.516800	6.564000	1.991600	2.929600	2.721600	1.886400	2.008500	1.582500	2.030200	1.395900	0.663900	0.000000	1.999600	1.772000	1.683300	2.185000
224	1.262400	0.685800	-0.124000	0.727100	0.316700	7.101200	0.000000	1.455600	0.847100	0.798200	0.210600	-0.174100	0.969300	0.157400	1.007500	0.163500	0.392800	0.051200	-0.016200	0.643300
225	0.000000	5.388700	29.642530	22.109500	32.830370	14.904700	40.859610	20.469300	9.652700	12.092000	27.660940	36.196070	27.782490	30.188580	21.029900	21.120600	66.104200	65.822100	60.322300	74.044000
226	5.133800	4.039000	0.000000	1.691900	1.696900	5.550400	4.264300	3.598700	3.901400	3.260700	0.595200	2.676100	3.851600	3.029000	5.807200	3.044600	3.483600	2.663400	0.445200	3.203600
227	3.895700	2.826000	-0.152300	3.253600	3.606000	9.291200	0.000000	3.806400	4.023000	2.732800	0.412900	0.976900	4.252500	2.120300	4.661000	2.028100	3.620900	0.236800	-0.495900	0.798800
228	3.549200	2.870200	-0.233400	0.509500	0.000000	5.061300	-0.085300	1.682700	2.566900	2.266200	0.462900	0.290900	4.833600	2.214900	3.784300	1.608700	14.172100	18.732000	16.907700	68.905600
229	0.663800	-0.587700	-3.876300	-2.943400	-3.761900	2.766400	9.026100	-2.354300	-0.385700	-1.565500	-3.089800	-2.592500	-0.043800	-0.163100	0.000000	-1.894700	23.465600	12.194700	4.999100	5.483000
230	4.514500	3.445800	0.000000	2.426100	1.836500	7.158800	7.073400	3.863700	2.679000	2.742500	0.873800	2.083400	6.085900	2.457400	6.418000	3.832700	13.307100	7.787100	3.633000	1.343100
231	4.801200	3.078100	0.000000	0.704500	-0.212500	2.280100	4.678800	2.241700	4.216700	2.255100	-0.373300	1.021600	4.370700	2.836700	4.134600	2.140100	15.469000	8.812800	1.548100	2.776700
232	6.473300	4.793100	0.000000	2.522000	1.297400	5.352300	4.703700	4.416100	6.021300	3.908700	-0.081300	3.136100	5.990800	3.197200	6.646200	4.065400	0.476800	1.761700	0.304200	3.152500
233	1.689600	0.000000	4.433900	0.636000	1.654600	3.372200	11.037600	1.376200	1.507900	1.066000	4.502000	10.521500	6.464800	8.229500	6.293300	2.569200	16.025000	14.098900	12.602000	18.092100
234	0.843500	0.177900	2.754700	1.806800	3.539600	2.968500	14.023300	-0.438500	0.000000	0.170800	4.306500	8.700800	6.744500	6.413600	2.861200	1.413900	30.612600	18.255300	5.459700	3.620100
235	0.363100	0.297700	-0.570200	0.292300	-0.044000	-0.441000	-0.266900	0.432900	0.608400	0.454300	-0.458000	-0.538600	0.181800	0.000000	0.462500	0.551000	-0.223100	-0.692100	-0.394500	0.544800
236	3.790600	2.940000	2.846700	2.592000	2.917700	0.000000	1.975000	3.046300	3.598900	3.202100	2.797500	2.749800	3.193200	2.965400	3.708300	3.672100	3.576300	3.471900	3.378300	3.904600
237	4.862900	3.212200	0.000000	1.627800	1.151100	3.487700	2.425600	3.251300	4.474800	2.404100	-0.356200	2.228100	3.468100	2.009500	4.521600	2.739800	2.600600	2.668200	-0.052100	2.934400
238	1.489500	0.000000	1.356500	1.513700	0.500800	7.930500	1.413000	2.238700	0.829900	0.698500	-0.769900	1.026000	1.622900	0.743500	1.962400	1.256700	6.827700	3.770800	4.192000	32.931220
239	-0.329300	-0.529900	-0.391400	0.143900	0.366900	3.995100	-0.124600	0.313000	-0.213100	0.395200	-0.743100	-0.378900	0.000000	-0.193400	0.634200	0.356200	0.251600	0.102300	0.058400	0.746900
240	-0.321400	-0.988500	-0.762700	0.533600	0.693700	-0.544700	-0.782400	-0.244300	-0.953400	0.000000	0.549000	-0.491100	1.236500	-0.541600	1.574600	0.351800	-0.175700	-0.461300	0.638500	0.769500
241	1.748700	0.491800	-2.022700	-0.555900	-0.707200	3.353900	1.611800	-0.197300	1.084400	0.000000	-1.651400	1.714000	1.190000	0.703200	1.706300	0.703600	5.504100	2.261400	1.662200	2.397900
242	1.115200	0.464300	-0.060200	0.000000	-0.330200	3.327200	-0.398700	1.386400	0.832600	0.358800	0.486000	0.011300	0.620300	0.259100	0.994200	0.858400	0.867700	0.534500	0.343100	0.675200
243	1.064700	0.654300	0.686800	1.567400	0.859400	5.702300	-0.169000	0.312700	-0.001800	0.493200	0.388800	-0.370100	0.000000	0.091100	-0.044400	0.530800	1.044200	0.649300	0.585000	0.854800
244	2.013100	0.938900	1.920400	-1.184100	0.187000	1.582200	2.756300	0.000000	1.534700	0.411100	0.683300	1.866300	1.258700	1.565000	1.982000	1.349400	6.016000	6.393000	3.414300	2.805900
245	0.000000	6.176100	6.144400	10.158000	10.687100	12.900900	6.334400	8.475100	6.899000	7.725900	5.728400	6.254400	5.752400	6.472600	4.286500	8.844100	9.361400	6.434200	6.603600	6.725200
246	5.848600	3.483100	0.422200	0.738200	0.000000	3.261600	4.344200	2.374000	3.802400	2.328600	1.851800	4.232800	3.634000	3.566400	4.229800	3.188900	12.848900	5.322400	4.306100	2.210500
247	5.236000	4.576800	3.812700	4.478600	3.245600	7.891400	6.082400	4.132600	3.581900	4.580900	3.067100	5.434900	3.841000	5.111000	0.000000	3.935700	6.697800	5.102100	6.138900	9.563800
248	4.013700	3.358700	2.453900	3.417600	3.229800	3.158500	3.392800	3.457200	3.880400	3.629100	1.793500	2.996600	2.976800	3.240400	3.706600	3.852900	3.617300	0.000000	1.852100	4.173000
249	0.910700	0.415900	0.059100	0.597200	0.298000	-0.242300	0.674200	0.157500	-0.680700	1.016800	-0.477400	0.256900	0.000000	0.397400	0.201000	0.553500	-0.093000	0.214400	0.037500	1.803000
250	4.506600	3.019600	-0.537200	0.940100	0.000000	8.340100	3.146000	2.676800	4.202500	3.008300	1.030200	2.926900	5.173900	3.565700	5.795900	3.542000	4.013700	5.615600	1.055200	3.989700
251	1.049400	-0.521500	-0.532300	0.969100	0.419600	3.153700	0.000000	1.588100	0.158100	-1.135600	-2.521600	-0.923900	2.342900	-0.724700	1.563600	-0.480100	2.696500	7.737500	3.328100	0.248500
252	-0.445000	-0.147500	-1.144600	1.436900	0.637300	5.385900	-0.651000	1.511400	0.000000	-0.102500	-1.160400	-0.907100	0.191400	-0.389900	0.454800	-0.157200	-0.172400	-0.978000	-1.249700	0.167800
253	2.347800	1.372400	-0.050500	2.098800	1.209400	5.294400	1.667500	1.937900	1.978500	2.000800	0.000000	0.477800	1.803500	1.897600	3.222400	1.709700	1.470400	-0.039900	-0.407100	0.909200
254	1.183500	0.828100	0.173900	1.090300	0.639500	-0.237700	0.812300	1.185700	0.924000	1.028100	0.143500	0.677600	0.000000	0.491500	0.026600	0.755200	-0.210300	0.360400	0.228800	0.917900
255	0.889400	0.690700	0.473800	1.530100	1.441200	3.338100	-0.006800	1.223400	1.098800	0.717100	0.493000	0.000000	-0.266800	-0.047000	0.235100	0.239900	1.099500	0.258300	-0.274900	0.240700
256	1.055600	1.071800	5.355300	3.498100	4.738600	0.000000	5.382700	0.953800	1.354300	1.213100	1.912100	3.189200	2.345600	0.782600	3.885900	2.539600	9.746000	4.573200	4.366500	25.736800
257	1.619300	0.649000	14.318600	7.641600	13.832500	3.950700	22.204000	2.704100	0.000000	1.888600	9.897700	18.835600	17.453900	15.517200	10.563200	9.611800	47.986950	41.990880	31.634950	31.023620
258	1.305700	0.380800	0.446000	1.481200	1.243500	-0.600500	0.824800	3.390300	0.195900	0.574100	-0.300900	0.351200	-0.678100	-0.217600	0.000000	1.055800	2.989700	3.499500	3.192200	1.420700
259	3.083000	2.310000	2.180700	1.855800	2.139900	5.176900	-0.231400	3.217900	2.568600	2.249200	1.671800	1.715900	7.205400	3.128100	8.568500	3.071300	2.508900	-0.122600	0.231500	0.000000
260	1.964800	0.000000	4.591700	2.012600	2.443800	2.638200	21.913700	2.481000	1.893300	1.678300	5.270600	12.523400	5.152400	6.694900	3.309600	3.431000	28.194670	27.699530	24.574600	25.926200
261	5.285200	3.296000	2.194700	2.328500	2.907100	0.000000	11.559700	4.205100	5.267200	3.273800	0.281500	7.249800	6.710800	4.383900	7.539200	4.703100	29.917040	19.927200	15.053200	39.483281
262	3.563800	2.468000	-1.043400	0.000000	-0.481900	4.011700	2.626800	1.440800	2.479200	1.638100	0.160800	2.778900	3.627600	1.648300	4.664800	3.099700	11.656000	5.675600	2.787100	2.795400
263	3.079100	1.728300	0.801300	2.642800	2.900500	4.242900	3.324400	1.443100	2.027000	1.884200	0.455300	3.303500	3.938400	2.281500	4.040400	3.066500	0.000000	-0.037200	-0.204600	2.174000
264	1.557600	0.000000	3.823400	-0.505500	1.028100	4.063500	9.268800	1.299600	0.380700	0.429700	3.145200	7.089100	4.806900	4.825100	5.919500	4.791500	33.223360	15.746600	15.343400	31.902680
265	1.682600	0.401800	-1.856800	-1.767600	-0.597500	2.979900	0.001700	0.000000	1.495100	0.134400	-1.475400	-0.591600	0.474500	0.019100	1.605000	1.195800	-0.379600	-1.281600	-1.773200	0.424800
266	6.412300	5.219800	1.675300	3.783800	2.734400	6.394100	5.029700	4.657400	5.594200	4.234900	1.696600	4.109100	5.898400	4.948000	6.324400	4.650600	4.369900	1.147100	0.000000	2.688900
267	1.180300	0.740800	0.699600	1.408900	0.821800	4.194500	0.000000	0.338000	-0.076700	0.377600	-0.228700	-0.121300	0.719700	0.235400	1.428500	0.732900	1.571800	1.571300	1.350000	1.237500
268	0.830200	0.758900	0.497300	0.790700	0.585900	0.031900	0.000000	0.747500	0.940000	0.656500	0.321500	0.273900	0.757900	0.504700	0.979100	0.771400	0.306600	0.577600	0.685000	0.660400