SITE	GLY	ALA	LEU	VAL	ILE	PRO	ARG	THR	SER	CYS	MET	LYS	GLU	GLN	ASP	ASN	TRP	TYR	PHE	HIS
1	0.582500	0.000000	-0.336400	-0.454100	-0.881200	-0.674400	0.399100	1.083300	1.370400	0.755000	3.144300	1.178500	3.227600	1.189300	3.200700	1.784400	0.568700	1.978700	4.152700	7.578760
2	1.178100	0.000000	5.123900	1.306100	4.667000	3.956200	5.840500	0.577000	1.211000	1.094200	1.572600	3.331700	7.775430	4.919800	6.837590	3.345700	15.735982	14.129380	13.421640	42.188100
3	3.933200	2.507300	0.406400	0.639100	0.000000	3.896200	0.632400	1.775700	2.958200	2.318600	0.710100	1.053700	2.934100	1.975800	1.922200	1.324800	3.442400	0.663300	1.110600	1.452500
4	2.126000	0.929000	0.000000	0.480100	0.251900	-0.870100	1.016700	2.134900	1.768900	1.421800	0.112300	0.769700	0.594300	1.092500	1.684600	1.744600	0.603900	0.739700	0.128800	1.363400
5	0.000000	4.037400	5.434250	9.366680	9.211380	8.823490	6.128030	8.125240	5.078400	4.923900	5.386930	5.748690	6.034410	5.511890	5.568250	5.596620	6.157180	5.816770	5.835580	6.672660
6	1.915800	1.653100	1.097000	1.872300	1.261400	0.518600	0.801500	1.955300	1.224500	1.731800	0.816400	1.101200	0.550400	0.802700	0.000000	-0.196700	1.942100	1.689300	1.197600	0.865700
7	0.630500	0.522100	-0.472100	0.823300	0.365900	0.690200	0.116000	1.087200	0.700900	0.877400	0.302100	-0.313400	0.000000	0.027600	0.512300	0.643400	0.822000	0.828400	0.763800	1.008700
8	2.332600	1.458000	-0.011600	1.844800	1.401100	3.053600	0.403700	1.402200	1.556200	1.661300	0.326300	0.211000	2.263500	0.679300	2.586800	0.796200	0.213600	0.000000	-0.410200	0.509900
9	4.080600	3.005600	0.000000	2.267800	3.015500	4.443300	2.053400	2.430200	3.609300	2.554000	0.046300	0.189700	4.611400	1.729100	4.980600	2.605200	3.549400	4.536100	2.789300	3.311400
10	8.306170	6.834070	4.809300	6.169930	5.697280	7.258320	5.457940	7.118620	6.945280	6.355850	3.692000	4.868300	7.917640	5.964520	8.180060	5.840510	0.000000	2.806100	2.034100	4.804300
11	0.317100	-0.111700	-0.290500	0.004900	-0.053700	-2.299100	-1.023400	0.009400	0.000000	0.135300	-0.318500	-0.853700	-0.729700	-0.498600	0.072400	-0.013900	-0.758000	-0.565100	-0.904600	-0.341900
12	0.000000	2.760400	2.472800	4.186800	3.871200	6.910560	1.441500	3.765900	2.874300	2.686600	2.299000	1.982600	2.787100	2.672300	3.481600	2.209500	3.299200	2.954100	2.907100	1.776800
13	0.000000	3.588100	14.452825	9.669480	12.420820	8.975690	11.310260	10.341920	7.108780	6.469670	10.133060	10.344860	14.491661	14.353223	15.169412	10.693460	22.283360	15.932952	15.706916	66.772500
14	2.015700	1.221600	-0.922300	0.000000	-0.811600	4.543300	-0.342900	0.531000	1.594800	0.546700	-0.625700	-0.586100	0.556000	0.408900	1.792000	0.589400	-0.211300	-0.646000	-0.696300	0.957000
15	6.752630	4.667900	0.440100	1.344400	0.000000	7.459640	3.843200	3.154800	4.750600	3.695700	-0.033300	2.493800	5.331200	3.752300	5.762000	3.606900	8.908250	10.879980	8.815290	7.295690
16	4.055800	2.249900	3.545500	2.715900	5.168720	0.000000	4.051000	3.993900	3.830000	3.341200	2.563900	3.986500	5.709720	3.130600	6.233840	4.011700	3.721200	2.828800	2.664500	4.333700
17	5.175800	3.721500	2.116300	1.049900	0.588800	6.329870	3.412200	2.769000	3.887000	2.966300	0.840000	3.201800	4.539400	3.784300	5.766540	4.681000	-0.129300	0.000000	-0.566100	2.849700
18	0.916900	0.652100	-0.789200	-0.949400	-0.141400	2.704800	-0.870500	0.000000	0.659500	0.041100	-1.015200	-0.771800	-0.600500	-0.025600	1.006800	0.830100	-0.443900	-0.863200	-0.458100	0.795600
19	5.812960	4.766800	1.425900	3.496300	4.062500	4.043900	4.652900	4.156600	5.626610	4.142600	0.627300	4.702800	4.912300	4.327200	5.352760	4.570700	5.283380	1.918900	0.000000	3.531800
20	0.686000	0.000000	-0.316200	1.414200	0.288900	3.404800	-0.493000	0.720100	0.468900	0.269600	-0.576700	-0.693500	0.492300	-0.719400	0.138400	-0.072200	-0.326100	-0.229700	-0.238300	0.182800
21	0.000000	1.790800	1.835500	2.992000	4.353600	5.438160	1.322200	2.799800	1.804100	1.582200	1.747400	1.237000	1.615600	1.519500	1.477000	1.297600	1.569600	1.507400	1.442000	1.438900
22	4.144100	2.810700	2.203400	0.000000	0.785500	3.706700	7.342800	2.612000	3.779000	2.498400	2.007700	4.605300	7.939280	5.919830	5.277700	2.586300	17.131790	9.869400	9.636770	21.005570
23	0.784900	1.777800	2.459700	3.259600	3.329800	0.165900	1.591500	0.845200	0.000000	2.905100	2.361100	2.601600	-0.225400	2.378500	-1.640100	0.627100	2.711700	2.134900	1.880600	1.606500
24	0.000000	-0.521100	-0.536300	-0.331000	-0.572700	-1.944500	-0.201400	-0.254400	-0.196100	0.024900	-0.610600	-0.505700	-1.697400	-0.840900	-1.267900	-0.527900	-0.424100	-0.911700	-0.998400	-0.015400
25	0.519500	0.000000	0.161800	0.467300	0.304800	-1.387900	-0.588900	0.020300	-0.113400	0.679700	0.079800	-0.101500	-1.132400	-0.276500	-0.315000	0.533100	-0.011100	0.243300	0.151600	0.659000
26	1.877000	0.038500	-1.870800	-1.306400	-1.947900	-0.580800	-0.491500	-0.284500	1.116200	0.627800	-1.415700	-0.661300	-1.032900	-0.436000	0.000000	0.398600	0.006000	-2.202700	-2.665800	-0.055400
27	1.668100	0.373700	1.798600	-0.348900	-0.700100	5.145400	-0.079300	0.572400	0.785000	-0.154800	-0.678100	-0.305200	0.233300	0.000000	2.786100	2.556100	4.139800	2.437000	2.881600	2.263900
28	0.798300	0.125800	0.117100	0.503000	0.115000	3.672500	0.061300	0.667400	0.000000	0.811900	-0.059700	0.232000	-0.234500	-0.004400	0.162500	0.134500	0.275300	0.183800	0.114000	0.366800
29	1.252200	0.000000	-0.647000	0.010100	-0.430100	2.309700	-1.153700	0.997800	1.144100	0.693700	-1.023300	-0.953600	0.119800	-0.098800	0.911500	0.876600	-0.226200	-0.239700	-1.163100	0.408500
30	5.926970	3.994300	-0.145100	1.276600	0.000000	6.851100	5.833650	3.568700	4.669500	3.735900	0.107400	2.735000	5.267100	4.053100	5.965150	3.285200	6.199540	1.772300	-0.511600	3.369900
31	2.581400	1.663000	0.000000	1.620000	0.629800	5.626900	0.943600	1.588600	1.755500	1.989600	-0.009000	0.156200	0.614100	1.028800	2.230800	1.291400	-0.025100	1.707200	1.599700	1.180200
32	0.633900	-0.120500	-0.430700	0.211300	-0.260000	2.858400	-0.500800	0.569100	0.000000	0.575200	-0.534000	-0.358900	-0.029600	-0.536600	0.515200	-0.120100	-0.075300	-0.188500	-0.332100	0.005300
33	0.000000	0.761400	10.951440	5.937470	8.569980	6.993760	11.962340	6.288780	2.738000	4.529200	8.792860	7.428630	16.419114	14.931839	10.457190	10.261870	50.133300	38.539200	34.214000	47.925800
34	5.982910	4.269100	1.457900	2.755300	1.375900	5.271700	4.798900	3.338300	4.594800	3.135500	0.000000	3.909600	4.898500	4.021200	6.149440	5.011100	7.097230	8.819280	6.429100	13.279920
35	1.039700	0.308700	-0.139100	0.768700	0.104000	5.645630	-0.030900	0.888800	0.271700	0.962600	-0.196800	-0.084000	0.562800	0.000000	1.288100	0.486200	0.000000	-0.265400	-0.363900	0.537500
36	3.100600	1.766800	1.018500	1.461700	0.771300	2.112700	2.698900	1.801300	2.186600	2.223000	1.252200	2.167000	0.000000	2.606700	2.211400	3.151300	1.643000	4.287700	2.593400	3.294000
37	5.013200	3.343400	0.000000	1.310800	0.013300	5.047000	6.267240	3.294100	3.859100	3.394000	-0.209500	3.145800	5.230600	3.050800	5.814900	3.765700	14.765670	3.243100	1.930600	3.266000
38	1.433300	0.335000	-1.238500	0.735500	0.616300	3.347100	0.848800	0.163100	0.893500	0.583900	-0.837800	-0.054300	0.000000	0.077000	2.770200	2.014400	1.550100	1.029500	1.265700	0.537400
39	0.732600	-0.318600	-0.665000	-0.103000	-0.681100	3.167000	-0.670600	-0.129400	-0.401800	0.099300	-0.927600	-0.716000	0.000000	-0.579000	0.649700	-0.317900	-0.388800	-0.329000	-0.417900	-0.442600
40	2.146600	1.643700	0.311300	0.641700	2.346600	4.494700	-0.754500	2.560800	1.582400	1.140200	0.310700	0.000000	2.803000	1.533100	3.586600	1.413900	0.370900	0.679300	0.378800	-0.431400
41	4.897200	3.389600	6.261780	2.109100	2.680100	6.797660	12.706160	0.000000	2.372500	2.868100	3.404900	6.251780	9.330670	8.090590	8.201110	3.763800	31.764600	24.572500	17.106510	22.426200
42	6.271260	6.355940	6.253340	8.074530	9.197830	6.861110	7.133530	9.410160	7.031480	0.000000	6.283120	6.853170	7.145900	7.186410	7.879190	6.953740	7.849810	7.411240	6.517370	7.031260
43	5.401900	3.439100	-0.023700	0.787400	0.000000	5.804370	6.571210	3.170000	4.362300	3.093700	0.095200	4.737200	5.060800	3.207300	5.495560	3.030400	26.429000	16.528000	8.960810	6.230210
44	3.103900	2.337100	0.697700	0.795200	0.320300	4.907900	0.000000	1.566600	2.382100	1.954000	0.472500	0.635600	2.098600	1.223700	3.309300	2.149800	1.538700	0.995600	0.793400	0.740400
45	7.530780	5.924300	1.564300	3.553800	3.812700	5.089800	3.623800	4.564300	6.919200	4.945000	1.549800	5.223800	6.988280	5.404600	7.574750	4.650800	-0.101300	0.780000	0.000000	3.894100
46	2.297400	1.693200	-0.041700	0.000000	-0.638900	4.885900	-1.338300	0.369500	1.422700	1.136300	0.018700	-0.350300	1.187400	0.206500	2.097100	0.748700	0.500300	-0.114200	-0.257700	0.116900
47	2.270500	1.623700	1.055000	1.749300	1.246500	0.000000	1.217900	1.737200	1.863000	1.680400	0.761800	1.187500	0.802000	1.124600	1.565700	1.795300	0.630100	0.498000	0.845300	1.495000
48	2.670900	1.030600	-0.026800	0.140300	0.727000	2.960000	0.000000	2.032700	2.506100	1.449000	0.088000	0.498900	2.339700	1.873400	3.210200	1.890300	1.812900	0.575900	1.893300	2.815300
49	-0.150200	-0.159000	-0.539900	0.085800	-0.531000	0.675400	-2.015800	0.000000	0.051300	-0.033700	-0.535100	-0.769100	-0.547200	-1.480100	0.021200	-0.482500	-1.369300	-0.757700	-0.936800	-1.486400
50	-0.141500	-0.128200	-0.064700	-0.073000	-0.358800	-0.415300	-0.651800	0.000000	0.294200	-0.151300	-0.653900	-0.518700	0.020300	-0.244200	0.307700	0.190600	-0.700800	-0.829600	-0.896900	-0.267800
51	1.895800	1.058200	0.904900	1.189000	0.981200	0.090600	0.628500	1.450100	0.827700	1.185400	0.228000	0.623200	0.000000	0.769500	0.720400	0.897200	-0.258200	0.276800	0.088300	0.999900
52	-0.081000	-0.109300	-0.293700	0.168400	0.071700	-0.678600	-0.567400	0.046400	0.000000	0.111300	-0.145500	-0.493500	-0.221200	-0.584300	-0.045800	-0.500200	0.093400	-0.211000	-0.306300	-0.185100
53	2.199300	1.265800	2.158300	1.206700	1.967400	1.562000	1.879700	2.123900	1.936800	1.188700	0.938500	1.237400	1.228000	1.525400	0.000000	1.111900	1.598700	0.799700	1.009900	1.282400
54	1.882100	1.541500	0.139100	3.993000	4.006100	4.121200	2.673600	4.857400	2.257500	1.577700	-0.132700	2.487200	3.774300	2.997300	3.798400	2.425500	1.066100	0.000000	-0.008600	2.097100
55	4.555800	2.944400	0.615600	0.000000	-0.229500	5.075900	4.196600	2.356100	3.961700	2.307900	-1.188200	3.282300	4.522600	2.945000	4.562100	2.671800	16.058661	11.054450	10.424430	14.530730
56	1.746900	0.566100	-1.655200	-0.611700	-0.901200	2.162900	-0.015500	0.096700	1.523300	0.138000	-1.540400	-0.680700	0.000000	-0.123000	-0.018400	0.316800	1.299500	3.893500	3.200500	3.082700
57	6.579140	4.810100	0.221100	1.453300	0.000000	6.321850	6.154700	3.922800	5.921800	3.756700	0.101900	3.975200	5.116300	3.127600	5.969700	3.630800	4.465900	4.875800	3.825600	4.594000
58	3.151700	2.436800	1.330000	1.755100	1.874500	4.802100	2.713900	1.687300	2.061500	2.281500	0.768700	1.830400	3.016300	2.469600	3.920700	3.418400	1.936700	0.634500	0.000000	2.599900
59	1.050700	0.391600	-0.296000	-1.524400	-1.773600	-0.705300	-0.321100	0.000000	-0.093000	-0.781200	-0.625700	-0.210300	0.959100	-0.108100	1.255100	0.456600	3.136000	1.587200	1.309800	2.701200
60	-0.047000	-0.010800	-0.507600	0.084400	-0.322300	-0.483500	-0.592300	0.223900	0.000000	-0.057400	-0.756900	-0.491700	-0.289100	-0.514300	-0.052400	-0.272300	0.405100	0.135300	0.139500	0.286800
61	0.000000	1.981000	3.331600	5.932330	6.193330	2.805900	3.533200	5.851620	4.095500	3.324000	3.155300	2.846200	3.192600	4.409900	2.257800	3.961100	4.663000	4.431100	3.602800	2.033800
62	2.319400	0.752700	0.310000	0.279600	0.331200	1.933600	-0.019300	0.158300	0.000000	0.573900	0.652200	0.317800	0.512600	-0.023100	0.433800	0.467200	0.563700	0.364100	0.355900	0.507800
63	0.000000	2.836500	3.009700	4.677000	4.279500	6.954940	2.530500	4.306000	2.156300	3.055300	2.781800	2.695500	3.086800	2.916700	3.178000	2.997500	2.549700	2.939400	2.976000	3.150400
64	4.550300	4.655000	4.106300	7.712440	7.929940	5.622390	5.350800	5.918510	5.390620	0.000000	4.140500	3.755400	5.961510	4.278400	7.361730	3.988200	5.601570	5.636380	5.658460	4.859300
65	0.774700	1.234600	1.270200	2.142800	1.985800	3.977700	0.877300	1.538900	0.989100	1.064100	0.921900	1.132100	1.467000	1.387800	2.261400	1.364300	0.000000	1.180300	0.835100	1.823300
66	1.354800	0.137200	3.862800	4.165000	4.889100	4.017500	11.758660	1.286300	0.000000	0.474300	1.581000	7.193650	4.466800	6.588390	5.443200	3.387200	18.247790	12.172640	8.142730	19.597950
67	1.931600	1.037000	0.260600	1.772200	1.642800	-0.829400	0.541200	2.547500	1.602400	1.260500	-0.021900	0.499900	1.096500	1.214300	1.818200	1.526400	0.214100	0.000000	-0.189300	0.864200
68	3.151800	2.467600	1.118600	0.000000	-0.334700	1.982200	1.865000	1.310400	2.911000	1.615100	0.893400	1.322600	2.276000	2.228800	2.081000	2.200600	2.050400	1.352500	1.181300	2.666700
69	0.000000	4.548400	13.188770	8.909210	10.809630	10.200010	8.720970	9.528490	6.215130	6.320920	10.034910	11.667950	13.375200	13.278030	12.190990	13.051770	17.275090	12.970120	12.650160	78.392700
70	4.520500	3.036300	1.554700	2.306800	2.048600	8.036650	0.000000	3.855700	4.201700	2.825700	1.869700	1.330100	4.888100	2.588000	4.370900	2.379100	8.598140	6.962730	6.438760	5.454100
71	2.281600	1.808000	0.640000	0.940000	0.000000	4.223100	0.863500	2.047100	2.007900	1.573400	0.231700	0.425600	1.297500	1.436500	0.747000	1.702400	1.974500	1.046700	0.985800	2.187200
72	-2.443700	0.535700	0.235300	0.655000	0.180600	2.816500	-1.442300	-0.140300	0.000000	0.266800	-0.174400	-0.237900	0.521900	-0.042100	1.456100	-0.109800	0.471700	-0.013200	-0.205500	0.646800
73	0.000000	3.332900	3.442100	4.656400	4.470700	7.470680	3.035200	4.144900	3.564400	3.499300	3.393300	2.437000	2.855600	3.050400	2.468700	3.119300	3.466000	3.403600	3.369300	3.297600
74	0.319000	0.000000	0.088800	-0.443100	0.458500	-0.830400	-0.659500	1.135000	0.005200	-0.275900	-0.923600	-1.018000	-0.870700	-0.417400	0.359300	-0.161800	0.015600	0.100800	0.082200	0.340600
75	3.335600	2.110400	-1.133300	2.111500	1.785700	6.215720	8.097810	2.019400	3.306800	1.618300	-0.836300	0.386600	3.152900	0.000000	5.011000	3.161100	13.686410	6.077860	5.273080	7.312370
76	1.537700	0.480200	-0.358900	0.860900	1.762700	-0.820100	0.002200	1.194600	1.431000	0.786100	-0.217500	0.134800	-1.047000	0.000000	1.463400	0.108100	1.260900	0.666900	0.501800	1.592100
77	4.538500	2.961200	-1.060200	0.000000	-0.833000	5.798510	3.155300	2.151200	3.973300	2.239100	-1.453600	1.941300	4.463200	2.525800	5.184700	1.585200	13.133470	11.209090	6.838150	17.794170
78	1.435500	0.018400	-0.059000	1.169900	5.063800	2.662200	3.222100	1.560700	0.000000	-0.473600	2.238000	2.405900	4.092600	4.405700	1.499400	1.738800	6.455550	5.108920	3.932400	5.986980
79	4.944600	2.957700	0.000000	1.372000	1.503800	4.854000	2.918900	3.280200	4.069600	2.567100	-0.641900	2.077500	4.977000	3.439400	5.469900	2.999100	2.543100	6.963180	3.903600	3.886300
80	1.418700	0.324000	0.141500	1.275500	1.424800	4.550600	0.407600	1.799400	1.364600	1.250200	0.717700	0.172700	0.519600	0.000000	2.119600	1.520000	1.297200	0.592100	0.374400	1.167100
81	0.786600	0.000000	-0.056200	0.777600	0.556500	1.587300	-1.248700	0.822200	0.135700	0.349900	0.132100	0.115800	0.625700	-0.093900	1.702000	-0.018800	0.718800	-0.357600	-0.152300	-0.406700
82	0.607600	0.636700	0.368500	0.466300	0.336600	2.090900	-0.116500	0.447500	0.636300	0.734400	0.281500	-0.040800	0.548900	-0.059800	0.201100	0.000000	0.145500	0.141200	0.115300	-0.000700
83	0.000000	2.161800	1.916800	4.507500	4.461900	8.016280	2.106500	4.754800	2.911000	2.355800	1.677000	2.002900	2.519800	1.840300	2.799700	2.620300	2.306100	1.824200	1.734100	2.542900
84	4.628300	3.612500	6.083190	5.219400	5.734120	7.102860	5.672540	6.124270	4.585500	0.000000	2.941900	4.684500	5.988840	5.357500	9.448440	8.524950	22.193110	29.227300	25.125070	31.139100
85	1.014200	0.200900	-1.944900	0.000000	-0.893000	0.611300	0.689400	0.280800	-0.253500	-0.210700	-1.243200	0.418100	2.544500	0.252800	2.188600	0.048300	2.139800	2.673000	2.548200	2.324700
86	0.401700	0.339200	-0.063700	0.288800	0.074600	4.914800	0.117200	-0.124300	0.083100	0.819200	0.388100	0.021000	-1.504800	0.061200	-1.396700	-0.076200	0.607400	0.000000	-0.180600	0.960300
87	1.074100	0.585600	-0.437800	0.753400	0.199200	-0.259700	-0.285000	0.835900	1.180000	1.087800	-0.467000	-0.392900	-0.454500	-0.032400	0.076800	0.772100	0.133100	0.437600	-0.816400	0.000000
88	0.000000	1.745500	13.707630	9.931810	13.177740	2.247800	15.621410	10.211410	5.525600	6.589700	7.596510	15.497930	11.543720	14.969360	13.028500	12.694100	39.222600	27.152600	24.860020	40.710300
89	1.113300	-0.360200	-2.461000	-1.610800	-2.343000	0.377500	-2.304300	0.000000	0.846100	0.046200	-2.155100	-1.936200	1.454900	-0.554000	1.932400	0.508400	1.095600	-1.455600	-1.825400	0.792300
90	5.002200	3.360100	0.175100	0.911400	0.000000	5.978720	5.046700	3.172900	4.120000	3.276500	0.036800	3.408700	5.081400	3.907900	5.562150	3.458100	8.048790	8.627910	4.624100	4.070400
91	5.032100	3.311100	-0.096400	0.952200	0.000000	5.240700	3.096200	2.436000	3.863800	3.390100	0.292800	3.394600	5.742570	3.144600	6.386480	3.277400	23.451590	6.744870	10.867580	6.983740
92	2.384300	0.990500	-0.370000	3.032300	3.738400	10.263740	1.011200	1.486800	1.821300	1.651000	0.280900	0.464300	3.851600	2.531200	5.044000	1.792500	6.979400	5.181800	3.590700	0.000000
93	-0.339500	-2.118600	-3.809100	-4.098400	-2.639400	1.344900	-1.632800	-2.613500	-1.391200	-2.167500	-3.517500	-1.143300	0.000000	-0.705500	0.759200	-1.442700	4.704800	4.399800	1.423400	28.745800
94	4.544400	3.231300	0.000000	2.015800	0.936600	6.012800	3.494600	2.867000	3.644000	3.099400	-0.424500	2.251400	4.297000	3.005000	4.984000	2.495600	1.961700	1.012800	-1.175900	1.454900
95	4.686500	2.844100	-0.116000	1.968800	2.210500	8.163070	2.447200	2.334600	3.732100	2.953200	0.000000	2.157200	5.561100	3.612600	5.787100	3.923200	10.400920	13.083870	9.393550	13.118360
96	0.569600	-0.469800	-1.163100	0.132400	0.117900	2.038600	-1.525500	0.921900	0.689500	0.103000	-0.794400	-0.440900	2.402200	0.349400	3.190900	0.472600	2.462600	1.137200	1.308000	0.000000
97	2.207200	0.000000	-1.451500	-0.930900	-0.089700	3.988600	5.838100	0.376100	0.647200	0.026000	-0.494600	1.495100	3.923100	3.485400	3.123600	1.872000	27.550300	12.798710	5.921780	23.901580
98	5.571500	3.619400	1.025800	1.030800	0.000000	6.537890	3.145000	3.401900	4.357900	3.477400	-0.464600	2.790100	5.112900	3.572300	5.997950	3.838300	10.570520	8.931720	6.781190	5.927700
99	0.000000	2.328800	6.012100	5.859700	7.074140	12.101330	14.507757	8.812130	5.783820	3.458500	6.690390	12.117810	12.084630	8.740100	10.113760	7.125270	29.572500	19.650520	15.699404	34.490100
100	5.620400	4.642000	1.787300	2.755900	1.954300	5.444300	5.826800	4.257200	4.640000	4.238200	1.169600	4.443500	5.855800	4.688400	6.706130	4.087900	6.207210	6.375890	0.000000	3.832700
101	1.757200	2.063900	0.576300	1.730400	3.926200	2.198900	0.847000	1.093800	0.703700	2.195600	0.715700	1.021300	2.935700	1.400500	3.485100	2.182100	0.634800	0.000000	-0.773700	1.758000
102	1.145300	0.116400	-1.061200	1.509700	1.322800	-1.690600	-0.244300	1.301700	0.839300	0.596400	-0.885700	-0.964400	0.154900	0.088700	2.120400	-1.037000	-1.377500	-0.146900	-0.484700	0.000000
103	0.937200	-0.068700	-0.525200	2.303300	2.652800	7.625720	2.376400	1.323400	1.465400	0.765400	-0.158500	2.714900	0.000000	2.347200	1.599400	1.557600	10.396930	8.401850	6.349000	2.654400
104	2.279300	1.096600	-2.005500	0.508400	2.894700	0.764900	0.747700	2.337200	2.405100	0.716100	-1.267500	1.163700	-0.913900	0.391800	0.233200	0.532900	4.167000	-2.399700	-1.746300	0.000000
105	1.273300	0.845500	-0.429800	1.267700	3.075300	5.350560	-1.183300	0.000000	0.920800	0.731500	0.428200	-0.564700	3.357700	1.565900	2.843000	0.299000	11.984990	13.593060	10.647620	53.619700
106	2.000100	0.951700	0.437700	2.586100	2.534600	7.740170	0.000000	1.767100	0.454600	1.557000	0.130500	0.830800	3.518800	1.794800	3.398300	1.584000	2.980900	5.168100	4.099900	4.379900
107	0.818100	0.142500	-0.310700	0.687900	0.443200	-2.149800	0.361400	1.427000	0.559500	0.764600	0.000000	0.148700	0.033100	0.297900	0.874500	0.810300	0.684100	0.681700	0.638000	1.157600
108	2.069000	1.791100	1.215300	1.473900	1.565500	2.089600	1.241700	2.375800	1.355500	1.437500	0.842100	0.654200	1.008300	1.565400	0.000000	0.777300	1.566600	0.536100	0.342700	1.589900
109	5.291200	4.258200	6.491040	5.339500	9.085130	8.727440	0.000000	2.986400	4.013900	4.631100	2.798000	2.733200	6.909050	5.624200	7.524260	4.790300	10.470380	7.024590	6.490300	7.523140
110	0.685000	0.692900	0.342900	0.893000	0.588000	0.775100	0.310100	1.112600	0.645200	0.814600	0.056900	-0.038400	-0.058100	0.188600	0.000000	-0.128800	0.636100	-0.908100	-0.662900	0.766700
111	1.231600	0.108700	-0.146200	0.740400	0.223100	4.091400	-0.109300	0.652200	0.277800	0.583600	0.169300	-0.215500	0.019300	-0.396700	0.564500	0.000000	0.424400	0.325000	0.326000	0.055600
112	3.707900	3.051700	1.517200	5.022700	5.574300	6.562110	3.228000	2.262100	3.163600	3.014200	1.082300	2.166500	2.812900	3.535600	2.613700	1.985800	1.561100	0.000000	0.396000	3.153800
113	3.571000	2.157400	1.017600	0.000000	-0.412700	5.285000	14.869900	1.117400	2.612500	1.873600	2.229100	6.056800	2.221400	4.430400	3.725100	3.613100	25.042730	17.092349	11.352320	38.754100
114	0.970200	0.376400	-0.575600	-0.029300	-0.626200	2.774500	-0.464000	0.000000	0.459400	0.385000	-1.055900	-0.686300	-0.115000	-0.308900	0.467800	0.413800	0.013000	-0.431700	-0.432600	0.612100
115	4.584200	3.232900	0.156400	1.287600	0.000000	2.291400	4.114200	2.992400	4.186400	1.702700	-0.403200	4.192800	3.125700	3.931600	3.616500	2.381200	6.747170	2.548900	2.334400	3.239200
116	0.815100	-0.202400	-1.130000	-0.233500	-0.995400	1.077200	-0.419700	1.020500	0.801400	0.116600	-1.132100	-0.976800	0.062800	-0.107200	0.375800	0.000000	-0.385500	-1.184500	-1.505100	-0.085300
117	2.412500	2.270400	0.275400	1.952000	1.224000	0.869100	0.808600	1.895800	2.183000	2.137700	-0.573000	0.750300	1.510800	1.234100	2.179800	2.177700	-0.003100	0.000000	0.355900	1.689200
118	0.513100	0.247900	0.252300	0.611000	0.355200	0.243200	-0.152400	0.693500	0.465000	0.626200	0.351300	-0.184400	0.242700	0.000000	0.476900	0.615000	-0.044200	0.302200	0.194200	0.666900
119	1.639000	0.659600	-0.060200	1.561400	1.453000	2.603800	0.347600	1.775200	1.677400	0.931300	-0.430700	0.183700	2.033200	1.252800	2.188700	0.000000	0.174600	-0.848200	-1.169500	-0.072200
120	4.110700	2.729800	1.488700	0.000000	0.284000	4.107000	10.551390	2.405400	3.239800	1.626000	4.081300	5.915070	6.670270	4.915100	4.981400	3.946500	23.220810	16.492540	12.093790	10.234730
121	2.343100	0.935600	-0.123000	0.251300	0.082900	4.370200	-0.585100	1.755800	2.194500	1.086800	0.171400	-0.450600	0.866900	0.477700	0.000000	0.596200	0.644900	0.386900	0.401400	1.046000
122	1.373100	1.758500	1.491900	1.632400	1.526900	0.000000	0.702500	1.619800	1.621400	1.534800	1.599600	1.386900	1.496400	1.311600	1.695500	1.534100	1.131900	1.410400	1.387800	1.383300
123	1.138500	1.155500	0.822900	1.291000	0.929900	1.374500	0.211900	0.432600	0.000000	0.954700	0.900000	-0.034100	1.337200	0.227000	1.167700	0.684600	1.226700	0.722100	0.671600	1.043500
124	1.903800	1.122300	-0.020400	1.309000	1.235400	6.303420	-0.274200	0.924400	0.935300	0.906400	0.000000	-0.292000	1.473900	0.388500	0.663300	-0.600600	0.776100	0.705200	0.472100	-0.085900
125	0.917200	-0.010400	-1.889200	-0.476400	-0.711200	-1.289000	-1.467300	0.000000	0.856300	0.064400	-1.626700	-1.242600	-0.309800	-0.960100	1.049500	0.273300	0.546900	0.327700	0.269400	0.109400
126	1.042500	1.068700	0.951800	1.564700	1.324900	0.946000	0.520100	1.438800	0.000000	1.202900	0.829700	0.627200	0.848800	0.891000	1.440800	0.819100	1.189300	0.730900	0.843300	1.239900
127	1.930700	0.397100	-0.938700	0.667900	0.874500	3.718400	-0.060400	0.878700	0.773400	0.541900	-0.622900	-0.497900	0.199400	0.413800	0.957000	0.000000	-0.281200	-0.465200	-0.650300	-0.279800
128	6.203080	5.365000	2.155400	4.743500	3.340900	6.298230	5.688250	6.002210	6.133910	5.071200	1.818700	4.303600	5.797560	4.552700	5.677820	5.212300	3.319400	0.567200	0.000000	4.053400
129	0.731000	0.301100	0.559600	1.258000	1.142300	2.627700	0.628200	0.927100	0.593700	0.784100	0.482800	0.520000	0.235100	0.777500	0.000000	0.915300	0.397000	0.320800	0.071200	0.922300
130	1.414700	0.640400	0.092900	0.242300	0.000000	-0.385100	-0.370500	0.915200	1.334500	1.138300	0.191100	0.222000	0.945600	0.953900	0.936600	1.442500	1.249600	1.171700	1.448400	1.477600
131	2.256600	1.127100	-0.010300	1.599400	1.135600	5.201610	0.467100	2.417500	1.420700	1.115000	-0.061600	0.171800	1.460300	0.758800	0.000000	-0.048700	1.764000	4.723200	4.149900	2.844700
132	-0.136000	-0.295300	-0.943200	-0.043700	-0.690700	-0.775900	-0.452200	0.000000	-0.038000	0.048200	-1.249500	-0.932800	-0.252400	-0.189100	-0.442900	-0.418600	-1.011900	-1.009400	-1.077100	-0.232700
133	2.027700	0.639400	0.373800	1.009900	0.663900	2.491200	0.128900	0.918500	0.959900	0.814000	-0.048600	0.108000	0.296200	0.140700	0.092400	0.236600	-0.188900	0.000000	-0.093700	0.384500
134	0.467200	-0.317300	6.680530	1.533900	6.590910	5.151800	13.653640	2.499300	0.000000	-0.499200	1.532100	4.396700	2.576200	2.580400	4.293800	2.318600	17.102480	15.313408	14.440640	7.753880
135	4.387600	3.769200	2.919200	2.715000	2.295700	6.925870	0.000000	2.810200	3.993300	3.357900	2.206700	2.225700	3.699700	2.336700	4.285500	4.005300	3.275300	3.005900	2.907000	3.900500
136	0.888300	0.836900	0.094400	0.656800	-0.210200	-0.393200	0.256600	0.964200	1.237500	0.722700	-0.755900	0.246300	0.788100	0.486900	1.010500	0.886900	0.104300	0.000000	-0.842400	0.857800
137	3.067000	1.946900	1.526900	0.000000	1.564100	1.849100	1.089700	2.340100	3.052700	1.819200	0.216100	1.112600	2.639700	2.366700	3.608700	2.713700	1.923100	2.007000	2.976200	2.215900
138	0.000000	3.904700	4.402400	6.685330	5.676660	7.897900	3.702400	5.828340	4.555000	2.941400	4.331400	3.855900	4.924300	4.737200	5.029230	3.301300	4.289200	4.437400	4.362400	4.460500
139	1.303600	0.423800	-1.088500	-0.867500	-1.114000	5.431570	0.190100	0.722800	1.186300	0.256400	-0.821100	-0.141900	0.000000	0.093200	2.028700	0.870400	3.562500	4.770800	5.093200	10.189190
140	0.423100	0.571300	0.607700	1.259500	1.190200	-0.205200	0.093500	1.085100	0.492700	0.797700	0.442200	0.054000	0.340700	0.449000	0.000000	0.315700	0.711600	0.609100	0.653100	0.754600
141	2.775700	2.268900	2.435000	1.844100	1.430600	2.484000	0.953700	2.349900	3.400200	2.317300	-0.389000	1.456700	4.633000	3.686400	4.806000	3.087000	1.112700	0.000000	-1.598200	1.631800
142	2.256400	1.209600	1.202300	0.776600	0.649900	3.759300	-0.357900	1.880200	1.261700	0.420500	-0.031100	-0.094900	0.416600	0.000000	1.397700	1.066300	-0.508900	-0.457000	-1.263100	0.463400
143	5.347000	3.903700	1.393000	2.893800	3.548300	1.719600	4.468300	3.275200	4.063000	3.296000	1.079700	3.516600	3.510200	3.572400	4.740800	4.762900	4.197600	0.000000	0.774900	3.286200
144	1.108200	1.220800	-0.195400	0.721800	0.155000	0.939100	0.214000	1.568600	1.459000	0.789800	0.118600	0.104300	0.499200	0.388300	1.009100	0.845300	0.865100	0.000000	-0.079100	1.313400
145	2.113500	1.319200	4.873800	5.070700	7.034400	8.567080	8.818560	2.830200	0.000000	2.378000	3.010700	4.572400	11.338230	5.547100	10.866400	4.213900	14.204420	7.917900	4.060700	7.944750
146	4.016600	2.344300	2.505700	0.789400	0.000000	6.946500	9.888160	3.251400	4.124200	2.441700	0.574900	4.616900	5.716800	4.163700	5.545000	2.921500	31.906600	12.960130	8.058170	9.464970
147	2.832900	2.083500	-0.025700	2.681500	3.027800	3.649500	3.588900	1.817700	2.200800	1.752400	0.000000	2.256800	4.306800	2.445400	4.993500	1.781500	21.782590	10.598350	5.974900	34.107800
148	1.853300	1.297100	3.446900	2.894600	2.271600	8.033420	5.933500	1.256700	1.913900	0.906000	-1.336200	0.881500	4.510900	1.549700	4.929800	1.836800	12.427690	3.952300	1.886400	0.000000
149	2.195400	1.950300	-0.149900	2.539300	3.719200	1.297600	-0.770200	3.108200	1.140900	2.053500	0.185300	0.104100	1.852300	1.367400	3.798500	1.630700	1.886600	0.000000	-0.453300	1.741900
150	0.000000	1.430600	2.665400	4.728800	4.908400	6.923000	5.301300	4.258900	0.972000	1.388900	4.047900	4.507700	6.997500	5.923800	5.106700	2.163200	15.045040	18.776170	17.171666	17.713316
151	1.585500	0.341200	-0.118900	0.901600	0.499700	-0.122200	-0.286400	0.438800	0.219800	0.854700	-0.599000	0.000000	1.113400	-0.309400	2.562500	1.235800	1.524200	4.881900	0.512400	2.204700
152	5.183050	4.255700	4.261100	5.857260	6.895620	4.125500	4.150500	6.209000	4.230300	4.124000	3.419300	3.899100	5.405570	3.963400	5.200330	4.636700	3.372600	0.000000	1.072300	4.234400
153	1.310900	-0.660900	0.782300	0.374200	0.360800	3.688600	-2.151800	0.966800	0.000000	-0.776800	-2.052300	0.088600	1.186200	-0.022000	0.561500	-1.980000	18.534880	11.922490	8.679550	28.293400
154	3.059700	4.090600	2.650300	4.717100	4.820200	7.777200	3.231900	5.837920	4.662800	3.789800	1.826500	2.906100	3.328000	3.226100	3.508800	3.290800	2.355800	0.635700	0.000000	3.529900
155	-0.331100	-1.668200	6.197830	3.276500	8.639170	2.334900	15.297226	1.911900	0.000000	0.513700	9.030940	15.736629	11.679480	11.427700	7.311930	7.567580	62.805100	49.474800	42.480300	38.204200
156	1.372900	0.667300	-0.150800	0.595500	0.000000	3.435400	-0.595000	1.483100	1.085200	0.804500	0.270600	-0.214800	0.787300	0.429700	1.285000	1.096000	0.984000	1.038900	1.045300	1.430700
157	2.397000	0.505600	-0.353500	0.306300	-0.141300	3.547800	-0.987300	1.203000	0.841500	0.561200	-1.190300	-0.404600	0.692600	0.000000	0.929100	0.532200	-0.196800	-0.202300	-0.102200	-0.050300
158	0.809100	0.341000	-0.086300	0.208500	0.184300	-1.094100	-1.104600	0.355000	0.594500	0.376300	-0.187900	-0.183400	0.392400	-0.125400	0.613200	0.495900	0.000000	-0.813100	-0.324900	0.346000
159	0.000000	2.556300	3.073800	4.688900	4.606600	8.187650	2.814800	5.830110	3.760100	2.569000	2.864100	2.997400	3.236200	3.261600	3.596300	2.705200	3.095500	2.801400	3.016500	3.445200
160	0.597900	1.334600	-0.269300	0.000000	-0.049600	4.016000	-0.242300	0.128300	0.428100	1.268100	0.266200	-0.558900	-0.074300	0.764100	1.611200	0.146100	0.583400	-0.473100	-0.539100	1.178100
161	2.709300	1.859000	0.000000	0.874600	1.476900	3.189700	0.429600	2.592600	2.420300	1.438200	0.203900	0.106600	1.267100	0.818900	1.579400	0.792700	1.496300	0.248300	0.028100	0.686400
162	2.444000	1.397200	0.358400	0.902900	0.769100	0.064700	0.964700	1.896500	2.224500	1.698000	-0.162600	0.917800	0.000000	1.197400	2.552500	2.382000	2.109800	2.376900	2.048600	2.579800
163	2.756800	1.263600	5.495010	1.083900	3.896400	3.273700	18.203780	0.000000	1.516500	1.460200	6.853570	12.298680	11.450840	9.722300	3.753200	2.305900	42.152500	29.334500	22.887900	29.460000
164	5.552700	3.984600	0.310800	0.938100	0.000000	6.653250	4.847100	3.188700	4.865900	3.223900	0.415000	3.712000	3.853900	3.916700	4.524200	4.114700	12.348310	9.840090	9.515440	8.946800
165	1.706900	0.914700	-0.158600	0.000000	-0.606500	3.642600	0.025900	0.605600	0.802100	0.464000	-0.478300	-0.052400	-0.001300	-0.045900	0.052100	0.145400	-0.081500	-0.170700	-0.349700	0.268400
166	3.928500	2.245400	8.133380	4.534600	4.834000	0.000000	14.667428	3.824700	3.939600	2.794400	2.469500	11.704840	4.526200	4.718500	4.465700	3.496200	12.268770	14.478650	12.427680	8.694540
167	0.968100	0.574300	0.000000	0.354100	-0.189200	5.887780	-0.048500	1.471400	0.729000	0.173500	-0.150800	-0.001400	0.664200	0.517000	0.722500	0.834300	0.980100	0.925900	0.895100	1.027800
168	1.125600	0.477700	-0.409500	0.690700	0.127400	2.881200	0.093700	0.292200	0.316700	0.197700	-0.422300	-0.148400	0.117100	0.000000	0.713100	0.014200	0.048100	-0.313800	-0.541100	0.123100
169	0.301000	0.023600	0.109800	0.142100	0.226800	-0.625500	0.129400	0.120700	0.173300	0.261900	0.178300	0.127000	-0.474800	-0.188200	-0.316600	0.000000	0.153500	0.115200	0.089400	0.190000
170	0.000000	2.351700	2.164800	4.659300	4.464200	7.175870	2.157300	3.133100	2.464300	3.898700	2.152600	2.338100	2.178000	2.117400	2.432400	2.079400	2.221700	1.940200	1.893000	2.108000
171	4.860000	3.161600	1.163900	0.488600	0.000000	4.903900	2.841900	2.409700	3.999000	2.374800	1.304900	2.492300	2.827900	2.277200	3.116200	3.757400	3.973400	6.283070	5.922210	4.867600
172	1.282100	0.577700	-0.132500	0.239600	-0.066400	1.629500	-0.112400	0.152600	0.485000	0.362600	0.022200	-0.247900	0.261400	-0.419700	0.000000	0.050700	0.560000	0.140000	0.199100	0.720300
173	5.047500	3.796500	0.000000	2.193200	1.469100	1.551000	9.883340	3.619800	3.973900	3.043700	1.497400	5.484700	3.166200	3.469500	3.594500	4.043400	16.875650	10.503220	6.828010	4.473800
174	0.005900	-0.075200	-1.443300	-1.103400	-1.152000	-0.706800	-1.462900	0.000000	-0.525100	-0.886600	-1.820900	-1.935800	-0.613400	-1.001400	0.880100	-0.649600	-1.604300	-1.711900	-1.349700	-0.758800
175	1.804900	1.025700	-0.569700	1.606400	2.098800	-0.406300	0.521700	2.646000	1.935800	1.001800	-0.500300	0.047200	0.019500	0.418100	0.000000	0.790900	1.303000	0.367100	-0.480000	0.807500
176	3.783800	2.506100	8.087280	3.589300	4.692700	0.000000	10.801240	3.866700	3.360200	2.683600	1.597200	6.201840	3.776300	2.843500	4.560100	2.751900	17.578230	8.023370	6.837940	11.146620
177	1.870900	0.855200	0.609300	1.605000	1.469900	0.418900	0.578700	1.635100	1.575600	1.615900	0.676100	0.369500	1.645600	0.868600	2.516200	1.565400	1.310900	0.000000	0.688600	2.048400
178	0.796700	0.349000	-0.324600	1.074700	0.522000	6.902400	-0.070200	1.235700	0.711800	0.249900	-0.493500	-0.324900	-0.023900	-0.373600	0.000000	0.183000	0.354900	-0.274500	-0.350800	0.364800
179	1.846600	1.035400	0.171800	1.140500	0.757800	4.695000	-0.564800	1.437100	1.506800	1.147900	0.394900	0.000000	1.529500	0.961300	2.679200	1.364900	1.241900	0.423600	-0.057700	2.050100
180	0.132100	0.000000	-0.277600	0.171600	0.021500	-0.577700	-0.893400	0.091600	0.167500	0.089000	-0.314000	-0.975900	-1.142900	-0.930400	0.059000	0.223500	0.165400	-0.133600	-0.146900	0.325000
181	0.623500	0.647800	0.857700	0.949500	0.711200	2.917600	-0.643000	1.090200	0.068400	-0.003000	0.671600	0.531500	0.832500	0.239100	1.685900	-0.101000	0.473000	0.279600	0.252600	0.000000
182	5.224500	3.768100	0.335600	3.162500	2.137300	4.095200	5.302100	5.119000	3.835700	3.714400	0.000000	4.154800	7.010900	3.800400	9.117940	5.584200	19.812880	24.986520	16.033210	45.497900
183	0.639300	0.591600	0.000000	1.089500	1.135700	0.937300	0.694500	0.662800	-1.078400	1.153900	0.153800	0.503300	-0.994200	1.186900	-1.040200	0.295400	2.000700	0.404100	0.278000	1.199900
184	1.108700	0.563300	0.273000	0.629300	0.118500	-1.410900	-0.114300	0.799000	0.927000	1.040300	-0.121100	-0.161900	-0.626200	0.000000	-0.225400	0.681100	0.208100	0.641400	0.493200	1.023100
185	0.521900	-0.674000	-0.340200	-0.242700	0.225900	-1.204300	-0.269300	0.000000	0.306400	0.081600	-0.384300	-0.335400	-0.511500	-0.579300	1.316900	0.093400	0.397800	-0.532500	-0.705400	1.112800
186	4.715100	3.107400	4.041500	3.040800	5.277200	4.282900	12.084880	3.774600	4.374100	3.223300	4.958300	8.550200	4.930100	4.556000	0.000000	1.428700	30.066100	22.391140	21.840290	21.407540
187	1.694700	0.000000	2.723700	1.607500	1.175800	2.844300	1.164200	0.067300	0.742200	1.629100	1.126700	0.536000	2.400700	2.003800	4.818300	3.731800	10.110860	8.389870	6.589740	20.775070
188	0.960100	-0.101800	-0.737100	-0.085200	-0.703700	3.468100	-0.639000	0.522400	-0.013500	0.597900	-0.640300	-0.670200	-0.009300	-0.209100	0.035700	0.000000	-0.300400	-0.821800	-1.002900	0.403100
189	0.828200	-0.601100	-0.867900	-0.657300	0.133200	2.339800	-2.459700	-0.352700	-0.036300	-0.076700	-1.956600	-0.715800	0.725000	0.000000	3.100400	1.426600	7.435340	8.519990	9.126710	27.619800
190	4.847400	2.744700	0.946300	0.743400	0.000000	5.772100	6.231610	2.435200	4.240400	3.169900	0.472800	3.593900	5.563500	2.889400	5.830900	4.580300	18.146510	18.861510	10.832220	15.197590
191	1.402100	0.384000	-0.793500	-0.049300	-0.738800	2.944900	-0.887400	-0.255600	0.566500	0.547400	-0.695300	-0.777000	0.714700	-0.218500	1.189800	0.000000	1.062600	0.574800	0.108400	0.842700
192	1.428700	0.208000	-0.193700	0.305800	-0.203000	3.978400	-0.346000	0.155900	0.806900	0.910400	-0.441700	-0.170300	0.687900	0.134300	1.367200	0.000000	0.040400	0.104400	0.032700	-0.074400
193	5.034000	3.211000	0.000000	2.723800	3.453000	8.221750	5.078400	2.457600	3.932400	3.364900	0.173700	3.442800	3.614700	2.552500	4.698400	4.157600	10.065700	5.890600	2.748900	4.638900
194	8.428030	7.585470	3.646700	7.455190	6.772880	11.484110	5.172100	6.323530	7.884540	7.032960	3.503600	5.175800	9.076960	6.558800	9.363190	5.865560	10.787670	0.000000	2.140000	5.492610
195	0.591900	0.236600	0.373500	0.698000	0.488200	2.663400	-0.519400	0.000000	0.154400	0.380500	0.094000	-0.274500	1.043300	0.108900	2.044100	0.868200	1.181500	0.113200	0.991200	1.112600
196	0.498700	0.474100	0.025500	0.496300	0.428900	0.668100	0.078500	0.536300	0.572700	0.586900	0.535800	-0.039800	0.486600	0.118200	0.509100	0.000000	0.593900	0.638400	0.636300	0.878500
197	1.084200	-0.338800	-1.252800	4.171500	0.835200	-0.111400	0.278100	1.663100	-0.025600	0.233000	-1.660500	-0.471300	0.000000	-0.185800	0.557300	-0.203500	1.973500	-0.672800	-1.434500	-0.444800
198	6.495520	6.632900	6.625980	6.495200	7.369860	9.178990	8.734680	9.247180	8.609050	0.000000	5.973600	7.393930	8.865520	10.027490	9.627420	7.334620	15.110890	15.628074	14.415914	9.410200
199	-1.917300	-0.187700	0.099800	0.921000	0.647600	4.672800	-1.577500	0.723600	0.000000	-0.144800	0.679100	-2.366400	0.662200	-0.801900	0.868600	-0.623600	0.741200	-0.043200	-0.091800	-1.256100
200	1.444700	1.156000	0.000000	0.964400	0.080100	3.419200	0.253700	1.307700	1.498900	1.088200	-0.314700	0.336500	1.218700	0.628100	1.558600	1.396500	0.430400	0.660100	0.581900	0.946700