SITE	GLY	ALA	LEU	VAL	ILE	PRO	ARG	THR	SER	CYS	MET	LYS	GLU	GLN	ASP	ASN	TRP	TYR	PHE	HIS
2	0.115000	0.944000	0.794000	1.802000	1.608000	1.374000	0.635000	1.691000	0.429000	0.674000	0.714000	0.914000	0.508000	0.686000	0.000000	0.687000	1.128000	1.229000	1.178000	1.310000
3	0.878000	0.248000	0.050000	0.919000	0.305000	-0.821000	0.000000	1.304000	0.890000	0.904000	-0.075000	-0.242000	0.297000	0.309000	0.881000	0.930000	0.838000	0.141000	-0.218000	1.268000
4	0.110000	0.109000	-0.170000	0.386000	0.357000	-0.481000	0.155000	0.275000	0.169000	0.317000	-0.152000	-0.133000	-0.133000	0.000000	0.012000	0.284000	0.432000	0.120000	0.040000	0.542000
5	-0.211000	0.083000	-0.591000	0.477000	-0.234000	-0.625000	0.049000	0.091000	-0.547000	-0.004000	-0.602000	-0.426000	-0.286000	0.000000	-0.415000	-0.356000	-0.092000	-0.163000	-0.289000	0.319000
6	2.012000	0.000000	8.526000	4.649000	5.359000	9.874000	8.847000	4.683000	2.183000	2.945000	5.130000	6.419000	8.576000	7.273000	7.193000	6.796000	1.820000	26.683000	16.667000	1.485000
7	0.668000	-0.156000	-0.435000	0.709000	-0.086000	1.140000	-0.227000	0.796000	0.682000	0.266000	-0.806000	-0.295000	0.000000	-0.111000	0.470000	0.654000	-0.419000	-0.236000	-0.336000	0.410000
8	0.744000	0.418000	-0.344000	0.303000	-0.247000	2.504000	0.000000	0.700000	0.550000	0.720000	0.157000	-0.053000	0.145000	0.098000	0.755000	0.302000	-0.082000	-0.282000	-0.504000	0.422000
9	1.619000	0.561000	-0.303000	0.620000	0.628000	2.125000	0.000000	0.810000	1.072000	0.724000	-1.134000	-0.134000	1.236000	0.233000	1.507000	1.356000	1.109000	-0.961000	-0.654000	1.278000
10	1.863000	0.000000	-1.334000	0.100000	0.501000	3.604000	0.217000	0.952000	1.001000	0.404000	-1.469000	-0.601000	1.752000	0.412000	3.256000	1.272000	12.948000	5.246000	4.508000	2.152000
11	1.050000	0.000000	0.535000	1.004000	0.502000	4.909000	0.813000	0.682000	0.048000	0.860000	0.268000	0.694000	0.351000	0.721000	0.947000	0.757000	0.426000	0.284000	0.539000	1.491000
12	1.133000	0.092000	-0.677000	0.126000	-0.576000	1.946000	-0.187000	0.225000	0.525000	0.897000	-0.989000	-0.356000	0.000000	-0.200000	0.686000	0.848000	-0.096000	-0.375000	-0.411000	0.389000
13	4.223000	2.998000	0.000000	3.105000	2.314000	10.420000	2.612000	4.873000	4.972000	3.402000	1.029000	2.974000	5.282000	3.286000	5.192000	3.912000	2.706000	1.436000	1.256000	3.178000
14	2.139000	0.915000	-0.291000	0.333000	-0.267000	9.242000	0.000000	1.554000	1.435000	1.368000	-0.259000	-0.295000	1.792000	1.039000	1.527000	1.459000	3.054000	3.787000	-0.003000	2.167000
15	0.909000	0.097000	-0.670000	0.172000	-0.452000	3.975000	0.326000	0.456000	0.401000	0.734000	-0.468000	-0.028000	0.000000	-0.320000	0.434000	0.453000	-0.075000	-0.202000	-0.386000	0.460000
16	3.046000	1.596000	0.000000	1.513000	1.507000	5.656000	0.902000	2.492000	2.913000	2.316000	0.040000	0.629000	2.315000	1.164000	3.067000	2.049000	1.195000	0.962000	0.712000	1.388000
17	5.275000	3.629000	0.000000	2.321000	1.288000	5.871000	9.104000	4.224000	5.365000	3.690000	1.370000	4.786000	5.067000	2.884000	5.227000	4.362000	13.097000	12.465000	7.857000	11.412000
18	0.888000	-0.039000	-1.107000	0.129000	-0.714000	3.603000	0.416000	0.093000	0.696000	0.600000	-1.251000	0.521000	0.477000	0.108000	0.861000	0.000000	-1.089000	0.153000	-0.446000	-0.135000
19	0.849000	0.220000	-0.494000	0.287000	-0.400000	3.878000	0.000000	0.678000	0.809000	0.413000	-0.888000	-0.253000	0.228000	-0.227000	0.111000	0.201000	-0.485000	-0.520000	-0.812000	0.212000
20	2.749000	1.859000	0.358000	3.567000	3.926000	3.377000	1.147000	3.205000	2.699000	2.777000	0.017000	1.039000	1.532000	1.488000	1.597000	2.124000	1.909000	0.000000	-0.118000	1.808000
21	0.000000	0.302000	-0.554000	1.064000	0.414000	4.388000	3.445000	1.413000	0.730000	0.214000	-0.863000	0.813000	0.415000	0.633000	2.558000	1.709000	4.366000	3.844000	2.996000	27.654000
22	2.793000	2.111000	-0.057000	1.221000	0.444000	6.301000	1.839000	0.885000	2.156000	2.096000	0.119000	1.499000	2.082000	0.954000	2.780000	2.168000	0.089000	0.000000	-0.183000	1.781000
23	1.206000	0.145000	-0.941000	0.031000	-0.683000	-0.268000	-0.084000	0.047000	0.846000	0.360000	-1.075000	-0.314000	0.000000	-0.339000	0.823000	0.805000	-0.531000	-0.803000	-0.796000	0.517000
24	1.779000	1.299000	0.401000	3.162000	2.430000	2.829000	1.016000	2.447000	2.477000	1.627000	0.593000	2.203000	2.451000	1.805000	2.608000	2.416000	-0.709000	0.000000	-0.211000	1.762000
25	1.278000	0.493000	0.723000	1.423000	3.700000	-0.450000	1.265000	1.821000	1.464000	1.107000	-0.519000	0.767000	1.502000	1.253000	1.714000	0.425000	0.407000	0.000000	-0.656000	1.198000
26	3.684000	2.715000	0.384000	0.000000	-0.153000	5.343000	1.857000	2.429000	3.808000	2.278000	0.557000	1.948000	1.786000	2.547000	2.708000	1.842000	9.837000	4.204000	4.801000	3.013000
27	2.360000	2.115000	0.000000	2.091000	1.396000	3.435000	0.947000	2.349000	2.567000	1.616000	0.452000	0.238000	1.589000	1.057000	1.574000	2.073000	1.359000	0.724000	1.066000	1.486000
28	-1.152000	0.592000	0.449000	2.862000	3.303000	6.414000	0.152000	2.219000	0.126000	0.367000	0.550000	-0.147000	0.335000	-0.009000	0.000000	-0.119000	0.560000	0.294000	0.230000	-0.617000
29	1.949000	1.414000	0.178000	1.004000	0.436000	6.313000	0.000000	1.603000	1.806000	2.054000	0.325000	0.015000	1.255000	0.827000	1.161000	0.955000	0.681000	0.260000	0.213000	1.235000
30	0.738000	1.189000	2.043000	3.163000	4.184000	0.000000	1.950000	3.299000	2.097000	2.350000	1.824000	1.837000	1.831000	2.093000	1.911000	2.618000	1.847000	1.806000	1.452000	2.143000
31	0.213000	0.255000	0.138000	0.645000	0.697000	4.961000	0.158000	1.902000	0.000000	0.186000	0.003000	0.831000	0.358000	0.473000	0.325000	0.506000	1.097000	0.829000	0.843000	1.186000
32	-3.155000	-1.724000	-1.496000	0.000000	-0.430000	0.203000	-1.677000	-0.035000	-0.933000	-1.136000	-1.786000	-1.652000	-2.343000	-1.401000	-0.969000	-1.101000	-1.630000	-1.630000	-1.695000	-1.197000
33	1.910000	0.346000	1.743000	0.498000	0.338000	0.000000	0.106000	0.496000	0.603000	0.396000	1.508000	0.322000	0.170000	1.089000	-0.770000	-0.385000	1.380000	0.046000	-0.034000	1.794000
34	-0.490000	0.147000	-0.604000	0.188000	-0.460000	0.751000	-0.744000	-0.109000	-0.462000	-0.066000	-1.199000	-0.584000	0.086000	-0.074000	0.000000	-1.182000	1.202000	0.486000	0.257000	-0.026000
35	0.109000	0.000000	0.140000	0.368000	0.097000	0.301000	-0.136000	0.627000	0.053000	-0.028000	-0.243000	0.164000	-0.071000	-0.142000	-1.121000	-0.181000	-0.149000	-0.083000	-0.174000	0.126000
36	0.880000	0.210000	-0.742000	0.293000	-0.441000	-0.739000	-0.453000	0.589000	0.722000	0.361000	-1.081000	-0.883000	0.000000	-0.161000	0.384000	0.663000	-0.589000	-0.897000	-1.196000	0.160000
37	3.733000	3.404000	2.232000	4.333000	4.058000	2.744000	4.152000	3.725000	3.442000	3.842000	1.730000	3.728000	4.790000	4.217000	4.618000	4.033000	2.701000	0.000000	0.337000	2.398000
38	0.361000	-0.406000	-0.719000	-0.014000	-0.589000	1.525000	-0.763000	-0.403000	-0.599000	0.336000	-0.946000	-0.753000	-0.311000	-0.680000	0.000000	0.044000	-0.919000	-0.910000	-0.650000	-0.481000
39	1.223000	0.367000	-0.210000	0.549000	-0.060000	3.796000	0.000000	0.891000	1.195000	1.105000	-0.160000	-0.041000	0.510000	0.386000	1.010000	0.920000	0.007000	-0.222000	-0.297000	0.682000
40	3.533000	2.035000	0.000000	3.240000	3.166000	7.877000	1.639000	4.441000	3.498000	2.683000	0.258000	1.664000	4.133000	2.384000	4.512000	3.142000	2.047000	0.801000	0.278000	2.687000
41	3.546000	2.583000	0.877000	2.614000	2.214000	7.916000	2.991000	1.765000	2.455000	2.822000	0.000000	2.087000	2.448000	1.410000	3.554000	2.048000	2.136000	4.456000	0.495000	2.832000
42	1.217000	0.446000	0.059000	0.790000	0.187000	4.346000	0.195000	1.014000	0.432000	0.948000	-0.079000	0.096000	0.845000	0.000000	1.192000	0.456000	0.060000	-0.340000	0.430000	0.399000
43	0.568000	-0.685000	-1.405000	-0.975000	-1.534000	2.223000	-1.287000	-0.697000	-0.361000	0.047000	-1.584000	-0.993000	0.000000	-0.882000	0.262000	-0.166000	-1.260000	-1.260000	-1.474000	-0.083000
44	4.726000	3.482000	0.000000	1.233000	1.908000	5.747000	3.572000	3.136000	4.381000	3.303000	1.035000	2.052000	6.403000	3.319000	6.719000	3.413000	19.957000	4.443000	3.786000	4.681000
45	1.652000	0.974000	-0.690000	0.707000	0.000000	4.266000	0.195000	1.882000	1.987000	1.543000	-0.032000	-0.035000	1.115000	0.956000	2.507000	2.077000	0.518000	0.247000	0.438000	1.622000
46	0.975000	0.000000	-0.400000	0.830000	0.117000	2.349000	-0.222000	1.047000	0.117000	0.712000	-0.476000	-0.369000	0.459000	0.153000	1.522000	0.843000	0.133000	0.028000	-0.122000	0.748000
47	2.682000	1.262000	-0.541000	0.104000	0.000000	3.862000	1.406000	1.369000	1.889000	1.779000	0.559000	1.195000	3.222000	0.519000	2.445000	1.067000	1.131000	0.499000	-0.103000	1.163000
48	2.006000	0.863000	-1.817000	0.450000	0.027000	2.345000	1.473000	0.046000	1.453000	1.091000	-1.717000	2.177000	0.000000	0.568000	1.946000	1.323000	2.697000	-0.028000	-1.084000	0.294000
49	-0.410000	-0.643000	-1.077000	-0.222000	-0.732000	1.489000	-1.016000	0.100000	-0.125000	0.060000	-0.776000	-1.027000	0.000000	-0.847000	0.805000	0.052000	-1.022000	-1.022000	-1.151000	-0.219000
50	0.672000	0.541000	0.355000	0.640000	0.454000	0.206000	-0.852000	1.414000	0.665000	0.552000	-0.215000	-0.360000	1.154000	0.000000	1.024000	0.441000	0.296000	0.224000	0.153000	-0.446000
51	2.770000	1.263000	-0.779000	1.440000	1.533000	4.333000	1.014000	3.069000	1.985000	1.077000	-0.331000	0.498000	2.270000	1.757000	2.904000	0.531000	-0.918000	0.000000	-1.288000	0.166000
52	2.423000	1.914000	2.153000	2.673000	2.195000	0.000000	0.819000	2.613000	2.081000	2.567000	2.306000	1.024000	1.914000	1.890000	2.623000	2.125000	2.397000	2.158000	2.046000	2.465000
53	0.338000	-0.030000	-0.499000	-0.385000	-0.450000	0.424000	-0.266000	0.400000	0.202000	-0.305000	-0.539000	-0.197000	0.000000	-0.156000	0.061000	-0.010000	-0.416000	-0.448000	-0.574000	0.050000
54	3.566000	2.831000	0.000000	1.150000	0.821000	6.572000	2.140000	1.912000	2.408000	2.144000	0.108000	2.030000	3.786000	2.749000	3.508000	2.676000	3.257000	-0.140000	-0.051000	2.541000
55	1.406000	1.024000	-0.229000	1.498000	1.599000	3.881000	0.232000	1.707000	0.444000	2.126000	0.001000	0.000000	1.597000	0.587000	3.013000	1.572000	5.212000	6.844000	6.478000	1.578000
56	0.029000	-0.482000	-0.073000	1.087000	1.457000	0.368000	-0.192000	0.000000	-0.612000	0.376000	0.190000	-0.026000	0.422000	-0.307000	0.617000	-0.128000	0.201000	-0.872000	-1.601000	0.571000
57	0.556000	0.368000	0.193000	0.918000	0.496000	-0.828000	0.109000	0.323000	0.000000	0.958000	0.104000	0.006000	0.523000	-0.140000	0.783000	-1.280000	0.908000	0.743000	0.362000	0.867000
58	-1.300000	-0.998000	0.102000	-1.253000	1.449000	-2.517000	-0.297000	0.405000	-0.713000	-1.696000	0.402000	1.888000	-0.108000	-0.918000	0.000000	-1.481000	3.487000	5.183000	3.926000	14.215000
59	2.206000	1.462000	0.992000	3.703000	5.757000	7.227000	5.698000	3.030000	0.000000	1.591000	3.329000	3.126000	4.865000	3.858000	3.256000	5.036000	17.863000	8.556000	4.050000	32.097000
60	4.663000	3.257000	1.798000	3.279000	2.959000	0.000000	4.691000	4.301000	4.721000	3.778000	1.783000	4.046000	2.460000	2.994000	4.120000	4.027000	4.621000	4.640000	3.476000	4.790000
61	1.097000	-0.065000	1.805000	1.282000	2.001000	0.489000	-0.332000	0.000000	-0.090000	0.457000	-0.026000	-0.053000	2.255000	1.663000	3.246000	1.133000	2.237000	-0.002000	-0.269000	0.870000
62	0.678000	-0.586000	-1.213000	0.861000	0.458000	4.761000	-0.567000	1.037000	0.483000	0.172000	-0.448000	-0.304000	0.556000	0.000000	1.035000	-0.175000	2.381000	0.706000	0.130000	1.319000
63	1.372000	0.918000	0.560000	0.406000	-0.148000	2.169000	0.000000	0.556000	0.806000	0.696000	-0.412000	-1.279000	0.832000	0.649000	2.395000	1.647000	0.752000	0.993000	0.363000	1.462000
64	0.985000	0.947000	-0.335000	0.885000	0.000000	3.756000	0.304000	0.278000	0.989000	1.014000	-0.509000	0.234000	0.725000	0.514000	1.252000	0.791000	0.830000	0.328000	-0.253000	0.932000
65	0.000000	5.427000	18.848000	17.706000	19.441000	12.284000	26.943000	16.937000	9.422000	10.257000	15.106000	22.521000	21.907000	17.461000	15.392000	14.539000	52.025000	44.348000	39.047000	36.273000
66	0.000000	1.767000	1.332000	2.216000	4.171000	0.164000	1.088000	2.820000	2.136000	1.866000	0.945000	1.588000	1.268000	1.433000	0.067000	0.989000	3.340000	2.222000	1.784000	2.638000
67	1.212000	1.178000	0.934000	1.562000	1.632000	0.000000	0.590000	1.395000	1.131000	1.192000	0.881000	0.775000	0.688000	1.093000	1.159000	1.139000	1.096000	0.644000	0.583000	1.244000
68	1.404000	1.391000	1.182000	1.723000	1.326000	0.000000	0.992000	2.083000	1.533000	1.194000	0.556000	0.880000	1.838000	0.826000	1.819000	1.976000	1.799000	1.277000	1.253000	1.717000
69	2.033000	1.497000	0.000000	1.381000	0.804000	2.599000	0.277000	2.211000	0.156000	1.320000	-0.134000	0.556000	1.744000	0.710000	1.614000	1.121000	0.780000	0.789000	0.023000	1.387000
70	-0.084000	0.062000	-0.468000	0.046000	-0.081000	-0.084000	-0.847000	0.047000	-0.007000	0.040000	-0.376000	-0.346000	0.000000	-0.659000	-0.276000	-0.662000	-0.701000	-0.418000	-0.442000	-0.585000
71	-0.701000	0.000000	0.351000	0.316000	0.338000	1.721000	-0.090000	0.055000	-0.306000	0.001000	0.200000	0.128000	0.184000	0.232000	0.321000	0.207000	-0.171000	-0.102000	-0.122000	0.358000
72	3.450000	2.839000	0.889000	2.036000	1.408000	2.764000	1.201000	2.649000	2.795000	2.242000	0.893000	1.265000	3.427000	2.268000	4.059000	2.857000	2.171000	0.703000	0.000000	2.923000
73	0.950000	0.724000	0.097000	0.940000	0.566000	0.475000	0.000000	0.856000	0.799000	0.735000	0.178000	0.145000	0.797000	0.024000	1.157000	0.744000	0.307000	0.517000	0.446000	1.025000
74	1.387000	1.034000	0.426000	1.113000	0.886000	0.954000	0.259000	1.160000	1.595000	0.905000	-0.168000	0.000000	0.939000	0.669000	1.323000	1.078000	-0.109000	0.072000	-0.058000	0.760000
75	3.187000	1.921000	0.494000	0.000000	0.515000	7.584000	3.034000	1.674000	2.590000	1.632000	1.579000	2.427000	2.866000	2.353000	4.109000	3.036000	5.959000	5.335000	5.879000	5.059000
76	0.179000	0.000000	-0.575000	0.071000	0.064000	-0.053000	-1.025000	-0.416000	-0.434000	1.067000	0.245000	-0.832000	-0.277000	-0.410000	-0.381000	0.033000	0.198000	-0.611000	-0.826000	0.194000
77	0.286000	0.099000	-0.360000	1.310000	0.933000	2.512000	0.124000	1.602000	0.690000	0.229000	-0.646000	0.024000	-0.408000	-0.194000	0.280000	0.030000	-0.026000	-0.291000	-0.624000	0.000000
78	-0.917000	0.531000	-0.440000	1.583000	1.233000	3.241000	0.000000	2.132000	0.978000	0.351000	-1.093000	-0.521000	0.422000	-0.727000	0.422000	0.192000	-0.660000	-0.511000	-1.396000	0.448000
79	0.009000	0.012000	1.383000	0.000000	-0.251000	4.311000	1.402000	0.866000	2.269000	1.630000	1.186000	1.387000	1.960000	1.711000	2.150000	1.143000	1.828000	1.592000	1.491000	1.098000
80	1.802000	1.856000	1.501000	1.408000	0.972000	0.000000	1.104000	1.649000	2.106000	1.512000	1.014000	1.238000	1.410000	1.274000	2.041000	1.657000	0.920000	0.700000	0.615000	1.654000
81	3.611000	2.338000	0.706000	1.749000	1.188000	3.850000	3.079000	2.534000	2.944000	2.104000	0.000000	1.749000	1.986000	2.270000	1.462000	1.685000	8.993000	5.023000	3.089000	1.606000
82	1.552000	1.837000	0.362000	1.292000	0.287000	0.290000	0.924000	1.018000	1.471000	1.231000	0.000000	0.674000	1.031000	1.162000	2.117000	1.257000	0.261000	0.001000	-0.231000	1.090000
83	-0.276000	-0.151000	-0.035000	0.317000	0.407000	-0.368000	0.512000	0.148000	0.000000	-0.227000	0.396000	0.269000	-0.620000	-0.487000	-0.782000	0.368000	0.948000	-0.138000	0.395000	0.804000
84	2.867000	2.236000	0.000000	1.349000	0.670000	2.961000	2.162000	2.039000	2.395000	1.784000	0.148000	1.810000	2.378000	2.054000	3.202000	2.566000	0.645000	-0.392000	0.053000	2.255000
85	0.425000	0.000000	-0.032000	0.195000	-0.550000	-1.897000	0.323000	0.282000	0.141000	-0.053000	-1.021000	0.233000	-0.040000	-0.330000	0.075000	0.771000	0.030000	0.386000	0.143000	0.842000
86	0.414000	-0.283000	-1.014000	-0.360000	-0.888000	-0.135000	-0.370000	0.033000	0.439000	-0.119000	-0.422000	-0.632000	-0.264000	-0.252000	0.322000	0.000000	-0.510000	-0.619000	-0.647000	0.156000
87	1.257000	0.000000	2.319000	1.375000	0.687000	2.195000	2.271000	1.743000	1.002000	0.298000	4.359000	4.814000	7.706000	5.783000	4.360000	3.197000	13.868000	18.164000	11.384000	40.644000
88	0.769000	1.301000	-0.314000	0.866000	0.573000	1.799000	-0.247000	0.595000	0.867000	0.867000	0.570000	0.103000	1.062000	0.503000	1.288000	0.213000	0.374000	0.274000	0.000000	0.408000
89	0.000000	0.754000	0.936000	1.292000	0.926000	3.627000	0.223000	0.692000	-0.136000	0.716000	1.105000	0.550000	0.903000	0.235000	1.071000	0.684000	0.994000	0.804000	0.674000	0.787000
90	1.386000	0.744000	-0.683000	0.276000	-0.464000	-0.714000	0.179000	0.587000	1.266000	0.379000	-0.921000	0.123000	0.000000	0.311000	0.973000	0.912000	1.862000	-0.532000	-0.631000	0.449000
91	0.000000	2.550000	2.765000	4.650000	4.546000	8.085000	2.700000	4.298000	2.777000	2.767000	2.506000	2.626000	2.418000	2.052000	2.592000	2.740000	2.664000	2.717000	2.669000	2.871000
92	0.562000	0.812000	0.238000	0.999000	1.009000	2.616000	1.041000	0.556000	0.610000	1.132000	0.316000	0.373000	0.915000	0.713000	0.000000	0.984000	1.299000	0.444000	0.265000	1.542000
93	5.106000	3.934000	0.000000	2.295000	1.460000	4.269000	8.343000	3.300000	4.851000	3.832000	0.214000	5.242000	4.520000	3.635000	5.287000	4.625000	13.003000	13.098000	6.102000	6.948000
94	0.451000	-0.077000	-1.222000	-0.187000	-1.194000	3.009000	0.000000	0.450000	0.361000	0.477000	-1.337000	-0.642000	-0.216000	-0.489000	0.016000	-0.444000	-0.556000	-0.796000	-1.269000	0.162000
95	0.588000	-0.060000	-0.072000	1.159000	0.698000	1.440000	0.126000	0.553000	0.023000	0.743000	-0.211000	0.270000	-0.089000	-0.030000	0.000000	0.264000	0.215000	0.564000	0.407000	0.818000
96	4.807000	3.438000	1.994000	3.853000	3.331000	9.016000	4.137000	3.556000	3.655000	3.608000	0.705000	3.291000	4.534000	3.309000	4.871000	4.501000	2.937000	2.688000	0.000000	3.849000
97	1.306000	-0.287000	-1.000000	-0.307000	-0.529000	4.560000	0.662000	0.643000	0.082000	-0.259000	-1.063000	0.186000	0.142000	0.426000	0.000000	-0.297000	1.896000	2.268000	1.149000	-0.103000
98	0.692000	-0.007000	-0.232000	0.762000	0.194000	3.206000	0.000000	0.538000	0.006000	0.391000	-0.133000	-0.040000	0.199000	-0.397000	0.644000	0.236000	-0.133000	-0.287000	-0.030000	0.732000
99	0.904000	0.437000	-0.863000	0.057000	-0.595000	0.844000	0.000000	0.762000	0.664000	0.414000	-0.816000	-0.125000	0.118000	-1.558000	0.311000	0.609000	-1.077000	0.383000	0.917000	-0.136000
100	3.877000	2.129000	2.253000	0.000000	-0.264000	5.356000	14.465000	2.145000	3.773000	2.552000	3.456000	5.019000	6.672000	4.476000	6.707000	3.011000	26.301000	17.968000	13.879000	17.098000
101	1.148000	0.572000	0.990000	1.608000	1.187000	6.193000	0.000000	0.722000	0.444000	0.975000	0.372000	0.749000	1.159000	-0.007000	1.905000	0.761000	0.485000	0.812000	0.754000	1.282000
102	0.263000	-0.119000	-0.457000	0.260000	-0.318000	1.624000	-0.185000	-0.135000	0.201000	0.398000	-0.102000	-0.319000	0.551000	0.000000	1.262000	0.248000	0.489000	0.079000	-0.215000	-0.242000
103	0.617000	-0.226000	-1.124000	0.140000	-0.545000	1.314000	-1.684000	-0.947000	-0.764000	0.152000	-1.212000	-1.102000	0.000000	-0.487000	0.543000	-0.773000	-0.904000	-0.826000	-0.974000	-0.682000
104	2.714000	2.280000	2.139000	0.000000	0.756000	5.381000	1.858000	1.573000	2.040000	1.031000	1.442000	3.068000	3.102000	2.868000	4.282000	2.888000	10.880000	9.455000	12.049000	8.379000
105	0.000000	3.494000	3.868000	5.648000	4.672000	7.071000	3.500000	4.521000	2.448000	3.676000	3.530000	3.615000	3.775000	3.760000	3.519000	3.714000	3.746000	3.703000	3.684000	3.851000
106	0.388000	0.081000	-0.376000	0.036000	-0.023000	-0.860000	-0.057000	0.078000	0.261000	0.207000	-0.211000	-0.268000	0.000000	0.043000	0.348000	0.266000	-0.044000	0.086000	0.040000	0.254000
107	1.733000	0.000000	2.429000	0.053000	0.621000	2.573000	2.961000	1.968000	0.326000	0.646000	1.341000	4.436000	3.357000	3.698000	4.540000	4.706000	20.643000	23.527000	15.320000	23.157000
108	0.602000	0.000000	-1.072000	-0.369000	-0.804000	-1.042000	0.171000	-0.019000	0.463000	0.243000	-0.789000	-0.093000	-0.053000	0.056000	0.753000	0.723000	-0.122000	-0.014000	-0.104000	0.639000
109	5.381000	4.486000	1.759000	4.893000	4.503000	7.057000	6.900000	5.172000	4.625000	3.920000	1.230000	1.860000	6.985000	4.332000	7.281000	3.896000	6.004000	0.000000	0.296000	2.496000
110	4.527000	3.199000	-0.516000	0.000000	0.185000	3.934000	3.316000	1.747000	3.562000	2.227000	-0.189000	3.029000	4.788000	3.246000	4.420000	3.593000	1.665000	5.405000	1.228000	3.808000
111	2.785000	0.677000	0.018000	-0.890000	0.853000	1.663000	8.058000	-0.282000	1.869000	0.000000	-0.644000	2.915000	5.606000	2.490000	2.956000	1.568000	20.683000	17.518000	8.816000	40.354000
112	2.327000	1.618000	-1.511000	0.139000	-0.709000	3.936000	-1.383000	0.375000	1.736000	0.525000	-1.627000	0.926000	0.000000	0.441000	1.590000	1.246000	1.433000	3.859000	1.160000	3.679000
113	5.396000	3.608000	0.000000	1.653000	3.132000	1.495000	14.541000	3.592000	5.122000	3.161000	1.971000	6.210000	4.488000	3.939000	5.895000	4.466000	20.232000	15.523000	12.176000	8.150000
114	0.605000	0.000000	-0.939000	0.458000	0.813000	8.985000	-0.186000	1.791000	0.868000	0.126000	-0.679000	-0.477000	1.472000	0.084000	1.955000	0.758000	0.981000	-0.314000	-0.003000	0.180000
115	3.840000	2.345000	1.079000	0.202000	0.000000	2.235000	0.658000	2.195000	4.169000	1.837000	0.465000	1.218000	2.759000	2.233000	4.515000	1.950000	4.093000	6.601000	3.576000	5.967000
116	-1.178000	-0.864000	-1.707000	-1.037000	-1.427000	3.213000	-1.127000	-2.092000	-0.111000	-0.539000	-1.770000	-1.725000	-0.547000	-0.883000	0.000000	-1.169000	-1.303000	-1.527000	-1.784000	-0.275000
117	0.000000	3.543000	11.611000	9.546000	12.292000	4.772000	16.944000	9.710000	6.177000	5.187000	11.348000	15.392000	16.796000	15.378000	11.439000	9.674000	30.224000	36.270000	32.201000	54.866000
118	4.569000	3.254000	0.000000	1.539000	2.528000	4.981000	3.805000	3.049000	4.094000	2.573000	-0.229000	3.714000	3.057000	2.503000	3.632000	3.528000	3.792000	3.270000	1.989000	3.175000
119	0.629000	0.000000	-0.754000	-0.059000	0.111000	-1.189000	-1.146000	0.644000	0.059000	-0.147000	-0.523000	-0.587000	-1.344000	-0.479000	-0.095000	-0.197000	0.004000	0.081000	-0.114000	0.105000
120	4.613000	2.874000	-0.484000	0.000000	-0.748000	6.183000	6.496000	2.550000	3.106000	2.121000	1.234000	5.521000	5.326000	3.730000	5.479000	3.795000	13.552000	11.321000	1.901000	2.837000
121	0.912000	-0.549000	-1.815000	-1.407000	-2.123000	1.666000	0.094000	2.823000	0.000000	-0.494000	-2.118000	-0.711000	1.922000	-0.589000	2.313000	-0.162000	1.794000	8.881000	7.236000	5.839000
122	4.008000	2.414000	0.181000	0.000000	-1.279000	2.435000	5.710000	1.986000	3.634000	1.692000	-1.340000	3.481000	3.894000	2.816000	4.367000	2.943000	3.812000	4.507000	1.114000	6.051000
123	2.495000	1.520000	-0.518000	1.066000	0.235000	4.520000	0.000000	0.303000	1.708000	1.450000	-0.661000	-0.943000	3.746000	0.585000	3.850000	1.889000	2.651000	-0.643000	-0.188000	1.640000
124	7.246000	5.909000	2.654000	4.346000	3.218000	8.481000	4.856000	4.008000	5.853000	5.245000	2.039000	4.796000	6.926000	5.116000	7.747000	6.391000	5.222000	0.000000	0.866000	3.895000
125	2.191000	0.913000	-0.635000	-0.359000	-0.766000	4.296000	0.202000	0.635000	0.166000	0.365000	-0.437000	-0.084000	0.000000	-0.581000	-0.171000	0.446000	0.759000	-0.309000	-0.583000	0.711000
126	-1.136000	0.179000	0.258000	0.923000	1.060000	2.107000	-0.341000	0.436000	0.651000	0.231000	-0.027000	-0.348000	-0.102000	-0.101000	0.000000	-0.049000	0.228000	-0.269000	-0.622000	-0.028000
127	0.000000	3.909000	7.696000	9.740000	10.551000	16.446000	8.038000	7.351000	5.035000	6.096000	5.386000	7.840000	7.946000	7.423000	10.871000	11.182000	17.951000	19.014000	19.052000	29.396000
128	1.894000	0.875000	0.759000	1.626000	1.097000	1.272000	0.968000	0.526000	0.219000	0.948000	0.934000	0.897000	1.644000	0.746000	2.536000	0.639000	1.001000	0.000000	0.768000	0.594000
129	5.179000	4.127000	0.671000	5.068000	6.218000	13.600000	6.413000	4.321000	5.241000	3.610000	0.973000	2.549000	5.535000	3.134000	5.772000	3.407000	6.753000	0.975000	0.000000	2.985000
130	1.816000	1.128000	0.520000	0.000000	0.772000	5.637000	-0.409000	1.923000	1.641000	1.147000	1.168000	0.347000	1.137000	0.621000	1.241000	1.239000	1.717000	0.500000	0.198000	1.186000
131	2.077000	2.102000	1.011000	1.948000	0.465000	5.402000	1.559000	0.835000	1.602000	1.798000	0.283000	1.537000	2.600000	0.000000	4.010000	2.406000	3.677000	2.253000	2.189000	3.937000
132	0.000000	0.674000	10.760000	5.931000	11.399000	13.118000	20.086000	4.739000	5.258000	3.668000	9.699000	15.172000	13.959000	13.994000	10.713000	8.631000	35.956000	32.808000	24.061000	25.734000
133	0.567000	0.000000	-1.322000	0.169000	2.105000	2.864000	-0.318000	-0.316000	-0.267000	-0.137000	-1.769000	-0.735000	2.878000	0.345000	3.017000	0.070000	2.949000	3.127000	-0.151000	0.381000
134	2.221000	1.576000	1.178000	1.519000	1.601000	0.892000	4.368000	0.000000	0.356000	1.735000	2.684000	4.374000	1.848000	3.314000	2.406000	2.063000	10.172000	5.184000	6.721000	6.131000
135	1.605000	0.893000	0.071000	0.863000	0.293000	0.639000	0.000000	1.897000	1.125000	1.315000	0.048000	0.300000	1.267000	0.645000	1.082000	1.377000	1.817000	1.789000	1.713000	1.086000
136	0.000000	8.071000	18.663000	22.115000	25.118000	21.795000	18.200000	20.844000	11.688000	12.988000	14.867000	16.542000	18.324000	16.988000	19.678000	17.887000	26.420000	22.737000	20.086000	25.523000
137	2.062000	2.285000	2.119000	2.383000	2.306000	1.696000	2.397000	2.403000	2.186000	2.124000	2.150000	2.225000	1.738000	2.173000	0.000000	0.901000	2.366000	2.298000	2.302000	2.414000
138	0.000000	2.455000	2.927000	5.641000	6.097000	5.038000	3.341000	4.883000	4.257000	3.270000	3.220000	3.744000	4.064000	4.335000	3.670000	3.494000	5.284000	2.938000	3.864000	5.862000
139	0.230000	0.290000	-0.634000	0.032000	-0.315000	2.142000	-0.637000	0.000000	0.209000	0.130000	-0.381000	-0.667000	0.100000	0.158000	0.375000	0.029000	-0.477000	-0.480000	-0.522000	0.136000
140	1.803000	0.931000	0.007000	0.154000	-0.459000	5.556000	0.335000	0.000000	0.428000	0.959000	-0.190000	-0.094000	1.259000	0.274000	1.679000	0.744000	1.520000	0.390000	0.293000	1.133000
141	0.000000	2.452000	7.233000	13.213000	14.581000	4.952000	5.634000	11.837000	3.045000	2.764000	2.299000	7.136000	8.257000	5.859000	8.567000	5.976000	7.494000	7.690000	6.837000	68.249000
142	1.822000	0.901000	-0.308000	-0.738000	-1.263000	1.878000	1.254000	0.706000	1.442000	0.505000	-0.173000	0.535000	0.000000	0.339000	1.310000	0.812000	0.665000	-0.112000	0.093000	1.412000
143	2.361000	1.520000	0.923000	2.118000	2.038000	5.526000	1.363000	2.415000	2.155000	0.814000	0.568000	0.852000	0.804000	0.952000	0.000000	0.795000	2.560000	4.121000	3.086000	4.367000
144	4.286000	3.254000	0.773000	1.195000	0.000000	7.378000	3.472000	3.368000	3.912000	2.330000	0.574000	4.096000	4.662000	2.269000	4.880000	2.635000	15.950000	3.511000	2.293000	3.358000
145	-1.600000	-2.000000	-2.943000	-1.017000	-0.559000	0.729000	-2.932000	0.000000	-2.767000	-2.024000	-2.267000	-3.040000	-1.223000	-2.193000	-0.141000	-1.115000	6.743000	-2.478000	-2.623000	-0.648000
146	1.205000	0.233000	-0.995000	-0.104000	-0.420000	-1.617000	-0.264000	0.581000	1.002000	0.219000	-1.033000	-0.075000	0.000000	0.168000	0.521000	0.834000	-0.094000	-0.235000	-0.336000	0.814000
147	2.600000	0.931000	-1.275000	1.265000	0.580000	-1.886000	3.835000	0.272000	1.828000	1.297000	-0.105000	1.478000	1.834000	0.892000	3.285000	0.000000	14.990000	10.001000	3.685000	3.804000
148	5.744000	3.984000	0.000000	3.179000	2.335000	6.932000	6.360000	4.875000	4.482000	3.809000	-0.385000	4.888000	4.894000	3.515000	5.590000	4.377000	8.746000	7.975000	3.150000	47.693000
149	2.812000	1.416000	1.890000	2.304000	2.227000	3.050000	-0.319000	1.843000	2.062000	1.921000	1.128000	0.000000	4.437000	1.666000	4.387000	3.434000	3.523000	4.153000	4.730000	3.985000
150	1.307000	0.638000	1.697000	0.599000	1.087000	1.320000	16.204000	0.000000	0.534000	0.432000	4.365000	2.587000	6.396000	4.195000	3.400000	1.241000	22.652000	16.162000	10.680000	14.537000
151	4.248000	3.468000	-0.282000	1.298000	0.000000	6.459000	9.780000	2.896000	3.909000	2.218000	-0.113000	3.776000	5.169000	3.229000	4.515000	3.553000	13.648000	12.517000	3.950000	6.199000
152	1.214000	0.448000	-0.476000	1.250000	1.736000	-1.457000	0.000000	1.289000	0.537000	0.985000	-0.918000	-0.814000	0.135000	0.236000	0.918000	0.497000	-0.267000	0.140000	-0.840000	1.345000
153	1.212000	0.072000	4.869000	0.870000	1.408000	-1.668000	3.867000	0.308000	0.000000	-0.092000	7.532000	5.375000	4.647000	4.288000	3.577000	-0.007000	9.077000	11.347000	10.228000	6.772000
154	5.229000	3.743000	0.000000	1.704000	0.779000	2.551000	6.013000	3.677000	4.856000	3.243000	-0.039000	3.763000	4.287000	2.469000	4.667000	3.690000	8.358000	11.299000	4.611000	3.674000
155	3.852000	2.545000	1.303000	2.772000	3.509000	0.000000	0.546000	3.990000	3.346000	2.653000	1.226000	2.577000	3.524000	2.769000	4.002000	2.896000	5.186000	4.970000	1.137000	2.955000
156	2.122000	2.502000	0.000000	1.485000	2.333000	1.120000	5.156000	2.856000	2.283000	2.477000	0.762000	1.919000	1.431000	3.467000	3.131000	3.936000	2.048000	6.039000	3.964000	2.588000
157	1.142000	0.911000	-0.375000	-0.217000	-0.657000	2.797000	0.000000	0.784000	1.230000	0.772000	-0.520000	-0.443000	0.060000	0.040000	1.481000	0.324000	0.219000	-0.384000	-0.518000	0.092000
158	4.456000	3.768000	0.000000	4.541000	5.535000	5.700000	11.231000	3.244000	3.306000	4.079000	0.782000	5.995000	4.740000	3.256000	5.292000	3.678000	19.625000	19.661000	18.257000	18.143000
159	1.448000	0.518000	0.066000	1.056000	1.055000	3.169000	-0.784000	1.124000	1.126000	1.217000	-0.283000	0.000000	0.614000	0.169000	1.202000	0.665000	0.011000	-0.519000	-0.237000	0.764000
160	0.970000	0.471000	-0.835000	-0.238000	-0.373000	0.350000	-1.085000	0.265000	0.170000	0.071000	-1.038000	-1.076000	0.000000	-0.787000	0.766000	-0.203000	-0.691000	-0.631000	-0.804000	-0.395000
161	1.344000	0.772000	0.430000	1.573000	1.292000	0.000000	0.957000	1.457000	0.730000	0.967000	0.439000	0.644000	1.095000	0.943000	1.030000	0.482000	1.371000	1.048000	0.859000	0.926000
162	2.829000	2.115000	0.234000	0.000000	0.504000	3.554000	1.208000	1.285000	2.612000	1.328000	0.285000	0.698000	1.291000	0.950000	1.133000	2.202000	0.579000	0.287000	-0.043000	1.778000
163	0.833000	0.472000	-0.220000	0.095000	-0.213000	0.913000	0.159000	-0.346000	0.000000	0.251000	-0.824000	0.070000	0.196000	0.038000	0.641000	-0.434000	0.657000	0.052000	0.664000	-0.226000
164	3.944000	3.324000	0.000000	2.918000	2.935000	4.185000	6.812000	3.149000	3.365000	2.475000	1.331000	5.149000	4.981000	2.787000	5.199000	3.151000	13.246000	5.495000	4.132000	3.058000
165	0.564000	-0.746000	-0.942000	-2.517000	-1.749000	-1.334000	1.953000	-1.440000	-0.353000	-0.008000	-1.752000	-0.891000	0.000000	0.483000	0.044000	2.203000	8.185000	3.093000	3.845000	3.483000
166	1.769000	0.000000	0.998000	-0.619000	-0.225000	1.298000	9.452000	0.141000	-0.306000	0.119000	2.699000	8.278000	5.742000	6.156000	3.659000	2.427000	17.189000	13.802000	10.507000	33.099000
167	4.152000	2.901000	0.831000	0.870000	1.127000	5.221000	0.000000	1.416000	3.099000	2.452000	0.739000	1.727000	2.679000	1.927000	5.358000	3.012000	1.470000	0.675000	1.430000	2.207000
168	0.000000	1.213000	1.315000	4.455000	5.387000	0.741000	10.451000	4.710000	2.863000	0.864000	0.614000	8.052000	5.859000	3.940000	4.496000	2.443000	13.451000	10.809000	6.128000	67.164000
169	1.692000	0.258000	-2.281000	-1.989000	-2.313000	2.126000	-0.644000	-0.403000	1.052000	-0.007000	-2.108000	-0.992000	0.000000	-0.840000	0.472000	0.126000	-3.050000	-2.007000	-2.289000	0.106000
170	2.156000	0.000000	-0.086000	-0.981000	-0.055000	1.219000	17.166000	0.420000	1.903000	-0.501000	1.896000	7.850000	4.702000	3.050000	3.984000	2.789000	25.879000	18.040000	9.805000	22.000000
171	4.662000	3.787000	2.607000	2.891000	2.486000	5.856000	3.785000	2.853000	4.039000	3.522000	1.570000	4.066000	6.107000	4.918000	5.312000	3.761000	2.547000	0.606000	0.000000	3.662000
172	3.887000	2.612000	0.365000	0.514000	0.062000	2.458000	5.262000	2.444000	3.782000	2.233000	0.000000	1.617000	2.761000	2.786000	4.305000	2.639000	14.588000	10.261000	7.950000	7.187000
173	2.774000	2.138000	1.427000	2.590000	2.599000	0.000000	1.884000	2.902000	2.351000	2.407000	0.830000	1.436000	2.495000	2.334000	3.910000	2.529000	2.934000	2.013000	2.888000	1.284000
174	1.049000	0.812000	0.038000	0.738000	0.602000	1.772000	-0.152000	0.297000	1.336000	0.932000	-0.494000	0.000000	1.068000	0.148000	1.412000	1.049000	-0.390000	-0.161000	-0.223000	0.710000
175	0.033000	0.000000	-1.070000	-0.302000	-1.058000	-0.294000	-0.234000	-0.140000	0.339000	0.229000	-0.527000	-0.615000	-0.555000	-0.145000	-0.594000	-0.380000	-0.976000	-0.743000	-0.843000	-0.318000
176	-2.557000	-0.729000	-0.851000	-1.795000	-1.569000	6.692000	0.560000	-2.205000	0.000000	-0.300000	-1.000000	0.476000	3.028000	0.264000	0.276000	0.775000	4.021000	5.431000	5.231000	3.519000
177	4.095000	2.474000	1.651000	3.550000	3.679000	8.999000	3.341000	3.337000	3.319000	2.926000	0.308000	2.628000	3.574000	3.059000	4.383000	3.440000	1.702000	0.397000	0.000000	3.017000
178	0.625000	0.732000	0.000000	0.418000	0.162000	3.818000	0.096000	-0.249000	0.117000	0.356000	0.576000	0.051000	0.511000	-0.012000	0.468000	-0.003000	0.221000	0.036000	-0.139000	0.253000
179	-0.015000	0.124000	-0.159000	0.121000	-0.194000	-0.113000	0.000000	0.302000	0.387000	0.308000	-0.600000	-0.524000	0.229000	-0.018000	-0.148000	0.494000	-0.397000	0.044000	-0.362000	0.304000
180	2.932000	2.704000	0.000000	2.694000	2.508000	8.503000	3.757000	4.381000	3.774000	2.437000	1.293000	2.094000	2.554000	2.348000	2.539000	3.728000	11.205000	8.377000	4.519000	5.448000
181	0.308000	-0.404000	0.064000	-0.315000	-0.600000	2.288000	1.775000	-1.073000	0.949000	-0.130000	0.959000	1.642000	1.211000	3.847000	-0.442000	0.000000	18.579000	9.652000	12.210000	5.445000
182	0.410000	0.490000	-0.602000	0.322000	-0.435000	3.647000	0.220000	0.614000	0.590000	1.011000	0.064000	-0.049000	0.000000	0.079000	0.450000	0.446000	-0.251000	-0.612000	-0.883000	0.552000
183	0.761000	0.090000	-0.352000	0.287000	-0.547000	0.326000	0.260000	-0.121000	0.098000	0.697000	-0.181000	-0.013000	0.000000	0.017000	0.484000	0.781000	-0.505000	-0.459000	-0.720000	0.668000
184	0.903000	-0.113000	-2.103000	-0.123000	-0.952000	1.996000	0.000000	1.059000	1.203000	0.150000	-1.778000	-0.339000	0.062000	-0.557000	1.261000	0.633000	-0.269000	-1.895000	-1.638000	0.528000
185	0.446000	-0.195000	0.182000	3.367000	1.144000	10.735000	0.089000	0.047000	-0.324000	0.640000	0.001000	0.000000	0.081000	0.176000	0.352000	0.460000	0.245000	0.424000	0.378000	0.715000
186	1.021000	0.000000	-0.570000	0.254000	-0.282000	6.187000	0.155000	1.021000	0.536000	0.613000	-0.581000	0.023000	0.315000	-0.042000	0.715000	0.212000	0.530000	0.213000	-0.031000	0.764000
187	0.616000	0.621000	0.204000	0.597000	0.372000	1.938000	0.000000	0.315000	0.433000	0.249000	-0.179000	0.335000	0.454000	0.401000	0.558000	0.417000	0.316000	0.005000	0.177000	0.357000
190	0.035000	0.383000	0.793000	0.344000	0.837000	-0.133000	0.864000	0.278000	0.688000	0.585000	0.436000	0.149000	0.000000	0.253000	-0.803000	0.511000	0.539000	0.627000	0.632000	0.668000
191	-0.207000	0.818000	0.000000	1.576000	1.199000	2.895000	1.074000	2.116000	1.171000	0.605000	0.008000	0.710000	0.970000	0.597000	1.144000	1.257000	1.436000	1.579000	1.636000	1.447000
192	2.867000	1.555000	0.399000	0.767000	-0.064000	0.222000	1.311000	1.906000	2.141000	1.764000	0.446000	1.163000	1.660000	1.408000	2.486000	1.788000	0.956000	0.972000	0.000000	2.170000
193	0.287000	0.000000	-0.223000	0.228000	-0.166000	-1.292000	-0.276000	-0.339000	-0.265000	0.286000	0.077000	-0.307000	-0.510000	-0.185000	-1.099000	-0.328000	-0.419000	-0.430000	-0.603000	0.254000
194	1.122000	1.875000	1.222000	2.692000	2.502000	2.809000	1.383000	2.763000	1.241000	1.425000	1.064000	1.273000	2.026000	1.827000	0.420000	0.000000	2.301000	1.926000	1.932000	2.616000
195	2.714000	1.797000	1.436000	1.748000	1.573000	0.000000	5.482000	1.893000	2.400000	2.601000	2.365000	3.232000	2.657000	2.002000	3.544000	3.895000	8.743000	9.866000	4.264000	10.400000
196	0.506000	0.743000	0.578000	2.454000	3.684000	0.181000	0.000000	1.858000	1.871000	1.337000	0.249000	0.344000	1.746000	1.459000	3.169000	1.572000	2.180000	0.843000	1.009000	1.758000
197	0.941000	-0.086000	-0.622000	0.054000	-0.397000	-0.434000	-0.025000	-0.430000	0.167000	0.536000	-0.457000	-0.194000	-0.637000	-0.510000	-0.357000	0.000000	0.042000	-0.143000	-0.284000	0.072000
198	2.332000	0.000000	3.728000	6.308000	7.484000	5.977000	8.651000	4.469000	2.337000	2.532000	2.095000	6.140000	2.678000	6.118000	3.726000	4.156000	30.637000	26.517000	11.515000	37.840000
199	2.177000	0.000000	1.139000	0.174000	-0.279000	4.158000	12.370000	1.209000	1.001000	0.589000	0.953000	6.198000	5.336000	5.763000	3.577000	2.417000	24.249000	19.980000	14.880000	13.825000
200	1.426000	0.000000	-0.293000	-0.671000	-1.037000	2.707000	1.166000	-0.395000	0.907000	0.078000	-0.158000	0.357000	-0.090000	0.317000	2.945000	1.790000	6.684000	2.435000	4.409000	5.199000
201	0.000000	0.479000	1.120000	1.384000	1.358000	5.117000	0.987000	1.333000	1.151000	0.753000	1.386000	0.756000	0.324000	0.781000	-0.082000	-0.109000	1.214000	1.258000	0.815000	0.618000
202	0.151000	-1.498000	2.162000	-1.368000	-0.866000	0.743000	5.882000	-0.507000	0.000000	-0.532000	0.631000	4.227000	1.043000	1.309000	4.704000	3.038000	7.584000	7.856000	1.918000	39.617000
203	5.852000	3.866000	0.000000	3.236000	2.621000	6.809000	8.271000	4.007000	5.406000	3.537000	0.144000	4.987000	5.187000	3.773000	5.571000	4.426000	8.715000	8.984000	5.136000	6.300000
204	0.859000	1.060000	-1.204000	2.027000	0.880000	5.186000	0.000000	1.689000	1.399000	0.973000	-0.989000	-0.114000	0.950000	0.105000	1.455000	0.447000	0.655000	-0.681000	0.366000	1.090000
205	0.418000	0.487000	0.016000	0.780000	0.281000	2.124000	0.306000	0.931000	0.165000	0.021000	0.102000	0.010000	-0.298000	0.000000	-0.546000	-0.047000	0.353000	0.072000	-0.030000	0.269000
206	1.847000	1.512000	0.000000	1.435000	0.836000	0.522000	0.992000	2.309000	2.218000	1.251000	-0.054000	1.030000	0.986000	1.424000	2.626000	1.414000	1.813000	0.739000	-0.180000	1.225000
207	4.431000	3.908000	1.788000	2.081000	1.595000	5.314000	3.431000	2.835000	4.030000	3.324000	2.148000	2.746000	0.468000	3.172000	0.000000	2.388000	3.476000	1.958000	1.940000	3.499000
208	4.234000	3.028000	3.853000	2.842000	2.818000	0.000000	5.494000	3.479000	4.023000	3.768000	3.747000	4.950000	5.463000	4.157000	6.252000	5.286000	12.482000	9.666000	6.868000	6.149000
209	0.990000	0.380000	0.221000	1.301000	0.840000	1.115000	0.222000	-0.212000	-0.135000	0.733000	0.250000	0.000000	0.536000	0.158000	1.260000	0.251000	1.033000	1.068000	1.033000	0.646000
210	0.374000	0.035000	-0.708000	0.000000	-0.688000	0.168000	-0.445000	0.459000	0.135000	-0.214000	-0.784000	-0.660000	-0.547000	-0.782000	-0.076000	-0.177000	0.263000	-0.024000	-0.026000	-0.043000
211	1.169000	0.000000	7.657000	1.934000	1.505000	0.201000	12.091000	-1.113000	1.268000	0.588000	6.731000	7.722000	13.007000	7.152000	3.980000	3.051000	25.660000	20.894000	15.220000	45.022000
212	1.530000	0.000000	2.589000	2.067000	3.548000	8.821000	0.751000	3.060000	0.705000	0.749000	-0.292000	0.420000	2.766000	2.586000	4.313000	2.892000	2.149000	0.863000	2.975000	8.918000
213	0.479000	0.799000	0.811000	2.044000	1.906000	1.968000	0.348000	1.003000	0.000000	1.223000	0.568000	0.651000	0.884000	0.865000	1.472000	0.173000	0.555000	0.307000	0.439000	0.019000
214	-0.074000	-0.815000	-1.627000	-0.786000	0.182000	1.115000	0.000000	-1.986000	-1.311000	-0.797000	-3.087000	-1.803000	0.382000	-0.570000	0.692000	-1.304000	0.096000	-2.454000	-3.188000	-1.100000
215	-1.270000	0.235000	0.774000	1.607000	2.545000	4.524000	0.001000	0.632000	0.429000	0.290000	0.639000	-0.249000	-0.120000	0.000000	-0.707000	-0.530000	1.970000	0.550000	0.474000	0.220000
216	4.146000	3.418000	0.000000	1.944000	1.312000	2.226000	7.991000	3.908000	4.438000	2.940000	0.077000	2.475000	4.452000	3.679000	4.430000	3.419000	16.521000	14.198000	5.223000	5.419000
217	2.135000	1.329000	1.117000	0.195000	0.290000	5.117000	1.329000	1.100000	1.825000	0.668000	0.444000	1.014000	0.649000	0.971000	0.000000	1.176000	2.372000	0.549000	0.342000	1.790000
218	5.388000	3.899000	0.000000	2.009000	0.448000	6.477000	5.057000	3.331000	3.906000	3.550000	-0.211000	3.791000	5.252000	3.418000	6.422000	4.896000	19.269000	8.445000	6.188000	6.627000
219	5.362000	3.891000	1.502000	1.933000	1.658000	6.449000	3.940000	3.191000	4.348000	3.253000	1.162000	3.371000	4.494000	2.986000	5.002000	3.018000	5.044000	1.211000	0.000000	2.980000
220	4.666000	2.859000	-0.990000	0.000000	-0.940000	2.534000	9.473000	2.440000	4.151000	2.364000	-1.082000	4.356000	3.788000	2.831000	4.062000	2.915000	3.165000	3.771000	-0.475000	2.448000
221	1.256000	1.348000	0.088000	0.425000	-0.055000	5.930000	-1.748000	0.780000	0.370000	1.668000	-0.601000	-0.263000	2.050000	0.645000	2.908000	0.145000	2.868000	0.000000	-1.285000	0.052000
222	0.000000	1.152000	2.553000	4.541000	4.697000	7.773000	2.038000	3.014000	0.862000	1.110000	1.736000	1.920000	1.731000	1.635000	1.548000	1.608000	2.321000	1.122000	0.798000	3.450000
223	5.817000	3.584000	0.000000	2.289000	1.038000	3.599000	5.812000	2.848000	3.812000	2.604000	0.313000	4.075000	4.994000	2.800000	5.002000	2.481000	19.824000	10.812000	6.023000	5.401000
224	1.020000	0.000000	4.362000	3.060000	6.100000	2.975000	2.880000	3.602000	0.630000	1.317000	4.662000	2.442000	4.254000	2.455000	3.514000	3.448000	17.671000	7.154000	10.513000	3.033000
225	-0.903000	0.092000	-0.851000	2.136000	1.622000	2.072000	-0.384000	-0.460000	-0.301000	0.758000	-0.868000	-0.779000	-0.197000	-0.496000	0.000000	-0.322000	0.519000	-0.934000	-1.527000	-0.225000
226	1.413000	0.000000	5.338000	2.699000	3.253000	-1.699000	1.485000	3.445000	1.715000	2.202000	0.604000	1.256000	2.645000	2.486000	1.878000	1.511000	2.177000	0.440000	1.354000	1.699000
227	0.682000	0.423000	-0.638000	0.580000	-0.183000	0.341000	-0.200000	0.618000	0.644000	0.695000	-0.652000	0.161000	0.000000	-0.145000	0.437000	0.408000	-0.635000	-0.527000	-0.582000	0.415000
228	0.360000	0.000000	0.243000	1.030000	1.108000	-0.325000	0.272000	0.063000	-0.143000	0.512000	0.017000	0.042000	0.246000	-0.258000	0.547000	-0.253000	0.126000	0.211000	0.264000	0.549000
229	2.335000	1.644000	0.000000	1.759000	0.841000	1.694000	-0.054000	2.346000	2.253000	1.614000	-0.436000	1.174000	1.088000	0.990000	1.103000	1.316000	1.784000	0.874000	0.246000	0.569000
230	0.000000	3.810000	4.197000	5.187000	5.191000	6.841000	3.298000	5.111000	3.955000	2.764000	4.015000	3.455000	4.112000	3.633000	4.079000	2.892000	4.073000	4.157000	4.050000	4.196000
231	4.485000	2.852000	0.202000	0.814000	0.000000	5.621000	1.874000	2.982000	3.154000	2.326000	0.116000	2.301000	3.826000	3.182000	4.762000	3.728000	12.929000	19.976000	8.184000	6.928000
232	-0.437000	0.000000	-1.108000	-0.203000	-0.525000	0.063000	-0.871000	-0.339000	-0.516000	-0.406000	-0.849000	-0.895000	-0.402000	-0.956000	-0.883000	-0.969000	-0.994000	-0.992000	-1.065000	-0.590000
233	1.564000	1.315000	1.295000	2.234000	5.585000	3.724000	1.371000	2.492000	0.000000	2.127000	3.196000	1.267000	2.755000	1.745000	2.317000	1.562000	1.675000	0.912000	0.658000	1.831000
234	3.065000	1.485000	-0.399000	-0.139000	-0.224000	4.074000	1.961000	1.291000	2.204000	1.582000	-0.325000	0.131000	0.557000	1.016000	0.888000	1.337000	-1.008000	-1.211000	0.644000	0.000000
235	1.886000	0.739000	-0.934000	1.488000	0.671000	4.785000	0.741000	1.625000	0.000000	1.358000	-0.926000	0.015000	0.496000	0.418000	1.337000	1.598000	-0.230000	-0.123000	-0.865000	1.695000
236	1.872000	0.920000	-0.557000	1.239000	0.748000	3.520000	0.277000	1.508000	1.625000	1.039000	-0.718000	-0.345000	0.000000	0.032000	1.069000	1.197000	0.184000	-0.330000	-0.412000	0.727000
237	1.373000	0.000000	0.079000	-1.209000	0.037000	6.032000	0.079000	0.720000	1.258000	0.374000	-0.684000	1.463000	1.473000	0.839000	3.106000	3.528000	8.619000	8.777000	8.847000	31.225000
238	3.996000	2.706000	0.000000	2.053000	1.497000	4.519000	2.212000	2.089000	3.184000	3.103000	1.102000	2.294000	4.544000	2.372000	5.096000	2.936000	3.765000	10.541000	7.082000	3.345000
239	0.471000	-0.441000	-0.717000	-0.143000	-0.487000	1.539000	-0.649000	0.136000	0.338000	0.392000	-0.759000	-0.860000	-0.396000	-0.541000	0.000000	-0.344000	-1.028000	-0.788000	-0.850000	-0.005000
240	4.202000	2.687000	0.692000	2.989000	2.695000	7.038000	2.035000	3.261000	3.825000	3.024000	-0.677000	1.797000	3.056000	1.651000	3.816000	2.787000	-1.036000	0.000000	-1.543000	2.154000
241	5.976000	3.926000	0.000000	3.468000	2.664000	8.505000	7.003000	5.674000	4.861000	3.845000	0.228000	4.001000	5.114000	3.369000	5.824000	4.059000	15.374000	14.075000	7.095000	7.576000
242	1.606000	0.619000	-0.268000	1.780000	1.203000	7.462000	0.471000	1.282000	1.012000	1.197000	-0.165000	0.306000	0.577000	0.000000	1.632000	0.786000	-0.377000	0.409000	0.084000	0.676000
243	0.159000	0.000000	-0.080000	1.003000	0.334000	1.772000	-0.844000	0.745000	-0.340000	0.792000	-0.227000	-0.378000	0.596000	0.216000	1.337000	0.473000	-0.121000	-0.518000	-0.613000	-0.146000
244	4.621000	3.239000	0.000000	3.081000	1.993000	4.063000	1.892000	2.611000	3.589000	2.518000	0.588000	1.475000	3.964000	2.288000	4.330000	2.781000	3.313000	3.191000	1.845000	2.828000
245	0.000000	2.383000	2.322000	3.660000	5.868000	11.379000	2.998000	5.447000	3.772000	3.088000	1.959000	2.977000	3.380000	3.971000	3.566000	3.326000	2.029000	5.685000	4.357000	7.073000
246	6.548000	5.046000	1.340000	4.255000	4.967000	4.480000	5.596000	6.478000	6.120000	4.564000	1.174000	4.345000	5.594000	4.689000	6.458000	4.360000	5.265000	1.900000	0.000000	2.834000
247	2.989000	1.888000	0.329000	0.550000	0.204000	0.084000	1.336000	1.921000	1.984000	1.462000	0.293000	0.000000	2.865000	0.505000	3.027000	1.108000	2.043000	0.370000	0.038000	2.438000
248	3.554000	2.533000	0.763000	0.000000	-0.718000	4.002000	2.806000	1.894000	2.867000	1.564000	0.934000	6.824000	5.196000	3.536000	4.846000	2.179000	5.946000	6.258000	9.790000	18.501000
249	3.561000	2.228000	-0.337000	1.075000	0.734000	-0.725000	1.191000	1.859000	2.240000	1.580000	-0.261000	-0.079000	2.420000	0.697000	3.064000	0.000000	4.642000	3.697000	-0.781000	1.831000
250	0.953000	1.178000	1.167000	1.668000	1.720000	0.000000	0.836000	0.960000	1.176000	1.417000	1.021000	1.099000	1.122000	1.119000	0.908000	1.280000	0.748000	0.944000	1.079000	1.760000
251	0.672000	-0.124000	-1.456000	1.119000	2.277000	0.692000	-0.404000	1.646000	0.344000	0.046000	-1.663000	-0.943000	0.000000	-0.437000	-0.518000	-0.327000	-0.724000	-2.071000	-2.365000	-0.811000
252	1.679000	0.497000	-0.963000	-0.568000	-1.411000	1.181000	0.000000	-0.248000	0.539000	0.414000	-1.796000	-0.661000	1.470000	1.063000	1.895000	0.482000	-0.891000	-0.290000	-0.049000	0.266000
253	0.711000	0.527000	-0.367000	0.338000	-0.062000	5.383000	0.000000	0.153000	0.510000	0.358000	-0.434000	-0.409000	0.280000	-0.079000	0.610000	0.649000	-0.124000	-0.340000	-0.580000	0.469000
254	0.911000	0.686000	-0.749000	0.347000	-0.498000	-0.338000	0.000000	0.549000	0.933000	0.491000	-0.984000	-0.713000	0.528000	0.164000	0.912000	0.478000	0.703000	0.847000	0.857000	0.274000
255	2.177000	0.716000	-0.288000	1.734000	2.114000	5.104000	-0.356000	0.978000	1.663000	0.000000	-1.034000	0.598000	2.035000	1.633000	1.942000	1.374000	12.017000	17.042000	8.935000	7.299000
256	0.660000	0.000000	0.143000	0.191000	0.026000	-1.297000	0.098000	0.327000	0.265000	0.660000	0.249000	-0.150000	0.235000	0.007000	0.394000	0.634000	0.505000	0.554000	0.534000	0.739000
257	0.454000	2.403000	1.999000	2.935000	3.202000	2.293000	3.590000	1.462000	1.051000	1.801000	2.540000	3.228000	2.707000	2.020000	-1.448000	0.000000	3.420000	1.782000	1.481000	1.590000
258	3.240000	2.518000	-0.044000	1.556000	0.000000	1.389000	3.011000	2.944000	4.106000	2.596000	-0.898000	2.693000	3.491000	2.707000	3.750000	3.083000	3.158000	2.501000	2.281000	3.378000
259	0.986000	0.360000	-0.436000	0.553000	-0.113000	0.628000	0.546000	0.781000	1.085000	1.165000	-0.445000	0.121000	-0.063000	-0.106000	0.000000	0.873000	-0.036000	0.192000	0.138000	0.731000
260	1.259000	0.230000	-0.144000	0.468000	-0.019000	0.374000	0.401000	0.163000	0.553000	0.950000	-0.300000	0.119000	0.000000	0.095000	0.411000	0.822000	-0.322000	-0.677000	-0.867000	0.918000
261	4.325000	2.896000	0.904000	0.000000	0.881000	7.897000	8.765000	2.460000	3.837000	2.040000	-0.252000	5.910000	4.554000	2.356000	4.305000	2.861000	11.084000	5.637000	4.453000	73.115000
262	3.087000	1.967000	0.266000	1.178000	0.000000	5.774000	1.991000	3.072000	2.265000	2.029000	-0.376000	1.786000	2.624000	2.362000	3.632000	2.568000	2.050000	1.891000	1.752000	4.092000
263	0.892000	0.000000	-0.220000	0.323000	-0.202000	3.086000	0.139000	0.371000	0.378000	0.831000	-0.347000	-0.135000	0.388000	-0.263000	0.976000	0.881000	0.067000	-0.032000	-0.353000	0.626000
264	3.728000	3.212000	1.635000	2.338000	1.902000	5.948000	3.900000	3.236000	4.010000	3.461000	1.253000	3.558000	3.016000	3.265000	4.813000	3.703000	3.473000	0.966000	0.000000	3.626000
265	2.007000	0.908000	-0.545000	0.000000	-0.181000	3.834000	3.832000	0.513000	0.719000	0.373000	-0.179000	2.029000	1.525000	2.547000	2.524000	0.514000	9.247000	4.946000	5.417000	2.769000
266	1.038000	0.448000	-0.043000	0.707000	0.354000	4.195000	0.301000	0.183000	0.000000	0.351000	-0.255000	0.281000	0.611000	0.031000	0.611000	0.235000	0.153000	0.918000	0.817000	0.546000
267	1.127000	0.306000	-0.083000	0.629000	0.127000	4.789000	0.669000	0.862000	0.147000	0.911000	-0.246000	0.372000	0.000000	0.294000	0.184000	0.733000	0.162000	0.243000	0.200000	0.853000
268	4.741000	3.518000	2.157000	3.201000	2.749000	4.369000	4.334000	3.951000	3.933000	3.211000	1.506000	3.405000	4.795000	3.342000	5.314000	3.351000	0.000000	8.423000	8.746000	12.272000
269	1.151000	0.093000	-1.072000	1.677000	0.901000	5.144000	-0.352000	1.782000	0.411000	0.544000	-1.285000	-0.786000	0.418000	-0.102000	1.502000	0.063000	-1.829000	-1.052000	-1.369000	0.000000
270	0.144000	-0.018000	-0.617000	-0.011000	-0.125000	0.914000	-0.207000	0.245000	-0.155000	0.124000	-0.346000	-0.311000	-0.336000	-0.380000	0.000000	-0.174000	0.618000	-0.523000	-0.847000	0.040000
271	0.663000	0.930000	-0.252000	1.524000	1.502000	4.195000	0.217000	0.800000	0.913000	1.002000	0.053000	0.000000	1.635000	0.145000	1.716000	0.534000	0.658000	0.245000	0.590000	0.604000
272	2.244000	1.846000	0.570000	2.225000	2.280000	8.744000	0.000000	2.211000	2.021000	2.090000	0.418000	0.799000	2.913000	1.568000	4.269000	2.710000	1.616000	0.397000	1.477000	1.753000
273	1.630000	1.373000	1.464000	1.706000	1.498000	0.000000	0.670000	1.659000	1.687000	1.820000	1.532000	0.539000	1.656000	1.242000	1.772000	1.742000	1.533000	1.465000	1.411000	1.645000
274	0.447000	0.185000	-0.144000	1.321000	0.732000	-0.268000	-0.420000	0.219000	0.001000	0.602000	-0.152000	-0.346000	0.220000	0.000000	0.321000	-0.024000	0.029000	-0.225000	-0.355000	0.036000
275	3.830000	2.894000	0.000000	2.340000	0.873000	5.622000	2.489000	3.060000	2.242000	2.339000	-0.078000	2.489000	3.669000	1.886000	4.563000	2.162000	4.634000	6.842000	3.441000	4.713000
276	1.637000	1.516000	0.742000	1.647000	0.952000	0.000000	0.839000	2.001000	1.379000	1.356000	0.130000	0.638000	1.004000	1.117000	1.528000	1.534000	1.149000	1.405000	1.197000	1.859000
277	6.337000	5.304000	1.728000	4.185000	3.243000	5.291000	4.675000	3.588000	5.431000	4.460000	1.695000	4.491000	5.580000	4.996000	6.964000	5.549000	0.826000	0.000000	0.287000	3.898000
278	0.994000	0.605000	-0.596000	-0.232000	-0.818000	-0.357000	0.007000	0.555000	0.693000	0.044000	-0.858000	-0.445000	0.000000	0.136000	0.217000	0.208000	-0.485000	-0.585000	-0.958000	0.362000
279	5.454000	3.767000	3.012000	1.056000	0.000000	4.391000	10.310000	1.891000	3.353000	3.240000	2.072000	6.389000	7.536000	7.366000	6.656000	5.319000	45.934000	29.324000	24.840000	35.779000
280	-2.199000	-1.714000	-1.599000	-0.902000	-1.178000	1.010000	-0.952000	-0.805000	-2.328000	-1.650000	-1.712000	-1.446000	-0.352000	-1.793000	0.000000	-1.539000	1.110000	4.274000	-1.185000	0.047000
281	0.000000	8.973000	18.161000	20.901000	22.986000	14.085000	18.234000	21.230000	12.671000	11.003000	14.141000	16.331000	21.820000	18.647000	19.036000	16.338000	25.689000	21.951000	19.245000	79.628000
282	5.079000	3.182000	2.635000	0.670000	0.000000	4.718000	10.393000	3.297000	3.290000	2.450000	1.418000	5.976000	6.362000	5.327000	4.881000	2.930000	31.722000	17.748000	13.236000	12.234000
283	2.519000	1.508000	0.110000	0.000000	-0.368000	3.168000	-1.529000	1.135000	2.428000	1.484000	0.173000	0.636000	1.822000	1.288000	2.825000	2.085000	0.228000	0.716000	0.151000	2.153000
284	6.651000	3.986000	0.745000	0.729000	0.000000	6.806000	6.047000	2.608000	4.321000	2.708000	0.234000	4.774000	4.524000	3.778000	5.387000	2.746000	9.846000	8.232000	2.912000	4.311000
285	2.294000	1.101000	-1.433000	-0.282000	-0.276000	3.312000	-0.312000	0.813000	1.228000	0.491000	-1.262000	0.000000	2.087000	0.024000	3.859000	0.954000	2.068000	1.832000	0.012000	3.258000
286	4.452000	2.535000	0.628000	0.000000	-0.285000	6.010000	11.459000	2.297000	3.996000	2.395000	0.901000	5.793000	4.819000	4.550000	4.833000	3.340000	21.713000	17.184000	14.278000	15.979000
287	3.873000	2.534000	2.918000	2.584000	2.903000	7.047000	3.249000	3.886000	3.630000	2.607000	2.321000	2.821000	2.321000	3.373000	0.000000	1.727000	6.702000	5.097000	4.725000	5.977000
288	0.723000	1.119000	1.165000	1.783000	1.871000	0.193000	1.880000	1.839000	0.000000	1.826000	1.120000	1.612000	-0.718000	1.709000	-1.840000	0.778000	1.445000	1.004000	1.510000	1.760000
289	2.984000	1.934000	0.704000	1.945000	1.409000	4.923000	1.830000	1.591000	2.029000	2.494000	0.496000	1.264000	2.496000	1.731000	2.611000	1.797000	1.735000	0.932000	0.000000	1.947000
290	0.639000	0.000000	-0.158000	0.391000	-0.126000	-1.374000	0.035000	0.480000	0.559000	0.706000	-0.718000	-0.054000	-0.963000	-0.257000	-0.266000	0.408000	-0.324000	0.022000	-0.035000	0.379000
291	1.863000	0.190000	-1.144000	0.545000	1.810000	0.733000	-0.820000	1.904000	1.579000	0.716000	-0.981000	-0.318000	-0.281000	0.000000	1.087000	0.983000	-0.357000	-0.409000	-0.678000	0.874000
292	2.515000	1.143000	1.045000	2.646000	1.811000	3.728000	0.267000	2.594000	2.062000	1.183000	-0.984000	1.646000	1.943000	0.000000	3.579000	2.427000	3.280000	3.973000	2.963000	8.622000
293	0.736000	0.044000	-0.417000	0.209000	-0.310000	3.044000	0.000000	-0.241000	-0.001000	0.514000	-0.625000	-0.176000	0.045000	-0.329000	0.690000	0.541000	-0.540000	-0.427000	-0.960000	0.369000
294	1.228000	0.000000	-0.849000	-0.135000	-1.084000	2.152000	-1.188000	0.626000	0.914000	0.671000	-0.961000	-0.802000	0.065000	-0.208000	0.893000	0.145000	-0.473000	-0.689000	-0.758000	0.226000
295	4.576000	3.580000	0.000000	2.943000	1.797000	5.230000	4.793000	3.231000	4.447000	3.031000	0.271000	2.984000	5.101000	3.146000	5.759000	3.749000	12.605000	7.047000	4.137000	3.699000
296	0.000000	3.364000	3.866000	6.189000	5.183000	8.885000	1.331000	4.450000	2.744000	3.639000	3.563000	0.835000	3.242000	3.323000	3.539000	2.381000	3.986000	3.360000	3.088000	3.058000
297	0.925000	0.000000	-0.855000	0.037000	0.047000	0.849000	-0.631000	1.084000	0.594000	-0.329000	-0.954000	-0.548000	0.037000	-0.328000	-0.586000	-0.625000	-1.116000	-0.792000	-1.012000	-1.130000
298	-0.138000	-0.397000	-0.728000	-0.172000	-0.199000	-0.337000	-0.176000	0.000000	0.023000	-0.758000	-0.971000	-0.161000	-0.237000	-0.340000	-0.485000	-0.438000	-0.184000	-0.199000	-0.197000	-0.146000
299	-0.394000	0.000000	1.548000	1.954000	1.700000	2.552000	-0.139000	-0.190000	-0.419000	1.647000	1.023000	-0.280000	-0.229000	-0.379000	-0.302000	-0.365000	0.920000	-0.221000	-0.222000	-0.065000
300	-1.175000	-0.022000	0.193000	-0.292000	-0.525000	3.577000	-0.153000	-0.541000	-1.099000	0.106000	-0.016000	0.000000	0.143000	0.178000	0.209000	-0.034000	0.032000	0.085000	0.088000	0.018000
301	1.608000	0.530000	0.499000	-0.203000	-0.090000	4.337000	0.496000	-0.029000	0.000000	-0.768000	-0.411000	0.199000	0.807000	0.770000	1.644000	1.536000	1.989000	1.049000	0.868000	2.961000
302	4.336000	2.804000	3.179000	3.650000	4.734000	0.000000	4.734000	5.582000	4.589000	3.724000	2.635000	3.295000	3.255000	3.534000	3.833000	3.479000	2.135000	1.915000	1.508000	3.420000
303	1.566000	1.236000	0.349000	1.179000	0.909000	4.212000	0.000000	2.127000	1.439000	1.005000	0.327000	0.397000	1.989000	0.759000	2.097000	0.696000	1.861000	1.317000	1.037000	1.153000
304	3.706000	2.236000	4.269000	3.950000	4.590000	2.884000	3.038000	5.524000	3.633000	2.505000	1.925000	3.982000	3.850000	3.056000	3.928000	2.572000	0.000000	0.493000	0.087000	2.679000
305	1.192000	0.000000	0.936000	-1.079000	0.843000	4.588000	8.080000	-0.206000	0.397000	0.785000	5.940000	6.969000	3.438000	8.517000	5.074000	3.947000	17.397000	16.929000	13.165000	18.258000
306	3.858000	2.651000	0.983000	0.231000	0.000000	4.571000	2.219000	2.220000	2.325000	1.279000	0.736000	1.734000	3.216000	2.967000	4.135000	2.198000	1.273000	0.572000	3.433000	4.567000
307	1.414000	0.000000	-1.510000	1.808000	0.235000	6.845000	-0.249000	-0.068000	1.163000	-0.336000	-1.573000	-0.870000	0.580000	-0.128000	0.891000	-0.620000	-2.398000	-2.393000	-0.394000	-0.201000
308	4.288000	2.956000	0.165000	1.208000	1.367000	3.958000	2.363000	2.939000	4.097000	2.532000	0.111000	2.900000	4.311000	3.428000	4.321000	3.268000	1.607000	0.000000	-0.422000	2.547000
309	1.717000	0.870000	0.169000	0.513000	-0.015000	4.207000	0.013000	1.163000	1.884000	0.886000	0.585000	0.000000	1.154000	0.955000	1.663000	0.838000	1.451000	0.053000	0.414000	0.209000
310	3.794000	3.061000	1.331000	3.284000	2.724000	4.300000	3.979000	4.339000	3.969000	3.190000	0.536000	3.505000	4.013000	3.794000	3.913000	3.537000	8.670000	1.950000	0.000000	3.373000
311	0.841000	2.447000	2.120000	2.570000	2.192000	0.000000	0.242000	3.124000	1.846000	2.138000	1.434000	0.829000	1.865000	1.748000	1.326000	1.575000	1.767000	2.142000	1.843000	1.884000
312	-0.706000	0.000000	-0.180000	1.950000	1.673000	-1.465000	1.523000	1.463000	0.245000	1.873000	-0.599000	-0.240000	1.608000	-0.164000	0.094000	-0.285000	0.773000	1.292000	0.658000	1.770000
313	0.123000	0.131000	0.118000	0.316000	0.377000	-0.544000	-0.578000	0.162000	0.204000	0.121000	-0.439000	0.001000	0.000000	-0.512000	0.145000	0.124000	-1.357000	-0.496000	-0.288000	-0.203000