SITE	GLY	ALA	LEU	VAL	ILE	PRO	ARG	THR	SER	CYS	MET	LYS	GLU	GLN	ASP	ASN	TRP	TYR	PHE	HIS
9	0.688600	0.650100	0.331800	0.676600	0.424400	0.674800	0.338100	0.657000	0.602600	0.535800	0.049100	0.137600	0.153300	0.512000	0.000000	0.402200	-1.036100	0.425700	0.400400	0.416600
10	3.602900	2.262500	1.686200	0.000000	-0.417400	2.635900	1.907900	1.428400	3.306700	1.453700	0.992600	1.206400	2.046500	1.823300	2.848000	2.497900	1.473200	0.703500	0.430500	2.390800
11	4.160100	2.715800	2.081800	2.641900	3.361600	0.000000	2.969000	2.582900	3.117300	3.145000	1.968500	2.431400	3.189900	3.104800	3.812000	3.662400	1.728400	1.723500	1.409700	3.362400
12	1.407100	0.881700	-0.590100	0.000000	0.279900	2.051800	-0.603100	0.182100	0.710100	0.307100	0.067200	-0.096700	0.826500	0.229200	0.736900	1.363100	1.550200	1.270800	1.212700	1.066900
13	0.714200	0.604600	-0.899700	2.425500	1.533500	4.766200	-0.040600	1.783900	1.311100	0.397600	-1.019900	-0.698400	0.076000	0.128400	0.729400	0.000000	-1.215800	-0.850600	-0.978400	-0.390800
14	2.331000	1.169500	0.000000	0.761000	0.415100	3.312800	1.731600	1.950900	2.253400	1.688000	0.209600	1.062700	0.819600	0.872800	2.156900	1.526600	1.718800	1.299400	1.138900	1.716400
15	5.098000	3.643100	1.938900	1.312400	2.227100	6.641100	2.526000	2.685200	3.778100	3.267200	1.230400	2.139000	4.006900	3.017400	5.107700	3.467400	2.088300	0.000000	0.609100	3.087800
16	1.722300	1.466200	0.329300	0.709400	0.601500	1.388700	0.000000	1.476500	1.515400	1.188600	0.544400	0.085700	0.814600	0.702100	1.342800	1.369800	0.792000	0.356400	0.297400	1.539200
17	2.643800	1.884500	0.876200	1.817300	0.833000	0.000000	1.949200	2.948500	2.429700	2.022400	0.659500	1.739100	1.442500	1.863000	2.123100	2.309600	1.843200	1.911500	1.835300	2.511700
18	0.287300	-0.111500	-0.605800	-0.093100	-0.405800	-0.621200	-0.354300	0.273000	0.059600	-0.203300	-0.580600	-0.387400	-0.436100	-0.245700	-0.127500	0.000000	-0.891800	-0.568600	-0.621200	-0.000700
19	0.959600	0.000000	-0.022100	0.327400	0.589400	3.036500	0.049300	0.484100	0.198600	-0.270500	-0.162700	-0.178600	-0.160100	0.915200	-0.247500	-0.250200	0.023400	0.071400	-0.006100	0.101300
20	2.878100	2.266100	0.531900	2.251300	2.764100	0.000000	6.691000	3.894600	3.856300	1.724800	3.363300	6.551600	5.041900	6.164800	4.760600	4.518700	18.289900	16.048100	13.577500	18.327600
21	4.766700	3.043700	-0.080000	2.963200	1.891700	6.653700	2.574200	4.018700	4.294500	2.995900	-0.021800	1.384000	3.625600	3.328500	4.214600	2.838200	1.120000	0.227800	0.000000	2.943500
22	1.753900	1.401900	-0.144800	0.931900	0.000000	0.753300	1.288900	1.357300	1.985800	1.544000	0.306400	0.808900	0.906800	1.293400	1.369700	0.988400	0.673900	0.506100	0.318500	1.102900
23	0.000000	-0.628200	6.181800	2.538800	6.787600	5.560300	18.962500	2.930000	1.235100	1.723000	5.591700	14.052900	8.245800	10.837000	7.908200	7.077600	22.277500	26.959970	18.083100	61.786400
24	2.087900	1.341000	0.358200	0.395800	-0.033600	0.980600	-0.151900	0.960700	1.704000	1.202100	0.125700	0.000000	1.436400	0.628300	2.726600	1.379400	0.298700	-0.020100	0.368900	1.329600
25	4.859100	2.832700	1.092500	0.000000	0.654400	2.577800	10.863500	1.958900	3.722100	2.608200	2.723900	7.987500	8.027300	5.890200	5.594200	4.201600	13.453000	10.101900	11.294400	5.208200
26	2.134300	1.884600	0.019100	0.927500	0.000000	5.543600	0.738900	2.320700	2.450300	2.255600	0.491800	0.023200	1.559000	0.954900	2.179200	1.837600	1.946000	1.603500	1.492900	1.895200
27	1.208900	0.354600	-0.435200	0.591600	-0.276700	3.645700	-1.044300	0.609000	0.000000	0.213900	-0.309700	-0.760600	0.477700	-0.530500	0.943400	0.294400	-0.038700	-0.154200	-0.226000	0.299500
28	4.487700	2.361100	1.205500	0.304300	1.510900	2.518100	1.399700	1.123600	2.244000	1.718000	1.772100	2.629700	3.981400	4.453100	3.127900	0.000000	5.611600	3.237200	3.187900	4.457900
29	1.188400	0.794600	-0.477500	0.474400	-0.091700	4.859700	-0.106100	0.699300	0.990900	0.465700	-0.719700	-0.372900	0.000000	-0.172300	0.536900	0.591800	-0.569100	-0.595500	-0.706100	0.366100
30	0.743100	0.976500	1.163300	1.192300	0.503100	0.000000	0.002400	0.986300	0.620600	0.569000	-0.073700	0.492700	0.981600	0.237900	1.371000	0.915800	0.799900	0.879200	0.875600	1.195300
31	4.502700	3.282600	0.000000	1.841700	0.989000	4.931000	1.168600	2.542900	3.452500	2.873300	2.335300	0.952900	2.156600	2.380300	2.391600	1.766000	8.294500	13.006500	11.206000	27.877050
32	2.232800	1.412300	1.272000	0.000000	-0.101100	2.160300	2.829000	1.274500	1.956400	0.975400	2.510900	3.065500	4.071000	3.069500	1.566000	0.861000	2.463700	1.501300	1.250500	2.252300
33	0.146900	0.032900	0.246700	1.593400	0.769100	1.836500	-0.214900	1.042100	0.068400	0.570800	-0.173800	0.000000	0.832600	0.495500	0.515400	0.288700	0.657000	-0.464200	0.365200	0.717400
34	0.829900	0.452700	0.398100	0.648900	0.524100	-0.130200	0.570300	0.646700	0.539500	0.755300	0.546800	0.381900	0.000000	0.273200	0.458100	0.586000	0.533100	0.387300	0.360900	0.485300
35	0.000000	3.646600	3.615200	4.746100	4.297500	6.651700	3.332500	4.684800	3.924100	2.551500	3.130900	3.500700	3.885200	3.761100	4.029400	2.570900	3.127800	3.564700	3.544200	3.950000
36	0.000000	0.001500	14.198600	7.425800	10.284700	4.896200	5.976200	6.892400	2.708000	2.659600	4.838100	7.966600	12.768500	10.282700	8.943900	8.514500	27.964180	26.504960	23.197300	53.264900
37	1.938800	1.217600	-0.162200	0.859700	0.000000	2.231000	1.453800	1.551300	1.492300	0.975200	-0.039200	1.034900	1.018800	0.978600	1.251300	1.240000	1.409100	1.368200	1.324000	1.730000
38	0.000000	3.062300	2.726900	3.876300	3.795600	7.351100	3.383900	4.196400	3.943500	3.243000	2.862000	1.938600	4.027900	3.171000	3.939700	3.482700	3.659100	2.891600	2.771400	3.692100
39	1.757300	0.890100	-0.296400	0.253300	0.000000	1.618000	-0.024500	0.151800	1.144400	0.540400	-0.100600	-0.236400	0.805700	0.286800	0.882900	0.879900	0.647200	0.556800	0.493200	0.875900
40	5.081900	2.944200	0.416800	0.000000	-0.499300	3.072800	3.495000	1.595900	3.805100	2.162000	0.583800	3.241100	3.790600	3.198200	4.057500	3.353500	5.453700	3.502900	3.950700	5.311400
41	2.010300	0.497200	0.025500	-0.144400	0.082800	5.688700	0.470800	0.921100	1.823800	0.548000	-1.143700	-0.798900	2.980900	0.000000	2.977000	1.005600	5.336800	1.090600	0.321100	1.751500
42	2.053600	0.836200	-1.287100	1.169000	0.378600	4.148700	1.002500	1.907500	1.206700	0.042500	-1.414900	0.050800	1.210800	0.918100	2.029900	0.323500	1.229300	3.050300	-1.834600	0.000000
43	5.653500	3.859500	0.364700	1.171600	0.000000	6.816400	9.005700	2.937400	3.931500	3.323200	2.060000	5.591000	6.029600	4.412700	5.573800	3.239200	27.154910	16.772100	10.457300	34.091014
44	2.357100	1.193600	-0.308900	-0.336800	-0.778000	2.495600	-0.172300	0.209800	0.992100	0.702900	-0.783900	0.000000	1.098600	0.839900	2.982900	0.294200	5.219700	7.237000	2.679400	3.761500
45	6.712600	5.518300	1.283700	2.847100	1.717700	7.502100	5.278300	5.078600	6.521500	4.857200	1.462500	2.493000	6.502100	4.835800	7.461600	5.289000	5.424600	1.286400	0.000000	3.763700
46	2.688800	1.487500	0.418200	3.562500	1.931900	6.138500	1.024800	3.002000	2.380900	1.620000	0.384800	0.881900	1.292300	1.167200	0.000000	0.319700	5.254400	5.499300	-0.307900	18.616900
47	3.942400	3.237100	0.000000	2.553300	1.521000	6.853300	1.884100	4.085800	4.086000	3.016700	0.190700	3.542100	4.598500	3.721200	4.721800	3.068900	16.071500	7.900800	4.752400	17.360300
48	1.800400	0.519600	0.840500	1.189000	1.364300	2.345700	0.260500	0.000000	0.413100	1.310600	0.624500	0.821500	1.237300	1.050900	1.641100	0.169100	1.191800	0.559300	0.510800	1.463100
49	0.000000	3.502000	3.528700	4.800200	4.705000	6.783000	3.075400	4.704700	3.688800	3.497600	3.099700	3.400400	3.581900	2.941100	3.564800	3.513400	3.298500	3.508400	3.477700	3.591600
50	0.000000	2.299300	7.651900	4.255800	8.165000	7.601400	5.289600	6.278800	0.989500	-0.126500	4.232500	4.941100	3.852000	8.089500	3.737400	6.014600	17.561300	11.001700	10.531500	13.833100
51	0.950900	0.727100	-0.124600	0.630500	0.565900	2.145400	0.285900	0.849800	1.088400	0.376500	-0.522600	0.486600	0.478500	0.569700	0.436100	0.000000	0.027400	-0.252200	-0.500400	0.383600
52	5.407200	4.288200	0.000000	3.753400	2.796500	4.544500	7.160000	4.343600	5.316100	3.257500	0.223400	5.795700	4.615200	4.153200	4.931900	3.777400	15.691300	9.678600	5.516900	3.632200
53	1.272900	1.182000	0.808500	0.772300	0.674200	1.922800	-0.130600	0.882600	1.045800	0.849300	0.272300	0.000000	0.967500	0.394700	1.128600	1.159400	0.528300	-0.312300	-0.844500	1.309400
54	5.145700	4.074700	3.013600	5.358600	5.522400	4.691100	4.953600	5.325200	4.059800	3.844700	1.663200	2.170000	5.782200	4.418900	6.151000	3.720400	2.867800	0.000000	0.480000	3.105700
55	2.755100	2.110100	-0.364900	0.755400	0.000000	4.063800	1.817700	2.768500	2.777400	1.431400	-0.589600	1.467400	2.094900	1.857100	3.007700	2.464400	1.479100	1.472700	1.101500	2.504500
56	5.252100	3.960500	4.942600	2.467700	3.604800	3.072000	6.437600	4.466700	5.074600	4.236400	4.034000	5.525100	0.000000	4.978100	4.546500	5.676100	6.076200	6.606900	4.889700	6.322900
57	0.000000	8.044100	30.503320	20.553700	23.858700	16.663800	36.359739	19.015900	13.982800	14.378100	17.323000	28.704710	22.207000	28.616320	23.145900	22.752900	36.701250	33.859520	32.453510	96.758500
58	4.068300	3.451000	1.318500	4.019600	5.427400	7.226100	9.264200	4.038000	3.855800	3.338800	0.994700	2.638400	3.667700	0.000000	4.461100	4.344200	11.078200	4.558800	4.502700	7.679800
59	0.110700	-0.917300	-3.173400	-1.946300	-1.529700	1.070300	-1.758800	-0.338500	0.000000	-0.976400	-2.728000	-2.028400	-0.558200	-1.680500	0.594400	-0.486000	-2.631500	-3.848600	-2.762200	-1.500900
60	5.780300	4.459000	1.469200	0.922100	0.000000	5.627700	7.819200	3.519600	4.286700	3.331400	1.329100	5.045800	5.286200	4.348100	6.475700	4.418500	17.744100	13.317000	11.728100	7.959300
61	0.000000	-0.003500	1.627700	3.421800	3.571700	1.235900	2.475900	4.477200	3.133000	0.503400	0.092300	3.377700	2.355400	2.667300	1.625200	1.176600	0.410300	1.272900	0.741500	7.199200
62	6.085500	4.654300	0.425200	1.052700	0.000000	5.797900	7.043100	3.536000	5.571500	3.564500	0.343500	3.855800	5.457200	3.020800	5.843500	3.881300	14.590000	7.199400	4.441200	3.191200
63	4.091900	3.083200	0.060800	1.236400	0.000000	4.904000	1.369800	3.115900	3.850000	2.282900	-0.019600	0.811800	2.909100	2.064700	3.641100	1.373400	3.549000	4.529600	3.655800	4.824800
64	4.774500	3.008900	2.900700	2.703900	4.344200	0.000000	6.146500	3.730700	4.854500	3.277900	4.277800	5.479800	7.207900	8.062400	6.090300	5.607800	11.511200	9.465600	9.231600	32.785844
65	1.591600	1.720600	1.412100	1.962300	2.031200	0.000000	1.005500	1.827200	1.379500	1.890800	1.067100	1.569700	1.350500	1.791700	1.393800	1.584800	1.346800	1.108700	1.124700	1.669800
66	0.000000	3.069700	3.385700	4.918000	4.437100	5.286000	2.989700	4.604800	2.262400	3.304200	2.524600	3.052100	3.488200	3.247200	3.260000	3.201700	2.289000	2.952000	2.914400	3.282700
67	0.973800	0.470600	-0.877400	0.000000	0.198200	1.129300	-1.354500	0.073000	0.653200	0.095500	-0.683500	-1.366800	0.281100	-0.864800	1.128100	0.083900	-0.743500	-0.966000	-1.006300	-0.132700
68	2.064300	2.484100	1.870000	2.550700	3.170400	3.404900	2.135400	3.859700	2.894300	3.312800	1.451900	2.292000	3.046100	3.486400	0.000000	1.733500	7.837400	5.977300	6.065200	7.096000
69	0.516700	0.506500	0.185100	0.469100	0.198600	-0.103000	-0.184300	0.500200	0.577700	0.403600	0.324500	0.000000	0.573500	0.378300	0.578100	0.424300	0.152700	-0.034100	0.017200	0.247200
70	0.786700	0.241800	-0.487300	1.154300	0.294700	1.940600	-0.418300	1.717600	0.469600	0.636700	-0.313900	-0.298800	0.316800	0.067100	0.279500	0.000000	0.149700	-0.558300	-0.606400	0.284300
71	0.000000	3.066600	2.521300	4.332200	3.973400	7.543300	2.357400	3.840400	2.965800	3.168800	2.353300	2.657500	2.854100	2.232500	3.220800	2.433100	2.919400	2.401800	2.331900	2.519600
72	1.154900	0.604600	0.211300	0.968800	0.531100	2.134900	-0.152200	1.193800	0.502700	0.978800	0.334000	0.000000	0.851800	0.266600	1.298200	0.182100	0.812900	0.461700	0.383000	1.001100
73	1.772300	1.289300	0.917400	1.549700	1.367200	0.000000	1.351400	1.601700	1.415000	1.699400	0.652300	1.320700	0.711000	1.108900	1.515200	1.702800	1.005700	1.314000	1.085700	1.579400
74	0.348900	-0.481300	-1.576800	-0.602500	-0.550800	0.483500	-0.016700	1.181200	0.234100	-0.127800	-1.577800	-0.285200	0.000000	-0.884600	0.700700	0.231100	-1.219100	-1.385200	-1.786000	0.270200
75	0.398100	0.483200	0.166000	1.129900	0.810100	-0.422200	-0.517400	1.096200	0.357000	0.390300	0.070400	0.000000	0.138400	0.183800	-0.173000	0.332400	0.044500	-0.063400	-0.394300	0.359400
76	2.183200	1.207800	0.000000	0.709300	0.940000	-0.935900	0.708200	2.371100	2.070300	1.483300	-0.384300	0.773000	0.267000	0.571500	1.773900	1.726100	-0.068500	0.315800	0.252400	1.429300
77	2.191600	1.261100	0.710200	0.772900	0.725500	3.816400	0.000000	1.239100	1.813600	1.232300	0.803200	0.581700	1.144700	1.059600	1.916600	1.618800	0.959900	0.852300	0.902200	1.048000
78	1.921100	1.371000	0.000000	1.341000	0.613000	0.541800	0.667800	1.381100	1.721800	1.296400	-0.507200	0.484200	0.927700	1.013000	1.719800	1.506800	0.455300	-0.306700	-0.651900	1.232600
79	4.878200	3.444900	0.705000	1.462800	0.202500	5.898200	1.953500	2.996100	3.844700	2.741900	0.560100	1.764000	3.381400	2.439500	4.430700	3.595600	0.289900	0.000000	-0.961100	2.142800
80	0.580800	-0.297400	-2.234300	-0.453500	-1.409600	-2.071000	-0.604900	0.284400	0.000000	-0.189900	-2.048200	-1.166200	-2.522900	-0.317900	0.270100	0.394000	-1.075500	-0.297900	-2.866000	-0.162200
81	4.667500	3.003100	1.935300	0.859900	0.000000	6.899700	12.099000	1.948500	3.610900	2.913000	2.834600	5.479300	4.630900	4.522400	5.005800	3.963600	16.680600	15.586600	10.564200	18.867900
82	1.538100	0.000000	6.042300	-0.069200	3.525900	5.010400	15.222600	1.188600	1.380200	0.412600	8.112000	11.176300	8.371700	11.405300	2.465300	5.047100	32.584100	29.307810	24.879740	31.274310
83	0.420800	-0.726100	11.544300	1.287200	7.577500	3.683100	15.441400	0.374900	0.000000	0.788200	8.430800	9.417900	11.763500	7.639200	7.676000	6.035300	46.629700	15.627000	12.803900	45.100480
84	3.427900	2.458900	5.782300	1.156400	2.254900	-0.035200	4.721700	0.000000	0.725000	2.370800	2.584100	6.657700	6.076200	2.650900	7.704600	4.832900	18.992900	7.510400	9.678100	12.294000
85	3.730500	2.737800	1.885100	3.496300	3.464200	1.577300	0.000000	3.172300	3.338300	3.158300	1.725300	2.545600	3.584800	2.504900	5.238900	2.991800	6.015700	3.224900	4.001500	4.246700
86	3.184800	2.448400	0.474100	3.024400	2.122100	4.330800	0.098400	1.888900	2.649700	2.391400	1.206900	1.215400	4.122600	2.672000	5.081000	2.179000	0.568500	0.378900	0.741800	0.000000
87	0.000000	5.380400	13.618500	13.139000	17.074800	13.480700	13.224800	11.078100	6.554700	8.243600	13.087800	17.579600	14.096200	13.852400	12.802100	11.525500	17.983400	15.431100	14.826700	38.187350
88	2.680400	2.235000	2.987700	2.997700	3.712200	-0.020900	3.745400	3.075300	3.250200	2.210200	3.023700	3.351200	1.269300	2.756700	0.000000	1.333700	4.308400	3.853200	3.809500	3.615200
89	0.022900	-0.042900	0.161300	1.344600	1.051800	-0.032600	-0.145200	0.400600	-0.200900	0.343900	0.072200	0.043500	0.468300	-0.128100	0.000000	-0.340900	0.586500	0.180600	0.229500	0.396700
90	0.742600	0.391700	-0.156000	0.000000	0.548800	5.465100	1.404800	0.981000	0.752700	-0.123700	0.848100	0.913400	2.001200	1.533200	3.163800	0.152900	5.680800	3.411300	3.048600	3.640900
91	0.010400	-0.004200	-0.287100	-0.388400	-0.530100	3.337200	-0.783300	0.749000	-0.004900	1.390500	0.188800	-0.882700	0.075800	-0.430600	0.000000	-0.566100	0.424400	0.240900	0.209800	-0.576400
92	-0.610700	1.019900	0.779000	2.374700	3.441200	4.257000	0.384700	1.872000	0.733500	0.510100	0.648100	0.394600	0.048900	-0.225200	0.000000	-0.775900	0.849400	0.335300	0.051900	0.557800
93	0.814700	0.495300	0.383600	0.335800	-0.193500	4.349800	0.268200	1.888300	0.725600	0.572400	0.053700	0.000000	1.216400	0.700900	1.797700	0.628800	0.600500	0.515000	0.496300	0.845700
94	0.447500	-0.289200	-0.667900	-1.895000	-0.745600	0.971400	0.515100	0.000000	-0.649000	-0.309200	-0.810300	-1.134900	1.829100	0.162100	2.134800	0.413900	0.668400	0.320100	-2.250900	0.007100
95	6.020500	4.507100	0.838900	1.125100	0.000000	6.002900	8.300400	4.011200	5.402200	3.715300	0.263700	6.629000	5.500500	4.245700	5.877600	4.372700	16.473900	14.719100	12.013900	9.594400
96	1.409600	0.305000	1.400600	0.422200	1.664200	0.880900	2.058300	-0.236500	0.000000	-0.551000	3.960100	5.575200	1.182800	2.474100	3.925600	2.639600	11.704300	12.314700	11.916100	39.593110
97	5.772600	4.496600	0.000000	1.943900	1.658900	6.646200	11.416100	4.082000	5.246400	3.701800	0.303000	5.779400	4.814200	4.398900	5.587800	4.060500	19.018700	11.818200	7.495900	11.063400
98	3.774600	1.270800	0.543600	0.802500	1.288300	2.159700	13.660300	0.875600	1.781600	0.000000	2.534600	9.724700	6.631700	6.872200	0.558400	0.868400	25.812780	18.470700	10.994000	17.154100
99	3.960300	2.580300	2.897000	0.000000	0.232100	5.581200	7.518000	2.357400	3.644300	2.321500	3.392800	6.295000	5.192800	4.097900	4.066700	2.310000	19.909000	21.194300	13.361700	10.668900
100	1.421400	0.127100	-1.071200	-0.121300	-0.517700	-0.210700	0.000000	0.408800	0.708000	0.362000	-0.774800	-0.553100	0.645700	-0.034500	1.529300	0.522700	-0.157100	-0.419100	-0.860700	0.942700
101	0.337300	-0.677700	-0.846900	-1.845300	-2.437100	3.675900	0.077500	-1.505400	-0.086200	-1.247200	-2.266600	-0.292100	0.605400	0.000000	0.588000	-1.146200	7.273200	11.848100	7.854700	4.554300
102	1.235800	0.543600	0.000000	0.627500	0.261000	1.256200	0.262400	0.739100	0.800100	0.851300	0.127800	0.091100	0.441000	0.400900	0.788600	0.993300	-0.307600	-0.064500	-0.173000	0.661800
103	1.359200	0.255100	0.138200	0.462000	-0.096300	1.888100	0.473800	0.579800	0.607900	0.391200	-1.031900	0.213100	0.000000	-0.037800	1.090200	0.890300	1.329100	1.055800	1.031400	0.673000
104	0.936100	1.503800	0.360200	1.462000	0.959700	1.623300	1.218800	1.623000	1.428000	0.906200	-0.111800	1.063000	1.891800	1.352200	1.143600	1.052700	1.411400	0.000000	-0.749200	1.659300
105	0.539300	-0.026900	-0.726300	0.758800	0.155600	-0.334500	-0.583900	0.858400	0.942400	0.426300	-0.156700	0.000000	0.619500	-0.206200	0.014600	-0.049000	-0.076100	-0.224600	0.775300	0.346700
106	-1.014100	-0.820300	-0.831600	-0.759200	-1.255100	-0.156400	-0.552100	-0.823200	0.208300	-0.192400	-0.912200	-1.346600	-1.210000	-1.289000	-0.732100	-0.924300	-1.364000	-0.428000	-0.482900	0.000000
107	0.226400	0.232700	0.238000	0.444900	0.330900	0.000000	0.145500	0.423500	-0.474000	0.292100	0.032000	0.856900	0.151200	0.477000	0.354600	0.437700	0.894700	0.084500	-0.067400	0.362500
108	2.937200	1.089500	0.045800	1.494800	0.612800	3.808500	-0.102300	1.333200	0.642000	0.965300	-0.190400	0.190400	0.000000	0.328600	-0.504600	0.448100	1.329900	-0.011500	-0.070700	0.768000
109	-2.148300	-0.161700	0.818800	2.481700	1.564300	5.023100	0.505300	2.944900	0.000000	0.898400	-0.478800	0.592600	-0.195400	0.746100	-0.069100	-0.151900	0.096200	1.007500	0.988400	1.297100
110	0.000000	2.318300	2.482000	3.431000	3.201300	3.161400	1.694700	2.609900	2.084000	1.958500	2.288400	1.974300	1.866800	2.084900	1.621900	1.065600	2.319300	2.342400	1.869300	2.157000
111	-1.471900	-0.740300	0.259900	0.146000	0.878800	-0.189800	0.213100	-0.151200	-0.398100	0.250900	0.150600	0.186300	0.000000	0.229100	-0.593300	-0.259800	0.495800	0.470300	0.300900	0.525900
112	0.554300	-0.615000	-1.376900	-0.492100	-1.024300	-1.502900	-0.999700	0.000000	0.378800	-0.030200	-0.874800	-1.356400	-1.154000	-0.662500	-0.501500	-0.352200	-0.298100	-0.729700	-0.587800	-0.577700
113	0.906600	0.529600	0.244900	0.000000	0.943300	5.104600	0.560200	0.863200	0.893600	0.363700	0.545000	0.576800	0.614100	0.739700	0.600900	0.122200	-0.529300	0.397900	-0.225300	0.733600
114	1.678600	1.008000	-0.023400	0.450500	0.079400	1.880800	0.724400	0.643500	1.551200	0.989900	0.034200	0.426400	0.647900	0.498500	1.466500	1.174700	0.740600	0.000000	-0.323300	1.138000
115	0.000000	0.516200	0.128400	2.626100	3.825000	8.024700	1.469200	2.568100	0.980500	1.215900	0.151200	1.047600	0.611700	1.038400	0.133600	0.536500	1.112700	0.115600	1.609300	0.604500
116	0.448300	0.283600	-0.375500	0.000000	-0.310500	0.106400	-0.467900	-0.397600	-0.214700	0.286600	-0.327500	-0.251800	0.161600	-0.551500	0.944300	0.659300	0.538900	-0.016000	-0.069500	-0.017900
117	1.768200	0.234800	-0.374700	0.077700	0.961100	0.521000	5.003600	2.437700	1.180300	0.000000	2.091300	4.666800	2.897700	2.208900	0.983500	2.722600	13.367900	8.037100	7.445800	3.826900
118	0.638200	-0.370100	-0.757000	0.107000	2.387500	-0.905700	-0.867000	-0.670900	0.000000	-0.218500	-1.395500	-0.589800	-0.352000	-0.844100	-0.111200	-1.140000	-0.689100	-1.514600	-1.859300	0.577600
119	0.917200	-0.208100	-0.942200	2.338700	1.194900	4.579300	-0.357600	0.000000	-0.031200	0.134500	-1.004700	-0.455500	0.019700	-0.297700	1.725100	-0.362700	-0.194000	0.077400	-0.018100	-0.381700
120	3.756500	2.547500	1.314000	2.242200	1.730300	6.057400	2.135500	2.979700	3.727000	3.059700	0.221100	2.007000	2.673000	1.735400	3.782300	2.587300	-0.676100	0.000000	-0.645200	2.261400
121	6.115000	4.236000	0.000000	2.282500	1.170900	11.517000	9.432400	4.700200	5.199400	4.046000	0.465100	5.253900	5.075700	3.261200	5.494700	3.859000	14.328300	13.875000	6.371000	16.459900
122	0.954400	-0.675200	0.293600	-1.709400	-0.926400	2.418400	0.630000	0.000000	0.664500	-0.750200	2.341400	1.841200	3.683600	2.178100	3.927100	1.411800	4.952800	4.354400	4.657000	19.185800
123	0.660900	1.320700	0.281400	1.472200	0.670400	6.001200	0.161800	0.610700	0.752500	0.663700	0.116700	0.157600	1.649900	0.574600	2.050500	0.427900	0.457300	-0.314100	-0.193700	0.000000
124	3.702700	1.958400	0.191000	0.579800	0.000000	7.712800	2.390600	1.766000	2.124200	1.733300	0.733500	1.550500	2.740700	2.345900	3.384700	2.741500	4.783600	4.787600	5.479100	2.505700
125	1.016500	0.379300	-0.268500	0.231300	-0.089200	-0.373000	-0.769000	0.281800	-0.081500	0.255400	-0.448500	-0.726100	0.000000	-0.391600	0.586900	0.355500	-0.239500	-0.473500	-0.529000	0.026300
126	2.522500	2.126100	2.170000	2.533600	2.255700	0.000000	1.368000	2.044800	1.992800	2.086800	2.074600	1.450800	1.662800	1.645300	2.439100	2.424600	2.155000	2.152900	1.982000	2.425500
127	0.000000	3.170100	3.477900	4.843100	4.579400	6.356300	2.483100	4.861200	3.424900	3.469800	2.922200	2.930800	3.372000	2.728600	3.500900	2.995100	3.434200	3.462100	3.454500	3.500400
128	1.146500	-0.438400	-0.821100	0.207400	-0.653600	3.978300	-0.282500	-0.611900	0.000000	-0.034000	-1.037700	-0.723000	-0.362800	-0.223900	-0.161000	-0.212100	-0.463600	-0.812900	-1.042700	-0.640200
129	1.227300	0.076400	-0.245500	0.158300	-0.308800	0.016800	-0.096200	0.247700	0.726900	0.379600	-0.392700	-0.323000	0.000000	0.047700	0.674800	0.484100	-0.273000	0.005900	-0.013300	0.826400
130	4.218800	2.717000	2.481600	0.000000	-0.367300	6.971400	11.120500	1.565400	2.458300	1.924500	1.323700	5.936900	3.942700	5.076700	2.733300	2.392100	5.136900	4.751800	6.361600	7.655800
131	2.828500	1.264400	-0.558900	1.672700	1.306500	-0.039900	0.004700	2.416100	1.671400	0.952100	-0.472600	0.000000	1.057500	0.084000	1.879800	0.648600	0.714300	0.279800	0.819200	0.484100
132	6.747400	4.919100	0.285300	1.417800	0.000000	9.916500	4.606300	3.696700	5.872700	4.016600	0.450200	4.014900	5.407100	2.883300	6.316400	4.646200	14.386300	12.233400	6.851200	3.070000
133	2.377200	1.018500	-0.655900	-1.284700	-1.593700	3.409400	1.761700	0.000000	0.725600	0.021800	-1.859800	1.206100	1.865200	1.076700	3.122500	1.638900	4.941200	3.115900	5.587900	19.122800
134	0.000000	5.071600	15.575600	15.336200	20.442000	13.600700	11.199300	17.515900	6.262600	6.533700	6.538200	9.960200	13.728800	11.247500	13.173200	12.443000	19.271100	18.366200	17.046700	34.085592
135	5.892700	7.379500	12.827900	8.360900	10.506000	0.000000	22.008300	8.782100	7.971500	7.912400	11.735200	18.830300	15.970900	15.212500	14.933900	13.072900	38.434430	36.348670	29.093480	39.442680
136	1.842000	1.422600	-0.375400	0.000000	-0.355100	3.896600	0.471100	0.611900	1.335500	0.915700	-0.663300	-0.046700	0.686200	0.320900	1.109400	0.994400	0.624500	0.549900	0.465700	1.308100
137	0.000000	2.496600	1.573300	3.150500	2.839300	7.366900	2.409300	2.983000	2.392600	2.413200	1.420700	2.032000	2.840200	2.353700	3.295300	2.755900	1.448800	0.768300	1.239500	2.975600
138	2.205000	1.930200	0.077700	1.541500	1.134900	3.020400	0.218900	1.570500	1.557900	0.777700	0.357600	0.000000	1.642900	1.144000	1.593000	1.113400	1.723600	2.126700	2.118800	2.050200
139	1.271000	1.329700	0.248200	1.219100	0.654100	1.203300	0.104400	1.600100	1.228100	1.184500	0.856800	0.512000	0.000000	0.784400	0.957500	1.159900	1.251100	0.566300	0.412800	1.548600
140	2.983600	2.135700	0.184900	1.996200	2.905800	3.450700	1.782900	3.481900	2.859200	1.926800	0.000000	2.631100	3.267800	2.269400	3.157400	1.757100	3.958500	5.758000	4.298800	6.675300
141	2.895500	2.380000	0.000000	1.831100	0.659700	1.495300	1.812500	2.346400	2.552200	2.141900	0.380600	1.573000	2.272400	2.229400	2.516900	2.577500	2.578900	2.302300	1.864300	2.250800
142	4.835500	3.572200	0.000000	2.337900	0.999800	0.888400	5.589000	3.436900	4.225300	3.174700	0.452100	3.737000	3.984500	3.057000	4.128600	2.864300	10.275200	7.626400	2.663300	5.181800
143	3.275800	2.482000	2.096100	3.014600	2.722000	0.000000	2.847600	1.875300	2.082000	2.632900	2.251100	2.466200	2.139500	2.088900	1.071700	2.545000	2.882400	2.617100	2.788400	1.911700
144	0.360100	0.054900	-0.005900	0.392000	0.159500	-0.629900	-0.033100	0.426200	0.208900	0.375800	-0.129900	-0.112300	-0.236100	0.284800	0.000000	0.249800	-0.148300	0.067400	0.016500	0.348700
145	2.295500	1.398500	0.631700	0.738600	0.215900	0.573800	1.516200	1.057900	1.959100	1.018400	0.173200	1.133700	0.271000	0.537900	0.000000	1.134200	0.725900	0.784800	0.639000	1.559800
146	2.217400	1.268400	0.876300	0.979000	0.583400	0.000000	1.349100	2.323700	2.332900	1.757000	1.027900	1.048800	1.989300	1.248900	3.001600	2.661800	2.112000	1.304900	1.112600	2.280600
147	0.490500	0.093100	-0.924600	0.657900	-0.115600	2.051700	-0.484900	-1.216700	-1.197000	0.333600	-0.469900	-1.063600	0.000000	-0.398700	0.229300	-0.850600	-0.178100	-0.540400	-0.530500	0.192400
148	1.823200	0.000000	2.282400	0.101900	1.617200	5.259500	3.439400	-0.365900	0.709800	-0.018600	1.000400	3.748500	6.311900	5.402400	4.105000	4.102400	18.935700	5.788700	5.317900	26.799560
149	2.701400	0.638500	-0.726400	-0.510200	-1.076600	0.361000	1.046100	1.045400	1.147300	0.616400	-0.475700	0.341900	0.671500	0.340800	0.251200	0.000000	0.651000	-0.150500	-0.366700	-0.111800
150	4.841500	3.432800	0.813800	0.000000	-0.957300	4.239100	7.503100	2.609700	4.158700	2.314200	0.091900	3.627400	3.540100	3.520900	2.367100	3.161300	15.772200	7.515200	3.652700	3.293900
151	5.491700	4.225400	-0.144500	1.423100	0.000000	5.053200	3.633000	3.572200	4.389200	3.101700	0.175500	4.455900	4.098400	2.860300	4.995900	3.058600	4.763800	5.069100	5.412400	5.949400
152	5.073700	3.412800	0.064300	5.656200	5.152100	7.454500	10.188100	5.148300	4.803300	3.031700	0.000000	3.873800	4.375400	4.608500	4.169100	3.144000	11.513000	6.664100	4.695900	14.088900
153	7.268000	4.694900	0.000000	2.455100	1.221200	6.485100	3.514000	5.427700	5.851000	3.790000	-0.408600	3.449400	4.508500	3.735700	5.158500	4.030200	-1.554200	2.490400	-1.143300	2.663800
154	1.571700	0.000000	5.940100	3.360600	6.119400	3.725500	27.751460	2.989900	2.244200	1.501300	7.787400	16.243500	12.804200	11.986100	8.202200	7.930100	16.826700	46.587800	36.357870	13.416500
155	2.255500	1.181500	-1.014900	-0.851200	-1.264800	2.488300	0.309200	0.000000	0.790100	0.566900	-0.852100	-0.167900	0.675500	0.562600	1.995300	1.102700	-1.034000	-0.978400	-1.030900	1.159600
156	0.000000	2.722100	1.224000	3.105400	2.535600	5.485400	1.398100	2.424500	2.152400	2.420600	0.832600	1.765800	3.146900	2.829200	2.605400	1.030900	0.056400	1.606400	0.607000	2.154800
157	1.627000	0.782500	1.332200	0.774000	0.574200	-1.365200	2.778100	0.000000	0.515200	0.928700	0.630600	2.228400	0.399500	1.602900	2.165000	1.622100	10.839500	9.078100	6.637100	20.895300
158	0.000000	5.999500	30.314100	24.718570	32.330040	13.919700	33.444033	20.851500	11.617800	14.676600	27.495640	31.788690	30.873860	31.970360	25.626600	29.958150	70.632700	56.212400	59.282200	74.778500
159	4.296100	2.792800	0.586000	0.978600	0.000000	9.001800	8.927000	3.605800	3.046000	2.851800	0.440000	5.404500	3.762100	2.839800	3.538200	2.619900	10.979500	10.937900	6.819000	4.203500
160	0.501000	0.000000	3.238500	3.861000	4.709900	6.956900	5.158100	3.436600	0.658700	1.700300	2.734500	4.400800	4.814000	4.282000	5.479600	4.411700	30.111500	25.223570	18.871200	31.846090
161	3.964500	2.555400	2.277200	1.620100	5.249000	0.000000	2.818100	3.946600	3.470300	2.990800	1.358500	2.117800	3.432700	4.253700	5.015800	3.402600	8.847500	6.674100	3.806600	5.065400
162	3.778000	2.077800	2.679500	1.040300	1.300800	1.782400	11.074400	3.605300	3.201700	2.124800	0.000000	3.329300	3.349900	3.926600	3.904100	4.269500	14.920400	7.834700	4.189200	7.453100
163	3.956000	2.223200	1.438000	0.686700	-0.463400	4.888700	0.000000	1.738400	2.836800	2.710500	0.323800	1.082600	3.658800	2.242500	3.949400	2.082700	17.380400	15.091800	10.632200	10.028600
164	2.064200	0.694200	5.809300	1.021200	5.521100	2.016100	17.841300	0.000000	1.049300	2.382000	4.229500	7.949400	7.094100	4.906400	8.257800	8.349300	48.422500	39.682120	34.077530	41.851380
165	4.554600	3.211900	0.287200	3.172600	2.405200	6.959100	5.626500	2.591400	4.372700	3.774500	0.711300	3.631700	4.298000	3.148000	4.838600	4.544100	9.546100	0.000000	0.067400	3.555800
166	4.680600	2.896000	0.000000	1.710600	0.618200	6.587000	7.472500	3.611800	4.131600	3.057500	0.258600	5.487000	3.977300	2.932900	4.332800	3.509200	20.604000	11.428600	9.030000	47.100500
167	4.403100	2.899300	1.301000	2.235500	1.486500	6.097900	2.624100	2.663500	4.160200	3.471200	0.958000	0.378900	3.025900	2.667800	3.722800	2.472600	0.000000	0.818200	0.648900	3.185200
168	3.497300	1.971400	-0.365300	1.552800	2.133900	6.814500	0.000000	1.989400	2.521300	2.411800	-0.351800	1.362900	3.522200	1.401500	4.732800	2.259100	1.661300	-0.568300	-1.215600	2.144300
169	5.724800	3.833600	1.682400	6.879600	6.086000	6.909300	6.397400	5.523300	4.487700	3.909400	0.000000	3.713000	4.127300	3.232600	4.721100	4.851200	4.370700	9.034800	6.797900	5.153000
170	5.435100	4.390600	1.729300	2.728300	5.607200	11.797100	10.117000	4.385700	4.400200	3.691700	0.809300	4.427300	4.013900	4.363900	4.888100	3.299200	4.480000	1.877500	0.000000	2.311600
171	0.276500	-0.839300	-1.906200	-1.770900	-2.207400	3.852900	-1.346600	-0.200200	-0.221200	-0.603000	-2.354500	0.000000	-1.574300	-1.102100	-3.143600	-1.115100	-1.921000	-1.828200	-2.459600	-0.677300
172	1.479400	1.117900	1.050300	1.257500	1.016500	0.006200	1.200400	1.042900	1.297900	1.508500	1.066000	1.066100	0.215200	0.767900	0.000000	1.363300	0.999600	0.655100	0.461900	1.400800
173	1.095200	0.000000	-0.573000	0.247700	-0.095700	0.551500	-0.184400	0.629200	0.485200	0.677600	-0.519500	-0.414600	0.153500	-0.556800	0.627200	-0.235000	0.310300	0.077000	-0.042300	0.155200
174	3.929000	2.190800	-0.455500	3.838800	2.793100	1.619600	4.295600	2.861700	3.607000	2.471800	-0.654800	1.944100	0.000000	2.104900	2.757600	2.610900	10.169200	6.841000	5.376800	3.797400
175	0.987600	0.428000	-0.555400	0.557600	-0.203000	3.553700	0.000000	-0.015300	0.364200	0.831500	-0.452200	-0.247100	0.677000	0.153900	1.677300	-0.093300	0.813200	0.658700	1.325300	1.458400
176	0.712300	0.000000	-0.059300	0.380500	0.050800	2.405100	-0.440500	0.168100	-0.122500	0.584100	-0.271600	-0.289200	0.131300	-0.277000	0.608800	0.074800	-0.092500	-0.141200	-0.199700	0.462500
177	0.409400	0.000000	-0.637200	1.522400	1.193200	2.009400	-0.371900	1.191400	0.056200	0.275200	-0.567700	-1.051200	0.586100	-0.103100	1.256000	-0.347800	1.251600	-0.198900	-0.438400	1.088900
178	3.114700	2.227500	0.504500	1.112800	1.605200	5.356600	2.482000	1.861600	2.421400	1.966700	1.732700	2.104000	2.089800	2.061300	2.614400	0.000000	3.844900	3.296300	2.281500	4.262300
179	1.841200	1.670900	1.807100	2.100600	2.064400	0.000000	1.009700	2.028900	2.054600	2.174800	1.985300	1.079900	1.948600	1.745200	2.173600	2.141200	1.969200	1.792600	1.760400	2.177800
180	0.424200	0.438700	0.013700	0.385900	0.095800	0.881600	-0.072100	0.561600	0.399600	0.386500	-0.627000	0.020500	0.000000	-0.078000	0.122900	0.170200	-0.152600	-0.201200	-0.395600	0.302100
181	4.037700	3.006500	1.558300	3.072700	2.658800	5.111200	3.818000	3.166600	3.414000	2.387000	0.796600	3.289600	3.101200	2.445500	2.845800	2.093700	1.781400	0.000000	0.158500	1.997100
182	0.055800	0.406100	0.193000	0.566400	0.074200	1.040000	-0.852200	0.354800	0.335000	0.249700	-0.046000	-0.680000	0.160300	0.000000	0.020900	0.135100	0.051000	-0.218500	-0.177900	0.110100
183	6.696000	5.295800	3.599900	4.794500	3.957200	3.743700	6.240000	6.585800	6.209100	5.278600	2.646000	4.649800	4.586000	6.476900	4.167900	4.844400	3.725700	1.000000	0.000000	4.366800
184	1.041400	1.008800	-0.310900	0.641900	0.035100	3.640400	0.123600	1.332600	0.757200	0.421000	0.096400	0.000000	0.914100	0.637500	0.776500	0.452400	1.199100	1.211900	1.125500	1.041100
185	0.000000	6.194800	28.179870	21.027500	24.678140	19.034100	17.387500	21.202300	11.771200	13.477800	16.692000	16.840300	19.171900	15.165200	21.357200	23.163900	36.650860	35.591690	34.100306	77.422700
186	3.676600	2.920000	1.427800	2.051600	1.742300	4.781200	2.241800	2.342100	3.109300	2.747400	0.605100	1.778600	2.573700	2.189500	3.585700	2.562200	0.599200	0.871400	0.000000	2.535800
187	1.203600	-0.306100	5.837200	0.429700	1.511900	4.236800	19.332900	0.238600	0.000000	1.571300	4.268000	11.831700	4.785400	5.013400	5.412800	5.035500	31.831710	28.046020	26.406390	35.312343
188	6.914700	5.043400	2.681700	3.992700	2.624300	5.669800	3.577900	5.079500	6.321100	4.897400	2.430400	4.325900	5.190700	4.893500	5.139700	4.720800	0.000000	3.792700	3.154900	3.875400
189	5.913300	4.444200	0.000000	1.529500	2.563900	7.165200	11.767000	3.854000	5.494300	3.494400	1.103700	5.642200	4.278800	4.099500	4.858900	3.543300	17.026600	12.858300	10.478500	7.315600
190	5.243800	3.597000	-1.025000	0.000000	-1.624600	4.275900	4.818300	2.325500	4.410100	2.711000	-1.290900	2.957600	3.750700	2.848000	4.116000	3.405300	9.381300	10.857800	2.763300	3.275000
191	7.221800	5.252200	0.744000	2.155100	0.977000	7.621200	4.991400	4.257200	6.183000	4.492800	1.168400	3.920800	5.504600	4.353200	5.880800	5.179000	10.831500	-0.290800	0.000000	3.164900
192	0.000000	-1.604600	-3.550100	-1.397200	-0.330300	2.207900	-1.100600	-0.328500	-0.818600	-1.894900	-3.961300	-2.566300	-2.414900	-2.281200	-1.029300	-2.820800	-0.978100	0.021700	-0.802500	-0.439600
193	3.238300	2.395000	2.915000	0.000000	0.768700	3.148100	4.924600	1.282600	2.284300	1.375700	-0.311800	5.066400	4.011900	2.273200	3.751800	3.204900	6.675400	5.814300	8.596900	24.152200
194	2.980200	1.735800	0.887200	2.200000	1.678700	0.000000	1.952800	3.025500	2.871400	2.400500	0.921400	1.661000	1.531200	1.712500	2.514100	2.507300	1.773400	1.195300	1.465600	2.605700
195	3.409100	2.249900	0.844000	1.581400	1.334700	5.049600	1.515900	0.000000	1.228900	2.025200	1.000500	0.961300	3.283800	2.438700	4.404900	1.853500	2.096300	1.959700	1.682100	3.072900
196	1.390700	0.662800	-0.094400	0.325000	0.146000	-1.308700	-0.131900	0.000000	0.315300	0.919800	-0.709700	-0.019700	0.798600	-0.207200	1.663300	0.179200	0.915100	0.056500	-0.800500	-0.008800
197	3.770200	2.262200	3.765000	6.074600	8.221800	0.000000	3.981700	3.634800	3.449200	3.800900	3.005400	3.793400	3.834200	3.553500	5.077800	4.619300	6.243800	5.371500	4.181000	6.470700
198	4.331900	3.148000	0.677900	3.752700	4.491300	4.816000	5.228500	2.602500	3.244200	2.276900	1.030600	3.429500	4.455700	2.805000	1.930000	0.000000	9.387200	3.904600	1.855600	3.568400
199	4.313100	2.947500	0.236700	0.786000	0.000000	7.535700	2.429500	2.099000	3.392800	2.113300	0.345400	1.710100	3.875900	2.627000	3.419900	2.027500	6.833100	11.999500	5.633000	3.635600
200	4.768800	2.953200	0.000000	1.407800	1.208300	2.681600	5.216000	2.936000	4.106000	2.636500	0.067100	2.535000	3.594100	2.379400	3.889500	3.301400	8.937600	1.730900	0.554000	2.818300
201	1.848700	3.856600	1.056700	4.951900	4.906400	6.147200	3.642000	5.131500	3.370500	3.623900	0.845300	3.415000	3.385300	2.250400	2.668000	1.762500	1.319500	0.000000	-2.016300	2.723400
202	1.587100	0.642100	-0.489800	1.394600	1.049100	1.167000	0.542200	3.075700	1.443100	1.081800	-0.413400	0.000000	1.547200	0.952100	2.773600	1.933100	0.889000	0.620200	-0.697300	1.543300
203	1.643200	1.175800	1.172900	1.512300	1.240600	0.406500	1.521000	1.554900	1.547600	1.786600	1.237200	1.326000	0.000000	1.059700	0.773900	1.576700	1.354000	1.430700	1.328000	1.767100
204	2.069400	0.758000	-0.402600	0.692700	0.210000	0.301000	1.362400	1.366200	1.510000	1.209500	-0.349700	0.687100	0.000000	0.727100	1.064500	1.463500	-0.724200	-0.414700	-1.045900	1.219600
205	5.129700	3.303600	0.000000	3.062300	2.731300	5.054900	6.536900	2.697200	3.823700	3.559600	0.171400	4.620000	4.322700	3.687400	4.579200	3.172700	11.444300	5.466500	1.496200	2.566400
206	2.190400	1.401800	0.195000	1.403500	0.930100	4.520600	1.341200	1.257200	1.315200	1.414000	0.390900	0.963000	0.000000	0.693500	0.381800	1.174600	1.382100	1.532200	1.276900	1.891600
207	0.963900	0.103300	-0.409400	0.674500	0.069700	5.348400	-0.258700	0.704500	0.081400	0.762300	-0.891500	-0.173000	0.000000	0.156500	0.415000	0.016100	-0.684000	-0.155400	-0.017800	0.297200
208	4.135000	2.778900	0.372000	1.263300	0.000000	6.254600	1.779900	2.596400	3.467300	3.053800	-0.331200	1.907800	4.109400	3.278100	4.322000	3.738000	1.658300	0.296600	-0.520800	2.709300
209	1.283800	0.066000	-0.272000	0.617600	0.509300	7.636200	0.241400	1.194100	0.342500	0.548800	-0.470200	-0.146800	0.171400	0.000000	1.908200	0.394200	0.634900	0.578900	0.577300	0.556600
210	1.310600	0.402000	0.264600	1.022600	0.401300	4.630500	-0.509100	1.081200	0.465100	1.185700	0.070500	0.173000	0.904200	0.000000	1.421300	0.478100	0.462300	0.512500	0.390600	0.282500
211	1.299400	0.621200	-0.074500	0.984100	0.430200	3.156900	0.140500	1.553200	0.808500	0.185700	-0.001200	0.000000	0.649300	0.318300	1.063200	0.445400	0.612300	0.230500	0.085600	-0.250100
212	3.816500	3.214100	2.227200	4.561800	3.964100	6.643600	0.898600	4.626800	3.763800	3.268500	1.621400	1.907800	3.845400	1.319600	4.510800	2.934200	1.443900	0.000000	0.715500	1.721600
213	2.146600	1.861600	1.694400	2.343000	2.180600	0.000000	1.527200	2.218300	1.682800	1.861900	1.873000	1.327500	2.367700	1.770500	2.738400	1.922800	2.130500	1.919900	1.782000	2.279600
214	0.059300	0.081700	-0.430400	-0.017600	0.013000	0.600000	-0.372100	0.149200	-0.032600	-0.394400	-0.710900	-0.824300	-0.257500	-0.643600	0.000000	-0.137600	-0.483400	-0.535900	-0.607500	0.000800
215	1.266400	0.760500	-0.671200	1.029800	2.785700	1.913800	-0.071600	1.716000	0.311500	0.405100	-0.609300	-0.249300	1.262100	0.011700	1.710600	0.000000	0.011200	-0.050000	-0.291500	-0.095100
216	6.820000	5.188900	2.855300	5.583300	4.053500	11.516300	5.165800	4.019700	5.392500	4.664100	1.044700	3.891800	6.642400	4.712200	6.472900	4.380900	9.651600	1.093400	0.000000	3.408700
217	1.976300	0.809200	-0.941500	0.067400	-0.753400	5.232700	0.000000	0.590700	1.411700	0.642700	-0.830600	-0.415100	0.520300	0.320600	1.336300	1.085000	-0.560200	-0.033500	-0.599100	0.620000
218	5.335400	3.893100	0.000000	2.278200	1.251700	7.033700	4.236900	3.466100	4.899700	3.146500	0.006900	4.890500	4.222800	3.311900	4.410800	3.195500	8.599400	4.632800	2.564800	3.999600
219	3.087100	1.783100	-0.664300	0.901900	0.708900	6.470800	1.534000	0.000000	1.692700	1.203500	0.407600	0.814700	0.395200	0.830000	0.379200	1.011100	2.068100	0.903900	0.538500	1.083400
220	4.602400	3.975900	0.646500	2.645600	2.037300	3.239600	3.154500	3.265900	4.353800	3.314200	0.345100	2.520600	2.661500	3.042700	2.945100	3.021500	0.902000	0.000000	-0.196500	2.853500
221	2.084400	0.000000	8.825300	2.297000	6.075700	0.571000	15.708400	4.001800	2.029400	1.087900	5.368800	11.421400	6.627100	6.051000	7.185600	10.131600	27.924750	23.485100	18.057500	53.853900
222	4.004000	3.251200	0.313300	1.063500	0.000000	2.206500	1.822700	2.992100	4.046000	2.742800	0.771300	1.015700	3.693300	2.431700	3.960700	2.879800	6.927300	12.244700	4.798400	3.556300
223	1.028100	-0.343900	-0.277900	0.561200	-0.053900	-0.853800	0.461600	1.555600	0.000000	0.198900	-1.729700	0.116700	-1.362000	0.050500	3.931700	2.525500	13.986400	16.566200	13.458700	3.878400
224	1.451600	0.960400	-0.547000	1.574600	1.118400	3.782900	0.000000	1.657500	1.048600	0.936500	-0.608500	0.008500	0.506200	0.452000	0.769500	0.804600	0.245700	-0.348400	-0.464900	0.639300
225	2.952800	2.279500	0.908700	2.292700	1.487700	6.506600	0.947000	3.001500	2.292600	2.037200	1.237100	0.852200	0.000000	1.199900	2.279800	1.883200	2.201400	1.454800	1.219200	2.016500
226	1.777100	0.782800	-0.423400	0.330800	-0.021600	4.604500	-0.456700	0.799000	1.012800	0.516300	-0.665700	-0.572600	-0.517100	0.000000	1.468900	0.748500	-0.096300	-0.276600	-0.390500	0.311300
227	1.576900	1.097800	0.426000	0.635500	0.401200	1.395600	0.085200	0.645300	1.074900	1.045800	0.392200	0.000000	0.878600	0.238800	1.353800	0.586500	0.360700	0.489300	0.431500	0.710500
228	2.256200	1.651200	3.821900	2.771300	3.881200	3.939800	0.608900	3.434800	2.938700	1.705200	1.174100	0.558400	3.787400	1.715700	2.126100	0.000000	8.902900	4.392500	3.804700	7.210900
229	1.273200	1.112700	1.207400	1.619900	1.168600	0.000000	0.911600	1.393500	1.334200	1.388700	1.110600	0.842500	1.204300	1.060600	1.315300	1.250300	1.659300	1.672300	1.671500	2.070500
230	0.516100	0.323700	-0.302900	1.286000	0.691200	0.259900	-0.296500	0.836200	0.290800	0.490100	-0.435100	-0.213800	0.076300	0.000000	0.029600	0.026100	-0.596400	-0.430400	-0.460500	0.366600
231	0.000000	3.390300	3.373300	4.683300	4.339800	8.786800	2.927900	4.635900	3.697600	3.280000	3.222600	3.073800	3.428100	3.165300	3.520400	3.296900	3.411200	3.531800	3.441000	3.556300
232	0.000000	0.623300	0.502600	2.161300	1.417600	2.511100	0.563200	1.755000	0.494400	1.090000	0.635400	0.248300	0.556000	0.746500	-0.133400	0.601100	0.680200	0.279700	0.284200	0.997000
233	0.869000	0.258900	0.023300	0.676700	2.742600	-0.985800	0.000000	1.063300	0.073500	0.349700	-0.071200	-0.219400	-0.209000	0.319200	0.579400	0.024500	0.146100	0.227400	0.189400	0.145700
234	2.719000	1.434700	-0.344400	1.419100	2.014900	8.191800	2.400500	1.956700	3.116600	1.265100	0.000000	1.839700	1.516800	2.083600	3.172300	2.094600	11.311400	1.213000	1.373300	21.570600
235	1.399800	1.264800	0.717700	1.479900	1.395100	5.819600	0.688000	1.779200	1.295300	1.075000	0.838300	0.484200	1.136200	0.795400	0.421900	0.590900	0.629800	0.000000	0.282400	1.885800
236	3.901300	3.220900	-0.244800	1.301700	0.000000	1.144000	4.668900	2.698100	4.174800	3.317500	-0.181100	4.669700	2.756400	3.163100	3.628300	3.192300	3.819300	4.480400	5.011800	6.048700
237	1.137200	0.321300	0.751600	0.122900	0.003700	-0.616700	0.243300	0.883900	1.270800	0.799700	-0.374200	0.052900	-0.457200	0.000000	1.416300	1.295600	2.307400	1.368000	1.010400	2.753900
238	3.922000	2.557600	2.489900	3.263700	3.177400	2.413800	3.488600	3.952600	3.380100	2.516500	2.248200	3.015600	2.962100	3.304400	0.000000	1.800300	6.478300	6.117700	5.759900	4.212000
239	3.246400	1.460600	-0.015200	0.662200	0.430200	2.238900	0.000000	1.480900	2.452000	2.112900	0.298400	1.244400	3.568900	2.031700	4.132700	1.877300	4.610400	2.166900	2.344900	4.914100
240	5.023000	3.151000	-0.038800	0.000000	-0.943800	5.878300	3.724400	2.038300	3.687900	2.848900	0.276000	3.582000	4.064700	2.898900	4.604700	2.422400	6.704700	3.929800	1.836200	2.326900
241	0.977300	0.000000	-0.364500	1.024400	0.478400	4.234900	-0.210400	0.850700	0.242200	0.750000	-0.758600	-0.420400	0.392200	-0.471000	0.995900	0.563300	-0.506400	-0.271400	-0.416800	0.513800
242	1.010700	0.056700	-1.047100	0.358200	-0.568800	3.669600	-0.262100	1.035500	0.915300	0.532200	-1.172700	-0.266200	0.000000	-0.445700	0.701300	-0.040600	-0.509900	0.296000	-0.149100	0.613800
243	1.637400	0.718200	-0.596700	0.371100	0.924900	4.699100	-0.081000	0.958000	1.179800	1.079000	-0.655400	-0.025500	1.483800	0.830900	1.732200	-0.171600	-0.040900	-0.255900	-1.081000	0.000000
244	1.376200	0.000000	1.576600	2.112100	3.614800	1.643000	-0.346700	3.150100	0.635400	0.588000	-0.903500	-0.624800	2.161900	0.194600	1.639000	0.099900	6.073600	1.277600	1.109800	0.944900
245	1.661500	1.087500	0.365100	1.242300	0.592400	-0.322900	0.593600	1.010800	1.160500	1.521900	-0.027000	0.661200	0.358200	0.873200	0.000000	1.419500	0.540900	0.497200	0.804300	1.593100
246	1.604800	0.321400	-0.558100	0.352800	-0.310200	0.385800	0.327200	0.397700	0.658900	0.996900	-0.468300	0.174700	0.328300	0.000000	0.796200	0.511300	-0.227200	0.080800	-0.107300	0.957800
247	5.542700	3.749400	0.000000	1.732000	0.636800	6.735800	4.133400	3.068100	4.229600	3.752300	-0.335000	3.667300	4.053900	3.189900	4.909300	3.145000	6.367100	2.194000	0.155100	2.744300
248	6.625200	5.130200	2.355900	4.980800	4.504900	10.678400	4.708300	5.507700	5.511300	5.405500	2.013000	4.615100	6.974500	5.065500	7.459100	6.014300	0.000000	3.587400	2.550100	4.606700
249	1.084200	0.292400	-0.082100	0.628900	0.115200	3.339600	-0.158400	1.019000	0.393000	0.805500	0.067100	-0.054700	0.571900	0.000000	0.954800	0.428400	0.339700	-0.005600	-0.243800	0.328100
250	4.228900	2.734400	0.000000	1.472800	0.289400	5.318600	2.324200	3.013900	3.149000	2.975700	0.973900	1.901200	2.901700	2.656400	3.675700	2.799500	0.869300	0.953100	1.017000	2.273300
251	5.339100	2.964100	-0.250500	1.404800	0.000000	5.720100	2.851100	3.046400	3.397800	2.692400	-0.911800	1.769300	3.131600	2.100400	3.776900	2.006700	10.090700	0.927100	-0.670500	3.030700
252	1.132100	0.654000	-0.507800	1.634600	0.817400	3.803300	0.325800	1.415300	0.890800	1.054500	-0.144200	0.000000	1.320200	0.839800	2.032900	1.245000	0.176200	0.167300	-0.124300	0.737000
253	1.638000	0.319000	-0.500100	0.058900	-0.384600	4.502000	0.182500	1.299200	1.063800	0.545700	-0.508500	0.238300	-0.030400	0.426000	-0.715000	0.000000	0.141300	-0.621000	-0.435300	0.525600
254	0.915600	0.683700	0.292800	0.701800	0.578000	-1.007000	0.504700	1.042600	0.899300	0.842400	0.330300	0.325100	-0.075900	0.000000	0.371700	0.462000	1.087100	0.952700	0.838500	1.251300
255	1.435000	0.954400	-0.087900	0.703900	0.603800	3.945300	0.408300	1.416800	1.329800	0.725200	0.148100	0.000000	1.628300	0.741400	1.738700	0.247800	1.443200	0.896100	0.746600	1.636600
256	3.597000	1.642800	0.193300	2.053000	3.706600	3.999500	3.481000	0.000000	1.932100	1.634000	0.551800	5.223400	2.064200	3.009200	3.295400	2.511900	8.839700	8.753900	5.130300	8.300400
257	2.932700	1.470700	-0.323600	-0.703900	0.776600	4.284300	1.342500	1.434400	2.190700	1.252500	-0.240000	0.165600	1.357500	1.105400	1.652700	1.045100	1.162300	-1.069100	-1.409900	0.000000
258	2.641600	0.820600	-3.206900	-2.618600	-3.357900	3.129600	3.059500	0.000000	2.055400	-0.041200	-3.292400	1.084600	1.472500	0.261000	2.589600	1.174800	2.218600	4.457100	5.924900	11.522000
259	5.992500	4.333400	2.411000	1.822400	1.039700	6.743600	6.064400	3.632000	5.550600	3.807200	1.022600	5.208300	4.852200	4.931700	5.300300	5.063200	5.809200	0.000000	0.487500	3.487000
260	6.487800	4.786900	0.422000	1.247200	0.000000	6.789600	3.376700	3.699000	5.812700	3.744400	0.780400	3.520600	5.625400	4.029700	6.612300	4.875800	12.781000	8.556800	7.345200	6.290700
261	1.556500	0.494700	1.524400	1.861100	3.441100	6.358900	1.794900	1.144400	0.832300	0.000000	-0.999500	1.990900	1.263900	1.470900	2.037900	1.750000	4.682000	1.995300	1.358000	3.072700
262	0.000000	4.911200	15.474100	10.671100	14.912700	9.320300	12.601100	8.444500	8.337400	6.775100	10.049000	11.460700	13.682100	14.330500	13.052200	11.831300	17.731900	13.546800	13.184200	38.854320
263	0.085800	-0.175200	0.000000	0.238200	0.306400	-2.329100	-0.031500	0.104500	-0.454300	0.378300	-0.478800	-0.010800	0.131500	0.079800	0.705000	-0.202400	-0.522800	-0.561800	-0.549000	-0.118500
264	0.300500	0.192900	0.554400	0.921100	0.818800	1.933000	0.000000	0.825300	0.557000	0.637300	0.634400	0.111200	0.933100	0.576700	1.736100	0.635700	0.825900	0.430400	0.000800	0.257600
265	0.000000	3.453800	3.695400	4.632500	4.607600	7.845100	3.170600	4.656300	3.540800	3.542900	3.558000	3.269600	3.609500	3.610300	3.615000	3.584800	3.574000	3.640800	3.639000	3.737400
266	3.818100	2.807700	1.498100	1.430400	1.317500	3.492200	2.791100	2.894100	3.764100	2.537500	0.000000	2.345500	3.668700	3.291400	3.611400	3.598500	4.497600	8.104300	5.583000	7.139400
267	1.655900	1.459800	-0.740600	0.543900	-0.149500	1.198600	2.008700	0.849600	2.052200	1.897800	-0.479500	1.450800	0.000000	1.418800	0.684500	1.612500	1.350500	1.796700	1.508300	-0.322000
268	0.805100	0.600600	0.508300	0.648600	0.596800	0.434600	0.697000	0.503000	1.016000	1.186300	0.620100	0.566500	0.000000	0.211500	0.176300	0.974800	0.628400	0.691400	0.635800	0.911800
269	0.000000	0.189400	0.194600	3.196000	2.001300	-0.182500	0.653700	1.962900	1.152100	1.088000	-0.015700	0.460000	0.327900	0.698700	0.676600	1.147200	0.763900	-0.129900	-0.414100	1.253700
270	5.644300	4.192100	0.206900	1.643500	0.000000	3.522800	5.452400	3.462700	4.646800	4.037800	-0.135700	3.260700	5.522000	3.931600	5.787400	3.854800	10.347600	6.419800	5.305900	3.256100
271	2.693000	1.904100	1.400500	1.843900	1.372400	5.458300	2.371000	1.819400	2.000000	1.950700	1.442800	1.895600	1.510400	1.932300	0.000000	0.900200	2.257400	0.679000	1.508600	3.210600
272	0.747500	0.000000	-0.106800	0.489600	0.064000	2.675500	0.181500	0.444700	0.057600	0.751500	-0.127000	0.035000	0.051100	0.212900	0.383900	-0.270500	-0.172600	0.236300	0.193100	0.709300
273	1.533100	0.000000	3.705500	2.778400	3.570900	2.378200	2.062800	0.559800	0.462000	1.320300	0.987400	1.815400	2.947600	1.631700	4.124800	2.945200	7.573900	9.122700	8.766600	19.389800
274	5.425700	3.698400	0.000000	2.082700	0.794000	6.737200	3.981400	3.224600	4.591800	3.672000	0.043300	3.929800	4.761300	3.276200	5.637700	3.154600	4.114100	0.791200	-0.038400	2.385900
275	0.955300	0.021500	-0.390000	1.502700	0.635900	7.498100	-0.101100	0.253600	0.000000	0.698100	-0.584500	-0.266200	-0.912400	0.009900	-0.234600	0.282100	-0.173700	-0.184400	-0.244000	0.425300
276	0.512600	0.000000	0.057400	0.579800	0.020800	2.384800	-0.218600	0.196000	0.001800	0.559900	-0.281400	-0.009300	0.343000	-0.137300	0.611300	0.553200	-0.130100	-0.060800	-0.130100	0.567800
277	1.610700	0.000000	6.457600	2.697700	3.958700	3.669600	5.948900	3.575900	1.027600	2.397200	5.528800	7.904700	5.170800	3.755400	7.023500	6.744500	24.494300	32.080700	27.897480	33.549721
278	1.912100	0.000000	3.959300	2.318800	3.327700	3.466000	7.912600	1.242400	0.659800	2.454200	4.122600	5.899800	9.723700	8.954800	7.971800	6.080400	8.028700	5.594700	4.482800	4.906400
279	0.089100	0.000000	-0.385000	1.131200	0.875700	5.776700	0.075700	0.836200	0.054100	0.745800	-0.218100	-0.145400	0.526200	-0.598800	1.162400	-0.185900	0.423500	0.520100	0.497900	-0.134400
280	1.381100	0.913200	0.699200	1.429800	1.007000	3.657700	-0.314800	0.715000	0.665100	0.760800	0.484800	0.000000	1.496500	0.399800	1.835800	0.774000	0.570000	0.641000	0.549800	0.164600
281	0.849900	0.818000	0.316300	0.562200	-0.163800	2.929600	-0.346200	0.957200	0.845100	-0.204500	0.406600	0.444500	0.000000	0.052800	0.510300	0.298800	-0.306000	-0.104900	-0.128200	0.441300
282	0.000000	2.246100	2.275900	3.310800	4.800100	5.606900	1.567800	3.115200	2.204300	2.278400	2.343900	1.817200	2.283400	2.172700	2.158500	1.822500	2.380800	2.264200	2.259800	2.322300
283	2.950600	1.698700	0.024900	0.000000	-0.415000	4.713800	0.615300	0.852600	2.069300	1.050400	-0.389200	0.261900	0.634000	0.519600	1.976400	1.712000	0.302000	0.688100	0.738200	1.032800
284	1.484600	1.675200	1.909100	1.689000	1.734700	1.346800	1.593900	0.000000	0.727400	2.213700	2.092300	2.069600	-1.221800	1.730800	-2.868700	-0.085700	2.281200	1.674900	1.713200	2.011500
285	7.853200	6.618200	4.029400	6.403400	5.961500	5.692400	6.745400	7.924400	7.927000	6.747000	2.799300	7.304900	7.795800	5.912100	7.792000	7.506800	0.000000	5.142100	3.516300	5.531600
286	0.291000	-0.309700	-0.492100	-0.094200	-0.476800	-1.801000	-0.341600	0.044800	0.000000	0.309200	-0.654500	-0.370300	-1.347300	-0.652300	-0.402900	0.219600	-0.399100	-0.443300	-0.453600	0.196900
287	1.651400	1.067900	0.863100	1.291800	1.224700	1.255200	1.135400	0.981300	0.935100	1.495700	0.554100	0.863600	0.174800	0.979100	0.000000	1.519200	0.507400	1.341900	1.291800	1.555200
288	4.448400	3.036300	1.454300	2.779500	3.591300	4.927800	2.423400	3.983000	4.090900	3.372600	0.735400	1.957500	2.691900	2.151200	3.676200	3.544500	1.295400	0.000000	0.566700	2.904500
289	1.625400	-0.089400	-1.434900	0.530100	0.148400	9.361800	0.717900	2.859800	0.694100	0.604800	-0.978500	-0.712400	1.485200	0.000000	2.431000	1.424000	1.481500	3.849900	2.505000	13.143200
290	0.823900	-0.021400	-0.147200	0.537500	0.002500	3.125900	0.159200	0.767800	0.367900	0.777800	-0.384700	0.000000	0.224500	-0.243600	0.616300	0.116900	0.240300	0.266700	0.280400	0.505500
291	0.260900	-0.512500	-0.943400	-0.119800	-0.849800	1.270900	-0.546400	-0.584500	-0.596600	0.163000	-1.758200	-0.813900	-0.752100	-0.631500	0.000000	0.102300	-1.474700	-1.646000	-0.940200	0.026600
292	3.943700	2.315200	0.000000	1.369600	0.746400	4.618600	3.143700	3.027500	3.984200	3.041100	0.268700	1.888400	2.288800	1.281200	3.726800	2.963900	0.900400	2.406500	0.290700	4.071200
293	1.643400	0.743200	-0.122600	0.851800	0.082400	5.981100	0.481600	1.714600	1.670500	1.508100	0.137300	0.000000	0.931200	0.449100	1.564000	1.384400	0.354300	0.673700	0.736300	0.983500
294	1.047200	0.225500	0.081300	0.596400	0.140500	2.803100	-0.334000	0.822000	0.252800	0.856500	-0.072300	0.000000	0.489300	-0.011700	1.006200	0.174500	0.066400	-0.039200	-0.165000	0.169500
295	0.093300	0.000000	-0.037400	1.309700	0.808300	2.969600	0.447600	1.338000	-1.105100	0.494100	-0.258400	0.335300	-0.167100	-1.321600	0.104400	-0.856200	1.013000	0.159700	0.249200	-0.555800
296	0.000000	3.639800	2.990000	4.847700	4.654300	6.729700	2.548200	4.799500	3.835300	3.810100	3.546000	1.437900	2.804700	2.507900	2.823100	2.645500	2.825500	3.839900	3.534000	2.147600
297	1.331500	0.835000	-0.688600	1.049900	2.709000	5.638100	0.000000	0.100000	0.505400	1.642400	-0.327400	-0.505300	1.659400	0.274400	1.916000	0.369300	0.928300	1.015300	0.774600	1.263400
298	6.918400	4.703000	2.044700	3.804900	2.789200	10.567800	4.285700	4.843600	5.648800	4.097200	2.006600	3.798500	5.281500	4.722700	5.620100	4.536000	0.000000	1.712700	1.048900	4.110200
299	1.780300	0.455600	0.333500	2.818600	1.861600	4.142700	2.199900	2.453300	0.641800	0.178800	0.469000	1.183100	3.130000	1.798200	3.349100	0.236500	3.424200	3.413900	2.085100	0.000000
300	2.475900	1.588900	0.162400	0.000000	-0.567500	2.346500	0.698100	0.666900	1.894900	1.030000	-0.066100	0.522200	1.434700	0.812400	2.243000	1.851800	1.585600	1.405300	1.303600	1.957800
301	1.728400	0.000000	-0.660600	0.330300	-0.066600	5.561500	-0.906600	0.217500	0.335100	-0.028200	-1.079700	-0.644500	0.196800	0.057600	-0.180300	-0.314200	-0.826000	-0.687600	-1.215200	-0.028400
302	2.507300	2.094600	0.916700	0.373000	1.060200	1.640200	7.088800	0.000000	1.615800	1.281100	1.512800	2.270600	4.938400	1.778900	4.665500	1.533800	6.228500	5.591600	4.283100	3.699400
303	0.975000	1.602600	1.986000	2.098900	2.152200	2.038300	1.485700	1.944900	1.663000	1.809700	1.458400	1.910000	1.817000	1.593800	1.880400	1.918800	1.139700	0.000000	0.648800	2.170800