SITE	GLY	ALA	LEU	VAL	ILE	PRO	ARG	THR	SER	CYS	MET	LYS	GLU	GLN	ASP	ASN	TRP	TYR	PHE	HIS
32	0.708900	0.705900	1.093400	0.655900	-0.009100	0.993600	0.000000	0.697400	0.882200	0.471700	-0.681300	-0.004200	0.551100	0.402000	0.657600	0.992800	1.074400	1.364600	1.314300	1.227200
33	1.282400	0.810300	-0.640900	0.464700	-0.278400	0.928400	0.231600	0.513100	0.623000	0.289400	-0.676000	-0.170200	0.000000	0.410500	0.693700	0.419100	0.036900	-0.313400	-0.361900	0.288700
34	5.095900	3.192600	0.133300	0.000000	-0.327400	6.597800	2.876900	2.302800	3.390600	2.456900	0.359000	3.175800	3.137600	3.283300	2.481800	3.563800	2.993500	4.035100	3.850400	2.348400
35	3.396100	2.192800	-0.258700	0.626400	0.488800	3.368300	1.294900	1.910900	3.320200	1.789400	-0.494300	0.000000	2.885100	2.135800	3.054000	2.551800	3.979500	2.333400	2.062500	2.483100
36	5.845900	4.219500	0.000000	1.189600	-0.102100	5.144700	6.597200	3.671600	5.341300	3.662200	0.251500	4.488400	4.266200	3.815400	5.295600	4.286300	9.922400	7.941700	2.556700	13.878600
37	6.234200	4.111500	0.000000	1.254400	1.702900	8.981500	6.927700	3.325400	5.397600	3.364600	0.817300	2.165300	4.230700	3.020300	4.525200	3.981900	3.111200	4.447600	3.779200	3.229000
38	6.248100	4.658500	0.000000	2.408500	1.078000	5.110000	9.249700	3.406800	5.059800	3.521900	0.217700	4.316700	4.911000	3.181700	5.308100	3.909300	10.701900	6.941600	4.300100	3.783600
39	6.134900	4.558100	0.000000	2.826300	1.276900	8.524000	2.413600	4.313500	4.544000	3.759300	-0.255500	2.619900	4.760300	2.673500	5.541300	4.647200	5.918300	4.918800	2.376000	2.985100
40	0.000000	4.594100	18.495400	14.614800	18.224300	10.935500	22.065500	13.500800	7.004800	6.928000	14.224200	22.327000	18.909800	20.183300	15.916400	16.724200	46.385380	46.238910	40.500891	57.618600
41	0.043000	0.000000	-1.228900	0.530500	-0.172800	-2.912900	0.357300	0.812600	-0.067800	0.031600	-1.735500	-0.169700	-0.525400	-1.039300	2.164500	-0.386700	6.989000	0.669700	0.266700	-0.271100
42	0.000000	-1.423900	-0.569500	-1.767300	-2.659500	-3.039900	0.553800	-2.112500	0.061100	-1.366200	-0.098700	-0.223300	-3.232700	-0.473800	0.633100	-0.658600	-2.601900	-1.659600	-3.637000	-0.982600
43	-0.800700	0.645200	0.098500	2.159400	2.340300	3.548000	1.769000	1.559900	-0.309000	0.741600	0.138800	1.122600	0.000000	-0.858200	0.020900	-0.135200	0.949500	0.668800	-0.289800	0.643300
44	0.392300	-0.569200	0.381700	-0.064400	2.591400	0.780400	2.681000	0.666500	0.000000	-0.794100	-1.639900	0.831600	1.505600	-1.615600	2.791800	-0.632500	11.741500	3.437000	1.499800	-0.015800
45	0.000000	4.526500	8.621000	12.009400	12.378200	11.256700	10.243700	11.556500	6.965800	8.463400	7.606800	10.422300	10.103100	9.693900	10.850500	10.872600	11.245100	10.623900	9.423900	10.862300
46	1.216400	0.662100	1.039500	0.356600	0.005900	0.289900	1.458000	-0.156800	0.624400	1.596000	0.043900	0.000000	0.846700	1.797500	2.258200	0.153400	7.168300	1.343200	0.675700	2.656700
47	2.428300	1.878500	1.128000	2.507000	1.461800	0.274900	1.191100	0.580400	0.000000	1.629400	0.304900	0.611100	0.856300	1.042400	2.004800	0.931200	1.347000	0.814600	0.315200	0.945300
48	1.396100	0.155500	-0.205000	-0.695800	-0.657800	-0.698700	1.027000	0.000000	1.236800	0.329200	-0.049500	0.310100	-0.117700	0.489500	0.720300	0.700700	-1.210100	0.932600	0.380200	0.550000
49	5.025200	3.232600	0.038300	1.048600	0.000000	2.774900	5.791300	2.496800	4.072300	3.042900	-0.214400	4.393100	3.691900	3.209700	4.345500	3.440100	1.711200	5.705500	1.456400	2.664800
50	2.464400	1.215700	-0.651500	0.000000	0.077000	4.833700	0.776300	2.102800	1.789100	1.458600	-0.660800	0.847500	1.478100	1.233100	1.468800	1.206300	0.819900	1.482100	1.128500	2.565200
51	2.843500	1.227700	-0.016200	0.674100	0.270300	3.465100	1.080700	2.082700	1.651200	1.742100	-0.152700	0.000000	2.644500	1.635200	2.852000	2.492200	0.798900	0.448000	-0.295700	1.965500
52	3.379500	1.345400	0.277100	1.625800	1.416200	6.388700	6.115000	2.408900	2.925000	1.015600	-0.187400	4.870500	1.465500	0.000000	3.449100	2.384600	18.075000	19.812500	11.588500	46.017180
53	5.065500	3.704900	1.854300	3.290300	2.375300	4.712100	4.576300	2.357400	3.752000	3.785800	0.000000	4.877600	3.728100	2.819900	5.276000	3.853800	13.747900	12.152100	8.596300	56.690600
54	1.486100	0.570600	0.067800	0.604000	0.017500	1.203200	-0.468700	0.475300	0.768100	0.961000	-0.013500	0.000000	1.739400	0.313300	2.543300	0.994300	0.293700	0.138500	0.291000	0.654500
55	3.078800	1.835100	-0.423600	1.054200	0.000000	2.634900	1.425400	1.251600	2.218600	1.716900	0.431300	1.143900	2.889800	1.851600	3.553800	1.886800	4.254400	1.300100	1.107600	1.844000
56	3.747900	2.395000	0.071700	1.219600	0.000000	6.059000	2.686400	2.298000	3.461200	2.256200	-0.305700	1.669500	2.995600	2.123400	3.891000	1.887900	6.996600	3.451300	2.843400	3.798100
57	2.545500	2.071000	-1.224200	1.892800	0.982800	4.233700	1.648800	3.696300	2.351500	1.198500	-1.385800	1.036900	2.456600	0.597200	3.232300	1.916800	2.389600	3.965900	0.146600	0.000000
58	-2.166200	-1.393700	-2.053400	-0.837900	-0.069500	0.211900	-3.115300	-0.949600	-1.731500	-0.237900	-2.577800	-0.883900	0.000000	-0.834700	-1.963100	-1.607200	-1.550200	-0.866900	-0.613200	-0.890800
59	-0.187000	0.000000	-0.155500	0.060200	-0.029600	-0.374200	-0.210200	-0.599800	-0.685500	-0.841300	-0.176600	-0.179500	0.099200	-0.115800	0.079900	-0.143600	0.039000	-0.112000	-0.120800	0.028000
60	0.000000	2.490700	4.240700	4.987200	4.266700	4.619800	3.464800	5.932000	4.266900	3.300600	2.860300	2.716200	4.196500	3.354300	6.198200	5.224300	8.657600	8.057300	7.921500	9.052500
61	4.982500	3.610800	1.748500	2.545200	1.863700	1.725300	3.774800	3.588300	4.565200	3.092400	0.408800	2.418700	3.890900	3.506800	3.839800	3.120400	0.107300	0.000000	-0.595600	2.393500
62	0.721600	0.864000	1.786400	3.023000	3.263500	0.624800	2.203500	0.823800	0.000000	2.299000	1.830700	2.137500	0.922400	1.606800	0.326000	0.044400	1.676100	1.312100	1.096900	1.002400
63	1.448100	0.604300	-0.050700	0.694300	0.542100	-0.445800	0.625600	0.785900	1.229000	1.152200	-0.075800	0.399600	0.000000	0.445100	0.477600	1.020700	0.410200	0.274300	0.314100	0.839700
64	1.633800	0.960000	0.871600	1.347700	1.026400	-0.078800	1.390600	1.145000	1.199500	1.417300	0.853900	0.989300	0.000000	0.676700	0.603800	1.433600	1.230000	1.221100	1.148800	1.557700
65	2.027300	0.976600	0.199200	2.471800	1.726700	1.184200	1.353100	3.557400	1.313600	1.646200	0.261600	1.064700	0.000000	0.880600	0.715100	1.192500	0.723500	1.280500	1.136600	1.709700
66	0.839900	-0.552700	-1.752600	1.190100	0.834200	3.970000	-0.758300	-0.561000	0.152100	0.000000	-1.261800	-0.142400	1.027400	0.318400	2.101500	1.103700	0.908900	4.558100	2.941700	3.866900
67	1.730000	0.759700	-0.467700	1.117700	0.404600	4.867900	0.499400	1.304100	1.540000	0.979000	-0.443100	0.000000	0.615400	0.614200	1.085600	-0.442100	1.076600	1.121100	1.282100	1.829200
68	0.716400	0.454600	0.312500	0.904700	0.477300	1.793400	0.320600	0.616800	0.489900	1.073000	-0.119300	0.265900	0.869900	0.000000	1.442900	0.896000	0.173800	0.238600	0.179500	1.243500
69	3.351500	2.582900	0.780800	2.575500	3.027600	2.470900	1.649000	1.602000	1.891000	2.022900	0.887900	2.119300	3.208700	1.905600	2.619500	1.940700	0.301200	0.000000	0.109500	1.431500
70	1.544600	0.485400	-0.381400	1.416200	0.945100	6.060100	-0.725300	0.469900	0.725300	0.985500	-0.538700	0.000000	0.802200	0.520300	1.549000	1.073500	5.123500	3.333500	3.672500	4.252600
71	0.638100	0.000000	0.076300	0.546600	0.179100	-0.200700	0.062200	0.653100	0.578800	0.427000	-0.121300	0.141200	-0.222100	-0.061900	0.492400	1.070600	0.432100	2.148600	2.548200	0.672800
72	1.958000	0.703100	-0.290600	0.000000	-0.578100	0.351200	0.573400	0.904400	1.550000	1.237000	-0.300300	0.187400	0.576800	0.729100	1.109000	1.490800	-0.072100	0.219400	0.148400	1.148200
73	3.601000	1.890900	2.193900	0.000000	0.233000	6.093400	15.186500	1.317800	2.761900	2.284200	3.023500	9.490600	8.220400	4.815100	5.658000	3.980600	34.473350	16.931300	11.884200	13.131800
74	5.123600	3.982900	2.218000	5.659800	5.001300	6.568100	4.031800	5.305800	5.284000	4.308900	1.409900	3.946600	5.648800	3.908600	6.105800	4.192700	8.017900	0.000000	1.420100	3.974800
75	0.934700	-0.149900	-0.610200	0.936800	0.265700	5.064300	-0.578200	-0.013400	0.000000	0.040300	-1.191600	-0.437800	0.406800	-0.135300	1.448000	0.512000	-0.940200	-0.401900	-0.584600	0.179100
76	1.696600	0.251700	-1.581800	-0.665700	-1.201500	3.911200	2.029500	0.456700	1.667400	0.779000	-1.036700	-0.247500	2.045400	1.055100	0.549600	0.000000	13.236300	13.898000	10.191700	5.774400
77	2.698800	1.057000	-2.375000	0.024400	-0.384900	4.350800	5.866200	0.000000	1.699100	1.233500	-1.031000	2.399900	4.290400	3.193700	3.586600	2.126900	15.139900	14.997300	6.554400	8.733200
78	3.986500	2.654700	-0.053700	2.476200	0.000000	5.490200	3.179500	2.821300	3.128200	3.199500	0.090300	2.638400	4.397800	2.774900	4.642800	3.645500	4.713300	4.277600	5.107000	11.625500
79	1.173900	0.407900	-0.099600	1.336500	0.682100	3.537400	0.673600	0.684100	1.061500	1.129500	-0.118200	0.337600	0.508300	0.000000	0.968200	0.310300	0.200500	0.176500	0.414300	0.654400
80	1.588400	-0.219100	2.546100	0.770400	1.516600	4.304900	9.221700	0.089300	0.000000	1.202800	1.783600	9.086500	3.949100	2.915100	1.587700	1.674100	23.016700	18.269400	10.789700	24.579200
81	6.718600	4.730800	1.133600	1.937000	0.000000	7.221500	10.178100	4.416900	5.460200	4.360500	1.409100	6.165300	7.212500	4.168000	7.201800	5.665300	18.610500	19.667800	9.745500	9.061300
82	2.992900	1.773100	-0.097800	0.904700	0.000000	6.603300	1.366300	1.840500	2.389100	1.980500	0.044800	0.925900	1.748300	1.663400	3.005500	1.881900	1.843200	1.695100	1.210500	1.990100
83	1.742900	0.000000	-0.761300	1.113200	0.859800	6.078600	0.986000	2.013600	0.582200	0.620600	-0.784900	0.004000	1.361700	0.364400	1.909400	1.171500	0.630400	0.477200	-0.158000	1.846600
84	5.607300	3.546600	1.374000	0.993800	0.000000	7.738900	9.542300	3.109800	4.114700	3.301000	0.125500	4.696600	5.149000	4.012800	5.959800	4.170200	19.651600	14.111200	9.158200	8.196700
85	4.069100	2.564000	-0.701500	1.278400	0.000000	5.716600	2.621400	2.741100	2.783500	2.478500	-0.290800	1.980200	2.609000	2.478000	3.703900	2.159600	1.295900	1.758900	1.145200	2.829500
86	1.147800	0.297200	-0.446400	0.511400	-0.124500	3.905600	0.000000	0.800300	1.087800	1.034500	-0.558300	-0.178300	0.220000	0.157100	0.808300	0.437500	-0.409200	-0.306000	-0.376000	0.518300
87	2.155100	0.000000	2.295200	4.657500	4.181200	5.034000	4.406600	6.604900	2.989700	5.164600	3.273900	4.502500	7.817800	7.161500	7.329300	5.147400	27.232500	18.197300	17.333900	35.782600
88	4.997000	3.747600	0.539400	2.968500	2.696000	8.025600	4.291900	2.501700	3.920500	3.690100	0.000000	1.242800	5.230300	2.668500	6.629300	4.222500	7.386000	6.833500	7.987900	11.924800
89	0.000000	-0.528500	-0.721000	-0.138900	-0.687000	-0.131500	-0.732500	-0.764200	-0.776300	-0.324100	-1.167500	-0.623400	-0.488900	-1.140200	-0.034100	-0.443800	-1.272600	-0.799900	-1.191000	-0.714600
90	2.558700	1.803500	1.166800	2.142300	1.344000	2.358600	0.000000	1.568500	1.710300	2.465000	0.640900	0.853000	2.048600	1.865100	2.636600	2.172000	1.260300	1.276100	1.192500	1.983100
91	3.150800	2.467200	0.000000	2.797500	1.607100	5.958600	1.879700	3.007600	2.951400	2.098600	-0.112900	1.825400	3.306600	2.202900	3.799900	1.760300	2.514800	1.992700	1.153500	1.900100
92	0.619200	2.461400	2.808700	4.302800	4.503400	7.117300	1.318400	4.245300	2.374100	2.509900	3.636600	0.000000	2.923000	2.366300	3.142000	1.924000	3.687000	2.645900	2.569300	0.400300
93	4.022900	2.561200	0.301400	0.994000	0.000000	6.713100	1.668700	2.318200	3.271700	2.168000	0.351200	0.874400	2.656400	1.975900	3.670500	2.534800	2.217700	1.362400	0.938800	2.796200
94	0.323600	0.395000	0.546600	1.005900	1.160600	-0.454600	0.044200	0.886100	0.381500	0.553600	0.378800	-0.126300	0.007400	0.496800	0.000000	0.438700	0.499600	0.602100	0.428000	0.792100
95	4.620700	3.570200	1.895000	3.175300	2.875000	2.958300	3.313800	4.513600	4.141100	3.715500	1.024400	2.925500	4.216800	3.887800	5.570200	4.470800	0.046000	0.571100	0.000000	3.534200
96	0.000000	0.834500	0.997500	4.779100	4.894200	12.405500	1.059400	4.051200	1.295400	1.399900	0.469700	1.071900	1.219500	0.775700	1.533100	1.287100	1.145800	0.422800	0.432300	1.682000
97	4.120900	3.946900	3.362400	3.748000	3.304200	6.993800	3.476000	3.248300	3.525400	3.816000	3.662200	3.435700	1.243800	3.363100	0.000000	2.709300	3.528800	3.623300	3.585900	3.489700
98	0.403700	0.000000	0.028300	0.289000	0.188500	-1.551600	-0.333600	0.355300	0.288100	0.510700	-0.258400	-0.200600	-0.473900	-0.586400	-0.101000	0.319000	0.048100	0.251100	0.190700	0.649300
99	0.751600	0.000000	-0.111600	1.174400	0.971700	1.552600	0.169800	0.301300	-0.009100	0.891000	-0.219800	0.023900	0.218500	-0.293800	0.421600	-0.251700	0.414100	0.368600	0.267700	0.389600
100	3.385700	1.551800	-0.340100	2.538600	1.987600	3.674500	0.000000	4.611100	2.704900	1.892600	-0.112900	-0.506300	5.542400	2.169200	6.475900	2.024100	6.643500	6.356200	4.905100	1.016000
101	0.776000	0.000000	-0.961300	0.128700	-0.377400	2.547600	-0.411100	0.632100	0.257700	0.331200	-0.564400	-0.534200	-0.248900	-0.579400	0.370600	0.061000	-0.244000	-1.778000	-0.587300	-0.165600
102	0.286800	-0.253800	-0.455500	0.177100	-0.343600	-0.390100	-0.421100	-0.564400	-0.536800	0.166400	-0.796100	-0.336500	-0.655800	-0.753100	0.000000	-0.175700	-0.457100	-0.410800	-0.493500	-0.274300
103	1.598600	-0.102700	-1.910900	0.391300	0.333700	-0.906600	-0.246500	2.104900	1.287600	0.049600	-1.250200	-0.210900	0.206500	-0.283800	0.000000	0.074600	-0.541800	-0.737200	-0.839000	-0.211400
104	1.742800	0.000000	-0.567900	0.216600	0.577700	7.826800	0.031000	1.248200	1.386000	0.453600	-1.387300	-0.411700	0.203000	0.234000	1.523600	1.161300	0.659400	1.174900	1.438500	1.897500
105	1.367300	0.593800	0.341400	0.988400	0.573400	4.155500	0.000000	1.164900	1.189300	1.281100	0.258200	0.428900	0.709700	0.393400	1.127700	0.593100	0.650100	0.483200	0.468500	1.079400
106	1.295200	0.186700	-1.034000	0.761900	0.188400	3.458400	-0.423800	0.692200	0.570400	0.654300	-1.107100	-0.572500	-0.087700	0.000000	0.719500	-0.009500	-0.893500	-0.630700	-1.221600	0.189200
107	5.182300	4.193000	0.000000	4.427600	3.316800	15.602200	9.785700	3.517500	5.306300	3.677300	1.054500	5.290200	5.345500	3.229400	5.610000	3.784600	17.844000	8.235900	3.556000	7.177600
108	1.674000	1.301800	0.429100	1.571700	1.015900	0.994300	0.596500	1.111000	1.180100	1.429400	-0.044500	0.695200	1.185100	0.721100	1.528100	1.257700	-0.773400	0.527200	0.000000	0.802900
109	0.795700	-0.151700	-0.564500	0.000000	-0.482900	0.873400	-0.394700	0.491700	0.093200	0.525200	-0.914900	-0.421300	-0.121600	-0.557900	0.324600	0.343500	-0.405800	-0.443600	-0.561100	0.270700
110	2.348000	2.158800	0.000000	2.216600	1.474100	5.747500	1.755900	2.760500	2.684900	1.848000	-0.078300	1.235000	1.870700	1.612300	2.503500	1.442100	0.596900	0.780800	0.495300	1.537500
111	1.249100	0.000000	-0.145300	1.003900	1.384100	4.744100	0.339100	0.387100	0.638200	0.952900	0.007900	-0.111700	1.166100	0.782700	2.470000	2.153200	4.304800	1.748300	4.729900	3.636700
112	0.000000	-0.246400	0.024000	0.285500	0.217700	-0.448700	-1.162200	0.308600	0.196500	0.204800	0.223200	-0.631400	0.169300	-0.336200	0.457900	0.291500	0.269600	-0.213000	-0.531600	0.360400
113	0.933200	0.000000	-0.403300	0.797700	0.055600	0.130900	0.131500	0.201000	0.468700	0.497700	-1.307100	-0.390400	0.163800	-0.246000	0.713600	0.353700	-0.897500	-0.602800	-0.495300	-0.215500
114	1.903600	0.000000	-0.011900	2.494600	2.237700	1.198200	7.904200	1.308900	2.156200	1.222900	-1.771800	5.500900	4.647600	2.760300	4.139200	2.308600	18.219300	20.468800	7.887600	22.888600
115	0.416600	0.104000	-0.353500	0.415700	-0.005400	-0.170700	0.158700	0.287100	0.426900	0.541500	-0.820100	-0.226700	0.000000	-0.007800	0.307800	0.575400	-0.625000	-0.474300	-0.773000	0.442900
116	0.511300	0.152300	-0.082100	1.906800	0.395900	0.727900	0.220300	1.221500	0.355600	0.311500	-0.250400	0.032300	0.000000	0.139100	0.085200	0.257600	0.389600	0.113300	0.022100	0.502100
117	0.000000	2.561400	3.004100	5.358200	4.805400	6.975200	2.557700	5.366900	3.956100	3.039900	2.306600	2.972700	2.767000	3.380700	4.877400	4.805700	6.993300	7.005600	6.958500	15.990200
118	1.222500	0.750600	0.177200	0.382500	-0.023400	5.443100	0.345100	0.388000	0.865400	0.681000	0.180300	0.083800	0.445000	0.271400	0.909200	0.972100	0.072400	0.185600	0.000000	0.893100
119	7.092700	5.031000	1.718000	4.214000	4.237000	7.665400	3.824400	5.518900	4.713300	4.042600	0.000000	4.815700	5.316800	4.119400	5.755200	5.103200	2.725300	2.318600	-0.381600	3.907100
120	0.003600	-0.091900	-0.191900	0.601100	-0.106100	-3.158900	0.864500	0.000000	-0.547200	-0.024600	-0.671100	0.585400	-0.629100	-0.059700	-2.260100	0.524900	-0.450000	-0.016900	-0.372600	0.637700
121	0.481500	0.000000	0.129800	0.575900	0.186600	-1.604000	0.384600	0.268500	0.348900	0.750800	-0.202600	0.223500	-0.570400	0.039700	0.189700	0.609100	-0.296100	0.130800	-0.021200	0.679700
122	1.466100	0.613900	-0.426600	0.647500	0.197000	1.530100	0.363600	0.786500	1.435700	1.186700	-0.169900	0.277400	0.000000	0.135000	0.125500	1.022200	0.917600	0.453200	0.309500	0.800900
123	4.560900	3.255300	0.000000	3.765200	3.154800	2.911800	5.552400	3.995200	3.891200	3.453600	0.392000	3.300900	4.188900	2.877100	5.452700	4.330800	12.399300	5.949000	3.879400	3.712700
124	1.478600	0.000000	-1.691900	0.696000	1.651500	5.094500	0.861200	1.461600	1.617500	0.498200	-0.751000	-0.203400	0.673700	0.770300	1.726800	1.254300	-0.407800	-3.411000	-1.850300	-0.578700
125	0.000000	-0.867300	-1.178800	0.242100	-0.751100	2.284300	-0.224400	0.066900	-0.580600	-0.114400	-0.933700	-0.397700	-0.972400	-1.074300	-0.113300	-0.642700	-0.315500	-0.761000	-0.754900	-0.246000
126	3.150900	1.462900	0.168500	0.000000	-0.336000	3.997700	2.479400	1.542500	2.338200	1.570400	0.624000	2.106600	4.827300	3.036200	4.345800	2.103400	5.965700	1.068500	1.952400	1.919300
127	6.241000	4.406400	1.995600	2.061800	0.000000	9.193400	6.801500	3.255900	5.078300	4.263500	0.420900	4.944700	5.852300	4.050200	7.178100	5.258200	10.813800	12.645000	9.150400	13.913800
128	1.740000	0.558900	-0.424400	0.461000	-0.221000	5.832200	0.888500	1.525700	1.651800	1.427800	-0.442200	0.000000	0.782000	0.559900	1.614600	1.048900	-0.126500	0.358600	0.097800	0.414500
129	1.846900	0.975600	0.590600	1.335800	0.653100	3.474900	0.000000	1.414400	1.494400	1.534100	0.345300	0.421000	1.175800	0.626200	1.593200	0.619800	1.135700	1.006200	0.897800	0.649200
130	5.279200	3.270500	0.000000	1.794800	0.812700	6.375400	7.360200	3.403300	3.854500	3.380100	0.842000	4.372600	5.351800	3.368600	6.350800	3.646600	12.293600	4.863800	2.653500	12.432000
131	6.240400	4.557700	2.870300	4.429900	3.873400	8.909400	4.675400	3.933500	5.031400	4.752900	2.141400	2.777700	6.096200	4.975000	6.971900	5.512700	0.000000	1.987700	1.918900	4.314300
132	0.649600	0.519600	0.297800	1.459200	1.134300	2.704400	0.286400	1.879400	0.852400	0.851200	0.094000	0.000000	0.911600	0.756900	1.565200	0.355400	0.606700	0.294900	0.056500	-0.053000
133	5.026300	4.171200	8.614400	8.413600	10.978300	13.471900	15.061500	4.461500	4.229800	5.941800	8.076600	11.558600	4.992700	10.644900	0.000000	6.263800	31.327460	30.876680	30.153400	19.259800
134	0.183000	-0.309200	-0.446900	-0.139200	-0.367200	-2.033000	-0.642300	-0.115500	0.000000	0.224400	-0.664100	-0.768100	-0.556900	-0.722700	-0.417500	-0.029400	-0.457100	-0.257000	-0.304100	0.095400
135	0.000000	1.041300	6.500300	7.501000	8.711300	6.558300	4.934200	7.130600	4.214500	4.037700	4.313000	4.790900	5.939400	5.275800	9.181900	8.604800	11.581300	11.841000	11.695900	14.517700
136	3.306700	1.945400	0.482600	0.000000	0.426700	0.978600	8.099000	0.671000	2.204500	1.265100	-0.941100	4.548300	4.869800	1.626200	5.080800	2.819900	8.365200	2.116600	-0.188700	3.274400
137	1.558600	0.592200	-0.208700	0.691900	-0.241600	5.497500	-0.103500	1.185100	0.707300	0.788700	-0.846600	0.000400	0.613000	0.000000	1.714000	0.214500	0.375700	-0.524100	-0.760900	1.061300
138	1.010200	0.000000	-0.803600	0.540600	-0.000900	2.780100	-0.038300	0.645900	-0.169100	0.735300	-0.787500	-0.222200	0.062300	-0.469800	0.656000	-0.333100	-0.174700	-0.236200	-0.260500	-0.793700
139	2.657800	0.424800	1.951200	1.381600	0.549000	6.184200	6.774700	0.475200	1.640200	0.000000	-1.006700	4.260800	5.028900	2.355100	2.417400	1.791300	22.631800	27.587400	19.241900	44.199870
140	3.959900	2.273800	2.043100	2.314600	3.913600	8.288500	1.795000	2.997000	3.735600	2.907000	0.157500	2.077200	3.762200	2.850000	4.682700	3.113700	2.006200	0.972000	0.000000	2.564900
141	0.174900	0.726900	0.388600	2.623900	1.592000	3.069500	0.533600	1.484700	0.234800	0.695500	0.840200	0.443600	1.146400	0.906800	1.303800	0.000000	0.538800	0.427800	0.108700	0.175300
142	2.117800	1.307000	1.274700	1.747800	1.635400	6.312100	0.000000	1.658100	1.230900	1.168500	0.463900	0.438000	2.992800	1.211700	3.100100	1.074700	1.274700	1.392300	1.323900	0.408800
143	0.408700	-0.711200	-1.329100	0.895200	1.118900	-0.568300	-2.032500	1.621000	0.000000	-0.011000	-1.492400	-1.571800	0.079600	-1.813300	0.775600	-0.778900	-1.261200	-1.978600	-0.740100	-0.556700
144	1.438800	0.725100	0.376600	0.925000	0.438300	0.018800	0.000000	1.413000	1.586700	0.971400	0.630200	0.122800	1.994600	0.899100	2.486800	0.924100	0.658300	0.609200	0.381300	1.635600
145	0.998900	0.330800	-0.661400	0.959200	0.270900	4.489800	-0.090100	0.727900	0.164300	0.142400	-0.906300	-0.280500	0.000000	0.077200	0.519200	-0.358300	0.000800	-0.212400	-0.295000	0.096700
146	1.854800	1.232800	-0.049400	3.176700	2.504600	3.331700	4.481500	3.435100	2.244900	1.021900	0.666600	2.981600	2.261300	1.231000	1.981000	2.465200	3.153400	0.000000	0.524700	1.634100
147	1.003300	0.646600	-0.128000	0.289600	-0.116700	1.754500	0.445800	0.283100	0.602100	0.484400	-0.433000	0.284300	-0.048900	0.000000	0.347600	0.249900	0.258600	-0.224600	-0.053100	0.805100
148	3.692900	2.903100	0.000000	2.649700	1.623700	4.984900	1.381100	3.526900	3.084900	2.091400	1.547900	2.048100	4.021700	2.243700	4.248700	3.441000	4.632000	4.040500	4.521600	5.885600
149	1.125000	-0.001900	-1.641700	-0.448800	-1.010900	-1.742700	3.203500	0.225600	0.576000	0.156800	-1.447200	2.098100	0.047900	0.512300	0.077600	0.000000	0.353000	-0.824500	-0.325400	1.059200
150	0.434900	0.089300	-0.350400	0.207200	-0.445300	-0.872100	1.107600	-0.105500	0.203500	0.290800	-0.909900	0.761500	-0.519000	-0.030600	0.000000	-0.244200	-0.908200	-1.293800	-1.119000	0.734100
151	1.040500	0.565600	1.633000	0.162200	1.692200	-0.003300	4.485700	1.818700	0.000000	0.250000	0.979500	3.646500	2.196200	1.875700	1.678300	-0.232100	6.684100	3.639800	3.444000	2.866900
152	1.963600	0.000000	3.111300	1.928700	4.487300	3.549600	6.086700	2.903200	0.584300	1.045600	2.899100	6.728000	6.759400	5.578000	4.768900	3.783700	11.366600	7.565000	5.908300	29.140400
153	1.172900	0.000000	-0.265800	0.614700	0.549700	-1.170000	-0.135500	0.654000	0.874500	0.520000	-0.369500	-0.422600	-0.184300	-0.103600	0.097500	0.249900	0.509500	-0.621000	-1.000300	1.054700
154	4.406900	3.225800	2.260100	3.003500	2.395700	2.417600	3.288100	3.632900	4.258900	3.853200	1.593400	3.029400	3.294400	3.017900	4.194000	4.405400	1.697300	0.000000	0.734700	2.844100
155	6.846000	5.361200	2.641200	5.120900	5.542300	9.712200	6.434000	4.870300	5.926200	5.546000	2.346600	4.200900	6.208100	5.212800	6.714900	5.393000	6.204600	0.000000	1.377900	4.449400
156	5.695400	3.954900	0.000000	5.801600	7.207300	6.279600	9.652300	5.699500	5.336000	3.876500	0.304500	4.971200	5.739500	3.137100	6.521000	3.320400	17.780400	15.792100	7.060200	3.603700
157	1.020000	0.328500	0.024700	0.972200	0.762600	4.498700	-0.122700	0.459700	0.705100	0.415900	-0.239700	-0.284900	-0.121600	-0.169400	0.080400	0.000000	0.679900	0.254100	-0.006700	0.535200
158	1.660200	1.092700	0.004800	1.048000	0.172100	4.400700	0.363800	1.737800	0.866800	0.888400	0.384300	0.156100	0.445200	0.149400	0.000000	-0.719400	0.678300	-0.502900	0.119300	-0.503100
159	5.294600	3.996600	0.000000	3.079800	1.791800	6.095100	6.361900	3.425700	4.300000	3.850900	0.505700	4.083500	5.528100	3.440300	6.096100	3.585500	12.103200	6.901200	3.622600	3.588200
160	0.634900	0.157500	-0.309300	0.368700	-0.004200	-0.937700	-0.178200	0.454400	0.522500	0.524100	-0.404500	-0.534000	-0.620500	-0.062000	0.000000	0.587300	0.447900	-1.259300	-0.732600	0.920700
161	3.513500	2.666100	2.179500	3.061500	2.646400	2.509000	0.000000	2.899700	3.024100	3.634300	1.986800	2.183200	3.056400	2.521300	3.842000	2.871100	3.034000	2.594200	1.463100	2.943700
162	5.715900	4.091800	1.395200	2.006600	0.000000	5.406500	5.810000	4.654900	4.556200	3.998000	0.732600	3.829600	4.149700	2.340700	5.878100	4.703100	20.971300	6.060600	8.458800	7.499700
163	1.357400	0.000000	0.526400	0.913200	0.853400	5.328200	2.143300	3.393100	1.956700	0.769000	1.018600	1.241800	2.561600	2.152100	5.382700	2.856300	5.828700	5.308600	5.743500	6.788200
164	0.725600	0.124600	-0.048600	1.127400	1.216300	4.529500	-0.553500	0.629700	0.215700	0.115700	0.138500	-0.126300	0.484800	0.000000	0.996600	0.294900	0.311000	0.109000	0.059100	0.564100
165	1.021600	0.754000	0.933200	0.988100	0.948900	0.000000	0.918300	0.900300	0.924200	1.021600	0.943900	0.908500	0.424700	0.787800	0.693600	1.056700	0.882300	0.920400	0.897400	1.101400
166	-1.021200	0.702100	0.462300	1.565700	2.725600	4.187500	0.297100	1.119700	0.680100	0.429100	0.471200	0.099400	0.248100	0.214200	0.198600	0.000000	0.115500	0.163100	0.129800	0.127300
167	4.579100	3.609100	2.013000	3.786000	3.506400	3.913800	3.595900	3.476600	4.146100	3.545500	0.856000	4.771200	5.792900	4.627600	5.471700	4.118300	2.015600	0.000000	-0.507800	3.031500
168	2.930500	1.533200	-0.031700	0.253700	0.000000	2.839200	-0.688600	0.662400	1.725400	0.905800	0.182400	0.284400	1.234200	0.578600	1.379100	1.432600	1.248700	1.427800	1.319400	1.704300
169	4.776300	3.035800	6.338300	2.940800	7.018300	0.000000	22.841100	3.050900	3.818200	3.557000	6.896900	11.078400	9.763700	11.943900	8.404000	7.134700	48.950050	35.529680	28.755700	52.329500
170	0.118500	0.553300	0.534300	1.517000	1.407200	0.278900	0.960100	0.000000	-1.301900	0.464500	0.192800	0.634400	-1.062500	1.193700	-2.109300	0.362800	1.095900	-0.302300	0.521300	1.350300
171	1.407200	0.599500	-0.779900	0.309100	-0.328700	-0.807000	0.335900	0.588500	1.202400	0.896400	-0.420000	-0.090700	-0.549300	0.000000	-0.477700	1.104700	0.608400	-0.454500	-0.602400	1.043300
172	3.621800	2.833700	2.020100	2.745400	2.366200	1.534100	2.566300	2.385800	2.304300	3.184900	1.937800	2.769300	1.761800	0.000000	2.665600	3.479300	2.771100	3.006500	2.905700	1.936100
173	6.209800	4.612100	5.354100	4.590600	5.124800	4.061800	7.476400	5.357200	5.346500	4.898600	2.796800	6.751000	2.816300	4.991800	0.000000	6.027900	9.322100	7.656300	5.527000	3.927400
174	3.788300	1.962300	1.003000	0.000000	-0.715600	5.142600	10.496900	2.324800	2.816500	1.389300	3.004900	6.943000	4.793900	4.512000	4.532600	3.418100	21.272000	23.610500	15.800400	12.492000
175	4.762900	2.876700	0.000000	1.543800	1.069000	5.284500	5.080500	3.736100	3.866500	3.332600	0.478600	2.310100	4.522100	4.814000	5.150900	3.476400	6.640100	7.005900	5.197400	3.939100
176	2.841400	2.076800	0.205700	4.485500	3.876300	4.723200	0.000000	5.509900	2.533800	1.941700	0.519300	0.989500	3.350100	2.002700	3.635300	1.227400	2.553900	0.468400	0.327200	0.826500
177	3.622800	1.861300	4.143700	1.692800	1.700500	8.832200	4.029800	0.000000	1.569600	1.629300	2.950900	4.307800	3.456000	7.015000	5.178800	3.492500	12.765800	9.046200	9.804800	3.816800
178	1.978600	1.036700	-0.037300	0.229500	-0.567700	3.536400	0.000000	-0.096400	0.616300	0.525200	0.183700	0.183900	1.162600	0.595200	0.839500	0.233300	0.027800	-1.174100	-0.429700	0.773400
179	2.602600	0.666800	-0.813600	0.000000	-0.273800	1.835900	-0.417100	0.067100	0.220600	0.036700	-1.120000	-0.539700	-0.246400	-0.400700	0.321900	-0.253200	-0.166800	-0.176700	-0.259500	-0.073700
180	0.390100	0.206000	-0.170100	0.309300	0.171600	-0.597200	0.066700	0.470200	0.362200	0.327800	-0.386500	0.000000	-0.043100	0.324800	0.457600	0.586100	0.481600	0.263400	0.197200	0.685200
181	1.482900	1.032900	-0.206700	0.876900	0.310000	0.853400	0.788100	0.000000	0.871500	0.715800	0.594400	0.829100	2.183400	0.685100	3.324300	0.906600	4.179000	3.312400	1.795200	5.465500
182	1.228700	1.117100	0.870700	1.057500	0.955500	1.253600	0.682200	0.000000	-0.176200	1.161800	1.003200	0.733800	1.296200	0.377700	1.611900	0.435500	1.042200	1.011500	1.034600	0.797700
183	0.000000	2.743200	3.736500	4.803000	4.629200	9.036400	3.460400	4.738100	3.812600	3.746900	3.608800	2.840800	3.782500	3.521700	3.194500	3.127200	3.758200	3.859100	3.834900	3.923400
184	3.297100	2.825500	0.031700	0.907300	0.000000	4.483900	1.354000	1.757300	2.504200	1.396400	0.813600	1.111100	2.635100	1.613600	2.539600	2.256700	1.952200	2.713000	1.549100	1.124700
185	1.216900	0.446000	-0.881300	0.000000	-0.401600	1.266100	-0.257500	0.215300	0.650000	0.255800	-0.861300	-0.652300	0.412200	-0.430700	0.561700	0.205900	-0.372400	-0.135100	-0.300000	0.558200
186	2.586300	1.689900	-0.777200	0.494400	-0.479400	2.686000	1.021700	1.283400	1.326600	1.087700	0.479600	0.652200	0.000000	0.567800	1.183700	0.097600	1.124400	1.490800	1.500100	1.925500
187	1.079600	0.219700	-1.779100	-0.502800	-1.057400	3.156000	-0.882000	0.000000	0.548100	0.015600	-2.004600	-0.592000	0.450800	-0.655000	1.029700	0.471500	-0.902400	-1.548800	-2.005900	-0.077500
188	1.904800	1.375500	0.356500	0.908500	0.711000	2.782900	0.997500	0.991300	1.396500	1.237600	0.780400	0.679500	0.903800	0.558000	2.007500	1.745200	0.188600	1.312700	1.075300	0.000000
189	4.419500	4.197700	2.226500	4.223700	3.357700	4.819400	6.490100	4.603300	4.863900	3.829100	1.442000	5.237100	6.229500	5.026300	6.016400	5.070300	6.030500	2.367900	0.000000	3.427700
190	0.477500	0.413300	-0.483800	-0.065400	-0.165100	-0.260500	-0.878800	0.000000	0.144800	0.316500	-0.327100	-1.108000	-0.659300	-0.868500	0.072600	-0.468700	0.634900	-0.722200	-0.804400	0.323300
191	4.858000	3.333800	2.368800	5.357900	5.216700	10.271200	3.195000	4.419500	4.039700	3.017800	1.416100	2.920800	3.971500	3.031700	4.295400	3.479200	2.550200	-0.360500	0.000000	3.241000
192	1.298500	0.952100	0.175400	2.053000	2.307400	7.883900	0.121400	2.003600	1.861200	1.015600	0.347000	0.000000	1.053300	0.366000	1.331700	0.702800	2.829200	-1.263100	0.136300	0.343400
193	-2.623300	-0.035800	-0.009900	2.148700	2.195400	2.907000	-0.202800	0.388900	0.017500	0.063500	-0.168800	-0.002900	-0.095900	0.001200	0.000000	-0.290800	1.274700	1.295600	1.310600	-0.264200
194	3.228200	2.118700	0.000000	2.717700	2.619500	6.304100	2.468300	3.759500	3.608400	2.367900	-0.030800	2.216000	2.164500	1.891400	3.431300	3.151400	2.726700	1.800700	1.226600	2.422100
195	1.421500	1.216100	-0.337900	0.150700	-0.277000	3.425800	-0.147000	0.329600	1.170800	0.620900	-0.412900	-0.341800	0.403700	0.581300	0.827400	0.755200	-0.119400	-0.662700	-0.284100	0.000000
196	6.605700	4.525100	2.817900	2.295200	1.966200	6.745700	4.642300	4.891800	6.296400	4.422400	0.886000	4.310500	5.413000	5.200700	6.166700	4.919700	2.435600	0.519900	0.000000	3.969200
197	2.902100	1.213600	-0.326500	-0.123900	-0.126700	4.837000	0.463300	1.310800	2.278100	0.630500	-1.014400	0.000000	1.290100	0.928300	2.188200	1.529600	2.534900	1.408900	0.592400	2.622300
198	5.997000	4.804600	0.205600	2.066600	1.374100	7.161000	5.453700	4.000400	5.677700	3.617000	0.000000	4.340500	4.897000	3.922500	5.659600	4.711400	8.130200	9.565900	2.571900	6.230500
199	4.406300	2.445800	0.168800	0.399100	0.361600	5.034500	1.923500	2.551300	3.369400	2.190200	0.625800	1.492700	2.575600	1.976200	3.920300	1.467000	1.508900	-0.382700	0.000000	2.197800
200	1.164400	0.226300	-2.622600	-1.673300	1.073900	3.557200	-0.112100	1.179700	1.389900	-0.236500	-0.350500	-0.729900	-1.304300	1.637600	0.000000	-0.021800	10.342400	6.296900	4.697300	-0.022500
201	4.072700	2.645900	-0.273900	0.000000	-0.229200	1.918200	8.595500	2.161900	2.709300	1.925500	-0.774000	2.574300	5.466300	2.447200	4.473900	2.904300	16.844400	6.486300	6.953800	8.609000
202	0.000000	2.804200	10.046500	11.675200	15.238000	4.753900	12.267600	11.116500	5.749100	5.654700	7.620200	11.391100	9.613000	9.942700	9.819400	9.040900	16.024700	10.509900	9.877100	17.149000
203	0.000000	6.116700	19.152800	16.865900	20.168800	5.216400	16.968700	17.002700	9.773800	11.702900	11.807200	16.068900	14.166200	12.247700	13.797900	15.724200	31.633700	22.336400	23.239200	28.411900
204	1.363900	0.484400	0.228700	0.893200	0.500200	-0.562200	0.990000	0.996400	0.566700	0.992200	0.069700	0.507600	0.880100	0.000000	1.813200	0.432000	-0.970300	-1.135600	-1.026300	-0.266000
205	2.695300	1.804600	1.161800	1.941600	1.500600	0.587700	0.000000	2.355100	2.573600	2.257900	1.235500	1.086700	1.601900	1.575000	2.240900	1.029800	1.715500	1.406600	1.739600	2.329900
206	0.267100	-0.247200	-0.426500	0.231700	0.024300	-1.444700	-0.383000	0.410400	0.000000	0.064500	-0.793600	-0.454600	-0.360700	-0.603200	0.127400	0.121800	-0.615100	-0.520200	-0.759000	0.289000
207	1.470700	1.400900	0.995500	2.227500	2.019300	1.728200	3.194900	2.049800	1.727200	1.407400	1.252400	2.542000	0.000000	1.427600	0.348900	1.819700	3.426700	1.798500	1.216800	2.686300
208	4.188500	3.428100	1.866000	3.632000	2.657000	7.669800	0.000000	2.879500	3.316200	3.943400	2.039800	2.898700	3.145700	3.456500	3.673700	3.789000	3.522100	2.293200	2.180000	3.762800
209	-0.005000	-0.188500	-0.015700	0.445300	0.279200	0.081300	0.204800	0.398400	-0.036200	0.245700	0.159800	0.000000	-0.525500	-0.143400	-0.538600	0.147300	0.111000	0.141500	0.099100	0.349300
210	1.174500	0.494200	-0.375000	0.356600	-0.077600	2.889400	0.602700	0.966700	0.404600	0.026800	-0.253900	0.000000	0.580100	0.871900	0.890800	0.882300	0.078100	0.169200	-0.249400	1.109400
211	5.185400	3.975000	2.191900	3.671500	3.113900	7.195700	4.094100	4.127200	4.562400	4.029700	1.711700	4.108800	4.047000	3.863700	5.027100	5.031500	0.000000	5.151600	3.679300	3.805200
212	1.075500	0.502800	-0.692600	0.759400	0.000000	-0.644900	0.481000	1.076900	1.020700	0.779000	-0.098300	0.148500	0.231400	0.724500	0.983300	0.547100	-0.231600	0.333300	-0.112400	0.822900
213	0.484800	-0.428600	-1.094000	-0.242300	-0.844600	4.113600	-0.786900	0.152100	0.131300	-0.021500	-1.397600	-0.881400	-0.340100	-0.784400	0.448000	-0.509600	-0.545400	-0.785300	-0.888900	0.000000
214	1.567000	0.651300	-1.599000	-0.278200	0.463200	0.212800	-0.183300	0.144200	0.664500	0.000000	-0.646900	2.515100	2.888600	1.645700	2.383400	0.752200	10.970500	5.388500	2.201200	5.810600
215	2.697400	2.006300	0.260600	2.439100	2.813900	5.818500	1.478400	2.328700	2.295800	2.161900	0.078600	1.631700	2.907000	2.374100	3.541400	2.641200	-0.377600	0.036200	0.000000	2.039000
216	-0.053000	0.041400	0.069300	0.446700	0.376400	0.294000	-1.253700	0.249300	0.088400	0.133600	0.197800	-0.656500	0.000000	0.098400	0.026900	0.095200	0.241900	0.121600	0.125600	0.225300
217	0.000000	0.760200	1.059300	2.321100	2.969400	3.968000	0.888500	1.658200	0.867300	0.851600	1.356500	0.756500	1.085700	0.832000	1.008300	0.474000	1.109100	0.890200	1.084200	1.003100
218	4.475200	2.720600	2.167800	0.000000	-0.025500	2.259900	13.888200	1.905000	3.757900	2.005800	4.170100	9.263800	6.096200	8.351200	4.497800	2.866000	21.980600	23.492500	14.866200	14.912000
219	1.937300	0.531400	0.053500	0.370500	0.140000	2.820800	1.050300	0.000000	0.879800	0.898600	-0.414300	0.230500	0.513200	0.389400	-0.168000	0.542900	0.647600	0.713700	0.412100	0.865000
220	1.491600	0.000000	0.613200	1.688700	1.705900	4.952900	7.604300	0.214000	0.227400	0.713400	2.415200	4.387500	6.172700	6.269500	6.525800	3.107800	17.782200	12.952100	12.234300	34.681080
221	6.875200	4.718700	0.297000	1.061700	0.000000	9.046000	9.228700	4.001200	5.653900	3.918800	0.714400	6.165300	4.993800	4.301700	6.188200	3.720500	28.691500	7.827500	7.238700	10.582500
222	6.150500	4.529500	0.086100	1.543800	0.000000	4.535900	6.363600	4.072100	5.651100	2.853900	-0.305400	3.024400	4.166200	2.519000	4.760300	3.405300	8.302400	5.561900	2.804100	2.564000
223	6.822500	5.098800	0.614000	2.148400	0.990400	8.332100	5.012100	4.186800	6.103700	3.870200	0.901100	3.498200	5.586300	5.215000	5.845000	5.002700	3.155900	1.159600	0.000000	3.559300
224	2.295400	0.193800	-2.810300	-0.268400	-1.196000	3.145200	5.748900	0.777400	1.970800	0.000000	-2.705900	3.502400	2.309900	1.049100	2.296500	0.910300	9.180500	6.967600	1.251200	1.654300
225	4.733700	2.854700	1.672700	0.000000	-0.476800	6.448900	12.720200	2.359900	3.489000	2.379600	3.585500	7.104000	3.919400	6.460400	4.453700	4.165700	25.425900	14.198900	8.474400	8.992400
226	0.846000	0.000000	-0.639100	0.937400	2.328400	-1.269400	0.317300	0.212600	0.109100	0.246600	-0.261800	0.464800	4.499900	3.086200	1.284300	1.567300	8.011800	6.876100	5.989700	3.925300
227	4.919800	3.187700	0.000000	3.704900	4.474500	6.906800	7.231800	2.909500	3.601500	2.233400	0.462400	4.688300	4.355700	2.748200	5.222200	2.977600	28.492400	14.048500	4.439200	55.195200
228	0.058600	-0.955700	-0.707500	0.407800	0.867600	-0.725200	-0.405800	-0.066600	0.000000	-0.487800	-2.227100	-0.610900	0.592700	-2.430500	1.180300	0.313800	-0.135500	-0.234900	-1.333500	0.195700
229	0.661000	-0.375600	-0.423800	1.478600	0.730200	4.618300	3.143800	1.368900	0.040400	0.156100	-1.636000	2.297300	0.371000	0.119700	0.000000	0.193400	1.885000	0.498600	0.059300	5.913000
230	5.952600	4.401000	3.918600	3.730600	3.271000	6.934400	8.990200	4.634000	5.265500	4.807800	1.774900	1.940100	6.454300	5.700800	7.256800	4.291200	8.366100	0.000000	0.977700	3.414000
231	2.901100	2.073000	0.217600	2.495200	1.145600	2.373400	3.193600	2.674900	2.148800	2.013800	1.824300	3.536100	1.699000	2.256800	0.000000	1.415100	7.690200	8.914200	3.576700	4.134500
232	1.540100	0.873900	0.000000	0.758100	1.164200	4.167100	0.601300	1.682800	0.898200	0.539400	0.126900	0.245000	1.075200	0.558300	0.562700	0.502800	0.761500	0.394900	-0.071800	0.840200
233	1.272500	0.645300	-0.122600	0.000000	0.123100	0.897900	-0.242000	0.649300	0.622200	0.402400	-0.417600	-0.240100	1.320100	0.583800	2.079400	0.718600	-0.265600	-0.305400	-0.632900	0.667300
234	3.838900	2.379300	0.000000	2.840900	2.653800	4.803600	2.553400	4.822500	4.038300	2.764500	0.647700	2.714800	3.988900	3.306000	6.416200	3.716100	7.962000	8.464300	4.035600	4.123200
235	0.619700	0.000000	-0.129800	0.682300	0.185300	-1.892100	0.359900	0.576700	-0.280100	0.470900	0.073700	0.249200	0.582600	0.143700	0.923200	0.688200	0.261700	0.277100	0.212400	0.946900
236	2.429500	1.940700	1.263900	1.244800	1.341100	1.806300	1.955000	2.266800	2.210700	1.646500	1.214300	1.752900	0.000000	1.605300	1.767900	1.902400	1.924800	1.713800	1.600600	2.352900
237	-0.168400	-0.023800	-0.919700	1.091600	1.130000	5.233600	-0.029400	0.342600	-0.181100	-0.407200	-1.173700	-0.631200	0.784000	0.617400	0.000000	-0.707000	-0.887000	-0.541600	-0.953900	-0.258500
238	0.348700	0.006200	-0.159400	0.278300	-0.158600	-0.614100	-0.013800	0.306800	0.352300	0.392800	-0.348800	-0.130800	0.000000	0.089700	0.349800	0.271200	-0.614400	-0.168100	-0.260500	0.345500
239	-0.131900	-0.276700	0.042700	0.786200	0.610300	0.117200	-0.049400	-0.612700	-1.156200	0.181800	0.358800	-0.319100	0.000000	-0.232900	0.193800	0.115600	0.065800	-0.018800	-0.035400	0.193700
240	2.171500	1.411600	0.330000	0.418100	0.255200	3.859400	0.999400	0.387100	1.682700	1.112000	0.000000	0.685600	1.200600	0.706600	2.045000	0.718300	1.376600	1.091400	0.860700	1.531700
241	2.521300	1.589200	0.618900	0.938300	0.706100	0.023400	1.213900	1.878900	2.470800	1.742000	0.672700	0.810600	1.469300	1.571400	2.328400	0.000000	0.707800	0.906100	0.584500	1.210900
242	2.822600	2.357500	1.569700	3.804300	4.306500	6.090200	0.000000	4.235200	2.818200	3.454300	2.132400	1.377900	5.777800	3.413900	4.828400	3.561900	2.657700	2.038400	1.288400	3.466800
243	4.257200	2.660600	0.305800	3.490400	2.751800	4.384900	5.684400	3.505100	4.266800	2.623000	0.000000	2.978000	2.524700	1.907600	3.040000	3.646100	11.014300	7.662800	3.797200	3.082900
244	0.639000	-0.327000	-0.705100	-0.154000	-0.459900	-2.425700	-1.128200	-0.515100	-0.266300	0.550000	-0.689600	-0.239700	-0.297700	-0.151300	0.098500	0.730400	-0.256700	-0.589400	-0.355800	0.000000
245	3.057600	1.524600	0.821600	2.113000	1.463200	4.695200	2.254500	2.004200	3.398800	1.861700	0.063500	1.955300	0.000000	-0.450800	1.494200	1.430700	0.415000	0.291900	-0.035800	4.091500
246	0.489300	-1.023600	-3.025400	-2.657100	-3.196300	1.786600	-0.440300	-0.875600	0.000000	-0.492700	-2.697000	-0.288100	-2.125500	-2.176700	0.448900	-0.959300	9.043400	3.605500	1.247100	24.889200
247	3.227300	1.898500	-0.406800	1.168100	0.346200	7.118000	0.787300	2.256600	2.306500	2.277900	0.000000	0.468200	2.659200	1.930200	2.733700	2.633400	5.416700	6.199200	5.354900	7.077800
248	0.886600	0.253200	-0.020900	0.625900	-0.154800	3.771200	-0.054100	0.800800	0.177000	0.931900	-0.660800	0.000000	0.399600	-0.005800	0.761200	0.330900	-0.315300	-0.137200	-0.301100	0.284000
249	4.088600	2.493200	0.000000	1.134900	0.075100	5.445200	3.039200	2.866700	4.329800	3.104200	1.111700	2.228200	2.710200	2.757400	3.180000	3.564500	4.812000	3.209100	1.937400	19.604100
250	6.634900	4.695000	1.727600	4.412600	5.816500	10.840800	7.096800	4.365000	5.556300	4.923300	1.309500	3.292900	6.038900	4.821300	6.209200	4.325500	2.954600	1.960500	0.000000	3.256000
251	0.572700	-0.528400	-1.286500	0.107700	-0.811000	6.013800	-0.869500	-0.496300	0.155600	0.236200	-1.239300	-0.992500	-0.596900	-0.526200	0.000000	0.142600	-0.847000	-0.719100	-0.862300	-0.034100
252	0.814400	0.136800	-1.520400	0.308800	-0.529500	2.750600	-0.403000	-0.045100	0.000000	0.091400	-1.576400	-0.517800	-0.103700	-0.142600	0.744900	0.239100	-0.247500	-0.146700	-0.360000	0.277300
253	4.770900	3.072600	-0.023700	1.003300	0.000000	6.247700	2.441500	2.510100	4.637400	3.147700	-0.236400	1.996800	3.782200	2.374200	4.572600	3.793300	13.955700	11.727900	5.307400	5.027600
254	1.583900	-0.253100	-0.910100	-1.286000	-1.616500	6.948500	3.277900	0.163900	0.487900	0.000000	-3.166700	1.080300	1.219700	0.618600	2.151600	0.865900	13.668300	4.434800	1.478900	9.040900
255	1.640700	2.007100	2.220700	2.490000	2.854100	4.736300	3.833500	2.718600	2.566800	2.286200	2.750000	2.690800	4.893600	3.041700	4.035400	0.000000	4.119700	3.477700	3.059100	4.138100
256	1.794400	0.546100	-0.989100	1.969600	0.372200	6.156100	-0.259000	0.123200	0.447100	0.228200	-1.188600	-1.106300	1.150400	-0.236500	0.789300	0.000000	-1.126200	-0.329600	-0.728400	0.942700
257	0.470000	0.172400	-0.054800	0.520800	0.373100	-0.945900	-0.108000	0.519900	0.613400	0.476300	0.326900	0.000000	0.156800	0.268300	0.576100	0.642500	0.284800	0.122100	-0.095900	0.893400
258	1.176300	0.257200	-1.013900	-0.419400	-1.071500	-0.409100	-0.694600	-0.023200	0.830800	-0.501100	-0.282700	-0.399700	0.234000	-0.279500	0.764200	-0.214100	0.000000	0.305700	0.092600	0.244300
259	5.638100	4.862300	1.103900	5.010300	3.570700	5.242400	5.865000	5.478400	5.622400	4.632300	1.518500	4.466000	6.106300	4.313800	6.079400	4.136700	6.714900	2.115100	0.000000	3.823100
260	0.962000	0.510600	0.210100	0.941600	0.364900	2.696600	0.047100	0.000000	-0.259200	0.448600	0.165300	0.665900	0.722000	0.115200	1.088000	0.157400	0.108500	0.195500	-0.005900	0.813000
261	0.341300	0.677500	0.116000	0.347000	0.578400	-0.060000	0.096800	0.328600	0.409100	0.287000	0.271400	0.073400	-0.032300	0.133200	0.000000	0.063700	-0.111000	-0.143500	-0.180400	0.078100
262	3.206700	1.730500	4.076200	-0.488100	0.590200	2.361900	3.374500	0.000000	2.127800	1.133300	2.032400	2.520500	4.423500	3.702000	4.759800	3.846200	6.970300	6.156100	5.404900	3.915600
263	0.212100	-0.979300	-1.972200	-0.862000	-1.232300	-0.400700	-0.320100	-0.064900	0.000000	-0.920200	-3.548000	-0.948400	0.629900	-0.341000	1.250100	-0.978700	2.259100	-0.512100	-0.112500	0.622000
264	5.075000	3.967800	-0.114300	0.924800	0.000000	3.236200	2.554000	2.631400	4.755200	2.836200	-0.162400	1.676300	4.803700	3.335800	4.531700	3.286900	8.032800	1.903000	2.128200	3.449900
265	6.325000	4.622400	0.408600	1.147300	0.000000	8.567600	1.289000	3.136300	4.772700	3.290800	0.272500	2.856900	3.999300	3.748000	4.222100	3.367700	6.016500	0.502700	-0.856500	3.310800
266	5.993900	4.730400	0.000000	2.410500	4.205700	4.574900	6.777900	3.891300	5.015000	3.615900	0.344500	2.728900	5.322900	3.159200	5.343200	3.205600	16.174500	10.155100	5.110300	6.840400
267	6.026600	5.043900	1.759600	4.839000	3.001900	6.628400	4.769500	5.301300	5.051900	4.585600	1.278100	4.383300	4.975100	4.117900	5.164900	4.520000	2.125900	0.888500	0.000000	3.321600
268	4.557200	3.325300	0.000000	2.430600	1.856200	2.606000	7.604300	1.948400	5.030400	3.178400	0.039200	4.479300	5.025000	3.713100	4.860400	3.510000	10.600200	6.463300	2.114100	3.294100
269	1.934600	1.198500	0.524200	2.421700	2.306300	4.853000	10.251700	3.720000	1.797100	2.117400	0.681300	3.743100	2.840600	2.639700	1.201300	0.000000	20.280200	10.572800	7.371200	13.865400
270	-1.215500	0.581500	-0.406300	0.897400	1.489600	5.808600	0.073900	1.246200	0.572300	0.561400	0.059800	0.000000	2.214000	0.161200	0.752100	-1.306300	-0.192400	-1.224900	-0.777800	0.974500
271	1.929000	0.550300	-0.748900	-0.410000	-0.520700	6.368900	0.396800	1.243800	0.954100	1.150900	-0.769700	0.000000	0.479400	0.397500	0.933900	1.062800	1.666400	-0.115900	1.678600	2.370000
272	2.048900	1.347000	1.111800	1.219600	0.783700	2.164300	1.512100	1.622800	2.075200	2.361000	1.335900	1.306000	0.743100	1.490000	0.000000	1.742500	1.677800	-0.422000	-0.665200	2.246800
273	1.499800	0.942900	0.000000	0.812000	0.153400	1.692200	0.882700	1.435500	1.668600	1.384600	0.152100	0.419500	1.634300	0.551300	2.146600	0.615000	0.410000	0.368000	0.025100	0.904900
274	6.222600	4.513700	1.404700	6.130900	4.843700	10.504000	7.389100	5.866900	5.140000	4.507200	0.764700	5.091600	6.059300	3.866300	6.215800	5.241900	6.783900	2.579100	0.000000	3.761300
275	1.454300	0.304500	-0.458900	0.397700	-0.363300	4.935100	0.059200	1.067900	0.815000	-0.115300	-0.669700	-0.015600	0.000000	-0.220500	0.875400	-0.250100	-0.068100	0.098600	-0.124900	0.825800
276	0.715600	-0.041800	-0.212200	0.413000	-0.277400	1.293100	-0.188800	-0.020000	-0.021500	0.077900	-0.692000	-0.454900	0.000000	-0.022800	0.409500	0.490000	-0.058900	0.063900	-0.125200	0.423900
277	3.009500	1.967600	0.785200	2.563000	2.158900	4.909100	-0.000200	3.219100	2.934700	2.522200	1.011800	0.000000	3.116700	1.548100	3.672900	1.429000	0.703700	1.100600	0.843500	2.420300
278	3.826300	2.251900	-0.042700	0.884800	0.000000	5.195800	5.760500	1.998600	2.736400	2.374600	-0.129900	3.853400	4.448700	2.363800	4.971000	3.718000	17.558700	10.294100	6.129900	7.614100
279	1.291600	0.554900	0.240600	0.853800	0.282200	2.217200	-0.141100	0.540100	1.164400	0.858600	0.198100	0.000000	0.930600	-0.051000	1.618700	0.840800	0.678700	0.429700	0.165200	0.602600
280	1.020200	1.728700	0.259900	1.167400	0.955900	1.402000	0.010100	1.061500	1.681400	1.358800	2.106800	0.000000	2.161400	0.687700	2.671800	1.550100	0.252100	0.428300	0.057300	0.432300
281	1.995200	0.515200	-1.038300	0.487500	-0.938900	5.043100	-0.441300	0.619500	0.000000	0.034900	-0.754000	0.049000	1.270600	-0.706100	2.543000	-0.648700	-0.520300	-1.524500	-1.017700	-0.791100
282	2.751700	1.945400	1.623000	1.655200	1.386300	0.000000	1.290900	0.843100	2.232100	2.278700	1.006200	1.066200	1.125000	1.497200	0.920900	1.546700	1.560300	1.591000	1.748600	1.518800
283	5.121500	3.466600	0.000000	2.855200	2.605100	2.325500	10.158200	4.750100	4.917100	3.371800	0.371700	3.252600	4.399100	2.687900	4.913500	3.536600	26.945900	16.403200	11.797000	10.656900
284	0.345700	-0.501900	-0.648200	-0.289900	-0.978500	-1.698000	-1.835500	0.000000	-0.303300	-0.087800	-0.901400	-1.829000	-0.853600	-0.788000	0.643400	-1.179400	0.552200	0.033600	0.022600	0.885200
285	1.698800	0.632300	-0.213100	0.670500	0.000000	4.527400	0.367800	1.096900	1.081500	1.147400	-0.038300	0.348700	0.536100	-0.034000	1.683000	1.459000	0.777500	0.163100	0.067400	1.157800
286	1.951100	1.037400	3.899800	2.631500	2.905800	6.060600	18.203500	3.283100	1.228500	0.000000	2.430200	7.868200	6.348800	8.925000	2.955300	4.031100	20.613700	19.776400	15.917400	20.893900
287	4.996100	3.003000	0.928300	1.526000	2.157900	6.443400	1.694500	4.950600	4.285000	2.527900	-0.092500	1.677700	5.153300	2.873800	2.944500	2.060900	0.051400	0.000000	-0.876800	1.718400
288	2.229600	2.014400	1.875500	2.465200	2.280400	0.000000	1.465400	2.439500	2.061700	2.616500	2.496400	1.443000	2.166400	1.684100	2.140200	2.093200	2.195500	1.593700	1.757000	2.475800
289	0.839800	0.751100	0.284600	0.583100	0.554100	1.202800	0.171500	0.841200	0.689200	0.419000	-0.069000	0.235200	0.000000	0.242800	0.052300	-0.128100	0.040700	0.120600	0.050800	0.634100
290	6.108300	4.279900	2.890100	3.875700	3.716800	10.559900	5.275400	4.523100	5.054300	3.821900	2.324200	4.070400	6.042900	5.089000	4.978400	4.535700	10.695000	0.000000	0.537000	3.468000
291	-0.062400	0.000000	-0.375200	-0.154600	-0.188800	-0.767100	-1.150500	-0.134800	-0.394800	-0.160200	-0.280400	-0.854800	0.030400	-0.720100	-0.168000	-0.591600	-0.616600	-0.444000	-0.488400	-0.387600
292	0.000000	3.475200	3.319900	7.178000	7.284100	3.869400	2.829300	7.256600	4.031200	4.232800	3.142800	2.837500	5.203200	4.063100	3.994800	2.390200	4.390900	3.375600	3.189100	4.085000
293	0.235000	0.185800	0.582000	0.772400	0.567000	-0.819600	0.097600	0.775500	0.000000	0.742700	0.442500	0.282600	0.395900	-0.066700	-0.258300	-0.262600	0.670700	0.162500	0.436100	0.031900
294	0.475000	0.433200	-0.561500	1.762100	1.559400	0.332000	-0.108000	1.811000	0.435600	1.193700	-1.042100	-0.099700	0.648100	-0.063100	1.192600	0.000000	0.479600	-0.348100	-0.551500	0.262900
295	0.967400	1.153400	0.516800	0.549100	0.300000	5.118700	-0.037000	0.000000	0.303700	0.602200	0.320700	0.261400	0.853400	0.159800	0.589600	0.362500	0.877400	0.663100	0.562200	0.376200
296	3.077500	2.482500	1.142900	2.827100	2.337100	1.040200	2.091800	3.017600	2.960300	2.903500	0.747600	1.780100	3.320800	2.707400	3.883800	2.840200	1.074700	0.000000	-0.472300	2.430300
297	1.763800	1.120500	0.758100	1.163100	0.891200	-0.338400	1.084400	1.361500	1.490100	1.548600	0.679900	0.807700	0.000000	0.545400	0.410900	0.891500	0.872100	0.378100	-0.047000	1.400000
298	1.626100	0.635700	-0.190600	0.389500	-0.151400	0.776000	0.497700	0.942800	1.351000	1.298400	-0.033100	0.168800	0.000000	0.086400	0.755400	0.990100	0.761800	0.352800	0.554000	0.957300
299	1.984300	0.000000	3.476300	1.760400	3.194700	3.165700	4.885200	1.329200	1.267600	1.673100	1.105600	3.635600	5.784600	4.484400	6.020600	5.356400	18.784000	20.214000	18.787700	45.208950
300	1.706300	0.000000	3.095800	3.942800	0.453500	7.012600	1.627100	1.968700	1.174500	0.483700	-0.918900	1.245900	1.077600	3.178200	6.001000	3.780700	9.105600	10.663800	11.474400	17.504800
301	0.756000	0.000000	-0.427300	0.458500	-0.011000	1.670500	-0.567600	0.383900	0.141700	0.447400	-0.736500	-0.789900	0.292100	-0.341400	0.807900	-0.044800	-0.513200	-0.204300	-0.247900	0.148200
302	3.893800	2.750400	1.707800	3.078600	2.846300	6.553400	2.761300	2.778100	3.696000	3.061000	0.335700	2.355400	2.922400	2.691600	3.660100	3.127500	1.755400	0.000000	0.322700	2.839600
303	4.228000	2.489200	0.219800	0.849000	0.000000	4.024200	8.303600	1.868300	3.002300	2.395300	0.619400	3.959100	2.456700	1.807200	2.519200	1.134400	17.463700	10.857800	8.454600	15.919700
304	1.837400	0.519400	-0.896100	1.841500	1.625600	6.067200	-0.223000	1.436500	1.661000	1.258300	-0.410100	-0.458700	1.566600	0.000000	2.385900	1.575200	4.582100	3.631200	3.894300	3.256100
305	0.073500	-0.614600	-0.889800	-0.326500	-0.933500	1.934500	-1.383200	-0.236200	-0.593200	0.000000	-1.112400	-0.925400	-0.227300	-0.797700	0.689400	-0.601800	-0.746100	-0.879800	-0.931700	-0.857100
306	2.009900	0.603000	-0.400300	-0.406800	-0.812100	3.032100	0.248000	0.628500	0.971600	0.948600	-0.787400	-0.258300	1.645000	0.000000	2.588600	0.231500	1.279200	-0.088600	-0.621500	0.295900
307	6.154600	4.402600	0.673300	2.429300	1.759500	6.793300	6.992300	3.321700	5.161900	4.513000	0.727000	3.433200	5.894500	4.815700	6.917700	4.205800	9.968900	2.371800	0.000000	2.535500
308	1.976400	0.925600	-0.722800	0.674000	-0.311400	5.079600	-0.854100	1.114900	1.669900	1.285000	-0.256600	-0.433700	0.000000	0.092600	1.472100	0.320200	0.504500	0.008200	-0.376800	1.426100
309	-0.800900	-0.818000	-0.869200	0.119800	-0.189900	4.654800	-2.796800	0.083800	-0.959900	-0.706000	-0.825900	-2.309900	-0.321600	-0.771300	0.000000	-0.722200	-0.830900	-0.639400	-0.690600	-0.969000
310	2.662900	1.336200	0.000000	3.126200	4.292200	2.864900	-0.566800	0.892600	1.515900	1.296500	0.371400	0.537600	3.025300	1.076500	4.207500	2.051000	2.041700	0.573900	0.296000	0.953600
311	2.991400	1.740700	-0.093400	0.582200	1.771000	5.432700	3.113200	0.649900	2.862500	1.134000	-1.018000	2.009400	1.822500	1.927400	1.738600	0.000000	14.700600	3.507500	4.979300	26.447900
312	1.648800	1.287200	0.969400	1.564300	0.948400	3.105700	0.232200	1.744200	1.339300	1.182500	0.816900	0.000000	1.613500	1.187600	1.708900	1.479600	1.806200	0.690300	0.612200	2.106900
313	2.314700	1.235400	0.668000	0.973900	0.249500	4.551600	0.000000	2.556000	2.037800	0.921600	-0.072900	0.406700	1.433300	1.083700	1.801600	1.445700	0.902600	0.947500	0.781500	0.345100
314	1.984700	1.775400	1.455000	2.149200	1.612600	0.082400	0.256900	2.159900	2.147300	2.004600	1.182300	0.000000	2.323800	1.660800	2.580100	2.202000	0.870200	1.608700	0.896400	1.591100
315	0.156500	-0.074900	-0.444900	0.009900	-0.298900	-0.409200	-0.036900	0.129100	0.187000	0.077100	-0.625700	-0.110200	-0.755000	-0.463700	0.000000	0.150200	-0.238300	-0.520300	-0.689600	0.177300
316	0.299600	0.079900	-0.313700	0.022900	-0.623600	0.169700	-0.446300	0.000000	-0.440000	0.181200	-0.227700	-0.156200	-0.204500	-0.243500	-0.052400	-0.046900	-0.178100	-0.228800	-0.261200	0.088700
317	1.754600	1.009500	-0.517900	0.233000	-0.448900	6.220600	0.980400	1.028600	1.009200	0.791600	-0.688000	0.000000	2.079000	0.477600	2.140800	1.512700	0.854000	1.467500	1.523300	1.050500
318	1.295100	0.908900	0.406300	1.140200	0.798900	0.721200	0.602200	1.131500	0.691600	0.261300	0.533900	0.340100	0.000000	0.371200	0.981100	1.032400	1.033000	0.541100	0.925600	0.656400
319	4.203700	3.149700	0.267800	0.643700	0.000000	3.987800	3.876900	2.101000	4.047900	2.500000	0.868600	3.433000	4.387700	2.923700	3.291500	2.262700	10.379500	5.065300	2.848500	4.539600
320	3.026800	2.267100	1.367700	1.573800	0.678600	4.312400	1.669200	2.326300	2.824200	2.109600	0.957700	1.339600	2.585000	2.145900	1.504000	1.488900	1.063300	0.000000	0.187100	2.132800
321	0.931000	1.012700	-0.613200	-0.862800	-1.544700	0.078500	1.439900	0.000000	1.183800	0.043900	-1.379900	-0.189200	1.514000	-0.321700	1.883700	0.786300	0.767700	1.146300	0.823300	1.869900
322	1.547000	0.426600	-1.367800	-0.206500	-0.946000	4.539600	-0.559200	1.355600	1.116100	0.366200	-1.761900	-1.263600	0.436900	-0.158600	1.587000	0.926200	-3.082000	-2.041400	-2.616000	0.000000
323	3.622200	2.853800	0.932000	1.965300	0.995900	2.785300	1.163700	2.030400	2.902600	1.950500	0.613800	1.539200	1.594600	1.754000	2.736000	2.617200	1.293500	1.004400	0.000000	2.793700
324	2.529900	0.935700	-2.502800	-0.905600	0.662700	5.368900	9.920100	0.000000	0.822800	0.161500	-1.204600	1.707500	1.765800	0.508400	3.283700	1.954800	27.356400	21.734900	16.485800	20.025800
325	2.152800	0.692300	0.541900	0.280200	1.041300	1.542400	1.263300	1.222600	1.151100	0.000000	-0.168600	0.307500	1.867400	0.431000	0.832300	0.704500	2.428700	3.075200	-0.633200	3.999300
326	0.593100	-0.773700	3.052900	1.596800	2.432900	-0.117800	3.135000	1.787400	0.000000	-0.010100	-0.638800	3.386300	2.949700	3.002800	1.482800	2.258100	8.128100	3.961600	2.675700	3.612100
327	0.238300	-0.465600	-0.361200	-0.734200	-0.154900	-1.344100	0.644300	0.000000	0.365100	-0.562100	-1.559400	-1.342300	-1.685500	-1.243000	-0.365700	-0.053200	-1.724500	-1.493400	-1.768100	-0.218700
328	5.335300	5.077100	3.656600	4.842600	4.259300	11.486900	5.288700	4.185700	4.628100	5.194400	3.964300	4.586800	1.804800	4.336300	0.000000	3.063600	4.453200	3.763000	3.986300	4.116000
329	1.924400	1.132200	0.475500	0.067000	-0.623200	-0.837900	0.383500	0.000000	0.894100	0.619100	-0.543000	-0.019300	0.501700	0.611700	0.684600	0.817800	1.413200	0.750100	0.594500	1.922000
330	0.967200	0.394900	0.011000	0.480700	-0.008700	-0.437600	0.298500	0.047200	0.186500	1.018600	-0.082700	0.000000	-0.346100	0.235100	0.221100	0.884900	0.356400	0.443000	0.471700	0.758300
331	1.525600	0.161800	-0.993500	-0.307900	-0.621000	2.771400	-0.348700	1.045700	1.797900	0.445600	-0.767000	0.497700	0.708900	-0.188700	0.040700	0.000000	1.153200	0.692600	0.274900	0.134400
332	3.715200	1.997100	-1.298900	0.000000	-1.026600	4.659600	4.759200	1.292200	2.513300	2.192500	-0.123000	4.165200	3.138400	2.441300	3.918400	3.306000	12.080200	9.290200	6.698200	4.922700
333	1.977500	0.534900	-0.904000	1.673300	1.275300	10.312200	-0.067900	1.503000	1.242600	1.239300	-0.768800	-0.212800	0.571300	0.000000	1.816200	1.398200	-0.818500	-0.577300	-0.870000	0.121600
334	1.663200	0.834700	0.247000	0.920900	0.005400	3.370400	0.924400	0.731000	1.141400	0.841800	-0.117200	0.405400	0.843400	0.701200	1.243500	1.061000	0.688600	0.263000	0.000000	0.996500
335	2.670800	1.176100	0.485900	0.000000	-0.178500	3.880800	1.016600	0.504500	1.655800	1.449500	0.173700	0.876600	1.127200	0.904400	3.111200	1.648000	3.093700	3.823300	3.298600	2.899300
336	5.843200	4.393500	1.148900	4.028400	2.692900	9.087500	4.946400	3.960800	5.097400	4.232600	0.675100	4.564500	4.517900	3.689400	5.527600	4.250400	3.605900	1.273900	0.000000	3.934900
337	-0.136800	-1.149700	-2.159600	-0.986700	-1.815100	3.429200	-1.342800	-0.568900	-0.756100	-0.722200	-2.549800	-1.661500	-1.136400	-1.371300	0.000000	-0.816500	-1.325900	-1.132900	-1.750600	-1.275300
338	1.052900	0.000000	-0.296400	0.186000	-0.538500	2.874900	-0.765000	0.287200	0.049400	0.659000	-0.634500	-0.396200	0.169800	-0.509700	0.622200	-0.030300	-0.692500	-0.481500	-0.516800	0.020300
339	3.883400	1.810600	-1.297500	0.000000	1.303400	4.298900	6.468400	2.627100	2.545900	2.084800	-1.850900	3.143400	1.874100	2.317500	2.710400	3.168300	10.960900	2.343100	-0.895200	12.922900
340	1.322500	0.013900	-0.134300	-0.396800	1.510600	6.272900	10.568800	0.000000	1.608400	0.569300	0.627100	8.457400	2.931100	0.617000	3.016200	2.340800	13.313800	9.570600	4.688600	6.752800
341	0.001800	-1.084900	-1.706600	-1.037100	-1.639700	0.982600	-0.518100	-1.311500	-1.116800	-0.175100	-1.785800	-1.063200	-0.836400	-0.835100	0.000000	-0.067700	-1.083800	-0.671400	-0.823700	0.206400
342	1.557700	0.430600	-1.027800	0.000000	-0.916700	1.971600	-0.239300	0.738000	0.468200	0.021200	-1.684600	-0.356300	0.235100	0.007300	1.114000	0.283500	0.035600	-0.421100	-0.506400	0.326500
343	4.224200	2.643600	-0.672600	1.334400	0.000000	6.333900	4.895200	3.076300	3.405200	2.756800	-0.427300	2.905800	3.686000	2.657300	4.371500	2.665500	4.852700	3.738400	2.485800	2.727900
344	2.174500	1.424800	-0.070900	0.656300	0.000000	5.626800	0.932500	2.002600	2.005500	1.290900	0.394000	0.354800	1.202100	0.864700	1.701000	1.640600	1.273800	0.830700	0.916700	1.846100
345	0.040600	0.089000	0.208300	0.775800	0.252500	2.588500	-0.061800	-0.231500	0.743400	0.396600	-0.026800	0.000000	0.747500	0.221900	0.571100	0.638700	-0.054100	-0.231100	-0.421300	0.601800
346	-0.342600	-0.285800	-0.595900	0.439800	-0.379800	-0.935500	-0.299200	-0.627000	-0.668100	-0.261800	-1.376200	-0.722600	-0.183800	-0.474600	-0.096600	0.000000	-1.580900	-1.326400	-1.406600	-0.456000