SITE	GLY	ALA	LEU	VAL	ILE	PRO	ARG	THR	SER	CYS	MET	LYS	GLU	GLN	ASP	ASN	TRP	TYR	PHE	HIS
1	-0.080440	-0.021370	0.021840	0.060650	0.108540	-0.047320	-0.047430	0.048890	0.000000	-0.009280	-0.058450	-0.023370	-0.012350	-0.023660	-0.008560	0.076780	0.014570	0.223820	0.150520	0.048620
2	-3.157213	0.103750	0.111180	0.815680	0.678400	3.513230	-0.084810	-1.026320	0.000000	-0.045440	-0.279470	-0.206660	-0.059570	-0.007140	0.038220	0.018180	0.042550	0.033020	0.036120	0.140950
3	5.695210	4.015790	3.349490	3.352140	5.052150	4.679350	3.307210	4.889610	4.215950	0.000000	2.674470	3.304880	3.330880	3.533360	3.756190	3.583980	4.294620	3.312980	3.028400	3.007120
4	-0.004350	-0.167140	-0.596700	-0.257300	-0.750900	-2.832137	-1.050090	0.038360	0.000000	-0.678800	-0.989660	-0.590310	-0.966090	-1.978548	-0.694330	-0.218830	-0.798850	-1.024460	-1.193550	-0.552900
5	-0.017910	0.017530	-0.199690	0.817420	0.627370	-1.073290	-0.193850	0.624820	0.000000	0.251440	-0.133670	-0.274130	-0.106340	0.142900	0.057870	0.237160	0.317200	0.212350	0.210850	0.430200
6	-0.259190	-0.168400	-0.134390	0.073600	0.061370	-0.671690	-0.062970	0.000000	-0.174260	-0.218140	-0.284260	-0.170160	-0.273300	-0.128490	-0.198060	-0.189590	0.073620	-0.407290	-0.490100	0.138440
7	1.391090	0.000000	0.953030	2.084420	2.578850	1.779130	1.603150	1.654080	0.010080	0.094170	2.058550	1.149040	2.763920	3.342340	1.527320	1.512960	5.895350	4.669170	5.091650	3.250390
8	2.972120	2.117990	0.000000	0.566950	0.605890	4.707190	0.768090	1.322730	2.057280	1.444330	-0.245690	1.031200	1.842170	1.047100	3.492980	1.799670	2.467930	5.104320	1.625160	0.744430
9	1.309760	-0.124330	-1.037970	0.168680	-0.281080	1.839800	3.496740	-1.427659	0.000000	0.907420	0.667730	4.342390	3.252210	1.476310	2.983290	1.759740	25.918230	21.047630	17.433530	20.731330
10	3.868280	5.104300	5.924710	7.635990	9.172990	10.987690	5.754460	9.538790	5.856800	0.000000	6.818920	5.586240	6.143010	6.590200	5.032290	5.592500	8.588990	5.897670	5.667400	6.076330
11	1.612700	1.372520	1.454530	3.833320	4.676740	10.179850	1.357540	1.824150	0.000000	1.541620	1.083840	1.376410	1.520390	1.484710	1.861970	1.055350	1.531840	1.223280	1.228420	1.539890
12	0.056800	-0.018750	0.001200	0.258390	0.140150	0.159980	-0.035120	0.193330	0.000660	0.275320	0.151620	-0.011710	-0.019350	-0.004820	-0.075060	0.000000	0.079820	-0.065470	-0.081970	0.154710
13	0.964340	0.578260	0.414940	1.616360	0.840170	4.428730	0.553360	0.396430	0.000000	0.402930	0.637320	0.673790	0.882690	0.885430	0.603220	0.566710	0.473680	0.736300	0.711710	0.890840
14	0.868510	0.000000	-0.387640	0.398050	0.053780	0.807850	0.338860	-0.117770	0.494740	0.443800	-0.643120	-0.073310	0.723480	0.145130	1.700970	1.175820	0.979660	0.776280	0.696250	1.074940
15	1.037820	0.315980	-0.137650	0.168110	-0.247630	1.070260	-0.476590	0.151550	0.723260	0.493790	-0.422580	-0.144770	-0.168540	-0.383320	-0.000780	0.000000	0.372580	0.195410	0.052250	0.306750
16	0.259170	0.263810	0.165100	0.437920	0.429400	-0.636450	0.112000	0.455870	0.000000	0.332520	0.435480	-0.010340	0.032440	0.053000	0.099110	0.304790	0.351570	0.100040	0.126800	0.399920
17	1.785220	1.211190	0.267230	0.795420	0.258820	2.138860	0.580130	0.431940	1.074520	0.943290	0.636930	0.327580	0.387250	0.848550	0.000000	0.277300	0.960170	0.363180	0.167250	0.801820
18	-0.483180	-0.771120	-1.130660	-0.329790	-0.943430	-1.701743	-1.283010	0.000000	-0.477680	-0.127700	-1.215150	-1.391150	-0.931310	-1.207870	0.158980	-0.517110	-1.461370	-1.079130	-1.181760	-0.334710
19	5.119860	4.956280	6.590170	6.039110	6.474810	5.100950	4.077800	5.065290	4.580290	0.000000	5.190310	4.264920	6.117380	5.112810	7.190290	5.120550	6.598900	4.908650	3.451420	5.537320
20	3.517390	2.961430	4.217100	2.142800	2.316440	7.071140	3.432600	3.267910	3.482550	0.000000	2.987420	2.896780	3.248830	4.321020	5.101860	4.725040	3.000550	2.647640	2.381050	1.941770
21	2.129530	0.564160	-2.046933	-0.501370	-0.977720	4.631640	-0.984480	-0.284660	0.000000	-0.298320	-2.102442	0.421970	2.385950	0.726200	2.201120	0.708650	1.973830	2.203910	2.216340	5.519670
22	3.139130	1.912490	-0.113490	1.039250	0.721940	0.000000	1.189670	2.498240	3.234560	2.181280	-0.822170	1.106870	2.763520	1.885790	2.767160	2.146600	4.010040	6.471550	4.163210	3.196730
23	0.868190	0.204830	-0.463220	0.759190	0.378880	1.903360	-0.225290	0.536180	0.859250	0.585160	-0.603810	-0.209250	0.000000	-0.336850	0.508190	0.570310	-0.187380	-0.168960	-0.222230	0.495670
24	3.550420	2.666760	0.780290	3.172250	5.675950	3.440770	2.795270	4.384710	3.765390	2.538430	0.665300	2.155300	4.698710	3.157940	4.547650	2.250790	1.981630	0.000000	-0.349550	1.304070
25	0.000000	2.066740	4.485950	5.894730	8.877080	0.861860	3.211100	7.501550	2.426120	2.899760	2.918960	1.791890	3.757190	3.047260	5.577340	4.855040	6.425800	6.631780	6.262320	11.527580
26	4.696110	3.561840	0.000000	1.419100	1.782120	7.630680	1.648010	2.916490	4.528970	2.863790	0.162030	0.776680	3.334290	2.740180	4.568460	3.596470	7.445920	7.499750	2.379020	20.188480
27	4.409630	2.827320	-1.233298	0.000000	-0.651540	3.882700	2.999070	1.831250	3.447160	1.944890	-1.322327	0.546890	1.649950	0.451340	2.877050	2.978690	5.618840	2.394570	1.536480	2.058640
28	3.905370	2.569230	2.108760	0.000000	0.802560	4.055290	0.303990	1.114100	2.221230	1.280150	0.392370	1.262550	3.346590	0.062420	5.467260	3.464690	15.964800	20.943200	13.320600	9.228400
29	6.060830	4.715390	0.000000	2.198470	2.678170	7.755440	11.339160	3.732380	5.753910	3.657400	0.576710	4.881180	5.600940	3.919790	5.473440	4.411570	16.860460	11.804960	4.673030	2.748440
30	2.266790	0.894000	-1.189394	-1.718310	-1.222003	2.274980	-0.037870	-0.080400	1.414080	0.300520	-1.447158	-0.137850	1.698840	0.678300	2.119240	0.000000	-0.041110	-1.619911	-0.990300	1.137220
31	5.329230	3.971770	-0.023990	1.575270	0.545780	6.497250	3.797700	2.544620	4.031630	2.961300	0.000000	1.627140	4.561260	2.699830	5.778110	3.369830	10.550420	18.789020	11.963920	5.746820
32	1.306110	1.032710	-0.384440	0.416020	0.438910	2.305190	1.162780	0.717980	0.513920	0.875600	-0.904650	-0.350500	0.300010	0.000000	1.740930	1.053000	5.716040	-2.105980	-1.850093	-0.066440
33	7.207990	5.705380	2.370150	4.362860	3.962400	6.678130	3.853190	4.831180	6.000880	4.917000	2.490630	4.995660	6.107060	5.323260	5.895560	4.458730	0.000000	2.277910	2.456950	3.405820
34	1.131760	0.000000	-1.305590	-1.183820	-1.704544	-0.681050	-0.700540	0.328530	0.943650	0.017730	-1.458690	-0.770920	-0.306500	-0.734000	-1.144670	-0.670780	4.777640	2.070510	0.710500	0.993830
35	2.806400	2.270630	2.320810	2.812280	2.712350	0.000000	2.321290	2.790710	2.723600	2.622950	2.093920	2.240050	2.528980	2.651560	2.841200	2.844440	1.764790	2.090310	2.164750	2.529840
36	0.000000	3.035070	3.012740	4.032860	3.785320	6.084320	2.329690	4.104540	3.324690	3.132560	2.540250	2.536350	2.953910	2.549580	3.121380	3.103070	2.986330	2.922960	2.890670	3.261140
37	2.382030	1.046690	-0.301730	1.570880	0.995370	3.853230	-0.915310	1.209100	1.795850	1.039950	-0.010100	-0.352300	1.373020	1.042670	2.348190	0.708350	0.623340	0.000000	0.099780	1.425420
38	0.000000	5.080910	13.746360	10.771260	13.736160	12.498360	29.415460	10.001760	6.497430	7.917420	10.451760	18.733860	13.973960	14.131960	15.132060	12.968760	34.327060	35.680860	32.928960	30.831860
39	2.928060	2.305050	1.823890	2.825010	2.387490	0.000000	0.981980	3.507320	2.791600	2.654550	1.782180	1.623380	1.500430	2.164600	1.914100	2.533400	2.037650	1.825650	1.776110	2.592150
40	0.301140	-0.028230	-0.321380	0.424960	0.132910	-1.747992	0.041450	0.397580	0.387570	0.455480	-0.582720	-0.195580	-0.517290	-0.251030	0.000000	0.506810	-0.530980	-0.132720	-0.327520	0.879900
41	0.257440	0.031440	-0.025920	0.603930	0.384030	1.173040	0.206350	0.929510	0.373500	0.037980	0.185710	-0.312030	-0.076750	-0.024040	0.548910	0.000000	0.184020	-0.252590	-0.263680	0.244390
42	0.451560	0.000000	1.243640	1.884260	1.084280	5.761420	1.919820	0.689240	-0.517370	-0.155310	0.423680	0.791980	-0.590460	0.696450	0.533450	-0.715120	2.180690	1.695890	1.405470	2.050670
43	6.611930	4.987800	1.203660	3.049210	2.383020	3.019850	5.218760	5.164620	6.050870	4.716780	0.898470	4.218760	2.467070	4.447860	5.124990	5.366970	4.360650	2.027600	0.000000	3.935040
44	0.930330	0.025230	-3.360700	-2.283720	-3.005946	-0.348110	4.932120	0.000000	0.045110	-0.658840	-3.303230	-0.161780	-1.107900	0.573090	0.816530	0.610170	4.951650	0.042040	3.661020	6.941300
45	5.863710	4.281560	0.000000	3.039540	2.110230	6.052370	7.370630	4.184760	5.763810	3.466900	0.037720	4.696150	5.557620	4.348230	5.934780	4.634380	21.770370	5.396780	2.917910	4.979030
46	1.653920	0.559940	-0.850310	-0.055910	-0.241290	3.589100	-1.857477	0.600800	1.248860	1.039940	-0.199240	-0.627070	0.780280	0.817100	1.859290	0.457480	0.002100	-0.564520	-0.779190	0.000000
47	0.000000	6.270260	19.345860	15.134560	17.650360	14.258460	24.500160	13.946460	5.968100	8.750660	15.795260	18.312360	17.956660	18.072660	12.746660	12.194260	51.382160	43.311360	33.697160	53.302760
48	5.847700	4.027570	0.000000	2.040820	2.073830	2.900580	3.098520	3.906390	4.712540	3.237340	-0.055430	2.316880	3.771530	2.851690	4.620340	3.537720	8.152870	6.842330	2.740290	5.642130
49	3.197350	2.112050	0.468470	0.975450	-0.548430	3.636570	1.230520	1.977010	1.665370	1.799100	-0.100370	1.894170	2.210880	2.008390	3.320320	2.430930	0.000000	0.882680	0.262970	1.660960
50	4.023810	2.626180	1.233320	1.737880	3.874570	0.000000	3.246940	3.627470	3.395160	2.582870	0.428120	4.003270	4.296210	2.671610	5.186210	3.666970	3.475540	2.617150	3.328180	4.495720
51	-0.588150	-1.424491	-5.124540	-2.316943	-2.287424	1.726450	-2.857537	-2.809256	-1.656144	-2.029672	-4.536310	-4.609130	-2.456924	-3.191091	0.000000	-1.789885	2.314700	-2.604942	-3.456960	-2.032060
52	0.818830	0.298610	-0.774420	0.744190	0.634970	0.793820	0.119200	0.792860	0.841440	0.664600	-0.604120	0.000000	0.518890	0.516330	0.472550	0.639660	0.233090	-0.200340	-0.440710	0.776740
53	4.080380	4.185520	4.142970	5.458670	5.205660	1.758690	4.105270	5.246950	4.526530	0.000000	4.092440	4.070310	3.924950	4.160010	4.417150	4.474040	4.490910	4.241980	4.191460	4.807810
54	0.199110	0.191650	-0.006580	0.294400	0.140970	-0.728580	-0.059000	0.236080	0.000000	-0.156420	-0.300640	-0.188690	0.030180	0.068180	0.093930	0.113270	0.377590	0.228980	0.200920	0.398800
55	0.000000	3.016730	4.014900	4.491590	5.205370	7.971710	3.033930	5.086900	3.857480	2.514170	2.865050	2.834010	3.814910	3.328220	4.020630	2.900930	4.571210	3.853020	4.118350	4.224150
56	0.650400	0.000000	0.198500	0.644490	0.467370	1.872000	0.345500	0.211020	0.025310	0.602000	0.415400	0.344920	-0.284590	0.274020	-0.579350	0.211650	0.546540	-0.192340	-0.313380	0.311480
57	0.328680	0.248490	0.206580	0.881380	0.701960	-0.544550	-0.449970	0.266870	-0.343610	-0.066930	-0.300660	-0.325550	0.089950	-0.014480	0.523770	-0.120280	0.099590	0.000000	0.151730	0.222700
58	1.169280	0.000000	2.753660	1.894140	1.590220	-2.184102	30.933580	2.803790	1.501530	-0.073640	0.093280	1.599270	2.239640	2.097720	4.265820	1.320220	11.406780	12.503980	7.522520	0.617980
59	2.105470	1.620080	1.534980	2.423220	2.187730	0.000000	1.620370	2.392990	2.223020	1.774240	1.550490	1.478090	1.920820	1.770390	2.008210	1.959710	3.145370	1.446890	1.416810	1.909010
60	-0.076940	-0.101850	-0.123510	0.372580	0.368710	-1.627850	-0.610720	0.238290	0.000000	0.177810	-0.107400	-0.319210	-0.381640	-0.301440	0.017870	0.089320	-0.684900	-0.166110	-0.146870	-0.029360
61	0.000000	0.483020	0.250870	0.517700	0.393170	0.356920	-0.026240	0.462060	0.442010	0.277660	0.282210	0.009130	0.207910	0.142570	-0.079920	0.053040	-0.108860	-0.195250	-0.175230	0.404190
62	0.000000	7.549090	15.503130	18.268630	21.496130	11.182330	15.686730	16.066030	10.128730	10.565230	13.429230	15.497330	18.721230	16.844330	15.492830	17.749730	20.580730	19.393030	18.783830	68.292630
63	4.964990	5.257170	4.567360	6.293640	6.905650	12.508210	4.874520	7.282930	6.093340	0.000000	4.886930	4.806160	6.143020	6.519220	6.166750	5.068040	5.089450	5.406260	5.328720	5.985950
64	1.691760	0.498100	-0.450570	1.905820	2.205170	4.446970	0.337980	-0.790780	-0.918528	-0.293060	-0.014340	-0.429640	1.019800	0.019970	0.000000	0.352640	1.111770	0.112640	0.090410	0.591730
65	-0.043630	-0.228360	-0.169170	0.089590	0.006810	-0.963500	-0.171020	0.003170	0.000000	0.123590	-0.119070	-0.329050	-0.139520	-0.300360	0.014470	0.013300	0.012410	-0.009370	-0.032580	0.146940
66	-0.112830	-0.426540	-0.162760	0.415880	0.347120	-0.257630	-0.481960	-0.627180	-1.170618	0.117830	-0.023720	-0.382840	0.016010	0.405440	0.172740	0.000000	-0.030910	-0.012770	-0.009930	0.142940
67	2.042690	1.811910	1.266800	3.069990	2.863620	2.743520	0.000000	3.269750	2.411670	1.985540	0.971160	0.838870	3.512190	1.744350	3.849450	0.755820	2.352830	1.119090	0.775580	2.195410
68	0.459050	0.000000	0.537060	1.626830	1.289050	3.137910	0.134070	0.291880	-0.010750	0.749470	0.198600	0.009420	0.339210	0.683860	1.666300	1.219760	2.803720	2.137000	1.555880	0.853440
69	1.110600	0.264530	-0.438540	1.488080	1.584580	4.208110	-0.213430	0.797050	0.000000	-0.148830	-0.588890	0.150430	0.721500	0.558230	-0.174270	0.111010	0.318150	-0.329230	-0.311800	0.901790
70	0.119340	0.078510	-0.582500	0.025880	-0.312290	0.593670	-0.406190	0.022020	0.000000	0.105430	-0.623450	-0.447880	-0.171490	-0.274960	-0.482250	-0.330070	-0.971700	-0.552910	-0.591410	-0.149240
71	-0.382250	-0.039650	0.198750	0.051880	-0.006570	0.910630	-0.242890	-0.390010	0.000000	-0.318540	-0.637920	-0.399150	-0.300470	-0.136110	-1.926520	-0.703960	0.056710	0.089080	-0.208750	0.257630
72	4.776950	3.016410	0.435840	1.339970	0.000000	2.700790	7.147560	3.703790	5.058280	2.899720	0.270910	5.423100	3.156700	2.799030	3.761940	3.765760	24.872480	10.583580	6.734650	9.860980
73	1.320980	0.000000	0.966230	1.349910	1.069120	3.040010	1.122740	0.707300	0.518640	1.002740	-0.046200	0.573820	-0.488060	0.299790	0.160720	1.682840	1.979720	1.277540	1.078580	2.889500
74	0.603150	0.114710	-0.614290	0.077750	-0.348100	-1.297610	-0.108220	0.351570	0.000000	-0.234220	-0.475000	-0.661760	-1.264170	-0.250860	-0.646150	0.176270	-0.416490	-0.064630	-0.202050	0.263420
75	1.952800	0.627590	-0.863140	0.000000	-0.769630	1.978010	0.769830	0.278020	0.825060	0.876160	-0.581460	0.353410	0.203130	0.203010	1.267860	1.478680	0.510070	0.358110	0.138450	1.439130
76	5.582670	3.789130	-0.278040	1.279200	0.000000	5.434170	9.166160	3.329250	4.792910	3.488800	0.873800	5.266700	4.622450	3.262170	5.297950	3.028300	15.629860	8.869060	8.582570	6.089090
77	1.537450	0.421880	-0.571910	1.381990	0.567030	6.661290	0.076290	0.636410	0.443300	0.308560	-0.628110	0.000000	-0.090870	0.031150	0.871930	0.229530	0.130090	-0.142730	0.008640	0.318400
78	0.703430	0.423470	0.023500	0.095090	-0.274560	2.197820	-0.333990	0.212610	0.000000	0.123010	-0.554670	-0.748120	0.158290	-0.039260	0.562520	0.227360	0.104950	0.163670	0.081330	0.412870
79	2.054810	1.102520	-0.615860	0.808940	-0.177320	2.893010	-0.860130	1.009470	1.290310	1.311000	-0.085040	0.000000	1.548160	0.660920	2.149590	0.952060	0.470510	-0.220970	-0.284140	0.915950
80	4.865000	4.058560	2.937960	4.603790	3.979150	6.772870	3.317030	4.077820	3.576610	2.888160	1.976910	3.517130	0.564230	2.711500	0.000000	2.831170	3.128980	3.292270	3.234790	3.462550
81	0.048090	-0.335260	-0.706250	0.110570	-0.506660	-2.002096	-0.991940	0.027750	0.000000	0.254250	-1.124990	-1.465390	-0.908440	-0.596510	-0.371200	-0.106650	-0.565090	-0.779070	-0.995580	-0.040690
82	0.116720	-0.315470	-0.184240	0.273780	0.055320	-0.333210	-0.561110	-0.361850	0.000000	0.381950	-0.301280	-0.366960	-0.419650	-0.401070	-0.215520	0.076900	0.024100	0.147790	0.096150	0.431490
83	4.518500	3.567930	0.000000	2.214010	1.760900	5.788620	3.483730	2.673400	3.986800	3.627980	-0.013712	4.288870	5.475970	3.401610	5.287290	4.196010	5.176490	3.541840	2.985630	5.230830
84	4.212280	2.562790	1.030840	3.145460	3.080250	8.280450	3.210210	3.484130	4.058990	3.120380	-0.160630	3.032910	3.381050	3.222460	4.064080	3.566900	0.907690	0.000000	0.126050	2.817570
85	0.982750	0.238050	-0.312050	0.497810	-0.287650	2.772650	0.095900	1.026680	0.403590	0.699080	-0.599800	-0.027720	0.003660	0.083300	0.400950	0.000000	-0.259230	-0.049960	-0.162400	0.358930
86	0.460100	-0.903917	-1.737592	-0.229170	-1.208844	1.643900	-1.153185	-0.830712	0.000000	-0.332920	-1.663677	-1.299640	-1.098469	-1.131000	-0.486510	-0.617020	-1.224766	-1.016652	-1.121105	-0.540750
87	5.336950	4.271540	0.116010	3.716780	2.979010	6.297630	4.975470	4.114240	4.479740	3.857600	0.000000	3.791890	5.175300	4.133520	6.028310	3.607580	13.916820	11.099720	4.458230	4.418910
88	1.466350	1.001780	0.000000	1.223260	0.678000	1.445820	0.569570	0.358330	0.902610	0.752440	-0.049520	0.439240	0.632860	0.184460	1.355980	0.517490	0.893560	0.024990	0.619470	1.206630
89	1.204410	0.299530	-1.212190	-0.050580	-0.360190	1.411070	-0.711610	0.000000	0.027960	-0.546100	-0.816700	-0.917830	-0.740780	-0.802750	0.783340	-0.149350	0.031430	0.271710	-0.399870	0.051210
90	2.041270	1.308750	-0.466280	2.576750	4.640010	4.696170	1.136890	4.636830	2.404730	1.634990	-0.120340	1.209950	1.499290	1.018270	1.905730	1.491510	0.868090	0.000000	-0.033590	1.090930
91	5.926530	5.776100	2.770680	4.701740	4.702030	9.857970	6.193630	6.673410	7.184300	5.020800	3.365130	4.715530	6.941770	6.182310	8.232990	7.643760	0.000000	9.732870	7.018340	5.639010
92	3.111280	2.583070	1.838270	3.322210	2.802240	0.000000	1.938470	3.135800	2.800850	2.719190	2.244200	2.524950	2.675080	2.837250	3.834280	3.704350	2.804740	5.150440	3.462020	3.860340
93	0.906980	-0.354830	1.039310	1.356710	2.771780	-0.342620	1.387540	2.610050	0.000000	-0.712380	-0.533780	1.221970	1.231160	1.430010	1.116800	0.006670	8.340670	-0.024510	-0.572250	1.068510
94	0.459390	0.116910	-0.667970	0.510540	-0.347960	-1.801004	-0.468940	0.857020	0.781690	0.106450	0.033320	-0.405000	-0.013570	0.174300	-1.052870	0.000000	0.615590	-0.394250	-0.738870	1.118340
95	-0.098880	-0.093340	-0.574030	0.226690	-0.458970	4.380610	-0.255450	0.011660	-0.128730	-0.258610	-0.989940	-0.244070	-0.506180	0.000000	-0.200750	-0.092980	0.007550	0.141350	0.152240	0.123240
96	0.000000	1.502950	1.610100	2.848820	4.084830	4.969120	1.387700	2.264830	1.581910	1.307950	1.703890	0.820850	0.395010	0.941530	0.051540	0.814770	3.285300	0.777180	0.555620	1.333030
97	1.414080	1.896540	1.382780	2.498620	2.075490	3.995960	1.804370	2.102240	0.952930	1.455560	0.845720	1.009320	-0.270890	1.257250	-2.850066	0.000000	1.575000	1.874490	1.090560	1.484920
98	1.290780	0.061530	-1.010130	-0.296940	-0.999290	-1.060450	0.148990	0.661240	1.450260	0.607820	-1.012930	-0.401020	-1.389880	-0.209230	-0.829650	0.000000	0.189780	-0.497740	-0.861240	0.089570
99	1.119770	0.317320	-0.251660	0.904170	0.416910	-1.047740	0.878330	0.852760	0.332510	0.670510	-0.211970	0.571920	-1.675070	-0.115670	-1.330054	0.000000	3.200850	1.363870	1.787090	4.549220
100	0.521800	-0.241090	-0.439590	0.000000	-0.519220	-0.631820	-0.030770	-0.016880	-0.166240	0.394250	-0.737700	-0.225930	-0.999270	-0.493650	-0.300650	-0.019260	-0.698800	-0.225320	-0.256930	0.249850
101	3.157640	2.599330	1.345400	3.722610	3.488400	6.619510	3.261520	2.018830	2.782510	2.744460	1.572450	2.886100	2.606300	2.460130	2.151540	2.486500	1.936620	1.237370	0.000000	2.511430
102	6.899190	5.325150	2.340980	3.228250	2.606050	6.717700	7.175180	4.692290	6.392240	5.426250	2.523710	5.215520	5.523020	5.020590	6.434060	6.186790	0.000000	4.180720	4.213140	3.651480
103	0.822000	-0.608700	-0.203940	1.303720	0.934950	3.118880	1.446900	0.327160	0.000000	0.410580	-0.040970	1.065620	1.216830	1.388280	3.422180	1.132100	6.845890	4.132320	3.599810	37.832020
104	0.982760	0.077180	-0.203260	0.421400	-0.208020	3.951440	-0.251940	0.683410	0.525550	0.991770	-0.341120	-0.655640	0.155550	-0.522160	0.649510	-0.090190	-0.225500	-0.177370	-0.222790	0.000000
105	2.344690	0.982000	-1.482547	-0.428330	-1.298848	2.522980	1.482380	0.340580	1.388500	1.091780	-1.234392	1.023810	0.000000	0.438480	1.579640	1.923890	6.331120	12.071280	8.103480	2.923730
106	6.016480	4.770740	1.876960	5.053130	4.578780	11.772420	6.018490	5.446710	5.635560	4.381220	1.938700	5.309650	5.823820	4.754260	6.036930	5.255710	0.000000	1.638190	1.445130	4.425950
107	0.454170	-0.529300	0.036250	0.300710	0.641920	4.035180	-0.268420	0.189640	0.000000	-0.121930	-1.248570	-0.708220	-0.166780	-0.154780	1.858240	1.418710	1.072630	0.126720	-0.261410	0.964360
108	1.917310	0.951800	-0.213570	0.508300	0.380990	4.404410	-0.898720	1.577830	1.184500	1.189090	0.334560	0.000000	1.466810	1.643360	2.333000	1.691340	0.846090	0.606270	0.374100	1.640500
109	1.545550	0.826130	-1.118920	0.767060	1.612040	1.180270	-1.038340	1.524580	1.821020	1.026560	-1.276600	-0.254510	1.925850	0.336260	2.735470	0.900580	-2.210362	-2.679342	-3.277028	0.000000
110	0.000000	5.135770	26.391540	18.157740	24.927940	15.504440	27.012540	17.070940	8.573040	9.624840	18.935640	26.826940	28.772540	28.865540	21.456740	21.729340	57.759840	35.436640	47.656040	47.258040
111	2.478660	1.102560	2.240660	1.815760	5.185660	1.129760	11.972670	0.000000	1.168880	1.242610	4.736560	7.399500	8.441370	6.261630	4.880820	1.882170	35.031070	34.619470	25.520970	18.375970
112	5.094630	3.735980	4.693920	4.122080	4.747690	5.761100	6.651860	4.057780	5.076440	0.000000	6.838360	7.999500	9.638100	6.989930	8.981200	7.729300	32.618700	20.389800	14.338500	19.823400
113	2.645050	1.835610	-1.350921	0.000000	-1.092309	4.165390	1.568120	0.500000	1.877760	1.048020	-1.724188	0.523000	0.669500	0.756320	1.536410	1.026980	0.406010	-1.010707	-1.483572	0.584190
114	0.930940	0.311320	0.246800	2.829390	2.740150	-0.057990	0.195420	0.292950	0.000000	1.119040	0.341470	0.040370	1.639180	0.710530	2.019820	1.603540	0.553800	-0.496060	-0.710670	0.973070
115	2.515860	1.344650	0.255950	0.158730	-0.624580	0.258730	2.393080	0.000000	0.539130	0.738360	-0.331290	0.900340	2.271660	1.495320	3.301750	2.265840	10.534890	7.192170	6.554500	19.977190
116	4.031540	3.230420	0.564240	1.812040	0.677150	5.015150	1.642870	3.042530	3.311740	3.035360	0.184600	2.034810	4.817040	3.302390	5.022800	2.807640	1.237700	0.000000	-0.741320	2.713850
117	0.392130	-0.588680	-1.085924	-0.472100	-0.735390	5.177950	-0.908000	-0.422650	-0.126040	-0.023490	-1.268468	-1.070310	-0.133780	-0.872220	0.000000	0.171610	-1.118822	-2.222274	-1.450427	-0.302360
118	3.200180	2.286680	2.003190	2.493270	2.367130	0.000000	2.066080	2.961000	2.523810	2.966210	1.769350	1.984700	2.739060	2.425780	3.991640	3.056070	2.722410	2.570400	2.254520	3.466220
119	-0.050420	-0.298750	-0.185140	-0.080540	-0.635890	-0.732510	-1.356060	0.378860	-0.753210	-0.188990	-0.652510	-1.096730	0.016640	-1.161640	0.000000	-0.836550	0.068460	-0.212030	-0.263840	-0.444540
120	5.649280	4.607270	6.696550	6.289320	7.961650	4.483390	7.481310	6.014790	5.148030	0.000000	5.599560	8.355150	9.518450	8.434250	8.750750	7.061670	9.037450	8.764250	7.859950	19.362850
121	4.203740	3.693500	2.259490	3.278850	2.403320	3.283070	3.357210	4.368880	3.181920	3.277280	1.838010	3.487610	4.734420	2.361430	4.860510	3.628030	3.423010	0.000000	0.672850	3.245180
122	0.264510	0.321750	0.360390	0.664310	0.576240	-0.389100	-0.174150	0.602030	0.270030	0.304280	0.390030	-0.061900	-0.449690	-0.163500	0.000000	0.329470	0.523680	0.465980	0.466570	0.542630
123	0.032030	0.195840	0.321100	2.086130	1.223350	2.130300	-0.709220	1.875920	-0.494200	-0.322270	1.707490	1.019770	0.554860	1.108680	0.260090	0.000000	0.154140	0.056050	0.043310	-0.078960
124	3.100110	2.517110	1.287440	2.595970	1.796570	1.989990	1.316180	3.617650	2.902150	2.331000	1.408210	2.350510	3.539500	2.586440	3.562270	2.877610	2.551200	0.000000	0.369270	2.467680
125	-0.000130	-0.318980	-0.764500	-0.471680	-0.810910	1.662230	-0.966600	-0.612540	-0.229450	-0.312980	-0.640750	-0.793580	0.000000	-0.474790	0.256880	-0.088750	-0.650220	-0.873070	-0.938960	-0.125460
126	0.405460	0.126790	0.070230	0.393260	0.664330	-1.414123	-0.461540	0.340650	0.451880	0.068050	-0.367530	-0.094190	0.000000	0.047090	0.319720	0.201060	0.725120	-0.475890	-0.505270	0.191260
127	0.000000	3.533150	3.408100	5.273570	4.879740	5.938050	4.157760	5.624720	4.946290	3.999390	3.950540	5.207770	6.272630	4.824620	4.763770	3.818330	4.787390	4.388910	4.062740	5.956950
128	0.810390	-0.312080	-0.863700	0.612860	0.611510	5.537080	-0.242860	0.509820	0.026400	0.198670	-0.721730	-0.525750	0.000000	-0.435090	0.104080	0.153470	0.769010	-0.361580	-0.544320	0.707940
129	3.315760	2.018300	1.208490	3.585190	2.591820	2.504260	4.577240	2.694320	3.353690	2.077800	0.463190	4.275240	1.061040	3.062870	0.000000	2.981510	11.429580	2.295130	4.155190	5.002020
130	4.143450	2.806990	0.196980	0.762790	0.000000	4.381730	2.027890	2.494840	3.288080	2.441290	-0.424230	2.476540	4.226220	2.972830	4.523820	3.443700	6.054040	5.124150	5.039280	5.884880
131	2.508840	1.435350	-0.555736	0.000000	-1.095658	3.274690	0.844770	0.776250	1.706390	1.393350	-1.318581	0.814930	2.620840	1.543980	3.331130	1.367370	0.597750	0.915350	0.185470	1.517640
132	2.366970	1.115890	0.388550	3.611560	2.838700	4.232010	1.141060	2.668010	2.142700	1.748490	0.815610	0.872490	0.284250	0.992190	0.000000	1.019520	0.760490	0.813700	0.733210	1.170540
133	5.607050	3.874860	1.747110	4.028520	4.237600	7.096930	2.610120	4.813120	4.749610	4.461990	1.518840	3.153900	5.136540	3.269810	5.625540	3.997930	0.121760	0.000000	0.567330	2.885400
134	6.058190	4.042450	0.846270	3.030360	2.456810	6.441200	4.885880	4.761300	5.648670	4.165820	0.774090	3.128990	4.960470	3.137580	5.657340	3.553770	4.703760	1.859600	0.000000	2.029530
135	0.902340	-0.192390	-1.311834	-0.046090	-0.789589	3.009070	-0.470550	0.603350	0.039890	0.188230	-1.369312	-1.221910	0.365490	0.000000	1.145590	0.547610	-0.836182	-1.397285	-1.099445	1.268280
136	0.389330	0.792050	-1.484568	0.297840	0.207640	3.064250	0.131640	-0.133450	1.016290	1.005460	-0.871048	0.000000	1.514580	-0.329580	2.000040	1.645220	5.118000	2.559090	2.104960	0.872320
137	2.083910	0.000000	2.683080	-1.198336	-0.401427	2.304600	12.153070	0.675410	1.982570	0.310560	2.447870	10.561370	6.585260	4.552710	5.223530	4.724430	39.379370	25.896770	15.981570	21.539170
138	4.174500	2.803020	0.208830	1.755090	0.700550	5.695230	3.388300	1.996290	3.194170	2.655760	0.000000	2.518610	2.246720	1.253550	4.339040	2.534880	2.478750	2.496030	2.083400	3.611430
139	1.078060	-0.060420	-0.530620	0.115910	-0.662370	2.898730	0.048300	0.708440	0.210810	0.443820	-1.000600	-0.293590	-0.055410	-0.273890	0.000000	0.414890	-0.813090	-0.671680	-0.751690	0.475220
140	5.331200	3.546560	0.000000	2.569300	1.152670	5.414070	3.796080	2.982410	4.413700	3.654110	-0.702980	2.483430	3.914570	1.458780	4.688690	3.223980	2.437630	1.637850	1.360120	9.302930
141	1.985750	0.437600	-1.991908	0.380000	-0.605430	5.970660	0.000000	2.374010	0.862400	0.608650	-2.107416	-0.528160	1.783730	0.371910	2.602020	0.860210	6.993570	2.213230	1.844940	3.123600
142	-0.183460	-0.772390	-1.143900	-0.576840	-1.114860	2.882250	-0.769840	-0.121430	0.000000	-0.151710	-1.113160	-1.065470	-0.829350	-0.940540	-0.456880	-0.473870	-0.555290	-1.275731	-2.110510	-0.114200
143	1.500400	0.448620	-0.274500	0.647700	-0.024290	4.184720	-0.006500	0.486680	0.750050	1.021950	-0.393340	-0.036390	0.520560	0.000000	1.161080	0.552910	0.221500	0.280280	0.201590	0.368890
144	3.987530	3.050150	0.815670	3.444440	1.907800	5.431840	2.366990	4.406530	4.249790	2.859660	0.111390	1.649490	3.685060	2.678900	4.273570	1.984990	0.274840	0.000000	-0.673340	0.855320
145	1.565460	1.614960	0.675400	2.584140	1.700370	0.747090	1.230990	0.926060	0.965970	1.005200	0.378340	0.846550	-0.537430	1.328850	-2.705110	0.000000	0.483350	0.902400	0.812140	1.602470
146	4.465110	2.512850	0.430990	0.000000	0.699390	0.917750	8.378120	1.999390	2.938910	2.334110	-0.212790	5.737300	3.920310	2.805670	3.118140	3.694810	17.232170	6.718250	6.994810	12.977070
147	1.899930	0.504030	0.930790	1.138640	1.440170	0.881890	1.563870	2.556280	1.271470	1.258820	-0.395490	0.466200	1.498420	0.875870	0.920470	1.263920	0.345150	0.000000	-0.507340	1.516760
148	1.853770	0.877550	0.431250	0.973310	0.421440	2.258950	0.325440	1.470260	1.109500	1.628320	0.488420	0.000000	0.860710	0.515180	0.894830	1.380030	1.209310	0.843070	0.785410	1.480050
149	1.929960	0.000000	5.829000	4.699380	3.614550	3.099900	16.039040	1.495620	0.946990	3.501010	4.644910	11.566540	8.911740	7.485440	8.670640	9.409440	45.602540	43.953540	35.922240	33.951140
150	6.785280	5.335210	1.720390	4.619960	5.836710	8.152530	3.540570	4.680010	6.340290	5.478020	1.271560	4.166890	5.940050	4.597750	5.869820	5.139000	7.250230	1.094510	0.000000	3.390420
151	0.270900	-0.897770	-1.552550	-1.305110	-1.145650	2.952540	-1.777886	-0.176580	0.000000	-0.635140	-1.596310	-1.988293	-1.566700	-1.281320	0.168940	-1.743269	-0.754170	-0.719450	-0.786520	-0.482800
152	-0.122420	-0.603070	-1.030700	-0.123050	-0.213030	1.448350	-1.041270	0.012850	0.000000	-0.046390	-0.748140	-1.030890	-0.863720	-0.551270	0.305880	-0.050350	-0.754800	-0.742790	-0.863110	-0.085180
153	1.153360	0.545480	-0.250520	0.724200	0.454920	2.550990	-1.170360	0.732400	1.187470	0.451560	-0.395640	-0.362560	1.119320	0.208470	1.513070	0.000000	0.423590	-0.552580	-0.970000	0.019560
154	0.000000	2.643640	2.198150	3.408400	3.977530	5.801790	1.697630	3.824790	2.207740	2.176430	2.360080	1.250840	2.407930	2.150630	2.187000	1.653820	2.671370	2.244230	1.980920	2.094970
155	6.435830	4.203580	0.533080	1.094640	0.000000	8.621550	5.107300	3.114630	4.185140	2.284750	1.806330	2.000210	5.735960	3.349150	6.106830	1.717190	5.968210	2.850110	2.336600	3.347980
156	0.541130	0.273130	-0.905030	-0.400220	-0.654180	0.032280	-0.874830	0.000000	-0.025540	-0.223430	-0.468680	-1.286350	-0.534430	-0.348080	-0.851620	-0.515080	-0.092380	-1.735451	-1.523945	-0.365260
157	3.238170	2.190140	1.836400	3.491220	3.885620	0.000000	1.491310	4.311580	3.368660	2.859550	1.831380	2.567850	1.163090	1.736420	1.452330	2.837620	3.285330	1.858850	1.689350	3.150790
158	0.000000	2.867330	2.728700	4.970810	5.273250	6.805730	1.870490	4.729040	2.724100	2.660300	2.710540	2.051380	3.041220	2.574860	2.606230	2.139270	3.437550	2.770240	2.425200	2.516140
159	0.000000	2.064720	4.978840	6.171000	7.045860	9.094360	2.839240	5.705970	2.858750	2.330910	3.085190	2.936490	3.158000	3.343550	2.135790	1.936220	3.920700	4.091160	3.771580	3.343130
160	0.883130	0.472020	-0.903400	-0.146580	-0.764470	1.581670	-0.577900	0.000000	0.302460	0.060700	-0.820710	-0.788570	0.245670	-0.326920	0.331430	0.028530	-0.840610	-0.555280	-1.024260	-0.026190
161	4.630660	3.419620	0.756360	1.404170	2.235090	5.072620	1.763400	3.751250	4.350530	3.314610	1.970980	1.595910	4.146900	3.285830	5.790500	3.047090	1.247350	0.000000	0.295580	2.332270
162	0.073960	0.195470	-0.017540	0.276990	0.002200	-0.060860	0.624900	0.000000	-0.329430	0.229150	0.349860	0.189540	-0.346490	0.630870	-2.791351	-0.305630	0.339910	0.187030	0.009800	0.014590
163	0.957830	0.000000	1.663740	-0.224770	-0.023750	4.368920	1.345920	1.603230	1.086070	0.684930	-1.364908	1.048030	1.085500	1.152920	-0.031230	1.359970	-0.075550	-0.823010	-1.751245	1.221500
164	0.450770	-0.175920	-0.496910	0.096870	-0.078820	0.516450	-0.452410	0.000000	-0.229000	0.375300	-0.542050	-0.187970	-0.871270	-0.547300	-1.420220	-0.051280	0.044370	0.208910	0.056970	0.189840
165	2.302270	1.212570	0.498090	0.910580	0.697480	2.565820	1.019700	1.360980	1.285650	0.920690	-0.540130	0.805210	0.000000	0.215780	1.433330	1.813620	1.594040	0.329870	0.729720	2.092470
166	5.856830	4.046460	0.075480	3.789940	2.468870	9.135080	4.498960	4.982630	5.509990	4.175200	0.000000	3.966520	4.500170	2.598400	5.490780	3.942760	7.628440	6.487030	1.462400	3.987760
167	0.992500	0.308890	-0.937840	0.158490	-0.798330	3.755520	0.257390	0.205220	0.307590	0.767430	-1.276028	0.124660	0.702420	0.000000	1.651680	0.223410	-0.116360	1.048210	-0.501500	-0.585280
168	0.828990	0.089410	0.093090	0.617730	0.334230	0.968180	-0.337990	0.106470	0.000000	0.873510	-0.191340	-0.363250	0.354310	0.188020	0.793470	0.780470	0.407810	0.277040	0.093620	0.903480
169	1.562850	0.000000	2.663280	3.637180	4.916240	3.231850	2.375090	1.286970	1.265840	1.489470	1.414860	2.925910	6.468630	4.862190	4.597590	3.022500	7.052110	4.138290	4.936020	5.115890
170	5.049350	3.377000	-0.364932	1.131090	0.000000	6.308850	8.099160	2.594330	4.221750	3.551660	-0.398593	4.409540	4.160730	2.610760	4.780870	3.418810	13.253210	6.577620	3.407460	3.751690
171	0.819200	-0.410950	-1.512331	-0.382660	-0.974794	4.947960	-0.460230	0.930520	0.688890	0.301020	-1.430601	-0.536870	0.000000	0.016210	1.070750	-0.401170	-0.142530	-0.072470	-0.537500	0.438570
172	0.808010	0.105460	0.018220	0.233900	0.198630	3.419320	-0.615300	0.316660	0.000000	0.279190	-0.183730	-0.651780	0.592680	-0.017740	1.047170	0.077050	0.102580	0.098980	0.033490	-0.172040
173	3.000840	1.540720	0.797240	1.226370	0.935870	5.810320	1.208670	1.884330	2.301490	1.421910	0.560450	0.918490	2.482580	1.252750	2.809970	1.437660	1.408040	0.000000	0.266170	1.076680
174	5.091870	4.503880	1.035060	3.534000	2.404650	5.635970	3.877800	4.702170	4.843860	4.028080	0.947700	3.620450	4.905170	3.906790	5.673250	4.680380	1.379800	3.769290	0.000000	3.412910
175	0.000000	2.669470	2.633080	5.038100	4.912170	6.528330	2.148100	3.593690	4.083950	4.117240	4.017160	1.056740	3.261430	2.061780	3.454710	2.618470	2.827730	2.501650	2.362770	2.089330
176	0.625190	0.000000	1.860040	1.803830	2.213420	3.445910	-1.347611	1.774330	0.025660	0.258690	0.783250	0.629160	4.200420	2.923890	4.945000	1.349730	5.411870	3.751860	2.365460	9.232690
177	1.056020	0.271360	-0.295420	-0.235400	-0.286540	1.072830	-0.189380	0.092700	1.084820	0.580300	0.031450	0.000000	1.187770	0.418410	2.011940	0.867600	0.424830	-0.160790	-0.397290	0.123700
178	1.272170	0.000000	1.390880	-0.062670	2.512760	0.987930	5.966740	2.603150	1.024260	0.734530	-0.823000	2.183800	6.254060	3.896390	3.916600	3.493880	18.550440	8.943640	5.244480	40.798840
179	1.830670	1.035150	-0.030440	0.892970	0.816260	4.852990	-0.670960	0.753600	1.232410	0.820480	0.018330	0.000000	2.207700	0.540230	3.514220	0.604660	3.066100	4.163430	3.791320	1.098760
180	5.352230	4.302730	0.425640	1.006470	0.000000	7.629190	5.086800	3.101020	4.511100	3.143220	0.565710	3.213500	4.654580	3.639320	5.273240	3.844990	7.925760	5.523760	3.669360	4.067970
181	0.572092	0.093245	-0.592079	-0.553627	-0.919493	3.327183	-0.013758	-0.442278	0.311706	0.014844	-0.390397	-0.380945	0.583461	0.014585	0.000000	0.540891	1.255863	0.620523	0.214530	1.570563
182	5.158970	5.081610	5.748060	4.850560	4.883980	11.849470	4.058710	6.189780	5.233110	0.000000	4.110110	3.918060	6.742170	5.211930	8.024560	8.253120	7.927860	7.872760	6.600890	58.254170
183	1.570290	0.103630	-0.186520	-0.584590	-0.387490	2.146420	-1.262737	-0.484020	0.000000	-0.179650	-0.152670	-0.897343	-0.244130	-0.569600	-0.111240	-0.291410	0.081070	-0.242550	-0.243040	-0.365590
184	-0.438490	-0.124240	0.016610	0.729580	2.345020	2.662220	-0.213410	0.241480	0.000000	-0.176000	0.063730	-0.326910	-0.125000	-0.238120	-0.167080	-0.389880	-0.131540	-0.183950	-0.275070	-0.360770
185	0.000000	2.519980	2.347070	4.329000	5.239280	4.873430	2.446750	4.082390	2.543660	2.582220	2.554200	2.204170	2.584690	2.552900	2.549110	2.058430	2.725910	2.404350	2.413310	2.638570
186	1.126430	0.632400	-0.937420	-0.180700	-0.434890	3.580510	-1.206060	0.000000	0.591690	0.011900	-0.844950	-0.533670	0.959910	-0.271810	2.052240	0.712940	1.136780	0.599620	0.342520	1.229450
187	5.363210	3.414860	0.000000	1.448340	0.231100	7.033150	7.260810	3.712520	4.737230	3.527220	0.150380	6.182910	4.127550	3.295250	5.496230	4.327970	13.080800	10.610600	5.097230	5.851440
188	0.977898	0.675018	-0.349309	0.200548	0.083813	7.366928	-0.283178	1.137338	0.000000	0.593088	-0.499696	-0.033454	0.914788	-0.092723	1.421408	-0.101106	0.157538	-0.497089	-0.651708	-0.395819
189	1.582812	0.370698	-1.000248	0.611142	0.259083	2.983652	-0.413362	0.957922	-1.012708	0.301541	-1.094018	-0.255181	0.154631	0.471684	0.000000	1.339212	-0.321935	-0.764454	-1.031047	0.611833
190	6.565170	4.010730	-0.498223	0.000000	-0.256410	5.143770	7.191570	2.328040	5.019440	2.950170	-0.531650	5.901130	5.014960	4.345410	5.738510	3.506350	14.236310	12.114110	4.342260	6.719910
191	1.585000	0.000000	-0.462530	-0.135180	3.487070	3.741170	1.567340	0.551740	-1.228670	0.110820	-1.176170	-0.281890	2.390730	-1.293420	5.214680	1.980020	8.792230	1.825760	0.501210	2.927310
192	6.184140	4.504120	0.000000	2.047040	1.859950	2.707900	4.958820	4.115720	5.441020	3.772740	0.205810	4.122450	4.620460	2.698890	6.044830	4.687420	6.573530	3.276640	3.426530	3.511140
193	4.479530	3.363020	0.624350	2.301110	2.363580	2.778650	1.097650	4.029830	3.830380	3.005820	0.451840	1.859850	5.323980	3.563700	5.977520	3.904040	2.402940	0.000000	-0.470230	3.300820
194	6.949500	5.467260	1.926630	4.638910	4.769310	8.973430	5.773190	4.885820	6.190740	5.075320	1.058930	3.969460	6.363140	4.445090	7.652980	5.665860	3.570910	-0.184290	0.000000	3.810930
195	3.522130	2.460600	-0.106710	0.493200	0.243940	4.802100	0.824130	1.157700	2.310670	1.874450	0.261420	0.552280	2.448750	1.045250	4.109380	2.209580	0.675680	0.000000	0.198800	1.351400
196	3.892270	2.562880	-0.047230	0.000000	-0.895400	2.756360	2.080470	2.272660	3.331760	1.938820	-0.197170	1.597820	1.820530	1.618480	3.760880	1.923650	4.857240	13.437630	7.508970	34.353930
197	1.953330	0.794160	-0.726270	-0.666120	-0.348420	3.474320	0.000000	0.755430	1.317280	0.526280	-0.859860	-0.547980	0.190220	0.174410	1.754500	0.636930	4.392680	0.144710	1.461910	3.026940
198	0.000000	4.166520	7.745370	8.315170	9.010870	11.046470	6.788940	8.027370	4.889300	5.809960	6.434090	6.707560	7.289170	6.989970	9.166970	8.414370	13.225870	12.366870	11.484770	54.998270
199	2.328000	1.744950	1.988580	2.344460	2.365260	0.740470	0.000000	2.059020	2.161110	2.727660	1.230330	1.485610	2.683470	1.536410	3.529780	2.985440	4.094200	4.276860	4.487300	3.431510
200	-1.486451	-0.853480	-1.494179	0.356700	-0.792960	0.924550	-0.315950	0.078900	-0.687970	-1.419513	-3.145733	-0.262940	-1.859022	-1.469082	0.000000	-2.176679	-0.339450	1.391090	0.305700	-0.038170
201	1.142740	0.311110	-0.435910	-0.157560	-0.661240	2.200210	0.037220	0.000000	0.495490	0.026590	-0.441930	-0.148870	0.122350	-0.033590	0.035730	-0.269100	0.474290	-0.223640	-0.300880	0.191610
202	5.239570	3.814470	1.366200	2.507690	2.453450	3.106050	3.257660	3.957990	4.404820	3.339100	0.219090	3.060900	3.672890	2.452270	4.431170	3.470100	2.062600	0.000000	-0.527980	3.082030
203	1.869210	1.231500	-0.600530	0.000000	-0.692400	5.300100	0.817520	1.007500	1.382980	0.773080	0.432980	0.283640	1.335010	0.661000	1.102440	1.101150	0.727290	-0.583420	0.424770	1.203290
204	3.302800	2.818940	0.635970	1.253480	0.000000	1.240370	1.119290	3.026440	3.437340	1.863660	0.379950	1.579670	1.851690	2.017210	2.104140	2.077670	2.299790	2.006210	1.900980	2.462380
205	1.166580	0.499600	-1.261452	-0.287030	-0.176820	4.359860	-1.427938	0.000000	1.009290	0.039040	-0.149740	0.811260	0.346250	0.755440	-0.276960	0.450730	0.297830	0.027160	-0.152910	0.904300
206	1.165070	0.863830	0.263510	0.745720	0.663060	-0.212460	0.372140	0.772020	0.745950	0.666270	0.442350	0.275780	0.373750	0.099570	0.000000	0.557630	1.089550	0.888640	0.695910	0.342900
207	1.185820	0.000000	3.898800	2.794050	4.903720	6.180060	10.904220	2.245550	1.428050	1.693350	4.948790	10.335020	7.805420	7.575140	6.090680	5.343800	24.916920	21.677820	18.263820	28.141620
208	2.176140	1.912870	0.000000	3.056580	2.537720	2.197980	0.962010	3.440610	2.345260	1.653780	0.021750	1.261110	1.943880	1.419500	1.828120	0.794150	2.487910	0.442890	0.326130	1.034880
209	-0.748940	-0.459840	-0.029590	1.301150	0.096500	2.454260	0.603320	0.990680	0.000000	0.910600	-0.317430	0.244640	0.024710	0.853680	0.760070	0.867370	1.082180	0.363230	0.065370	0.142870
210	-0.608340	-0.830640	-1.229574	0.114820	-0.199530	-1.626687	-0.781140	0.000000	-0.936170	-0.739350	-1.020560	-1.151870	-1.317727	-0.725430	-0.375040	-0.381920	0.041270	-0.496430	-0.184110	0.051990
211	0.000000	7.799500	30.271270	29.216570	36.091370	19.326170	27.029070	27.870670	14.744870	18.290570	22.857570	24.859970	35.531570	30.883270	36.099670	30.898970	51.706070	51.153470	50.935770	82.314470
212	1.542020	1.388560	1.249730	2.722110	2.374870	2.031040	0.516650	1.363200	0.000000	1.581910	1.543470	1.182980	1.500290	1.409870	1.748210	1.466020	1.847640	1.542470	1.514120	1.643110
213	5.769220	4.108360	7.370280	3.155970	3.852340	9.317580	11.275480	4.997890	4.845560	0.000000	2.076880	8.653880	7.499650	6.293690	8.278480	6.697880	21.793480	15.189080	13.916680	32.055980
214	0.646360	0.511300	0.482020	0.439950	0.328130	2.456030	-0.261500	-0.023120	0.000000	0.287430	0.159790	-0.229790	-0.043010	-0.258820	0.478610	0.131790	0.358350	0.358490	0.292710	-0.196450
215	0.000000	3.158150	4.361420	5.715810	5.612530	5.975880	4.048320	5.644430	4.301760	4.221030	4.185730	4.179280	4.234630	4.195200	4.379820	3.146960	4.267480	4.198410	4.039980	4.352270
216	0.762840	0.281440	-0.851870	-0.021980	-0.144080	0.489760	-0.031010	0.086860	0.241160	-0.042710	-0.892480	-0.608590	-0.251590	-0.244510	0.000000	0.011380	-0.925480	-0.832720	-0.907490	0.141540
217	4.374065	2.744445	1.099925	0.000000	0.008781	6.230475	5.911685	2.234515	4.017635	2.055165	2.479195	4.518435	7.028025	6.094515	5.588905	4.124095	28.299035	28.370035	20.046035	24.178735
218	1.723480	0.533190	-0.838470	0.179860	-0.384590	1.676850	0.007060	0.616010	1.293200	0.576770	-0.874490	-0.319360	0.000000	0.005920	0.268550	0.711070	-0.337790	-0.676280	-1.007810	0.773440
219	5.866410	4.597360	0.529070	1.670180	0.365040	6.188540	5.227210	4.038510	5.609210	3.603450	0.580410	4.295030	5.099450	3.911000	5.355720	3.043560	13.729620	0.000000	-0.795650	1.690000
220	3.054040	2.709900	2.764250	3.125390	3.345460	0.000000	2.588480	3.181770	2.491200	3.151330	2.226720	2.551960	3.372350	2.473880	2.830240	2.927990	3.987050	3.165670	3.180490	3.512340
221	-0.497810	-0.569920	-0.998770	-0.087730	-0.310400	-2.271354	-1.655223	0.000000	-0.746560	-0.508870	-1.206520	-1.527780	-0.752460	-0.604370	-0.334050	-1.028540	-1.010470	-1.031930	-1.332180	-0.337170
222	3.579150	3.221910	1.725980	3.215210	2.196200	3.349360	4.273710	3.338300	4.422530	3.345790	1.302030	0.000000	4.713270	3.878370	5.203840	2.184790	5.939570	4.224580	4.580890	5.286100