SITE	GLY	ALA	LEU	VAL	ILE	PRO	ARG	THR	SER	CYS	MET	LYS	GLU	GLN	ASP	ASN	TRP	TYR	PHE	HIS
1	-0.260050	0.000000	0.701990	1.017650	0.775180	1.384540	0.565350	0.082800	-0.099150	0.473220	-0.042560	0.555050	0.483090	0.405560	-0.232330	0.054500	0.511190	0.636610	0.926430	0.803200
2	0.345150	0.287870	-0.011970	0.158020	0.091580	0.512580	-0.356200	-0.237640	0.000000	-0.116930	-0.014550	-0.334730	-0.652420	-0.276510	-0.056220	0.099260	0.093890	-0.047940	-0.104840	-0.132770
3	1.374320	0.090740	0.183430	-0.972440	-1.014470	-1.513130	2.441150	0.000000	-0.154380	0.061680	2.060810	3.381320	1.666660	2.058220	2.102540	0.933380	13.373010	7.830410	4.278770	4.561960
4	1.099070	0.822380	1.147960	1.138900	0.678210	1.754560	0.880120	1.938640	1.042120	0.862200	0.643160	0.878540	0.962410	0.920490	0.000000	0.771570	1.602840	1.389160	1.334730	1.220490
5	3.938350	2.902280	1.592560	4.387020	6.449660	12.972460	2.350080	2.949560	3.918460	2.873540	1.652900	2.136030	3.650830	2.538680	4.889360	3.041000	1.083320	0.000000	0.446680	2.041240
6	3.237210	2.833100	1.541410	1.972790	1.665360	3.672950	2.638210	2.237070	3.010530	2.418600	0.856870	2.496300	1.808140	2.597320	2.600210	2.689250	0.000000	1.437340	0.946800	2.920300
7	2.144290	0.885470	-2.221450	-0.835420	2.392440	5.216190	0.969840	1.216400	2.075040	0.343060	-1.632140	0.480180	-0.222700	0.000000	-0.732660	-0.421460	-1.016140	-0.144150	-1.088530	0.605900
8	2.031090	0.012820	-0.901050	1.934330	0.543240	0.816210	-0.250920	2.521150	0.396530	-0.323910	-0.120770	-0.451910	-0.125400	-0.171260	0.482220	0.000000	1.426830	-0.850700	-1.097950	0.380810
9	2.418860	1.706630	1.299220	1.369060	0.855800	6.590430	0.341480	1.439560	1.901610	1.678910	0.554710	1.307400	1.480170	1.313940	1.712800	2.057630	0.000000	0.926910	0.571790	1.874530
10	0.946900	0.163910	-0.513520	-1.268720	-1.609010	1.163400	-0.198680	0.000000	0.637760	-0.481070	-0.791910	-0.499770	0.684560	0.248940	1.602550	0.960640	0.164830	-0.293300	0.027070	0.838890
11	2.626310	2.237940	1.161930	2.198040	2.304470	5.120530	1.816860	2.174530	2.315890	2.027490	1.030060	1.681220	1.572520	1.420690	0.000000	1.112370	3.405210	3.173590	3.137450	2.984850
12	0.000000	3.513290	3.587650	5.014060	4.792790	7.351770	3.096940	5.063100	3.631530	3.598890	3.426140	3.092780	3.748410	3.241680	3.748650	3.604790	3.575750	3.664790	3.653810	3.845400
13	0.000000	0.650110	0.376190	1.073160	0.838610	3.691760	0.219270	1.247250	1.145630	1.014350	0.665740	-0.065590	1.041990	0.925600	1.726100	0.347260	1.147130	0.657870	0.542550	0.732250
14	0.000000	7.479230	32.928530	27.492730	32.164430	15.450730	22.878730	25.419930	15.048030	16.551030	21.323830	22.028230	25.277930	22.826330	29.053630	27.020330	47.553630	47.919430	46.639330	67.880630
15	0.888360	0.584470	-0.160760	0.291780	0.000000	3.717720	0.173190	0.315200	0.622310	0.515440	-0.471490	-0.135800	0.242160	0.299610	0.621960	0.612520	-0.094200	-0.003070	-0.107450	0.500480
16	4.240290	1.787180	1.446250	0.000000	-0.189800	2.565780	1.365610	1.169340	2.824040	0.466060	0.038580	3.063230	3.601610	3.271800	2.823470	0.319750	2.634930	2.539440	2.383210	4.288240
17	0.894270	0.863990	0.088400	0.800130	-0.001270	2.251520	0.419750	1.010220	1.141060	1.108100	-0.213160	0.065980	0.158130	0.295770	-0.619240	0.000000	0.105190	0.158910	0.104320	0.412180
18	1.276460	0.000000	0.196620	-0.309010	1.025680	0.035760	1.923600	0.971930	0.479400	0.605670	-0.442970	1.240940	2.519580	1.497620	1.393000	1.775130	1.556670	5.433260	3.608630	5.608220
19	0.752240	0.464660	-0.422640	0.000000	-0.787100	4.592340	0.058630	0.355000	0.477490	0.327700	-0.520740	-0.426700	-0.429260	-0.068750	-0.030210	0.210530	0.380430	-0.102230	-0.257380	0.887850
20	1.364360	1.029920	0.719590	1.491230	1.101150	0.083570	0.774560	1.418890	1.823130	2.520660	0.278040	0.445430	0.501470	0.877890	0.354290	0.000000	1.606800	1.591740	1.747210	1.811220
21	0.000000	2.125510	2.483900	4.114250	4.566140	6.550740	1.534080	4.644240	1.416490	2.794450	1.784890	1.673460	1.223530	2.704760	1.266490	1.438120	3.041770	1.596650	1.380030	3.026320
22	0.400320	-0.074390	-0.143170	0.327720	0.147560	-1.038940	-0.034880	0.318910	0.000000	0.287450	0.057850	0.010730	-0.896410	-0.231820	-0.687200	-0.061680	-0.328250	-0.132810	-0.207480	-0.010540
23	0.000000	2.459090	2.237590	2.887280	2.754960	3.193850	2.053150	2.405160	1.980970	2.080460	1.780920	1.559340	2.150980	2.114850	1.632780	2.000670	2.214110	2.217610	1.329120	2.343150
24	0.000000	2.101390	6.350070	5.695370	6.936670	1.679490	5.204670	6.355170	4.445200	3.742760	4.779970	4.856370	4.784070	3.481320	3.113870	2.550830	7.726470	5.202270	8.878670	42.761070
25	1.295600	0.500330	0.176210	0.122850	-0.144240	1.774790	-0.474070	0.045910	0.618970	0.372800	-0.061580	0.088090	-0.179490	0.106650	-0.217630	0.000000	2.019890	3.276050	2.523670	1.328440
26	6.136090	4.884070	2.526500	4.790960	4.135680	7.292190	3.789470	3.772060	5.033990	4.489920	1.916110	3.222770	6.888890	5.629190	6.953390	5.868490	1.385590	0.000000	0.725490	4.383250
27	1.178780	0.404980	-0.470720	0.751550	0.271060	0.720760	0.120460	-0.096400	0.000000	0.569720	-0.580160	-0.257920	0.027430	0.189300	2.987570	2.562720	7.285380	1.782840	5.374280	3.090600
28	5.224600	3.085280	1.690220	0.000000	0.316080	4.896090	7.481230	2.100650	3.567390	2.477420	1.109510	5.322810	6.584730	5.849330	5.168010	4.017400	13.547530	11.229830	6.395330	13.863230
29	1.144840	0.619910	-0.325200	-0.095000	-0.786660	2.848030	-0.452910	0.145860	0.582150	0.358330	-0.504520	-0.737730	0.306140	-0.224410	-0.539710	0.000000	-0.522680	-0.284780	-0.502170	0.451510
30	6.318380	4.990520	3.560120	2.373010	2.244960	6.694380	7.378880	4.200350	5.503390	4.597660	2.427570	5.927980	5.960680	5.204610	6.842680	5.211300	0.000000	2.296810	1.614040	4.693890
31	1.370400	0.561860	-0.246330	0.509330	-0.264560	3.503210	0.008520	0.070210	0.000000	0.453050	-1.122370	0.014070	-0.347360	-0.096560	-0.937770	0.169260	1.962100	0.911890	-0.865570	1.476950
32	0.286880	0.617890	0.530440	1.458820	1.839580	2.695520	0.376360	0.921910	0.591890	0.543420	0.543580	-0.075330	0.133310	0.087140	0.290550	0.000000	1.296180	0.351980	0.269190	0.273750
33	-0.509560	-0.417080	0.962730	-1.935360	-0.559530	1.683440	9.103870	0.000000	-1.439570	-0.718640	0.549400	3.469710	2.967770	3.123160	1.094750	1.315310	25.877770	16.938570	9.752170	11.524970
34	0.000000	3.547040	3.540550	4.253940	5.376940	6.659740	3.865510	3.934970	3.672670	3.780570	3.374420	3.497320	4.321380	3.961920	3.600870	3.403830	3.764310	3.737680	2.880330	3.836200
35	1.314950	0.689950	-1.567430	-0.841100	-1.757400	1.157090	-0.846960	-0.478510	0.046970	0.226620	-1.696980	-0.569330	0.974390	-0.397490	2.270250	0.000000	0.414270	1.273550	-0.504360	1.160550
36	5.925590	5.038600	2.615110	4.797970	4.947590	5.372490	6.079490	4.082810	4.951480	4.683680	1.185960	4.221370	7.047190	5.268070	7.557590	4.990990	2.794520	1.157530	0.000000	3.121300
37	4.060490	2.358730	0.345790	0.000000	-0.362090	4.747100	0.014090	1.394180	2.569220	1.841870	0.687030	0.154650	5.115450	1.407620	4.326400	1.583430	8.592400	4.098800	0.839740	4.633400
38	4.496910	2.532120	1.303580	0.000000	0.882340	7.105790	6.103690	2.339620	3.431640	2.237960	1.802350	7.328690	5.688790	4.378720	4.841960	3.065250	11.467090	3.283910	3.271950	4.841750
39	0.000000	7.747940	21.632340	21.094540	29.369240	13.750040	29.448340	17.234540	12.421740	10.751040	15.956640	24.234440	20.907440	20.725940	19.817440	17.228840	46.866540	35.244940	32.694340	87.939040
40	2.938600	1.915970	-0.491380	0.867620	1.464510	6.261980	0.643600	1.959650	1.965340	1.693600	0.052670	0.000000	4.084480	1.449580	4.415520	1.628710	3.115110	1.278220	2.443850	4.403450
41	0.000000	10.321940	19.380840	27.402440	26.247440	23.085240	31.489640	26.825640	13.939240	15.152940	14.881140	22.520440	23.415340	21.815640	22.137740	21.585640	29.282040	25.646540	21.534440	49.001040
42	3.851220	3.286630	2.991390	1.877140	2.279170	4.787030	3.521170	1.960870	2.728740	3.124000	2.217090	3.208460	4.494320	3.609890	4.377190	2.950580	0.000000	3.185520	2.054780	2.575720
43	0.927240	0.218740	-0.069140	0.399300	0.057320	-1.235020	-0.323960	0.000000	-0.060390	0.636950	-0.562800	0.027330	0.133720	-0.096270	0.500820	0.345980	0.051590	0.194140	-0.082250	0.561600
44	0.896890	0.617270	-0.191580	0.076600	-0.337450	1.706710	-0.730530	0.000000	0.192650	0.174970	0.035650	-0.092750	0.250650	-0.478370	0.338010	0.333280	-0.109960	-0.108340	-0.280410	-0.322030
45	0.000000	0.335070	13.182010	7.150110	10.100110	5.260270	26.378110	5.513270	1.881820	4.039190	7.879510	17.164910	10.810510	11.035710	11.484810	10.867810	33.511810	39.885810	31.091210	29.228910
46	0.834050	-0.146220	-0.942790	-0.337820	-0.858740	4.753410	-0.932790	-0.109060	0.000000	-0.359350	-1.156960	-0.625840	-0.375800	-0.941450	-0.422760	0.418610	-0.939570	-0.584240	-0.953110	0.121880
47	3.286550	2.166550	0.619720	3.349290	3.261840	0.000000	2.134750	4.827740	2.847550	1.622010	0.684700	1.510260	1.134350	1.362770	2.682530	1.873450	4.515090	7.230980	6.942050	6.007670
48	0.597520	0.782860	0.214780	0.835510	0.692850	1.826790	0.206770	0.510460	0.371310	0.709310	-0.003030	0.323610	0.071880	0.643440	0.393970	0.441230	0.015520	0.017870	0.000000	0.703430
49	2.644000	1.552590	-0.395810	0.726990	-0.053930	5.770790	0.000000	1.911930	2.367760	1.666810	-0.543590	0.661240	1.535420	1.532130	2.447350	2.047570	2.478130	0.928230	0.249650	1.726410
50	1.160220	0.670440	-0.723620	-0.288490	-0.732670	1.837590	-0.878400	0.000000	0.898860	0.221950	-0.340090	-0.682420	0.081570	-0.426920	0.402370	0.432860	0.555160	0.098800	0.095790	0.763540
51	5.820770	4.396610	-0.365420	1.373830	0.000000	4.716330	9.604210	3.710100	5.374960	3.248850	1.778920	6.811710	4.930790	4.231260	5.691790	4.420440	17.175010	9.609010	3.806110	4.576650
52	1.234690	0.381490	-1.972580	-0.276740	0.539650	3.003100	-0.857850	0.671390	0.994630	0.155440	-1.951800	-1.207960	-0.997710	-0.312070	0.643690	0.000000	-0.858880	-2.162160	-2.238560	-0.123970
53	6.606310	5.843910	3.001240	6.125010	5.458810	7.968510	4.580670	5.387310	5.482910	5.289010	2.776560	5.299410	7.028210	5.872010	7.746610	6.377910	1.331040	0.000000	1.026020	4.930710
54	1.612000	0.592780	-0.539340	0.251370	0.062430	2.974560	-1.026180	0.285620	0.735880	0.211340	-0.555470	-0.645530	0.228180	0.198800	1.405630	0.000000	0.764610	2.465740	1.289280	1.558180
55	1.354300	0.000000	1.603150	-1.158160	1.432070	-1.788150	7.357060	0.534270	0.962820	0.766280	2.099430	3.454660	4.416090	5.224020	4.967060	4.147210	16.280860	16.152260	13.241560	23.278060
56	0.000000	-0.707160	-1.230970	-0.361520	-0.866770	-0.360410	-0.989500	0.166190	-0.226000	-0.021120	-1.327000	-0.774790	-0.715690	-0.974690	-0.390180	-0.368310	-0.679850	-0.595840	-0.825710	-0.180030
57	1.999350	0.767360	-0.684000	0.000000	-0.441170	3.565740	-0.355960	0.011830	0.561020	0.511430	-0.752240	-0.519970	-0.089620	0.018300	0.600800	0.548420	0.267830	-0.099770	0.150950	0.530120
58	6.742710	4.528830	2.269080	4.400380	3.530980	5.964110	4.095150	3.994570	4.937390	4.049340	1.511020	4.325410	4.784760	4.618780	5.232270	4.715410	0.000000	3.877600	1.492740	4.195670
59	1.358590	0.000000	-0.281740	0.388000	-0.006970	4.355530	-0.480110	0.290040	0.142270	0.133580	-0.313090	-0.448820	-0.107690	0.038150	0.143710	0.190670	-0.264370	-0.026780	-0.253450	0.073880
60	2.621700	1.431390	6.586910	2.964640	3.916560	0.000000	10.246010	2.657480	3.082880	2.197960	5.492910	8.238510	7.205210	7.125110	5.813710	7.099710	29.756810	22.980210	18.876410	29.207110
61	-0.005860	-0.220460	-0.878390	-0.027680	-0.306580	3.100390	-0.404740	-0.495200	-0.442400	-0.181010	-0.675570	-0.676540	-0.441880	-0.561350	-0.147570	0.000000	-0.101780	-0.870640	-1.012180	-0.224810
62	0.000000	2.668330	2.201950	3.990880	3.775540	3.701010	2.353500	3.692460	2.389030	2.813180	2.423600	1.721410	3.018990	2.622010	3.043320	2.595520	2.808550	2.804850	2.259570	2.734570
63	1.741410	1.009980	-1.244930	-0.551740	-1.145340	-0.668510	-1.132460	0.410080	1.492900	0.487010	-1.057530	-0.425680	0.652000	-0.001810	0.257130	0.000000	-0.308710	0.294760	0.209640	1.363520
64	0.000000	-1.107090	5.846740	1.731480	4.182330	5.434440	17.904740	2.574640	-0.892620	0.320970	6.445240	13.422340	7.116340	8.887740	2.863000	3.107570	37.398040	22.067540	16.935640	39.126340
65	4.746400	2.899950	0.048650	1.916570	1.406040	5.802570	1.420280	2.829360	3.983390	2.597280	0.357110	1.528630	4.301820	2.211310	4.981820	3.462770	0.207220	0.000000	-0.428520	2.089290
66	5.446780	4.097560	0.000000	3.641390	2.944430	14.032170	4.018540	4.289490	5.186180	3.261200	-0.160280	1.612120	4.977540	2.088540	4.753360	3.357390	10.535470	7.624870	3.133180	3.309920
67	3.592250	2.508890	3.200250	5.709940	7.232560	6.154360	6.715360	0.000000	1.357340	2.174370	0.981780	5.471880	7.298460	3.933510	6.809360	4.005010	18.630060	11.291260	7.841060	5.995970
68	5.548100	3.572510	0.000000	1.574890	1.700410	4.189260	6.101750	3.543330	5.000220	3.412810	-0.060800	3.781830	3.569380	2.204880	5.217590	4.283280	1.258170	5.024890	2.369840	2.910820
69	5.843140	4.648470	1.632570	2.791580	1.917190	11.349640	1.634820	3.997540	4.825230	3.936600	1.907010	2.551980	5.109700	3.116550	6.651440	4.172200	3.502660	0.000000	1.116010	3.001410
70	0.000000	5.544480	19.350040	18.750340	21.172640	12.658140	32.801140	14.993440	8.624640	8.785440	15.019440	19.414840	19.082740	16.322140	15.276540	15.552640	37.711240	39.719540	32.712740	42.107940
71	6.471900	5.109840	2.921680	3.686430	4.497450	4.959820	3.429790	5.072550	5.388650	4.670030	1.721710	3.061800	6.577100	4.614460	7.161700	4.809960	0.000000	2.556510	0.665520	3.567020
72	2.620520	0.949080	0.155110	-0.962290	1.188230	3.153850	5.046090	0.000000	1.837230	0.601770	3.019820	6.034310	4.244480	4.119020	3.522700	2.174230	7.088210	5.231140	4.509800	5.968510
73	1.431880	1.100220	-1.043900	-0.153440	-0.602390	2.704360	0.000000	0.861610	1.235050	0.587790	-0.844260	-0.536590	-0.067390	0.404660	0.729110	0.532110	0.837050	-0.282310	-0.838700	1.074850
74	-0.902680	-0.075040	-0.469440	0.090760	0.110220	3.247400	-0.866490	0.617750	0.000000	-0.367770	-0.579110	-1.069520	-0.675930	-0.704630	-0.795360	-0.647430	0.215450	-0.380710	-0.544880	-0.268770
75	1.462780	2.574230	2.376540	2.735190	2.800710	0.000000	2.118930	2.834690	2.168810	2.963620	2.725230	2.250150	2.123500	2.433470	1.595940	2.170550	2.749550	1.813740	2.596990	2.790640
76	3.248910	2.596420	0.000000	1.321300	0.774330	1.436990	1.190290	2.147620	3.044070	1.895120	1.188940	2.345210	2.525920	2.660990	3.758010	2.699320	2.313970	2.201500	2.096040	3.048530
77	4.194330	2.728820	0.537660	0.832760	0.000000	9.901680	1.745070	2.264350	3.476170	1.636250	1.568460	2.034680	4.392230	2.552050	4.896480	2.706180	3.097800	3.266940	1.631650	2.882670
78	3.872300	2.521230	0.726240	0.863290	1.721200	1.900060	2.528900	2.191330	3.769750	1.944860	0.563040	1.700790	0.000000	2.855250	2.391680	1.576900	14.418460	25.510260	17.311560	30.884360
79	6.062130	5.230910	2.128590	3.434440	2.609850	6.369370	5.799480	5.305190	5.993160	4.563290	1.444900	5.039540	6.260290	5.052070	6.961400	5.609470	0.803870	0.000000	0.244020	4.261410
80	7.058870	5.556140	2.863890	5.967930	5.817250	9.308620	3.668580	5.757020	5.657760	5.082890	3.093460	3.726590	7.510320	5.209290	8.296320	4.969760	3.343640	0.000000	1.524080	4.355810
81	4.695430	2.490500	0.439650	0.000000	0.266260	4.357680	5.742620	1.741020	3.091970	1.292390	2.613290	7.105010	6.537610	3.846750	3.940970	3.066330	16.794660	14.769260	11.045660	15.077760
82	5.114340	3.356560	-0.430150	0.000000	0.431870	3.984920	13.409160	2.497210	4.529950	2.136870	3.351620	7.272760	5.840560	4.061690	4.930900	3.695740	22.709160	18.689760	14.887760	18.337060
83	6.449540	5.079020	2.520720	3.351080	5.288060	5.963440	10.950840	4.336330	5.540240	4.557630	3.138080	5.274570	0.524650	4.476630	0.000000	3.883330	5.175030	5.317040	4.109480	4.052580
84	1.091900	-0.019710	2.048600	1.327720	1.392020	4.203660	1.527050	-0.065890	0.000000	-0.400430	0.357720	0.521340	2.915050	0.293610	2.395710	1.438370	4.913130	4.652840	5.783220	16.523010
85	3.169540	3.304880	1.425150	2.401950	2.356390	2.460210	4.703730	3.784200	2.732370	2.455840	1.049600	5.241760	4.714420	4.045350	3.821940	3.451300	0.000000	1.752190	1.145490	2.988720
86	0.000000	3.005880	17.704930	10.662230	16.979130	12.369930	12.520830	11.175130	5.471430	7.627830	10.842530	12.755830	11.185730	13.246430	14.182630	13.991930	36.260630	41.756730	37.139730	40.511030
87	-0.392720	-0.554120	-0.363600	-0.127080	-0.130620	-0.619720	-1.084830	0.000000	-0.603860	-0.762200	-0.774680	-1.176530	-0.533700	-0.909720	-0.536730	-0.518970	-0.031890	-0.197990	-0.189600	-0.221970
88	1.198020	0.709640	-0.233660	0.309690	0.061490	2.868570	-0.366780	0.457760	0.762000	0.530560	-0.495590	-0.748780	0.453090	-0.143580	0.437650	0.390280	0.494250	0.000000	-0.213140	0.521200
89	4.164480	3.325970	2.518230	3.097280	2.553380	2.927670	0.000000	3.146610	4.122610	2.814190	1.365560	1.049840	2.775380	2.705710	3.583550	3.496650	4.562350	3.600760	3.946120	4.137960
90	4.933260	3.195620	5.851020	3.079240	2.939180	0.000000	5.038190	3.806590	4.197090	3.408270	4.217570	5.036130	3.392960	3.242880	4.585550	4.147550	6.279740	8.326940	5.781660	29.830540
91	0.533380	0.215460	0.558280	-0.251430	-0.083770	1.876180	-0.247120	0.000000	0.070620	-0.442970	-0.240770	0.062920	-0.448840	-0.423330	0.142080	0.146520	-0.003740	0.318450	-0.489110	0.366060
92	0.000000	3.864950	12.806280	9.727480	13.285680	6.471910	10.324780	9.311280	5.350670	6.389760	10.531480	11.250580	10.526580	9.843080	10.114980	9.825280	19.883280	17.759880	16.971380	35.064180
93	0.269710	0.008280	-0.207170	0.052280	-0.484950	1.626820	-0.974020	0.000000	0.222350	0.002690	-0.261720	-0.292610	0.047260	-0.525240	-0.105610	-0.283530	-0.089750	-0.147600	-0.241710	-0.128460
94	2.209560	1.712870	0.843690	1.602180	0.988500	0.610910	1.198340	1.549140	2.018600	1.737890	0.277830	0.887900	1.152710	1.606680	1.489410	1.711760	0.564920	0.000000	-0.012090	1.333980
95	2.324490	1.823990	-0.533430	0.925520	1.118960	6.932110	-1.136700	2.756020	1.922960	1.260700	0.091640	0.000000	1.237340	0.579720	1.555570	1.218250	-0.153420	-0.593010	-0.160480	0.823170
96	0.000000	3.173670	4.564240	7.216640	7.365040	9.264140	3.259060	5.927940	3.242250	3.553220	3.548320	3.677880	3.194980	3.953670	2.415310	3.110090	4.301600	3.946460	4.242560	3.214680
97	-0.154280	-0.890820	-1.349110	0.177700	-0.754930	0.274040	0.113280	0.000000	-0.721790	-0.566050	0.156820	-0.072820	-0.822660	0.781190	-0.035420	-1.005120	-1.191070	-1.217600	-1.269410	-0.213750
98	2.949180	1.894750	0.721950	0.000000	0.159310	2.788810	1.081590	1.520240	2.449750	1.529820	0.667800	1.461030	2.250050	2.081930	3.350120	2.679200	3.552030	7.802350	6.033450	3.470550
99	1.224270	1.037110	0.435820	0.819090	0.503250	0.564750	-0.062570	0.849080	0.885820	0.679950	0.627700	0.000000	0.427130	0.306350	-0.151230	-0.520810	0.828890	0.333760	0.106640	0.936830
100	1.724730	0.832840	3.611470	3.088530	4.379300	8.226360	6.259360	1.550440	0.000000	2.032540	4.504560	7.259760	6.734960	9.892460	6.788760	0.368060	13.973560	15.761260	13.416060	32.601160
101	3.974490	4.093970	6.370340	6.481640	8.248040	7.650340	5.548830	6.132440	4.468630	3.336210	4.914370	5.308020	4.959180	5.036790	0.000000	1.308260	18.252140	20.931640	16.723640	20.619240
102	0.000000	2.349950	2.314490	4.912270	4.934670	5.781370	2.303830	3.065750	2.376870	2.367420	2.189540	2.385260	2.083350	2.351460	2.113280	2.077330	4.020760	4.069740	4.046930	2.141070
103	0.000000	0.586510	1.188660	3.414230	5.754790	6.808190	4.175620	3.333080	0.601810	2.290050	2.447830	3.835860	4.088920	3.865380	5.450290	4.809390	15.759290	4.496090	3.978480	4.164480
104	1.914670	0.970160	-0.556070	0.134950	-0.262560	0.840270	0.408890	0.000000	1.178030	0.824160	-0.000740	0.078120	0.746960	0.516650	1.577970	1.432950	1.202560	0.172280	-0.019010	4.456240
105	5.982220	4.277590	3.176550	6.260520	5.434620	7.652820	4.859620	5.933520	4.752500	4.537870	2.631600	2.820920	6.753920	5.288520	7.210520	4.982780	6.479020	0.000000	1.446680	4.397370
106	2.271870	0.804510	0.797640	2.391740	1.834430	2.056020	1.444350	0.929810	1.216450	1.145360	0.787920	1.064100	0.258210	2.255500	0.000000	1.854500	2.471360	0.554290	1.298000	1.130550
107	4.964310	3.774780	0.942700	0.938610	0.000000	7.172510	10.243410	3.275410	4.638810	3.446410	1.663230	5.900810	3.850370	3.953910	2.581860	2.638050	20.801410	12.506110	8.627510	12.567210
108	4.339120	3.256670	1.708420	2.549790	2.435160	7.093280	4.965310	3.810060	4.114720	3.103860	0.670800	4.447120	4.908130	3.832470	5.231480	3.925760	4.407480	0.000000	0.540380	3.295230
109	1.764550	0.679930	-0.783770	-1.323730	-1.386940	1.975040	0.255640	0.000000	0.884430	0.188400	-0.909090	-0.410350	0.578200	0.224970	2.396500	1.491640	3.097670	2.403200	2.772450	16.616480
110	2.091040	1.815400	1.460900	1.592410	1.438720	5.898840	1.010680	0.000000	0.617630	1.565570	1.180780	0.970130	1.513520	1.451380	1.211190	1.211730	1.919100	1.800980	1.759140	1.714440
111	1.345150	0.852140	-0.776080	-0.121860	-0.720030	2.003350	-0.430370	0.000000	0.943560	0.487590	-0.753890	-0.809630	0.141100	-0.114970	0.407540	0.688080	-0.077700	-0.260770	-0.453570	0.747220
112	1.850910	0.510070	0.193850	0.545390	0.301130	2.321110	0.000000	1.758970	1.379040	0.671230	0.127560	-0.374850	0.982940	0.548890	1.922250	1.154450	2.247300	2.101290	-1.329750	5.433130
113	1.436970	1.096960	0.533590	0.430840	0.105980	1.853270	0.705310	0.651360	1.220000	0.967740	0.385670	0.568580	0.805170	0.809580	0.610310	1.005580	0.715950	0.000000	0.220880	0.984530
114	0.032810	0.528940	0.137200	1.182340	1.477250	2.609940	0.079090	0.663660	0.679080	0.299480	-0.092970	-0.172660	-0.106070	0.037470	0.128280	0.000000	1.442590	-0.332270	-0.470000	-0.157970
115	0.789250	0.000000	0.272490	0.238410	0.360740	7.148200	0.177260	1.561620	0.703230	0.128840	-0.168630	-0.860450	0.951270	0.074200	1.502810	0.779130	0.892450	-0.588260	-0.551260	0.178450
116	1.630950	1.573820	1.458410	1.203900	1.085270	0.000000	1.384100	2.013340	2.321210	1.374920	-0.007440	1.436570	2.088420	1.850700	1.419570	1.744640	0.115900	1.186890	0.882410	1.925090
117	0.076910	-0.990550	-0.682890	-0.766160	0.138530	-1.615620	2.777440	-0.459680	0.000000	-1.203680	0.587340	1.581110	4.286760	3.386170	1.752260	0.016250	3.677960	7.810780	2.204920	33.922880
118	3.165980	2.175680	1.508010	0.818100	0.000000	1.734440	2.521980	2.748720	3.106960	2.211620	1.013010	2.419820	2.175790	2.443670	2.008870	2.380850	2.629110	2.118710	2.082480	3.259090
119	0.508080	0.137980	-0.651550	0.769880	-0.326500	1.260150	-0.666170	0.072830	-0.288500	-0.227830	-0.829910	-0.756420	0.059330	-0.591050	0.000000	-0.873930	0.846620	0.446770	0.138200	0.672330
120	0.000000	2.523530	2.522890	3.243930	3.267860	7.083340	1.707950	3.022200	1.495370	2.386630	2.439360	2.324560	2.023190	2.138170	1.731130	1.467890	2.643830	2.279440	2.238240	2.166430
121	-1.716450	0.654090	0.632810	1.644600	1.527940	1.893660	-0.440760	1.410620	0.257450	0.602920	0.387630	-0.984000	0.546680	0.555810	0.000000	0.171410	0.495340	0.479580	0.258100	0.555070
122	2.419780	1.722670	0.761070	1.066210	0.839030	4.992640	0.000000	1.465600	1.656480	1.162460	0.466180	0.477860	1.778960	1.412130	2.655530	2.197660	0.998100	0.364290	0.290810	1.108010
123	-0.353150	0.129190	-0.788290	1.129540	0.516130	2.019690	-0.978050	0.000000	-0.964330	-1.065260	-1.368110	-0.167320	0.452070	0.213940	-0.885040	-1.194890	0.763870	-0.378990	-0.533890	-0.325000
124	1.534380	0.464280	-0.188020	-0.889720	-1.400670	-0.285970	-0.163120	0.000000	0.585010	-0.236170	-0.959500	-0.665300	-0.191020	-0.067090	-0.026350	0.177620	0.360660	0.253530	0.301990	0.745480
125	5.338380	4.142370	1.496530	3.098460	2.582980	5.291480	5.740180	3.366920	4.174270	3.752660	1.506980	4.077570	6.848780	4.853680	7.142480	4.615870	3.254020	-0.061920	0.000000	3.151540
126	0.821320	0.047190	-0.719850	-0.895440	-1.306640	-1.520930	-1.100040	0.000000	0.612110	-0.378320	-1.336220	-1.010400	-0.448540	-0.477620	-0.321600	0.044300	-0.352290	-1.294550	-1.353810	0.283070
127	3.288520	1.919240	-0.079420	-0.524680	-1.069260	4.216220	0.074710	1.613870	2.276630	1.275600	0.088310	-0.104970	2.983530	0.000000	2.974040	1.235780	7.931520	13.733120	9.271420	7.497460
128	6.568860	5.105760	1.284060	4.069610	3.224820	6.684860	3.980920	5.941360	6.312360	4.502570	1.309380	3.968140	6.294860	4.982160	6.861360	5.290760	5.306160	0.000000	0.450920	4.180120
129	6.477350	5.596210	2.463490	4.250870	3.779430	9.706870	2.906450	5.689110	6.165700	4.915990	2.356330	3.790920	5.988990	4.856620	7.199870	5.382060	0.000000	3.689520	3.043390	3.931820
130	2.700400	0.655960	4.280670	2.715020	7.468670	6.275140	15.251870	1.004570	0.000000	-0.107010	2.482610	6.430470	5.129820	5.965110	2.433540	2.809920	27.950070	21.940370	15.717670	23.407770
131	5.078300	3.379170	3.071360	0.000000	-0.083120	5.648450	14.274850	2.527830	4.134260	2.207500	4.869010	8.060050	7.126450	5.842650	4.387810	2.706920	32.535850	24.411350	16.683450	17.987550
132	1.329130	-0.191340	-1.960290	1.210260	1.078260	4.598200	0.000000	0.829390	1.192080	0.321470	-1.778990	-0.292960	3.639380	0.860480	1.745290	1.008370	3.785010	2.216380	1.111180	0.861510
133	1.637370	0.691220	-0.278490	0.442170	0.083810	3.176830	0.001500	1.095150	0.643700	0.904790	0.302800	-0.380150	0.664080	0.000000	0.744530	0.411250	0.901830	0.703200	0.483970	1.055410
134	0.720760	0.507610	0.307250	0.365370	0.449480	1.557330	-0.382200	0.164140	0.000000	0.307470	-0.060750	-0.487890	-0.229910	-0.421440	0.173870	0.031070	-0.166150	-0.027270	-0.122240	0.546760
135	1.777130	1.105210	0.515740	0.680800	0.519350	-0.254040	1.076390	1.129700	1.608620	1.405490	0.273300	0.000000	0.509740	1.094480	1.037550	1.474420	1.022540	1.257040	1.286460	1.689090
136	2.709830	1.757530	0.294360	2.162650	2.029810	7.174810	0.000000	3.345290	2.768660	1.975630	0.660770	1.327260	2.597680	1.691320	3.164140	2.091480	5.077340	1.018880	0.630630	1.587660
137	1.137010	0.952620	1.307710	1.241340	1.447620	0.000000	1.096070	0.860740	0.890550	1.214170	1.214620	0.985500	0.821240	1.121710	0.937870	1.388780	1.276560	1.168380	1.106070	1.072090
138	0.609650	0.378390	-2.141320	-0.617420	-0.787220	-0.155060	1.200150	0.000000	0.770540	-0.206630	-2.350450	0.132500	0.333640	-0.404550	0.963620	-0.125820	-0.785050	-0.419220	-0.447200	0.191310
139	0.000000	3.800090	3.800970	5.222340	5.038240	6.779340	3.118230	5.252440	3.955370	3.948630	3.866590	3.146210	3.736540	3.517720	3.889890	3.427880	3.924890	3.888270	3.862120	4.057570
140	-0.012010	0.143730	-1.085230	-0.284030	-0.558860	1.992530	-0.765710	-0.327560	0.000000	-0.162600	-0.912830	-0.711500	-0.119680	-0.476330	-0.143480	0.126490	0.051890	-0.427780	-0.474030	-0.082790
141	1.074780	0.781820	0.156150	0.279410	-0.064990	0.142930	0.023790	0.548760	1.008360	0.396600	0.071270	-0.059870	0.245470	0.473050	-0.542230	0.000000	0.711770	0.471550	0.401440	0.176990
142	1.061070	0.000000	-1.146090	3.540210	0.743730	4.826330	0.422870	-0.195360	0.347800	-0.110000	-1.727250	1.127670	0.948670	0.425140	1.044850	0.069550	0.358950	4.433130	0.851030	0.877950
143	1.587130	0.899290	-0.284730	-0.411850	-0.647340	0.961160	-1.998080	0.000000	0.189160	0.608690	-0.131150	-0.758200	0.703270	-0.555130	1.507810	0.727400	0.731170	-0.194150	-0.343510	-0.027480
144	7.137030	4.827480	0.620160	1.707240	0.000000	6.626930	5.681430	4.056160	6.012430	4.043580	0.493420	2.609200	6.490030	3.792090	6.483130	4.126150	6.768130	17.605430	7.796930	8.131230
145	1.172110	1.098610	0.613530	1.051810	0.628640	3.808300	0.528180	0.000000	0.550780	1.551080	0.746630	0.211900	-1.350450	0.475980	-0.935800	-1.090340	1.334350	0.708150	-0.598090	-0.008380
146	6.095020	4.743070	2.929690	4.633390	3.921030	5.276170	6.589820	5.869120	5.595960	4.914710	1.787400	5.495960	5.250700	4.475470	6.236320	5.376640	9.725320	0.873550	0.000000	3.698760
147	-0.006720	-0.739500	-1.476190	-0.687100	-1.487690	-1.608860	-1.129790	0.000000	-0.346180	-0.229460	-1.978630	-1.089610	-1.224370	-1.216570	-0.072710	-0.672160	-0.563410	-2.332410	-2.680690	-0.095270
148	0.712390	-0.305860	-1.016930	-0.609330	-1.217850	0.807840	-0.776490	-0.003160	0.528480	0.244190	-0.863350	-0.601030	-0.486030	-0.597690	0.253380	0.000000	-0.412960	-0.744450	-0.780880	-0.079680
149	3.230110	1.324360	-1.221980	1.846560	1.000530	0.225080	4.093740	1.257090	2.031170	1.265220	-1.271910	1.392750	1.612290	1.309020	1.631230	1.456670	3.947560	-1.027990	-2.268934	0.000000
150	3.301110	1.658330	-0.344380	0.000000	-0.220810	5.423100	1.976420	1.283760	2.319110	1.577400	-0.424010	1.539450	2.183450	1.260950	2.673320	1.509140	0.154940	0.116050	-0.375830	1.922900
151	1.202140	0.486000	-0.172300	0.697310	0.084990	3.990100	0.497610	0.587700	0.659230	0.952430	-0.361180	0.371850	0.316140	0.389800	1.061780	0.000000	-0.788110	0.048300	-0.023880	1.273370
152	1.587840	0.000000	1.053030	2.522590	2.208430	3.636400	0.982160	1.903850	0.601920	1.638040	0.471570	0.921520	1.822890	1.071410	2.915660	1.833720	5.663440	5.576740	5.182540	6.430440
153	7.083230	5.381620	2.921220	4.820450	3.690210	8.009630	5.690020	4.825320	6.009450	5.452450	2.365530	5.174830	6.436860	5.601350	7.694330	6.368440	0.000000	3.935330	2.396010	4.382930
154	1.180050	0.360510	-0.385430	0.816300	0.209650	4.047130	0.239390	1.299070	0.558820	1.035140	-0.073600	0.000000	0.585770	0.408170	1.125820	0.375310	0.414350	-0.941470	-1.383100	0.425090
155	0.332050	0.515090	0.498800	1.442020	1.086050	1.949470	0.528210	0.492760	0.000000	1.074570	0.437800	0.372070	0.819640	0.744700	1.129530	0.235700	0.817940	0.685370	0.374350	0.136980
156	1.719260	0.975890	-1.046320	1.572320	0.842630	5.096240	-0.847100	0.258060	1.068200	0.384020	-0.481120	-0.922340	1.477510	0.061340	2.292850	-0.028100	0.288150	-0.708970	-1.132560	0.000000
157	0.000000	3.357040	3.236410	4.978140	4.938940	7.289840	3.162730	4.157380	3.252550	3.246990	3.313430	3.058860	3.385080	3.202210	3.109330	2.635430	3.324900	3.235330	3.199410	3.012960
158	5.264470	3.872130	0.800740	7.233630	6.418780	7.523830	4.087380	9.180630	5.169810	3.839830	0.000000	3.079260	4.776410	3.176320	4.110700	3.715290	6.715730	7.818530	3.023400	3.250580
159	0.301720	0.336150	-0.920600	-0.319480	-0.929790	0.245120	-0.781310	-0.322820	-0.040950	0.082720	-0.817560	-0.806860	-0.339850	-0.431040	0.260240	0.000000	-0.488920	-0.872090	-1.019210	-0.082950
160	4.551620	3.739800	0.000000	2.744250	2.068150	1.768790	4.155450	3.422570	3.807780	3.146070	0.052940	2.635340	2.548560	2.805390	3.438570	3.334600	4.944980	2.878750	2.341170	2.549010
161	0.000000	5.075790	26.830050	22.948950	33.269850	9.200350	34.515350	17.740550	9.352750	10.513450	22.191750	32.963950	29.885350	28.263450	23.951150	26.494650	68.889150	78.457550	67.396350	69.317950
162	0.128530	0.147210	-0.406980	0.312490	0.151810	-0.700090	-0.406680	0.548950	0.000000	-0.107950	-0.069190	-0.059280	-0.250880	-0.050230	-0.007000	-0.001490	0.335370	0.081390	-0.079610	0.319690
163	1.154230	0.681660	-0.432730	-0.234600	-0.913030	3.440940	-0.318240	0.127810	0.692490	0.248260	0.053130	-0.699090	-0.137850	-0.164050	-0.058380	0.000000	-0.066030	-0.098960	-0.016940	0.175200
164	5.512790	4.799890	2.586950	4.324100	3.681300	4.431160	4.303390	4.434770	4.915490	4.277590	2.094250	3.642950	4.399470	3.996510	5.455490	4.313420	0.000000	1.868010	1.202850	4.494650
165	-0.438450	0.000000	-0.639920	0.545210	0.338230	0.985890	0.456750	1.858770	0.694710	0.247960	-0.426720	-0.347220	-0.791310	-0.306200	-3.010440	-0.773390	-0.288090	-1.077690	-1.210780	-0.489650
166	3.639180	2.410010	1.245120	2.376170	1.731340	0.980230	3.236440	1.828890	2.661420	2.280250	0.726800	2.204820	1.846590	1.976030	3.716530	3.223700	7.371300	0.000000	-0.901870	2.096570
167	5.581620	4.168640	0.106360	2.821280	1.840160	7.240310	8.775110	2.102720	3.585140	2.933970	0.818020	2.429140	0.749540	0.000000	4.961310	1.268190	8.424810	4.812150	0.809150	2.156730
168	4.486430	2.936600	2.485720	0.000000	0.684930	4.777680	15.891160	2.682440	3.616470	2.379240	4.118120	9.244660	5.442390	5.064950	5.602430	4.383600	20.076160	10.633560	10.946160	20.657060
169	5.446310	4.003790	-0.616140	1.649360	0.241500	4.104560	4.326090	3.104480	5.153090	3.109790	0.000000	2.748710	4.498280	2.410140	4.584930	2.469210	6.886710	8.822310	5.838610	4.772400
170	0.584240	0.000000	1.926920	-1.079710	-1.340290	3.883090	9.218850	0.503440	0.333890	-0.670080	-1.177990	0.578300	4.961760	3.025530	5.224570	2.357660	23.818850	8.638150	6.515250	20.050950
171	3.136770	1.284620	-0.679540	-1.542890	-1.725660	7.693460	7.986760	0.000000	1.637440	0.320870	0.824130	7.252160	5.512760	1.678610	2.906300	1.628540	20.723960	8.107360	9.355760	22.287960
172	3.468220	1.851930	-0.104170	-0.701640	-1.080030	1.830950	1.880380	1.602140	2.122890	1.044600	-0.211790	0.995970	0.000000	0.123200	2.219550	0.779600	1.699840	0.575690	0.762020	1.407700
173	0.000000	1.501740	13.124770	8.715670	11.551170	12.603970	24.218370	7.434170	1.705250	4.318110	10.747570	18.151270	15.558770	13.754070	10.709970	9.530670	38.412870	31.744570	33.449370	48.229570
174	2.442090	1.811320	0.231040	1.118930	0.451840	1.793090	0.479260	2.128380	1.615000	0.910170	0.822540	0.257190	1.489130	1.153810	1.472940	1.052470	0.202780	0.000000	0.030850	0.932660
175	1.586520	1.220670	0.440580	1.786200	1.627730	4.908940	-0.129130	2.220390	1.402450	0.835460	0.259180	-0.163840	0.497650	0.000000	1.035150	0.203980	1.703340	0.501010	0.322010	0.419950
176	0.629260	0.952060	8.244270	3.691950	6.287970	7.438770	6.463270	4.608970	0.000000	1.021070	5.253770	7.719570	10.823770	13.363370	5.002070	5.258970	21.628270	28.055870	19.766770	24.696370
177	0.738470	0.111070	-0.567360	0.916300	1.037760	0.170300	-0.017940	-0.083700	0.000000	-0.054030	-0.393650	-0.368170	0.130290	0.288780	2.093310	1.007810	2.766010	3.709240	3.278030	3.501180
178	0.000000	8.202090	32.973290	24.739690	30.460990	24.425790	38.556990	22.880490	13.862890	16.727590	24.342490	33.859190	30.144190	29.341490	28.410490	29.017390	80.636090	68.839390	57.549990	63.337890
179	1.257560	0.494380	-0.490130	-0.176180	-0.546540	3.053250	-1.209220	0.169810	0.000000	-0.033410	-0.804280	-1.347180	-0.067300	-0.663310	0.774850	0.436790	0.521990	0.110200	-0.002380	-0.221350
180	1.305230	-0.395250	3.342890	-1.392880	-0.524130	5.323050	8.616250	-1.007730	0.000000	-0.492360	1.748660	8.261150	5.630250	4.721460	2.533250	3.324590	13.778850	11.896450	8.232350	12.695450
181	2.348570	1.317480	0.041850	-0.092600	-0.483590	6.839310	-0.128660	0.543370	1.052370	0.380420	-0.196740	-0.286310	-0.049850	0.556610	-0.204430	0.000000	2.689980	0.309130	0.479240	1.090170
182	4.266670	3.192090	0.487400	0.000000	-0.366560	6.420580	8.069180	2.189230	4.007700	2.315310	0.695470	4.064670	3.505650	1.954060	4.297500	3.364900	18.730180	9.700380	5.831080	4.567980
183	2.619450	1.506000	-0.388380	0.777140	0.206520	4.163500	0.354280	0.000000	1.144980	1.133320	-0.134590	-0.016290	0.884640	0.732180	1.165500	1.564180	-0.101640	0.005150	-0.245970	0.821740
184	4.493660	2.773600	0.991930	0.000000	0.204820	4.421240	7.526570	2.534860	3.786650	2.285090	2.732170	6.563170	6.766170	5.205480	5.469240	3.271620	29.728670	17.114770	5.748870	23.027070
185	1.513690	1.944650	2.170080	3.186290	3.516980	3.703640	2.268500	2.516450	1.456360	2.343370	1.012920	2.086280	2.311980	2.467150	2.743230	2.936800	0.000000	1.218330	0.158200	2.925030