SITE	GLY	ALA	LEU	VAL	ILE	PRO	ARG	THR	SER	CYS	MET	LYS	GLU	GLN	ASP	ASN	TRP	TYR	PHE	HIS
1	0.531400	0.561400	0.351800	1.902600	1.514300	0.724400	0.792900	0.457900	0.000000	0.787100	0.319900	0.656000	0.622900	0.846100	-0.056100	0.506600	0.503400	0.049000	-0.128900	0.929000
2	3.319000	3.111400	1.334400	3.197100	2.803900	2.319200	2.528900	3.314800	2.014800	2.795800	0.609200	2.529700	3.166900	2.649700	3.882100	2.898000	0.333800	2.267000	0.000000	1.809900
3	3.580400	2.151400	-0.215600	0.000000	-0.335500	1.754200	1.046300	1.882400	3.155100	1.769100	-0.305600	1.020900	1.812300	1.708400	2.580600	2.653400	-0.669500	-0.297200	-0.067300	1.803100
4	-0.241500	-1.607800	0.031900	0.252400	0.087700	-2.255700	-0.367900	-0.338200	0.118900	-0.000500	-0.234800	0.000000	-0.495600	-0.543500	-1.671300	0.058300	0.189700	0.027200	-0.008300	0.089000
5	0.446600	0.196300	0.158200	2.172500	2.027700	-0.382500	-0.001400	2.164900	0.509800	1.945600	-0.066400	0.293200	0.177100	0.098000	0.000000	0.079900	-0.124300	-0.016800	-0.268500	0.220000
6	4.751000	3.945600	1.070500	2.956900	2.592800	9.330500	2.658800	4.288200	4.588600	3.486800	0.924400	3.363300	3.975800	3.321800	4.644600	3.966800	2.125200	0.257700	0.000000	3.180200
7	0.670500	0.635800	0.431900	0.600700	0.499200	1.923700	0.130000	0.543400	0.724400	0.774900	0.325300	0.000000	0.555600	0.043400	0.256900	-0.065500	0.654500	0.388900	0.361400	0.117600
8	2.496400	1.688500	2.720500	1.857400	1.634800	0.000000	5.389200	3.181200	2.547800	1.564400	1.520100	2.213300	0.909400	2.741100	3.392100	3.581500	2.107000	2.160100	2.814100	6.842800
9	1.808800	0.692800	-0.895600	-0.211000	-0.736700	3.048600	0.415300	0.300400	1.090500	0.328000	-1.429900	-0.342600	0.618100	0.000000	0.991000	0.912900	0.077600	0.245100	-0.001100	0.205600
10	0.824100	0.000000	-0.201300	1.089000	0.849500	-1.555700	-1.047000	-0.047200	-0.161800	0.535600	0.089000	-0.880100	-0.391100	-0.354300	0.407700	0.095800	0.669600	0.139700	0.213500	0.612300
11	4.537800	3.945800	0.000000	3.298800	2.208800	8.813000	2.823000	3.298500	4.315800	2.993500	0.146800	2.534800	4.080700	2.698500	5.114400	2.884800	11.776800	10.152400	7.224600	4.622800
12	0.000000	-0.196300	-0.601000	0.760800	0.626600	3.321900	-0.341700	0.979100	0.486300	0.082300	-0.426200	-0.654200	0.249300	-0.138700	1.024000	-0.243900	0.237400	-0.244600	-0.315000	-0.197900
13	0.181700	0.337800	0.079300	0.302800	0.338000	0.139900	0.213400	0.535000	0.504400	0.103300	-0.106400	-0.111300	-0.052400	0.333300	0.000000	-0.196000	-0.078200	0.023700	0.014800	0.233100
14	3.456800	2.694800	0.770600	2.347400	2.900200	5.598900	3.267500	0.000000	1.000700	2.437600	1.348600	2.423000	3.132100	3.330500	3.342400	2.345800	3.841100	3.920400	3.434100	3.837900
15	1.771100	1.175800	0.664000	1.510500	1.525400	-0.332000	1.661500	2.448900	1.915100	1.254000	1.216400	0.520800	1.989900	1.089300	1.081700	0.000000	2.589500	1.535200	1.686100	1.686200
16	5.621500	3.609700	0.000000	2.081000	2.265800	9.404100	6.591500	3.375700	4.726100	3.734100	0.142300	3.238000	2.229600	3.026000	5.278800	3.548200	18.973900	12.160100	8.485800	7.145200
17	4.141000	4.259300	2.092700	4.149600	3.140000	5.034600	3.109300	3.518100	4.386600	3.721300	0.961300	3.699400	4.944300	3.971600	4.876000	3.892100	4.313800	3.418300	0.000000	2.975800
18	1.649300	1.172500	0.406400	0.860200	0.550300	6.226700	-0.228800	0.770000	1.338500	1.051700	0.369000	0.000000	0.600500	0.555300	1.081800	0.932600	0.558800	0.710100	0.627100	0.889700
19	1.907800	1.378500	0.808800	1.817100	1.690500	0.000000	1.461700	1.593500	0.974300	1.676700	0.848100	1.209900	0.650000	1.283200	1.420400	1.738300	1.258000	1.421600	1.387800	1.520400
20	3.115400	2.142800	0.617500	0.800900	0.000000	1.821400	2.817900	2.165400	2.909600	1.829300	0.222200	2.159700	1.566800	2.267500	2.043600	3.021600	1.915100	1.133100	0.557000	2.422700
21	0.802700	0.769700	-0.380200	0.076800	-0.364500	-0.163200	0.032600	0.167600	0.651900	0.464100	-0.359700	0.000000	0.003200	0.259000	0.154500	0.267100	-0.182200	-0.102200	-0.272400	0.512600
22	5.218700	3.722500	-0.109700	0.795400	0.000000	5.240500	7.715200	3.003800	4.761000	3.049700	0.030700	4.826000	4.658400	3.773100	4.621800	3.137800	17.633000	11.628800	8.318100	11.603700
23	0.000000	6.551700	18.001400	13.694800	18.418000	13.989700	16.115400	12.065000	7.408200	9.250500	13.486800	13.557800	16.841600	14.405200	15.044100	14.419900	27.638800	18.803700	17.376400	41.857400
24	0.098400	0.046200	-0.662700	-0.151900	-0.286500	-1.030100	-0.413200	0.248200	-0.017500	0.051900	-0.692400	-0.498300	0.002900	-0.049900	0.148200	0.000000	0.466100	-0.208700	-0.346600	0.156500
25	2.321900	0.626600	-0.290900	0.935300	0.382100	1.090900	10.156400	2.027600	0.985900	1.100000	0.063900	0.831900	3.502200	2.262300	1.894000	0.000000	13.666700	35.911700	13.846000	4.656900
26	0.674700	0.361800	-0.435100	-0.087200	-0.569400	0.248200	0.257300	0.210100	0.312400	0.089200	-0.673700	-0.263900	0.000000	-0.564300	0.127000	-0.993900	-0.454100	-0.922000	-1.083400	0.052300
27	4.931200	3.804000	0.000000	3.879700	3.870100	2.595500	9.869600	4.346600	4.046100	3.546300	0.933900	5.482600	4.430400	3.146900	5.846200	3.694200	16.791100	9.176600	5.070100	4.164800
28	1.160600	0.889700	0.000000	2.000600	1.414500	3.144900	0.364800	1.922700	1.025700	0.951100	-0.014000	0.394900	0.660900	0.307500	0.604600	0.830600	0.620500	0.523200	0.397400	1.217700
29	2.531300	2.215700	0.387300	3.909500	3.997000	4.132600	2.458900	2.828400	1.957600	1.814400	-0.002900	2.817300	4.169000	2.152000	2.429400	1.704400	11.049900	5.745900	2.644700	0.000000
30	1.944200	1.567600	0.625300	2.994200	3.139200	4.237200	0.000000	3.642300	2.327800	0.852100	-0.293500	0.171200	3.488100	1.353200	4.926900	2.495300	9.716900	20.124600	13.194000	29.924900
31	1.702300	0.000000	1.210000	0.173700	-0.359600	3.425400	16.723300	2.322100	1.884300	0.060600	4.621500	7.431400	3.047100	6.579000	3.676800	3.268800	34.610200	23.008000	17.081100	10.090000
32	4.060300	2.254000	0.339400	0.000000	-0.691600	4.297000	11.375000	1.069400	2.243300	2.047000	1.711600	4.798300	4.819200	2.756800	3.760100	2.564700	21.065200	12.306000	7.789700	23.187500
33	5.494500	3.908900	0.533900	1.341000	0.000000	3.219800	4.574500	2.167100	4.017100	2.422200	0.728300	1.664400	3.667000	3.035500	4.174700	3.241900	5.129800	0.791600	0.938800	2.947800
34	4.355200	3.406400	2.361600	2.583000	2.796400	0.000000	2.284700	4.542100	3.712000	3.737200	2.366800	3.354400	4.295500	3.192000	5.271200	3.685800	6.000000	6.364800	5.524600	21.371800
35	4.322500	3.209200	7.197600	5.241900	5.730500	0.000000	8.259100	4.845900	3.846100	4.542600	5.445300	7.205500	6.030900	7.055800	6.435200	6.326000	10.339100	5.756100	8.879800	8.784800
36	3.261900	1.816000	0.000000	0.694900	-0.062400	2.368800	1.492200	0.915600	1.362700	0.772600	-0.408200	1.027300	1.303800	1.376100	1.222700	0.887800	0.154100	2.728200	0.303800	3.291500
37	1.113200	0.108700	-1.159300	-0.545800	-1.081800	-1.129500	1.134800	0.000000	0.847700	-0.112200	-1.828600	0.167100	-0.771400	-0.820600	-1.024600	0.008100	1.264100	-0.040700	-1.610900	0.576700
38	0.850800	0.562300	-1.554000	-0.623100	-0.229900	0.200500	0.000000	-0.329100	0.568800	0.989200	-1.601200	1.201600	0.567100	0.324700	-0.758700	-0.258000	6.519500	-0.507100	-0.276500	0.339100
39	1.509300	1.862300	0.418600	3.702200	3.271600	7.671800	1.060800	4.228600	2.676500	1.564300	0.000000	0.900700	1.345600	1.444400	2.286800	1.725200	0.120000	0.238800	-0.948800	0.980700
40	1.060800	0.384900	1.231300	-0.586100	-0.975400	-0.275000	0.000000	0.344500	0.949600	0.066100	0.261200	1.931100	3.259800	0.523400	2.102500	-0.335900	9.254300	2.778200	2.239800	4.542600
41	1.906200	0.000000	10.300200	4.434500	7.635500	2.957200	5.269800	3.356200	0.854400	3.614500	6.831200	7.905200	8.049900	6.798300	8.759500	6.677500	25.005200	25.328800	22.529700	80.548100
42	1.380000	0.582800	0.000000	0.483600	0.052100	-0.368100	0.656400	1.720300	1.192100	1.171600	-0.001600	0.459700	0.791100	0.835700	1.210000	1.351400	0.547400	0.298700	0.040800	1.130800
43	0.301900	-0.218000	-0.897100	-0.486800	-0.819400	-0.149300	-0.441100	0.057100	0.120900	-0.354500	-0.938900	-1.114100	0.102900	-0.165600	-0.364500	-0.405000	-1.289700	-1.347000	-1.759000	0.000000
44	0.969500	1.870000	1.882700	2.055400	2.131200	0.000000	1.731900	2.025600	1.599300	1.980500	1.941900	1.612700	1.958700	1.921700	1.451100	1.580400	2.064000	1.076800	1.630100	1.969600
45	0.000000	3.526500	3.527800	6.527200	6.414000	6.391200	3.983500	6.422200	4.347000	3.540300	3.646400	3.610100	4.368300	3.966500	4.263400	3.684400	3.879500	3.676700	3.715900	3.914000
46	2.160100	1.883200	2.107300	5.356300	5.518300	3.277000	2.200200	5.084300	2.526400	1.802400	1.592600	1.983500	3.399800	1.849200	3.521100	0.000000	2.383600	1.371500	1.612300	2.047200
47	2.604600	1.555300	0.198600	0.385500	0.000000	4.895700	0.734800	1.717000	2.174600	1.048100	0.327600	0.580100	1.801000	0.853900	3.093000	2.187900	0.585200	0.236300	0.284100	2.413600
48	4.401300	2.801900	1.035700	1.139500	2.123600	0.000000	3.970500	3.568600	4.207500	2.941700	0.831300	3.279600	4.275300	1.939900	5.659000	3.983800	6.294300	7.065100	3.664600	3.096600
49	2.409300	1.504000	2.089100	2.891300	2.694700	-0.516100	2.721000	3.148600	3.053000	1.347900	0.859700	2.409200	3.308400	1.948700	2.273000	0.000000	7.489800	7.211300	4.380200	2.836100
50	0.536300	0.409600	0.099900	0.423900	0.120100	0.665500	0.000000	0.806300	0.482600	0.317300	-0.132400	-0.068200	0.401500	0.189800	1.016900	0.546400	0.725400	0.208000	0.207600	0.604300
51	0.972500	0.273700	-1.067700	0.227200	-0.454600	2.548500	-0.248600	0.748600	0.620600	0.523200	-0.495100	-0.594400	-0.748800	-0.397700	0.000000	0.332900	-0.687900	-0.542700	-0.762700	0.277300
52	3.534100	3.080900	1.114300	1.403200	0.640300	5.580100	2.473300	3.089700	2.506000	3.019500	1.021200	1.482900	3.548700	2.974200	3.754100	2.889200	0.000000	0.820700	0.615600	2.502000
53	0.598600	0.000000	-0.758000	-0.033400	-0.460000	4.315500	-0.634100	2.221800	0.931900	-0.260100	-1.748800	-0.801200	2.039800	-0.525700	1.840800	0.938300	3.600900	-2.537100	-3.744400	1.627000
54	1.955800	1.015900	1.000900	0.000000	-0.280000	-0.467000	1.555600	1.363900	1.963800	1.451600	-0.153600	0.919100	1.344600	0.902900	2.061800	2.071200	2.171600	0.951400	0.809400	2.377400
55	1.304100	0.393900	-0.570000	0.179400	-0.645100	-0.065900	-0.709800	0.666300	1.019600	1.029700	-0.292700	-0.149700	0.000000	-0.210500	0.789400	1.011800	0.454300	-0.261700	-1.134900	0.711700
56	3.512100	1.959400	2.357100	3.122600	3.075900	8.547900	3.563500	4.397800	2.829400	2.255800	0.506700	2.682600	0.762200	1.828300	1.596100	2.535800	-0.059100	0.000000	0.213500	1.782300
57	4.680900	3.405300	1.396800	3.221500	2.965200	7.449600	4.083100	3.936700	4.503500	3.684200	0.776500	2.877100	4.143000	3.159700	4.891400	3.096700	0.649600	0.000000	0.254300	2.297100
58	0.100000	-0.772700	-1.758400	0.064800	0.775100	4.750200	-1.065800	0.000000	-0.343500	-0.189800	-1.496000	-1.233600	-0.212600	-0.459000	1.118100	0.133900	-0.089500	-0.541100	-0.756200	0.860100
59	1.699600	0.440500	-0.513200	1.504400	0.930500	3.141100	-0.513100	1.456800	1.018500	0.804800	-0.823300	-1.292500	1.214700	0.000000	1.706700	-0.014900	0.085900	0.133300	-0.203600	1.308600
60	4.855300	4.153200	1.661600	3.908800	2.798400	5.526000	0.000000	3.697600	3.733100	3.624100	1.499000	3.100400	5.237200	3.481800	6.560500	3.990600	7.596200	5.671100	3.716200	4.672500
61	1.258900	0.000000	11.771500	3.561500	6.576000	6.162600	24.101000	3.008400	0.911800	0.880900	11.990700	17.027300	16.431000	13.356100	9.868300	6.718900	37.714900	31.839000	26.944900	38.551900
62	0.450200	0.067500	-0.823300	0.118500	-0.242500	3.460700	-0.381400	0.321500	0.245500	-0.216100	-0.711100	-0.641700	0.224900	0.000000	0.596000	-0.283900	0.479000	0.485700	0.357700	0.676400
63	1.938100	1.246400	-0.222100	0.588600	0.051100	0.131400	0.000000	0.330500	1.274800	0.878200	-0.617000	0.572500	2.144300	1.018100	2.729700	0.544800	2.019500	-1.149500	-1.261300	-0.293500
64	2.231400	1.267400	1.181500	1.351600	0.980400	0.000000	1.150600	1.866100	1.823900	1.696300	0.774300	0.603300	1.254400	1.251800	2.563800	2.431200	2.274800	2.030900	1.921100	1.508700
65	0.000000	6.778600	8.788700	16.225900	17.943700	12.374600	8.717100	14.656900	8.401600	8.446600	7.707900	8.626800	9.747000	8.509700	9.720500	7.709000	10.445700	8.581000	8.341000	66.848600
66	3.152200	1.500000	-1.591700	2.163800	2.712800	6.538500	5.629600	0.000000	1.664200	1.227600	-0.684600	1.568900	3.325800	1.789200	2.697000	2.315900	14.319000	11.192100	8.511300	5.568600
67	6.063800	4.622200	0.523800	3.441700	2.873600	3.760100	5.908900	5.280000	5.604700	3.631200	0.000000	3.732100	5.219200	4.164100	5.978400	4.610500	14.147200	15.415400	10.266700	6.671200
68	6.095900	4.266100	0.691200	1.367500	0.000000	7.130000	6.978800	2.931700	5.071400	3.764500	0.944400	4.107000	4.925700	3.946100	5.591800	4.365200	7.715000	4.285700	2.925900	4.343600
69	5.731800	4.785100	0.724700	1.465800	0.000000	5.840800	8.120800	2.869300	4.635100	3.583200	1.288500	3.868400	6.730900	3.601400	6.702100	3.202700	9.959600	9.181800	1.263000	2.630400
70	2.677200	1.446000	1.243000	1.950300	3.765400	2.930900	8.468300	0.000000	0.425400	1.043300	-0.231600	5.461000	3.883400	2.718800	3.686000	2.785400	10.950600	6.156700	3.706500	5.674000
71	1.725000	0.927000	1.391600	1.295300	1.237800	1.434900	2.351200	1.190200	1.495400	0.948500	-1.026800	2.277100	0.000000	0.597300	1.712100	0.443800	6.451700	9.492600	5.559700	4.861700
72	0.000000	3.724300	13.235800	13.376700	16.724500	2.552200	11.522600	11.091000	4.362300	5.510600	7.400300	10.751500	7.347600	7.745600	10.029500	9.933300	17.075600	14.338900	12.757500	90.695200
73	2.231300	0.000000	1.167000	0.744500	0.610600	5.600900	13.022100	0.469300	0.517400	-0.619800	2.879300	7.795800	9.841900	6.512900	5.349300	2.100100	35.663200	17.050000	17.501300	46.782300
74	4.322300	3.035300	1.778400	4.093900	5.148100	2.764400	6.474900	6.119900	4.567800	3.745300	1.212000	4.841200	4.973900	4.847000	5.940900	4.704400	12.575500	4.972300	0.000000	4.165300
75	5.342700	3.822800	3.033000	1.310600	0.000000	3.106500	10.155300	3.999400	5.152900	3.264100	1.839200	5.408800	6.946500	5.046500	6.263100	4.170600	23.397000	13.879700	9.754000	21.159800
76	1.121800	1.501700	2.220400	1.973100	2.356000	11.125200	1.903300	3.350700	0.000000	1.227600	1.343800	1.607800	4.082200	1.808300	3.407900	0.862200	2.464900	0.890400	1.349500	0.312700
77	2.602700	1.835900	1.033200	1.730100	1.202300	0.000000	0.845500	2.188400	2.500000	2.280800	0.911100	0.989300	1.361700	1.512000	2.735000	2.380600	0.883100	1.315000	1.085900	1.177900
78	1.773600	1.348200	-0.408200	0.905100	0.298900	0.555300	0.606400	1.904600	2.017300	1.146300	-0.459500	0.295800	1.404700	0.000000	3.155000	1.344000	2.434000	1.621100	1.958900	3.766400
79	1.297500	0.000000	7.733700	7.234600	7.718400	0.829900	15.281100	5.237600	0.489700	2.110200	5.758000	9.624000	9.032000	8.367500	10.094000	6.480300	22.567000	19.989400	14.484500	17.066100
80	0.000000	5.247700	8.198100	13.130200	12.500300	9.858200	7.163600	10.407800	5.219100	5.596600	5.516900	5.694200	9.815700	7.216200	10.312800	8.452800	13.196300	13.287600	9.744800	11.597500
81	0.000000	4.871400	18.532100	15.631000	21.786600	13.585500	20.788900	13.522600	9.945700	10.049500	15.609600	18.247700	22.447400	19.110600	16.228600	14.288700	36.689700	37.109500	32.800100	35.164000
82	5.935000	4.554100	1.402700	2.311700	1.127300	7.050400	2.078400	4.234500	5.157200	3.827800	1.531900	2.520100	4.018000	3.110500	3.661800	3.903800	2.410200	0.000000	0.615200	3.100800
83	0.911300	0.247300	0.239300	0.406600	0.075600	-1.885900	-0.132000	0.622700	0.684200	0.537500	-0.034100	-0.511100	-1.092400	-0.011900	0.000000	-1.062700	0.908300	1.810300	2.209000	1.768200
84	1.107600	1.265300	0.017100	0.530500	0.411800	0.752400	0.386300	1.497800	0.848900	0.897700	-0.287600	0.278100	0.193500	0.197900	1.529500	0.000000	0.512800	0.166900	0.093000	0.333600
85	1.621000	0.000000	3.971600	-0.439300	-0.731200	1.612100	9.057100	1.083900	0.227200	0.719400	1.454200	4.319300	5.791600	5.277600	3.137100	2.337900	32.904200	8.812100	6.825500	11.109200
86	3.374500	2.164000	2.482600	3.218900	4.190900	0.000000	5.486400	2.326500	2.813500	2.149300	1.841300	5.397200	4.087700	2.575800	5.199300	3.903700	11.308800	9.605700	8.039800	4.632100
87	0.000000	4.446700	5.477700	6.353300	7.772900	12.562000	4.780600	8.286600	4.802300	4.485200	2.440400	4.274700	5.822100	5.308100	7.240200	5.784700	11.363900	14.850800	13.194300	80.409200
88	2.822400	1.970700	0.757700	0.000000	-0.201300	4.798000	5.198800	1.616300	2.239400	1.440600	-0.623600	2.303500	4.628800	2.629200	4.026400	2.059300	14.710400	9.829300	8.297800	20.787700
89	2.576000	2.148800	1.742700	2.216800	1.627900	3.571700	1.779600	2.962500	2.589000	2.302700	1.380900	1.687900	1.902900	2.381700	2.823400	2.154900	0.000000	-0.286100	-0.293300	1.867800
90	0.285000	0.427000	-0.006300	1.996600	2.314700	7.539100	0.838000	1.192000	0.000000	0.903500	0.062500	0.603800	0.177000	0.282700	-1.431000	0.008300	0.783200	-1.136800	-1.427200	0.447600
91	0.970100	0.483000	0.065300	0.744300	0.493300	-0.269700	0.418600	0.721200	1.094400	1.168800	-0.040900	0.206000	0.000000	-0.038600	0.255800	0.884600	-0.048600	0.127400	0.050400	0.737500
92	1.170300	0.441900	0.149000	0.523500	0.125100	-0.406000	0.643500	0.792000	0.954400	0.861700	-0.231100	0.084800	0.000000	0.325500	0.386200	0.936400	0.567300	0.497400	0.611700	1.143400
93	3.043800	1.940700	1.443700	3.506600	3.396800	2.977600	7.346500	3.683400	2.933300	1.616100	2.443700	4.783600	2.500500	0.000000	5.894200	3.195500	17.598200	8.219200	6.423900	8.532300
94	3.365700	2.259700	0.351700	2.093400	1.075500	6.525500	0.469300	3.066000	2.470400	2.502700	0.000000	0.713100	2.553200	1.775200	3.987900	2.192400	3.005300	3.622400	5.418500	3.123100
95	-0.074100	-0.517500	-0.784600	0.000000	-0.578000	1.905000	-0.775000	-0.478000	-0.253600	-0.062500	-1.030900	-0.665800	-0.547100	-0.749900	-0.315200	-0.394700	-0.824400	-0.873500	-0.967800	-0.385100
96	0.732000	-0.527700	-1.609400	-1.220800	-1.311300	-0.335500	-0.714600	-0.507000	-0.341900	-0.572600	-2.280800	-0.563400	0.000000	-0.435800	0.960500	-0.133800	0.438700	-0.017900	-0.250600	-0.017200
97	7.118100	5.353900	2.864000	6.701900	6.164800	8.024100	4.316400	6.353100	5.666700	5.507300	2.982800	4.319100	6.581500	5.027900	7.320100	5.451900	0.000000	2.989600	2.219800	4.518100
98	1.277400	0.456900	-0.000300	0.248300	-0.412000	4.766200	-0.877500	0.000000	0.513400	0.669300	-0.924000	-0.827900	0.061800	-0.222600	1.568400	0.568900	1.723300	1.777100	1.133300	1.415400
99	1.243400	0.425300	-0.112500	0.607400	0.144100	2.522100	0.061700	0.690300	1.309500	1.273500	-0.258600	0.000000	0.599100	-0.005500	1.153500	0.972900	-0.010500	-0.075000	-0.091600	0.545000
100	4.771400	3.082700	0.249000	1.076000	0.000000	5.255700	4.721900	2.983800	4.675700	3.287500	0.457500	2.768500	4.558000	2.809400	4.538100	3.056900	7.515000	7.507900	4.139300	5.362800
101	5.812700	4.377400	1.895600	4.491800	3.502800	7.253900	4.051400	5.005200	5.939100	4.644400	1.056400	3.855900	6.385800	5.050700	7.047000	4.758000	6.585000	1.715900	0.000000	4.169100
102	0.949700	0.001600	-0.109600	0.588300	-0.014100	3.644800	-0.633500	0.145200	0.206900	0.763600	-0.275900	-0.010500	0.213300	-0.173700	0.516100	0.000000	-0.150400	-0.051000	-0.116300	0.266900
103	1.405200	0.000000	-0.043100	0.510700	2.548800	2.472500	0.557000	0.407100	0.469600	0.819500	-0.200500	0.273200	1.857400	1.001700	1.043900	0.567000	1.275400	0.527600	0.632700	2.123800
104	5.444400	3.623600	0.339700	1.558300	0.000000	4.501200	5.588000	3.150500	4.642400	3.783900	0.145400	3.541900	5.046900	3.623700	5.842400	4.251800	16.175800	14.948800	9.175000	24.483300
105	2.077700	1.344500	0.827400	1.713300	1.071300	4.385600	0.108000	2.134700	1.355800	2.039600	0.724300	0.927900	2.005300	1.170700	2.580000	1.464000	0.686400	1.642200	1.312800	0.000000
106	0.979000	0.089500	-0.201300	1.277000	0.697400	3.851800	-0.320500	1.066600	0.138300	0.689100	-0.394400	-0.349300	0.000000	0.128400	0.448000	0.132100	-0.188200	-0.391300	-0.179200	0.578800
107	0.947400	0.964600	-0.349600	2.412200	2.356500	3.035700	0.053700	1.818800	0.825500	1.283600	0.273800	0.000000	2.121400	0.738200	2.922400	0.092300	0.607400	-0.000900	-0.275800	-0.225300
108	0.215000	1.072400	0.761200	2.814700	3.063500	6.247300	0.190400	2.570200	1.209900	0.870800	0.112800	0.000000	0.805000	0.391400	0.938700	0.215700	0.327300	0.596000	0.429200	0.457200
109	1.076300	0.066100	6.735100	2.405500	6.057500	8.627900	22.916500	3.433200	0.000000	0.085900	8.937700	12.138200	11.645800	8.235300	6.119500	4.746000	49.083600	42.463400	31.152100	46.582200
110	3.354900	2.865600	1.222700	2.514800	3.195600	4.779100	2.741500	3.214000	3.039300	2.602200	0.999500	2.603200	4.948800	3.469600	5.314800	3.285800	2.047200	-0.575600	0.000000	3.244300
111	4.664800	2.491100	3.901000	0.000000	0.637700	4.628200	10.814200	1.500800	2.489100	1.557100	0.340900	3.770800	3.881400	5.610300	4.128100	2.766900	15.899900	14.161600	7.827200	33.105600
112	6.311500	4.721100	1.848700	2.249000	1.943400	6.965400	2.809600	4.007000	5.770700	4.131400	2.292400	3.371200	6.230000	4.510100	7.017200	4.760700	0.000000	1.771800	1.544100	3.002000
113	4.729400	3.103200	-1.130300	0.000000	0.456400	4.128900	6.906200	2.113000	3.711400	1.986400	-0.703000	4.330200	3.466700	1.588400	4.597100	1.852500	16.257000	7.968000	5.003900	5.710700
114	3.448600	1.760300	-1.156600	0.199700	1.486600	1.902500	4.656500	0.687400	2.029800	1.040100	-0.379200	3.555400	1.574700	0.000000	4.218600	1.254400	18.166700	15.717700	10.395200	5.170400
115	6.244000	4.290300	0.000000	2.614500	1.901400	5.748000	6.416200	2.838900	5.559500	3.661400	0.137000	1.975100	6.000500	3.071600	6.091000	4.544500	12.511000	15.273400	7.757000	3.712600
116	6.310400	4.696500	1.885100	3.802700	5.402500	16.040400	3.677000	4.375900	5.963900	4.411200	2.571200	4.085200	2.748000	3.375500	4.314500	4.226700	0.000000	5.665900	5.246000	7.041100
117	5.032900	3.234200	0.710200	0.000000	2.355700	3.097700	9.474500	1.674200	3.250300	2.322200	3.327300	4.494200	7.255700	5.112300	4.063600	2.557000	24.812100	16.429800	13.727100	17.595900
118	5.422100	3.774600	0.000000	3.125000	6.130800	3.947000	13.704200	3.115600	5.234100	3.709800	2.487400	7.592900	4.706700	4.304100	5.478500	3.504100	14.926200	13.323600	9.406500	8.820600
119	0.000000	11.717400	27.499700	20.064800	24.211300	25.022300	37.993100	19.795400	15.959900	16.867400	23.627900	29.496000	27.887100	29.369000	24.501400	23.904100	69.561700	45.558400	47.409900	62.201700
120	1.764300	1.032500	-0.820300	0.642700	2.307100	3.909400	-0.183600	3.608900	2.249400	1.204500	-0.805900	1.476200	3.141000	1.340400	3.570200	1.731500	0.000000	7.473400	2.754000	2.336900
121	1.063700	0.000000	3.173900	-0.419000	4.199300	6.470100	3.034000	-0.249200	0.225100	-0.379300	1.883900	3.502400	3.016700	4.422600	1.911500	1.096200	5.235000	1.977400	0.815600	1.573400
122	1.618200	0.000000	4.839600	3.321800	6.197600	6.123600	5.746400	3.810100	1.093300	1.623000	2.674900	4.671800	8.713900	6.546000	6.698500	7.503100	23.668900	28.460900	20.466400	36.223900
123	1.464300	1.145800	0.566900	2.846100	1.689600	0.732900	2.087000	0.987600	1.712300	1.463600	0.666400	1.251100	2.460400	1.425000	1.239700	0.678300	0.546700	0.146800	0.000000	1.798600
124	5.261400	3.340400	8.313900	4.259900	4.225700	0.000000	20.143600	5.491800	3.802200	3.293800	4.786200	13.280800	5.489600	5.325300	8.530600	10.814400	56.858400	24.176800	18.486700	33.909200
125	2.794300	1.915100	0.634300	1.337300	1.166400	1.939400	1.784900	1.635000	2.479700	2.120700	1.217500	1.551900	1.449500	1.554900	0.000000	2.520400	1.458000	1.765500	1.075100	2.292300
126	0.594600	-0.402600	-1.468600	-0.732700	-1.123400	0.714400	-0.528600	0.704700	1.306800	0.427500	-1.206900	-0.910300	0.813000	-0.044000	1.817400	0.000000	0.055300	-1.607300	-1.848800	-0.731100
127	3.811600	2.345200	0.000000	3.916300	4.239500	4.368700	0.952700	2.852100	3.809600	2.912100	0.465800	1.207200	4.585600	2.799100	5.027200	2.375100	6.016500	13.628400	7.132600	9.876100
128	1.123100	0.000000	-0.155700	0.966800	0.791800	11.335100	-0.393400	1.683800	0.490900	0.351300	-0.611000	-1.018200	0.525700	-0.037700	1.339200	0.979000	-0.113600	-0.081100	-0.310900	1.133100
129	2.261500	2.006000	1.450800	1.985800	1.681000	7.636800	0.000000	2.163500	2.077200	2.247000	1.927100	1.153000	2.061300	1.956600	2.370400	1.478700	2.106600	1.060500	0.984400	2.095800
130	1.354700	1.743500	1.434600	2.956600	2.416000	2.259300	1.189500	3.529000	1.999900	2.112000	1.516000	1.186700	1.600800	1.461400	0.000000	-0.531900	1.137300	0.939200	0.645900	1.644000
131	0.000000	2.290200	2.413200	3.520100	4.857700	6.876000	1.364100	3.350600	2.210700	2.434000	2.525600	1.259900	2.248600	1.866200	2.096200	1.962200	2.469000	2.387500	2.250900	2.286200
132	2.958400	1.935200	0.000000	2.414400	2.514800	4.845000	0.082300	2.867300	2.628400	1.845500	0.657900	0.576300	2.701700	1.212900	3.920100	1.950500	0.657700	0.312900	0.005300	2.353800
133	2.568100	2.357000	1.732200	3.919300	2.806100	1.070200	0.000000	3.470000	1.154100	2.542000	1.600200	1.441100	2.643500	2.150100	2.937300	2.505000	1.923400	2.203600	2.224400	2.061600
134	5.675800	4.271600	2.080500	3.040600	4.761600	4.861000	4.472200	4.894800	4.968600	3.392900	1.712200	3.359000	5.711100	3.444900	5.949200	3.556600	2.721700	0.000000	0.524100	3.240300
135	1.108200	-0.003500	0.620500	-1.020600	-0.415500	-2.501400	8.945200	0.920500	1.267600	-0.144800	-0.316000	2.264200	-0.821600	2.466500	0.000000	0.894300	9.476100	5.116200	2.579100	2.990500
136	-0.984200	0.767600	5.972600	3.956700	5.376400	5.182900	12.846500	3.501000	0.000000	0.058300	5.058900	8.520500	4.260900	7.623900	3.830700	2.877600	21.712600	14.349600	8.238100	7.080200
137	1.690300	0.000000	8.919200	3.812000	7.450000	1.481600	20.842100	3.363100	1.179400	3.492000	8.087600	18.058000	10.856500	12.218500	7.993200	7.975100	53.594200	61.585500	37.298800	55.909700
138	0.285500	0.061600	0.626600	0.693400	0.860800	3.675100	2.249500	0.802300	0.000000	0.439900	-0.234100	1.761800	2.818700	1.620300	1.772400	0.757300	3.418700	-0.581700	-0.734200	38.595200
139	0.699800	0.604100	0.709100	1.834700	1.753800	0.838300	0.357700	2.055600	0.831100	0.512100	0.812500	0.431300	0.213000	0.458600	0.000000	0.479800	1.162800	0.439700	0.314200	0.791100
140	0.946000	1.205600	1.354700	1.326000	0.800600	1.562900	0.240100	1.278800	0.385400	1.096200	1.352000	0.716700	1.052500	0.679400	1.211200	0.000000	1.438500	1.308300	1.304000	1.412600
141	2.393300	1.374200	0.654900	0.000000	0.278000	2.547700	0.695900	1.108500	1.942300	0.951300	0.846100	1.033900	1.804900	0.892300	2.428800	1.853400	1.421000	0.715900	0.651700	1.109200
142	2.518200	2.362100	1.087100	1.968500	1.225000	3.479500	2.341800	2.130400	2.335800	1.654200	1.203300	2.294000	3.845600	2.868100	3.257600	2.306100	1.136200	-0.015500	0.000000	2.290900
143	1.359300	0.671000	-0.139200	2.551300	2.454600	0.260100	-0.745300	3.315200	2.091800	0.601000	0.000000	-0.337100	3.016000	1.255100	3.523300	2.649400	2.308700	1.855600	1.489700	1.882200
144	0.232200	0.868500	-0.167000	1.648800	1.919600	4.401200	1.499200	0.720000	0.044100	0.293800	-0.416700	0.966300	1.980900	0.639200	0.000000	-0.278400	1.660500	2.325000	2.434400	1.587000
145	-0.028600	0.000000	-0.196300	-0.079000	-0.083000	-0.116500	-0.538600	-0.278800	-0.144900	0.066200	0.075500	-0.686000	0.075400	-0.846600	0.349800	-0.776300	-0.171600	-0.415100	-0.459400	-0.319800
146	-0.330200	-0.261500	0.047600	0.341600	0.119100	-0.932600	-0.012300	-1.187000	-1.187800	0.678500	-0.217800	-0.374200	0.000000	0.299200	-0.702500	0.090100	-0.170700	-0.915800	-0.935200	1.015500
147	1.538200	0.545600	-0.767500	1.250000	1.629200	-1.098900	1.179900	0.850300	0.830500	1.471400	-1.261800	1.028000	1.621100	0.000000	2.976100	1.009200	2.720600	0.717800	0.099500	1.556400
148	1.412900	0.754600	-0.392900	1.227700	0.742800	2.733900	-0.088600	1.272800	0.769300	0.619600	-0.043600	-0.002900	0.000000	-0.239300	0.578900	0.881600	-0.575700	-0.011200	-0.374100	0.116900
149	0.765600	0.000000	-0.331800	0.123900	-0.408700	1.819600	-0.031200	0.202400	0.270900	0.883100	-0.124100	-0.179000	0.090200	-0.139500	0.410800	0.606500	0.086400	0.056700	-0.097000	0.538900
150	1.798400	0.748500	-0.042100	1.466400	0.585100	4.278400	-1.494400	1.880900	1.214200	1.330100	-0.132900	0.000000	1.402400	0.266900	2.010300	0.789900	0.470600	-0.743800	-0.253900	0.099700
151	1.813000	0.000000	2.260400	1.780300	3.079700	6.439400	2.862400	1.333500	0.492300	0.420900	-1.394500	0.998600	2.239900	1.118100	4.711700	4.778200	9.251900	5.806100	9.451400	11.888900
152	1.173800	0.564600	-0.028100	0.967000	0.314000	3.451900	0.228000	0.890300	0.582900	1.115400	-0.592500	0.000000	0.971000	0.432500	1.497500	0.459300	-0.625400	0.175500	-0.158700	0.363100
153	1.034300	0.276900	0.041100	0.673300	0.155500	2.672500	-0.335500	0.776400	0.684300	0.873500	-0.069700	0.000000	0.446700	-0.071200	0.975600	0.304300	-0.072700	0.041900	0.002700	0.366800
154	0.240500	0.000000	0.981000	-0.365000	0.685800	2.021300	1.707400	0.765800	0.874700	0.149200	1.057400	0.804000	1.962800	1.336500	2.142600	0.691900	5.810300	5.688800	5.052400	4.127700
155	0.673300	0.764000	0.931900	1.552800	2.479200	4.642100	-0.562000	2.350900	0.467500	0.596900	0.811600	-1.010800	0.868200	0.170000	0.875600	0.000000	1.942500	0.865500	0.720100	0.252800
156	2.728600	0.652300	0.000400	1.979200	0.917900	8.174800	1.005200	2.159800	2.009900	0.643400	-0.458100	0.440600	1.705500	1.256200	2.815100	0.000000	8.466700	9.681200	10.539400	9.668400
157	1.031500	1.117900	0.616000	1.633100	1.135200	0.000000	0.512900	1.467000	1.130600	1.292500	0.042000	0.804300	1.191000	1.142500	0.871300	1.215800	0.278600	0.521400	0.526900	1.315100
158	2.101700	1.078800	-1.375700	1.768000	1.587400	1.025000	2.550300	0.200800	1.021300	1.167000	-1.341100	0.776700	3.053000	0.000000	2.794400	2.416600	17.420600	13.452300	9.577900	3.287800
159	2.422800	1.617400	0.249000	0.836400	0.255300	7.131200	0.707800	1.310200	1.822900	1.478100	0.272300	0.526700	1.592700	1.123600	1.865100	0.865800	-0.082400	-0.782000	0.164200	0.000000
160	0.502700	-0.383500	-0.905100	1.239300	0.110800	-0.665800	-0.041000	-0.440300	0.000000	-0.282000	-0.667700	-0.623800	0.511600	-0.274900	1.574800	0.416300	0.451700	0.806200	0.759100	1.702100
161	4.622100	2.984400	0.000000	2.802000	2.219900	3.801600	8.712400	2.963500	3.914700	3.194300	0.220100	5.604000	4.951400	4.238200	5.375500	3.473300	24.699600	8.857100	11.970300	41.458400
162	-0.003000	0.506000	0.499600	1.479200	1.100500	0.976700	0.538100	0.000000	-1.272600	1.170600	1.397300	1.135700	-0.245600	0.716100	-1.640900	-0.215200	0.828500	0.125100	-0.113600	1.303900
163	1.315500	0.634200	0.016900	0.859800	-0.082100	-0.599900	0.459900	1.126100	1.169500	1.081900	0.576400	0.000000	0.300000	0.352400	0.937800	0.752800	1.117200	0.640500	0.456600	1.372900
164	1.122700	0.896800	0.497200	1.015400	0.827600	1.112300	0.684900	0.709300	0.528800	0.806300	0.505500	0.284700	-0.498200	0.711700	0.000000	0.896600	0.761300	0.814000	0.725600	1.196800
165	3.461100	2.459400	1.331600	2.797500	2.762900	2.728700	3.008300	2.107900	2.377700	2.477900	1.622900	2.216500	0.000000	1.180000	2.070800	2.870400	2.366000	2.191800	1.957900	2.704200
166	5.074000	3.094000	0.576700	1.003700	0.000000	6.645600	6.204900	3.130000	3.531900	2.296000	0.027500	6.574500	3.357000	2.689300	4.273200	3.818500	16.360500	8.102400	11.778000	9.434200
167	1.194300	0.309800	-0.175200	0.408400	-0.241900	3.475800	0.319200	0.898700	0.507200	0.989500	-0.640400	0.000000	0.442000	-0.325800	0.764800	0.335500	-0.063700	0.134900	-0.039100	0.599000
168	2.138600	1.086900	0.489700	1.310200	0.727700	3.737300	0.514600	1.708600	1.236400	1.682800	-0.327800	0.285100	1.053800	0.000000	1.803300	1.045400	0.858100	1.145600	1.048100	1.638700
169	6.335700	4.530400	1.864500	3.325800	2.322400	7.135100	2.018600	4.608500	5.837600	4.801600	1.772500	3.282400	6.605800	4.164500	7.020000	4.372500	5.357300	0.000000	0.654600	3.114300
170	3.307200	1.921600	-0.393400	0.623400	0.000000	4.635200	1.599600	2.271000	2.253500	2.161100	-0.429000	1.011400	2.737700	1.456600	3.747300	2.463300	3.750000	4.587500	6.042800	3.824400
171	1.326200	0.686700	0.209800	0.644400	0.180400	2.864800	-0.549700	0.812100	0.916900	1.002900	0.285100	0.000000	0.779200	0.320900	1.347100	0.559100	0.347100	0.369500	0.441900	0.868200
172	2.139700	0.848200	0.044600	3.748000	3.791100	4.014800	1.517200	3.241000	2.037300	1.530700	0.580400	1.199000	0.000000	1.049800	1.651800	1.445000	0.757300	0.769200	0.653800	2.751500
173	5.796600	4.009800	1.253400	3.445200	2.885900	9.004700	3.748200	4.077000	5.057400	4.303700	0.552000	3.386300	4.731100	3.778900	5.840000	4.346800	1.703000	0.000000	-0.749700	2.715200
174	1.862100	0.885700	-0.385300	0.000000	-0.752600	3.621000	0.498500	0.434500	1.274900	1.369800	-0.255700	0.114500	1.089900	0.402100	3.139600	2.039800	5.873100	2.819400	2.220800	2.801400
175	1.042400	0.229400	-0.456900	0.462600	-0.259100	1.848600	-0.662900	0.043900	0.269700	0.635600	-0.658700	-0.457200	-0.118800	0.000000	0.656200	0.355900	-0.413100	-0.506400	-0.719300	0.177800
176	1.745900	0.000000	5.647600	1.408200	4.144200	4.247200	5.320700	2.195600	0.689900	2.430500	3.750800	11.850500	12.275700	9.119000	6.895900	5.816800	35.343400	17.853500	14.160600	35.289900
177	2.082000	0.000000	8.052100	3.053800	6.837400	6.052400	19.222800	2.928700	1.081400	3.003500	5.472700	15.467000	8.556300	12.094000	9.578800	7.744200	27.653700	19.138900	16.390700	20.581100
178	3.116800	1.997000	0.475500	1.826900	0.906800	5.928200	0.595100	3.059700	2.966900	2.494900	0.828800	0.000000	2.296800	1.405500	3.048500	1.926100	-0.293600	0.948300	1.027700	1.572400
179	1.435500	0.167700	-0.874800	0.874000	0.194400	3.446000	-0.079200	0.510900	0.608200	0.644200	-1.131400	-0.740500	0.642600	-0.389900	1.514000	0.000000	-0.376900	-0.622500	0.114600	0.443700
180	1.035000	-0.978300	-2.517500	-0.800400	-1.312800	2.550600	6.828300	1.422700	0.000000	-0.768600	-2.476000	3.411400	1.766400	0.347100	1.974600	-0.098400	26.320800	15.080300	6.977600	29.707800
181	2.897100	1.763200	-0.039200	1.007600	0.000000	5.148300	1.050100	1.626400	2.048600	1.814400	0.583900	1.230700	2.936800	1.877500	3.781100	1.590800	2.230100	2.441700	2.329900	2.183700
182	0.686900	0.000000	-0.586100	0.840100	0.146400	5.777300	-0.627800	0.299300	0.482500	0.406200	-0.979900	-0.672900	0.099000	-0.312500	0.816300	-0.295500	-0.920600	-0.368900	-0.196500	0.075300
183	0.855100	0.000000	1.962300	2.939900	3.162200	3.878900	4.284900	2.172500	1.627700	1.107800	1.085100	1.000900	6.359400	3.715700	5.879700	2.434200	10.220500	23.203100	10.187100	51.381700
184	0.000000	2.755500	2.871800	5.385000	5.162500	6.911000	2.395000	5.234200	3.365200	3.115500	2.609100	2.156400	3.055600	3.117100	3.511100	3.384800	3.253700	3.035100	2.917400	3.431600
185	0.919200	0.000000	7.055600	2.829800	4.792600	10.233700	20.477800	1.897400	-0.420100	0.778900	8.432800	10.841100	10.337900	11.407800	5.024600	4.245200	26.763600	20.555500	26.396900	44.315300
186	1.963900	1.423500	2.820800	4.080700	5.092800	1.819300	2.568600	0.765600	1.125400	1.369200	1.096400	1.836800	0.716600	1.365900	0.000000	1.720300	4.361300	5.236900	4.574600	4.486700
187	0.000000	10.273400	26.413800	21.944400	24.882200	17.870700	20.458200	20.613400	14.731900	14.105500	18.667200	21.870300	27.321200	25.712200	23.226600	22.104800	39.283200	33.154800	31.764300	91.245300
188	4.450500	3.040900	1.066300	0.000000	0.534100	4.756200	8.923100	0.971000	2.827700	1.963400	5.102000	8.480500	7.508400	5.650800	5.189100	2.296700	21.770800	18.975200	7.455600	31.958500
189	4.330400	2.740600	-0.870200	0.033000	0.810500	5.697800	8.968800	2.394600	3.899200	2.173300	-0.807100	4.220200	0.000000	1.278600	3.122200	2.871700	28.884100	22.356300	15.437500	12.708400
190	7.023000	5.040700	2.099200	1.470300	0.000000	5.704500	11.399300	4.072000	6.141600	3.948200	0.992700	7.115700	6.119900	4.980000	6.056000	4.647700	13.838600	12.503600	10.821000	13.277900
191	3.478100	2.553400	1.362000	2.922800	2.929300	5.625500	4.521800	4.108300	2.324100	2.350600	0.745400	2.631200	4.295300	3.808800	0.954900	0.000000	6.520200	2.388700	2.781100	1.211700
192	0.360700	-1.616600	-0.828000	-1.008100	-0.227100	2.821200	8.617500	0.886300	0.000000	-0.371000	-0.076700	2.621900	2.423200	0.239900	2.872900	1.741800	14.859100	13.539500	7.595300	7.874100
193	-0.219900	0.000000	12.347500	5.239600	8.102800	8.778300	22.545700	5.512500	3.225100	3.878000	3.852800	20.842500	11.510000	12.033400	3.071100	10.444800	31.173400	14.920300	16.820600	47.697800
194	1.644600	1.334500	-0.705700	3.928700	2.618200	2.546800	1.023200	2.891400	1.772500	1.127800	-1.223100	1.185600	0.066500	-0.702800	0.495700	0.209300	-0.638500	-0.779000	-1.706500	0.000000
195	0.000000	6.724600	20.550100	21.848100	28.330700	15.549000	28.252800	20.454800	10.713100	11.955000	22.473900	20.328100	30.572700	28.509300	23.217200	20.715400	63.718400	55.300900	59.081400	56.766400
196	3.320100	2.965600	2.578100	2.859200	2.878600	3.911100	3.512200	4.127600	3.253600	3.278200	1.468900	3.984100	3.206500	4.679700	3.735300	2.682400	1.516700	0.000000	-0.696800	3.976100
197	4.514800	3.255100	0.000000	3.891100	3.621500	10.228000	8.344000	5.278300	4.734500	2.966700	-0.609700	3.787300	4.021700	2.121200	4.375800	4.065700	17.620700	11.393000	7.474700	10.731800
198	3.666600	3.347600	0.000000	4.212400	3.329400	0.049300	8.085300	2.639500	3.514300	2.985200	0.654100	4.731000	1.947500	1.598000	2.108200	2.334300	14.994200	6.998500	2.250200	4.055200
199	1.104900	-0.286500	0.564900	2.884500	5.174800	3.100600	0.009400	1.509500	0.311900	0.613400	-0.830900	0.562600	-1.434600	-0.452400	0.174400	0.000000	14.412400	0.005700	-0.178000	-0.165200
200	1.656300	0.086700	3.044500	1.560400	1.245500	8.714000	32.534200	1.837700	0.950900	0.214900	2.283300	6.601500	0.134300	0.000000	1.650000	1.914000	30.568600	13.035900	12.552900	6.031400
201	5.045000	4.210300	2.067400	3.268300	3.470700	4.724600	7.909600	3.275100	4.098400	3.635800	0.994100	5.630600	4.738300	3.682800	5.376600	3.491900	3.487300	1.275200	0.000000	2.089600
202	3.536400	2.545700	0.000000	1.012500	0.353000	4.670500	2.482600	2.668200	3.843800	2.624000	-0.366500	2.244300	2.498700	2.397000	3.983700	2.211200	1.720200	6.400200	2.071800	3.600300
203	2.639000	1.632100	2.037700	0.536200	-0.313600	4.027600	1.930500	2.232100	2.836800	1.962400	-0.214500	2.166100	1.625100	2.261000	0.000000	1.639600	13.594600	3.985500	3.562300	4.547200
204	2.720100	2.654500	3.035400	2.493900	2.418700	0.000000	2.436900	2.765600	3.156500	2.871500	1.354400	2.243000	3.000600	2.953600	2.800100	2.785000	3.254200	2.745800	2.643400	3.815900
205	0.461100	-0.285800	-0.887200	-0.239300	-0.767800	0.886200	0.099600	0.387700	-0.475600	0.222400	-1.202600	-0.899500	0.131900	-0.857600	0.765400	0.472600	-0.775800	-1.049900	-1.000600	0.000000
206	1.246700	-0.040800	5.755700	1.886100	2.362600	-1.564000	34.595800	2.964800	0.000000	-0.543700	3.481500	30.336400	8.275200	6.716200	6.861500	5.325300	29.902100	29.219200	25.218800	56.885700
207	4.064700	2.926400	4.223000	2.934800	3.873700	11.641800	17.388300	5.257100	4.279900	2.597600	7.159600	8.499900	7.458400	6.291200	3.160700	0.000000	34.113300	20.500000	16.042300	57.353500
208	-0.521700	-0.512900	-1.421800	-0.740900	-0.879500	1.450100	-1.813500	0.000000	-0.074300	-0.761400	-1.577800	-1.349500	-0.470300	-0.891100	-0.722600	-0.776800	-1.701500	-0.814600	-1.154200	-0.826900
209	5.915700	5.013700	3.763200	7.483700	5.633200	7.159700	0.000000	6.365800	5.293100	5.180500	3.455500	3.202700	5.241100	5.313500	4.991600	4.734300	7.146800	6.876800	4.785800	7.036500
210	-0.008700	0.154700	0.067900	0.001400	-0.082000	0.884300	-0.814200	0.000000	-0.045900	0.046000	-0.062900	-0.635300	-0.012900	-0.389700	0.198200	-0.371900	-0.008400	-0.108900	-0.087600	-0.928500
211	3.604900	4.377400	4.742600	5.618200	6.454400	3.511800	5.288200	5.935500	4.281800	3.783000	4.631400	4.968400	3.882700	4.720200	0.000000	2.942400	6.066700	5.334200	5.175700	5.375700
212	1.173500	0.571600	-0.102600	0.458700	-0.325100	-0.259400	0.362500	1.377500	0.788500	1.150000	-0.426300	-0.052100	0.000000	0.595800	0.343200	0.444400	1.205900	0.221600	0.178400	0.950600
213	5.226100	4.275000	1.022800	3.497100	2.404100	6.806800	4.222800	4.083900	5.300200	3.942300	1.292800	3.935400	4.456800	4.181000	5.128800	3.762000	1.657500	0.000000	0.083800	3.439300
214	0.000000	3.888900	20.349100	17.550600	21.200400	17.288800	17.611000	14.485200	7.083400	7.946400	14.066100	16.907800	18.209700	20.399600	16.747400	16.672600	32.812900	27.284500	27.282100	42.366400
215	0.000000	4.048800	4.269200	5.809900	5.498000	8.431100	4.303100	5.810900	4.353200	4.144100	4.093600	4.279000	4.144900	3.853300	4.117300	4.153600	4.203600	4.436900	4.240900	4.528000
216	0.251000	1.175300	1.746100	3.251500	3.830900	4.375900	1.650400	1.391100	0.000000	1.141900	1.668900	1.648700	0.211400	1.427100	-0.800900	0.092700	3.140300	2.392600	1.811000	2.041800
217	2.998200	1.878800	0.222000	0.810100	0.000000	0.360800	1.118100	1.884400	1.684500	2.451000	0.567600	1.120500	1.090000	1.720600	1.986800	1.930800	0.687300	0.933000	0.815400	1.533000
218	2.166900	1.572000	1.257400	1.841600	1.160300	1.042200	1.405300	1.747500	2.114000	2.337600	1.297300	1.322500	0.000000	1.266500	0.479400	1.920200	0.787800	0.104400	0.374800	1.647400
219	1.755300	0.820800	1.352200	4.854200	9.588500	0.049200	1.333500	2.568000	1.443200	1.513900	0.591600	0.925200	1.747300	1.619100	1.736700	0.000000	1.771200	1.002300	0.951300	0.891800
220	1.790800	0.401900	-1.158500	2.172700	5.154500	3.947100	0.000000	0.749700	0.951200	0.773700	-0.863500	-1.451700	1.909600	0.273500	3.221000	1.162500	-0.185600	0.644400	0.269500	0.236800
221	1.579400	0.000000	0.797400	1.101800	1.694400	6.592500	9.862100	3.850700	2.013300	2.010400	1.194800	8.278300	5.659900	3.516700	5.323500	1.717000	15.700500	8.483300	4.101900	8.217700
222	2.380000	1.463100	0.932700	3.345400	3.134500	10.327300	0.000000	2.346000	1.747300	2.132400	1.195600	0.984900	2.528000	1.502400	3.190800	1.767100	1.369800	0.992000	0.891600	1.828600
223	6.045800	4.503800	1.386300	3.612100	2.617300	2.784500	5.924200	4.715800	5.807300	4.586500	1.334400	5.019000	5.105700	4.459100	5.666200	4.024700	7.383200	1.810700	0.000000	3.790300
224	3.039100	1.257500	-2.332800	-0.617800	-0.924100	0.531400	5.323600	0.000000	1.889600	0.989100	-1.904400	2.352800	2.511600	0.619300	1.111600	1.160600	5.171500	2.775400	-0.660800	19.975900
225	3.834900	2.809300	0.000000	2.383900	1.069400	4.827200	3.314600	2.935500	3.231500	2.776800	-0.811700	2.950700	3.077000	2.371000	4.087000	2.517900	8.009100	5.211600	0.061000	1.822100
226	2.317000	1.185000	0.502900	2.435500	1.639900	5.083700	1.476600	2.210200	1.012500	1.955200	0.877400	1.053000	0.000000	0.941000	1.530100	1.305500	0.839400	0.607100	0.989700	1.648800
227	4.615000	2.542300	1.478300	0.000000	-0.644200	2.790700	14.957400	1.251400	2.787700	1.236400	2.878900	8.712900	4.709900	6.107700	4.066000	3.657500	21.412000	12.195100	10.374900	6.183900
228	4.602000	2.803900	-1.507200	0.000000	-1.151600	5.224300	2.514900	2.744500	3.893100	2.860200	-0.235600	2.638400	3.820400	2.696000	4.896200	3.028000	11.420300	4.735000	4.290600	6.617300
229	2.035000	1.368500	1.232000	2.091400	1.813900	5.734600	1.434700	2.131000	1.746300	1.645300	0.622000	1.008800	0.591600	0.846900	0.000000	-0.414600	1.252300	1.306400	2.244600	2.649000
230	1.517800	0.000000	-0.067200	1.398400	1.559200	3.962400	0.782200	0.060200	0.428800	0.473000	-0.452100	0.781700	1.320300	0.335300	1.843800	0.192300	5.376600	1.998900	1.230500	2.023700
231	5.811400	3.977800	0.000000	1.977700	1.388700	6.825900	9.144800	3.245300	4.617000	3.617700	1.355500	5.676000	5.457600	3.892700	6.117900	3.800600	21.208400	19.554400	10.405500	6.821400
232	2.456700	1.094800	-1.943700	0.000000	-1.196400	4.148900	1.536600	0.780100	1.323400	1.246700	-1.695200	0.994400	2.360400	1.177500	3.464800	2.332100	6.286800	3.844800	8.541800	1.478400
233	0.569300	0.362400	-0.501900	0.807500	0.628700	1.284400	-0.399300	0.080300	-0.413200	0.156200	-0.208000	-0.504700	0.000000	-0.222300	0.794100	0.272600	0.743700	0.755700	0.414500	0.361300
234	1.653800	0.000000	0.551700	1.751100	2.475600	4.993200	0.727400	1.754900	1.214800	0.313600	0.172500	0.505700	3.651400	2.321300	3.976700	4.383500	2.280400	0.786900	0.559300	1.527000
235	4.249200	3.935300	1.657700	1.188100	0.000000	6.118100	2.674800	3.766800	4.553800	3.934400	2.275200	5.585200	4.382600	4.281300	5.501700	4.110700	8.349400	18.243300	10.879600	27.736200
236	0.000000	3.188000	3.756700	4.550800	4.467900	6.016300	3.139800	4.346200	3.789400	3.772000	3.629100	3.318700	3.916100	3.543000	3.643800	3.761800	4.030900	3.866900	3.839300	4.071800
237	0.846300	-0.485700	3.140700	-0.079900	0.516600	-2.375600	0.050000	1.284600	1.121000	0.099700	-0.722500	-0.262700	-0.019600	-0.332200	1.712300	0.386500	-0.404900	-0.574600	-0.815300	0.000000
238	0.420900	0.219400	-0.150800	1.164500	0.408500	1.010500	0.082500	2.069100	0.935000	0.634100	0.583700	0.037600	0.000000	0.383200	0.281100	0.686400	0.959500	0.359200	0.158400	1.093500
239	2.015900	0.924000	0.516200	2.248700	3.118100	5.417700	0.007300	2.857800	1.707500	1.088000	0.307000	0.000000	2.963300	1.138000	3.202700	0.996100	1.840700	0.412900	0.541900	0.806500
240	5.154200	2.850800	-0.455700	0.000000	0.446500	8.898400	9.479900	1.438400	3.320900	1.985000	0.859600	5.126300	4.597400	3.018800	4.398600	2.696200	19.620900	13.553800	9.310000	10.108400
241	0.000000	6.949700	21.366000	16.622400	25.747600	11.445100	28.237500	15.718700	11.427000	11.567900	19.356400	25.010300	25.370400	23.787700	21.104700	19.786000	53.547900	46.870000	44.498900	43.111800
242	6.172000	4.433300	0.000000	1.104800	0.085600	4.342100	6.319100	3.420700	5.403200	3.530500	0.235000	4.167300	4.544500	3.361800	6.023800	4.605000	9.317700	8.521100	3.380400	4.919800
243	3.064900	1.491200	-1.728700	1.627900	0.926700	6.141900	0.000000	3.241800	1.781500	1.100800	-1.401400	0.330700	3.918900	1.055700	4.468300	1.084600	1.260300	9.272900	2.696500	2.391100
244	3.808600	3.400100	0.000000	1.436600	0.725500	4.141800	1.895200	2.774200	3.840000	2.640800	-0.474600	2.132100	3.107800	2.415600	3.636700	2.956800	0.524400	0.314600	-0.233500	1.551300
245	1.485800	-0.466300	-0.481500	-0.105400	-0.514500	5.622600	3.624100	1.364800	0.000000	-0.220400	-0.645000	1.538600	0.900400	0.590400	1.546600	0.522900	14.879200	6.656700	0.396800	-0.500600
246	4.332200	3.297700	3.141100	0.854400	-0.176200	0.000000	6.736300	1.982200	3.651100	2.062200	3.717700	4.234400	3.015500	3.113300	4.046700	3.126700	15.267700	7.558900	4.954000	7.345400
247	3.287500	2.702300	0.886000	3.053300	3.060900	1.387400	3.303500	3.329100	3.359900	2.796700	0.810600	2.084100	3.323700	2.476100	3.758900	3.044300	1.090700	0.000000	0.402000	2.393800
248	0.000000	-0.742500	-0.166100	-0.734500	-0.324400	7.616100	7.258400	1.302600	-1.146500	-0.403800	-1.361400	2.269800	1.107700	-0.430500	1.689200	0.509200	10.020700	15.173300	10.525300	38.431600
249	1.185100	0.849200	0.599000	0.000000	-0.714500	3.647100	-0.108700	0.570400	0.682300	0.473800	-0.209800	-0.166300	0.222200	0.392300	1.966700	0.574900	1.400400	0.684400	0.645500	0.694000
250	2.966100	1.767500	0.097800	1.973700	1.208800	1.353900	1.959300	2.750800	2.592400	2.137600	0.608900	1.569200	2.618600	2.393500	2.337400	2.307600	1.037100	0.492600	0.000000	1.776900
251	0.322700	1.742900	0.089800	3.348700	3.401300	11.162300	1.336000	2.037000	1.428700	0.530200	-0.769800	0.538200	1.400300	1.185600	2.476000	0.000000	0.394800	1.914900	1.520300	1.437200
252	-1.938000	0.626600	0.671800	3.916900	4.366700	4.774600	-0.212400	2.780300	0.000000	0.251300	1.088900	0.255500	1.495400	0.076900	0.963900	0.701300	2.444500	0.714700	0.404400	0.049500
253	2.109200	1.615400	1.565400	0.884000	1.150200	6.010700	7.826300	0.796300	0.995700	1.470700	0.000000	1.831200	3.669100	2.735600	5.589700	3.218700	24.149400	2.813300	2.273500	1.940200
254	1.401400	0.045800	-0.632400	1.667000	3.200000	2.396500	-0.345100	1.249300	0.000000	0.490200	-0.393200	-0.778700	1.740000	-0.103200	3.171000	0.182100	2.881000	0.807700	-0.812100	0.169300
255	0.000000	3.522200	6.292000	8.062600	7.613400	11.503500	5.579500	6.745300	5.372400	5.448100	4.159000	5.179300	6.993000	5.259800	9.800700	9.213600	12.350700	10.275800	9.856100	69.502500
256	0.000000	-0.631000	-0.579400	-0.232600	-0.345900	-1.339000	-0.828900	0.741600	-0.034300	0.793300	-1.089600	-0.828600	-0.355900	-0.370300	0.100600	-0.145100	1.578000	-0.642700	-0.420000	-0.049600
257	0.005500	0.000000	-0.160800	0.384900	0.080800	-0.189800	-0.722200	-0.071600	-0.426500	-0.330500	-0.445200	-0.862500	0.108800	-0.461500	0.198100	-0.435000	-0.490700	-0.133300	-0.467200	-0.414900
258	1.865100	0.692100	-0.622000	1.331300	1.208900	6.122600	-0.301400	2.121000	1.941500	0.563000	-0.368300	1.201700	0.000000	0.875000	0.365800	0.382300	2.733700	2.635500	2.049500	1.916200
259	-0.219200	0.148800	-0.059600	0.072700	0.006400	-1.241800	-0.214800	0.000000	-0.011100	-0.080800	-0.156000	-0.106400	-0.236900	-0.265200	-0.154200	-0.113600	-0.120800	-0.190600	-0.246600	-0.033400
260	0.000000	0.269000	-0.356600	0.603000	0.304500	2.256700	-0.487800	0.497500	-0.031900	0.677900	-0.218000	-0.301800	0.139400	-0.092200	-1.107300	-1.450900	-0.178500	-0.139100	-0.098100	0.071500
261	2.948900	1.904700	0.352600	0.922500	0.000000	5.274600	2.229000	2.090400	2.663700	1.816900	-1.240900	3.442300	2.571900	2.820300	3.283900	2.072600	5.713700	2.068400	3.226700	4.164100
262	1.411600	0.564700	-0.728100	0.000000	-0.401600	0.273100	0.033500	0.641800	1.229200	0.722300	-0.996500	-0.301200	-0.741100	-0.200800	-0.707800	-0.070700	-0.026800	-0.325300	-0.273900	-0.075400
263	0.863700	0.000000	-0.709600	0.228500	-0.393600	-1.519100	-0.013800	0.378900	0.534500	0.546100	-0.909400	-0.434800	-1.069600	-0.653100	-0.215800	0.399000	-0.359900	-0.546600	-0.745100	0.149600
264	2.467900	1.222300	-1.777400	1.369900	0.401500	2.941700	3.538200	1.178300	1.315900	0.951100	-1.896500	2.723300	2.748100	0.000000	2.354400	0.583800	4.530100	0.571800	0.801400	2.800800
265	4.651100	3.673800	-0.102300	1.565400	0.514700	5.586300	3.582600	2.913200	3.933200	3.182500	0.603000	2.733400	3.884800	2.700300	4.197500	3.326300	-0.633400	0.000000	-0.020000	2.122500
266	1.389500	0.000000	-0.540000	0.871900	0.121100	2.501600	0.036900	0.471200	0.268700	0.466000	-0.835400	-0.298600	-0.126600	0.096300	2.413700	1.868000	2.498500	0.169900	3.645700	11.185800
267	3.018300	1.845400	0.639400	2.720800	2.038100	7.687900	1.904000	2.600500	2.740500	2.190800	-0.063400	1.437900	1.922500	1.404200	2.518600	1.938900	-0.492500	0.000000	-0.518500	2.045900
268	3.725700	2.181200	-1.362200	0.000000	-1.044700	0.162600	4.001700	0.865900	2.488400	1.811300	-1.018600	3.187800	3.141000	1.313600	3.737000	2.300400	2.549000	3.804500	-0.837000	1.878700
269	1.586300	0.000000	-3.366400	-0.654900	-2.007300	2.691100	-0.798200	-0.769700	1.161700	0.106100	-3.261400	-0.067100	0.724500	-0.548300	1.549300	0.661700	1.762000	-2.670100	-3.021300	-0.514900
270	0.000000	-1.070000	-2.024000	-0.181100	-1.089800	4.134600	-1.465700	-0.673500	-0.893700	-0.474900	-2.015600	-1.811200	-1.354300	-1.196200	-0.469900	-1.262400	-1.597400	-2.371400	-2.164700	-1.475000
271	2.567900	1.205400	0.706900	0.983000	2.139600	2.848800	2.053000	0.740600	1.301900	1.576800	0.021300	0.597200	0.000000	0.153200	0.445800	0.786200	0.757700	0.301800	0.260500	1.365000
272	5.510000	3.982000	0.000000	4.581200	2.426500	6.894400	3.850300	3.709100	5.251400	4.056600	0.037400	3.693900	4.298300	3.440100	5.225700	3.760200	6.913600	4.800600	1.129000	4.036200
273	2.993700	1.516300	1.260700	1.091200	0.530600	7.163100	1.738300	1.895500	2.260200	1.761000	0.193800	1.771700	0.000000	1.490600	0.225700	1.365700	1.617600	1.202000	0.186500	2.637300
274	1.191900	0.776300	0.234800	1.310800	1.113700	9.704200	0.438000	1.269100	1.313300	1.187000	0.515700	0.000000	0.584200	0.431400	0.877800	1.146400	0.439600	-0.111800	-0.113800	1.156700
275	4.564000	3.593300	2.642700	4.436000	3.622700	6.365300	0.000000	4.666300	3.878000	4.298000	2.056800	3.225700	4.368900	3.935000	4.749200	3.605300	2.018300	2.073600	2.356300	3.280300
276	1.548600	0.000000	0.350400	2.742900	5.233300	5.381000	2.287100	2.364400	1.128000	2.359000	0.195300	1.838700	3.648600	4.472500	4.272800	1.986700	6.147400	3.751700	3.398500	4.155900
277	0.473100	0.474000	0.161200	0.744800	0.194700	3.350500	-0.092400	-0.090900	0.103100	0.933200	0.105700	0.000000	0.686000	0.285900	0.917800	0.793900	0.381100	-0.782700	-0.023100	0.381400
278	0.314400	0.000000	-0.694800	2.385800	1.470900	0.278600	-0.454900	1.749100	0.415000	-0.204300	-0.950400	-0.341600	-0.062800	-0.509800	-0.210900	-0.549300	0.900500	-0.481200	-0.574900	-0.343300
279	0.000000	3.253300	3.111900	3.719800	3.639500	6.036900	2.876300	3.636700	3.364400	3.317200	2.752000	2.534000	3.090700	2.877800	3.143900	3.280700	2.663900	3.422700	2.798300	3.406900
280	-0.240200	-0.505800	-1.388500	0.805000	0.899500	0.094200	-1.036100	-0.275000	-0.909200	-0.348800	-1.672900	0.000000	-0.191400	-0.433000	-0.169400	0.022200	-0.971400	-0.993500	-1.315500	-0.333300
281	1.697800	1.196800	-0.472200	1.158400	0.428900	2.574600	0.000000	1.335800	1.788200	0.655200	-1.073100	0.009100	1.125700	0.697100	1.407200	1.517500	1.332700	1.301600	1.281000	1.820300
282	4.437400	3.847000	0.000000	3.548600	3.004000	1.202400	4.943100	4.712300	4.845900	3.399100	0.045400	3.284100	3.910400	3.149800	5.395600	3.106300	3.547500	3.878200	2.030100	4.004100
283	1.268000	0.000000	9.718300	5.360000	9.566900	6.235000	21.568600	4.585700	1.880100	2.510900	12.356000	16.447700	14.000000	13.812000	8.198600	5.372300	47.125300	42.038600	37.490800	35.995000
284	4.468500	5.117600	2.087600	3.933500	4.499200	5.344600	5.442700	6.034600	4.372400	4.368800	1.134600	4.690900	7.469600	5.779500	6.337600	4.821500	5.389300	-0.239900	0.000000	3.045800
285	5.916700	3.695500	-1.189900	0.000000	-0.003900	7.164200	2.723100	2.287300	4.229100	2.472300	-0.652200	1.495700	3.302100	1.720700	4.219500	2.339800	0.371600	2.214600	-1.416700	0.237200
286	3.429500	1.287000	0.352300	4.386800	3.721900	7.493400	4.329700	2.188200	1.397000	2.998800	-0.201200	3.258200	4.436500	2.144600	5.784300	1.763200	25.072500	1.897700	-1.927600	0.000000
287	5.604800	3.747400	0.000000	1.642100	1.046900	7.955700	3.096400	2.887400	4.354100	3.034000	0.014400	2.995300	4.330100	3.186100	4.625600	3.564600	4.881600	2.478600	1.744500	2.534100
288	1.945900	0.770400	-0.620600	0.000000	-0.427200	1.187700	1.877900	1.558500	1.721700	1.045500	-0.968000	0.926400	0.780400	0.633700	0.819500	0.689000	-0.857300	-1.321700	-1.943500	0.256500
289	3.423800	2.128200	-0.351100	2.042600	2.096200	3.800000	3.818900	3.632700	2.620300	2.075500	0.399000	3.409200	0.000000	0.053800	1.751000	2.040600	7.539500	3.902600	1.786700	2.933500
290	3.258000	1.933000	3.408900	3.440000	3.825500	0.000000	4.180100	6.345800	2.527400	2.570300	1.464300	3.943100	3.834300	3.523700	3.834200	3.442600	4.717200	3.492700	3.098500	4.433600
291	2.080500	0.949400	-0.007600	0.752700	0.117600	-0.426800	0.000000	0.641900	1.183900	1.418400	-0.208900	-0.019100	1.797200	0.521700	1.949200	0.790500	-0.579800	-0.362900	-0.887600	-0.048400
292	1.689800	0.639700	-0.888000	0.000000	-0.527800	1.335700	1.754400	1.100900	1.369200	0.067500	-1.710200	0.350700	0.609400	-1.373300	1.739800	0.702700	7.041800	4.601800	2.146100	2.847900
293	1.532700	0.559300	-0.033200	-0.597800	-0.364900	4.866300	0.560900	0.000000	0.552100	-0.607800	0.492400	-0.345300	1.669600	6.352400	2.096900	1.456200	4.311900	3.769000	4.463700	6.267900
294	2.721700	1.631700	-0.746200	0.016100	-0.332200	4.519100	0.366200	1.336000	2.146300	0.804500	0.229100	-0.007000	1.286500	1.016900	-0.022700	0.000000	3.818700	6.332100	2.097500	1.178600
295	4.224400	3.339900	2.823100	3.175500	2.950100	0.000000	3.340200	3.498400	3.588100	3.096200	1.949400	3.840300	2.814600	3.433000	2.900500	3.447800	2.261300	2.353000	1.611200	4.218700
296	1.819900	1.739300	0.511600	2.132700	1.726900	2.839200	1.428200	1.325200	1.413700	1.322000	0.804600	1.182300	1.076000	1.413000	1.029000	1.524500	-0.096500	-0.231100	0.000000	0.831200
297	1.975300	1.150800	0.000000	2.095100	1.894200	6.034100	0.777200	2.567100	1.276600	1.327200	0.500200	0.303700	1.857500	0.870200	2.570600	1.440900	0.603400	-0.425900	0.443700	1.903100
298	0.080300	-0.219700	-0.616800	0.009100	-0.182000	-1.891100	-0.610200	0.000000	-0.076200	-0.125400	-0.336800	-0.509300	-0.233700	-0.300700	0.116100	0.097800	-0.226700	-0.299000	-0.500000	0.188200
299	3.173000	2.698500	1.729900	2.530900	3.115500	1.634100	3.385300	2.886000	2.915600	2.887900	1.591800	2.777700	0.000000	2.599900	1.906100	2.087900	2.376800	2.302300	2.313700	1.702000
300	0.000000	3.605700	3.707600	4.940900	4.864800	5.236000	2.989700	4.872900	3.699300	3.680500	3.450300	3.317200	3.829100	3.375800	4.093500	3.668500	3.332400	3.407300	3.683600	3.559600
301	2.075800	1.185700	-0.049100	0.306600	-0.144400	4.816100	0.458100	0.867600	1.528200	0.936000	0.097400	0.182600	0.000000	0.368800	0.866300	0.755100	0.765800	0.124300	0.325700	1.078300
302	0.000000	4.119100	7.281000	8.509000	12.132100	9.813300	6.685100	9.958500	4.535900	3.848400	3.526000	5.934600	7.361800	5.936300	6.224500	6.586000	6.621800	8.716800	6.673200	54.653200
303	0.467100	0.200700	-1.081500	-0.282100	-0.599600	0.679100	0.052000	-0.698700	0.110800	-0.519500	-0.395100	-0.655800	0.000000	-0.112300	0.584700	0.311300	0.589000	-1.105900	-0.469000	0.588400
304	2.346300	1.519700	-0.311200	1.036700	0.699100	7.356300	1.211200	1.127500	2.026800	1.168100	-0.180400	0.858800	0.854300	0.881500	1.051800	0.964000	0.495700	0.000000	-0.074800	1.101900
305	-0.122900	-0.078500	-0.064500	0.290700	0.194200	-0.738200	-0.141800	0.121400	-0.068000	-0.148100	0.139500	-0.091700	0.000000	-0.015300	0.103300	0.120400	0.073100	0.065400	0.049800	0.070900
306	0.000000	0.070900	-0.524500	0.177300	-0.246600	-0.131000	-0.513800	0.462700	0.046200	0.010200	-0.929200	-0.375100	-0.642600	-0.781600	0.210800	0.134400	0.093900	0.034300	0.034000	0.212000
307	0.000000	1.649100	5.553400	6.203500	6.804900	4.362700	5.731300	6.346500	2.904700	3.439300	5.720900	5.648500	6.681000	6.231500	6.767700	7.257900	7.289900	6.832400	7.003100	7.397400
308	1.383300	1.231100	1.094600	1.236700	1.091000	1.984200	0.942500	-0.301000	0.000000	1.114900	0.042300	0.665900	0.702200	0.993200	1.967600	1.495500	1.238300	0.398800	0.353400	1.269700
309	3.716700	2.383800	-1.577400	1.632700	0.614400	1.089000	6.103200	1.110500	2.374800	1.591600	-0.985500	2.889000	3.290300	0.910500	4.620300	0.000000	13.905100	4.087000	3.009500	4.604000
310	1.137700	0.669200	0.359600	0.975600	0.614700	-0.368800	0.044800	0.763700	0.784900	1.223800	0.436900	0.130800	-0.355800	0.208500	0.000000	1.233200	-0.023600	0.778700	0.754400	1.270700
311	3.874900	3.383600	1.651800	3.268300	2.231100	1.709800	2.920200	3.656200	3.840900	3.585300	0.829000	2.960400	3.118400	2.971200	3.624300	3.688400	0.519600	0.912000	0.000000	3.017000
312	4.123400	2.394000	-1.024100	0.000000	-0.635300	7.064100	2.565000	1.873200	3.456000	2.222000	-1.606100	1.382700	2.649000	2.010400	3.474600	1.800900	-3.214900	-0.767900	-2.113100	1.224100
313	4.470300	3.815500	2.312300	4.713400	4.329500	2.035200	3.508600	3.383900	3.456400	3.992800	1.828600	3.445400	4.204300	3.353800	4.781600	3.850400	1.727300	0.000000	1.969300	3.697900
314	0.688100	0.426700	0.346400	0.942500	0.752500	1.141800	0.069100	0.178700	0.000000	0.258800	0.244900	0.234400	0.305300	0.124500	0.552500	0.614000	0.493900	0.438400	0.375500	0.757900
315	2.106200	1.702900	-0.028000	0.893800	0.000000	3.895200	1.172900	1.139600	1.741600	2.382800	0.648100	0.746800	1.427300	0.842500	1.836300	1.617900	1.430400	0.354000	0.187400	1.175900
316	7.460300	5.717100	2.220300	3.841700	2.531300	9.305200	5.766900	5.739900	6.773900	5.219300	2.012400	5.370100	5.276700	4.823700	5.210700	4.610900	0.000000	0.719000	-0.450900	3.823900
317	0.637900	0.787900	0.064200	1.607100	0.931400	1.374900	0.655100	0.398600	0.189700	1.005400	0.361500	0.000000	0.705200	0.669600	0.605400	0.353000	0.917800	0.122800	0.303600	1.201800
318	0.000000	4.615100	2.575800	6.919900	6.653000	5.778100	5.103000	7.902300	5.372300	4.281400	3.433400	4.501400	5.248300	4.873600	5.381000	3.980300	8.128000	6.606000	6.735600	17.346400
319	3.486600	1.906300	0.725800	1.632100	1.823900	0.000000	1.815300	2.369000	2.811000	2.149200	0.498200	1.412100	1.310600	1.654000	2.828000	2.110200	0.931500	1.023400	0.836000	2.046500
320	5.841400	3.632900	1.271000	0.000000	-0.394100	5.473100	5.970900	1.822000	3.852800	2.273800	-0.231300	5.066100	3.483500	1.894200	4.538800	2.826500	25.408400	20.306300	14.080100	12.523900
321	6.357700	4.188700	0.871200	1.128500	0.000000	3.442700	7.471200	3.973100	5.874400	3.524800	0.273100	3.802100	5.578800	2.829300	6.369400	4.885700	14.599400	9.746100	6.849100	5.293200
322	4.843000	3.416900	0.343400	1.729900	2.163900	6.940100	0.000000	2.874400	4.439200	2.959000	0.545500	1.146200	5.841800	2.680100	6.235400	2.791900	2.688100	3.468600	1.413600	1.675300
323	1.426800	0.000000	-1.581000	-1.562200	-2.036300	1.618700	-0.061300	-1.036900	-0.082600	-0.211800	-2.040800	-0.084200	-0.110600	-1.047900	1.150600	0.043100	-1.897100	-1.324000	-1.707800	0.016200
324	0.000000	2.546000	14.458500	9.577800	10.145800	11.642000	10.548700	7.276600	3.414500	6.443600	6.005500	12.037900	11.107400	11.444400	10.806200	7.911100	29.086100	31.231700	28.673900	44.939100
325	-0.547800	0.129400	-0.632800	0.393600	0.238700	1.263700	-0.513700	0.263200	0.416700	-0.352900	-1.147300	-1.383700	0.386200	-0.399400	-0.301800	0.000000	1.429700	0.768200	-0.274500	1.809800
326	3.832200	2.573300	0.677500	2.626300	3.789800	2.155600	2.816000	3.510500	3.634000	3.049600	1.478900	2.706000	2.117800	3.241500	3.118000	3.583100	1.964100	0.219800	0.000000	3.023200
327	1.913900	0.000000	1.229900	0.771700	0.536900	-1.280400	8.243400	2.059200	1.697400	1.253800	1.365200	4.622000	0.957500	2.078900	0.829500	1.907200	0.085100	-0.346600	-0.144800	2.492900
328	3.195800	2.767400	0.000000	1.624900	0.843800	1.865800	1.302400	2.503200	3.203000	2.350900	-0.297000	1.000300	2.295400	1.012800	2.764000	1.514600	0.580400	4.676600	0.385300	1.454900
329	0.953200	0.619000	0.889800	1.579700	1.602200	4.952700	0.724800	1.062400	1.068100	1.579600	1.567900	1.242800	1.377100	1.308500	0.381000	-0.295400	0.424500	0.020100	-0.341100	0.000000
330	4.046800	2.873400	0.880600	2.492200	2.983600	0.000000	2.850600	3.814800	4.281600	3.232700	0.447800	2.324100	2.225200	3.143000	3.763100	3.552100	6.380900	1.667400	0.674500	2.329600
331	2.905900	2.386400	2.110700	2.561300	2.284800	2.252400	2.650700	2.883500	2.610900	2.832800	1.423900	2.258800	0.000000	2.200300	1.774400	2.547400	2.556200	2.355000	2.518900	2.370500
332	1.279300	0.777200	-0.382300	0.000000	-0.357400	2.842800	0.144900	0.795600	1.010100	1.012600	-0.347900	-0.018000	0.795300	-0.017400	1.662600	-0.498800	0.941800	-0.089900	-0.265200	0.356000
333	4.785400	2.582100	1.057500	0.000000	0.619600	4.574500	4.607600	1.870900	3.401400	2.605400	1.787000	4.559600	3.103600	3.537500	3.163200	2.717700	11.743700	21.312400	11.775700	22.167200
334	1.603200	0.561000	-0.404000	0.459400	-0.434200	6.631000	0.000000	1.297000	1.866600	0.769500	-0.717600	-0.230500	0.618500	0.228200	1.446900	1.100400	-0.518000	0.009500	-0.398100	1.385200
335	0.734000	-0.026000	-0.459300	0.424600	-0.315900	0.282200	-0.603400	0.255800	0.508000	0.449600	-0.153900	-0.265500	0.000000	-0.532400	0.539800	0.133100	-0.370300	-0.423000	-0.396000	-0.034900
336	1.154200	-0.616200	-2.443300	-1.580500	-1.894300	1.717900	-0.023400	-0.004800	-0.102400	-0.161200	-2.636500	-0.444500	0.000000	-0.400600	0.316800	0.052700	-0.235700	-1.171500	-1.645100	-0.085500
337	3.029800	1.954100	-0.301300	0.000000	0.357400	5.040800	10.007300	1.319100	2.345800	1.118800	0.558200	3.597300	4.387900	1.692300	4.251800	2.728000	20.301300	15.518900	9.893100	19.807700
338	0.789200	0.078000	-0.159000	0.573000	0.370000	5.585700	-0.663100	0.105000	0.050600	0.186900	-0.304600	0.000000	0.463000	-0.216100	1.046000	-0.040900	0.311400	0.724900	-0.302300	0.064000
339	1.977800	1.777500	1.085700	1.922600	1.664500	0.429400	1.706100	1.702600	2.086000	1.849400	1.430500	1.967800	-0.579400	1.732300	0.000000	0.673600	1.604400	0.972300	1.566300	1.091600
340	0.680500	0.227400	0.086600	0.832500	0.439600	-0.543800	-0.110700	0.859400	0.402300	0.455900	0.327000	0.000000	-0.072700	0.100600	0.411000	0.639700	0.064800	0.148600	0.062700	0.731900
341	2.664200	2.772500	0.893100	2.340300	1.882100	4.958900	0.000000	3.263700	3.274000	2.252300	1.300100	1.838400	2.672200	2.098700	2.683000	2.494600	0.937400	1.151000	0.884000	2.159100
342	4.091400	2.914700	0.356900	1.069200	0.388700	6.969900	5.603100	0.000000	1.771500	2.368600	1.484300	2.929600	5.516600	3.891500	3.206300	2.722900	21.873800	10.994300	7.694000	7.574400
343	6.223600	4.543800	0.000000	3.338000	2.257300	4.691700	6.964000	4.795700	4.578200	3.862000	0.405900	5.288700	5.167200	4.136000	5.887400	4.880400	15.614100	10.918400	6.319900	40.393800
344	6.944400	4.884300	1.801900	1.194100	0.000000	5.745800	8.379300	3.998900	4.932900	3.371000	0.575400	4.206700	5.009100	3.203900	5.619700	2.415000	9.421500	7.825400	2.386900	4.239300
345	0.000000	-0.855500	7.429300	3.984500	9.336900	4.014800	10.606300	5.171300	0.667600	-0.506500	3.402900	11.290600	11.143100	11.636900	8.383500	6.095800	29.549100	20.686900	16.776300	36.497400
346	6.222300	4.931500	1.168500	2.501800	1.431600	5.789100	4.768200	4.417800	5.642000	4.123100	0.759000	4.383800	4.221900	4.122900	4.617200	4.551900	2.166000	0.000000	-0.749300	3.349500
347	0.000000	-0.184300	-0.663300	0.084900	-0.237900	-0.888900	2.464500	0.449400	1.419200	1.641900	0.650400	1.679400	-0.741300	-0.659800	0.094200	0.665100	2.198700	2.360400	1.392400	4.411900
348	1.158100	-0.008700	-0.943100	-0.308900	0.186400	-1.385800	0.000000	0.232500	0.236800	0.053500	-1.222300	-0.143800	-0.535300	-0.906000	0.600600	0.176000	-1.461600	0.360300	-1.093700	0.515500
349	5.129800	4.218900	1.626700	4.417100	3.892600	3.913300	3.962900	5.250700	5.041500	3.979500	1.343200	3.652500	4.768500	4.016500	4.961900	4.433600	1.642400	0.748600	0.000000	3.543700
350	4.556900	3.608900	2.714400	3.231400	2.799400	4.366300	4.054400	3.860000	3.734500	3.237400	0.779000	3.759600	4.952400	3.210400	4.499300	2.745700	4.694500	2.050300	0.000000	26.865300
351	2.879600	2.379200	0.523700	0.797600	0.000000	2.848200	4.214100	2.508700	3.416300	2.414500	0.317900	3.045500	-0.245300	1.963700	0.844600	3.468700	9.445800	9.021300	5.453700	4.845400
352	1.472900	0.048400	11.329300	3.817700	7.951500	1.770900	15.279100	2.563500	0.000000	-0.184800	7.382700	10.272300	10.792300	9.039000	5.534600	6.804000	26.182700	15.514900	12.552000	30.980400
353	2.595300	0.720000	3.606400	1.366100	1.177200	6.815400	11.923300	2.095300	1.284400	-0.610100	1.336700	6.838200	1.500400	6.386500	-0.742400	0.000000	53.272700	15.094900	18.043700	59.338700
354	2.242500	1.169000	0.354200	2.053600	1.999200	0.000000	1.005200	3.177800	2.668400	1.944600	0.800200	0.788600	2.803000	0.694300	3.760300	2.019800	8.654800	7.681800	4.892600	7.286200
355	3.647800	3.336000	2.926200	4.347800	5.035800	3.859400	4.129300	3.931900	3.400800	3.419100	3.989200	5.158300	5.032700	4.967300	0.000000	3.081400	4.201300	3.063300	2.807800	5.670600
356	5.246800	3.675300	0.000000	4.372600	5.546500	9.743100	7.583000	4.802500	4.730700	4.044800	0.318700	5.118400	4.100400	3.302200	5.074100	4.906100	7.682400	2.423100	0.246400	3.429700
357	1.912500	1.289600	0.273600	0.000000	-0.823600	0.694900	3.397100	0.885900	1.846800	1.962700	1.431600	2.136600	1.501600	2.084000	2.005000	2.084300	8.049000	8.436300	6.452400	7.547600
358	1.136900	0.428900	-0.489800	0.620400	0.194800	-0.708500	-0.021900	0.684100	0.708000	1.002500	-0.293100	1.076600	0.619200	0.709700	0.000000	0.780100	1.604700	0.452800	0.780800	1.461800
359	3.285600	2.270600	1.370000	2.639600	2.199700	4.749800	0.000000	3.591600	2.762100	2.540900	0.396100	-0.182200	5.685400	2.781500	5.847600	2.466000	11.848300	9.361400	7.187000	4.489400
360	4.805200	2.996700	0.000000	1.536300	0.426100	4.883000	3.214600	2.458000	4.375500	3.295800	0.548100	3.028600	2.607100	2.659900	4.148800	3.172800	5.198600	6.693600	4.647800	1.707100
361	1.738300	0.325600	-0.938000	2.540100	2.380200	9.633700	0.084100	3.048200	0.647200	0.147800	-0.893700	-0.239400	0.000000	0.171300	1.208800	0.071500	1.360700	-0.196900	-0.332500	-0.330000
362	0.922100	0.979400	-0.139900	1.532700	0.926500	4.492000	0.202100	2.226800	1.302100	1.261700	-0.085700	0.000000	1.038300	-0.035600	1.322900	0.324000	0.954000	-0.393300	0.293200	0.059000
363	0.000000	4.788000	8.310300	11.736400	14.473400	12.877700	7.351000	10.414300	5.811500	6.168900	7.683400	6.839300	6.808500	6.684900	9.826500	9.122000	12.109200	10.237000	10.563900	92.328800
364	3.627600	2.067700	0.000000	1.742000	0.878600	6.856900	1.018600	3.460800	2.137600	1.991800	-0.335100	0.308500	2.055400	0.867100	2.801900	1.465800	2.259200	0.613100	0.317200	1.439000
365	3.385300	2.302900	1.196700	1.837800	2.654400	0.000000	1.702800	2.129600	2.129700	1.738900	1.032400	1.195900	0.139800	1.856500	1.748400	2.774700	1.458200	1.725800	1.274800	2.462300
366	4.522800	3.324700	0.000000	2.532300	1.999900	1.966100	1.630500	3.846000	4.249000	3.036600	-0.188300	2.156900	3.422000	2.074200	4.025000	3.707400	4.185100	1.911200	0.299200	3.188200
367	2.762100	2.291700	1.513600	-0.316100	0.870000	6.716300	7.712900	1.558000	2.802500	1.273900	1.778900	4.672600	4.728200	3.262700	1.235500	0.000000	7.299400	9.657400	4.295600	11.087700
368	0.925000	0.271600	-0.242600	0.427500	0.057500	3.387600	-0.446000	0.038600	0.719400	0.684400	-0.706000	0.000000	0.508200	0.106800	0.986600	0.961900	-0.330300	-1.174300	-0.390000	0.802100
369	5.382900	4.057900	3.637600	3.125400	2.523500	2.730500	4.925500	4.353100	4.420700	4.053300	3.509800	3.996900	3.935300	4.135700	4.009000	5.151000	4.199300	0.000000	1.906300	4.151800
370	1.459500	1.147100	0.518900	1.404000	0.561900	3.262000	0.534600	1.222000	1.545700	1.460200	0.410600	-0.077400	0.460300	0.840100	0.000000	0.529700	0.357000	0.720400	0.489300	1.061900
371	1.597700	1.293000	0.232800	1.252700	0.343800	-0.565600	0.000000	1.342800	1.469400	1.412600	-0.242100	0.235900	0.791800	0.902200	1.072800	1.230900	1.274300	0.529400	-0.002800	1.424000
372	0.135300	-0.546000	-0.263900	0.394900	0.169000	0.742400	-1.147400	-0.384300	-1.034500	0.019100	-0.284700	-0.805300	-0.268800	-0.763400	0.000000	-0.610800	0.059100	-0.045100	-0.080600	-0.112600
373	0.327200	-0.311000	-2.091500	-0.350500	1.381100	0.388500	-0.357900	0.000000	-0.486300	-0.087100	-1.114800	-1.159000	0.555800	-0.240000	0.893100	-0.688300	-0.637000	-1.257800	-2.579900	0.135400
374	3.626000	2.795600	1.318600	2.371000	1.493800	5.095500	3.714600	3.018000	3.110600	2.501300	0.945800	3.299900	2.602800	2.799800	2.697200	3.519000	0.349700	0.771100	0.000000	3.198100
375	1.270600	0.957700	-0.065000	1.141800	1.070300	2.003300	0.509800	1.145900	1.481700	1.263100	-0.059200	0.889000	0.587300	0.991500	1.148500	1.443800	-0.307000	0.000000	-0.657500	0.469900
376	1.128500	0.527200	-0.412200	0.789000	0.642400	5.880400	0.136100	0.693000	0.683400	0.341500	-0.301800	-0.256100	-0.005700	0.000000	0.236900	0.616300	0.407700	0.279800	0.012800	1.216900
377	1.369900	1.541400	0.277300	1.407700	0.885500	1.076300	0.368300	1.372600	1.606700	1.604400	0.000000	0.562100	1.185000	1.246000	1.048600	1.189000	0.734100	0.421800	0.151300	1.176900
378	0.313000	-0.115000	0.137400	1.463200	2.663100	5.020400	-0.263700	1.291700	0.000000	0.031200	0.067700	-0.374700	0.013200	0.350600	-0.775400	-0.539100	0.054100	0.333000	0.057100	0.483900
379	1.050100	0.000000	-0.898300	1.291400	2.542900	-1.009000	-0.222400	3.967300	0.550700	-0.081700	-0.641600	-0.625200	-0.332000	-0.137300	0.523900	0.564400	-0.390100	-0.309600	-0.346900	0.297400
380	1.136100	0.388500	0.345400	0.734000	0.310700	-0.115600	0.161600	0.866500	0.245600	0.888600	0.150200	0.207700	-0.337600	0.138600	0.985700	0.107500	0.617000	-0.285100	0.160000	0.000000
381	0.000000	7.197400	15.970200	18.408400	18.682800	15.236400	11.687700	16.794600	11.242200	10.585200	10.791000	10.993200	13.169400	12.080900	13.321800	13.404000	16.992100	15.141800	15.793900	61.644500
382	3.429300	3.217100	-0.571200	2.753400	4.663200	9.137900	5.592200	2.733000	4.248200	2.413000	-0.513000	4.692700	0.633500	3.477500	1.066500	3.497200	5.006400	0.000000	-0.637400	2.419500
383	2.955800	2.207900	0.483200	0.345000	0.000000	4.955200	1.845700	1.809100	2.932500	1.815500	0.853300	1.208000	2.958400	2.277000	3.593800	2.521400	3.393700	2.538100	1.876800	3.280600
384	2.075500	2.134800	1.222900	1.999300	1.276200	4.154300	1.762100	2.298800	2.118200	2.025600	1.293700	1.498100	1.739100	1.638000	0.000000	1.933800	1.056700	0.957300	0.858600	1.895100
385	3.439900	2.393000	1.931800	1.660300	2.524500	1.522200	2.669500	2.801500	2.821800	2.571000	1.083000	2.320700	3.372700	2.518100	3.533800	2.855700	1.209600	0.000000	0.696700	2.377000
386	2.450900	1.845700	3.129200	2.212400	4.397700	0.000000	3.567500	3.684800	3.298400	3.226300	2.798500	2.992100	4.028200	3.369800	5.286900	4.026500	2.613000	2.921800	2.376400	3.938300
387	-1.139900	-0.770200	-1.199700	-0.797900	-0.644600	-2.800400	0.007700	0.000000	-1.616300	0.146300	-0.432300	-0.627000	0.448100	-0.226600	-2.844300	-1.776000	1.721700	-1.267000	-1.342400	-1.767200
388	4.114700	2.965700	0.192100	2.397500	1.637300	6.915900	2.885100	2.824500	3.790400	3.232500	-0.063600	2.565400	3.051300	2.433100	3.520400	3.812500	0.183100	0.000000	-0.646100	2.188800
389	1.109800	1.126300	0.340900	1.869500	1.737400	-0.060800	0.683600	0.748300	0.654100	1.372100	0.076400	0.554300	0.000000	0.186200	0.343600	1.350200	1.209500	0.401400	0.439000	1.223900
390	1.424000	0.201100	-0.767500	0.543000	-0.341000	-0.902800	-0.009700	0.799500	1.181200	0.767600	-0.705000	-0.125600	0.000000	-0.183100	-1.172900	0.448100	0.108900	-0.114400	-0.069200	1.046400
391	2.280600	0.000000	7.316100	1.563100	2.899000	4.847100	8.773700	-0.162900	1.095100	0.416000	7.563100	9.269900	5.855000	7.203600	2.562800	3.116500	12.176200	16.839300	10.605500	34.934200
392	2.187700	1.738800	0.000000	1.538500	0.669800	4.699200	2.352800	2.609000	2.784400	2.117900	0.496500	1.455000	1.970500	2.040200	2.896300	1.322700	4.641700	3.829300	3.049900	4.371000
393	0.503000	0.076100	0.135600	0.760900	0.363700	2.771600	-0.341800	0.125200	-0.293400	0.077000	-0.226100	0.000000	0.286900	-0.056700	0.617700	0.168700	0.161300	0.034300	-0.054000	0.549400
394	1.967900	1.187100	0.000000	2.274500	1.000700	6.151200	0.765200	2.153300	1.637800	1.227000	-0.105700	0.271700	0.436600	0.541200	0.600300	0.802900	1.244900	0.299500	0.151400	0.884400
395	0.000000	2.673400	4.325100	5.622700	5.387000	7.520100	2.453100	5.188800	3.057400	3.070700	3.539000	2.878700	3.743900	3.314600	3.484100	2.903700	6.027100	4.317200	4.131300	4.820800
396	1.898900	0.991400	-0.215700	2.422100	1.996500	6.445600	2.889400	2.224500	1.837800	2.320700	-0.601600	1.206100	2.659900	1.481900	1.700200	0.826000	0.000000	1.018400	0.715600	2.616000
397	1.492900	0.295300	1.681800	2.084600	1.964200	2.933300	1.485900	1.913500	0.633200	1.174400	1.075900	1.601200	1.405600	1.603700	0.000000	1.596500	1.495200	0.008600	0.047100	1.676000
398	-1.394700	0.985500	0.644000	0.814100	0.188500	3.997000	0.348700	0.338300	1.265100	1.047800	0.157000	0.000000	0.331900	0.377700	1.337200	1.049800	0.565900	0.698000	0.686600	1.230100
399	-0.649700	-0.159900	0.350800	0.561700	0.635100	-0.834300	0.050100	0.269100	0.000000	0.066700	0.023300	0.093700	-0.113300	0.002900	0.140400	0.160500	0.355800	0.237500	0.160900	0.423600