SITE	GLY	ALA	LEU	VAL	ILE	PRO	ARG	THR	SER	CYS	MET	LYS	GLU	GLN	ASP	ASN	TRP	TYR	PHE	HIS
5	-0.307300	-0.132200	-0.049500	-0.029800	0.179600	-0.245800	-0.208700	0.034800	0.000000	-0.030500	-0.354000	-0.349800	-0.095900	-0.289200	-0.921200	0.047800	-0.128400	0.236000	0.259000	-0.088100
6	1.583700	0.811700	0.499800	0.824200	0.003200	0.747300	0.693000	-0.712400	-0.149900	0.768800	-0.068600	0.714900	-1.596700	0.654800	-2.610800	0.000000	0.915600	0.184400	1.024100	0.228800
7	1.665600	0.886300	-0.140300	1.404900	0.784700	-0.746500	0.346900	1.561700	1.739400	1.830400	0.000000	0.532800	0.152400	0.875500	1.215600	1.353600	1.462800	1.134500	1.066900	1.519800
8	2.811800	1.849300	0.000000	0.553100	0.107100	3.199100	2.148800	1.904600	3.185900	2.071500	0.219400	1.708100	2.114900	1.669100	2.791400	2.580100	7.039800	4.243200	7.325600	5.203600
9	2.020900	0.734800	0.000000	3.097300	2.624100	3.652000	1.100700	2.235000	1.521900	1.550700	0.525200	0.802900	1.270700	1.284700	1.802200	1.346500	0.696000	0.604300	0.501100	1.051900
10	5.215700	3.717700	4.857400	3.781100	4.407100	7.986900	23.631700	4.381100	4.038000	3.010200	7.512200	11.686200	8.553400	8.662800	4.907500	0.000000	42.347600	25.000000	23.529300	26.370400
11	6.021300	4.903600	2.315500	2.953100	4.249300	10.381600	7.345500	3.942600	5.378200	3.948800	2.975000	4.822000	7.798000	6.773300	7.512000	5.821000	18.742500	0.000000	5.746700	4.633500
12	3.499100	2.063500	1.471300	0.000000	0.905000	6.824800	1.868200	0.454600	2.065700	1.879000	2.190000	4.017600	5.623700	4.112700	3.117300	1.062700	16.491500	12.757900	7.968100	31.469600
13	3.744600	2.636600	2.779300	2.719900	2.675900	0.000000	3.402500	4.789500	3.550400	2.585700	0.452000	3.417100	3.445000	2.593900	4.949400	3.430800	15.352100	10.340000	6.876800	39.851600
14	4.826300	3.033700	-0.459400	0.000000	-0.299500	6.679500	12.076000	2.695500	4.184400	2.355200	-0.182300	5.996700	3.460700	3.346000	5.039800	3.400300	16.219800	10.861500	7.679600	3.319300
15	3.630100	2.892400	0.326500	2.590800	2.424600	3.319300	1.224700	2.122700	3.742400	2.603200	0.599300	1.896900	5.068500	2.973300	5.264400	3.058600	-0.156700	0.000000	-0.862200	2.814800
16	5.102300	3.152000	1.010500	0.000000	0.211800	7.275400	8.813700	1.869300	3.704000	2.576200	1.474400	5.921900	6.267400	4.531400	5.247500	2.848700	16.889500	12.436200	11.463400	21.929600
17	2.575000	1.642200	-0.449800	1.872600	1.045500	5.331600	0.158500	2.093800	1.788200	1.675700	0.000000	-0.437600	2.614300	1.470200	3.941200	1.837300	-0.312000	-1.510000	-0.311100	0.810800
18	5.762500	4.341300	0.000000	2.570900	2.439700	4.173000	4.809200	3.627800	4.950900	3.655100	-0.150500	4.336300	5.524200	3.910500	6.245900	4.381000	5.864600	5.012600	1.931900	3.676800
19	2.789500	2.192700	1.074600	2.344300	1.806100	0.000000	1.371700	1.796100	2.089400	2.380400	0.315800	1.653900	2.509700	1.841100	2.477300	2.336300	1.835100	2.076100	1.900700	2.074200
20	2.219000	1.410700	0.000000	0.895800	0.385000	-0.036800	0.697500	1.379900	2.069100	1.166700	0.281600	0.343700	1.393300	0.496100	2.279200	1.416700	0.736800	0.878200	0.595100	1.544000
21	0.000000	1.913600	3.170300	4.586400	7.203400	7.811200	3.319200	5.395500	2.758700	2.459100	3.725500	2.967500	4.875400	3.043700	5.406600	3.160200	8.864700	9.134600	9.191600	5.255100
22	3.513400	1.819600	1.381100	0.000000	-0.488700	1.819000	3.118100	1.984800	2.267000	1.778600	0.034400	2.829700	3.125500	1.504800	3.727600	1.792800	11.480300	9.997000	4.855400	3.570700
23	4.527800	2.859600	1.841400	0.000000	-0.579100	4.125200	16.680900	1.215600	4.177600	2.149100	3.350000	7.438800	4.621700	5.932200	4.318200	2.396300	22.825700	20.887800	11.524100	27.960900
24	0.410000	0.096100	0.234900	1.340500	1.012100	1.546300	0.588600	1.203000	0.243900	0.317600	-0.599300	0.144200	1.482200	0.704700	0.883000	0.000000	1.048600	-0.429200	-0.245500	0.393800
25	0.705200	-0.102400	-1.549000	0.000000	-0.423500	-1.817300	-2.045100	0.258200	0.330500	-0.227500	-1.627100	-0.987500	0.367600	-0.173400	1.056100	-0.060500	-0.518000	-1.231400	-1.903200	0.053700
26	0.314200	0.012400	-0.797800	0.328700	-0.228300	0.364300	-0.002900	1.347100	0.178000	0.478400	-0.422200	-0.220100	-0.106200	-0.420100	0.000000	0.323000	-0.330600	-0.733900	-0.792300	0.074300
27	-0.464400	1.110700	0.130100	2.265300	2.412800	7.848200	0.379200	2.250100	1.796700	0.766900	1.806500	0.716200	2.400200	2.028000	3.394000	0.000000	7.503200	4.042800	3.598300	4.210700
28	1.397800	0.781700	0.428200	0.000000	-0.410200	3.318700	-0.188800	0.020600	0.708400	0.648900	0.257400	-0.091900	0.771200	-0.165100	1.274900	1.028600	0.948400	0.553700	0.481000	0.198900
29	5.495300	4.829000	1.938700	3.980500	2.768200	3.344700	4.478200	4.990800	5.208300	4.293700	1.413700	4.313600	5.300700	4.568800	5.327900	3.690400	5.670300	4.796100	0.000000	2.605800
30	0.187600	0.127800	-0.608500	-0.056500	-0.483700	0.798500	-0.509400	-0.215000	0.249300	-0.212100	-0.503300	-0.558600	0.000000	-0.361900	0.145100	0.211500	-0.557000	-0.635600	-0.312300	0.027100
31	3.662800	3.607200	4.071600	4.256500	4.468700	4.334100	3.925200	3.856900	3.436600	3.963800	3.893200	4.174900	1.931400	4.425900	0.000000	2.619000	4.195400	1.612200	1.357500	3.556400
32	3.244200	2.251500	1.330300	2.479100	1.927600	0.000000	1.633400	3.471000	3.136400	2.442700	0.915100	1.395100	2.023800	1.912800	3.191200	3.487700	3.647600	2.776600	3.135800	2.908400
33	1.258100	1.109300	0.814200	1.352300	1.079900	1.340800	1.155100	1.224700	0.805700	0.713100	0.479300	0.730400	0.247300	0.905500	0.000000	0.993000	0.689900	0.751900	0.759300	1.080200
34	0.000000	0.855000	1.018000	2.576300	2.214500	2.812600	1.106700	0.956600	1.312300	2.206300	0.714100	0.984900	1.980300	1.215600	2.224900	1.968000	0.072200	1.179600	0.936600	2.071600
35	5.689300	4.193900	0.000000	2.455100	1.705700	5.379600	4.022100	4.089600	4.938200	3.963800	0.125200	3.431700	4.830600	2.887300	5.711900	4.189600	6.757100	7.300400	5.514800	4.621700
36	2.149600	1.258900	-0.180000	3.249700	4.052800	10.272600	0.717900	3.257300	2.495300	1.824900	0.136700	0.000000	1.821400	1.426500	3.120000	2.154900	1.223300	0.367500	0.133800	1.451800
37	0.580300	-0.120200	-0.276400	0.240200	-0.243300	0.511400	-0.021200	0.488300	0.474700	0.641500	-0.643000	-0.194500	0.000000	-0.370100	0.371100	0.459800	-0.141800	0.018600	-0.161500	0.558100
38	1.738700	0.297000	-1.336500	0.575000	0.098000	2.390500	-0.393300	0.110500	1.565900	1.114200	-0.921800	-0.542400	0.869900	0.000000	1.756300	0.772200	-0.559500	-0.834900	-0.839900	0.539800
39	5.984800	4.313200	0.000000	4.280800	2.616700	8.546300	6.566500	3.674600	5.140000	4.048800	0.262900	4.270100	6.057400	4.106900	6.787400	3.819600	13.251900	6.626500	2.976500	3.330200
40	2.438200	1.245600	0.000000	1.405300	0.613300	7.745100	0.928300	1.662800	1.425900	1.430700	0.326300	0.720500	1.395700	1.157100	2.072000	1.066200	0.940600	0.992600	0.832500	1.496500
41	1.315600	-0.147100	-0.971100	0.735500	-0.195700	4.511800	-0.586000	0.564900	1.000000	0.402300	-1.198600	-0.692900	0.266700	0.000000	1.306700	0.154800	-0.684100	-1.415100	-1.132700	-0.196500
42	5.565400	3.576900	0.000000	3.834900	3.455900	6.469500	8.317800	4.790100	5.354800	3.681600	-0.374200	5.612800	4.534000	3.576400	5.685100	4.265900	11.228700	9.279900	7.323100	14.523300
43	1.928700	0.823400	0.358600	0.802400	0.277300	3.540600	0.000000	1.253800	1.395400	1.019800	-0.157100	0.064400	1.794500	0.361400	2.854600	1.782100	1.174900	0.784300	0.731100	1.332100
44	-0.404300	0.000000	-0.017200	0.845700	0.834700	2.637300	-0.821000	0.226400	-0.465400	0.719600	0.033900	-0.148400	0.281100	0.425500	0.831800	-0.347200	-0.025000	-0.344400	-0.537700	-0.897100
45	1.878400	0.000000	1.319500	1.490200	0.591200	3.456600	6.818500	1.952700	2.147500	0.439000	1.114800	4.541200	3.020100	3.070000	2.869900	2.036000	12.180800	23.600300	17.710200	19.399200
46	0.000000	3.289000	3.509100	8.744800	9.069300	8.448100	2.986700	9.214400	4.688100	3.635200	3.097800	3.970800	6.243000	4.402300	5.251900	4.476700	6.809400	5.427800	5.333900	5.473100
47	4.206600	2.467900	-0.288100	0.000000	0.310800	6.579400	9.520900	2.413400	3.550200	2.143000	2.755200	5.813400	6.432700	3.792400	5.144200	2.509000	18.670900	14.182500	10.035700	4.162600
48	3.645900	2.583000	1.748300	2.064500	3.964400	2.832000	2.564700	2.864000	2.941800	2.454100	1.461900	1.895900	1.062700	1.573400	0.000000	3.084400	5.861800	1.604400	1.102100	2.764900
49	0.000000	4.598800	14.123700	12.991400	15.131300	8.922400	13.371900	11.049100	6.354000	7.106600	11.504600	14.757900	16.092800	13.815700	16.712300	14.023200	28.766100	28.807300	27.685000	80.863500
50	4.740300	2.977700	1.125600	0.000000	-0.523300	5.418900	7.528600	1.241500	2.637400	1.710900	-0.526100	5.835600	5.393100	4.295500	6.245100	2.150300	20.189100	13.230300	5.190200	26.371500
51	4.196300	2.594800	0.522900	1.232600	3.853200	4.506700	1.027400	1.052500	2.894100	2.222400	0.000000	0.595900	6.806900	2.763200	6.646900	2.022200	10.619000	8.410800	5.620300	5.245300
52	3.611800	2.509000	-1.203300	0.000000	-0.724400	3.078600	3.824700	0.921300	2.394200	1.490000	-0.284900	2.733100	3.799200	1.700100	3.702400	2.774200	7.962700	17.457300	4.355900	6.461300
53	1.849400	0.333900	-0.640000	0.473900	1.838000	-1.958100	0.073600	0.886400	0.335800	-0.006600	-1.926500	0.000300	0.372200	-0.305200	0.000000	-0.490900	-2.497800	-1.530000	-2.078800	-1.264200
54	4.774400	3.194000	-0.670300	0.000000	-0.155800	6.069700	7.002100	2.459300	3.348000	2.208000	-1.081400	5.679900	3.675000	3.713400	3.560700	2.432600	14.684400	10.922300	6.979100	9.097500
55	3.740900	2.717500	0.657400	2.735700	2.183700	2.874600	1.682400	3.765700	2.953500	2.770100	0.825000	2.126600	4.414300	1.899500	4.652600	2.883200	0.000000	0.457400	-0.968200	2.311900
56	7.227400	5.981700	3.732600	4.795400	6.682400	10.297200	5.973400	6.870600	6.642500	6.077000	3.425300	5.753900	6.963400	5.716300	7.853000	5.656000	0.000000	4.722200	3.267700	4.768400
57	0.000000	2.842700	12.110200	9.629400	13.125300	2.957400	15.941400	10.777300	4.607100	4.718200	9.678600	12.040700	9.069800	5.787500	11.485000	7.114200	27.293500	17.745900	17.248300	27.108600
58	2.613600	2.066400	0.490200	0.653000	0.000000	3.951500	6.538400	1.550900	2.217300	2.101300	-0.154100	1.327400	4.227700	1.702500	4.420800	3.119500	14.486700	15.311100	11.503500	6.791500
59	4.910400	3.119700	1.500700	1.100100	0.000000	7.590800	10.842000	3.376400	4.482000	2.982600	1.840600	3.489100	4.431100	2.839000	3.760200	3.007400	16.355300	15.973500	7.942200	4.414300
60	5.713700	5.399100	6.613000	8.000800	10.380200	10.399900	12.317900	9.287800	7.157200	5.620300	6.774200	10.025200	0.000000	5.381900	7.041200	6.736500	27.709800	34.954500	23.260700	63.511200
61	0.505800	0.015000	0.000000	1.143000	0.765000	3.120900	-0.034600	1.130600	0.469200	0.830900	0.019700	-0.472400	0.116900	-0.035700	0.902900	0.260800	-0.068400	0.298300	0.263100	0.382900
62	0.535900	0.143400	0.137000	0.792300	0.486900	0.057400	0.022100	0.619000	0.494800	0.564400	-0.024900	0.000000	0.244800	0.187700	0.420800	0.454700	-0.098000	0.115600	0.028100	0.407400
63	0.000000	3.293800	3.843200	5.977600	5.619800	7.424400	4.339900	5.865400	4.075300	3.385300	3.314500	3.863200	3.175700	4.077000	3.588300	3.376700	4.829600	5.126400	5.118300	9.858800
64	3.764200	2.437000	2.085000	2.961900	3.848000	0.000000	2.514300	3.257700	2.588300	2.755700	1.746000	2.160800	1.429200	2.127200	2.738800	2.754400	1.852800	1.822700	1.941200	2.701100
65	0.359700	1.626100	-0.101200	2.893500	2.910300	6.372600	0.377400	3.397200	1.413500	1.353200	0.125600	0.000000	0.627100	0.624000	0.830000	-0.127900	1.843900	0.416000	-0.042400	1.659000
66	1.229300	0.849200	0.292900	0.444700	-0.324100	4.999400	0.037700	1.087300	1.674100	1.142400	0.075100	-0.025400	0.669900	0.000000	0.521400	0.652300	0.655200	0.481600	-0.159200	0.234100
67	5.313600	3.556400	2.232800	2.783600	2.799700	4.062700	3.016200	3.350400	4.452300	3.584400	1.144900	2.661200	4.287600	3.686700	4.450500	3.735600	0.786900	0.000000	-0.235000	3.035100
68	3.096100	2.365500	2.024400	1.894300	1.214000	4.061900	1.699200	1.948700	2.083300	2.256000	1.652100	1.481300	1.840400	1.539500	0.000000	0.575000	1.663200	1.815500	1.399000	2.271600
69	5.385400	5.164800	2.307800	4.360000	3.843100	4.123600	3.099500	4.854000	5.231700	4.784100	1.622700	4.301000	5.109100	4.575100	5.603700	4.646100	0.000000	0.437000	0.527300	4.259400
70	1.084900	1.013500	0.449800	0.996200	0.657300	1.915600	0.000000	-0.075600	0.014500	0.956000	0.729200	0.444800	0.721600	0.518200	0.911600	0.075200	0.514600	0.299000	0.217100	0.541200
71	1.337000	0.000000	4.981200	3.795100	7.201300	-1.237100	5.319600	3.852700	0.689500	2.926100	3.833700	5.015200	3.287100	2.956100	5.700400	3.423200	15.484600	14.558000	13.571300	51.079300
72	7.170200	5.074900	2.007200	3.501100	2.719700	2.497700	4.141100	4.749600	5.512800	5.144600	1.879900	3.627900	5.904600	4.680900	6.571400	5.687600	1.380900	0.000000	1.124300	3.647200
73	4.412600	3.117000	1.659900	2.590500	1.942800	5.454800	0.000000	3.758400	3.548300	3.295300	1.936800	1.503600	3.665300	2.665200	4.947600	3.391700	3.995000	2.672600	4.078600	4.336500
74	0.905200	-0.155400	-0.941900	-0.445800	-1.175500	1.541900	-0.494200	-0.277700	0.000000	0.353300	-1.511500	-0.752800	-0.331600	-0.816200	0.227900	0.259600	-0.644800	-0.719700	-0.864600	0.061600
75	6.164400	4.319400	0.000000	3.633700	4.727300	7.881200	6.164900	3.539500	5.126100	4.349700	0.505700	4.426200	5.105300	3.016100	5.896800	4.993000	7.804600	2.829800	1.177700	3.718300
76	6.868200	4.985400	1.390200	6.637800	3.140500	8.383600	4.759900	4.137300	6.698100	4.936900	1.197100	4.340600	5.903100	4.908800	6.952400	5.156300	5.361800	0.893300	0.000000	4.043100
77	1.110400	0.298200	-0.245000	0.332500	-0.252800	3.917700	0.074400	1.134700	1.182000	0.988200	-0.372900	-0.149900	0.244800	0.000000	1.025100	1.032800	-0.056900	-0.578700	-0.380700	0.802100
78	3.869000	2.542100	0.000000	1.917300	1.389700	4.641800	2.480500	2.418800	2.768800	2.575300	-0.053900	2.093000	3.263000	2.206600	3.981000	2.524500	2.200600	1.913300	1.291600	2.143400
79	4.639500	2.801100	-0.439900	0.000000	-0.528200	4.648500	5.205700	1.452300	3.971100	2.569500	1.011800	5.144600	5.005300	3.613400	5.645900	3.548800	12.128300	5.802900	3.353300	2.733400
80	1.547200	0.214100	-0.821000	1.763700	3.010600	7.244100	-0.311600	2.269700	0.456600	0.886100	-0.924700	-0.359100	0.686000	0.000000	1.500100	0.847700	-0.038000	-0.731500	-0.541200	0.804100
81	-0.098600	-0.480500	-0.666600	0.474000	0.181100	2.513900	-0.709100	0.804600	-0.347000	0.073300	-1.137500	-0.795700	0.000000	-0.395500	0.648400	-0.288600	-0.746300	-0.553100	-0.721300	-0.359000
82	2.119400	0.813400	-0.335400	0.151600	0.465700	2.552200	1.904900	0.660100	0.691400	0.000000	-1.045600	1.388200	3.625300	3.918900	4.285300	1.834900	5.850400	8.350200	5.138200	5.105200
83	0.000000	4.481300	3.898400	5.947900	5.595300	8.704300	4.298300	5.651000	4.815300	4.745600	4.128600	3.340000	4.174500	3.870500	4.194300	3.575500	3.171700	4.395300	4.164300	3.569200
84	4.803800	3.567400	0.000000	2.043800	1.813100	8.148000	7.667500	4.469500	3.563400	3.062000	0.168200	2.929400	6.191600	2.212500	6.637100	4.448200	17.286000	14.005900	8.096000	3.901000
85	-0.120300	-0.482100	-1.233300	-0.734100	-0.885600	-1.714700	-2.045800	0.000000	-0.644600	-0.317700	-1.204600	-1.183300	0.241800	-0.526500	0.722400	-0.006200	-1.057100	-1.322100	-0.970800	-0.531400
86	4.539600	3.882200	0.000000	0.295800	-0.899100	11.419400	6.683500	2.596400	4.860400	3.079300	-0.019700	4.277000	5.138000	2.739100	5.810600	3.242500	9.945800	7.193400	4.424600	3.225100
87	3.605400	2.550200	1.657300	0.393300	1.785600	2.036500	-0.026800	1.204100	2.500800	1.834700	0.507600	0.730200	3.761500	0.000000	7.550800	3.520100	5.305500	8.381000	7.666200	6.387800
88	2.187500	0.000000	-0.193200	-0.895100	0.035800	1.221600	10.804900	0.858300	1.774000	0.068000	0.291800	6.944900	5.166000	3.703900	2.499400	1.136900	22.935600	23.728000	23.008800	14.943200
89	4.834900	3.382100	1.442600	0.745700	0.000000	5.150100	1.938700	3.393700	3.800500	2.784400	0.676200	2.014200	6.693400	3.185300	6.941200	3.008900	9.111400	8.157500	2.989500	3.320200
90	6.634600	4.443200	1.885800	5.108700	3.565500	4.580000	7.197900	5.399100	5.738300	4.368800	0.000000	3.420900	5.452200	4.620800	5.545400	4.721900	21.174600	10.910200	7.071100	6.963500
91	0.637400	0.182400	4.372700	4.449600	2.452200	4.978800	-0.230000	2.896900	0.000000	-0.167900	1.626200	4.129500	4.999600	4.720400	4.408800	1.127700	14.448500	8.578800	6.266700	20.204800
92	4.620600	5.172400	2.388500	5.164700	5.532800	3.331700	7.638800	5.111300	5.026100	4.227300	2.057400	5.429500	5.728800	5.332000	5.838700	4.459000	5.275000	0.721100	0.000000	3.416300
93	0.116900	-0.331600	0.625900	-0.457900	2.096300	1.641700	-1.061700	-0.819600	-0.457600	-0.284400	-1.379600	-0.719200	3.511800	1.971100	2.743600	-0.103200	2.339000	-1.354800	-1.037000	0.000000
94	0.817900	0.050100	-0.095900	-1.329000	-0.446300	5.123900	1.039900	0.701900	0.202000	0.175200	-2.177100	0.780300	0.090200	0.000000	3.437600	1.789700	7.270700	7.344100	7.857700	16.288100
95	1.572000	-0.141500	-1.194100	3.260800	2.165200	11.227800	1.282600	2.096800	1.305700	0.000000	-1.173300	1.317600	2.483900	1.369100	4.269400	2.392000	8.956100	4.371800	2.155900	5.824000
96	0.000000	6.038000	12.718200	15.244600	15.674500	13.454100	11.212800	16.111200	7.090400	9.330700	8.872700	11.476200	12.503900	11.048000	16.675800	14.614600	34.921400	37.424000	32.863900	63.022900
97	0.000000	2.380100	2.193000	3.813600	3.098500	8.320600	3.343600	4.978400	3.893500	3.060300	1.904600	3.444200	3.563400	3.063800	3.469500	3.808800	2.812800	2.253900	1.680100	3.962800
98	-1.570500	-0.433200	-0.995800	-0.228700	-0.648900	0.877700	-0.541000	-0.325400	-0.346500	-0.416800	-0.806300	-0.312200	0.253200	-0.054900	0.023400	0.000000	-0.336500	-0.506300	-1.229000	0.182500
99	-0.091000	-0.295000	-0.178200	0.000000	0.055500	-0.454300	-0.238500	-0.116900	-0.197400	-0.063900	-0.161700	-0.196200	-0.530100	-0.250200	-0.276800	-0.020900	-0.198200	-0.229200	-0.235100	-0.153600
100	0.000000	1.350500	0.757300	1.349600	2.866700	5.332200	0.550600	1.171600	0.969600	0.971700	0.790200	0.491900	0.786700	0.566500	0.754000	0.494000	0.474200	0.361600	0.329000	0.752100
101	-2.974800	-2.149700	-1.162600	-1.158200	-0.159500	-0.835300	-0.619900	0.143000	-1.729800	-1.797700	-1.701800	-0.197700	-0.563000	-0.161800	0.000000	-0.385300	2.176200	0.955400	0.772500	1.731900
102	0.060500	0.126300	-1.049600	0.161100	0.000000	-0.460400	-0.701000	0.121100	0.118000	-0.566900	-1.562100	-0.813000	-0.414900	-0.442600	-2.342200	0.015100	-0.984400	-1.115000	-1.470100	-0.237800
103	2.459900	1.555000	0.216200	0.000000	-0.279700	2.047800	0.281800	0.684200	2.269900	0.652000	1.075600	0.180800	1.761600	0.912100	2.668300	1.587800	1.494900	1.006900	0.603700	2.395200
104	0.068900	0.045500	-0.688400	0.393700	0.286100	0.668100	-1.325000	1.101300	0.491700	-0.266400	-0.636900	-0.784600	0.310500	-0.895100	0.549600	0.000000	0.263800	-1.145700	-1.418400	-0.265900
105	5.475200	3.222100	0.457200	1.138100	0.000000	8.064900	3.412400	3.174800	4.756400	2.647900	-0.108700	2.148200	5.279700	3.430700	4.976200	3.624500	7.932900	3.440400	1.719100	4.466900
106	1.427900	1.133300	0.627000	1.630600	1.400300	0.000000	1.395000	1.555200	0.858700	1.209900	0.698000	0.817500	0.656000	1.367800	2.148700	0.783600	1.845500	-0.150100	-0.550900	0.923100
107	3.242700	2.540100	1.729700	2.260600	0.000000	0.827100	3.398900	3.532200	3.792500	2.267500	-0.690100	3.107300	4.038900	2.579900	5.214900	3.592400	15.909100	13.898200	8.987600	44.458000
108	5.506600	4.192800	10.005000	5.872500	10.531800	0.000000	11.333200	6.477300	5.840200	4.668300	13.326600	11.171400	12.935200	13.031700	9.131100	4.928400	49.254800	40.394500	29.651600	33.249900
109	0.916400	0.293800	-0.286200	0.314800	0.043900	-2.179500	0.047900	1.112000	0.928000	0.858600	-0.854700	-0.141800	0.078800	0.000000	0.594500	0.905100	0.176000	-0.136500	-0.110700	0.815000
110	5.993100	5.031300	4.052800	4.857300	4.025200	4.988500	5.155500	5.770100	5.818100	5.140800	3.077400	4.855400	5.232600	5.403000	5.397600	5.825100	0.000000	2.708300	1.817800	4.507400
111	4.075200	2.629800	0.628800	0.000000	-0.745700	9.272800	7.758800	2.131300	4.026000	2.390700	0.655100	5.898700	3.964500	2.140100	4.021600	3.208300	17.133700	13.532900	9.071600	9.594900
112	2.323400	1.580700	0.000000	1.175800	0.193200	4.180300	1.122900	2.809800	2.594200	1.726400	-0.400400	1.456600	1.665100	1.085500	2.056700	1.834700	2.539800	3.931300	3.679700	1.789400
113	1.008200	0.218900	0.046200	1.104600	0.462700	4.747400	0.466700	1.165900	0.199400	0.938700	-0.061600	0.213100	-0.000900	0.099200	0.000000	0.675000	0.305000	0.025700	-0.221900	0.958800
114	0.903300	0.485700	-1.061600	0.138500	0.000000	2.697300	-0.061200	0.083900	0.411900	0.319400	-1.197000	-0.543900	0.880700	0.160200	1.485700	1.352800	-0.150300	-0.808400	-0.840300	1.373400
115	0.000000	1.619900	6.514100	4.109100	3.582100	4.711600	3.627800	1.929600	-0.304100	2.074900	2.700400	3.166300	5.363800	5.100500	6.026900	4.992000	7.594300	14.302100	9.602300	10.646200
116	0.190600	-0.172300	0.069300	0.446200	0.309900	1.609000	0.064400	-0.092300	-0.406500	0.041800	-0.031800	-0.061500	0.000000	-0.184000	0.199900	0.068600	0.566700	-0.201000	-0.057500	0.265400
117	0.311200	0.369000	0.101400	0.876300	0.661400	1.018300	-0.062400	0.156500	0.000000	0.164100	0.173500	0.139100	0.258300	0.012900	0.375500	0.138100	0.369900	0.265800	0.182600	0.196200
118	2.380300	1.123900	0.564700	1.388100	0.799500	4.966500	0.858600	1.505900	1.319600	1.023600	0.005700	0.645900	1.582100	0.785200	1.344300	0.000000	1.394000	1.515200	1.348400	1.655600
119	-0.374800	-1.097000	-1.473100	-0.240800	0.010700	-2.834900	-0.762500	0.157800	-0.324400	-0.399400	-1.166500	-1.042700	-1.583900	-1.374700	-0.434700	-0.239400	-0.157600	-1.149000	-1.121800	0.000000
120	2.655300	2.071200	2.971900	4.091100	4.197600	2.231100	3.318000	4.065100	2.173800	2.276600	3.415900	3.106700	1.414300	3.167800	0.000000	1.110800	3.056200	2.366000	2.685300	1.810000
121	3.194700	2.079900	1.022400	0.753000	0.000000	7.253900	8.274100	1.596200	2.156600	0.950500	-0.069700	3.086400	3.698400	2.322100	4.006800	1.955800	12.898200	9.008800	3.136100	6.348900
122	2.732100	2.770200	1.109600	2.050200	4.584700	5.719800	3.203300	2.940900	3.647300	3.082700	1.246600	2.297700	4.814000	2.369000	4.839100	3.760600	-0.122600	0.868200	0.000000	3.117800
123	4.064600	2.859700	1.312100	3.041200	2.535200	0.581900	4.295500	4.155900	3.780600	3.201400	0.640500	1.880200	4.129100	3.499800	5.138500	2.971400	2.147500	0.000000	-0.174800	2.072500
124	4.256000	2.973700	1.623100	1.136100	1.253000	6.385900	2.252100	0.000000	2.025700	2.213000	1.759100	2.258500	4.742300	2.870600	5.943300	2.930200	6.448000	8.368000	5.775900	5.497000
125	-0.441600	0.019500	0.080000	1.016600	1.813500	-0.915600	-0.204300	0.588800	0.121800	0.952800	-0.690100	0.782300	2.302200	0.817000	-1.488100	0.000000	9.886300	11.765300	11.006200	28.181700
126	0.916900	0.340100	-0.030700	0.562700	0.060100	-0.048600	0.000000	1.030100	0.873300	0.883500	-0.386400	0.436500	1.313100	0.599700	1.961100	0.880700	1.069200	-0.524300	0.017700	1.255000
127	0.528500	0.152400	-0.091700	1.010400	0.603800	-0.869000	0.222000	0.177400	0.000000	0.540400	0.040500	0.157600	0.405500	0.434100	0.533100	0.585900	0.420900	0.743200	0.793700	0.804100
128	0.000000	3.119100	2.839400	4.587700	4.229500	8.475300	2.993900	4.604000	3.428500	3.193600	2.983300	3.191900	2.788300	3.186600	3.125500	3.425900	2.933600	3.251200	3.091800	3.333600
129	0.330100	-0.238100	-0.347200	-0.030300	-0.461400	2.356400	-0.080100	0.000000	-0.045300	0.089100	-0.784000	-0.226200	-0.091000	0.204200	-0.649400	-0.014200	-1.596100	-1.040300	-1.205000	0.178100
130	2.461100	2.092000	0.967400	1.532500	0.917900	1.820100	0.000000	1.965100	2.292500	1.686500	0.950000	0.777800	1.934400	1.337400	2.604700	1.510300	0.470600	0.971800	0.221900	2.129100
131	1.135600	0.682900	-1.089600	-0.301000	-0.889200	3.725200	1.408800	0.998800	1.046000	0.379300	-1.361100	0.539200	1.670100	0.865600	1.544700	0.000000	4.389200	0.847600	0.180600	15.371600
132	1.118600	0.796500	-0.453300	0.806100	0.745900	0.203900	0.313700	1.065400	0.354100	0.987900	-0.115800	0.000000	0.408500	0.511300	-0.003300	0.029700	-0.075500	0.183900	0.016800	0.170100
133	0.214200	-0.485700	-0.720100	-0.265000	-0.931000	0.345700	0.401200	-0.148700	-0.255900	0.234500	-0.885200	-0.157200	0.000000	-0.207500	-0.097300	0.494900	-0.613600	0.225200	-1.143000	0.494000
134	2.504300	1.985400	2.195200	1.265500	1.391900	5.710400	3.162700	2.623900	1.535900	1.782600	1.578200	2.517700	2.852300	2.250000	3.046100	3.186800	4.056000	0.000000	0.182200	2.321100
135	4.624000	3.436500	0.000000	2.615100	1.703000	1.210100	6.793400	2.400900	4.058100	2.951000	0.068200	3.508200	2.482200	1.621500	2.771500	2.727100	9.186600	8.561700	4.941300	27.421800
136	4.576400	2.746700	5.984500	2.797200	3.945400	7.708800	18.122700	0.000000	1.774000	2.134400	11.123000	8.510600	10.956300	11.054700	6.662900	3.864600	32.937000	14.873600	14.335800	58.227000
137	2.802500	1.251600	-0.403700	0.000000	0.198100	2.141800	3.548400	0.168100	1.120700	1.331800	-0.042700	3.335000	3.788800	2.779400	3.470700	1.820100	12.819800	3.742300	2.489200	4.226100
138	0.000000	0.124200	17.873300	10.590300	14.234500	5.378600	14.979000	6.612700	1.078500	5.316100	9.568100	14.931500	22.069000	14.412200	18.457500	13.379000	59.869800	46.037900	40.032800	40.749600
139	4.115500	2.811700	4.442500	0.000000	0.095900	3.577600	14.445700	2.122400	3.091000	2.254800	5.531300	9.203500	7.207800	5.047800	5.654300	2.411100	24.207300	14.764900	13.091900	11.244200
140	1.439500	0.632600	-0.222500	-0.124500	-0.233900	3.707200	1.263700	0.373200	1.328600	0.435300	-1.671200	0.570200	0.356200	1.160700	0.000000	0.154700	1.690800	1.616000	1.915000	3.650000
141	0.377900	0.335900	-0.904700	0.410800	0.010400	1.807800	-0.396000	0.472300	0.704900	0.131800	-0.932800	-0.418100	0.495600	-0.125200	0.434500	0.000000	0.340900	-0.286900	-0.041100	0.445200
142	2.149900	0.902500	-0.851400	-0.493300	-0.708200	1.020200	0.086500	0.470700	1.460900	0.298500	-0.840500	-0.370700	0.000000	0.236300	0.691500	0.757600	2.474300	2.849600	2.397800	1.932900
143	1.187800	1.113100	0.852300	2.426000	3.106500	0.000000	0.354800	2.187700	1.280500	1.148000	0.977900	1.184500	1.477300	1.281200	1.326100	1.109300	1.401800	-0.018200	0.521800	1.413400
144	2.675000	2.145700	-0.521200	1.113300	0.000000	5.198300	1.867100	2.380200	2.401100	0.767300	0.577900	1.821300	1.545300	1.889000	1.908200	1.523400	2.621200	1.982400	1.780800	2.513100
145	6.853100	5.368900	2.450700	5.382000	3.668500	8.444000	6.363800	5.762800	6.788900	5.177600	1.399100	2.763100	6.458100	4.418900	6.137200	4.739500	3.731000	1.639900	0.000000	3.531000
146	0.835600	1.238000	-0.256400	1.467600	2.725800	3.580000	0.410400	1.139000	1.239800	0.803500	-0.195500	-0.075200	0.477500	0.482900	0.903000	0.896100	0.868200	-0.251400	-0.633800	0.000000
147	0.000000	3.601700	3.790500	4.790600	4.702400	5.953400	3.493800	4.779100	3.706700	3.629800	3.477200	3.657200	3.637000	3.430400	3.692800	3.642200	3.691300	3.691400	3.668600	3.837900
148	2.866200	2.056400	0.524900	2.288400	1.619000	4.201500	0.000000	1.779800	1.923400	2.361300	0.078100	1.296400	3.203200	1.740000	3.904500	2.235200	1.184900	0.665900	1.014200	1.290500
149	0.502200	0.471600	0.847500	1.310000	1.375000	-0.900700	-0.104900	0.000000	0.134100	0.427600	0.521700	0.296200	1.195800	1.064400	1.981800	1.529100	3.471200	2.973700	1.021000	4.410400
150	1.563800	0.000000	0.804600	0.477500	3.040400	-1.058300	8.503700	0.951400	1.228200	0.736800	-0.769200	3.229000	1.962700	1.342600	2.634400	2.184500	18.660800	13.720800	22.024800	17.955500
151	2.802300	1.381900	0.437900	0.186900	0.000000	5.723600	0.760200	0.893000	2.230200	1.453100	0.674100	-0.414600	3.071900	1.525700	2.607400	1.930100	6.499700	2.595700	4.022400	5.414600
152	2.123300	0.964200	0.416500	0.922600	0.384600	1.987700	0.966200	0.718700	1.274200	1.405700	0.542100	0.695700	0.000000	0.339000	0.548900	1.114900	0.970000	0.997100	0.728500	1.014000
153	4.213000	2.752900	-0.272400	1.189900	0.000000	5.885200	6.094800	3.264400	3.621900	3.100500	-0.754900	3.107200	3.592400	2.175000	5.161100	2.962600	5.360900	7.679600	7.694700	4.265800
154	5.742700	3.700200	0.839000	2.258900	1.346100	5.874900	3.566300	3.006400	4.109200	3.134200	0.915900	3.401800	4.270300	3.639100	4.914000	3.621200	4.476900	0.000000	0.036600	2.213300
155	1.071700	-0.091300	-0.950700	2.128800	3.573100	6.621500	0.415600	1.289700	0.000000	0.545700	-0.678600	0.309200	2.134400	0.154700	2.878700	1.527400	0.273700	-1.467100	3.552200	0.960600
156	1.076500	-0.076800	-0.745900	-0.203000	-0.349100	3.888900	1.461700	-0.854400	0.370500	0.775500	-0.770900	0.848400	0.521600	-0.168900	0.000000	-0.664100	1.170200	0.837700	1.002600	-0.710900
157	3.482800	1.819700	1.253700	1.851800	2.108900	8.603500	2.728100	0.834100	2.382400	1.967200	-1.269600	1.547800	3.412900	2.325100	3.857600	2.681400	2.088900	0.000000	-1.611500	1.506200
158	5.168800	3.412300	0.665400	2.913400	2.429200	6.738600	3.310000	2.673500	3.975400	3.499100	0.000000	2.709200	4.523700	3.347200	5.257800	3.408400	8.006100	13.394200	9.105600	8.721500
159	1.480200	0.628400	0.006300	0.606700	0.111800	4.577500	-0.080300	1.418000	1.494100	1.401900	0.027900	0.000000	1.212500	0.447300	2.043500	0.764600	-0.076100	0.135300	-0.278300	0.278100
160	0.897100	-0.252000	0.249500	3.158400	3.283500	4.101200	1.084400	1.906500	0.000000	0.909700	0.432400	0.567800	1.638800	0.541700	-0.151400	-0.364400	1.020700	0.652000	0.546100	1.753800
161	6.388000	4.706400	1.854600	5.985800	6.218100	12.419000	4.981200	6.086300	6.404700	5.025000	1.407100	4.676200	5.989500	4.701200	6.830300	5.658000	2.185300	0.780700	0.000000	3.765400
162	3.797900	2.130000	2.192200	3.101700	4.224000	7.770700	0.000000	2.841600	2.616000	2.351600	1.144400	0.894000	3.292300	2.187000	3.836500	2.859200	2.075000	1.521300	1.473600	2.665900
163	0.654400	-0.069300	-0.659300	0.143900	-0.454800	3.093100	-0.759600	0.532700	0.693400	0.520200	-0.645500	-0.622400	0.000000	-0.068900	0.739800	0.073900	-0.555800	-0.682300	-0.736000	-0.121600
164	0.623200	0.400800	-0.134100	1.199500	0.697300	2.416900	0.057900	0.668100	0.710200	0.686800	0.123700	-0.125300	0.633900	0.378300	1.089600	0.000000	0.318700	0.160000	0.105400	-0.369000
165	4.651600	3.590400	0.701100	3.007000	1.996300	9.359200	5.861600	2.394100	3.685600	3.343300	0.000000	3.654200	4.685600	4.296800	4.448500	2.451300	5.901300	1.775400	-0.661900	0.858900
166	0.561300	0.522500	0.061300	1.367700	0.873600	0.795800	0.482500	0.358400	0.000000	1.293200	-0.061000	0.440600	1.181500	0.166000	1.547900	-0.003800	1.555300	-0.242600	0.100400	0.094000
167	2.809700	2.314500	2.034700	2.807500	2.430900	2.624700	1.720300	2.727300	3.042000	3.051100	1.988000	1.578300	1.685900	2.123500	0.000000	2.006400	1.887300	1.983400	1.833500	2.819900
168	4.296500	2.697000	1.149200	3.579700	4.081000	2.307600	3.430400	2.226000	3.105000	3.117700	0.850300	2.956300	4.352000	3.458200	4.673800	3.985700	1.574700	0.292900	0.000000	3.237800
169	3.521600	2.575500	0.000000	1.493600	0.789500	3.720600	4.478900	2.765900	3.142100	2.830600	-0.076700	1.826400	3.561300	2.706200	4.322500	2.553000	5.643100	1.577600	-0.899000	2.255700
170	0.569900	-0.112900	-0.115600	0.660300	0.307900	2.627400	-0.619000	0.712500	0.361000	0.653000	-0.102100	-0.273100	0.000000	-0.078200	0.512800	0.598700	-0.183300	-0.162600	-0.227000	0.551100
171	-0.096700	0.253400	-0.326700	0.604000	0.538800	1.280800	-0.683300	1.377800	0.000000	0.113900	-1.244900	-0.460500	0.728900	-0.336900	0.994000	-0.411100	-0.200100	-0.437000	-0.501100	-0.724600
172	0.000000	2.306700	1.543600	2.983400	4.112800	6.366600	1.057900	2.819900	2.063000	2.029300	1.674400	0.997200	2.231400	1.791200	2.734700	1.644100	2.193000	1.713000	1.070300	2.171300
173	4.925900	3.549700	0.000000	2.349500	3.688600	7.256700	6.591100	2.801400	4.417000	3.416300	0.531400	7.985100	5.348100	2.726700	6.432000	4.267700	8.693800	6.816300	6.371400	5.294300
174	5.301800	3.966700	0.062500	0.914400	0.000000	4.222200	6.471200	3.679500	5.358500	3.200100	0.312700	5.025200	4.370200	2.603200	5.287200	4.048400	13.480600	13.603200	6.917400	4.147700
175	1.701300	0.758200	-0.474200	0.035300	0.000000	6.809700	0.734100	1.099200	1.656900	1.161500	-0.244000	0.502700	0.879200	0.510400	2.266100	1.075800	-0.625100	0.114400	-0.673000	1.301700
176	-1.744000	-2.115400	-4.540600	-1.915600	-1.254500	2.524100	-3.633000	-2.046300	-1.392900	-2.745000	-4.406600	-2.716000	-1.545100	-3.053300	0.000000	-2.007800	11.938400	3.479500	5.674100	14.483300
177	6.959600	5.119600	0.315900	1.380800	0.000000	6.353000	8.174200	3.912100	6.095400	3.991100	0.550600	5.765000	5.301400	4.596400	5.885100	3.237700	7.499700	2.071700	-0.570000	3.316400
178	0.907300	-0.790900	-3.556300	-3.902200	-4.295500	0.145100	-0.521200	-2.013900	-0.543500	-2.011400	-3.947300	-0.810600	0.000000	-2.311500	0.841900	-0.979500	5.978200	-0.326300	-0.337300	2.348300
179	4.532200	3.092000	-0.607700	0.000000	-0.959500	5.140400	10.625600	1.921400	4.116700	2.021300	-1.090900	4.088800	4.523000	3.069800	4.617200	3.041800	12.409000	8.720800	5.485900	2.799200
180	0.000000	0.120000	8.215700	4.631200	6.332900	6.982500	5.738900	4.975200	1.171700	2.704200	5.332400	4.959500	11.538100	9.002800	4.961400	5.577600	25.786000	17.390400	17.119900	38.002700
181	5.127100	4.320300	0.000000	2.582700	4.553200	6.433000	6.252200	3.475400	3.809700	3.294600	1.356500	2.542800	5.113100	4.077800	5.292900	3.183900	7.250400	4.085500	0.880900	3.576400
182	0.000000	5.385400	10.490300	12.750600	14.306300	11.125500	16.635400	9.813300	5.489700	4.837600	8.570400	16.242100	9.597100	11.690400	5.771900	6.377900	29.667600	17.069700	14.371300	15.082200
183	3.815300	2.959600	3.289500	2.646900	3.510500	0.000000	9.949300	2.562200	2.974800	3.634000	3.366400	4.323300	5.685200	5.442300	4.960400	4.509000	3.716500	4.139800	3.940400	4.399100
184	-2.508400	0.000000	-0.706300	0.826300	1.445500	2.422200	-1.051300	0.978900	-0.222400	-0.353700	-0.673900	-1.292200	-0.380800	-0.539700	-0.153900	-1.921600	-0.331400	-0.923000	-0.722500	-0.283700
185	0.000000	3.029700	4.799000	7.062200	8.499500	8.545100	5.352800	7.237200	3.684600	4.481100	4.085200	11.037500	12.736100	3.669200	9.066900	6.748200	17.365300	12.191100	13.005600	19.451100
186	1.884700	0.948500	-1.031100	0.066000	-0.240500	4.449100	0.831100	1.169800	2.210100	0.889600	-0.830800	0.493100	0.000000	-0.326600	1.652300	1.640000	0.083900	-0.127100	-0.591400	0.586800
187	4.805100	3.487900	0.000000	2.344900	1.291400	5.622900	6.449300	4.002200	4.961600	3.674000	-0.315100	3.651500	4.527900	3.340400	4.461800	3.837300	11.890900	12.017800	8.348900	5.782700
188	0.732200	0.843700	0.439300	3.478500	5.276600	5.185200	0.000000	-0.997700	-0.681700	0.456100	-0.719900	0.630600	3.399900	1.870900	4.515100	1.465300	6.114000	2.320300	1.531100	0.924700
189	5.805500	4.683000	2.842800	5.838500	5.559200	5.683800	2.491200	7.257900	5.612500	4.569600	2.017600	3.472900	5.283400	5.354000	6.524800	4.833400	2.726700	0.000000	0.895000	3.220200
190	3.490100	2.297500	2.475700	3.033500	2.858800	0.000000	4.509600	3.706700	2.570400	2.551700	3.365500	5.270400	4.690700	6.029600	4.062700	3.678200	9.837100	5.955800	4.163400	6.609100
191	0.866600	-0.421800	6.067900	2.704800	4.863600	1.772100	8.546000	2.961500	0.000000	0.628800	2.709100	7.864500	7.388300	5.931600	1.546200	0.080000	18.994000	15.981800	13.589100	33.347800
192	2.362200	1.684100	2.719700	2.293200	2.300100	2.368800	2.599700	3.723100	1.439500	0.908100	-0.463800	2.873600	1.723000	1.256900	1.504600	2.759300	3.477200	0.000000	-0.944900	3.027800
193	2.236500	1.663200	0.750700	0.874500	0.435900	0.000000	2.544200	2.131100	2.153200	1.772100	1.256700	2.990400	3.821800	2.869300	2.294900	1.601900	1.984300	1.243900	1.907400	4.289600
194	0.285900	-0.053800	-0.474100	0.353200	0.016100	-1.523500	-0.471000	0.466400	0.458300	0.511600	-0.062700	-0.248800	-0.121000	0.000000	0.567800	0.402300	-0.151200	-0.165300	0.032200	0.504600
195	-0.056400	-0.167200	-0.847300	-0.050700	-0.624800	0.128000	-0.433900	0.594200	0.000000	-0.154200	-0.912900	-0.433500	0.006500	-0.352400	0.267200	0.243500	0.631300	0.285800	0.194500	0.656200
196	1.021300	0.483300	-1.225200	1.102200	0.314600	6.099500	-0.308400	1.449900	0.928900	0.237200	-1.213700	-0.411400	0.401800	0.000000	-0.228200	0.213700	2.208700	0.497900	-0.339600	-0.094200
197	0.000000	3.337700	3.409300	4.750700	4.768500	6.015700	3.343100	4.854900	3.652200	3.339800	3.004100	3.337400	3.304000	3.264400	2.841400	3.468700	3.321300	2.976100	2.809100	3.409100
198	2.533600	0.939400	-0.167200	1.370800	2.652900	6.252500	2.358400	2.344400	2.930100	1.045900	-0.070300	1.493400	3.155100	2.518400	3.185400	1.913800	0.000000	0.881200	0.937600	2.522100
199	0.734400	0.626000	-0.152100	0.440900	0.567100	0.443600	-0.036100	0.675500	0.172900	0.409200	0.118500	-0.030400	0.000000	-0.022400	-0.291100	-0.017800	0.248500	-0.922100	-1.093200	0.356400
200	3.627400	3.298900	1.479300	3.420200	2.929000	3.785900	1.622900	3.733600	3.556500	2.790900	0.736100	2.152700	2.815300	2.699100	3.642400	3.196200	1.312100	0.734200	0.000000	2.624000
201	2.504600	1.677800	0.932400	1.735300	1.539400	0.000000	1.806600	3.024100	2.492200	1.685900	0.486900	1.455300	1.389700	2.044600	3.096100	3.269500	5.568400	4.338600	5.106300	4.132900
202	-1.352900	-1.340600	0.145400	7.450200	7.943900	5.141700	0.000000	7.110500	0.206600	-0.977000	-2.075800	-1.929600	2.311300	1.145900	2.237300	-0.839100	-0.339300	-0.783300	-0.980800	-0.840300
203	4.077700	2.521000	2.336800	0.893100	0.000000	4.319000	4.954500	2.913400	3.646000	2.841500	1.665700	-0.463700	5.980000	1.981900	6.989500	4.591000	16.373100	11.903500	8.826000	11.321600
204	0.000000	4.538600	11.155900	10.713600	12.561900	13.084600	22.871900	11.169000	6.610500	5.945700	6.504800	12.530200	7.369700	10.172700	11.847600	11.212000	38.945400	34.229200	27.747700	23.115000
205	2.067700	1.119000	-1.203300	0.381800	-0.249500	9.759500	2.112700	0.905700	1.219000	0.889800	-0.908900	1.295000	0.000000	0.566400	0.659600	0.248100	6.099800	2.854300	2.359600	1.281500
206	5.782900	4.200000	2.251000	2.830400	3.063200	1.988100	6.407900	4.223900	4.761700	4.187300	0.837400	4.855000	2.931300	3.220800	4.515300	3.801700	5.328000	2.204400	0.000000	3.661900
207	0.626000	0.121200	-0.360300	0.556300	0.903400	2.332800	1.206400	2.405700	1.225400	-0.333200	-1.343000	-1.508100	2.612800	0.000000	3.032900	1.171600	2.894800	0.994300	1.820800	24.045400
208	1.627000	0.525100	2.313200	1.308200	3.385700	1.032600	18.562000	3.484200	2.691700	0.000000	1.892700	11.884800	4.944500	5.840500	2.266900	3.173700	29.494800	17.636700	12.098900	16.741100
209	2.889200	2.448500	1.338200	3.250300	3.025100	8.325700	2.061900	4.315800	3.557400	2.276900	-0.097700	3.291900	3.607400	2.329500	3.021300	1.849200	0.477700	0.000000	-0.126800	2.887400
210	5.052200	4.365400	5.640600	5.097500	6.246900	2.910800	21.122100	3.305500	3.674700	4.058200	5.863200	9.114500	4.334300	6.899800	0.000000	3.186400	24.933400	22.306400	16.885100	40.015100
211	1.440300	0.504400	-0.273900	1.083600	0.736400	3.451600	-0.030200	1.272700	0.918700	1.320000	0.170300	0.000000	0.670100	-0.095900	0.943600	0.634200	0.449100	0.495900	0.457300	1.122000
212	4.153100	3.070800	1.945700	3.380000	2.897500	3.227800	2.709600	4.118400	3.280400	3.861000	2.059500	3.173000	4.053200	2.993900	4.927600	3.425000	2.126100	0.000000	0.454300	2.739100
213	4.056900	2.942900	0.000000	3.054500	2.183200	8.370800	6.559300	4.099700	3.813300	3.090500	0.029100	1.264700	4.870600	2.211200	5.664700	3.230500	7.958800	6.829000	2.867500	7.390100
214	2.190900	1.197800	0.131800	0.478300	0.598400	3.968400	0.248600	0.820600	1.596700	1.062800	0.066300	0.000000	1.239100	0.558800	2.215100	1.373400	-0.002400	-0.629300	0.561300	1.041400
215	0.633300	0.000000	-0.082400	1.200500	0.940900	3.556700	0.078500	0.176800	-0.068500	0.358600	-0.391300	-0.060200	0.021400	-0.323600	0.241400	0.038400	0.022400	0.227200	0.193800	0.507900
216	1.929900	0.886400	0.489800	1.873300	1.077200	4.885700	1.546600	1.653400	1.174200	1.510900	0.312300	1.196400	0.744200	1.131900	0.000000	0.546200	1.724500	0.064700	0.660600	1.321700
217	5.825100	4.097200	1.414700	4.564700	3.742800	14.801500	4.904900	6.709900	5.917300	4.483600	0.733800	3.955000	5.632300	3.657000	6.267900	5.103300	1.496200	0.514400	0.000000	3.473100
218	1.314900	0.650200	-0.163100	0.754200	0.181400	4.085600	-0.227100	0.830400	1.160500	0.996600	-0.133100	0.000000	0.587100	0.405600	1.594700	0.812200	0.530500	0.781400	0.132400	0.823100
219	0.929900	0.000000	-0.084100	1.187100	0.507000	2.715100	-0.453400	0.850200	0.884900	0.881800	0.029800	-0.231600	0.563600	0.165900	0.772200	-0.341400	0.201000	0.133900	0.106200	0.408300
220	1.397600	0.000000	-0.445700	0.330400	-0.138600	5.371900	-0.031100	0.874900	0.473900	0.729700	-0.750200	-0.313700	0.327400	-0.305700	0.980100	0.277100	0.118500	-0.540500	-0.536100	-0.041500
221	3.278500	1.188700	4.500900	0.000000	-0.314000	5.042600	11.108000	1.722600	2.363000	1.515200	5.372800	7.433700	8.904400	8.310700	5.177800	5.346100	29.716100	17.368400	17.231000	21.942800
222	1.041400	0.000000	-0.430400	0.691800	-0.323500	4.051200	-0.433200	0.204900	0.429900	0.773800	-0.415100	-0.366200	0.216500	-0.459400	1.250500	0.626300	0.044100	0.037800	-0.031700	0.246400
223	1.579900	0.828800	0.647400	1.216200	0.906300	5.663600	0.000000	0.689100	0.687000	1.233600	0.406100	0.443600	1.104000	0.807900	1.790700	0.803000	0.698900	0.539900	0.449800	0.837900
224	0.604100	0.000000	-0.506300	0.675600	0.557100	4.507100	-0.052000	0.644400	0.045600	-0.030400	-1.680300	-0.672500	0.107600	-0.333000	0.625500	-0.703300	-0.324700	-1.158700	-1.325500	-0.088500
225	0.000000	3.467400	3.618900	5.158800	5.013100	7.073400	2.550400	5.114700	3.711400	3.616400	3.478000	2.718900	3.817500	3.145700	4.076300	3.643400	3.608900	3.599600	3.592300	3.267700
226	1.825800	0.739500	0.331300	0.718100	4.178600	3.987400	0.390900	1.565400	2.138300	1.083600	0.168000	0.267600	1.403600	0.951700	1.979300	1.049000	0.158300	-0.098300	-0.852900	0.000000
227	2.307500	1.831900	1.863900	2.568400	2.147300	0.000000	1.458400	2.587100	2.075800	2.293800	2.022900	1.079400	1.828000	2.114500	2.284700	2.244500	2.135900	2.008900	1.967500	2.418400
228	0.986300	0.741400	0.489200	0.446900	0.164600	1.521400	0.384400	0.862600	1.119300	0.547300	-0.293800	0.353600	0.000000	0.559600	0.678600	0.662500	-0.473200	-0.031800	-0.087300	0.371800
229	4.890100	3.240000	1.435000	2.549100	2.323100	9.384500	3.326000	4.255500	4.573800	3.949100	1.806200	3.996900	4.975800	3.908800	5.103400	4.294400	0.000000	1.562200	0.937400	4.024900
230	-0.048500	0.213600	-0.016800	0.011800	-0.218500	1.052300	-0.550400	-0.197800	-0.309300	-0.040400	-0.154100	-0.426000	0.000000	-0.310500	-0.433900	-0.173800	-0.155600	-1.291700	-1.657200	0.100500
231	3.891800	2.427100	0.000000	2.419700	1.886200	1.120900	4.100000	2.550400	3.732200	2.142100	0.313000	3.142500	3.940200	2.328900	3.659900	3.065100	5.160000	4.144800	4.404100	1.930500
232	5.163800	3.439000	9.009300	3.421200	3.612500	0.000000	26.488000	3.786400	4.433200	5.028500	3.417000	22.796000	5.493100	8.185500	5.810500	6.771700	20.527400	23.353000	21.607400	16.816600
233	0.546100	0.727700	-0.433700	0.193100	-0.074300	0.433600	-0.126200	0.148600	-0.225700	-0.045100	-0.506100	-0.312200	-0.040400	-0.318600	0.000000	-0.235600	0.583800	0.395200	-0.463600	0.012200
234	0.134200	0.177800	-0.095300	-0.154700	-0.441300	0.309200	-0.656600	0.798500	0.627400	-0.229000	-0.417800	-0.321200	-0.141300	-0.638600	0.000000	0.312100	-0.428100	0.009800	-0.301000	-0.205600
235	1.079900	0.000000	-0.668900	0.509100	0.068000	-1.083800	5.489600	2.141900	1.298000	-0.112800	-2.004400	1.411000	-0.130700	-0.144800	1.860600	1.218400	9.435800	0.284900	-1.245000	0.067300
236	0.000000	3.964300	14.910100	14.064400	14.648900	16.480100	11.407400	14.376000	8.025400	7.816300	9.619600	10.220000	12.865800	10.757100	14.280000	11.238000	23.333600	25.906500	22.737100	41.692700
237	0.765200	0.821800	0.167400	0.624600	0.564200	3.678700	-0.069800	0.028800	-0.334900	0.572800	0.120100	0.000000	1.080400	0.039800	0.815100	-0.321400	0.323600	-0.076200	-0.092400	-0.471200
238	2.222400	1.562100	-0.228500	1.691600	1.604000	-0.144200	2.649600	2.006700	3.574200	2.001400	0.478600	1.749900	2.652000	2.164400	3.692000	3.367800	-0.528500	0.000000	-0.571900	2.455200
239	-1.383600	0.004100	-0.380000	-0.195300	-0.128600	-1.593100	0.070700	0.103600	0.131400	0.339100	-0.233200	-0.097600	0.130000	0.154700	-0.067900	0.000000	0.042300	-0.147000	-0.183000	0.648900
240	0.546500	0.688400	0.593500	3.473500	4.259800	5.478500	0.551200	2.158300	-0.173800	0.561700	0.782600	0.601600	0.724500	0.886200	0.000000	0.642000	0.861400	-1.285000	-1.697300	1.146900
241	1.308800	0.910700	0.151800	0.000000	1.004900	1.237600	0.578400	1.288800	1.413700	0.783800	0.346300	0.360700	0.952200	0.510700	2.220100	0.879600	3.158300	2.072800	1.435400	3.100800
242	5.052800	3.259700	6.022500	4.773400	5.547700	0.000000	7.364800	5.762100	3.833000	3.632600	4.189000	5.950000	5.277800	4.661400	5.283300	5.380200	4.361700	3.600000	3.229600	6.495800
243	1.130600	0.758500	-0.123800	0.828000	0.462100	-0.699500	0.245300	1.173000	0.702600	0.969600	-0.383400	0.000000	0.000000	-0.062400	0.934200	0.845500	-0.640500	-0.113100	-0.763700	0.628300
244	0.074700	-0.205700	-0.749000	0.930100	0.546100	0.206100	-0.609300	1.554600	0.000000	0.139100	-0.604400	-0.865700	0.043700	-0.629000	0.450000	-1.175900	-0.472700	-0.740700	-0.816600	0.171100
245	1.571000	0.754200	1.941300	2.216900	4.472600	6.673500	3.158500	0.000000	-0.033100	0.334900	2.648900	3.106800	5.792800	3.638400	5.620900	2.551400	22.236900	25.697500	17.268800	44.377100
246	0.000000	0.476100	0.586300	1.430000	1.327500	-0.109600	0.620100	1.229300	0.599000	1.014700	0.534900	0.512200	0.770600	0.781000	0.960000	0.187800	1.116700	0.766900	0.572000	0.799700
247	5.618100	4.066200	1.163000	2.967100	3.365500	11.964800	5.482100	4.841300	4.774100	4.294600	0.483300	4.483100	4.980200	4.517100	5.877100	3.836900	3.687200	1.392400	0.000000	2.651300
248	5.762000	4.433800	1.296700	5.725000	5.593900	5.785500	5.739100	4.770600	4.959100	4.127500	1.237800	3.562000	5.277400	3.467800	5.546000	3.989100	4.494700	1.684300	0.000000	2.633900
249	0.272800	-0.130300	0.320300	1.235500	0.590600	7.807600	-0.249600	1.536800	0.090000	0.816900	0.408600	0.000000	0.569300	0.040700	0.042000	0.600800	0.958200	0.090100	-0.148800	0.344800
250	0.240500	-0.117600	-0.349600	-0.130500	-0.267500	-0.916800	-0.242300	-0.098800	0.000000	-0.036100	-0.381400	-0.416000	-0.173700	-0.224300	-0.132200	-0.079800	-0.940700	-0.609300	-0.653900	-0.194700
251	-1.728100	0.649100	0.304800	1.486300	2.635800	4.349300	0.086600	1.097000	0.545400	0.520400	0.269700	-0.014600	0.290200	0.418600	0.289000	0.000000	0.225400	0.279700	0.241400	0.581200
252	0.000000	5.908600	32.594300	22.249600	28.386100	11.711600	31.116400	20.890900	13.763100	13.089500	23.144700	32.366000	31.308500	28.572400	27.061900	27.243400	77.507200	68.218200	69.228200	76.516200
253	0.210900	-0.527000	-1.800400	-0.930000	-1.035300	-1.032800	-0.054800	0.000000	0.021100	-0.642300	-1.943400	-0.607400	-0.108300	-0.649400	0.247200	-0.543300	0.249300	-0.992300	-0.596700	0.400000
254	0.390200	-0.470300	-0.424200	1.722600	1.419700	5.745600	1.560000	1.827500	-0.198000	-0.074200	-1.979600	0.136500	0.506800	0.199200	1.284300	0.460900	-1.258900	0.000000	-1.945400	-0.490300
255	0.285300	0.018200	-0.780000	0.000000	-0.140600	5.915200	-0.250700	-0.104500	-0.582100	0.146900	-0.149100	-0.429800	-1.039200	-0.151000	-0.231500	0.102500	0.162700	0.298100	0.358900	0.394300
256	0.455300	0.088600	0.004000	0.700700	0.456300	5.620100	-0.333900	0.000000	-1.410000	0.210500	0.310100	0.334800	0.922900	0.261400	0.689500	0.041200	1.154000	0.352100	0.377100	0.806400
257	1.162100	0.808700	0.415600	1.283200	0.765900	-0.696200	0.652500	1.345000	1.028500	1.137400	0.329700	0.049600	0.000000	0.754400	0.708400	1.128000	0.906300	0.756500	0.653200	1.312900
258	0.785700	0.253100	-0.091100	0.951200	1.270700	2.261400	0.375400	0.549900	-0.207900	0.822400	0.056000	0.000000	1.045800	0.342700	1.626900	0.888900	4.079500	0.539200	3.309600	1.859100
259	0.000000	3.841800	20.180800	17.783700	19.288100	8.381400	20.202300	16.462500	7.796000	11.257800	13.869100	18.339100	16.273100	15.973300	20.515900	20.441500	38.900600	46.426300	50.355200	57.449600
260	0.795700	0.068900	-0.227200	0.973900	0.258900	3.535700	0.469400	0.856900	0.176700	0.543100	-0.197400	0.000000	-0.316600	0.041900	-1.032700	-0.136600	0.505300	0.302100	-0.030100	0.148100
261	3.030000	1.970800	0.719500	2.344100	1.868400	5.550600	1.693600	1.547700	2.316500	2.518200	-0.179500	1.484300	1.926200	1.364400	2.682400	1.654300	0.028400	1.673200	0.000000	1.715700
262	7.194200	6.053300	2.622100	4.584300	3.405100	7.813400	5.377300	5.300800	6.912300	5.801300	2.185000	5.664900	6.039200	5.795900	7.093200	6.233000	4.107400	0.661200	0.000000	4.659900
263	4.904000	3.239000	0.000000	3.964900	3.489000	7.986200	8.425100	4.660700	4.252200	3.326100	0.407000	3.196800	3.675600	3.014100	4.268000	3.043200	9.120300	6.917600	3.140100	3.505700
264	0.682400	-0.433800	-0.645700	0.182400	-0.342500	4.283300	0.325500	0.000000	-0.084400	0.307200	-1.069300	-0.050800	-0.896700	-0.264000	-0.316600	0.407200	-0.977300	1.449200	-0.783400	0.808400
265	6.704000	5.665700	3.417900	4.566700	3.675400	10.049100	5.279100	5.916500	6.385300	5.180500	3.944500	4.595700	5.236200	5.277500	6.452300	4.357300	0.000000	2.968600	2.106000	4.581300
266	6.936100	5.060100	2.247700	5.108100	4.462300	15.412200	8.712600	6.328500	6.387300	5.412400	2.806000	4.303200	6.103500	4.904300	6.459200	6.329700	13.420500	0.000000	3.466400	4.849600
267	1.029300	-0.052500	2.164800	0.722200	0.977300	4.376000	2.070900	-0.581000	0.000000	0.232700	-1.818400	0.609800	-0.594600	0.669000	0.794800	0.079600	-1.887400	-0.940200	-1.961000	-0.084800
268	0.753900	-0.554100	-2.951700	-0.250400	-1.219500	6.152400	-1.164500	-0.010200	-0.467800	-0.391100	-2.776600	-1.522300	-0.740400	-1.460200	0.611900	0.000000	0.810400	2.158500	2.379400	2.065700
269	2.239100	0.839100	-1.137700	0.470500	-0.555500	1.442500	-0.118300	1.288300	1.410100	0.733900	-0.688600	0.000000	1.916900	0.060200	2.897700	0.662200	-0.823600	-0.757300	-1.488000	1.251500
270	3.814900	2.538200	0.000000	3.301500	1.345800	1.740400	5.553400	2.055500	3.134300	3.007800	-0.005200	2.775500	3.613700	2.553900	4.547900	3.904900	10.906000	9.945300	8.010400	4.747200
271	3.755400	2.594700	0.000000	2.285800	1.412200	2.959900	1.165300	3.314900	3.873100	2.883900	0.295900	1.488800	3.489000	2.627700	4.273100	3.631100	2.429900	-0.152800	0.435700	2.532700
272	0.614700	0.333400	-1.131200	0.091400	-0.662000	3.072900	-0.293000	-0.057900	0.008600	0.220200	-1.587300	-0.695600	-0.269500	-0.382300	0.409200	0.000000	-0.840100	-0.697900	-0.973500	-0.148200
273	4.182300	2.764700	0.961700	4.049000	4.492200	7.429100	2.575300	2.776800	2.790400	3.101400	1.732400	1.681200	5.202300	3.707700	5.575500	2.460100	2.997400	1.619700	1.533400	0.000000
274	0.000000	-0.678700	2.660300	1.650600	3.414600	6.457900	13.104100	3.700500	1.382700	1.067200	3.653100	9.620900	10.463800	8.940800	6.319700	1.971400	21.525600	14.607300	11.379200	34.867000
275	2.288300	1.177100	-0.048400	2.664700	2.266000	6.467000	0.485100	1.316000	1.564600	1.799900	-0.396500	0.885800	1.596100	1.681200	0.000000	-0.090900	3.369200	2.937300	3.360400	5.224100
276	1.021400	-0.062300	-0.510000	-0.110000	0.418400	2.773100	-0.586600	0.191700	0.046700	0.547400	-0.812100	-0.507200	0.370200	0.000000	1.144300	-0.012300	-0.508300	-0.866000	-0.441200	-0.144700
277	3.913400	2.351100	-1.071800	0.819100	0.000000	3.558500	6.219300	1.720400	2.738600	2.444300	-0.759500	2.067400	3.061400	1.883800	4.091500	1.175300	8.780800	6.723500	2.810900	4.744000
278	4.901800	3.470300	0.000000	2.677200	2.027500	4.872200	3.580500	3.789100	4.781900	3.448000	-0.306700	2.906000	5.103100	3.366800	5.751600	2.872000	7.785900	7.426900	1.693600	5.620800
279	0.781100	-0.145200	-0.307900	0.701100	0.245800	6.629100	0.385000	0.844400	0.559200	0.474000	-0.616300	0.236500	-0.546200	-0.749500	0.000000	-0.019100	0.438800	0.282200	0.603600	0.768400
280	2.301300	0.750500	-0.562700	1.221600	0.031900	1.843600	0.350900	0.609900	1.485000	1.178400	-0.180400	0.936200	0.000000	0.881200	1.383900	0.592600	1.962300	0.700900	1.284000	1.956500
281	2.060400	0.000000	1.253500	-1.679300	-1.163600	2.972900	4.685900	-0.043000	1.696400	0.175000	-1.239900	3.898600	3.755100	2.080600	2.742700	2.802400	22.350600	15.264700	12.781400	5.477200
282	2.081700	0.738200	-0.480600	-1.008900	-1.316300	5.256900	2.582300	0.567500	1.620500	0.847900	-1.179400	1.458500	1.085600	-0.121400	2.844900	0.000000	8.649800	6.249100	9.278300	18.355200
283	0.874200	0.738200	0.352000	0.647900	0.231700	3.816700	-0.132300	1.111600	1.106800	1.009600	0.288100	0.000000	0.674600	0.109400	1.047800	1.010800	0.611500	0.180500	-0.345700	0.621300
284	2.038700	0.000000	1.791400	2.504700	3.456800	2.498100	3.371000	1.693800	1.216500	0.445700	0.695500	3.383300	4.228800	2.170500	4.941300	2.536700	12.766900	18.862400	12.119700	12.606500
285	6.136800	5.778100	1.518200	4.557400	4.122300	7.607400	3.647200	4.895100	5.983000	5.053300	1.513200	4.188100	6.307800	4.809700	6.167800	4.612200	1.134100	1.152500	0.000000	2.904900
286	2.578900	1.685500	0.000000	2.003300	1.491200	4.631700	1.701400	1.708300	1.226300	1.435500	0.580100	1.095900	1.394000	1.554100	1.899600	2.238800	1.799300	1.292700	1.195600	1.675400
287	0.000000	2.902600	2.955900	4.275200	3.754700	7.626600	3.067000	4.261000	3.184200	3.153500	2.179200	2.986200	2.784700	2.474700	2.925800	3.112200	2.510100	2.909600	2.858900	3.246400
288	1.235300	-0.382900	-1.168600	-0.790700	-0.996000	3.384800	0.998700	-0.377600	0.069900	0.000000	-1.838000	0.572200	0.562500	0.196900	0.524600	0.880600	1.446900	1.595700	0.606200	0.415400
289	2.029300	1.030600	1.004500	2.540200	2.371600	-0.325400	0.535000	2.969500	1.336300	1.472400	0.886100	0.000000	2.101600	1.135900	2.473200	0.856300	1.181300	1.193400	1.005400	1.588400
290	4.054100	2.599600	-0.840200	0.000000	-0.826400	7.983000	8.335700	2.093800	3.015400	2.318200	0.541100	3.940200	4.903300	4.025900	4.845300	3.259800	13.338700	15.496700	7.719400	13.337500
291	2.180100	1.247700	-0.931200	-0.006600	-0.470300	2.381700	-0.633800	0.996100	1.750700	0.996600	-1.466300	0.000000	1.308100	0.554400	1.389600	1.232300	-0.411000	-0.346200	-0.863900	1.288600
292	3.952000	3.497600	0.000000	1.513200	0.314400	1.690400	5.409500	3.251900	4.042800	2.800900	-0.028100	1.696300	4.699000	2.957100	5.108400	3.572800	7.856600	7.575100	3.489600	5.553600
293	1.430900	0.000000	3.550700	0.591500	2.551900	5.235600	0.680100	1.800200	1.299700	0.606200	-0.329300	1.851200	8.082500	1.791400	8.189200	4.142200	25.059500	18.794500	15.803600	32.827500
294	5.301100	3.819300	0.203100	1.144800	0.000000	5.317500	6.607800	3.439300	4.284100	2.972500	-1.072300	3.578300	5.682200	3.533000	6.049300	3.324600	12.395500	9.037000	4.445700	8.580700
295	2.504600	1.730900	1.067600	1.598200	0.905000	-0.053600	-2.070800	0.901400	1.268800	1.909900	1.194100	0.000000	6.143900	2.323900	6.356700	2.542900	4.087900	3.216700	1.169900	1.299900
296	5.344400	3.464300	-0.939200	0.000000	-1.006400	4.592900	6.996000	2.766900	4.733500	2.792600	-0.573700	4.488000	4.002900	3.273200	4.976400	3.380800	13.360100	7.526100	10.562700	17.065900
297	1.591400	0.273900	4.411700	2.355300	2.840900	4.983600	0.881900	3.346600	0.000000	1.246500	0.615400	2.260600	4.684400	2.733300	3.598000	1.905100	10.905900	5.205700	2.197400	9.739800
298	0.000000	1.583300	8.407400	5.477300	7.822800	5.368100	16.141500	4.945400	3.489800	-1.103700	6.816000	7.887400	11.885500	9.519900	10.735500	5.914700	22.776400	24.747600	16.431500	10.946900
299	3.871300	2.771000	-0.192600	1.061900	0.000000	3.169000	7.187100	2.941700	4.006700	2.421200	1.633900	4.419500	3.373100	4.125100	2.834900	2.754200	7.539200	10.246300	7.491600	5.055800
300	2.244300	1.142100	-0.348800	0.350300	1.068900	0.367700	3.951500	1.096700	1.415300	0.583200	-0.959700	2.207000	1.853300	1.281500	2.060900	1.409000	5.943300	-0.559200	-1.081400	0.000000
301	4.414300	2.737600	0.703800	1.946400	2.522000	1.956400	3.077800	2.653300	3.004800	2.765000	1.138900	3.347600	3.293100	3.070300	5.033000	3.818500	0.000000	1.615100	1.054600	3.129800
302	3.706900	4.585800	1.746000	8.589000	7.453500	10.894800	2.424100	6.154100	3.330900	3.986100	1.806000	2.082300	6.042500	3.567400	5.858100	3.674600	0.000000	0.731900	0.794900	2.833700
303	4.664700	3.589200	1.907100	4.782800	5.764700	12.734700	4.475700	6.290800	5.306000	3.958700	1.905800	4.267900	6.032500	4.697200	6.654200	4.316400	5.370800	0.000000	0.812200	3.233300
304	1.246300	0.973500	-0.042100	1.602300	0.927900	5.684700	-0.889600	2.566000	1.255900	0.838400	0.310100	0.000000	1.350700	0.215500	0.870400	0.731800	1.249400	-1.233000	-0.186300	1.665200
305	2.566500	1.703500	0.795400	0.000000	0.432700	3.743000	1.994800	1.136900	2.121200	1.874600	0.585100	1.432600	1.547800	1.614400	1.843400	1.732000	2.242200	1.182100	1.291700	1.236800
306	1.128300	0.607700	0.985300	1.153500	0.965600	-1.038800	1.116300	1.334800	1.107900	1.376800	1.182800	0.676700	0.000000	0.575900	-0.235100	0.956100	1.083700	0.977900	0.979000	1.122900
307	2.140100	0.874600	1.613100	0.285900	0.759300	0.681300	1.926200	2.381300	0.766000	0.417800	1.368000	2.437800	1.326300	0.158900	1.459400	0.000000	4.638300	3.321900	2.824700	29.290800
308	-0.192100	1.266700	1.519400	2.929000	3.586100	3.848700	0.339500	1.445400	1.045800	1.716600	0.196200	-0.910000	5.712900	2.691300	5.196700	0.059700	9.352500	-0.213100	-1.356600	0.000000
309	1.429700	0.000000	9.389600	3.687300	7.416300	3.671300	22.825900	2.305300	0.559500	2.437600	11.278800	15.970400	8.272700	14.229400	5.778200	6.566500	48.383400	33.274700	28.596900	36.815000
310	1.475600	0.000000	4.866000	3.686400	2.648100	1.762100	10.049900	2.710000	1.223700	2.989000	1.163100	9.720000	6.534900	2.010300	4.510900	5.807200	40.032300	25.513800	18.086700	41.250300
311	3.984200	2.637700	2.294000	3.883600	3.717900	1.792000	9.681000	2.997800	3.356700	2.873200	2.323700	3.597600	0.000000	2.658500	3.982700	3.719900	28.175400	17.995100	11.333500	13.791300
312	3.991100	2.725500	0.000000	2.639800	1.649000	5.385100	12.277100	3.141800	3.382300	3.092700	1.011400	4.174500	3.843000	3.209200	4.441500	2.684600	13.502900	12.422200	5.767400	5.686600
313	2.197100	0.602100	2.519100	-0.099100	1.108300	3.453700	6.782400	0.000000	1.791000	0.402400	0.709500	2.115500	3.108100	4.245700	2.977100	1.431200	18.008400	14.800300	9.258200	6.572400
314	0.771700	0.000000	2.265900	1.110500	3.419400	4.016300	11.573400	1.763500	0.273600	1.233900	1.801900	4.433900	5.372200	7.119100	3.236100	1.571200	16.004500	12.622900	8.560100	10.621100
315	0.000000	6.981800	18.835900	15.490000	19.618700	17.289000	61.162400	13.080800	10.389400	9.875500	15.693300	24.016600	21.679500	18.707700	14.333100	13.385500	30.780300	69.988300	70.689300	39.469300
316	5.492100	4.561300	1.926800	3.817400	3.174000	7.087800	3.664600	4.366100	5.502800	4.617200	2.105100	3.759000	4.853700	4.244700	4.843800	3.921200	3.087000	0.000000	0.796700	3.229000
317	2.949200	2.344100	0.176300	3.451100	2.663000	2.264000	4.237600	3.336800	2.605000	2.209200	-0.196800	2.218800	3.202100	2.618600	3.077400	2.135300	0.705400	0.000000	-0.800000	2.185000
318	4.756700	3.491400	3.663100	3.754900	4.658200	9.437000	4.974100	3.129300	3.386200	4.013300	3.779800	5.214500	6.266800	3.083000	2.952800	0.000000	8.755000	5.209600	3.540800	3.647700
319	2.384800	2.153600	0.000000	1.136300	0.274200	2.938400	0.715700	0.822300	1.627300	1.712300	0.536700	0.802900	0.707700	1.589900	2.544500	2.182900	3.958700	3.484400	3.620900	2.233000
320	0.187500	0.043300	-0.338000	0.228600	-0.126900	-1.501600	-1.267700	0.414000	0.065000	-0.109100	-0.784100	-0.518500	0.671100	0.571900	0.602300	0.000000	-0.347800	-0.336400	-0.572300	0.643700
321	0.086400	0.400000	1.485200	0.508200	0.206400	1.513100	-0.158800	0.483100	0.190000	0.287500	-0.439800	0.078200	1.311100	0.167900	0.000000	-0.093100	-0.867200	-0.237400	-0.423100	-0.095300
322	1.966200	0.757600	-1.243800	0.704300	-0.033200	3.980200	0.000000	0.893400	1.240500	0.137200	-1.237500	-0.282600	0.940300	-0.372800	0.756800	-0.141100	-0.317600	-0.603200	-0.917200	-0.088200
323	4.288600	3.415000	1.835900	3.101900	2.912300	5.343200	4.501600	4.090600	4.026300	2.887300	2.230900	3.804900	2.263500	3.071700	0.000000	1.534200	2.778700	1.128700	0.400700	3.755700
324	0.000000	6.336300	22.467100	19.431600	21.990000	18.352900	23.186600	19.217200	10.514000	10.707800	17.494900	22.233700	20.106100	18.308800	20.112000	18.659300	49.371400	60.899900	49.524200	42.221400
325	6.496600	5.965800	1.500900	3.159600	2.385400	6.410100	3.019000	4.333800	6.013600	5.455600	2.288800	3.585700	5.679100	3.654100	5.823800	4.701500	1.196200	0.000000	0.628800	4.262100
326	1.487500	0.314400	-1.106000	-0.103600	-0.405300	2.925900	0.000000	0.766000	1.090800	0.620400	-1.265100	-2.750700	3.048000	0.484200	4.856100	0.857300	5.087700	4.280700	4.447600	2.013600
327	3.676200	2.242200	0.401900	0.707900	0.341100	0.000000	3.664900	2.748100	3.830400	2.710600	0.519800	1.072700	2.969300	2.226200	4.414700	3.526500	7.261500	7.982700	8.190200	6.339100
328	4.188500	2.860000	-0.035600	1.105400	0.000000	1.241600	1.863000	2.717700	4.271900	2.884400	-0.096900	2.240900	3.382700	2.079000	4.170300	3.602100	2.491900	0.590900	-0.438800	2.259900
329	1.831700	0.000000	0.595500	1.916500	1.894200	0.308800	4.774600	0.171500	2.263100	0.469100	-2.563800	1.051000	3.895900	1.711400	3.887500	2.892600	15.214600	4.371500	-0.561900	1.999800
330	3.474700	1.840300	0.298100	3.202100	3.625300	8.225000	0.000000	2.673900	3.339400	2.330100	0.443100	1.048300	3.706600	2.077900	4.860200	2.093900	2.380100	0.481700	0.359700	1.253300
331	4.983400	3.261400	0.826900	2.036300	3.894100	7.938700	2.654700	4.042500	3.954700	3.790700	0.000000	2.852900	5.771300	3.326700	6.503500	4.399900	6.100500	3.843200	7.293100	5.024800
332	6.066600	3.949600	0.000000	5.311500	3.609800	8.012000	8.339400	3.935800	5.740000	4.127400	1.480500	5.444700	6.248600	3.948100	6.826200	4.277100	19.184300	7.658500	3.462900	7.226400
333	0.983300	0.044800	-0.818600	1.044200	0.769800	7.933500	-1.051800	1.626800	0.000000	0.202500	-0.600700	-0.736400	0.834400	-0.140800	1.833200	1.075800	0.349400	-0.315500	0.012100	1.323400
334	3.810200	2.461700	1.181500	5.150800	3.098200	4.673800	0.000000	4.037000	3.146800	2.541700	1.124900	1.905700	5.870000	3.369900	6.144600	4.582200	7.878200	7.243400	7.159400	17.608800
335	2.756900	1.989500	-0.853100	0.886300	-0.177100	4.262500	10.201800	2.088200	2.439000	2.006500	-0.432300	0.932200	4.118400	2.432500	3.928400	1.867700	10.262000	3.594400	-0.818300	0.000000
336	0.109900	1.530800	1.154900	3.382200	4.151500	6.971500	-0.033900	3.108100	1.328000	1.224900	0.672800	0.139100	1.468500	0.603400	1.532100	0.714100	0.741600	0.744500	0.277600	0.000000
337	1.185700	0.000000	0.776200	0.491200	1.130900	7.252200	5.066200	3.518400	1.680600	0.745200	-0.022200	4.121900	5.660000	4.762400	4.949600	3.003300	14.126900	11.573000	8.626000	35.383500
338	4.597400	3.417700	-0.137700	0.723100	0.000000	4.439700	1.841100	2.943800	4.506700	2.692600	0.828700	0.661800	5.058500	2.844200	4.737700	2.262900	7.046700	5.700600	2.921900	3.784400
339	5.639100	3.867300	0.000000	2.695300	2.284400	6.980900	2.246000	5.500400	5.082800	3.128600	0.196600	2.495100	5.051500	3.642800	5.115200	3.579800	4.015200	9.169700	5.597300	2.880000
340	3.448200	2.288700	-0.484100	-0.236300	-0.411700	7.581800	1.005500	0.494600	2.297500	1.322900	0.112200	-0.259000	5.884300	1.619600	5.697200	0.000000	6.040000	0.579200	1.720200	1.188200
341	3.995400	3.139000	1.605500	0.662100	2.139800	6.075500	2.657200	2.096800	3.290900	2.560000	1.983000	2.442700	3.801000	2.249800	4.364000	2.176600	6.843600	3.613500	0.000000	4.445700
342	-2.827000	-1.215600	-2.714100	-1.301400	-1.669500	-3.538200	-4.164300	0.000000	-1.870500	-1.667700	-2.389000	-1.620600	-0.051100	-2.847700	0.364900	-1.542000	4.987500	6.142900	0.751100	-0.779700
343	0.097600	0.493700	2.733200	1.480800	1.349300	2.722000	-0.144900	0.678400	1.201700	0.000000	-1.177000	0.987400	3.360200	0.444600	2.114300	0.216500	5.205100	2.883600	2.025000	1.214100
344	4.692400	3.195000	0.000000	1.710400	0.430700	10.674500	4.120600	3.300800	3.989700	3.063000	0.404100	3.151400	5.717700	2.701100	6.193200	3.376500	13.628100	10.868900	5.951300	8.629100
345	2.615300	2.086200	1.248600	3.063500	3.492300	4.585200	2.782400	4.520200	3.520100	2.447000	1.241700	3.590100	0.000000	4.734100	2.837500	2.518200	3.093500	1.759800	1.612800	3.179400
346	2.527500	1.793200	0.027400	0.809000	0.367400	4.699100	-0.019700	1.206000	2.050400	1.964200	0.000000	0.703100	4.161200	1.288700	4.964900	2.152700	0.605000	-0.467300	-1.013700	1.475500
347	3.315000	2.839900	1.753500	2.323200	2.163700	3.141900	0.000000	3.440200	3.631700	2.927400	2.209700	2.296500	3.958000	2.821000	4.118400	3.155100	5.396200	2.739900	3.174800	3.577800
348	0.351700	-0.191400	0.156100	-0.090100	-0.184300	-0.899100	0.244700	0.247400	0.118700	0.448400	-0.618300	0.065100	-0.073300	-0.002900	0.000000	0.267900	1.526800	0.998100	0.922500	1.424500
349	0.439700	0.334700	-0.528700	0.180700	0.020700	-0.260500	-0.278300	0.701700	0.000000	0.221500	-0.376000	-0.590100	-0.448700	-0.655100	0.028600	-0.370800	-0.073500	-0.321100	-0.177400	0.418500
350	3.024000	2.499800	1.766900	3.084000	3.027100	4.767300	2.788800	2.146000	2.244500	2.700200	2.265900	2.608200	0.000000	2.301400	2.437400	2.598400	2.620300	2.844200	2.773700	3.032700
351	1.867000	0.696800	-2.090000	0.167100	0.220500	2.154000	-0.718300	0.348500	1.294800	0.137000	-1.826600	-0.603500	1.316500	0.000000	2.779600	1.325400	4.327300	5.093400	0.898900	4.618700
352	3.370000	2.183000	1.435800	2.162700	1.694300	0.000000	2.074600	2.780600	2.696900	2.829100	1.710300	1.680000	1.879100	1.902200	2.109500	2.482500	1.663500	1.802400	1.831000	2.052400
353	0.042200	-0.154900	-0.058800	0.247100	0.134900	-0.998200	-0.136200	0.072200	0.000000	0.206900	0.123800	-0.344600	-0.427200	-0.264400	0.065100	-0.046900	0.181900	0.070900	0.053000	-0.171800
354	0.023000	0.202600	-0.561700	0.292100	-0.145800	0.145100	-0.438500	0.486500	0.206700	0.088200	-0.691300	-0.430000	-0.142000	-0.052800	0.000000	0.025600	0.246000	-0.598100	-0.655500	-0.052200
355	1.300700	0.000000	1.884900	0.462100	3.616300	3.402500	3.255400	0.667500	0.357500	-0.247300	3.017700	4.052700	5.637100	5.410500	3.100700	3.447500	10.406900	5.918300	5.917100	8.942500
356	1.272000	1.480800	0.475300	2.750000	2.428000	2.951700	-0.171400	2.879000	2.615100	1.421000	0.555300	0.000000	1.506000	1.034400	2.187500	1.231000	0.735100	0.309500	-0.634000	0.985200
357	1.283300	-0.423400	3.693900	1.527200	5.255400	-1.466200	8.641700	3.434200	0.000000	-0.503900	5.349400	7.485000	4.333600	6.866100	1.728500	1.825800	8.939400	19.499400	11.459100	13.200400
358	0.000000	2.878600	4.955100	7.031800	13.545400	14.172800	5.363300	4.925300	4.414700	4.612100	4.394300	4.028500	7.709800	7.510900	7.010900	3.502500	6.060000	3.859800	3.193500	9.127600
359	3.832800	3.085000	5.060100	3.259600	3.342100	0.000000	10.403200	3.546900	3.896200	3.155200	4.886400	8.317200	7.704100	4.638600	6.305200	5.166400	39.660100	31.724700	26.962600	18.873900
360	0.844500	0.284500	-0.754500	0.529600	-0.263500	-0.390800	0.242100	0.050200	0.076200	0.976300	-0.837600	-0.054600	0.956200	0.000000	2.147000	0.608100	0.260800	2.240500	-0.983400	1.004300
361	1.142100	0.248100	-0.441400	0.445800	-0.223600	-0.766300	-0.324900	0.996400	0.997900	0.701200	-0.573300	-0.405400	0.000000	-0.219400	1.224900	0.475400	0.544700	0.107300	-0.055000	0.106900
362	4.406300	2.916600	0.000000	3.314500	3.613600	9.763600	9.266200	2.640800	4.517800	3.390700	0.431600	2.662100	4.489300	2.458300	5.876600	4.409000	19.667000	7.893700	6.832100	4.041000
363	2.397200	1.202700	-0.272400	0.000000	0.010000	3.870500	4.598800	1.138600	1.825400	1.274500	1.207500	0.756700	4.756200	2.454100	4.347400	1.502200	19.760600	14.640900	9.414800	13.254900
364	1.547400	0.003400	-0.426800	-0.206500	-0.640100	2.557900	-1.210000	-0.119900	0.475000	0.185000	-1.688500	-0.841900	0.791400	0.000000	2.631700	1.299600	0.411100	2.992000	3.820000	1.238800
365	3.607700	2.368700	0.894500	2.147600	1.474900	6.588900	1.259000	1.683200	2.495800	2.604200	1.239300	1.873400	2.373800	0.000000	3.766700	2.566200	1.764200	0.294300	-0.045200	2.114500
366	4.618700	2.660500	-0.296600	0.000000	0.665800	4.526100	3.361000	2.330900	3.963700	2.786600	0.083000	3.624000	3.546400	2.032800	4.148600	1.699500	6.733000	10.721300	2.386300	5.354600
367	5.471600	3.716700	0.000000	4.414000	5.405400	6.610900	7.920100	3.000500	4.920800	3.808600	1.604000	4.206100	5.953900	3.891700	6.413000	4.693400	10.836200	9.417500	3.986700	3.480700
368	0.709200	-0.760600	2.858900	0.824700	4.286800	6.008600	3.277700	0.426900	0.000000	-0.068900	-2.419300	2.357300	1.381400	0.972500	1.936700	1.634500	3.749100	1.320400	3.665200	0.657300
369	0.000000	-1.345600	-0.217700	0.346600	0.699300	1.690900	3.125500	1.016300	-0.705000	-0.895900	-1.176300	3.089900	5.059500	2.950000	6.848300	-0.319600	10.981100	9.984600	6.968200	52.739100
370	0.000000	-0.245200	4.182700	2.616100	3.795600	2.722100	8.757700	2.763800	2.772600	2.365100	1.637500	3.896500	7.303600	4.541000	5.859000	3.835000	9.765500	13.336300	10.954800	40.352100
371	5.562800	4.385300	2.314500	3.785200	2.282000	5.607900	4.662800	5.263500	5.482200	4.571100	1.236200	4.233000	5.626900	4.862300	5.933500	4.493700	0.000000	1.908900	0.861600	3.777600
372	0.270000	-0.064600	-1.074500	-0.663300	-1.335500	7.427100	0.000000	0.709500	1.600900	0.817200	-1.028500	-0.461200	0.668600	-0.109300	1.659100	1.373900	0.063300	-0.928000	-0.233700	0.154800
373	1.264500	0.603400	0.973000	0.105700	0.185200	2.799400	2.489900	1.044400	0.836000	0.834100	0.394600	1.692500	0.000000	-0.365800	1.777200	1.571000	19.058100	15.085500	11.154400	5.184100
374	-2.006700	-0.293700	-0.006300	2.291700	2.203200	4.822600	-1.441900	1.959700	-0.539800	-0.450300	-0.088800	-1.872300	0.181800	-0.885100	0.000000	-1.307100	1.406500	0.010200	-0.189400	-1.259900
375	3.248800	2.566800	2.316800	0.590500	0.000000	5.719700	5.270800	1.078300	1.672200	1.989600	1.887900	4.347900	5.433700	2.746600	5.256800	3.330000	26.332900	19.436100	14.259000	19.421600
376	2.430800	1.054300	-0.566000	1.023700	1.136900	0.380100	0.000000	1.997500	1.651600	1.168500	-0.475200	0.167900	0.792300	0.234700	1.733000	1.160000	0.421600	0.429300	0.474200	1.229600
377	4.969800	3.270700	-0.319200	0.000000	-0.494900	2.494900	4.995800	2.346100	4.580800	2.491000	-0.227300	3.469700	5.595900	2.200900	5.900000	3.792900	11.423100	5.816600	4.903300	24.592400
378	1.156100	0.000000	0.168700	-0.410700	0.758300	2.910700	0.429600	-0.848000	-0.003200	0.107300	-0.018700	2.926800	3.832800	2.403900	3.790500	2.647600	23.976400	19.676500	13.999900	28.826900
379	0.000000	3.202900	10.498000	9.371200	14.020500	6.137200	15.737600	10.324600	5.498100	6.277500	9.060600	14.678200	13.793600	11.917500	11.909300	13.486700	37.297100	27.888900	23.648000	55.494400
380	0.358300	-0.525000	-2.274800	-1.843200	-1.854600	2.359300	-0.331900	-0.011500	-2.152900	-0.721400	-2.870700	-0.291500	0.000000	-1.762700	3.737800	0.946100	7.038900	10.485300	7.247100	8.766000
381	1.244200	0.056700	-1.194000	-1.519500	-2.414200	-2.579200	5.833400	0.406300	0.850700	-0.231700	-1.130100	1.411100	0.110300	0.067900	2.899800	0.000000	7.652300	6.102100	5.505000	35.323300
382	1.132300	0.000000	-1.151100	0.966700	0.444800	4.537300	-1.592800	1.724300	0.588100	0.549700	-1.014100	-0.916200	0.766000	-0.239700	1.336000	0.772100	-0.609400	-1.691600	-0.770400	-0.214500
383	2.706100	2.307900	0.000000	0.855900	0.386100	6.378500	-0.639000	1.276800	1.612300	1.543400	0.285300	0.372600	1.987600	0.780900	2.660600	1.996200	1.255800	0.864900	0.687400	0.972800
384	1.884900	0.912800	-0.032400	1.154800	0.167700	0.000000	0.831900	1.650800	1.461800	0.943100	0.227500	0.817400	1.055600	1.092100	1.577900	0.972000	0.177600	0.647500	0.884100	1.324900
385	2.306800	1.865500	1.641900	2.089200	1.158600	2.244400	0.000000	1.612500	0.899400	1.407900	0.795900	0.981700	3.234200	1.506900	4.236000	1.507100	2.415200	0.884200	0.631700	0.684500
386	2.534300	2.552800	0.822700	2.292300	1.701500	3.164000	1.682000	2.424300	2.615500	2.085200	0.950300	1.623100	2.810600	2.178500	2.803700	1.814000	1.170000	0.000000	0.478200	2.024800
387	4.438100	4.757800	3.834200	4.585800	4.233200	4.564000	4.954500	3.962900	4.105400	4.565800	3.999800	4.431000	1.441500	3.820200	0.000000	3.576800	4.604700	4.669400	4.647600	4.742200
388	1.369300	0.000000	3.271500	1.568400	1.928500	-1.708900	2.425900	0.976600	0.865000	1.578600	1.034100	1.392200	1.534100	0.878600	2.180000	1.873600	1.504100	0.604000	0.671200	2.365500
389	3.452300	2.827800	3.454200	4.306200	4.295800	4.097600	3.906400	0.000000	4.649400	4.589800	3.725400	3.963400	3.577600	3.725700	3.571800	3.789300	3.997200	3.785600	3.662300	4.404900
390	2.542000	0.000000	3.069200	3.756700	5.566200	6.557200	9.135100	4.426400	3.416900	1.809100	1.157400	6.040800	4.293300	3.209400	5.803000	9.707300	16.645300	10.985700	7.347500	14.665600
391	4.598200	2.792700	0.698400	4.355300	3.749600	5.108300	4.686600	4.611200	3.563300	3.380200	0.521600	4.097100	4.011500	2.763700	4.708300	2.958800	7.058200	0.000000	-0.019200	1.990800
392	0.385700	-0.692400	-1.843100	-0.846600	-0.771000	4.219300	-0.719900	-0.401800	-0.372500	-0.331500	-1.682900	-1.014000	-0.435700	-0.716600	0.468300	0.000000	-1.556700	-1.279700	-1.793600	1.108800
393	1.363800	0.345600	-0.976200	0.742900	0.450900	3.280800	1.468900	0.761600	0.890900	0.882200	-0.866100	1.916900	0.944900	0.000000	1.469800	0.038600	7.676200	4.536600	2.792300	5.444600
394	4.144600	2.315300	0.472300	0.500300	0.000000	7.322500	5.102100	1.570800	3.293600	2.283000	0.342400	3.047700	3.564100	3.653200	3.625200	2.974300	12.373100	16.989000	7.836000	15.018500
395	3.141000	1.468800	-0.676200	0.212200	0.000000	5.616400	7.226000	1.009500	2.685200	1.673500	-0.487300	4.828100	3.412600	1.174800	4.095900	2.515700	18.161800	12.999100	8.851800	7.384500
396	2.445500	1.526600	0.000000	1.537700	1.397100	4.806500	2.310800	1.748300	1.898500	2.025600	0.530800	1.463800	3.895400	1.753000	4.633600	2.059700	11.247600	18.953300	10.508800	9.588100
397	2.884800	1.270800	0.397400	0.774200	0.663100	3.534100	0.057100	0.624700	1.809700	1.447700	-0.401700	1.248300	1.776200	0.249300	2.302700	0.000000	4.792100	1.998400	0.896500	0.522000
398	1.407100	0.000000	2.177100	3.133700	3.631700	2.274600	6.514300	1.948800	0.528900	1.675100	1.828700	5.487000	7.373400	4.535400	6.021400	5.262400	33.951300	24.825500	14.630100	51.743800
399	4.028800	2.541700	0.438200	1.980800	1.380100	5.664800	-1.711900	3.274200	3.083300	2.265800	0.335500	0.000000	5.136800	1.090700	4.566300	3.180500	14.825200	12.787200	6.345100	7.572100
400	4.968100	3.391800	6.370500	4.868900	6.005700	0.000000	20.037100	6.245500	4.464100	5.538100	6.389400	12.551500	10.753100	8.477500	8.368400	7.208100	21.874700	22.488500	19.617500	12.962500
401	0.583100	0.502400	-1.387700	-0.963100	-1.226000	0.916800	-0.274400	1.048500	0.824100	0.030800	-1.005100	-0.512900	0.218200	0.000000	0.574600	0.220100	-0.811500	-0.471800	-0.420300	-0.017700
402	0.000000	3.403200	5.560100	5.291100	5.917000	9.745700	4.720500	5.080200	3.416000	4.247700	3.953400	4.322900	5.698700	4.338300	6.985400	6.040800	8.383900	5.897100	5.598900	30.161600
403	1.172600	0.285200	0.359700	0.000000	-0.026400	-0.190600	0.768400	1.780600	1.809200	1.199800	-0.531600	0.490700	2.881400	2.059100	3.158700	2.565300	3.771300	2.166800	2.983200	2.502200
404	2.893200	2.092300	1.163500	1.763000	1.725000	5.957900	1.710500	2.979800	2.201500	1.194300	1.396100	1.373100	1.031500	1.848000	0.278500	0.000000	1.719900	0.618400	0.183100	1.803200
405	0.719400	0.519300	-0.692800	0.961300	0.105700	-0.573700	-0.054000	1.026500	0.311400	0.217200	-0.901800	-0.382400	-0.061300	0.303800	0.023600	0.000000	-1.024900	-0.599700	-0.718300	0.245600
406	0.511000	0.770700	0.621000	1.372700	1.391200	4.290300	-0.133900	0.764200	0.511600	0.542700	0.793700	0.272200	0.566500	0.013000	0.336500	0.000000	0.731100	0.653400	0.610500	0.607100
407	0.000000	3.311300	4.972900	7.392200	8.060400	9.187200	4.764200	6.454000	4.361200	4.355700	4.545300	5.305700	4.506000	4.487200	5.337300	5.251300	5.950900	5.952500	6.356300	14.796300
408	2.127600	1.703100	1.829400	4.247900	4.897500	0.000000	2.064300	4.358300	2.352200	2.325500	1.626100	2.040800	1.503800	1.869700	2.576700	2.119900	2.511500	2.040500	2.242500	2.241600
409	3.314100	2.502300	6.309900	3.613900	3.663500	0.000000	7.731600	2.210700	1.913100	3.524400	4.957900	4.627500	5.565200	6.631400	6.949500	5.464500	24.005600	15.427900	15.772700	36.176100
410	1.186400	0.851000	-0.052800	0.548800	0.132900	-0.523700	0.294300	0.706700	1.060000	0.864500	-0.581400	0.000000	0.366500	0.450600	1.040700	0.941900	-0.443000	0.292500	0.007400	1.077800
411	4.881500	3.330800	0.000000	1.246600	0.912100	4.672600	2.300200	3.147700	4.057700	2.898200	-0.074600	1.956800	3.773100	3.231100	4.059400	3.734800	2.496500	1.331100	1.114200	2.176400
412	0.857600	0.069900	-0.758200	0.200400	1.437100	0.942200	-1.479400	-0.072900	0.000000	0.217800	-1.777700	-2.162600	1.274200	-0.528900	1.566900	0.074100	-0.283300	-0.344800	-0.532200	-0.023400
413	4.789600	3.404400	0.414800	1.834900	2.000900	6.362100	5.770400	3.736200	2.803300	3.267300	0.000000	3.405700	5.731900	2.708300	6.585600	4.621200	16.831300	16.976500	11.380500	13.388900
414	3.253200	1.952400	0.221800	1.457100	0.856400	3.337700	1.596500	2.747800	3.237900	2.222600	0.459600	1.577000	2.550300	2.318800	2.863300	2.429000	-0.043600	-1.024900	0.000000	2.530500
415	0.000000	1.812700	1.027800	0.125400	1.806500	4.245200	3.869300	2.009700	1.542800	1.736500	1.610100	2.241300	3.916400	2.154000	3.822400	2.977400	4.927400	3.734900	2.909100	4.503600
416	5.158500	3.106200	0.867900	0.000000	-0.111500	5.373700	6.095100	2.411200	3.991400	2.541800	0.916100	2.850700	5.940900	4.030400	5.268500	2.450400	8.053500	1.704700	0.121800	3.485500
417	2.471200	1.098200	1.992600	-0.592800	-1.214400	1.664700	1.074200	0.000000	1.399000	0.864000	0.498400	-0.051400	4.843300	1.812800	5.689800	2.231500	17.123200	1.294300	0.315300	21.660900
418	3.246000	2.031600	0.540900	1.447600	2.379900	1.229700	2.682100	1.168900	1.981100	2.426800	0.868700	2.077800	3.173000	2.698500	2.720300	2.905600	2.190500	0.000000	0.543200	2.528500
419	2.415800	1.411300	0.000000	0.805800	0.593700	0.391400	-0.896000	0.358600	1.647500	1.015700	0.756100	-1.133800	2.700300	0.797400	2.586500	0.773400	0.931300	-0.024300	0.427300	0.296700
420	-1.241800	1.484700	0.705500	2.564600	2.013900	6.741300	0.000000	2.166500	0.923600	1.066500	0.264600	0.972400	1.638800	1.372800	2.103200	1.687100	0.040500	0.449700	0.321200	1.362100
421	3.847700	2.668800	0.000000	1.790200	1.770200	5.648100	4.744300	2.253600	3.624100	1.870000	-1.175900	2.210100	4.053900	2.275600	4.268800	2.986700	10.427100	0.810300	0.743800	2.904900
422	0.637300	0.808700	0.631600	1.597700	2.082800	0.250100	0.870500	0.081800	0.000000	0.900600	0.567000	0.727700	1.095200	1.062900	0.517000	0.851600	1.012400	0.797800	0.613300	1.124500
423	0.209800	-0.011200	-0.017400	0.236900	0.145100	-0.904200	0.176500	0.158800	0.246800	0.425900	-0.280200	0.064000	-0.080400	0.123700	0.000000	0.281900	0.111400	-0.497500	-0.350800	0.385100
424	0.427900	-0.495100	-1.124300	-0.517100	-0.966800	-0.088600	-1.050900	0.010400	-0.407200	0.073900	-1.078700	-0.860100	-0.351800	-0.915000	0.000000	-0.511500	-0.570400	-0.651400	-0.772100	-0.475100
425	4.372800	3.030300	0.000000	2.085100	3.297500	3.192000	7.272900	2.542800	3.651900	2.941600	-0.606000	3.573000	3.701100	2.680600	4.295900	3.690300	9.900600	11.995000	7.549700	3.015800
426	2.869300	2.738500	0.000000	2.978300	1.604500	6.117900	2.832000	2.859300	3.004100	1.782700	-0.118000	2.217100	2.723500	2.319600	3.500300	2.912500	4.215000	3.742600	3.700300	3.959800
427	0.423000	0.185100	0.234800	0.808000	0.444600	12.244400	0.605900	1.082900	0.115800	0.866100	0.304100	0.510700	-0.564600	0.000000	-0.870200	-0.074200	0.630700	0.478500	0.205100	0.652400
428	0.452700	0.526800	0.107200	0.610900	0.452900	-0.618900	0.019300	0.572500	0.657100	0.426600	0.140500	0.000000	0.390500	0.427600	-0.272600	0.519800	0.159100	0.322600	0.235100	0.647500
429	0.364400	-0.116900	-0.482300	-0.235400	-0.436800	-2.295800	-0.762200	-0.065500	0.000000	0.225600	-0.378200	-0.873000	-0.412400	-0.689500	-0.290100	0.016900	-0.333700	-0.167800	-0.215100	0.306100
430	2.457100	1.389300	0.720000	-0.263600	-0.037800	0.293800	1.030600	1.012200	2.005100	1.468000	0.756000	0.349600	0.725500	0.771100	2.590700	0.000000	1.232200	-0.232600	-0.320400	0.359800
431	4.277600	2.893100	0.965900	3.420600	2.442600	14.509100	2.993900	4.845500	2.901000	3.530400	0.184400	2.015500	4.032900	2.414000	4.556000	2.413300	2.172700	2.213500	0.000000	2.573100
432	0.099700	-0.866900	-1.546700	0.494400	-0.226900	4.891800	-0.424700	0.683900	0.169000	0.037000	-1.323900	-0.760800	-0.366700	-0.401100	-0.400500	0.000000	-1.329400	-0.992300	-1.113400	0.345900
433	2.315800	1.560800	0.363300	0.951300	0.000000	2.652400	0.007700	1.654300	1.969700	1.705200	0.568300	1.385900	1.752900	1.500900	2.265500	2.437900	1.789200	-0.016500	1.210800	1.973000
434	6.648000	5.163100	1.848300	4.412200	4.872700	10.015300	6.663800	4.616900	6.206000	5.330000	1.619400	4.778300	4.458900	4.787200	5.320200	5.206900	2.285800	2.257100	0.000000	3.264300
435	1.685900	0.850700	-0.103900	0.429500	-0.246900	4.844700	0.113000	1.882200	1.503300	1.024300	-0.115700	0.000000	1.025300	1.081800	2.330200	0.201600	0.578300	0.191100	0.003900	1.349300
436	1.350300	0.459100	-0.088300	0.380600	0.208600	2.625200	0.061200	0.351900	0.587700	0.490900	-0.100500	0.000000	0.662600	0.267100	1.232900	0.265300	0.431700	0.587800	0.507700	0.364900
437	5.576000	4.136300	3.729100	5.438800	5.383600	6.210800	4.746600	4.940200	4.994800	4.885700	1.177500	4.726900	5.388600	4.961300	6.455700	5.619600	-0.434800	1.404400	0.000000	4.078100
438	3.540000	1.782600	-0.870500	0.000000	-0.684300	6.870400	4.362300	0.951500	3.701000	1.066100	1.083300	4.783000	4.190200	3.812200	4.081900	2.006100	12.243100	12.099900	6.312200	12.397600
439	0.921300	0.170800	0.000000	0.588900	0.077400	3.613500	0.241200	0.764500	0.509300	0.724000	-0.236600	0.109100	0.564500	0.090000	1.384000	0.381200	0.668600	0.471400	0.173200	0.513600
440	1.280600	0.175400	-0.779400	1.650700	1.619400	3.909200	-0.315800	1.216000	0.910400	0.404100	-0.684900	0.000000	2.446500	0.744900	2.874200	0.495100	1.697200	2.016400	1.434500	0.517400
441	4.910100	2.960800	1.077200	3.541800	2.538200	4.338300	6.503000	2.302100	3.535900	2.865700	0.000000	4.731300	4.577000	3.675300	4.967300	2.345600	16.195900	11.020400	5.405200	4.066700
442	0.775700	0.660400	-0.753600	3.709800	3.390200	2.939600	0.556200	3.464900	1.062500	0.938200	-0.844500	0.275200	4.552900	1.773000	3.776700	1.542900	10.930500	3.467900	1.226600	0.000000
443	-1.990400	0.000000	5.916400	2.014700	2.982300	7.924700	10.549900	3.815500	1.432100	-0.167200	2.293000	5.944200	9.542900	6.582700	3.656700	2.058100	24.434700	18.442500	13.895400	16.500700
444	-2.868900	-0.013200	-0.882400	1.892400	1.539900	4.315500	-0.166600	1.165600	0.173400	-0.160000	-0.599400	-0.444500	-0.219400	-0.107100	0.000000	-0.265500	-0.201800	-0.663300	-0.174700	-0.209100
445	0.014300	-0.164000	-0.778100	-0.253900	-0.364600	2.897500	-0.497500	-0.467400	-0.376200	-0.204500	-1.253000	-0.934600	-0.582700	0.000000	-0.206600	-0.371100	0.240700	-1.790100	-1.057500	-0.022500
446	0.385200	0.272000	0.409700	0.754500	0.705600	-0.406200	0.033300	0.668800	0.400400	0.585200	0.220100	0.475000	-0.195500	0.180600	0.000000	0.458600	0.384600	0.467000	0.435400	0.707800
447	0.874800	0.296800	-0.108100	0.486500	0.069700	-0.558000	-1.206700	1.457300	0.735400	0.834700	0.239500	-0.031100	1.932300	1.182000	3.470400	0.743900	0.736900	0.000000	-0.673100	-0.117900
448	2.059600	0.634700	-1.585200	-1.981600	-2.346100	12.280800	-0.239300	-0.568700	0.850900	0.000000	-1.410300	-0.281800	-0.587600	-0.110500	0.985700	-0.624700	0.270400	0.801400	0.631200	1.268200
449	0.271700	0.000000	-0.206900	0.199200	-0.011300	-1.525900	-0.305000	0.252700	-0.453700	-0.215500	-0.081400	-0.507400	-0.390800	-0.513900	0.081700	-0.539200	-0.226600	-0.009100	-0.056000	-0.490100
450	1.910200	0.986900	0.146500	0.570200	0.162700	1.307600	0.628600	0.659400	1.454800	0.713300	0.352100	0.599800	0.332000	0.825000	-0.532500	0.000000	0.861900	0.762700	0.694800	0.906100
451	2.405500	1.344100	1.051400	1.524600	1.104900	0.000000	1.708700	2.731200	2.004100	1.294000	0.832000	1.708400	1.341600	1.331000	2.289800	1.669400	1.026800	1.640000	1.061300	2.177000
452	1.535900	0.566600	-0.068300	0.744800	0.343400	-0.374200	-0.166400	1.089500	0.908300	0.913500	0.030600	0.025400	0.128900	0.000000	0.842400	0.898200	0.938400	0.587100	0.503800	1.404100
453	1.741000	0.485900	-0.355200	1.252300	0.783300	3.544500	0.168500	2.452000	1.356700	1.319800	-0.398600	0.000000	0.329100	0.195800	0.951300	0.991300	0.264300	0.158600	0.075300	1.162100
454	3.711800	2.554000	3.228800	2.569500	3.485800	1.741200	5.459900	3.527800	4.598300	2.332900	0.484800	3.850300	4.689900	4.101000	3.560500	2.784000	0.663100	0.000000	-0.827200	2.638600
455	-1.230000	-0.111000	-0.132300	1.837400	2.425700	4.463400	-0.422100	2.770100	0.378700	0.125000	0.647700	-0.608700	-0.293700	-0.190700	0.079200	0.000000	0.536900	-0.455700	-0.581300	-0.123600
456	1.230900	1.268900	-0.008000	1.441600	1.288800	9.333900	1.326300	1.751500	2.178500	1.040200	-0.849600	1.132300	2.235900	0.921400	2.223500	1.250500	3.444500	0.503000	0.808400	0.000000
457	0.351300	0.000000	-0.002900	0.371400	0.254300	-1.023300	0.196500	0.922400	0.596900	0.538000	-0.033000	0.139700	0.006700	0.325300	0.252300	0.711900	0.422300	0.305500	0.247200	0.768900
458	2.321700	1.844200	0.075100	0.901900	0.000000	1.741600	1.367400	1.690400	2.468800	1.583800	0.077300	1.646600	1.661500	1.329900	3.048400	2.388500	1.373600	0.962800	-0.594600	1.974100
459	-0.625600	-0.540700	-1.046300	-0.602700	-0.966600	-0.908900	-0.510300	0.000000	-0.412500	-0.586300	-0.861100	-0.836300	-0.812400	-0.904100	-0.403200	-0.445100	-0.497700	-0.835500	-0.867400	-0.300100
460	1.606400	1.108700	1.596700	2.246400	2.022400	0.000000	0.748300	2.101500	1.747300	1.496800	1.233300	0.627600	0.840000	0.787800	1.633500	1.117300	1.616700	1.064000	1.899600	1.718900
461	3.146500	1.728400	0.000000	2.406800	2.498100	4.945800	2.862800	1.953600	2.181700	2.017500	-0.474600	1.240900	1.903700	2.947500	3.352500	1.404700	2.722600	-1.506900	-1.079700	2.069300
462	0.745800	0.631200	-0.061000	0.400400	0.383900	0.247700	0.113500	0.866100	0.562300	0.499900	-0.358200	0.000000	0.000900	-0.101300	0.349700	0.440500	-0.322800	-0.062100	-0.134000	0.459900
463	1.581700	1.007100	0.609600	1.258300	0.867000	0.000000	0.916400	1.222000	1.023400	1.206000	1.224700	0.803500	0.320400	0.701000	2.072900	1.018500	-0.646400	0.869500	0.567700	0.981000
464	0.704400	-0.533700	0.425500	0.407900	1.168700	-0.832900	1.311600	1.527000	0.000000	0.401000	-0.963900	2.011000	2.043100	0.961400	2.027600	1.303000	0.623700	0.040400	-0.297200	3.432400
465	0.241900	0.000000	-0.077700	1.099100	0.833500	0.619700	0.007200	1.510700	0.057400	0.378100	-0.201400	-0.072700	0.085100	0.135900	0.107200	0.108800	-0.065000	0.172000	0.170600	0.415300
466	0.943600	0.896700	1.192000	1.794500	1.499100	0.000000	0.982100	1.294900	0.972100	0.771400	1.083300	1.202300	0.528800	1.170300	0.191900	0.687100	1.305000	1.195200	1.167700	1.257800
467	0.817600	0.387500	0.235900	0.618700	0.332800	-0.947800	-0.896200	0.646600	0.640400	0.729500	0.316900	0.000000	-0.308800	-0.311200	0.431600	0.683000	0.170800	-0.307800	-0.021300	0.736000
468	2.859000	1.914500	-0.132000	0.725600	0.000000	1.766500	1.418100	1.443100	2.509100	1.502100	-0.102500	0.764700	1.249500	1.366500	1.819400	1.832000	0.890300	0.720900	0.681500	1.889700
469	2.433600	1.591700	2.120100	1.853400	1.914400	0.000000	2.151300	1.620100	1.861400	2.151300	1.380000	1.654000	1.032300	1.655600	1.248700	2.110000	2.856000	2.696600	2.575300	2.595100
470	-0.003200	-0.182600	-1.914200	-0.213300	0.000000	-1.811800	-0.354200	-0.442100	0.511500	0.542800	-2.269700	-0.419800	-0.748100	0.092300	-1.437200	-1.357300	0.230300	0.154900	-0.051300	1.043200
471	1.537500	0.931800	0.455100	0.978700	0.553800	-0.036700	1.013000	1.088200	1.356100	1.393200	0.328200	0.745500	0.000000	0.398400	0.831900	1.285400	0.404200	0.401200	0.383800	1.438500
472	1.218500	0.334300	-0.601200	0.000000	-0.251500	-0.914300	0.170500	0.772300	0.997600	0.505300	-0.660600	-0.372100	-0.631100	0.109400	0.141000	0.804700	0.107200	-0.087000	-0.058800	0.639200
473	3.992100	2.553600	0.000000	0.600000	0.069000	2.599000	-0.483600	2.093700	3.673000	2.787400	0.388800	1.630300	3.936400	2.326700	4.181300	3.002200	0.105100	2.266000	1.302300	3.078900
474	2.683000	1.695400	0.000000	2.217900	1.198600	6.944500	1.873400	2.228700	1.948100	1.918000	-0.085400	1.470900	0.758900	1.147800	1.833900	2.114800	2.796800	2.679700	2.647500	2.000700
475	1.567100	0.782300	0.180100	1.245300	0.814100	1.033300	0.566100	1.770100	0.953500	1.281700	0.182200	0.579200	0.000000	0.317000	0.576700	1.135600	0.401400	0.514400	0.381600	1.532100
476	1.183300	0.000000	6.237000	5.554300	11.259200	9.042500	4.574900	3.757900	1.177200	2.759700	3.234600	4.893200	4.880800	2.108000	5.153500	5.757500	8.585200	9.289200	11.386100	9.174400
477	0.516800	-0.702200	-0.873700	-0.584000	-0.621600	5.799500	0.079800	0.000000	-0.190800	-0.462700	-0.902600	-0.313800	-0.529600	-0.406900	1.425400	1.147500	1.916300	0.282800	0.066000	0.326300
478	0.243000	0.339400	0.353000	0.666400	0.563200	2.881000	0.312100	-0.058200	0.088400	0.768200	0.289800	0.000000	0.651700	0.261900	0.704400	0.020700	0.345800	-0.135800	0.304400	-0.485000
479	2.147100	1.629000	1.565300	1.912300	1.767600	0.000000	0.140800	2.144000	2.319400	1.945400	0.966000	1.645200	2.356000	2.340800	2.829400	2.084800	0.824700	1.419300	0.858800	2.407500
480	1.203500	0.925400	-0.149300	0.259400	-0.187000	1.794900	0.895600	0.000000	0.805600	0.627700	-0.842800	1.109400	0.247900	0.813100	0.032000	0.859700	1.010600	0.580700	-1.822300	0.597500
481	0.670200	0.345300	0.000000	0.369700	0.067900	0.379900	0.004400	0.323900	0.528200	0.407900	-0.133100	-0.146800	0.151000	0.189200	0.426400	0.316900	-0.082600	-0.312300	-0.386000	0.463800
482	1.609100	1.264300	0.348100	0.846200	0.340500	0.000000	0.089800	1.128100	0.768500	1.246100	-0.056300	1.176600	2.142700	1.627700	2.235900	1.456700	0.786900	0.469300	0.253900	1.769100
483	2.316300	1.600300	0.034800	2.459500	2.202400	0.259100	1.399700	2.793200	2.008200	1.374500	-0.234800	1.385900	1.911600	1.790800	1.192100	1.119900	1.604000	0.899200	0.000000	1.235400
484	1.126800	0.910800	0.922500	1.184900	1.139300	0.000000	0.331800	1.083300	1.062200	0.953500	1.066000	0.685400	0.131900	1.075400	0.954200	1.200100	1.001500	0.848300	0.685600	1.182200
485	5.058200	4.593800	2.433700	4.248200	3.588900	3.909600	2.813100	4.315000	4.297300	3.833500	2.681600	3.687600	5.923200	3.935000	5.165000	4.365700	0.000000	2.257400	1.596500	4.851300
486	1.318000	0.564100	0.000000	1.148800	2.046100	4.580500	-0.081600	1.671000	1.749900	1.247100	-0.287000	0.572400	1.538900	0.575800	2.431000	0.849600	1.850300	0.733100	0.194200	2.005800
487	0.985800	0.736600	1.101900	1.185000	1.281500	0.000000	0.813400	1.124200	1.057300	1.075600	1.043900	0.944700	1.185300	1.023200	1.393300	1.204800	1.259800	0.948000	1.272500	1.480400
488	-0.099700	-0.050700	-0.121900	-0.133900	-0.477500	1.238500	-0.574100	-0.403500	-0.490700	-0.296800	-0.095600	-0.333400	0.000000	-0.579500	-0.438300	-0.014800	-0.002700	-1.143200	-1.572200	-0.041100
489	1.792300	0.784000	1.218800	0.140800	-0.707900	-1.294200	6.385600	0.000000	0.967400	0.776700	-1.037100	1.554500	4.191100	0.051300	4.088400	2.694900	18.904600	8.098300	5.040700	31.988700
490	0.087500	-0.153000	-0.792700	-0.609300	-0.165300	-1.179900	-1.295300	0.242700	-0.000600	-0.375700	-0.791000	-0.784000	-0.039700	-0.388900	0.000000	-0.214000	-0.764200	-1.009100	-1.137700	-0.036200
491	2.548300	1.133800	0.620900	1.258300	2.299000	5.707000	0.944200	2.541000	2.017000	1.056500	0.000000	0.785400	2.770200	1.485700	2.842600	2.315700	3.200800	1.201800	1.018400	3.477400
492	1.048000	0.684500	0.343000	0.921600	0.517900	-0.095000	-0.417600	1.084000	1.167300	1.063700	0.258400	0.000000	1.534100	0.698600	2.011700	1.399300	2.957200	3.477700	1.406500	2.941900
493	2.699700	1.939000	3.998300	0.000000	1.444000	0.154200	7.968400	2.108500	2.651400	2.094600	2.152600	7.969600	7.052400	5.095500	4.225700	4.026200	21.916000	15.494900	11.685500	10.934100
494	-0.450800	0.009300	-0.166900	0.644300	1.067000	-0.519500	0.003900	1.255600	0.413500	0.264700	-0.269900	-0.022500	-0.168900	0.065000	0.000000	0.179600	-0.814900	0.003400	-0.160500	0.263400
495	0.000000	-0.004600	0.061000	0.103300	0.163200	-0.522300	-0.033400	0.024100	0.090000	0.028700	-0.051800	-0.055500	0.024800	-0.041100	-0.008800	-0.029900	-0.124100	-0.083000	-0.064600	-0.044100