SITE	GLY	ALA	LEU	VAL	ILE	PRO	ARG	THR	SER	CYS	MET	LYS	GLU	GLN	ASP	ASN	TRP	TYR	PHE	HIS
4	-0.096570	-0.109300	0.118660	0.108430	0.047030	0.127280	-0.104900	-0.035830	-0.085910	-0.069180	-0.254190	-0.083620	-0.044830	-0.054250	-0.372491	-0.025560	-0.004410	-0.318103	-0.330090	0.000000
5	4.608610	3.257580	2.386390	2.571280	1.860420	2.792010	3.564070	3.534970	4.139040	3.359440	2.200860	3.266030	3.551720	3.302750	4.194480	3.879940	0.000000	1.970560	1.673010	3.332700
6	0.000000	1.779700	0.747700	3.547220	2.645630	5.903110	2.155060	2.040620	1.415510	1.599380	-0.044040	1.421450	2.565700	1.656080	0.990680	1.857860	1.677650	1.699690	1.051720	1.148670
7	3.471880	2.894320	0.840750	2.366540	1.777490	3.184260	3.673480	3.024140	3.569710	2.630180	0.301860	1.964300	4.145150	2.461440	4.129750	2.774200	0.890720	0.000000	-1.010030	2.413760
8	0.000000	0.124380	0.537400	1.582530	1.374780	0.112190	0.775950	1.800140	0.032880	0.344040	0.326370	0.614240	0.487380	0.430440	0.123810	-0.032750	1.555810	0.405130	0.353990	2.105980
9	0.548690	0.047180	-0.095830	0.321660	0.219970	-1.306014	0.042860	0.450940	0.390990	0.499080	0.071840	0.000000	-0.417170	-0.293340	0.575100	0.507230	0.660080	0.525740	0.387510	0.797070
10	-0.002280	-0.081540	-0.688280	-0.059700	-0.156240	-0.132410	-0.183560	0.248170	0.013980	-0.263530	-0.759974	-0.403760	-0.264680	-0.311860	-0.126070	-0.132610	-0.406380	-0.590861	-0.656054	0.000000
11	-0.100930	-0.118470	0.580780	0.428040	0.616500	0.290910	0.278970	1.171410	0.167000	0.360500	-0.180700	0.150180	0.790580	0.597350	0.152540	0.000000	0.384330	0.508200	0.420130	0.435920
12	0.000000	1.701025	3.662955	3.617145	3.459025	5.571155	2.924005	4.009125	3.747535	3.518165	1.842805	2.346595	2.984755	2.988125	4.689575	3.886015	10.060945	8.914655	9.129425	39.523245
13	4.168513	2.813733	3.495783	1.805623	1.392393	0.000000	3.065413	2.950823	4.326853	3.090603	2.384233	3.066473	3.063873	3.209743	3.161603	2.641313	1.029923	1.637383	1.829753	3.683283
14	1.339356	0.650376	0.144546	0.942066	0.538246	0.492966	0.456296	1.374546	0.912836	1.037136	0.341386	0.345146	0.000000	0.511286	0.713566	1.037756	0.286526	0.542896	0.463346	1.046326
15	0.611820	-0.254480	-0.895126	0.776510	0.572380	3.591760	0.357170	0.147350	-0.207730	0.034100	-0.438029	-0.714160	0.062410	0.261320	0.567480	0.161090	-0.229700	-0.256300	-0.546477	0.000000
16	7.124890	5.606940	3.083740	4.957400	3.567890	8.319630	4.148860	4.830830	5.856110	5.691640	2.576580	4.675420	6.270970	5.920570	6.841290	6.475610	0.000000	8.987900	5.453600	3.987190
17	1.178050	0.019980	-0.632886	0.535860	0.473650	-1.045534	-0.106360	0.859700	0.787380	0.638030	-0.354870	-0.833330	0.125850	-0.066880	0.568190	0.452960	-0.896727	-0.198270	-0.347620	0.000000
18	1.045730	0.568570	0.208450	0.855210	0.488120	5.050320	0.133280	0.454980	1.049090	0.908440	0.089040	0.000000	0.427370	0.421640	0.833970	0.593640	0.703790	0.445530	0.383280	1.068590
19	0.661070	0.278090	-0.588458	0.588530	-0.076340	0.091730	0.365060	0.590370	0.027280	0.033390	-0.633092	0.031290	-0.107590	0.219660	0.000000	0.387050	-0.476688	0.006060	-0.163400	-0.178780
20	3.181220	2.100340	1.137270	1.335420	0.529350	5.725290	1.866280	1.849220	1.951790	1.739260	0.523580	1.316060	0.090210	1.386380	1.784870	1.390250	0.098490	0.352780	0.000000	1.799060
21	2.117650	1.910290	1.728490	2.089760	1.960790	0.000000	2.201140	2.171810	2.075130	2.323740	1.756230	1.962520	0.378860	1.541030	1.019390	2.142230	1.840490	1.945110	1.881870	2.423990
22	1.917110	0.985090	0.435170	0.588260	0.000000	0.570130	0.636820	1.709260	1.546040	0.734870	0.099190	0.469060	-0.473964	0.129670	0.504470	1.249980	0.083990	0.606740	0.451440	1.304760
23	1.980940	0.000000	1.766940	2.626160	3.941160	9.080990	4.451780	1.598250	0.939300	2.184730	1.068730	4.708270	2.546500	3.792150	2.271390	3.501890	6.980240	4.327560	4.009940	19.847090
24	0.856000	1.183430	-0.098300	0.878540	0.559820	1.579490	0.183450	0.528160	0.483030	0.669930	-0.081240	0.000000	0.098510	0.331910	0.188640	0.440520	0.427480	-0.028290	-0.303780	0.627280
25	0.000000	3.288950	2.874820	5.335590	5.553660	11.258620	3.794600	5.021560	2.193840	2.851510	2.282790	2.260930	2.619070	2.627380	2.082660	2.986670	10.272220	2.498010	2.224180	7.207990
26	0.587530	0.459160	0.067520	0.879330	0.484020	-0.779924	0.124840	0.891460	0.311090	0.288700	0.164910	-0.008320	0.000000	-0.308020	0.223240	0.481880	0.505570	-0.123750	-0.229950	0.734260
27	1.048039	0.503607	-0.669999	0.718369	1.987019	3.379819	0.000000	1.180819	1.313429	1.228279	-0.847839	-0.300196	0.391865	0.707799	1.309739	0.321022	1.231429	0.721909	0.290645	0.819019
28	4.244929	3.181009	2.716599	2.260889	2.036859	0.730959	5.771619	4.265649	3.069729	2.999369	1.723239	4.457419	4.259729	0.000000	4.985679	2.513709	7.916769	7.699369	3.629549	10.488499
29	2.324887	1.265491	9.974507	4.567217	8.174117	12.534507	22.484607	1.750377	0.000000	4.037347	12.409107	17.353907	8.881997	8.829227	11.110607	7.717537	46.705707	32.476807	32.760107	52.934707
30	4.362034	7.068514	10.755954	9.700764	12.308454	0.000000	27.002354	10.066524	8.395574	9.443414	15.336754	18.285754	17.429054	16.868854	14.374754	10.400104	56.031054	35.121654	25.934954	77.654454
31	3.842099	2.487379	2.616659	0.000000	-0.372744	4.179279	5.468109	1.356819	2.552709	1.725509	0.259653	5.425919	2.714329	3.149649	3.987949	2.290549	8.961809	6.308339	5.833829	6.315529
32	2.421724	1.660384	1.110353	1.086193	0.950082	0.571653	1.589174	0.383929	1.085534	1.455394	0.994093	1.310767	1.833224	1.817864	0.000000	0.312457	1.465254	1.459994	1.292433	2.590244
33	6.446630	4.726880	0.299644	1.428814	0.000000	7.261150	8.277470	3.921940	6.095760	3.895610	0.726908	3.817800	6.004420	3.715240	6.170510	3.685810	9.897490	5.928920	1.095916	3.100570
34	0.041771	-0.088571	-0.802582	-0.738084	-1.068492	-1.501648	-0.630879	-0.400085	-0.164403	-0.226065	-0.918806	-0.505392	0.048730	-0.660208	0.000000	0.079814	0.369031	-0.279919	-0.346913	0.074291
35	2.116697	1.529327	0.286689	0.976647	0.580607	0.046196	0.386023	0.000000	1.076547	1.441247	0.003064	0.263496	1.122417	0.665887	1.607897	0.345239	1.276427	1.494097	0.954897	1.766447
36	-0.134365	-0.019531	0.115020	0.347520	0.258040	-0.122781	-0.263316	-0.294196	-0.780686	-0.110177	0.126820	-0.562524	0.315240	0.065250	0.395380	0.105100	0.242720	0.203970	0.236590	0.000000
37	-0.898814	-0.414291	-0.304069	0.120605	-0.057622	1.154103	-0.269926	0.000000	-0.491313	-0.169882	-0.569456	-0.804557	-0.220710	-0.374988	-0.274730	-1.555697	-1.014572	-1.365057	-0.148079	-0.579479
38	1.430844	0.000000	0.039073	-1.199883	-0.395053	1.458494	2.283994	-0.770116	0.570614	0.122775	1.388354	2.770764	2.003514	2.269654	3.060854	2.878904	7.452244	1.332244	1.915884	2.651224
39	1.640820	0.823590	-0.023920	1.211810	0.981850	2.201320	0.362310	0.911800	1.415040	0.842780	0.166740	0.000000	0.893490	0.409180	1.023300	0.834530	1.071880	0.423050	0.252030	1.266810
40	0.686160	0.511850	0.414720	0.898920	0.909170	-0.473610	0.142690	-0.132910	0.049590	0.554230	0.123440	0.080290	0.608540	0.625280	1.086740	0.788030	0.734210	0.000000	-0.205510	0.363930
41	3.455007	1.807014	0.215822	1.418082	0.786166	6.788097	1.454397	2.726907	2.272087	1.729181	0.506284	0.877783	1.992487	1.258925	0.000000	0.333173	0.850817	1.528923	1.320854	1.607727
42	1.092986	0.865526	0.902256	1.458286	1.536126	0.000000	0.240948	1.505986	0.648768	0.940266	0.986136	0.177202	0.373121	0.744167	1.517656	1.083566	1.226726	0.984026	0.966466	1.234806
43	1.460345	1.421849	0.922040	2.136115	1.665365	2.079725	0.722334	0.595002	0.000000	1.282214	0.936281	0.710700	1.389779	0.873855	1.768525	0.845513	0.949571	0.790379	0.639465	1.249722
44	3.833745	2.446015	0.000000	2.734955	2.821345	6.783305	2.091195	2.762265	2.219025	2.121855	0.176339	2.399195	4.411435	2.876335	4.888995	2.468685	10.107565	0.772355	0.253522	3.451495
45	0.443260	0.206870	0.112040	1.317880	1.000090	-1.598171	-0.006270	0.770510	0.243690	0.159930	-0.014550	0.000000	0.331360	0.256130	0.457080	-0.000430	0.702680	0.205000	-0.025990	0.370960
46	0.920336	0.815186	0.570906	1.177396	0.837856	0.000000	0.457296	0.928026	0.799506	1.043986	0.332346	0.736766	0.493096	0.880456	1.090026	1.105746	0.701796	0.780856	0.266056	0.800966
47	4.867471	3.813191	0.000000	1.330221	0.324931	2.091071	8.237331	3.573141	4.924031	3.325451	-0.012061	4.026111	4.942891	3.449761	5.564351	4.064951	25.593871	18.308771	11.576571	8.423781
48	1.292320	-0.238970	-1.016755	-0.550633	-1.079300	5.034330	-0.703028	-0.274110	0.000000	-0.422340	-1.251167	-1.007231	-0.518047	-0.790037	-0.529958	-0.542640	-0.811391	-1.108217	-1.318443	-0.111100
49	3.082219	2.208049	-1.724301	0.000000	-1.099407	3.126199	1.930189	2.018819	2.905639	0.784439	-0.881634	1.721719	2.533319	1.713679	3.027049	1.591359	2.511539	2.322609	2.230299	2.887059
50	1.013680	1.114600	0.504020	1.399120	1.064540	4.339460	0.258110	1.594980	0.000000	0.660440	0.104740	0.568120	1.158630	0.894490	1.122100	-0.035260	0.863890	0.707560	0.468740	1.316090
51	5.513425	4.618775	1.617725	3.829385	3.912555	4.906645	2.847865	4.945575	5.634115	4.288665	1.438895	3.679985	5.571765	4.184355	6.130615	4.997955	-0.578217	0.000000	0.133015	3.666625
52	1.124090	0.780860	1.024730	1.217830	1.058210	0.086450	0.758400	1.378330	1.210720	1.246360	1.004650	1.050170	-0.128630	0.417470	0.000000	1.293190	1.451110	1.327160	1.311370	1.717160
53	0.654280	0.629110	0.345130	1.771190	1.357300	1.904720	0.168310	0.846810	0.101510	0.777820	0.533060	0.085430	0.808950	0.000000	0.886880	0.546790	0.955530	0.669150	0.706160	0.321680
54	1.609016	0.000000	3.961176	1.292270	2.586726	2.560976	6.319736	0.758234	1.060083	1.281050	1.943346	4.963186	7.008566	4.002206	6.575086	1.979466	13.945876	15.023376	10.839706	36.177976
55	1.443850	0.128580	-0.311020	-0.205620	-0.300400	-0.308380	-0.505961	0.000000	0.144760	0.062070	-0.467906	-0.846479	0.302190	-0.171870	0.252410	-0.312310	-0.009830	-0.830278	-1.120286	0.621030
56	0.669603	-0.518951	5.950649	4.304619	5.451969	-1.349571	23.029319	2.301029	0.000000	1.697864	4.535729	12.853319	9.380789	10.475039	5.553559	7.070129	25.604519	20.753619	17.540319	8.478089
57	1.558780	1.575100	0.000000	0.562100	0.054930	5.484190	0.502090	1.307230	1.173170	1.534850	0.267020	0.133530	0.689090	0.980450	1.836450	0.930200	0.303210	0.717440	0.129240	1.362890
58	1.206180	0.759570	0.313520	3.455650	3.844890	2.172050	0.000000	3.196020	1.227510	0.537550	0.332000	0.002930	1.773950	0.693130	3.154250	0.141070	-0.068090	3.671800	3.588720	0.844360
59	6.651154	4.675604	2.903504	1.193054	0.000000	7.984904	11.790074	3.463074	4.785604	3.731814	0.612219	4.276324	5.538214	3.009764	6.470204	5.475364	19.577774	11.717274	9.352654	15.138974
60	1.631050	0.946500	0.000000	0.155310	-0.084710	3.481260	0.275560	0.919200	1.340840	0.870950	-0.094250	-0.159040	1.123750	0.383520	2.925570	1.958170	3.235940	1.706550	2.689800	1.283390
61	3.563090	2.229770	2.008960	2.101330	2.285170	6.670220	13.983160	2.714460	2.945170	2.340420	2.211800	4.457550	5.656580	3.766440	3.054150	0.000000	25.100160	20.198460	11.428160	12.436460
62	1.302750	1.387600	0.674390	1.394880	1.180700	2.675770	1.116660	2.006750	1.539530	1.410460	1.017810	0.711940	1.420310	1.333440	-0.261710	0.000000	1.157230	1.327370	1.038320	1.409950
63	0.000000	3.255800	4.806850	5.586190	5.510860	10.151560	4.099010	6.165880	4.245940	3.133070	4.106830	4.751870	3.890110	4.030600	5.692700	3.665510	5.586970	4.039300	4.459120	6.770420
64	0.800893	0.505033	-1.054359	-0.487020	-1.301636	2.068113	-0.011335	0.215438	0.455983	-0.306224	-1.443024	0.131219	0.821653	0.479153	1.101153	0.639863	-1.404571	-0.911306	-1.859937	0.000000
65	-1.733154	0.000000	4.164306	1.027436	3.430976	4.044396	4.404256	0.069255	0.274573	-0.190818	0.298742	7.128746	2.932246	1.168756	3.194176	2.931946	4.986396	4.150886	3.600256	28.981646
66	6.895180	4.859350	4.208750	2.149750	1.791490	4.086750	7.715410	3.800530	5.058630	4.206350	1.658520	6.143040	5.585430	4.861510	5.756330	4.914490	5.059710	0.571730	0.000000	3.538060
67	0.028570	-1.213513	-2.581180	-2.063187	-2.507600	-2.828170	-0.711479	-0.487072	-0.098880	-0.957115	-2.320474	-1.563170	-1.369796	-1.492807	-0.250990	0.000000	-0.400950	-1.236433	-1.906516	-0.151570
68	5.125367	3.471657	2.717497	0.000000	-0.987793	3.732767	13.014877	2.513417	4.538007	2.353717	1.378567	7.101177	3.690747	5.123187	3.912157	4.043227	18.481477	18.778677	14.807777	10.902377
69	0.930797	0.074057	-1.636989	-1.039948	-1.674515	2.449567	-1.185305	-0.045063	0.728917	-0.390841	-1.400429	-0.733607	0.000000	-0.415887	1.320777	-0.307304	-1.309981	-1.953923	-1.605275	-0.047463
70	5.738233	4.803583	1.558413	3.763373	3.038233	7.339053	6.266963	4.076443	5.053733	4.238403	1.503213	3.760003	5.369753	4.480493	6.993393	5.113073	2.158153	0.921123	0.000000	3.961043
71	2.478890	1.738090	0.820520	2.542610	1.899510	2.828160	1.280200	1.964190	2.518740	1.692310	1.240840	0.925360	0.968310	1.766680	0.000000	0.776170	1.265010	0.751200	0.567860	1.856360
72	1.714709	0.852113	5.287539	2.784019	3.916049	1.231481	1.073689	3.118569	1.344379	0.417468	-0.199661	1.772419	1.469359	0.921897	0.000000	-0.127453	1.164438	0.160358	0.313582	0.332908
73	1.173190	1.135760	1.258980	1.765110	1.495580	2.442030	0.098188	0.675740	0.000000	0.899580	1.080050	0.434750	1.351460	0.410016	1.288960	0.290656	1.512430	1.357700	1.324830	1.097200
74	0.618857	0.210851	0.200971	0.217811	0.497154	2.330420	-0.571928	0.435101	-0.031197	0.206036	-0.056286	-0.837710	0.290090	0.000000	0.287358	-0.444946	0.016870	0.131213	-0.099806	0.101105
75	2.025004	1.493834	1.105556	2.884044	2.619434	0.341450	2.968084	3.093144	0.535807	2.280174	0.820907	1.615374	1.818784	1.449854	0.000000	-0.985086	2.911934	2.952694	2.870544	3.150204
76	0.837498	0.126310	-0.188999	0.253580	0.419893	3.062648	-0.103026	1.059598	0.913028	0.531748	-0.040847	0.000000	1.319378	0.317881	1.899418	0.531588	0.673488	0.125844	-0.097330	0.222619
77	1.913942	0.000000	2.609682	0.393739	3.162422	-0.070176	8.832152	4.614022	1.408508	-0.077011	0.526626	1.526348	2.352922	0.445104	3.281682	1.988532	24.162572	18.479472	7.465862	44.640272
78	2.548320	1.422710	0.630850	0.000000	0.399530	3.600450	1.105610	1.458690	1.678510	1.357830	0.927990	1.258330	3.054720	2.746960	3.877650	2.730880	3.023240	1.123550	0.752960	2.120790
79	5.253146	4.067876	0.000000	1.305084	0.574568	8.194536	6.845156	3.300176	4.917646	3.395096	0.059179	3.923756	3.667426	3.179786	3.832126	3.807976	4.057046	3.659926	1.002857	2.029506
80	1.282924	0.808854	0.384584	1.561374	1.173154	3.451724	-0.399962	1.360264	0.618074	0.298534	-0.145646	0.000000	1.270854	0.909764	2.104854	1.333224	2.510314	2.838964	1.245184	2.075744
81	0.000000	3.789490	4.472010	9.482860	9.596860	8.013020	4.762730	9.154760	4.774370	4.937750	4.383080	4.306050	5.856510	4.759460	5.893510	3.821570	5.870500	4.072800	3.733280	4.922690
82	0.000000	4.489466	14.603826	9.783826	12.951926	10.116026	20.208026	11.269326	7.056286	8.448136	10.507026	16.888026	18.970026	15.778026	16.364626	14.504026	41.127726	36.090626	27.317226	48.414526
83	3.665678	2.945198	2.315368	3.695198	2.856968	0.000000	2.362908	4.119298	3.413058	3.227068	1.558738	2.445348	2.759968	3.187208	3.146828	2.953238	2.801688	3.190918	3.068638	3.701248
84	4.074378	3.008828	0.000000	3.806638	4.111278	5.367068	7.084888	2.733868	3.572868	2.783728	-0.079861	4.176238	4.687148	2.637068	4.734758	3.038228	13.039828	8.696428	5.668848	9.412718
85	0.426970	0.277100	0.079920	-0.058250	0.019460	1.368820	-0.209930	-0.186950	0.115510	0.104300	0.119190	-0.330140	0.205300	-0.245460	0.000000	0.062370	0.208640	0.083300	0.085470	-0.167380
86	0.000000	2.428560	3.074520	4.422290	4.161950	6.278630	3.627390	4.684600	3.196500	3.509440	2.949120	3.417380	3.328090	3.198910	3.269460	3.542730	3.204490	3.246660	3.079530	3.012800
87	2.558808	1.351408	-0.574065	0.253687	0.056259	1.229729	0.855300	0.000000	1.892948	0.729135	-0.604498	0.050141	1.544248	1.268225	2.802668	2.229358	4.268808	3.620858	1.663568	11.108308
88	5.878121	4.230431	2.207621	3.032481	3.696021	5.724511	5.018161	4.251031	5.498411	3.754421	1.788411	3.453961	6.235171	4.138181	5.067161	2.709621	6.596421	0.000000	0.365582	3.988601
89	3.508624	1.837454	0.095118	0.638519	0.448214	4.088774	0.000000	1.897484	2.874334	1.580024	0.400189	2.498154	4.146074	2.678334	4.798164	2.277364	3.055264	1.610784	1.396781	5.054094
90	5.658566	4.258376	0.000000	3.528906	2.199306	8.880956	6.816806	4.214726	5.429896	3.428956	-0.437196	3.779746	3.872486	2.640746	4.140526	3.213806	12.080256	8.824326	2.288456	2.548726
91	2.914464	2.220754	0.307579	0.007497	0.000000	6.145614	1.061974	0.032021	2.659544	2.260874	1.475994	0.538494	2.927814	0.872414	3.672354	2.130314	0.721314	-0.085019	-0.140488	0.826864
92	1.060761	0.242601	-1.149479	2.819641	2.505751	4.037691	-0.502099	1.223681	0.131393	0.075151	-1.314859	-0.308551	0.914251	0.000000	2.153341	1.211431	0.265532	0.174392	-0.189443	0.161563
93	6.019056	4.819886	1.216566	3.117576	2.153306	3.607356	5.678866	5.107936	5.582876	4.209666	0.877726	4.765916	5.162306	4.239936	6.433606	5.239946	3.786256	1.163916	0.000000	3.913756
94	1.257583	1.044735	0.166530	3.184720	4.303000	2.012335	0.747600	0.053790	0.247680	0.946098	-0.067610	0.628010	2.045847	0.197510	2.690305	0.256810	0.990370	-0.727790	-1.227730	0.000000
95	6.849830	5.441190	1.854162	3.282050	3.482700	4.893660	5.061680	5.164610	5.880390	4.889070	1.570014	5.086460	5.520610	4.528810	6.324660	4.946970	2.204748	0.828060	0.000000	4.133040
96	4.278406	2.812236	1.616158	1.669997	4.438806	5.444596	1.161124	2.465806	2.831716	2.513926	1.106562	1.747439	6.690846	4.006476	7.577196	3.209296	6.462046	2.534346	1.786166	0.000000
97	6.185265	5.383645	4.029485	4.079455	4.134245	7.636005	7.409165	4.539095	5.011745	4.484515	3.065155	6.483425	6.592555	5.360235	6.840785	5.155185	0.000000	2.337425	1.923995	3.791415
98	0.000000	2.845399	15.591449	11.218449	15.350149	10.469349	13.828849	8.224229	2.514039	5.153609	9.825509	11.826249	12.662649	12.823949	8.839729	8.281179	22.497549	13.487849	13.011549	35.750449
99	1.094740	0.546110	-0.227910	2.132700	0.581980	1.645640	-0.046150	1.595110	0.000000	0.608030	-0.527791	-0.210450	0.490910	0.194050	0.913800	0.731340	-0.007590	-0.182260	-0.139180	0.517260
100	0.359190	0.307000	0.000000	0.274970	0.316800	3.393680	-0.479027	0.040450	0.159550	0.262250	-0.028090	-0.886745	0.194290	-0.234023	0.105190	0.415650	0.344750	0.085210	0.085870	0.339270
101	1.555010	0.904360	-0.201760	0.930040	0.628520	0.283740	0.676790	0.975330	1.265000	0.944780	-0.255176	0.445210	-0.195488	0.826700	0.000000	-0.304291	1.211190	0.299400	0.001950	-0.590879
102	0.000000	-0.146560	-0.603676	1.024630	0.780760	-0.466520	-0.412000	0.699570	-0.050620	-0.000170	-0.471480	-0.292980	-0.320350	-0.368800	-0.177880	-0.191500	0.049980	-0.303960	-0.345650	0.062510
103	0.424960	0.137920	0.314890	-0.007110	-0.158610	5.051060	-0.691035	-0.051700	0.140370	-0.212900	-0.559326	-0.329947	0.239290	0.000000	0.753330	0.213600	1.330160	1.426890	1.303240	1.234190
104	0.000000	8.553826	31.226666	25.322166	31.596866	19.832366	26.895266	25.052666	14.329766	15.947866	21.821366	25.010166	29.429966	27.859466	30.788666	29.673866	66.213666	64.570566	55.294366	52.025566
105	1.833154	0.542081	7.621924	4.731454	6.651464	2.006054	12.195354	6.947574	0.000000	1.285751	10.393164	13.736054	11.402754	8.612124	8.661184	7.138494	45.652354	34.457454	25.803154	30.903254
106	5.476694	4.757684	4.541664	3.310024	4.930784	5.154324	12.016074	5.202864	5.864704	5.505694	5.629284	6.834134	0.000000	4.327334	5.774254	4.980164	30.423574	27.671174	15.119374	25.055874
107	4.801856	3.282356	0.121253	1.911176	0.931946	5.409576	5.962146	2.957096	3.141996	2.835246	0.863918	3.308396	1.657132	2.511546	3.887906	1.300303	12.984166	11.720466	3.615706	0.000000
108	2.373440	1.423200	-0.389634	-0.283355	0.117978	1.937600	0.539387	0.000000	1.171430	1.212770	-0.077133	-0.667503	3.141910	0.525107	4.264810	2.363560	-0.379090	-0.036185	-1.024750	1.225640
109	4.338062	2.699532	-0.676558	0.000000	-0.910298	2.221072	0.890245	0.799565	3.019332	2.013782	0.080253	0.352187	2.765462	1.706319	2.656752	1.925042	4.599012	3.611142	4.827532	6.105632
110	0.486780	1.269250	1.025470	1.946890	1.620090	6.159240	0.467600	1.267670	1.162990	0.938810	0.488310	0.268340	0.666170	0.631800	0.000000	-0.372969	1.540360	1.002750	0.932730	1.003000
111	-0.540058	1.584898	0.875598	2.756508	2.912768	4.758218	0.263608	1.989438	0.982838	1.316028	0.627558	0.000000	1.489448	0.551758	1.816578	0.551388	0.872978	0.921118	0.815178	0.966238
112	1.751120	0.953310	-0.208475	0.810120	0.472540	4.628090	-0.041750	0.324560	1.253250	0.743910	-0.170930	0.000000	0.631050	0.252640	1.123730	0.189320	0.325400	-0.084410	-0.226426	0.522680
113	2.138050	1.587950	-0.321440	0.437330	-0.113260	1.024910	0.150910	1.171570	1.752520	1.211280	-0.008980	0.000000	1.450360	0.534030	2.478770	1.646500	-1.141809	-0.254810	-0.910351	1.284380
114	4.076932	3.312122	1.389382	4.545192	3.832742	2.170842	2.589572	5.421622	4.001562	3.640422	0.880296	2.500742	3.922442	2.839942	4.522602	2.659702	-0.800768	0.000000	-0.572875	1.518792
115	1.620662	0.000000	0.682972	-0.433550	-0.612417	-1.820328	2.997822	0.341572	0.067568	-0.065893	3.221002	2.245112	1.912092	2.323922	1.294622	0.648982	11.959232	4.919462	8.230612	12.455132
116	1.128686	0.000000	4.169570	3.589330	3.678600	4.233500	6.876260	3.400950	1.096164	0.975808	0.746806	6.759430	5.236970	3.602810	5.171090	5.580940	22.642720	14.314720	12.836920	25.215920
117	4.854913	3.317113	1.119919	2.403933	1.770073	7.854263	9.333903	4.653533	4.261743	3.071433	0.284950	4.124293	0.000000	1.546743	5.075283	4.097203	18.295643	8.227673	7.545233	3.580233
118	6.717310	4.671970	0.000000	4.050950	2.861700	7.449090	5.756060	3.957390	5.415080	3.617510	-0.041200	2.763760	4.489040	4.135890	5.697740	3.567440	6.549920	15.084200	9.420560	5.716930
119	3.765350	2.145560	-1.061750	0.603830	-0.204120	5.131220	2.999910	4.328440	3.272330	1.503730	-0.210690	1.225835	5.595070	-0.339730	4.938880	1.448049	10.730870	2.268043	1.961666	0.000000
120	5.736093	4.398923	0.000000	1.597953	3.619483	5.423433	4.363733	3.760113	4.975543	3.489983	0.278065	2.524823	2.416333	2.710583	3.894473	3.955023	4.412013	2.957103	0.420778	2.933463
121	3.623145	2.261495	-0.839465	0.000000	-0.516187	5.732545	1.892765	1.743215	2.879595	1.665295	-0.397161	1.469685	2.283015	1.756605	3.638515	2.664375	-0.494574	-0.400426	-1.032725	2.215115
122	3.938826	2.567416	1.414666	3.849766	4.649386	6.724216	9.440376	3.518846	3.410706	1.764906	0.123376	3.150746	4.295876	1.985136	5.161726	2.674666	16.160776	5.463776	0.668436	0.000000
123	6.116261	4.326501	3.532001	4.687011	3.856821	4.277871	4.111301	4.895801	5.525071	3.859061	1.689895	4.454481	6.462051	3.274031	6.931851	5.199701	0.000000	0.048143	0.539395	2.673901
124	1.269553	-0.292798	-1.369319	2.425103	2.288713	7.829423	0.305709	1.192673	1.077353	0.144081	-1.831177	-2.283647	2.905543	-0.500452	2.244843	0.000000	1.691173	-2.424347	-2.320507	0.110245
125	1.435776	0.795867	0.755368	-0.296113	-0.553934	4.214256	0.599148	0.000000	1.335976	1.050977	0.365870	0.390818	1.086991	1.223946	1.630046	0.758977	1.412346	1.599726	0.974052	1.189959
127	0.559643	0.436140	0.440760	0.349731	0.109937	-0.203278	-0.520814	0.696123	0.340587	-0.114667	-0.169701	0.000000	0.542253	-0.223831	0.709973	0.619433	0.570153	0.458592	0.575883	0.408487
128	3.450223	2.575543	1.134053	3.619043	6.662533	5.600223	2.731903	2.028513	3.053573	2.681293	1.336193	1.684073	3.562423	3.038903	4.534363	3.390793	1.708273	0.000000	0.168589	2.966033
129	0.000000	2.431515	4.096995	4.984615	5.009775	8.294615	2.708325	4.470255	3.774815	3.848165	3.765955	3.778945	3.781655	3.458625	2.675335	3.942575	3.906675	3.819545	3.770735	3.990415
130	2.982640	3.246170	3.443870	3.582060	3.470260	4.441130	3.289060	2.736330	2.181790	3.320190	3.231080	3.491940	0.805840	3.084960	0.000000	2.583030	3.254780	1.616550	1.225680	3.319470
131	4.258445	3.076645	0.847475	2.954585	1.422205	1.138085	2.298275	3.688015	3.875625	3.136445	0.183705	1.850125	2.751845	2.511555	2.890905	3.354545	0.931735	0.450625	0.000000	2.485065
132	0.000000	-0.401990	-0.557854	0.191700	-0.151380	-1.344921	-0.725974	-0.458720	-1.057429	0.304560	-0.917129	-0.546579	-0.915913	-0.910845	-0.191910	-0.977990	-0.215950	0.056630	0.007650	-0.270770
133	1.441600	0.606850	0.138720	0.964780	0.766800	0.290680	-0.507770	0.162430	0.388400	1.016080	0.464770	0.000000	0.773580	0.400970	1.165730	0.251410	1.023380	0.702000	0.603250	0.187990
134	1.793745	0.000000	8.991175	2.775895	5.430345	4.383795	35.711045	2.235395	0.671485	2.350775	11.517345	18.374545	13.612945	15.930745	6.276145	7.144065	62.876145	38.737845	30.755145	30.645345
135	2.289509	1.231799	-0.827357	0.000000	-0.412732	2.707509	0.562519	0.984699	1.996589	1.304399	-1.340809	0.032935	1.384819	1.012629	2.962199	1.049369	3.514789	5.209749	4.197619	4.270279
136	0.512370	0.242590	-0.275630	1.334400	1.063780	0.781710	-0.874992	0.998200	0.390820	0.401980	-0.449540	-0.769872	0.435560	0.000000	0.590130	0.210180	-0.228330	-0.652719	-0.704542	-0.191510
137	2.373533	1.157803	0.587313	1.839683	2.057363	6.245373	-0.049118	0.714943	2.235443	0.104246	-0.016376	0.442350	1.381003	0.000000	2.769163	1.409153	1.257873	-0.049688	-0.222049	0.222659
138	1.732031	1.455461	1.686481	2.015991	1.892391	0.000000	1.319971	1.946061	1.116241	1.889401	1.415561	1.335681	1.170411	0.916831	1.374441	1.317421	1.876301	1.755851	1.431131	2.335651
139	1.496228	1.288648	0.980738	1.513798	1.539178	1.411938	1.105018	1.561208	1.882798	0.880988	0.792798	1.218038	0.204280	1.027048	0.000000	0.401606	0.367134	0.855588	0.697340	1.325188
140	0.000000	2.060007	22.528037	16.481936	23.487237	11.785236	38.958837	16.073237	6.882206	8.015187	21.332437	27.315137	22.158037	25.723137	21.493637	15.776037	50.765037	40.281436	35.152437	70.472537
141	5.565191	4.173001	0.000000	3.313831	2.736631	6.786131	6.408551	3.203121	4.201231	3.210301	0.006522	4.489181	4.551441	3.579191	5.940481	2.954571	4.357141	5.935841	2.413641	4.043571
142	2.204421	0.000000	4.199351	1.268210	2.790801	9.842741	11.601381	1.357919	1.468545	0.885329	4.368881	10.010921	6.564451	5.987731	4.245421	3.680321	32.495381	18.677781	16.436081	18.405181
143	5.010000	3.084220	-0.394530	0.000000	-0.921390	6.492510	3.574220	2.226247	4.347500	2.820530	0.063710	2.527775	4.663090	3.030260	4.880060	3.313880	0.468170	3.806440	1.196543	2.611355
144	6.725204	5.061874	0.000000	1.919434	0.391297	4.743444	4.515474	3.981824	6.011864	3.746884	-0.297485	4.092054	3.316274	3.260214	5.422064	4.525674	2.545044	6.884624	5.542954	3.621104
145	0.000000	-1.940106	6.635084	1.464674	6.759584	5.046204	21.745104	1.821114	-1.194596	0.924302	4.200164	13.185504	15.914204	11.488904	8.209734	6.097614	42.440404	27.189104	23.499304	47.920304
146	7.135750	5.246360	0.530433	1.375577	0.000000	7.714490	7.126980	4.017070	5.790570	4.089120	0.536354	4.896700	6.587140	4.315030	7.512580	5.044890	8.511210	3.737350	2.682640	7.856220
147	6.402892	4.958562	2.053092	3.609032	4.570812	2.785122	4.626632	5.293772	6.223282	4.514442	1.814482	2.062752	6.199062	4.030742	7.516652	4.401102	3.322162	2.179322	0.000000	3.207132
148	5.790460	4.182880	0.000000	2.302306	1.257325	6.610880	4.794120	4.410930	5.317510	3.618590	0.043860	4.002230	4.086990	3.429820	5.861500	4.447310	7.166600	4.511290	2.873760	3.197910
149	1.904110	1.260380	0.147670	0.303650	0.038010	2.662660	0.330500	0.859220	1.393340	1.111200	-0.257020	0.000000	0.836970	0.651130	1.245310	1.433960	0.868310	0.928710	0.818750	1.603310
150	2.013030	1.106040	1.473430	0.000000	0.179630	-0.165740	1.006490	0.653750	1.507880	0.768110	0.832650	1.086650	1.510760	1.366850	1.509080	1.428800	1.725800	1.171730	1.152860	1.782620
151	0.000000	0.533490	0.435230	1.803040	1.786990	6.337190	0.536020	0.887260	0.394610	0.588190	0.384650	0.560370	0.445040	0.351520	0.095960	0.410570	0.633930	0.609800	0.621630	0.740040
152	0.171430	0.079730	0.128880	0.827410	0.812400	-1.111670	-0.067610	0.507710	0.000000	0.241090	0.206190	0.049210	-0.424150	0.115720	-0.462220	0.153330	0.643620	0.267410	0.007090	0.439790
153	0.472050	0.000000	-1.489885	-0.357470	-1.186743	-0.868093	-0.446038	0.378820	0.222300	-0.311660	-1.925305	-0.920924	-0.678142	-0.619305	-0.044440	0.250910	-1.235082	-1.044274	-1.080256	0.314610
154	2.748323	1.439333	-1.670159	0.647643	0.776393	7.332063	-0.629760	1.394603	1.414703	0.434323	-0.662206	0.000000	1.277333	0.614593	0.813523	0.728473	-0.321407	1.647293	-0.359206	0.720583
155	0.747720	1.057110	1.074660	1.218170	1.217370	0.000000	1.372170	0.613700	0.937480	1.788120	1.349670	1.244630	0.530360	0.692410	0.195720	0.971220	1.212350	1.268490	1.240680	1.450300
156	0.000000	1.585499	5.283459	7.098689	7.069909	1.693189	4.766409	6.288879	2.874329	3.579089	4.618189	4.583759	4.365309	4.606399	4.757879	4.674609	5.396149	6.017709	6.021939	9.316959
157	4.769345	3.521955	0.000000	2.836075	3.232795	2.610375	5.948645	4.339355	4.394045	2.993245	-0.039037	3.990045	3.237765	3.231765	3.732055	4.074895	5.851735	3.276825	0.515359	6.403665
158	1.591260	0.864030	0.315610	1.097380	0.481000	3.734860	1.115520	0.704020	0.884900	1.392400	-0.016120	0.644820	0.740760	0.000000	-0.017800	1.009070	0.286830	-0.506030	-0.923006	1.330460
159	1.326920	0.538910	-0.409533	0.573540	0.137140	-1.159011	0.243290	0.613950	1.100900	0.842030	-0.357855	0.000000	0.129180	-0.323790	0.848000	1.055500	0.532350	0.138170	-0.129150	1.053870
160	4.131598	2.586358	-1.004142	0.000000	-0.809714	0.996743	8.965858	2.133688	3.462938	2.576728	0.525175	6.002088	2.318408	3.323298	3.281818	2.385248	19.578018	15.243618	11.651818	17.424418
161	3.396304	1.863714	0.780224	0.000000	-0.603659	4.953634	1.981614	1.808124	3.748674	1.964074	1.779994	3.185784	3.899754	3.324654	3.779194	2.257464	5.691194	3.579284	3.767254	6.101794
162	1.022790	0.229940	-0.019440	1.055210	0.473940	4.301030	0.411030	0.407070	0.105380	0.232820	-0.058030	0.121050	0.170330	0.445060	0.000000	0.857210	0.113930	0.001900	-0.222910	0.787490
163	1.682610	0.854630	0.164810	0.000000	-0.533522	2.057170	0.780600	1.219420	0.878800	-0.261340	0.239010	0.206840	0.960850	0.925870	1.491640	0.288030	0.508260	0.359440	0.257000	0.196100
164	4.914388	3.697478	0.000000	2.660268	2.233108	5.453638	9.125228	2.810318	4.659148	3.149458	0.242677	5.091658	4.160368	2.723938	5.388218	3.820778	12.283938	6.452798	3.648868	3.624248
165	-0.355751	-0.338092	-0.180476	-0.212529	-0.455758	-0.986398	-1.470355	-0.238443	-0.161991	-0.097710	-0.121330	-0.815802	-0.293611	-0.113860	0.000000	0.129040	-0.148299	-0.209082	-0.238731	0.193850
166	0.083430	-0.906551	-1.719034	0.181930	-0.377810	1.731030	-1.475670	0.092840	0.000000	-0.380400	-1.808364	-1.711829	-0.794261	-1.140853	0.162340	-1.068018	-1.001714	-1.203125	-1.340430	-1.091154
167	3.436046	2.856116	-0.608899	0.619986	0.000000	2.721116	10.064916	3.208536	4.482986	1.939766	1.596876	6.243576	5.684226	3.777046	6.172706	3.613666	21.587716	11.540716	9.820116	44.543516
168	1.153152	0.573577	-0.319889	0.782831	0.222085	0.012401	0.064209	1.268832	1.551942	1.219012	0.346668	0.000000	1.450692	0.512337	1.919512	1.059422	2.009482	1.501732	1.075342	1.449362
169	0.708986	0.094541	-1.306868	-1.644310	-1.485807	0.017038	-0.608742	0.000000	0.859456	-0.365242	-1.046140	-0.866697	0.650506	-0.414969	1.288306	-0.072516	-1.038277	-1.351181	-1.837644	0.162295
170	1.708570	0.684190	0.222240	2.267210	2.709440	6.539910	-1.050451	1.599980	1.479180	1.076850	0.372300	0.000000	1.089620	0.248330	1.598580	1.356250	0.825550	0.189580	0.069000	1.046620
171	0.000000	3.056000	3.190740	4.449360	4.047770	9.051490	2.868980	4.402490	3.422280	3.042310	2.784990	3.107940	3.346370	2.837330	3.440810	3.069160	3.049420	3.140360	3.065790	3.534780
172	2.242550	1.169680	0.693440	1.321610	0.959090	4.832720	-0.401250	1.327850	1.198440	1.121290	0.814660	0.000000	1.616270	1.108030	0.516120	0.528390	0.875050	-0.652319	-0.459168	1.570970
173	1.012780	0.085790	-0.843784	-0.327740	-0.998753	0.768230	-1.308129	-0.633402	0.000000	-0.124660	-1.390284	-1.120725	0.030510	-0.334900	0.849410	0.677190	-0.042160	-0.164160	-0.188270	0.130340
174	0.639740	0.000000	-0.733120	0.875460	0.820180	6.548790	-0.894033	0.886310	0.392580	0.157080	-0.940281	-1.066030	0.039950	0.058620	0.812730	0.835110	-0.228650	-0.470380	-0.554491	0.304460
175	0.044060	0.056400	-0.111240	-0.005860	-0.062010	-1.022859	-1.006501	-0.011580	0.407010	0.139330	-0.508084	-0.816735	-0.285340	-0.191350	0.000000	0.104190	-0.078190	-0.064070	-0.072200	0.101150
176	6.272510	4.235140	2.067780	5.561760	5.969460	15.505540	5.677640	5.423880	5.610380	3.727800	1.073600	4.328090	5.239850	5.383490	5.577580	4.258060	7.188120	1.687360	0.000000	3.427430
177	-0.399590	-0.193940	-0.825812	0.075100	0.031980	-1.053472	-0.371180	0.000000	-0.061420	-0.380780	-0.774742	-0.829763	-0.566595	-0.453450	0.078280	-0.065800	-1.034411	-0.960478	-0.632295	-0.346940
178	-0.380210	0.401140	0.443100	1.771450	3.248420	4.615260	0.195710	1.466150	0.473230	0.252930	0.438080	0.063450	0.224630	0.192380	0.119640	0.000000	0.264540	0.192070	0.078820	0.050880
179	5.143790	3.885560	1.601033	3.898930	3.841090	5.815070	4.301620	4.370560	5.452940	3.149070	0.587335	1.784098	3.800360	3.692930	4.609750	3.998500	2.880250	0.709301	0.000000	3.132650
180	2.360018	2.006818	1.145628	1.758158	1.508118	2.462678	2.270658	1.967098	2.240888	1.722598	1.482198	1.752968	1.371238	1.766038	0.000000	1.592688	1.574128	1.610848	1.623548	1.794738
181	5.429806	3.383696	0.991768	2.390406	2.702296	0.000000	12.419376	4.263916	4.697046	3.368806	2.253116	7.022246	6.235946	6.808516	4.644156	4.513626	14.402076	11.970576	11.908976	54.660576
182	1.395321	0.629791	-0.000196	0.779131	0.974821	1.077291	0.000000	0.569801	0.230371	0.915531	-0.509781	-0.011629	1.143371	0.366151	1.215591	0.420361	-0.273826	-0.827460	-0.007596	1.365781
183	0.000000	0.201591	-0.946947	0.541146	1.205246	0.656746	-0.377196	0.457116	0.132744	0.045212	-1.111159	-0.374097	-0.171293	-0.532534	0.343036	-0.269385	-0.504103	-0.809003	-0.942095	-0.410279
184	4.899369	4.050859	0.000000	2.645019	1.582303	6.065509	6.026539	2.496019	3.712439	3.285279	0.012331	3.722759	3.967339	2.650209	4.545219	3.688989	7.160729	6.259019	2.418529	3.398689
185	4.016866	3.435996	0.000000	2.136036	0.726786	2.903606	2.324796	1.923166	3.272746	2.699106	-0.542838	2.078016	3.443636	2.694776	4.623616	3.117116	2.206106	2.109036	-0.168486	2.248816
186	3.939252	3.147152	5.920042	4.473682	5.230172	0.000000	4.142102	4.179042	3.289872	2.779692	6.058132	5.238032	6.068572	5.806262	6.079002	6.127122	6.820172	26.612222	20.227322	9.124582
187	0.081280	-0.336510	-0.053590	0.121290	0.082430	-1.102722	-0.505290	-0.277550	-0.326630	0.330990	-0.050530	-0.248430	0.000000	-0.679029	0.294320	0.167850	0.192210	0.033390	-0.024080	0.293920
188	1.864750	1.150150	1.053300	2.142290	2.375890	1.698350	0.596590	1.005770	0.000000	1.644610	1.038640	0.592280	2.410750	0.641090	2.437230	0.778860	1.551920	0.793100	0.610030	1.309390
189	2.729221	2.553771	0.000000	2.399301	1.411541	2.454691	1.507631	2.569371	2.908841	1.916261	-0.424888	0.739371	2.398981	1.381561	2.837731	1.685991	0.973131	0.714651	0.202124	1.348351
190	1.291700	0.213680	-0.606685	-0.184644	-0.381904	-0.193813	-0.351039	0.767160	0.544840	0.478170	-0.591632	-0.516021	-0.186684	0.136980	0.000000	0.148380	0.132370	-0.139670	-0.668496	0.503330
191	5.139058	4.214318	1.967318	4.346358	4.200808	6.295668	2.619258	7.206378	4.684608	3.968748	1.380268	3.952468	6.214568	5.198368	5.776988	4.513448	3.317888	0.000000	0.443052	3.226618
192	7.898776	6.262986	3.068306	4.161396	3.438686	7.784606	4.797786	5.846736	6.645066	5.651806	2.682196	4.657796	7.192366	5.222656	7.988376	5.130786	0.000000	1.789076	1.163826	4.583586
193	2.730955	1.109591	0.365631	-0.521743	0.023453	3.147605	0.939227	0.000000	1.189300	0.812758	-1.050305	0.589730	1.768135	1.227924	3.304215	2.044355	-1.063525	-0.791535	-0.140648	1.245520
194	7.145636	5.816216	2.444206	4.674976	3.916106	6.459366	5.060036	6.448246	6.127246	5.430056	2.758266	5.761706	5.624826	6.195696	6.690556	6.438646	4.273896	0.000000	1.179476	5.126356
195	2.210870	1.270020	0.493200	0.936420	0.395090	0.000000	0.763920	1.702210	1.695430	1.064940	0.349380	0.615590	-0.009180	0.483690	0.311830	1.371880	0.750030	1.185140	1.123000	1.477800
196	0.000000	5.613214	15.106984	17.959284	27.295684	14.208584	18.015684	17.707784	9.110674	11.040684	17.034084	16.797984	19.148784	19.068184	11.751584	26.672784	23.018284	24.870584	18.756884	76.181784
197	2.085260	2.038530	12.881310	7.538100	8.344120	8.445710	19.809910	8.768040	0.000000	3.311630	11.844510	17.267710	12.286310	13.496910	8.114630	8.303500	53.842710	28.685610	24.984510	34.343810
198	3.349651	2.380841	0.000000	2.035121	0.953101	2.917511	1.984791	3.458071	3.232061	2.425781	0.026081	1.973741	2.113781	1.727251	1.895961	2.421761	0.188928	1.707641	0.153621	2.114711
199	2.728776	1.631026	2.298936	1.363844	1.270349	0.384599	7.074096	0.000000	1.333541	1.528675	2.287196	5.265806	2.954836	4.164186	4.104126	2.433706	17.968556	18.432956	10.609056	36.158056
200	1.047449	0.387929	-0.997620	-1.016351	-0.985079	1.462499	-0.309533	0.000000	0.404419	-0.388672	-0.715417	-0.379662	0.333249	-0.022365	-0.225816	-0.155869	-1.248461	-0.360024	-0.715339	-0.503216
201	6.133780	4.139010	8.219740	4.469080	4.768050	0.000000	8.055890	5.301410	5.871280	4.018880	7.172800	7.565360	6.851960	6.249590	7.633500	5.788520	12.833390	9.525190	11.711190	12.009290
202	1.766660	2.937020	2.554530	3.893940	3.442340	0.000000	2.163560	4.340200	3.395830	2.959950	2.801780	2.136240	2.307050	2.642400	2.104050	2.427980	2.847270	2.778700	2.904950	3.183790
203	3.318880	3.731810	0.000000	5.461260	4.809460	9.476870	11.145970	4.890450	3.849590	2.827120	0.081210	5.378200	2.618500	3.389140	3.349270	1.865040	25.939370	16.745570	10.745470	18.762270
204	2.346570	1.015210	0.000000	1.109630	0.483860	1.518330	0.630780	2.248080	0.987520	1.357910	-0.283310	0.688020	1.332350	0.942200	1.928200	1.027930	-0.137630	0.312240	0.310680	1.253070
205	1.659450	1.178840	2.320010	2.474580	1.588190	0.364280	2.015190	2.252320	2.169410	1.171070	-0.539987	1.541580	0.000000	0.703210	1.118130	1.956340	2.980930	3.023340	2.978430	3.009400
206	1.026586	0.798926	2.969906	1.299246	3.908776	4.388026	5.068426	2.499696	1.608256	0.000000	2.521276	4.530926	6.403036	10.324396	3.437386	0.495162	12.318696	13.110296	12.312096	24.049396
207	4.451767	2.673087	0.850479	0.000000	-0.123580	6.133857	4.127647	2.751897	4.362567	2.361157	2.146587	6.030277	5.141557	4.431477	4.780227	3.533517	13.309127	12.005127	9.171377	8.953057
208	2.298990	1.138860	-1.725138	-0.689855	-1.462643	3.038300	-0.541212	0.000000	1.610310	0.157030	-1.473529	-0.918130	0.747230	0.509270	1.106750	0.935560	-1.019813	-0.648290	-1.409074	0.422390
209	7.759798	5.712188	2.229578	3.485618	3.389228	7.597498	3.935548	5.184028	7.222868	5.426048	2.361288	3.713868	7.108778	4.879848	7.146488	4.825798	0.000000	1.984418	1.355909	4.193378
210	7.181585	4.928835	0.594015	1.259635	0.000000	7.818875	5.831135	3.255245	5.396045	3.854905	0.284025	3.991805	5.903465	4.383215	5.487855	3.347875	11.959745	10.392145	6.339875	5.597245
211	4.793315	3.427005	-0.383500	0.000000	-0.681875	4.758785	11.099695	2.317065	4.266765	2.354385	0.548825	3.082095	5.542235	2.382285	5.134855	2.044385	25.848695	14.166995	13.886195	34.265895
212	5.774097	3.910747	0.000000	1.823467	0.678257	3.177437	4.699247	2.890307	4.719507	3.503297	0.010749	4.470667	5.995557	3.693927	6.331327	3.333127	3.563487	6.761517	3.322127	5.717187
213	2.234100	0.748060	-0.354931	0.149590	-0.551244	5.859760	-0.454761	1.122870	1.391130	1.290680	-0.413217	0.000000	1.142140	0.756480	1.892460	1.348440	0.494720	0.360430	0.235310	0.932970
214	1.579850	0.783960	-0.130350	0.103380	-0.124890	0.398400	0.034010	0.768570	1.118740	0.334850	-0.112210	-0.103050	0.000000	0.014550	0.829810	0.365220	0.632070	0.098490	0.044930	0.307110
215	2.795252	1.863622	2.983362	1.363638	2.001692	0.000000	1.656002	3.258412	2.838102	1.515385	0.911977	1.195774	0.095484	3.059122	1.863052	2.733212	1.752382	1.494962	1.482162	2.468472
216	3.780180	3.271500	1.708880	1.140260	0.000000	6.456520	5.239230	2.475410	3.233180	2.569820	-0.869507	3.643330	4.424080	2.640850	4.463550	5.119270	20.942330	24.568830	17.605630	22.898230
217	0.190800	-0.405300	-1.007098	-0.357350	-0.278680	-0.665361	-0.358210	-0.326680	0.000000	-0.618857	-0.326350	-0.649425	-0.616112	-0.708457	0.239640	-0.539916	-0.440980	-0.541602	-0.685569	-0.232190
218	4.611438	3.156838	1.139748	0.000000	0.741252	4.560018	6.650408	2.392698	4.088048	2.495168	0.122575	5.209738	5.025618	4.278808	6.077868	5.352578	4.505518	6.517688	4.102958	6.536158
219	0.447520	0.267500	0.344380	2.419760	2.595390	4.826050	1.305790	1.349960	0.000000	0.451170	0.495050	1.236210	-0.545472	1.847950	-1.876133	0.330290	6.045060	5.050280	2.279150	3.009160
220	0.070740	-0.657811	-1.829701	-0.611141	-1.573090	-2.520850	-1.075898	-0.389188	0.000000	-0.304670	-1.724257	-1.484998	-0.886419	-1.556416	0.012530	-1.040040	-1.123335	-1.499196	-1.614544	-1.186436
221	1.662780	1.112510	0.886370	1.382490	1.189120	0.401330	1.335660	1.142670	1.398500	1.551060	0.685980	1.179780	0.000000	1.019610	-0.517831	1.483050	1.017310	0.253060	-0.226070	1.538270
222	4.486648	2.841578	0.720808	1.714818	1.015688	1.421768	4.020818	2.685578	3.342458	2.948668	0.735698	3.099738	1.756618	0.000000	3.119938	3.391748	4.880738	1.322888	1.063478	4.119228
223	3.448868	1.698438	-1.191632	0.000000	-0.225850	3.165588	4.258798	0.950138	0.799593	1.634768	-1.853852	1.646178	2.233178	1.144138	2.687548	2.516288	9.899128	8.098488	2.993868	2.429888
224	0.324289	0.354769	0.000000	1.986549	1.424409	4.169669	1.094589	2.020119	0.322579	0.781999	0.089042	0.681359	0.368989	0.100985	1.400299	0.934139	0.482799	0.648739	0.756689	1.166229
225	1.817600	0.726350	0.071010	0.219200	-0.016690	1.896090	0.148260	-0.013850	0.436740	0.918290	-0.788424	0.000000	1.259570	0.362840	1.677300	0.577400	0.327800	0.741200	-0.666496	0.636150
226	5.467796	3.875226	1.490136	3.843006	2.983916	2.805096	3.797056	3.425906	4.399266	4.378626	0.602912	3.287316	4.913936	3.276046	5.625186	4.646476	0.803928	-0.239118	0.000000	2.913596
227	2.366480	1.790390	0.085100	2.158240	2.128160	3.161550	0.000000	1.218570	1.628680	1.397320	-0.061600	0.902560	2.727020	1.321910	4.454020	1.707590	4.196510	4.659690	3.869280	6.113510
228	0.351040	0.268810	-0.666742	1.052070	0.633840	1.946500	-0.497106	0.025880	-0.280680	-0.210490	-0.535688	0.000000	0.385050	-0.379760	0.452540	-0.060620	-0.179130	-0.290580	-0.477874	-0.357880
229	4.029240	3.066910	0.000000	2.159130	1.126760	7.481180	6.354780	3.647250	3.918290	2.944980	0.207324	3.058130	4.606400	3.224560	5.148470	3.194190	20.984310	10.966210	8.679620	5.645530
230	1.728624	0.222281	-2.185536	1.522904	0.752384	3.790844	0.161551	-0.930944	0.743254	0.344206	-1.485546	-0.489428	1.250334	-0.324813	3.173954	0.000000	-0.240277	-0.952824	-1.535946	0.864934
231	2.537490	1.756710	0.396870	1.527330	0.992760	3.179280	0.721590	1.683680	1.274840	1.833280	0.180420	0.761300	2.387580	1.134850	3.855750	1.615060	1.430500	3.280370	0.000000	1.665350
232	2.122980	1.412330	2.015710	1.581620	1.486870	1.050140	1.264100	1.758280	1.364920	1.242800	1.737740	2.079640	3.354250	1.676320	3.746380	0.000000	3.944130	2.141340	1.817810	3.777080
233	0.000000	-0.332310	-0.646791	0.343360	0.104580	-0.380290	-0.821891	0.777710	-0.850055	-0.565777	-0.408850	-0.917870	-0.023540	-0.834794	1.087980	0.569920	2.412310	0.769080	0.756540	1.196660
234	0.514490	0.236240	0.245380	0.482260	0.524600	-1.170835	-0.190080	-0.014100	-0.320400	0.554060	0.062300	0.157520	0.000000	-0.421160	0.488150	0.557700	0.116080	0.230950	0.281240	0.237140
235	0.000000	2.322090	2.213100	4.738680	4.612870	6.571510	2.025340	3.127190	2.394540	3.907710	2.128440	2.315390	2.333230	2.073030	2.648160	2.049660	2.176190	2.023380	1.984520	2.156310
236	0.995950	0.540650	-0.271140	1.120160	0.741490	4.009270	0.207030	2.060650	0.994060	0.481470	-0.048280	-0.009850	0.000000	-0.266810	0.798370	0.582180	0.232960	0.172390	0.142380	0.456780
237	1.015210	0.807550	1.022950	0.996280	1.138050	0.000000	0.972790	0.954170	0.952110	1.126590	1.051900	0.882370	0.562400	0.722130	1.189310	1.152690	1.037270	1.013640	1.021950	1.082920
238	0.546740	0.168090	-0.241610	-0.031610	-0.405960	-0.447950	-0.047130	0.000770	-0.195900	0.136030	-0.632146	-0.275090	0.000000	-0.075350	0.376420	-0.073320	0.214370	-0.092680	-0.443540	-0.259040
239	1.922140	0.837140	0.208790	0.166170	-0.379590	5.823430	-0.111860	0.419770	0.322960	-0.445738	-0.710172	-0.228620	0.000000	0.230150	0.095560	-0.149070	0.258620	-0.099080	-0.301260	0.112780
240	1.249140	0.644130	0.000000	0.789140	0.458570	-0.943468	0.142460	0.415780	0.483780	0.942810	-0.252165	-0.174909	0.491510	0.107300	1.336620	0.923600	0.465620	-0.455772	0.095040	0.257860
241	3.990605	2.905505	0.243103	5.198385	4.190725	9.719835	8.666135	4.009115	3.545465	3.798605	0.000000	1.228685	5.245355	2.797725	4.353285	3.804545	29.130545	22.998345	18.894445	16.717045
242	2.028440	1.244550	0.813500	0.000000	0.359980	4.266050	0.952490	1.041950	1.971790	1.061510	-0.253080	0.485950	1.748390	0.841280	3.449680	1.676310	2.875960	1.038820	0.830570	1.078690
243	1.931217	2.113737	3.168997	3.326217	3.505367	5.553547	1.877607	2.760867	1.620797	1.668287	1.759677	1.576797	2.362267	1.988657	0.000000	0.127560	7.218457	5.688447	5.188637	5.268917
244	3.611130	2.052680	2.112460	3.721240	4.888500	2.073880	12.416200	3.395100	2.605730	3.090480	4.447610	5.847460	6.694180	6.537400	2.539600	0.000000	21.881500	12.308800	24.109200	31.314400
245	3.760784	2.542804	2.197484	2.115904	2.728844	5.792644	1.370424	1.597004	2.681884	2.697324	1.719584	2.176794	4.211104	2.016134	5.201714	3.116324	0.000000	1.084319	0.633679	1.686564
246	4.457980	2.857940	0.715820	2.062900	2.487250	4.972210	0.000000	1.786370	3.424270	2.715170	0.778320	1.645080	4.989000	2.932670	5.289650	3.283920	2.825770	3.090190	1.811350	2.567380
247	2.331279	2.131059	1.616399	2.579239	2.301769	0.000000	1.661659	2.844649	2.056849	2.324839	1.327329	1.840109	1.487219	1.635009	1.984469	2.341739	2.061579	1.133569	0.803189	2.104189
248	0.822780	0.000000	-0.281220	-0.364690	-0.373310	-1.859703	0.244690	0.123280	0.689290	0.122620	-0.768609	-0.060030	0.204410	0.542340	0.803840	0.633610	-0.592483	-0.068690	-0.109330	0.510280
249	1.511875	0.699825	-0.687753	0.118972	-0.098258	3.598095	0.893015	1.382235	1.472725	0.151816	-0.851171	0.497525	0.315055	0.000000	0.640765	0.910055	0.624555	3.465655	0.964045	2.983455
250	1.374660	0.863480	1.220240	1.618010	1.678190	0.000000	1.406830	1.482340	1.321650	1.494790	1.193180	1.212270	0.762090	0.900650	0.710080	1.511430	1.345550	1.292110	1.250050	1.510190
251	2.290150	1.575690	0.000000	1.358780	0.832210	0.823190	1.056160	1.950500	2.163650	1.321950	-0.753677	1.030260	0.931690	1.018110	1.750440	1.798400	2.751500	2.530000	1.930410	1.637470
252	0.538901	1.234721	0.665091	1.169251	1.818841	7.349111	0.186291	2.835261	1.514431	0.974111	0.263231	0.000000	0.566551	0.734231	0.684111	1.017421	2.440561	0.560861	0.498711	1.229501
253	-1.780090	0.749842	0.197472	2.587662	2.563942	3.111902	0.413942	0.889822	0.434242	0.272532	0.308902	0.254372	0.207602	0.018979	-0.002729	0.000000	0.238332	0.181362	0.173642	0.174532
254	2.394660	1.930490	1.070340	1.788080	1.136140	3.933830	0.000000	1.687500	1.847100	2.153350	0.734780	1.780380	2.203500	2.165280	2.450130	1.957010	1.444530	3.140320	3.148170	2.478200
255	0.782370	0.781470	-0.663814	0.003230	-0.605273	1.009100	-0.080470	0.138110	0.715970	0.379930	-0.353310	-0.253240	0.295470	0.000000	0.815980	0.736760	0.502380	0.120970	0.200160	0.561080
256	5.084784	3.553314	-0.058225	1.026024	0.000000	2.570404	2.659834	2.624694	4.362254	2.708084	-0.110123	2.943234	3.971464	2.522734	4.489794	3.555694	4.037464	5.754234	2.886304	4.473454
257	2.308671	1.537761	-0.291738	0.239461	-0.399736	3.416401	0.358881	0.913471	1.888851	1.136041	-0.362645	0.000000	1.848571	0.685201	2.409441	0.659121	-0.825505	0.158361	-0.095311	1.173111
258	1.537248	0.000000	2.515308	2.175208	1.146328	5.721508	-0.096427	0.218557	0.117149	0.345068	0.500228	0.184057	2.307958	0.988458	7.501938	5.073678	21.902538	17.770438	14.592938	45.824238
259	0.942464	-0.020537	-0.290681	1.008004	0.380904	6.541954	-0.491889	2.655094	0.000000	0.165279	-1.006085	-0.268409	2.315624	0.483274	1.634154	0.582074	0.054196	-0.490983	-1.109069	0.558574
260	2.840114	3.024774	2.373094	3.587364	3.462724	3.095704	3.058754	3.282404	2.098544	2.993054	0.974414	3.365004	3.860404	3.159954	4.267824	2.628864	2.835264	1.668194	0.000000	2.563984