SITE	GLY	ALA	LEU	VAL	ILE	PRO	ARG	THR	SER	CYS	MET	LYS	GLU	GLN	ASP	ASN	TRP	TYR	PHE	HIS
492	0.314000	0.525800	0.528980	0.730210	0.832480	0.539640	-0.059850	0.647520	0.541750	0.569810	0.286590	0.000000	0.580860	0.598570	0.593540	0.727330	-0.162850	0.253330	0.107630	0.587280
493	-0.518550	-0.473760	-0.314200	0.000000	0.294990	1.718100	-0.876130	-0.027300	-1.049680	-0.269380	-0.196920	-0.782410	-0.304180	-0.300390	-0.420990	-0.405900	-0.266050	-0.370530	-0.457900	-0.331600
494	1.471310	0.507650	-1.756200	0.626120	0.000000	0.601020	1.331970	0.584600	1.242380	0.020690	-0.203690	0.977390	1.142110	0.984450	1.471520	1.249490	0.613790	0.198250	0.476560	1.485750
495	0.149380	-0.207750	0.608900	0.961100	0.989390	4.722650	0.339780	1.133690	0.092270	0.093040	0.083730	0.425090	0.000000	0.084570	0.270360	0.825760	0.691430	0.623430	0.650020	0.753330
496	6.212880	5.444720	2.555010	4.550650	3.555730	5.525010	6.594270	4.905090	6.116310	4.832460	2.209370	5.919940	5.563610	5.660710	6.951560	5.066680	4.463080	1.973540	0.000000	4.802880
497	1.109420	0.000470	-0.485030	-1.046130	-1.379830	1.040260	-0.066210	-0.276770	0.384770	-0.252140	-0.880930	-0.672830	0.126180	0.042230	0.794030	0.604910	0.429870	-0.905730	-1.001730	0.000000
498	2.508100	1.689760	-1.184330	0.000000	-0.763430	1.009730	0.696020	1.052240	2.030140	0.664260	-1.526830	0.328310	0.482750	1.202130	1.362220	0.449620	-0.913230	-0.125740	-0.577310	-0.077040
499	4.206580	2.671990	-0.355010	0.000000	1.038650	5.712000	1.792390	2.274320	3.308970	2.302430	1.372790	2.168600	3.632980	2.758920	3.947590	3.101050	4.947830	5.128640	4.516820	6.320480
500	0.000000	-0.437760	-0.417950	1.673320	2.596400	0.734000	0.077250	-0.081040	-1.084620	-0.418160	-0.716940	-0.459090	0.697560	0.254720	-0.528940	-0.825670	-0.645350	-0.325770	0.083600	0.330250
501	1.374470	0.469230	-0.840000	0.965710	1.250880	0.634030	-0.837620	1.402090	1.655830	0.379480	-1.582410	-0.498790	1.123100	0.253200	1.198890	0.000000	0.005540	-1.240430	6.676860	0.376700
502	-0.026850	-0.263830	-0.368890	0.284060	-0.084700	-1.389650	0.182780	0.237170	0.000000	0.162580	-0.090890	0.009220	-0.523320	-0.017200	-0.838530	-0.039650	-0.109920	-0.139750	-0.127690	-0.142490
503	0.634200	0.317500	0.000000	0.457300	0.111480	-0.364820	-0.058440	0.411900	0.576030	0.483370	-0.069120	-0.102270	0.202910	0.133350	0.413860	0.443830	-0.150980	-0.048860	-0.145620	0.290560
504	-0.767080	-0.054420	-0.068470	0.485110	0.362270	-0.150170	-0.179630	0.279590	0.151390	0.035870	-0.148150	-0.098050	-0.369510	-0.197640	-0.023270	0.000000	-0.153570	-0.153240	-0.498560	0.076110
505	0.429000	0.382680	0.076900	0.152450	-0.053060	0.382440	0.172960	0.127910	0.518580	0.472370	0.097030	0.008460	-0.218450	0.000000	-0.641160	-0.091150	-0.036030	-0.035060	-0.134050	0.205910
506	-0.431610	-0.091830	0.215560	0.221820	-0.558760	2.876940	-0.224070	0.198760	-0.376970	-0.647370	-1.089940	0.000000	1.218000	-0.223840	0.645250	-0.597660	0.052130	-0.399570	-0.465030	-0.354750
507	0.220220	0.192360	0.085820	0.784170	0.616710	0.000000	0.546750	0.583320	0.383520	0.360120	0.204600	-0.028220	0.185500	0.373820	-0.317930	0.020750	-0.011420	0.287540	0.265870	0.349160
508	2.322870	1.977820	0.618210	1.112450	0.483670	5.045470	1.669300	0.582920	1.476450	1.041030	0.851440	1.359430	-1.191740	1.015410	-3.472760	0.000000	1.454780	1.087460	0.979760	0.984500
509	0.655290	0.352050	-0.447220	0.605830	0.332130	-0.413720	0.360400	0.574570	0.869950	0.946050	-0.221910	0.000000	-0.741450	0.286660	-0.360290	0.788790	-0.701960	-0.351500	-0.508830	0.446750
510	1.779270	0.873620	-0.190910	0.898960	0.403510	-0.279210	0.539690	0.999880	1.462180	1.177720	-0.584060	0.000000	-0.354830	0.192890	0.468660	1.213810	0.140350	1.058840	0.059330	1.060330
511	2.743710	1.764110	-0.220690	1.079100	0.000000	1.963140	1.257140	1.849690	2.275980	1.995720	0.032370	0.740140	0.911530	1.147230	1.795570	1.506870	1.088200	0.900270	0.828380	1.994450
512	2.557470	1.270690	0.000000	1.089660	0.306850	4.845800	1.173290	1.866240	1.458780	1.882530	-0.268330	0.641960	0.781690	1.103490	1.570120	1.623180	0.359730	0.264720	0.197190	1.335590
513	1.973250	1.085840	0.055800	1.177550	0.453490	4.646000	0.982400	1.806220	1.983310	1.679650	0.000000	0.719650	0.609540	0.847770	1.300020	1.744490	0.464710	0.956580	0.721890	1.343530
514	5.518710	3.799060	1.303940	2.601730	1.433910	5.526340	4.043110	3.497780	4.118160	3.777370	1.008680	3.427090	4.277460	3.384060	5.162820	4.517920	0.000000	0.925050	1.004660	3.766720
515	5.166060	3.279430	0.000000	3.072910	1.928830	5.896030	4.928580	2.366500	3.625180	3.191040	0.351210	2.463160	4.283490	2.814270	5.067480	2.357640	6.301120	9.644370	4.547750	2.975260
516	1.378790	0.382810	-0.953240	0.000000	-0.695600	3.666020	0.004910	0.263550	0.473200	0.471390	-1.171800	-0.495060	-0.219610	0.033760	0.838000	-0.076550	-0.909740	-0.815600	-0.855740	0.071910
517	0.000000	-1.185350	-2.151570	0.292410	-0.087090	2.366030	-1.191860	0.428290	-0.011830	-0.375900	-2.084670	-1.159700	-1.231250	-1.391020	-1.231490	-0.837640	-1.036560	-2.026670	-2.228870	-0.781220
518	5.454700	3.420150	0.000000	3.119800	1.089990	7.037900	8.460447	5.052080	4.248870	3.576790	0.624780	6.891930	5.293950	3.847120	5.284920	3.119770	18.334740	13.740750	7.513680	30.485650
519	1.732840	0.032610	-1.522620	-1.705380	-1.327280	3.919770	0.232240	0.095740	1.136350	0.133340	-1.578440	-0.741820	0.677440	0.000000	0.570090	0.642890	-1.559840	-0.871060	-1.330440	0.045500
520	0.366830	-0.437190	-1.069800	-0.615810	-1.214690	3.569780	-0.741770	-0.224820	0.598600	0.432970	-1.519340	-0.842360	-0.625300	-0.498320	0.122370	0.000000	-1.159370	-0.807390	-0.925260	-0.084060
521	2.619420	1.166860	0.211160	0.000000	-0.449530	3.160970	0.199930	1.137670	1.805760	1.397750	0.118190	-0.499030	2.320080	1.434260	3.312070	1.519770	3.505370	6.637160	5.164860	2.374600
522	5.272650	3.536460	1.270650	3.010990	2.075390	6.854320	7.165730	3.948380	4.191250	3.981390	0.576440	4.396170	5.799550	4.437310	5.898590	4.763300	7.115770	2.391900	0.000000	3.707340
523	0.246180	-1.098800	-0.337480	1.120870	1.005040	4.339350	0.940880	1.305500	0.000000	0.402190	-0.391300	0.858100	0.543240	0.891350	2.529150	2.236510	-1.097700	-0.762560	-0.643760	18.717430
524	0.214770	-0.257280	-0.877750	-0.748250	-1.389160	3.032080	-1.083860	-0.525090	-0.807310	-1.080180	-1.986660	-1.339560	-0.506070	-1.019580	0.310580	-0.117630	-0.282650	-1.320860	-0.782310	0.000000
525	-0.738330	-0.508130	-1.690230	0.253240	0.151270	0.703680	0.245780	-0.212420	-0.480830	-0.048470	-1.231630	0.196620	0.601590	0.000000	1.026030	-0.902130	-0.167640	0.687980	-0.102370	1.777000
526	2.659530	1.160560	0.000000	0.713690	0.008050	5.765540	-0.238860	0.982870	1.873930	1.028250	-0.004300	0.378320	1.707920	0.834000	2.209060	0.879740	-0.135240	-0.740990	-0.135270	0.915080
527	1.746970	1.626880	1.689600	1.985840	1.902440	0.000000	0.789040	2.010480	1.895930	2.139130	1.456710	0.874970	1.714580	1.423900	1.988630	2.000100	1.497750	1.526840	1.138620	1.714540
528	1.065260	0.664520	-0.363700	0.549910	-0.190320	0.457100	0.000000	0.933580	0.973640	0.462160	-1.162560	0.276240	0.961900	0.247400	1.250700	0.431830	-1.263630	-0.995230	-1.488630	0.266810
529	4.339550	2.901530	0.633680	0.941900	0.458890	3.708140	2.166430	2.135930	3.474350	2.494310	0.000000	2.291060	2.609330	2.674170	3.159690	2.973990	1.789380	-0.124420	0.337690	2.466300
530	2.256950	1.936990	2.960220	2.921750	2.922120	0.000000	3.090700	2.500300	0.947550	3.614990	3.233140	2.853150	1.259320	2.954780	1.505960	1.530510	2.646210	2.953500	2.736690	3.169190
531	0.847580	0.224780	0.160530	0.581690	0.245030	-1.653270	-0.356300	0.766660	0.668470	0.874170	-0.064990	0.000000	-0.492100	0.032230	0.669890	0.845370	0.737360	0.590950	0.218840	0.895710
532	2.262980	1.679730	1.626850	1.772930	1.319150	1.130620	1.804790	1.858660	1.999750	1.966360	1.410690	1.675030	0.000000	1.366930	0.018090	1.455470	0.904050	0.874700	0.632260	1.989270
533	4.010400	3.045020	0.873520	2.659870	2.149770	2.927350	2.401110	3.276460	3.799050	3.313370	0.760460	2.092520	2.687220	2.784090	3.148280	3.479830	1.743740	0.000000	0.699880	2.867860
534	4.347380	3.567260	0.127740	0.690490	0.000000	6.119570	7.784480	3.224460	5.246810	2.279550	0.929520	2.071720	4.765620	4.419710	5.421550	3.918900	25.121000	13.919380	8.225130	21.281900
535	0.255770	-0.605900	-1.492350	-0.330620	-0.790040	3.897180	-1.430290	0.000000	-0.529910	-0.157550	-2.003830	-1.466110	-0.966930	-1.444250	0.080460	-0.253650	-2.673530	-1.755530	-1.885530	-0.491420
536	1.112840	0.378280	0.009380	0.518700	-0.067580	3.139680	0.000000	0.276170	0.253310	0.759370	-0.604440	-0.201090	0.293880	-0.102000	0.761870	0.346870	0.086420	0.049010	-0.004060	0.512150
537	3.908240	2.332630	0.000000	2.367120	1.797380	3.563260	1.457660	3.424450	4.148430	2.591830	0.805830	1.355710	2.857720	2.228370	3.647720	1.142370	3.967500	1.205100	2.754440	2.980710
538	3.162220	1.328360	-1.427570	0.000000	-0.154160	5.157100	5.607060	0.845050	1.945660	1.529930	-0.371810	2.098370	1.384980	-0.710760	2.181980	0.403560	16.359970	15.626860	5.177110	6.211140
539	3.143130	3.466320	1.446000	2.813200	2.378730	6.584980	2.487990	2.920000	3.338610	3.296590	0.856770	2.250800	3.295760	2.853970	4.378200	2.626460	0.816800	1.140000	0.000000	2.074010
540	2.735850	1.286140	0.300680	1.584680	1.463250	9.467020	1.230740	1.185700	1.226570	1.164580	0.540920	0.982030	1.106180	1.349410	0.000000	1.089550	1.385570	1.180740	1.003940	0.889560
541	3.051470	2.035740	1.353950	2.227470	2.521170	0.000000	2.019650	3.237450	2.916220	2.686820	1.538500	1.942640	2.249240	2.011810	3.521170	3.100180	1.859650	1.643260	1.184890	3.111370
542	1.173620	0.770240	0.259510	2.111870	2.723380	1.675910	-0.159290	1.396980	0.704960	0.649070	0.169330	0.000000	0.772320	0.155700	1.043540	0.104050	0.705130	0.124010	-0.085710	-0.195470
543	4.245050	3.002270	-0.307420	0.634300	0.927110	7.995340	1.485510	0.916330	3.478960	2.395700	0.422790	1.973740	5.181610	2.976860	6.074090	2.163900	7.075120	0.656820	1.548540	0.000000
544	2.215660	1.313700	-0.575420	0.840800	0.545210	3.175030	-0.041490	1.450650	1.851020	1.183200	-0.083580	0.000000	0.321550	0.336990	2.396150	1.719780	-0.114920	0.294400	-0.036950	0.615140
545	3.598320	1.367860	-1.438430	-1.882530	-2.528930	4.178310	6.106580	0.000000	2.208790	0.514370	-0.298990	-1.564130	3.571560	0.841790	4.585060	2.765600	16.379480	19.127220	13.954480	9.068350
546	5.114900	3.538300	0.000000	1.288090	0.134400	6.555260	3.892140	3.086530	4.789430	3.070150	0.114200	3.469130	4.125880	2.645180	4.148910	3.621250	2.349940	5.646600	2.043830	2.543330
547	1.822790	0.000000	0.926090	-1.935030	-0.755430	4.000350	13.252790	0.311570	1.727760	0.122680	0.561420	9.323470	6.680640	5.607590	5.881320	3.971080	27.736070	14.561960	18.554250	16.900160
548	5.879530	4.609150	0.000000	5.719450	0.572100	6.460760	5.307130	3.779200	5.614460	3.598060	-0.007040	3.643570	4.566960	3.148050	5.046740	4.039750	11.032830	2.513490	2.057670	6.010080
549	4.687080	3.885460	0.606970	1.193390	0.000000	6.451310	3.786780	3.612320	4.874830	3.018200	0.302010	4.358690	4.182780	5.130270	5.066010	3.780130	12.887160	5.650290	3.699790	7.492750
550	3.213200	1.791420	0.182080	2.102110	1.854440	9.564600	1.006190	3.366100	2.561360	1.660100	0.447210	0.000000	3.004140	1.061260	3.141170	2.152110	1.582160	0.869850	0.477290	2.147470
551	-0.745800	0.135820	0.257860	1.146010	1.288170	5.125960	0.220760	0.873740	0.642060	0.225490	0.551410	-0.067620	0.231510	0.176130	0.000000	-0.380950	1.217080	0.168130	-0.074180	-0.105830
552	0.000000	3.050740	3.423360	4.485930	4.406330	5.140860	2.799540	3.825430	3.454070	3.095430	2.574690	2.958400	3.372280	3.399280	3.063570	2.919800	3.010770	3.030750	2.928490	3.428720
553	1.075750	0.735210	0.195050	0.572290	0.421520	2.811980	0.000000	-0.044720	-0.024660	0.067540	0.117570	-0.358510	0.276680	0.148700	0.430550	0.636540	0.283000	0.447890	0.271130	0.339020
554	4.080960	2.139970	2.704580	0.000000	0.756370	0.172970	4.944970	2.224110	3.596640	2.396970	3.954750	4.766540	4.272350	4.113190	4.048860	3.379560	12.010010	8.833828	8.467624	22.736130
555	5.037910	4.060840	2.125390	1.318240	0.000000	7.559000	2.367510	4.242470	4.417220	3.897800	1.471210	3.035800	5.116410	3.811360	5.660460	3.936360	5.148820	4.641980	4.839190	5.213340
556	0.000000	4.676170	11.565910	12.243990	13.153160	12.643630	16.395200	11.315700	6.794880	7.737000	9.108627	16.707840	11.382270	13.675210	13.483290	14.696800	41.636920	27.408720	25.824420	35.152520
557	0.000000	4.025090	11.487410	11.342070	14.911360	7.078130	27.059120	11.112760	6.930690	5.844360	10.856760	18.874320	11.206980	12.238910	12.562820	11.746540	42.623720	31.742620	26.759420	48.711120
558	6.833530	4.359340	0.559780	1.174450	0.000000	5.737470	3.864320	3.329430	4.805260	3.693640	0.596620	3.858340	5.234560	4.364660	5.483420	4.237230	4.288650	1.510630	2.040890	4.087060
559	2.703030	0.965300	-1.858200	1.150240	2.954850	7.199960	5.122810	-0.296440	1.082390	0.000000	1.129300	1.207250	4.052050	1.933440	1.826700	0.437610	16.559340	17.900860	10.550240	4.948830
560	5.844020	4.364720	4.722560	2.426930	2.045320	7.824360	7.139990	4.624430	5.033330	4.176350	1.402890	5.561210	6.415390	5.607330	6.583940	5.321040	4.733320	0.193910	0.000000	3.351790
561	2.926610	1.200620	-0.994410	2.174280	3.099600	8.466549	0.000000	2.517040	1.655110	0.823940	-0.760160	0.238050	4.312910	1.440820	2.921730	0.935230	-1.279470	-0.767540	-1.188910	0.969020
562	3.561510	2.359230	0.540070	1.686720	1.518240	0.028370	2.541400	2.389280	3.268630	2.243020	0.000000	2.236470	0.963010	1.884230	3.334920	3.485700	3.596440	1.952160	2.734320	3.774860
563	3.559050	2.537820	0.904930	1.645020	2.003050	7.398720	1.444950	3.879530	3.870270	2.506480	0.777380	2.296470	2.876580	3.412930	3.297840	2.074320	1.367610	-0.123240	0.000000	2.429220
564	2.457100	2.143730	0.849920	1.853490	1.389400	0.000000	1.158350	1.931940	2.455160	2.040510	0.935200	0.922600	1.497750	1.496740	2.185390	2.479120	1.769930	1.935980	1.790600	1.809900
565	0.320220	-0.029870	-0.162700	-0.164550	-0.541760	-1.237750	-0.453170	-0.307860	0.000000	-0.021440	-0.894040	-0.272740	-0.597830	-0.272790	0.036470	-0.157720	-0.540020	-0.247930	-0.441010	0.070540
566	1.689700	0.871870	-0.738340	4.709570	4.589620	-0.000770	1.298470	3.320520	0.977670	-0.160280	-0.573570	0.058700	0.013960	0.000000	0.808530	-0.485460	4.074630	7.822297	6.119320	6.339010
567	0.000000	3.300810	2.754180	4.615710	4.950540	8.353150	2.817880	5.076450	3.291640	3.344640	3.275190	2.724200	3.491190	3.107560	3.391570	2.895050	3.830780	3.691800	3.237610	3.587020
568	5.729910	4.625710	1.478430	4.844480	5.110070	11.204530	9.147969	5.405170	5.565410	3.956260	0.762450	4.550050	5.853960	4.701910	6.438010	4.805910	4.555100	2.501830	0.000000	2.480500
569	2.360100	0.469990	6.624030	0.621460	4.028140	7.804500	19.810480	0.000000	0.533010	-0.411570	11.164730	16.740440	8.114200	13.970860	4.210820	4.084220	41.480680	28.713680	28.476380	17.373770
570	3.380760	1.731170	-1.172410	0.844510	1.683010	7.894546	1.626590	2.258680	2.761760	1.189260	-1.178040	1.036250	0.000000	1.002570	2.609620	1.918020	-1.143050	0.237720	-0.978530	1.080870
571	5.125440	3.627510	0.215200	0.998170	0.000000	4.818510	7.350540	3.608360	4.966050	3.079500	0.169740	5.810570	4.318550	3.373010	4.925650	4.019690	14.136660	8.231499	5.824950	3.406430
572	2.814960	2.000430	1.275440	0.000000	0.413350	5.860570	7.170560	2.465380	1.894420	1.367180	3.124360	0.854580	4.288710	2.153210	3.571690	-0.179120	4.903500	1.328430	2.654960	2.898940
573	6.396420	5.502880	1.687300	3.359700	3.088310	10.330050	6.332360	4.632750	5.630510	4.516470	1.536040	3.677160	6.596950	4.365910	7.267860	5.170040	4.867800	1.432990	0.000000	3.475380
574	1.840790	0.777350	-1.385700	-0.703400	-1.479900	1.226010	1.041810	0.162940	1.001100	0.000000	-1.981200	0.525120	-0.697500	-0.024560	1.512490	1.309520	-0.784800	-0.992200	-1.634900	-0.456180
575	-1.451270	0.000000	3.440390	1.929520	4.390780	5.140360	1.385830	2.994380	1.188880	2.010760	2.187830	2.693940	2.555560	3.004240	4.769140	3.236400	8.813420	11.903660	8.188760	35.842930
576	3.281190	2.470890	-0.197920	0.000000	-0.250910	3.044900	3.514080	1.333130	2.695330	1.729890	0.054800	3.203170	2.611870	2.836990	3.338200	3.392530	3.703700	2.770420	5.317160	11.380930
577	0.939560	-0.421600	-1.659400	-1.312380	-1.663000	3.882560	-0.818440	0.000000	0.637900	-0.212650	-1.737200	-1.003860	-0.458730	-0.457780	-0.620300	-0.362100	-1.209640	-0.650800	-0.624610	-0.046890
578	-0.115810	-0.467650	0.237170	0.199290	-0.135630	-2.125380	-0.879580	0.081830	0.000000	0.127750	-0.379390	-0.520610	-0.244460	-0.073610	0.058250	0.188470	-0.054640	-1.277380	-1.371680	0.311860
579	0.096920	-0.179210	-0.302390	0.260560	-0.066590	-0.864810	-0.633600	0.513380	0.078890	-0.012450	-0.128590	-1.218690	-1.712210	-1.235380	0.101760	0.000000	0.200710	-1.632310	-0.583820	0.359190
580	2.017480	0.622940	-0.754600	1.210160	0.965890	0.804430	2.049470	1.283730	1.931130	1.089330	0.245240	1.483480	0.000000	1.275510	0.842610	1.265100	1.663000	0.863670	1.013960	1.132150
581	-0.304720	-0.141490	-0.434900	1.731230	1.674520	4.342940	-0.511630	0.578750	-0.496050	-0.257650	-0.497880	-0.302730	-0.609130	0.000000	-0.909500	-0.320190	1.411070	-0.237220	-0.654920	0.670690
582	-1.808430	-1.075030	-0.855710	0.000000	1.519440	2.278530	-0.981830	-0.237770	-0.659350	-1.065130	-0.809800	-1.196130	-1.194730	-1.173730	-1.358530	-1.297230	-0.975430	-1.169730	-1.339630	-1.228030
583	1.060900	0.883670	0.826710	1.705160	1.339040	6.448470	0.113580	1.253770	0.551050	0.695330	1.067770	0.000000	0.997740	-0.219850	1.083600	0.354450	1.390690	1.028070	1.135250	0.671450
584	0.000000	4.018970	3.836670	5.049630	4.802560	6.447840	3.781030	4.496660	3.367410	3.934030	3.720140	3.833670	3.828690	3.881840	2.990960	3.132020	3.533650	3.448910	3.417750	4.283260
585	4.196430	2.759490	1.306190	2.244080	1.639340	2.907450	2.598270	2.688530	4.049770	3.079580	0.996940	3.007970	3.123540	2.887690	4.119830	3.045760	1.467150	0.000000	0.040860	2.278390
586	0.000000	-1.140340	-2.679640	-1.044940	-1.489640	-3.063140	-0.375610	0.027150	0.006300	-0.666830	-1.926340	-0.401850	-1.633840	-1.382140	-1.396640	-0.117820	-1.558440	-1.214640	-2.980840	-0.494290
587	0.777400	0.105400	-0.048440	0.402660	-0.053170	-0.887070	0.425100	0.000000	0.068330	0.733260	-0.332370	0.124730	-1.258400	0.068130	0.130590	0.606280	0.761150	-0.727080	-0.805060	0.870200
588	0.801070	-0.315580	-1.202440	-0.000610	-0.732390	2.279130	-0.351690	0.274500	-0.119730	0.173160	-2.112580	-0.800740	-0.686560	-0.631240	-0.242980	0.201510	-1.155820	-1.018070	-0.997840	0.000000
589	5.187430	3.453950	0.000000	2.446860	1.498610	7.470450	6.890240	3.347340	4.459300	3.646800	0.467250	4.335800	4.546880	3.795220	5.036660	4.397920	19.474820	22.639520	11.996770	9.630118
590	4.133670	2.804230	0.587380	1.531240	1.650650	5.553160	4.184860	2.156120	3.130040	2.755780	0.000000	3.682560	1.750650	2.117080	1.989540	2.418780	0.718710	0.774610	-0.913170	1.763290
591	0.955070	-0.035950	-0.187570	0.509050	-0.107330	3.392580	0.015700	0.293040	0.107400	0.795600	-0.569050	-0.177690	-0.002200	-0.036890	0.381880	0.000000	-0.243530	-0.095440	-0.215310	0.365530
592	2.774970	0.938650	-0.251070	0.168590	-0.142920	5.766270	0.689070	0.735760	1.810390	1.575860	-0.894460	0.156930	0.794300	0.148370	1.815010	0.871140	-1.151360	-0.514050	-0.811870	0.000000
593	5.463010	3.329860	0.000000	1.583990	2.829350	8.851062	13.911800	2.927460	3.940010	3.450320	0.600080	7.189990	4.414770	4.108000	4.862310	4.408200	20.847640	14.402720	7.798570	5.628740
594	2.125040	0.742920	0.285770	1.173340	0.452990	5.585410	0.533080	2.343310	2.198600	0.969400	-1.009180	0.000000	0.974990	0.732420	3.897700	2.326900	5.210700	2.548680	3.849060	3.151620
595	0.749020	-0.332100	-0.838300	-0.304800	-0.724500	1.723320	-1.072800	-0.527400	-0.064000	0.072200	-0.929100	-0.547200	0.000000	0.092900	0.534750	-0.495100	-0.572900	-0.362800	-1.265300	0.108500
596	2.655470	1.459810	-0.349320	1.113790	0.290770	6.271180	0.730530	2.147460	2.549420	1.984850	-0.721870	0.405360	1.430540	1.156550	2.409990	2.260600	-1.144210	0.000000	-0.281360	1.792260
597	3.304340	1.451050	-1.165750	2.041520	2.575400	6.734210	8.858679	1.768060	2.470230	1.092650	-1.607350	2.889180	0.461430	0.824980	1.611440	-0.137330	9.798207	8.742215	3.506700	0.000000
598	3.281780	1.860480	-0.112800	0.886620	0.000000	4.652550	0.725700	2.559750	2.390000	2.069690	0.009400	1.781030	3.832100	2.594940	3.810230	1.709920	3.295130	5.763620	2.371480	3.614400
599	1.067610	0.368030	-0.064330	0.962990	0.539390	1.527070	0.076320	-0.301160	-0.431050	0.862660	0.181820	0.000000	0.309630	0.456640	1.039820	0.530540	0.533890	0.590240	0.072760	0.328010
600	1.260840	0.977300	-1.024850	0.795810	-0.112630	1.479190	-0.398030	1.393030	1.417070	0.695050	-0.524430	-0.694300	1.027320	0.237380	1.684460	-0.052030	-0.392710	-0.440680	-0.539380	0.000000
601	-1.151300	0.130400	-0.161800	1.416290	2.307230	4.181850	-1.135600	0.914080	-0.055900	-0.086600	-0.349200	-1.946300	-0.044300	-0.693700	0.000000	-0.722300	-0.950900	-0.224300	-0.391400	-1.017400
602	4.384840	3.576440	0.287770	1.121910	0.000000	7.515220	2.024280	3.193530	4.143360	2.889670	1.261010	2.050810	4.608020	2.773480	4.815830	2.790210	5.464000	4.135450	3.160360	3.493310
603	2.097370	1.977480	0.000000	1.279020	0.681340	1.846170	-0.241600	1.508470	1.612880	1.382040	-0.176110	0.471140	1.923050	0.314980	2.631570	0.460800	1.098590	-1.543470	-1.136470	1.060710
604	1.362890	0.158720	-1.984150	-1.651450	-1.969450	2.703880	-0.691680	-0.700070	0.507830	-0.126270	-2.720050	-0.627140	0.948820	-0.539600	1.898050	0.000000	-1.040320	-2.323750	-2.146750	-0.840490
605	6.397700	4.691380	1.063380	3.416060	2.249160	8.338610	5.699420	5.270230	5.959320	4.074150	0.714980	4.601180	5.223570	4.653990	6.243880	5.340850	7.682970	3.189110	0.000000	4.029390
606	6.060300	4.278800	0.000000	1.395870	0.390170	8.270674	5.731950	3.705820	5.459170	3.542940	0.252350	4.309420	5.178980	2.721380	5.864820	3.634450	10.039710	7.086430	3.971640	7.526460
607	2.485080	1.517900	4.005800	0.075060	0.076630	4.150460	4.727570	0.000000	1.372710	0.053000	1.933910	1.979340	3.605730	3.753780	3.813740	1.976320	17.963670	4.682530	4.715630	5.267130
608	4.299080	3.364380	1.144950	2.919190	2.233830	3.473340	3.215270	4.416670	4.751210	3.510240	1.871140	2.681100	4.621380	3.869320	3.671380	3.332560	1.276040	0.000000	0.358230	2.470910
609	1.441040	0.000000	9.470992	3.036800	6.558040	3.606690	9.972990	2.287080	0.982540	1.554090	8.454434	17.478530	13.324540	12.945880	6.774820	6.976160	25.201180	20.009180	12.308120	40.933980
610	0.653620	-0.017280	-0.750300	0.071950	-0.087750	-1.478560	0.499990	0.825240	0.732040	0.352490	-0.818200	0.552330	-0.179640	0.463690	0.000000	0.141040	-1.430260	-0.185220	-0.623540	0.782920
611	0.584740	0.042850	-0.092040	0.114130	-0.151070	-1.716530	0.040930	0.438340	0.626500	0.565670	-0.056490	-0.112270	0.000000	-0.096190	0.407540	0.363000	0.131590	-0.115710	-0.171430	0.586210
612	0.112190	0.079010	-0.118990	0.564770	0.283070	-0.167130	-0.856680	0.369760	-0.148950	0.323610	-0.502650	-0.267720	0.125920	-0.489290	-0.051810	-0.245640	0.450590	0.000000	-0.097510	0.337580
613	-0.250360	0.000000	-1.854070	-0.456350	-0.705970	1.745090	-1.897670	-1.492470	-0.344680	-0.351540	-1.305570	-1.070770	-0.393210	-0.892770	-1.191070	-0.607530	-1.118970	-1.547670	-1.122870	-0.281170
614	2.065670	1.173690	-0.549140	0.294000	0.000000	4.906600	1.823200	-0.025480	0.764890	1.510300	-0.206190	1.036550	0.965430	1.520230	1.782460	1.848410	2.778810	2.996550	0.086240	2.013120
615	0.000000	-0.658560	-0.932150	-0.307420	-0.844570	-1.671030	-0.635310	-0.220590	-0.133080	-0.033740	-1.036730	-0.843990	-1.222930	-0.824820	-1.987630	-0.180310	-0.450890	-0.433800	-0.712970	0.005630
616	1.590700	0.722690	0.055040	0.772240	0.218530	0.285660	0.387090	1.162450	1.424720	1.589370	-0.633190	0.286170	-0.252070	0.682980	0.616110	1.381590	-1.441730	0.000000	-0.929470	1.179970
617	4.632520	2.934680	0.635890	2.440980	4.571690	2.263610	2.909780	2.863310	4.141750	3.377300	0.379340	2.779980	3.118630	2.364240	4.003630	2.783560	0.002810	0.526780	0.000000	1.780800
618	0.961920	0.230480	-0.792880	0.103870	-0.527940	1.559980	-0.031350	-0.440160	0.219410	0.693710	-0.668330	0.000000	-0.387450	-0.323190	0.604150	0.182020	0.216130	-0.098200	-0.795270	-0.070380
619	0.342220	0.022660	0.039700	1.090420	0.369170	1.369510	0.163660	1.261310	0.602760	0.756890	-0.115690	0.000000	0.004490	0.444560	0.389010	0.204600	0.092680	0.120000	0.036930	0.192360
620	1.377560	0.555480	-1.723330	-0.203130	-1.024200	3.399880	1.104300	1.096240	0.803170	0.045390	-1.809430	-0.476000	0.406720	0.000000	1.661840	-1.038820	3.530570	1.081880	1.499460	0.497760
621	0.000000	3.387540	3.594780	5.200870	5.063940	7.667504	3.464460	4.540720	3.425070	4.076160	3.385290	3.773380	3.059950	2.906830	3.398970	3.040740	3.640890	3.270220	3.143550	3.105350
622	4.955170	3.778470	0.720210	4.142150	4.814200	8.472874	6.316530	4.956140	4.560340	3.789340	0.979630	4.980180	5.341380	4.924830	5.720240	3.889120	3.239120	1.718280	0.000000	3.316070
623	0.863980	0.569010	0.562630	0.415080	0.401960	2.943130	0.029280	-0.369380	0.000000	0.203610	-0.393440	-0.127090	0.803450	0.389290	1.506490	1.032140	0.426710	0.327230	0.255430	1.151330
624	1.004170	0.788090	-0.606460	0.726620	0.077480	-0.964830	0.351730	0.877900	0.754970	0.428150	-0.685970	0.000000	0.108500	0.316650	1.330720	0.569480	1.030050	0.749520	0.522220	0.843760
625	0.671500	0.737330	0.454010	0.614700	0.392760	1.396670	0.680910	0.582420	0.837030	0.719640	0.630330	0.665440	0.000000	0.371760	-0.329880	0.299100	0.737240	0.501380	0.429110	0.540150
626	3.084020	2.409090	0.251410	0.907420	0.000000	2.359510	2.984390	2.206510	3.192980	1.751460	-0.124740	1.608660	3.121500	2.771870	1.921580	2.825190	3.134410	3.029050	3.076660	3.762780
627	0.346270	-0.024020	-0.220010	0.131960	-0.055420	-1.514740	-0.083710	0.480480	0.112340	0.036290	-1.462340	0.000000	0.440610	-0.358930	0.561050	0.095090	-0.266410	-0.043800	-0.477290	-0.028960
628	3.594030	2.557240	0.080120	0.879990	0.000000	1.643850	2.470520	2.646050	3.507670	2.092630	-0.066550	2.614750	3.251320	2.222330	3.937370	3.443890	14.563500	4.288040	3.949620	5.572890
629	2.396390	1.586370	1.534450	1.816610	1.520790	0.000000	1.572910	1.644420	1.963210	2.099830	1.625590	1.555310	1.437710	1.469190	1.708300	1.910040	1.943790	1.664530	1.620130	1.913340
630	1.162200	0.363880	0.092240	0.778050	0.492010	-1.663050	-0.114960	1.024680	1.116560	1.012990	0.398160	0.000000	-1.319040	0.262380	-0.033180	0.699010	0.485380	0.008940	-0.102380	0.807740
631	-0.149840	-0.559110	-1.193950	-0.523430	-0.852540	-0.849820	-0.840830	0.000000	-0.439530	-0.512640	-0.885230	-1.064940	-1.205140	-0.715590	-0.607120	-0.223800	-0.547560	-0.334540	-0.413180	-0.155410
632	1.921750	0.899850	-0.500460	1.371760	1.509300	5.810480	-0.810340	0.681910	1.015260	1.326380	0.508650	0.000000	1.106330	0.664510	0.887910	1.161830	0.509130	0.376130	0.338850	0.993420
633	5.859300	4.841620	1.717020	2.819450	2.349900	6.131670	6.982220	4.175840	5.060570	4.129480	0.960530	5.694300	5.243930	4.872170	6.040300	4.747950	-0.093250	0.000000	-0.202300	3.586180
634	1.068700	0.329670	-0.517840	0.000000	-0.364990	5.871750	-0.141660	0.310780	0.622700	0.482880	-0.493950	-0.470810	0.119340	-0.047630	0.250850	0.185030	-0.458490	-0.041970	-0.147890	0.470310
635	0.000000	3.389600	3.580470	4.714040	4.416640	6.907720	2.882960	5.084030	3.664330	3.579150	3.114940	3.418840	3.503830	3.076800	3.523190	3.546350	3.289490	3.471170	3.478080	3.659190
636	2.030490	1.284470	0.220480	2.332170	1.860690	5.195890	0.951730	2.844890	1.543880	1.667430	0.574820	0.558520	0.891780	0.932720	1.619330	0.692640	0.468700	0.000000	0.055330	1.161410
637	3.261670	2.547650	-0.142350	0.870770	0.000000	3.627230	4.039130	1.130920	1.855210	2.257200	-0.976460	3.647650	4.558820	3.100980	5.883120	3.931130	11.788990	4.619090	7.003520	5.511790
638	1.933950	1.278690	0.454570	1.253970	0.357660	1.871750	0.418750	1.413100	1.705180	1.667510	-0.283050	0.000000	0.681750	0.934190	1.178670	1.141820	0.837430	0.881440	-0.295420	1.236300
639	1.372920	1.179350	0.346970	0.580030	0.053860	0.676550	0.201800	0.668850	1.220780	0.797420	0.133830	0.366570	0.898840	0.434190	0.000000	0.596310	0.631550	0.586540	-1.681260	0.571030
640	3.190490	2.790530	1.596020	2.398960	1.747910	2.810860	2.379070	3.095430	3.266210	2.933740	1.255310	2.412790	3.123090	2.600230	2.852530	2.664470	0.225630	0.000000	0.735120	2.621740
641	0.058030	0.042930	0.160680	0.258050	0.333790	-0.964800	-0.045280	0.167070	0.303880	0.374010	0.381440	-0.109880	0.000000	0.199630	0.254800	0.420680	0.197940	0.254660	0.266090	0.422100
642	0.000000	-0.025380	-0.777190	0.142650	-0.446440	-0.525800	-0.228570	0.424290	-0.023680	-0.152190	-1.011740	-0.260590	-0.088110	-0.010470	0.014730	-0.054340	-1.894550	-1.120040	-1.576450	0.126690
643	0.256180	0.000000	-1.359150	2.052950	6.493020	1.211990	-1.050560	0.362370	0.419960	0.082610	-1.657050	-0.487540	1.137620	0.131340	1.772950	0.129390	-0.711290	-2.327550	-2.373350	-0.312910
644	1.500630	0.690020	-0.474800	-0.108870	-0.730480	1.912770	-0.008120	0.000000	0.827520	0.202700	-0.343660	-0.117570	0.093090	-0.209410	0.382850	0.364170	0.171300	0.355820	0.201300	0.642300
645	4.256030	3.039170	0.000000	2.192450	0.948140	1.316650	3.092560	4.063450	3.823260	2.544590	1.099590	2.492630	2.820380	3.082150	3.710770	2.401010	3.378710	2.939090	2.913630	3.720220
646	4.586400	3.159390	0.076560	1.798770	1.660120	9.673102	6.600500	3.326120	3.818760	2.594900	0.000000	3.560850	4.440940	3.367380	5.616100	3.324060	6.421300	5.584930	3.122710	3.118210
647	0.000000	-0.410140	-1.797650	-1.388650	-0.769180	2.969000	3.910270	-1.012300	-0.514250	-1.908550	-2.309950	-1.037340	-1.023790	-1.479150	1.900730	-0.967300	3.574570	0.056080	0.210670	-0.529640
648	1.672290	0.072260	-1.958860	1.560440	1.316410	5.988600	0.715530	1.930410	1.112860	0.000000	0.097510	0.352750	1.230400	1.670680	0.401000	-0.711260	2.317380	-0.972460	-1.194860	-0.235350
649	0.776970	0.293800	-0.635260	-0.099120	-0.788930	-0.328100	-0.584580	0.068620	0.520140	0.248700	-1.197920	-0.515060	0.000000	-0.665560	0.508900	0.113640	-0.823290	-0.334710	-0.458850	0.265270
650	4.185280	3.094460	0.000000	0.948190	-0.067710	4.064200	4.225730	3.300560	4.264920	2.821260	0.391370	1.957120	4.105360	2.899210	4.494410	3.927370	6.360790	7.638560	6.971850	4.356070
651	0.746130	0.599050	0.235280	0.322960	0.362430	-0.008890	-0.351060	0.256190	0.662130	0.455050	0.222540	-0.175420	0.403280	0.035320	0.245460	0.000000	0.274420	0.187680	0.134320	0.054850
652	2.432010	1.840350	1.116490	2.273540	2.310330	0.000000	1.551260	2.200930	2.438020	1.691950	1.630540	1.409900	1.332990	1.520820	2.543720	2.202350	2.127790	0.745470	1.643770	2.717400
653	0.247070	0.193430	-0.005310	0.239040	0.302330	1.422150	0.000000	0.131660	0.129280	-0.034090	-0.618240	0.011780	0.347720	-0.000250	0.532260	0.021850	0.558500	0.292430	0.180090	0.608640