SITE	GLY	ALA	LEU	VAL	ILE	PRO	ARG	THR	SER	CYS	MET	LYS	GLU	GLN	ASP	ASN	TRP	TYR	PHE	HIS
7	0.499200	0.000000	2.661400	2.145700	2.661200	0.323200	2.869000	1.735400	0.070400	0.672600	0.958200	3.060600	1.994500	2.680000	2.897500	0.721100	15.262700	9.388300	9.498000	17.880800
8	4.715400	3.245000	1.130500	1.244700	0.510100	6.788200	3.382700	2.534300	3.705000	2.680300	0.464500	3.012700	4.130400	3.229400	4.269400	2.620200	0.000000	1.024900	-0.071800	1.398300
9	1.382800	1.279500	1.189400	1.388900	0.950000	2.090300	1.382900	1.462500	1.590700	1.420300	1.061900	0.961600	0.623100	0.778600	0.000000	0.642700	1.453300	1.325100	1.354600	1.147100
10	6.695500	5.499300	3.249000	5.429800	5.535900	3.354500	4.908100	6.278000	6.426900	5.615600	2.989800	5.066100	5.795800	5.177600	7.031600	6.022500	1.699700	0.000000	1.892700	5.100100
11	0.934300	0.591500	0.373600	1.079900	0.703500	0.726400	0.081500	0.107300	0.103600	0.956800	0.593700	0.071800	-0.071200	0.085600	0.000000	0.327500	1.049000	-0.236700	-0.404100	0.430500
12	0.838800	0.560100	0.316500	0.905800	1.000800	1.079400	0.153800	0.709400	0.672900	0.663900	0.638200	-0.094700	0.612900	0.061400	0.822300	0.000000	0.810800	0.335000	0.309900	0.268100
13	0.931600	0.134600	-1.016800	1.848000	1.800300	5.176100	-0.264500	2.916300	0.650300	0.295500	-0.548700	-0.536200	-0.391000	-0.448800	0.034500	0.000000	-0.155700	-0.499100	-0.598700	0.171600
14	2.472700	1.590400	0.853600	0.000000	-0.023700	2.197800	0.107200	0.741600	1.982300	1.189000	0.700600	0.095500	1.748500	0.960400	2.301500	1.630600	1.606400	1.302700	1.332700	0.666000
15	4.968500	3.131900	-0.248800	1.025600	0.000000	3.142800	10.896300	3.472100	4.516000	2.851100	-0.025200	5.323800	2.584200	2.593500	3.017400	2.481900	10.991300	11.979600	7.083500	5.819100
16	4.512900	2.537500	0.346200	2.090600	2.712800	3.687800	0.000000	3.286500	3.780800	2.100400	0.540000	0.769100	3.564800	1.847800	4.505400	2.982800	3.273400	3.059100	2.853300	2.731300
17	0.000000	6.942100	23.433800	20.491000	28.400700	16.359800	35.084800	19.470500	9.524100	13.376700	21.447300	28.486900	29.522000	29.286800	23.329300	22.342300	62.645900	66.935340	51.633700	64.209160
18	4.339400	2.611000	2.767600	0.000000	0.885900	2.363000	14.497800	2.226900	3.496500	2.216700	5.101600	11.166300	7.887800	7.238000	5.979200	4.144800	30.529600	18.269000	16.322200	51.702500
19	3.414000	2.304300	4.905000	1.488900	2.345300	6.327500	13.672900	2.893500	3.914000	2.478900	7.781900	12.151000	8.441300	8.187200	5.163800	0.000000	34.763500	23.499600	19.021000	18.394300
20	6.018700	4.474400	0.000000	2.523200	2.551600	5.501200	9.409400	4.363700	5.691700	3.683500	-0.082700	4.494700	4.801900	3.656600	5.628200	4.103400	15.251000	4.741300	3.290100	2.845800
21	0.000000	2.866800	16.668100	11.119600	12.595900	6.939600	6.640900	11.252300	6.712300	9.546600	10.955400	5.594400	17.987000	10.004200	17.425000	15.906300	26.448700	33.237400	30.012200	11.342200
22	0.000000	3.213600	11.612700	10.353500	14.348900	11.899800	12.320600	11.214800	4.450100	4.001200	6.507500	16.244100	11.036500	11.159700	6.622600	6.710300	55.796100	47.823400	45.397800	44.801500
23	6.957600	5.830800	3.080000	4.908700	4.079800	11.381000	6.194300	6.013000	5.382400	6.206100	2.666600	4.218800	6.296800	6.304400	7.743200	5.150700	0.000000	8.277500	6.149900	4.257600
24	5.712800	4.695700	1.202000	4.793800	3.781900	3.998200	6.296100	4.432300	4.944100	4.363600	1.207400	5.036700	5.660000	3.542500	6.519700	3.723800	7.380000	2.245600	0.000000	2.952500
25	4.067300	2.339300	1.209500	0.000000	0.743700	2.949300	9.450200	1.417300	2.769400	1.663900	0.947100	0.089700	6.144800	3.338100	5.333400	2.799000	18.158400	14.035100	9.177700	14.756900
26	4.434800	3.159700	0.000000	2.032500	0.994400	2.874200	2.388000	2.884200	4.281500	3.103200	0.760600	2.739500	4.030200	3.644900	4.138600	2.029600	14.898200	7.597300	3.928200	18.027900
27	0.834500	-0.526700	-2.961100	-2.847700	-3.108900	0.787700	-1.544600	-0.994100	0.348500	-1.293100	-3.151800	-0.828100	0.000000	-0.976400	0.486200	0.688800	-1.741100	-0.803800	-2.331000	-0.612700
28	3.928700	2.487800	3.899600	2.674500	3.818400	0.000000	5.701300	4.475500	2.991300	2.986200	3.473400	5.515400	5.172100	1.622200	7.262200	5.211300	25.240300	11.470400	8.987000	12.965100
29	4.152000	3.184100	2.724500	3.345700	2.970500	1.549100	2.075700	3.171300	4.046500	3.598900	0.274300	2.531100	5.164300	3.344000	5.596300	3.590300	-0.901400	0.000000	-0.383800	2.219400
30	3.693000	2.451900	0.191000	1.116500	0.559100	6.296800	4.913400	1.516800	2.923500	1.690600	0.000000	-0.172200	3.632200	2.382100	5.610300	2.972900	24.563400	7.329100	6.219000	17.932400
31	1.156300	-0.884700	-2.244000	-2.676100	-3.124500	0.170600	-1.003300	0.000000	0.489300	-1.132200	-2.899000	-2.086900	1.513500	1.995700	2.951400	0.080500	11.759700	9.159100	4.500500	4.906800
32	3.296000	2.301700	1.778800	2.498300	2.076700	0.000000	2.506500	3.115100	2.441100	2.477100	1.772200	2.286600	3.147700	2.755300	3.946500	3.305900	2.780400	2.230600	1.954700	3.405700
33	0.799300	-0.054600	-0.434100	0.027500	-0.312700	0.170600	-0.405300	0.945600	0.000000	0.399600	-1.873800	0.005900	0.765700	0.017800	0.764500	-0.239800	-0.663400	-1.658600	-1.670500	0.398000
34	3.377400	2.378500	0.000000	2.838300	2.209700	2.785900	2.045900	2.457200	2.514700	2.115200	-0.458400	1.415400	1.806800	1.831200	2.997200	2.577700	0.856300	0.334500	0.170900	1.394700
35	6.150000	4.556800	0.538200	3.058600	2.940500	5.929600	4.224800	4.765500	5.781400	4.159900	2.071100	3.133200	6.268200	4.147500	6.482900	3.864200	2.136200	1.195700	0.000000	2.667400
36	0.198500	-0.681600	-0.813100	0.755800	0.150200	5.348200	-0.123200	1.383100	-0.054300	-0.162800	-1.651500	-1.179600	0.000000	-0.597200	0.812600	-0.179000	0.412900	0.293000	0.231700	1.004100
37	1.892900	1.309500	-0.155800	1.055100	0.604100	0.000000	-0.226300	1.233700	1.594500	1.305800	-0.688200	0.336400	0.846200	0.137000	1.351500	0.973800	0.817600	1.574200	1.509000	1.863200
38	4.102500	3.008100	1.546800	3.961700	3.053400	3.638700	2.317300	2.785100	3.048400	2.634100	0.693800	1.884800	3.054300	2.866800	3.855800	2.784700	1.692700	2.062200	0.000000	2.175500
39	0.698200	-0.643200	-1.368000	-1.836300	-2.029300	2.316900	-0.691900	-1.226800	-0.492500	-0.853800	-1.949500	-0.434100	0.738000	0.000000	2.222300	0.436000	4.938400	2.617300	2.339700	2.760700
40	0.935300	0.751800	0.418500	0.461200	0.188500	3.064400	-0.345700	0.445100	0.596200	0.540400	0.212000	-0.037800	0.599200	-0.031900	0.068600	0.000000	0.404600	0.404700	0.250200	0.169100
41	0.000000	3.117300	3.218600	3.398500	3.101100	4.312300	2.589600	3.208600	2.888800	3.193100	3.017200	3.044100	3.145800	3.115600	3.051600	3.189300	3.096600	2.957400	2.811200	3.175200
42	0.100300	0.077400	0.100600	0.048000	0.002800	-0.459100	-0.085400	0.064200	0.160300	0.553700	0.567600	0.022000	0.123100	0.035700	0.197800	0.000000	0.037400	-0.152300	-0.107400	0.043300
43	2.527400	2.092600	1.649100	2.043300	1.617400	4.803300	1.304000	2.106200	2.249500	2.068600	1.776600	1.625800	1.916000	1.780000	0.000000	1.120400	2.210000	1.807500	1.808600	2.109600
44	0.817400	0.315500	-0.435700	0.386000	0.431500	-0.050100	-0.350700	0.169500	1.151500	0.134200	-0.022400	0.037700	-0.253900	0.000000	0.658800	0.841200	1.248300	0.432300	0.100500	1.156400
45	0.738700	0.673700	0.958800	1.242200	1.225700	1.441900	-0.212800	0.357700	0.000000	0.846200	0.914000	0.227500	0.725900	0.221600	1.076100	0.127700	1.121300	0.961700	0.947400	0.911100
46	0.000000	0.068900	-0.140900	0.418700	-0.150800	0.278900	-0.891400	-0.104400	-0.553300	-0.130800	-0.249400	-0.305300	0.205400	-0.563300	-0.101600	-0.176300	0.093500	-0.116300	-0.053800	0.063900
47	4.173800	2.394800	3.054300	0.000000	1.102600	3.446600	18.416500	2.210100	3.089500	1.661400	2.357200	6.686100	5.154600	6.106200	6.147800	4.491300	37.986200	24.657800	16.994600	20.405400
48	4.427200	2.880600	2.242700	5.022100	7.569100	0.000000	7.439200	5.142800	4.086500	3.281000	3.327500	8.498800	5.417400	5.156800	4.278600	2.349300	17.586200	20.983100	16.212300	25.711000
49	0.691100	0.251600	0.474300	0.000000	0.014500	-1.373600	0.244700	1.583000	1.079900	0.098200	-0.873300	0.012300	0.125300	-0.073300	1.032900	1.077800	0.580500	0.071200	0.173200	1.484200
50	4.741300	5.023000	10.117500	8.730100	9.851800	7.288700	9.712200	6.403900	4.395200	4.786600	5.131400	8.041900	10.205800	9.993900	0.000000	4.929800	18.034600	8.721700	8.501000	43.747100
51	1.281000	-0.247500	-3.058700	-1.225800	-0.997700	-2.964200	3.201200	-0.562300	0.659500	0.057400	-2.710800	-0.279600	0.000000	-0.677300	0.730700	0.893800	2.577100	1.648100	-1.989300	-0.645800
52	3.232100	1.923800	0.279600	3.565000	3.655100	9.812800	1.566900	4.239600	3.902100	2.616600	0.214300	1.046300	2.791500	1.677500	3.508400	2.398200	-1.162000	0.000000	-0.487600	1.939200
53	1.530100	0.621400	-0.523800	0.210200	-0.298600	4.789400	-1.285500	0.690200	0.784200	1.078800	-0.716100	-0.371100	0.524000	-0.117400	1.560400	0.040600	-0.017000	-0.908500	-1.219800	0.000000
54	8.674100	6.869300	3.794600	7.181000	6.185500	14.093800	5.785100	6.787600	8.734300	7.319800	3.515800	6.298700	8.215000	6.425300	8.605500	7.026900	0.000000	3.508000	3.283200	5.427000
55	2.142500	0.476500	1.629200	0.205600	1.289500	6.320600	9.313300	0.000000	1.496700	0.948900	0.509000	4.001200	3.388700	2.868100	3.588700	1.546500	17.849300	12.515400	8.086200	50.837100
56	1.362300	0.207300	-0.408900	1.623900	1.291200	9.169100	0.013800	3.075700	1.056700	0.984700	-0.693900	-0.118900	0.605200	0.000000	1.003600	0.770200	0.295300	0.439500	0.156700	0.826000
57	1.381400	-0.071600	-1.091200	-0.234800	-0.560300	3.606700	-0.466000	0.000000	0.127700	0.452300	-1.185500	-0.739700	0.179700	-0.636400	0.900900	-0.238900	-0.509700	-0.797700	-0.819300	-0.547100
58	4.216500	2.920600	0.000000	2.045200	1.499600	5.646200	1.969000	2.288300	3.500500	2.720800	1.098600	1.628300	2.604200	2.406600	4.332000	2.875600	1.468500	1.382300	3.326700	3.199500
59	0.000000	2.842800	3.405600	4.293200	4.116800	8.247800	1.497400	3.943300	2.546400	3.328600	3.182800	0.733300	2.748300	2.883700	1.970700	2.355400	3.475600	3.159300	2.880700	1.743900
60	1.312700	0.676800	-0.257300	0.664500	0.098400	0.088900	0.054600	0.587800	0.784800	1.111400	-0.119700	0.000000	0.254100	0.478900	1.080100	1.233800	0.062200	-0.325200	-0.390900	0.714000
61	1.954500	1.502000	1.459600	1.702000	1.385000	1.048500	2.105600	2.010900	2.224300	1.987000	1.507800	1.782900	0.000000	1.352100	0.021500	1.847400	1.668100	1.515900	1.261200	2.012900
62	1.195200	0.000000	-0.853200	0.417800	-0.047100	-0.973000	-0.760000	0.698400	0.938900	0.551300	-0.724600	-0.672000	-0.520500	-0.351800	0.255000	-0.171900	-0.118100	-0.380700	-0.666100	0.177700
63	2.045800	0.000000	6.185100	1.804800	6.580900	6.669600	16.518400	0.723800	1.251600	1.801800	7.594000	12.460200	11.593800	8.256500	8.276600	5.469100	24.539000	14.730600	12.833700	18.405700
64	2.348800	1.350200	0.000000	1.909400	1.135400	6.908700	1.252800	1.553000	2.085300	1.953900	0.032000	0.751800	0.882000	1.106200	2.057900	2.070100	0.794900	1.049900	0.934400	1.694300
65	1.130000	0.346500	0.123800	0.739200	0.331000	3.127800	0.000000	0.666100	0.565300	1.193200	-0.018900	0.319000	0.244400	0.197900	0.646800	0.465100	0.222700	0.232000	0.145900	0.590300
66	2.948600	1.787400	0.490700	1.015000	0.000000	4.537000	1.001000	1.737300	2.328700	1.897200	-0.015200	0.899900	1.713600	1.601200	2.368000	1.491100	0.193300	0.760000	0.666800	1.488900
67	4.925000	3.134700	0.000000	2.783700	4.805600	8.165900	1.704300	3.557100	3.940600	3.357800	-0.096300	1.906300	5.069800	1.355400	5.955800	3.265100	10.424900	3.794200	2.648400	3.782600
68	1.411000	0.585300	-0.593400	0.890600	0.024200	3.104500	-0.044200	0.545500	0.569100	1.043500	-0.400300	-0.236700	-0.366500	0.000000	-0.188300	-0.529500	-0.368900	-0.412800	-0.577700	0.332100
69	1.169500	0.487900	0.215900	0.824500	0.289600	1.797100	-0.163400	0.349300	0.846400	1.170500	-0.296000	0.000000	0.556000	0.413200	1.013500	0.451100	0.039000	0.279900	0.231800	0.562100
70	3.029000	1.475300	-1.023500	0.145000	-0.233300	4.755300	1.105100	1.775800	2.910500	2.273200	-0.409000	0.853200	3.116900	1.327100	3.894300	1.797600	2.036500	1.810500	0.590600	0.000000
71	5.337700	3.690000	0.986000	4.143900	5.338700	7.346400	2.368900	3.921100	4.906100	3.877200	0.989500	2.786400	4.768000	3.296200	5.383800	4.768800	0.000000	0.722900	0.212300	3.510600
72	0.042800	0.138500	-0.459000	0.467600	-0.154900	5.072400	-0.218000	0.857600	0.000000	-0.292700	-0.849300	-0.876400	0.318500	-0.453100	0.700100	-0.219300	0.303500	0.215400	0.033200	-0.331700
73	0.784700	0.588100	0.034500	0.437100	0.221100	5.808600	-0.694000	0.000000	0.261600	0.400800	-0.002300	-0.886500	0.726200	0.063400	1.151500	0.214400	0.405200	0.052900	-0.026400	-0.082900
74	4.426300	3.663500	2.615700	5.042500	6.093200	10.577600	3.393700	4.330600	5.184600	4.219100	2.408200	2.863800	4.189800	4.334400	4.931300	4.985700	0.000000	1.662000	1.579700	3.170500
75	5.667200	3.691100	-0.086200	0.617000	0.000000	10.216900	5.630300	3.197500	4.685200	3.018400	0.329000	3.567700	5.635700	3.952500	6.344200	3.145400	19.726100	1.821800	1.693100	3.421500
76	-0.122800	0.610800	0.169800	1.372600	1.138400	2.173000	-1.378600	0.000000	-0.209800	-0.008700	0.411900	-0.992800	1.030500	-0.520400	-0.649300	-0.394600	0.645800	-0.001100	-0.262100	8.588400
77	1.388300	1.152300	0.237800	1.291000	0.365400	-0.556500	1.629100	1.671600	1.622300	2.152500	0.943300	1.386900	0.000000	1.079900	0.389000	1.533400	0.949100	1.138000	0.706800	0.934600
78	0.731600	0.214000	-0.040200	0.417400	0.042800	-0.415600	-0.326800	0.378000	0.447400	0.559900	-0.267700	0.055400	-0.279100	0.000000	-0.090800	0.330200	-0.116400	0.184500	0.066900	0.256300
79	3.933700	2.673400	4.881200	4.372900	4.495700	2.128700	5.535700	1.991900	2.693700	3.249500	3.062400	4.565700	2.104700	3.461200	0.000000	3.188000	7.837100	5.421000	5.442800	3.766400
80	5.851600	4.315700	1.004400	3.722000	2.541400	3.759100	5.412400	3.952000	4.811700	4.279300	0.792400	3.357800	5.459900	4.078700	6.099200	5.162500	4.161400	0.898000	0.000000	3.954500
81	1.435400	0.752400	0.335800	0.892200	0.266900	2.642700	-0.022200	0.473600	0.764700	1.323700	0.211900	0.000000	0.597000	0.400900	1.385900	0.610900	0.308300	0.302500	0.060200	0.599500
82	1.678900	0.609100	-0.581100	0.118700	-0.424000	3.751200	-0.437500	0.981100	1.527200	0.877800	-0.878400	-0.361100	0.456400	0.000000	1.272500	0.547600	-0.200600	0.040000	0.057400	0.596000
83	5.242000	3.476400	1.748700	1.153600	0.000000	7.390900	6.796000	3.321200	5.124900	3.482100	0.361200	3.924900	5.113200	4.179000	6.154900	4.730700	21.134900	20.927600	16.815000	15.058000
84	1.150200	-0.257000	-0.652200	2.582400	1.201200	7.157500	-0.563100	1.059400	0.000000	0.363600	-0.837600	-0.428200	0.938000	-0.333400	1.758200	-0.083100	-0.416800	-1.036300	-0.326100	-0.148100
85	1.130600	-0.011800	-0.377000	1.304400	0.649000	3.696100	-0.195400	1.478500	0.716600	0.676100	-0.538500	-0.340000	0.377600	0.067400	1.071300	0.000000	-0.042200	0.012300	-0.051900	0.288900
86	2.778300	2.233200	0.000000	3.378000	1.713500	5.046600	2.428600	2.155400	2.340500	2.471400	-0.227700	2.355100	3.665100	2.730300	3.559200	2.608500	2.270200	0.912700	0.441800	2.531900
87	0.000000	3.398800	2.745200	4.364900	4.092900	9.015800	2.605800	4.654400	3.998100	3.526400	2.513000	2.598800	3.715900	3.612800	4.084000	3.712800	2.946500	3.078800	3.082700	3.286800
88	4.648900	3.808900	0.000000	4.798100	3.921800	5.501100	9.568100	5.717100	3.107400	3.219500	0.475300	4.332200	5.216000	3.158600	5.727800	3.393600	15.437100	9.302200	6.233400	6.759500
89	1.542700	1.560300	1.187000	0.870300	0.992000	3.546200	0.743700	2.403200	1.794300	0.226800	1.043300	1.082700	1.743100	1.258900	0.101100	0.000000	1.376600	1.210400	1.469400	1.281800
90	4.234100	3.784400	2.315800	2.962600	3.539700	11.193000	8.568000	4.173200	3.798700	3.147400	0.800800	4.141300	5.686100	4.567300	5.957700	3.560500	11.412600	5.623500	0.000000	3.410100
91	5.098100	2.979400	1.739700	0.000000	0.103500	8.097700	12.386800	2.734600	3.426800	2.346700	3.819600	7.111600	4.921100	4.610200	6.072200	4.518400	22.755500	19.072500	14.159000	19.299800
92	8.794700	7.419300	5.022000	7.809000	7.899600	12.036600	0.000000	7.754600	8.691500	7.241900	4.969200	3.449600	12.231200	6.404700	11.622800	6.726600	10.711300	11.226900	7.861300	6.431300
93	6.084900	4.730400	0.617600	1.071800	0.000000	7.383600	7.370700	3.661200	5.503800	3.498100	0.610800	4.683200	5.175000	3.544900	5.406700	3.513000	15.309800	17.666500	12.810100	10.852900
94	4.665100	3.113300	2.327600	4.679900	5.126200	0.000000	10.606900	6.486200	3.578800	3.700000	4.150700	6.203300	6.459100	5.819000	7.345900	5.045400	31.724300	21.849600	14.849100	7.387400
95	5.157900	3.879700	-0.070100	1.404300	0.000000	7.751200	6.872400	2.591800	3.612200	2.917600	0.247000	5.624500	4.315900	3.317900	4.354000	3.674700	16.462900	9.019800	6.180600	6.426100
96	0.000000	7.234800	13.239400	20.036900	15.867100	7.046100	18.021000	19.088800	12.042500	12.965400	14.515900	21.835100	18.126200	16.583300	13.833500	11.708400	30.040400	26.015100	20.556400	23.161400
97	5.628200	3.895900	3.894900	2.336700	1.637300	5.168700	3.473600	3.820900	4.264600	3.656700	0.745700	3.451600	6.560500	4.178500	6.718200	3.745300	3.926800	0.000000	1.285900	3.623700
98	4.241500	2.458400	2.668500	3.837600	4.274600	2.213400	1.564900	7.497800	3.444900	3.181400	1.102700	1.682000	3.589600	1.878400	5.383800	2.649300	0.000000	-0.279900	0.030300	2.415200
99	2.083600	0.000000	5.681800	1.570600	2.867800	1.530600	13.509800	0.298700	1.484100	1.589600	2.644000	8.270600	9.690200	6.395700	3.077600	1.505400	37.884600	18.702800	13.759900	11.089300
100	6.695800	6.031600	2.886400	3.717900	2.843400	6.098200	4.988400	4.473500	5.485400	5.441500	2.563400	4.603900	5.908200	4.362500	6.323600	4.676900	0.569100	0.811300	0.000000	3.575300
101	2.227300	1.377900	-0.051500	1.827400	0.508200	4.769500	-0.012900	1.017300	0.773700	0.870400	-0.815700	-0.071800	1.089900	0.000000	1.673300	0.899900	0.044300	0.181700	0.102700	0.850400
102	1.857800	1.550900	0.000000	0.981200	0.646600	1.291100	1.759900	1.030100	1.668600	1.598800	1.078500	1.060900	1.993900	1.486700	2.312300	1.443800	1.782300	1.561200	1.554500	2.180200
103	1.542900	1.369000	0.000000	1.256500	0.885100	3.432300	-0.334800	1.787200	1.639900	1.133200	-0.524500	0.064000	1.477300	0.585700	1.768800	2.366100	1.469100	0.986700	0.749900	1.336800
104	0.133900	-0.184900	-0.178900	-0.087600	-0.042900	-1.163300	-0.232000	-0.108900	-0.045300	-0.020200	-0.301900	-0.280300	-0.347200	0.009800	0.000000	0.026500	-0.541600	-0.479500	-0.519400	-0.002700
105	-1.986800	0.542000	0.173100	2.809800	2.647400	4.346900	0.041600	1.148900	0.506700	0.364700	0.367100	0.151400	0.565300	-0.096400	0.387800	0.000000	0.189300	0.196500	0.204800	0.130600
106	2.693800	1.575800	1.976500	2.679600	4.665200	5.290100	2.266600	1.526300	2.278000	1.571000	0.360000	3.560100	1.758000	2.856700	0.000000	1.601700	12.840500	7.138100	7.265500	34.584100
107	2.973800	2.077100	2.751700	3.119900	6.108700	0.000000	3.095400	6.393100	2.661300	2.830200	2.472500	3.095600	3.992600	3.323500	3.474600	2.704500	3.086400	2.918300	2.571300	4.120800
108	5.027200	3.640200	1.623500	4.452400	4.523700	4.454800	5.027700	5.033200	5.327300	3.704600	0.914400	2.810200	6.834700	4.153700	8.077000	4.928700	2.077500	0.000000	-0.718000	2.847700
109	3.190100	2.249900	1.082500	0.000000	4.859900	1.652500	2.925200	2.308700	3.346900	1.745200	1.818300	3.263300	4.688300	3.277600	4.302900	3.248900	16.456700	16.037800	13.096200	13.445900
110	0.821000	1.002800	0.481200	0.723000	0.973300	0.062200	0.396000	0.741600	0.561800	0.368000	-0.250400	0.142300	0.941600	0.000000	0.917900	0.926200	0.539900	0.445900	0.438400	1.077000
111	0.000000	3.560000	3.810300	6.922000	7.555100	9.081300	4.388400	7.744300	4.390500	3.957300	4.142000	4.104800	4.144000	3.904200	3.702600	4.397600	3.940200	3.305700	3.249000	4.675800
112	2.293000	1.100400	0.963000	1.199600	2.497300	-0.552200	-0.929700	2.670100	2.388700	1.879800	-0.734300	-0.086700	1.820000	0.000000	3.124000	2.176100	17.866900	5.199200	6.758600	5.022000
113	1.637900	0.745000	-0.443300	0.000000	-0.404600	-0.549600	0.214400	0.873500	1.251800	0.701700	-0.572500	0.306300	-0.143600	0.107900	-0.087200	0.949100	1.136700	0.025200	-0.089300	1.793600
114	1.088900	0.363200	-0.021900	0.703800	0.276300	-1.017000	0.638000	0.594500	0.649700	0.933800	-0.212300	0.318900	-0.520100	0.000000	0.074100	0.316000	0.428400	0.587200	0.488900	0.959500
115	3.347200	2.035700	0.034200	1.760600	1.530300	0.997800	1.829200	2.650000	3.234000	2.176400	0.393800	1.163900	2.821000	2.060900	3.277600	3.009800	1.354100	0.000000	0.183400	2.868700
116	5.822500	4.119600	0.000000	2.978100	3.934700	9.258900	4.817300	3.997900	5.771300	4.217500	0.278900	3.267800	4.280400	2.626400	5.505100	4.868900	4.898900	7.306800	1.790200	2.783800
117	3.316400	2.395500	1.336300	2.193800	1.595500	5.341000	1.856400	2.104000	2.696700	2.281400	1.228500	1.285500	0.000000	1.517800	-0.681200	1.323200	3.934600	2.759900	3.845100	2.787800
118	1.785600	0.640900	-0.515800	2.738400	1.683700	3.131900	0.442200	1.421800	1.451200	1.226900	-0.743400	0.000000	0.676700	0.638700	1.426300	1.354500	0.119800	0.146700	0.017900	1.166500
119	2.103600	0.000000	2.019100	2.261100	4.805400	5.683200	10.560000	3.681600	0.496900	1.639000	0.749100	3.393700	5.722900	4.620900	6.469300	5.508200	13.507200	8.853500	7.522400	23.414700
120	5.681500	4.137500	0.000000	2.963800	0.879000	5.567600	7.300200	2.977400	4.523600	3.554500	0.261500	6.285300	4.340500	2.849600	5.457500	3.434500	14.287400	8.329700	3.057400	3.143900
121	0.000000	-0.852500	-1.630000	-0.855800	-1.562400	2.077500	-1.736400	-0.868900	-0.826000	-0.279500	-1.849700	-1.201600	-1.245000	-1.455100	-0.515300	-0.685100	-1.801600	-1.308000	-1.322500	-0.665500
122	4.765000	3.274600	1.703900	3.511900	2.975600	5.393200	2.832400	3.033700	3.835100	3.808400	1.481800	2.579500	4.169100	2.970600	5.118300	4.073300	0.000000	0.576400	0.935600	3.664700
123	1.921500	0.000000	3.896900	5.023700	5.233700	7.333700	8.285000	4.777100	2.120200	3.556400	3.415400	7.850800	7.221800	7.108500	8.012300	7.262300	24.299700	19.400000	18.542800	45.552200
124	2.384500	1.337700	0.850100	2.000000	2.166900	6.644700	0.000000	2.623800	1.381600	2.008100	0.713100	1.010700	1.555200	0.861500	2.307200	1.768800	1.187900	1.227200	1.250100	1.477900
125	1.141700	0.210700	0.016200	0.847800	0.331300	3.139000	-0.380200	1.245600	0.843300	0.851400	-0.071200	0.000000	0.503600	0.282300	1.000200	0.131000	0.229300	0.020600	-0.072100	0.133600
126	1.709200	1.221200	-0.450900	2.822100	2.472300	4.519900	0.267400	2.012800	2.199200	1.629700	-0.807100	0.735300	2.417900	1.486300	2.729500	0.000000	1.943000	0.228800	-0.411500	0.064100
127	0.090600	1.160100	1.323400	2.214000	2.640500	3.934800	-0.643400	1.542500	1.203800	1.084800	1.425900	-0.804400	0.838200	0.607800	0.763300	0.000000	1.366700	1.256500	1.017400	0.861900
128	4.792800	3.410800	0.355000	0.996900	0.000000	9.218500	8.480000	3.304500	4.053900	2.933200	1.745200	5.396900	5.502600	2.284300	5.660900	3.568900	21.342200	20.269300	11.220200	6.998400
129	2.255200	1.346800	-1.147300	-0.020700	1.649800	2.394100	0.000000	1.367400	2.547400	1.331200	-0.477800	-0.122300	1.887000	0.296700	2.673300	0.643500	2.318900	-0.395600	-0.397700	0.182600
130	4.062500	2.581800	2.755900	0.000000	1.269600	7.940600	6.639600	2.459700	2.599000	1.337400	0.919300	7.261100	4.948600	4.304400	4.812000	4.121500	10.287100	18.000100	14.025100	24.116400
131	6.650500	5.055900	2.370600	3.104100	2.592200	11.290800	4.129500	4.853000	6.228500	4.501600	2.275100	3.896800	6.471400	4.778400	7.127700	5.501600	0.000000	6.067500	3.543300	4.391400
132	6.750700	4.888700	0.195700	1.531300	0.000000	4.076200	8.485500	3.963300	5.668400	3.869300	0.484000	5.072100	4.683200	3.060000	5.860400	4.644600	7.085000	7.429900	3.552600	3.631100
133	2.721300	0.578000	3.078800	-1.990400	-0.798700	4.120500	17.652200	0.351800	2.353600	0.063900	9.167000	12.542100	6.557900	4.123500	0.000000	-0.358500	38.517000	25.336700	22.523200	33.501300
134	4.747800	4.147600	0.000000	1.307300	1.136800	3.840200	4.043300	2.950700	4.694800	3.482300	0.507100	3.076600	5.450500	3.347700	5.397100	2.914700	11.628800	10.106300	5.155500	3.477400
135	4.825900	3.637100	0.868800	3.508900	2.843800	13.774200	2.220900	3.916200	2.620800	3.191500	1.502600	2.038300	7.824200	5.111800	7.282300	4.079500	9.349400	0.589400	4.036900	0.000000
136	0.000000	0.944900	12.773600	6.773400	9.443500	3.559900	15.335400	8.705600	3.048800	4.593200	8.954900	10.984700	14.589100	12.459200	11.398700	10.136000	37.440400	20.613700	19.555700	44.658400
137	1.604300	0.000000	4.772400	-0.219300	5.139500	3.331900	15.878700	1.906600	1.373700	1.571300	4.649700	5.145800	8.248200	6.013800	6.675300	4.391500	32.721000	12.234500	9.105100	24.099000
138	5.458600	3.351100	2.836900	2.854200	3.154200	0.000000	3.969000	2.969500	4.081900	3.153300	3.401300	4.515100	6.135900	6.234000	7.012500	5.798900	11.051500	10.331000	10.016600	32.076900
139	0.000000	7.024700	15.875000	20.631500	22.672600	14.917600	12.637300	18.992700	11.177400	10.201700	11.027800	13.241500	12.443000	11.444000	16.212400	15.635900	24.563200	21.821100	21.546400	22.834300
140	0.009100	2.091300	7.277600	7.782000	8.248800	7.852000	12.491400	6.273700	0.000000	3.242900	6.088300	9.357700	13.832700	9.876500	8.003400	7.149700	49.949100	44.646000	35.270200	57.846400
141	5.522200	4.070300	7.589000	4.651200	4.830500	1.570000	16.102400	6.098500	5.603100	3.763400	2.654600	10.660300	4.021000	0.000000	6.533800	4.155600	34.208900	22.971500	17.194300	7.243300
142	2.801700	2.382000	4.263000	7.215100	7.494200	6.368700	6.340300	8.050300	3.341700	2.678900	2.651400	6.282100	8.853500	6.501000	3.902900	0.000000	25.064200	19.616000	11.733200	7.078100
143	0.000000	5.674300	6.832900	9.662900	10.251800	9.789100	7.105800	9.064500	6.702700	6.441000	6.213400	7.225500	8.582800	8.050900	10.848300	10.253200	9.877800	9.615300	11.528200	33.287800
144	2.161000	1.928700	1.186500	2.790800	2.107200	4.505100	1.298000	2.588100	2.190500	2.129600	1.009400	1.074100	2.718900	1.674200	3.530000	2.666900	1.861400	0.711600	0.000000	2.022100
145	-0.535700	-1.714000	-2.343000	-1.265500	-0.608700	-3.063600	-1.182600	-1.791400	-1.527100	-1.772300	-2.813700	-2.083700	-1.398100	-1.594300	0.000000	-0.694000	-0.570900	-3.777900	-3.116700	-0.730500
146	0.711400	0.102600	-0.920800	-0.137500	-1.001600	-0.050900	-1.910200	1.298800	-0.339800	0.071100	-0.619800	-0.883000	1.829000	-0.867800	3.020600	0.000000	0.926600	-0.706400	-0.283000	-0.184700
147	1.991100	1.177400	10.642500	5.868600	9.359700	5.758400	15.342000	4.490700	0.000000	1.647500	5.975800	14.613300	13.977100	13.063900	8.269900	6.820100	44.583100	38.652900	32.862800	41.190300
148	0.000000	5.108800	12.282600	11.929200	15.161100	11.349200	35.274800	12.909900	8.376700	7.711500	11.723800	22.244400	20.919100	13.498200	13.260100	12.462400	25.364700	27.029700	21.954200	65.201990
149	2.509600	1.531400	0.000000	0.095400	-0.446700	2.590800	-0.348900	0.599000	0.927700	0.358400	-0.616800	0.011700	1.279600	0.954100	1.200200	0.651800	1.156500	-0.348600	-0.739800	0.437100
150	1.789600	0.954600	0.012700	1.683200	1.406600	5.244400	0.000000	2.533300	1.036300	1.310200	0.183300	1.175000	2.579200	1.361200	3.791300	1.233800	6.491000	4.627900	3.971200	2.275400
151	-0.402300	1.707800	0.880100	2.598300	2.797000	8.092100	1.412100	2.326600	0.853600	1.374200	0.819900	1.046600	0.523600	0.842900	0.000000	0.067800	1.663500	1.250800	1.236200	1.623300
152	1.312200	0.326600	-0.308900	-0.498100	0.353700	3.734500	-0.588200	-1.013200	0.000000	0.191700	-0.151100	-0.532800	0.598700	-0.205000	1.186800	0.317600	-0.051900	-0.199500	-0.275900	-0.554100
153	2.080500	1.608700	0.061900	1.046000	0.475900	2.388200	0.719600	1.739100	2.343500	1.412600	0.026100	0.805400	1.697000	1.688500	2.330500	1.930200	0.159000	0.000000	-0.077000	0.544700
154	0.793500	0.870400	0.345300	1.675900	0.925300	3.465000	-0.469700	1.685200	1.126000	0.835200	0.464700	0.649400	0.497700	0.407200	-0.386600	0.000000	0.623800	0.305700	0.075400	0.983600
155	5.600200	4.108100	2.251400	2.501000	2.310500	7.287400	4.472600	4.966900	5.151600	4.474700	0.722700	4.171400	4.889900	3.726900	6.250100	4.131200	0.567300	2.331600	0.000000	3.841300
156	1.855000	1.446800	-1.274800	0.676900	0.146800	1.585100	1.148100	1.517000	2.030800	1.050000	-1.695100	0.978800	0.543600	0.000000	2.049000	1.344700	1.869800	1.275500	-0.556700	0.801100
157	0.528300	0.242500	-0.026300	0.458400	0.283600	1.823900	-0.981300	0.632400	0.374000	0.280500	0.198500	-0.624300	0.122500	-0.336300	0.338900	0.000000	0.367400	0.127200	0.019200	0.185800
158	0.000000	3.435600	3.078200	4.082100	3.764200	4.996900	3.013400	3.494900	1.520400	3.134800	2.807100	1.415100	2.761000	2.896500	2.508900	1.612300	2.659200	2.809100	2.332400	3.277400
159	1.615200	2.356300	1.628900	2.021500	1.558400	2.162100	1.325400	1.627200	1.810700	1.944600	1.236200	1.368700	1.026300	1.352100	0.000000	0.898100	1.816300	1.362700	1.340500	2.130200
160	1.196800	-0.154800	-0.026400	2.345100	1.774900	2.109700	0.104400	2.134600	0.842700	0.369800	-1.434600	-0.363200	1.166100	0.633200	1.991400	0.000000	0.628300	0.223500	-0.026800	-0.634300
161	1.949700	0.537100	-1.385300	-0.247100	-0.508200	-0.400500	2.268600	0.000000	1.067800	0.561100	-1.110300	1.534200	0.526900	1.392300	0.598900	-0.533000	1.710900	0.852500	0.506400	2.742000
162	1.116300	0.348600	0.011900	0.563000	0.133400	-0.474500	0.344900	0.978400	0.637200	1.011700	-0.403200	-0.306000	0.025400	0.000000	0.851100	-0.163100	0.278000	-0.608300	-0.789400	0.005800
163	1.629400	0.402100	-1.009700	0.000000	-0.719300	3.028200	0.224900	0.820000	1.275200	0.770800	-1.237600	-0.106400	0.518500	-0.234300	1.290500	0.204600	0.079300	-0.564000	-1.015700	0.137600
164	2.316200	0.064100	-1.218700	0.506900	2.345300	4.304900	9.662900	0.000000	0.909400	0.653500	0.887500	4.777300	5.564800	1.986100	2.697000	1.657900	21.874400	10.788600	5.925500	25.319800
165	3.328200	2.208600	0.000000	1.063400	0.263000	6.120900	2.058000	2.458500	3.249400	2.231000	-0.140400	0.864700	2.787800	1.530000	3.635600	3.043200	2.135500	2.270400	1.839500	2.904900
166	1.228000	0.155000	-0.640300	0.016800	-0.709600	2.916900	-0.231300	0.754400	0.174600	0.686100	-1.258900	-0.313100	0.014300	-0.319000	0.622600	0.000000	-0.264700	-0.178900	-0.399500	0.392400
167	4.463100	2.512700	1.180600	0.000000	-0.674000	5.122900	7.018900	2.277100	3.106800	2.467700	2.716600	4.350000	4.870800	4.764600	5.041700	3.535400	15.889400	9.771200	7.877700	7.562400
168	5.829900	4.013900	0.000000	4.967100	4.280200	7.202100	7.162100	5.200200	5.462400	3.858000	-0.024600	2.375300	5.167700	3.448700	5.688300	3.739800	15.355500	17.123200	8.241200	7.592600
169	2.141400	1.047200	0.069800	2.189300	0.794200	4.409800	-0.096600	1.812300	1.172000	1.822900	0.343900	0.532200	1.086400	1.153700	1.107900	0.000000	-0.089000	0.791800	0.559800	1.559100
170	1.427800	0.074400	-1.454400	0.347500	-0.773500	0.982900	-0.321800	0.000000	0.316400	0.501000	-1.376700	-0.222500	-0.028800	-0.322900	0.788400	0.572200	-0.049300	-0.831200	-1.161100	0.511500
171	5.746000	4.008000	-0.081900	1.403700	0.000000	6.992500	3.939800	3.083100	4.520700	3.828800	-0.368800	3.809600	4.469800	3.739200	5.053200	3.394300	10.233800	9.778400	7.118100	7.067000
172	5.919800	4.425900	2.925400	2.750700	1.694900	5.490000	7.326200	5.011400	5.215700	4.307500	1.280000	4.167200	6.053100	5.034300	6.363500	5.235100	5.944400	1.762700	0.000000	3.998200
173	1.240400	0.533700	0.157000	0.815300	0.327300	4.375800	-0.691100	0.456700	0.505200	0.720900	0.039900	0.000000	0.628300	0.229600	1.271400	0.403100	0.359000	0.319400	0.228000	0.370000
174	1.939800	1.000200	-0.078900	0.908300	0.138600	3.912600	0.038800	0.702300	1.009100	1.213500	-0.796700	0.000000	1.325200	0.656800	1.840600	0.809600	-0.176200	0.249100	0.248800	0.549400
175	5.745300	4.992300	1.919600	4.333300	3.841800	6.737700	4.867800	4.189800	5.562900	4.304800	0.878000	3.213300	6.688500	4.480100	6.340300	4.658900	2.598300	0.000000	-0.324900	3.543100
176	0.000000	1.203300	5.602100	4.158200	6.389500	5.592100	11.313700	4.036500	1.435200	1.940200	8.557000	13.925500	10.958200	8.952100	4.928600	4.220600	41.507900	28.856400	23.946600	49.930000
177	0.000000	1.151100	0.039100	1.345000	1.036600	1.075700	-0.527100	1.640900	0.784600	0.563600	-0.060200	-1.189900	0.543600	0.350800	-0.877100	0.329900	0.466900	0.993000	0.100900	0.169600
178	0.236300	-0.233500	-0.222100	-0.017700	-0.013500	-1.567300	-0.958000	0.026200	0.041200	0.244000	-0.194900	-0.639400	-0.933400	-0.696300	-0.001700	0.000000	-0.045000	-0.105700	-0.128400	0.249500
179	1.201600	0.511800	0.198200	0.753300	0.448200	-0.230000	-0.938600	0.867300	0.999900	1.071300	0.189200	-1.036100	0.000000	0.194500	0.756400	0.912900	0.719600	0.605200	0.530800	0.623300
180	3.998100	2.616100	0.027200	1.357500	1.518300	3.417000	1.439900	1.744800	3.912900	2.255400	0.409000	1.156400	3.336900	2.562000	3.400100	2.602800	-0.548800	0.000000	-0.403400	1.852300
181	0.267700	-0.220200	-0.588300	0.589900	-0.087200	1.989000	-0.012500	0.850000	0.000000	0.328000	-1.004500	-0.103900	-0.114100	0.204400	0.419900	0.549200	-0.550300	0.105400	0.075900	0.911300
182	1.061600	1.113100	0.989900	1.462800	1.792300	1.563000	1.339900	1.800000	1.207600	0.959600	1.022000	1.067000	0.992400	0.947300	0.000000	1.145100	1.209300	1.333900	1.313600	1.533100
183	3.947700	3.163000	2.270100	0.000000	1.358300	6.154100	6.118200	2.016800	3.781400	2.943800	4.225800	5.823300	4.281900	5.395900	4.907700	3.839000	10.254500	22.143600	18.954300	7.958700
184	4.470500	3.142200	0.391300	0.000000	-0.649800	7.323000	10.972500	2.617000	4.379800	2.207800	0.459300	8.205200	4.493200	4.621300	3.438700	2.260100	21.747900	5.262800	4.297800	4.749900
185	4.768800	3.804300	3.632000	1.552300	0.000000	9.310500	5.734600	4.088500	4.938400	3.218400	3.432500	7.058700	4.761000	5.391100	4.294900	4.443300	22.084800	25.871700	21.864300	17.393900
186	0.000000	8.427900	22.144800	20.232300	23.331200	21.524600	39.561200	19.144900	15.330600	13.188400	22.130500	29.524300	27.179100	25.751300	21.470400	21.966600	53.901100	46.125800	41.973700	71.346240
187	6.101600	4.685800	0.142900	1.436800	0.000000	5.642400	16.232500	3.516700	5.288700	3.601500	0.297700	4.575500	5.435900	3.389800	5.544800	4.226700	12.809300	12.322300	4.727500	3.316300
188	-0.001000	-1.391600	-3.878400	-3.750100	-2.416100	-0.510400	9.460600	-1.186100	0.093800	-1.918200	-0.668400	0.311500	0.000000	-3.801300	0.005600	-1.848100	24.406900	13.671500	6.276300	-1.099100
189	5.299800	3.710500	0.000000	1.726700	1.944200	3.554500	6.948400	3.690400	5.204600	3.746200	0.016000	3.188700	4.631500	2.994400	5.409500	4.469200	11.261100	5.947300	1.728200	3.966400
190	5.065200	4.454100	0.000000	3.228600	2.217400	7.106700	9.214100	2.958700	3.685100	2.791100	0.534600	5.144700	4.736600	3.020300	6.212100	3.001300	24.865500	11.342600	4.997600	12.623600
191	2.617000	1.243300	3.510400	4.695400	7.406600	9.227500	6.552600	1.547300	1.652400	2.713000	4.466300	4.615200	7.380800	4.875300	5.675500	0.000000	17.833300	10.810200	11.089700	12.571700
192	0.432500	0.605600	2.288400	3.721200	4.223100	6.644600	0.741800	3.725800	1.897200	0.923400	-0.900700	0.670300	0.000000	-0.147700	1.872800	2.271000	13.893200	18.135900	13.689000	29.013100
193	4.848000	3.043800	3.637200	2.498200	2.782000	0.000000	12.903500	4.790800	4.876500	4.449300	6.217900	9.747100	6.829100	4.979600	8.052400	7.331000	32.645800	20.743200	18.747400	40.402400
194	3.872000	2.422800	0.000000	2.788400	1.966000	7.644700	1.744100	4.681000	4.232200	2.842700	0.321800	1.159800	2.919900	2.874000	2.919500	2.598900	2.321100	0.275500	-0.038800	2.245700
195	0.000000	0.973700	3.462000	3.525100	4.604500	4.671400	1.746000	3.366200	2.391900	2.776700	0.984900	3.159400	2.444600	2.282300	2.709900	4.995400	9.278300	5.909300	6.666700	35.044500
196	2.462600	1.952800	1.745500	2.419500	2.541300	0.000000	1.503300	2.629600	2.321200	2.420400	1.328900	1.588700	1.947700	2.003300	2.212700	2.246800	1.460500	1.866700	1.676200	2.677900
197	2.679600	1.836200	0.198500	0.000000	0.012400	3.522500	0.462900	1.434300	2.186500	1.211700	0.162100	0.529100	1.153100	0.643800	1.453300	1.563300	0.545900	0.526200	0.443500	1.351100
198	3.371300	2.551200	0.000000	1.180900	0.266000	6.320000	2.802500	2.405200	3.130800	2.318900	-0.153300	1.767600	3.823400	2.452100	3.954500	2.124000	2.524900	3.505400	0.898500	1.535700
199	1.153300	0.828300	1.567000	1.336500	1.047400	0.428500	0.185800	0.556900	-0.448900	1.487400	2.033300	1.600300	-0.097400	0.795500	-2.560500	0.000000	0.590600	1.469000	1.242600	1.060900
200	3.136100	2.528900	0.541200	2.393200	1.370900	0.954900	2.388700	2.667800	3.297000	2.686300	0.000000	2.023600	1.724400	2.445500	2.163700	3.077000	3.511900	3.230400	3.165800	3.694400
201	1.241500	0.591100	0.684900	0.949400	0.663500	-1.080900	1.064200	0.504200	0.426900	1.282800	0.394200	0.820800	-1.998000	0.372100	0.000000	0.858600	0.596100	0.850400	0.796900	1.109800
202	1.259800	0.362600	-0.728600	0.237600	-0.328200	-0.080200	0.366800	0.842700	1.123900	0.932600	-0.593000	0.000000	-0.017400	-0.121300	0.392200	0.860400	-1.178700	-0.119800	-0.413300	0.190000
203	5.170900	3.572200	0.000000	1.109900	0.694900	8.139100	8.219400	3.443100	4.288600	3.687000	0.005800	4.803400	3.208600	3.451800	3.311800	3.100300	21.166500	9.065600	7.275400	8.286200
204	2.087400	0.986500	-0.980400	0.909000	0.296000	4.792100	0.667200	0.564200	1.190700	1.108800	-0.868900	0.000000	0.781300	0.357000	2.421200	0.624100	2.251700	3.747100	3.799700	1.724000
205	0.909700	0.163100	-0.272100	0.523100	-0.076700	2.760500	-0.079800	0.802600	0.327600	0.825200	-0.688300	-0.110000	-0.038900	0.000000	0.486600	0.080100	-0.160600	-0.190900	-0.289200	0.382400
206	6.777900	4.932500	2.772200	3.430000	2.342200	8.573500	6.453000	5.169800	5.528500	5.008700	1.036300	4.177200	5.993200	5.066300	6.605600	5.661300	4.281100	1.061300	0.000000	4.081900
207	6.578500	4.705900	1.015100	3.203800	2.307800	8.000900	1.194900	5.490400	6.167700	4.601700	0.976900	2.982000	5.844600	4.586600	6.485500	5.135000	6.854900	0.341500	0.000000	3.806400
208	2.578700	1.298700	0.000000	1.159900	0.545100	7.892400	1.451600	1.285900	1.817200	1.780100	0.197500	0.959600	1.374600	1.291700	2.784500	2.313100	2.010600	0.686400	0.793900	2.335200
209	1.342600	0.145800	-0.738000	0.010500	-0.670200	4.492200	0.068800	0.308600	0.395300	0.650900	-1.047700	-0.208900	-0.122500	-0.447500	0.000000	0.577400	-0.570800	-0.292900	-0.392500	0.421100
210	0.000000	-0.800700	2.021900	2.482800	3.978200	3.122200	11.735900	0.363700	0.278800	-0.168400	2.368200	10.329200	5.162500	6.985600	3.724100	2.604600	42.680300	31.303400	14.529600	34.823300
211	5.496600	3.835200	1.885900	2.584200	4.390800	7.200900	5.175700	3.789500	5.360000	4.104300	0.413900	3.542900	4.104600	3.175700	5.021300	4.791800	0.980700	0.000000	0.181100	3.434600
212	1.002700	0.156900	-0.763500	0.340100	-0.521400	3.849700	0.235700	0.543100	0.369900	0.624300	-0.661200	-0.092400	0.067600	0.280500	0.069000	0.000000	-0.714200	-0.289300	-0.798400	0.004300
213	1.439600	0.308900	-0.040100	2.636300	2.144400	3.545800	0.264600	1.985000	0.000000	0.893000	-0.086800	0.043800	0.098000	0.301500	-0.072700	-0.289300	0.749400	-1.574600	-0.767500	-0.080700
214	4.886000	3.166900	0.000000	2.818200	1.678600	11.478100	5.051400	4.344400	3.861400	3.489300	-0.170100	3.386900	3.980600	2.648800	4.787000	4.001800	11.239800	5.538200	1.340700	6.110900
215	5.870000	4.818500	3.052000	4.355100	3.254000	7.091100	0.000000	3.889900	5.021000	4.211400	2.270000	3.092000	5.046800	4.285900	6.125700	4.862300	4.516600	5.085500	5.004400	5.626200
216	-0.180800	-0.336900	-0.214400	1.445500	0.908800	3.265400	-0.393300	0.891600	-0.517900	0.491300	-0.274200	-0.897100	0.122300	0.000000	0.777000	-0.312200	-0.190300	-0.384500	-0.188100	-0.521800
217	1.068700	0.554400	-0.442900	1.008200	0.215400	2.229700	0.551600	0.000000	0.314600	0.111400	0.093600	-0.858800	1.080000	0.432100	1.719500	0.301200	0.751600	0.215500	0.065500	1.080500
218	0.000000	3.482900	3.646000	4.447800	4.452100	8.040400	2.580800	4.438200	3.582300	3.223700	3.532300	2.770900	3.488700	3.584100	3.514700	3.247600	3.552400	3.552500	3.539800	3.641600
219	2.332900	1.020300	4.455100	4.035700	5.036300	4.177700	7.086300	4.677900	0.000000	2.155000	2.697600	4.039200	8.068500	5.933400	6.004300	4.362200	9.327200	14.901200	11.528900	13.583400
220	0.253200	0.145000	-0.920300	0.000000	-0.510700	0.318100	-1.226400	0.038700	0.144800	-0.007000	-0.427500	-1.395500	-0.703000	-0.639100	-0.598600	-0.582500	-0.555700	-0.583600	-0.599100	-0.408700
221	2.377200	0.629000	-0.547300	-1.184400	-1.621400	1.107700	0.669100	0.000000	1.176000	0.200300	-1.147400	0.048200	1.350500	0.779500	2.169900	0.556400	6.014200	6.482900	0.289500	1.355600
222	4.192800	2.333100	1.039000	1.968200	2.020200	0.000000	2.996600	3.310700	3.853200	2.535700	2.179400	3.200900	1.859400	2.159600	3.583000	3.472000	0.574800	1.200000	0.424000	2.482500
223	4.944200	3.135700	-1.400900	0.000000	-0.745800	4.738100	9.440400	2.422500	4.293200	2.101200	-0.005100	3.091600	3.237600	2.877600	2.890000	3.119800	12.287900	17.322900	10.383300	20.984800
224	6.019700	4.273700	5.516500	1.092200	0.000000	6.567500	19.750900	3.798100	5.701400	3.653200	4.516600	8.014200	8.292700	7.322600	6.610600	4.762300	32.419500	20.427300	16.877700	14.371400
225	6.368400	4.693300	0.571600	1.388800	0.000000	5.977500	4.924000	3.504600	4.973000	2.972500	0.324400	4.723400	5.458300	4.069000	6.432300	3.801500	11.410900	6.759900	4.286300	3.994100
226	1.276300	0.356000	0.679700	1.408700	3.087900	0.923700	6.156100	1.838300	1.294300	0.177500	0.137100	1.524100	3.951000	1.527200	3.381600	0.454000	19.477600	7.948800	3.808900	0.000000
227	1.877900	0.851600	2.566800	1.000900	1.445000	4.353000	0.826300	1.076200	1.539600	1.053900	0.478000	0.549100	2.024300	1.325300	0.000000	0.198800	4.717300	1.224100	0.701300	1.005300
228	-0.397700	0.000000	3.810800	1.437600	2.906800	9.439800	8.844400	2.963400	-0.124200	-0.738000	3.475600	9.471700	6.740300	3.613700	4.992400	3.599100	38.448500	23.195800	19.871300	25.396100
229	1.039200	3.176800	1.278600	3.924600	3.541800	7.524400	1.390600	4.317800	2.648000	2.689100	0.663200	1.121900	2.540900	1.869900	2.638800	1.966400	1.473700	0.570900	0.000000	2.235100
230	2.156400	0.700300	-1.353100	1.114200	2.693500	6.395800	-0.096300	1.665300	0.746800	-0.292500	-1.544700	-0.943800	-0.029800	0.000000	1.956800	1.410400	3.366200	7.339300	5.316300	8.975400
231	0.054100	-0.406000	-0.798500	0.000000	-0.266300	-1.908400	-1.252000	0.030200	-0.233200	-0.067900	-0.979500	-0.478300	-0.846300	-0.527400	-0.142800	-0.175100	-0.514300	-0.223000	-0.398200	-0.184400
232	3.276400	2.527000	1.375300	1.996700	1.445800	1.820700	2.219800	2.620000	3.127100	2.633700	0.746000	2.168200	3.321500	2.834400	4.249100	2.934400	2.133500	0.483000	0.000000	2.770800
233	0.000000	2.737100	2.088200	3.662200	3.087500	6.459200	0.833500	4.030800	3.500900	2.595300	2.119700	1.901300	3.353300	2.807100	3.808900	2.506800	4.275000	3.841700	3.953700	3.400700
234	2.760900	1.414200	0.449900	1.623200	2.039900	3.841300	0.889000	1.852800	2.173500	1.797000	-0.775800	0.401900	1.411900	0.739700	2.880900	2.289100	-0.477300	0.000000	-0.725500	1.677300
235	6.943700	6.104400	3.229600	4.588900	4.797600	4.995300	4.602400	6.556600	6.641400	5.870500	3.058900	4.400700	6.349700	5.313700	6.342800	5.865300	0.000000	2.843700	1.908900	4.108400
236	0.053200	-0.625600	-0.775100	-0.105600	-0.636700	1.611300	-0.951900	-0.695000	-0.647400	-0.351000	-0.940900	-0.789400	-0.223000	-0.787600	0.590000	0.000000	1.304400	1.100300	1.042200	0.631900
237	0.595400	0.825800	0.406900	0.673900	0.797500	0.672500	0.224100	1.265700	0.503900	0.677500	0.412400	0.324000	0.632100	0.345800	0.158500	0.000000	0.316900	0.332800	0.316900	0.492700
238	6.120400	5.062700	2.546900	3.505500	2.574100	7.213000	4.786700	4.611500	5.451300	4.365700	1.264800	4.478500	5.088200	4.341800	6.251800	4.865200	5.506000	1.346600	0.000000	3.856200
239	4.953700	3.799100	0.000000	3.737300	2.926900	11.415900	6.423000	5.165600	4.249300	3.119900	-0.378000	2.134500	4.150600	3.356100	4.619200	2.648700	12.947800	13.531000	4.872900	3.682700
240	-0.400700	-0.228500	-1.309800	-0.983800	-1.176500	-0.205700	-0.295000	0.000000	-0.532100	-0.874000	-0.861400	-0.670800	-0.287400	-0.603700	-0.400900	-0.504500	0.769900	-0.732800	-1.094500	-0.275600
241	-0.012500	-0.252500	-0.469900	0.000000	-0.176200	-1.656200	-0.798300	-0.019600	-0.040300	0.104000	-0.585800	-0.492300	-0.739800	-0.553500	-0.154800	-0.358600	-0.676100	-0.416100	-0.532000	-0.232300
242	0.481100	0.000000	-0.007300	0.514900	0.323300	-0.676000	0.077000	0.207200	0.199700	0.559300	-0.236100	0.004900	0.200300	0.165300	0.456200	0.477700	-0.100800	0.016800	-0.141400	0.588600
243	-0.212300	-0.440700	-0.985100	0.535200	-0.015000	1.123300	-0.242400	0.173100	-0.188300	0.235000	-0.226700	-0.958200	0.000000	0.003600	-0.789100	-0.289300	-0.817800	-0.962900	-0.978100	0.050000
244	0.000000	2.559400	2.408100	3.516500	4.740500	5.259800	1.890200	3.136200	2.224700	2.424900	2.527400	2.121900	2.214400	2.307700	2.052400	1.870800	2.516900	2.345500	2.343200	2.414800
245	1.223100	-0.140600	-0.565500	0.095700	-0.103800	3.335200	-1.245900	1.508400	1.183700	-0.217000	-1.565100	-1.078400	0.474800	0.000000	1.285800	0.600200	-0.569600	-1.525200	-1.858300	0.444900
246	1.311100	1.039500	1.030700	0.851100	0.828700	3.593300	0.832600	0.912500	0.772200	0.910800	0.358800	0.275000	0.371300	1.137200	0.280900	0.581900	0.000000	-0.072500	-0.353200	0.816600
247	1.065600	1.641900	0.705500	4.859500	6.190400	6.236600	0.818900	5.030800	2.440700	0.977600	0.519900	0.174100	0.666600	0.136200	1.149700	0.000000	2.309700	0.297900	0.077900	0.186400
248	3.942900	2.764100	-0.251500	0.000000	-0.187600	4.473900	7.891400	2.218700	4.053700	2.127500	-0.277400	3.837400	4.932500	2.893100	4.707100	2.884700	12.467400	6.521500	5.037000	4.158700
249	5.622800	3.749900	1.055200	0.000000	-0.012800	6.759600	10.652100	2.817100	5.073100	1.946800	4.924700	7.991100	5.710800	4.099000	5.338200	2.798200	27.311800	10.515100	6.307400	9.612700
250	4.514400	2.697800	-0.754100	0.000000	-0.884900	2.378300	2.613500	2.161400	3.753600	2.129600	-0.130800	1.559600	3.418000	2.111800	3.996200	2.879900	21.266600	11.050300	5.883800	5.128300
251	-0.738300	-2.083700	0.251900	-1.764600	0.567600	2.126800	11.143100	-0.109200	-0.492100	-2.003700	0.639100	3.758600	0.468000	1.263200	0.000000	0.299200	16.727700	19.160800	14.500100	21.740500
252	4.755100	4.049600	1.366200	2.248500	1.711100	5.323200	0.020800	3.467300	3.459500	3.538800	1.522800	2.253900	5.316900	3.386900	7.748800	2.950800	3.811200	0.447000	-0.033500	0.000000
253	2.848700	1.827200	2.539500	2.629500	2.252700	4.870800	1.875700	2.322200	2.485700	1.490200	1.796900	2.276600	4.427500	2.788700	3.970800	1.151700	7.398900	5.227600	2.312300	0.000000
254	3.092300	1.016100	-1.234000	-0.045300	2.314400	3.320700	-0.566900	0.910200	1.874900	0.350800	-1.667700	-0.157100	1.979400	0.969800	2.026400	1.112200	0.585800	0.577100	-1.620100	0.000000
255	3.580100	3.301800	1.745500	2.595100	2.664800	4.803700	2.369900	2.401400	3.154300	2.868600	1.326900	2.761700	4.373100	3.390300	2.977900	3.453300	2.697400	0.000000	0.959600	3.670300
256	2.507500	2.303000	0.113800	1.670600	1.408800	4.631700	0.876200	1.903300	2.757500	1.496900	0.401500	1.656700	1.159700	0.000000	2.745400	1.588000	4.410400	3.560200	2.248600	4.543600
257	3.640500	2.977900	1.295400	0.000000	1.210600	2.614100	14.603500	2.445400	3.852700	0.876900	1.484600	3.141700	4.262200	5.847900	4.312200	2.199900	11.790400	6.342900	5.350800	28.482100
258	3.074500	3.253500	1.771200	3.083100	2.760700	2.758700	0.773200	3.207100	3.304800	2.895000	0.851700	1.871700	2.708600	2.403800	2.918900	2.857200	0.531000	0.664700	0.000000	3.440500
259	0.268600	0.979900	2.415900	4.515500	3.733800	4.200200	1.315600	1.938000	0.000000	1.945600	2.457900	2.221300	-0.526400	2.931700	-2.015200	0.492100	3.400900	1.247900	1.070900	1.299300
260	0.000000	-0.811100	-0.881900	0.260200	-0.153600	-2.634900	-0.432700	0.478100	-0.022900	-0.137700	-1.329900	-0.539900	-0.964700	-0.628400	-1.891800	-0.773800	-0.384600	-1.247200	-1.376200	0.157400
261	0.000000	-0.467000	-0.378500	-0.059500	-0.297100	-0.942600	-0.359500	-0.232600	0.035200	0.357500	-0.394300	-0.066300	-1.710800	-0.605500	-0.752700	0.144300	-0.053200	-0.136900	-0.167000	-0.296600
262	0.860600	-0.123400	-0.371400	1.073700	2.741200	-1.772300	0.543500	-0.481500	-0.478900	0.738500	-0.214600	0.312300	0.000000	0.102400	-0.754700	0.555900	0.382600	-0.552700	-0.722700	1.161900
263	4.726800	3.447600	0.000000	3.226000	2.653100	5.927200	9.223200	3.650600	3.794500	3.539400	2.179100	3.704000	6.261900	2.650200	7.330800	2.622500	27.013400	18.077600	11.903600	12.724800
264	0.005700	0.173600	-1.252700	0.817700	0.299100	2.550900	-0.256800	0.325000	0.000000	-0.167100	-0.951500	-0.708400	-0.038800	-0.160100	0.643900	-0.634200	-0.041500	-0.087800	-0.229500	0.555600
265	2.451600	1.371600	-0.037500	1.795200	1.336400	6.738900	0.000000	2.544900	2.014900	1.609400	-0.132200	0.310500	2.890000	0.958700	3.961200	1.542200	-0.175600	-0.325000	-0.289700	0.675800
266	0.664000	1.277600	0.931900	1.659400	1.522900	-0.234300	1.419000	0.493800	0.153900	1.594000	1.178200	1.087900	-2.772400	1.378000	-3.862600	0.000000	1.838800	1.039400	0.857300	1.320800
267	2.761700	1.980900	0.390000	1.202700	0.000000	0.777600	2.341200	0.872700	1.695800	2.213600	-0.766900	2.143400	1.275300	1.524800	1.511800	1.456200	2.605100	2.128500	1.994000	2.837500
268	0.909700	0.252400	-0.049200	0.579900	0.077500	-1.396200	0.697000	0.032700	0.200500	0.857300	-0.202400	0.292300	-1.374100	-0.440800	-0.373700	0.000000	0.103700	0.237900	0.098300	0.486700
269	1.157900	-0.074800	-0.753700	-0.228300	-0.627800	-1.244900	0.112800	-0.275200	0.297400	0.494600	-0.871900	-0.226100	-0.956700	-0.483100	0.000000	-0.049800	-0.052300	-0.745600	-0.914200	0.278300
270	2.086400	0.284400	-2.338400	-0.553000	-1.154500	3.745000	-0.908400	1.023500	1.527000	0.787500	-2.352400	-2.612300	1.766000	0.650300	2.302600	0.557500	-1.838800	-0.021600	-1.504800	0.000000
271	3.653700	2.189200	0.436000	0.529800	0.000000	5.273600	2.515400	2.438000	2.659800	2.180500	0.890300	1.618000	3.212100	2.893300	3.355500	2.321600	8.158900	7.184000	4.978000	6.035900
272	0.226000	-0.642800	-0.895500	-0.469500	-1.099600	2.592400	-0.507400	-0.212800	0.000000	0.038800	-1.420200	-0.704400	-1.202200	-0.888400	-0.284000	-0.134100	-1.012200	-0.683500	-0.755200	-0.389300
273	1.778500	0.527800	-0.064800	0.000000	-0.366500	4.397300	0.745000	1.177200	1.859700	1.058100	-0.363000	0.583500	0.453100	0.059300	0.887400	0.718300	0.900600	-0.238900	-0.566800	0.725900
274	1.808700	0.000000	6.841900	3.664400	5.173100	6.284400	22.468800	2.423100	0.973500	2.225200	4.608600	12.701500	12.120300	11.607100	5.580600	5.857700	51.435200	36.322800	33.305200	39.029100
275	5.569600	4.398800	5.850500	6.006100	7.003400	8.726100	5.902600	5.565500	4.818300	0.000000	4.543600	5.470200	5.399600	6.304700	7.610600	7.656100	11.927500	12.605600	9.294400	12.276300
276	1.047900	0.049100	-0.528500	0.596500	-0.168700	3.333100	-0.387200	0.919500	0.038500	0.695900	-0.884800	-0.450900	0.253100	-0.312700	0.841900	0.000000	-0.071400	-0.055300	-0.136100	-0.055200
277	4.365200	3.104900	1.130900	2.921500	2.256200	4.997600	2.951400	2.482900	3.474100	3.358400	0.934500	2.080500	4.246100	2.644400	4.881400	4.023600	0.000000	1.505800	0.889600	3.415700
278	0.000000	3.529400	25.793600	10.176200	12.130700	12.377200	18.245800	8.737600	7.121600	7.526200	5.599600	9.896800	11.243200	26.593800	14.271000	11.408500	25.646100	16.500900	15.562700	62.481400
279	1.335900	0.491900	-0.456900	0.654700	0.017900	2.702500	-0.381700	1.184100	1.218100	1.035400	-0.386100	0.092700	0.594500	0.527100	1.332500	1.225400	0.000000	-0.009100	-0.702300	1.034100
280	0.295900	-0.959300	-1.986300	0.122800	-0.572400	1.645400	-1.731500	-0.628200	-0.123300	-0.441300	-2.314700	-1.902700	-1.143000	-1.219900	0.000000	-0.539300	-1.892500	-1.678300	-0.998400	-0.646300
281	1.287600	0.000000	-1.196500	2.022300	0.290700	2.114500	4.545700	0.913300	0.888100	1.613000	-1.989700	0.615000	-0.440600	-0.740700	4.741100	1.706400	9.703200	26.583800	17.190800	2.243700
282	1.987400	1.078300	0.310700	1.915600	1.451300	6.996400	-0.374400	2.957000	2.259700	1.812600	0.310700	0.000000	2.429900	0.052400	3.007200	1.072700	0.954400	0.801600	0.706300	0.939500
283	1.021900	0.622300	0.742400	1.569400	1.189900	1.181000	-0.666600	0.373200	0.151500	0.437500	0.371600	0.000000	1.186900	0.183000	1.548900	0.574400	0.546800	0.429300	0.266900	-0.223200
284	2.196800	1.486900	-0.094600	1.812000	1.557900	1.046000	5.135700	1.315900	1.480500	1.165300	-0.313400	2.737000	0.000000	0.260400	1.071200	2.940400	10.243600	9.167300	4.224600	1.573300
285	0.329900	0.140000	-0.204300	0.129400	-0.090300	0.174300	-0.463000	0.468700	0.000000	-0.646000	-0.929600	0.055300	0.241500	-0.141600	0.239900	0.099900	-0.035900	0.116900	0.057900	0.505200
286	2.418600	1.327300	-0.889500	0.451900	-0.337300	1.346000	0.999000	1.577600	1.314000	0.737200	-0.816700	0.163300	2.205600	0.677800	2.709100	1.192300	0.232900	7.916400	1.692100	0.000000
287	3.073100	1.752400	0.966400	1.138100	0.518800	0.069700	1.633300	1.681400	2.353700	2.319300	1.230200	1.218700	1.532800	1.573100	2.617100	1.658500	0.000000	0.856300	1.456700	1.339700
288	2.370200	0.871600	0.420900	0.438000	0.869500	1.555800	2.895200	1.194700	1.611800	0.714900	0.757800	9.119700	4.849600	1.630300	2.993600	0.000000	11.429000	8.113300	11.818000	8.352600
289	4.617200	3.002300	0.932400	0.000000	0.108800	6.250100	6.506900	1.833600	3.728000	2.589300	1.908400	5.805000	4.688100	2.982600	5.629400	3.855400	18.289600	12.091900	9.751000	9.462500
290	1.183200	0.000000	4.357100	1.366100	2.208200	0.920100	3.028400	1.213500	0.635800	0.749900	0.306300	2.690600	5.537500	4.268400	2.352800	4.256300	15.212100	13.259200	9.960500	11.772500
291	0.000000	3.168300	17.614800	15.851100	19.000100	12.591900	26.980100	11.636300	6.635800	7.717900	15.465100	23.423700	18.234200	17.046100	17.018000	15.285600	47.811500	41.147100	36.755200	61.776200
292	2.776500	1.595400	4.034500	1.659100	1.081100	6.336200	1.542900	3.734700	2.680200	1.419100	0.585000	3.818600	0.000000	0.635100	3.559900	4.747000	21.059600	30.714200	21.995700	21.890800
293	3.916500	3.396900	6.198600	3.695100	7.160100	5.306200	5.014400	3.473500	3.980700	3.131000	0.866000	5.512300	5.697600	5.404400	5.535300	3.554500	0.000000	1.321000	0.664100	2.791600
294	2.096300	1.912000	9.869500	4.301800	8.401100	3.551600	14.707800	5.063600	0.000000	1.910100	5.980300	9.847900	11.212700	9.210400	6.419200	7.413900	27.967500	18.102500	18.890500	9.385600
295	1.462100	0.000000	6.946000	3.824400	6.347800	5.541700	15.969400	2.401600	1.015200	2.810800	2.584500	11.212800	6.658200	8.314000	8.368400	7.239700	36.351500	23.649200	17.187400	27.091500
296	2.898900	0.000000	9.347500	5.948800	7.886800	5.192000	17.908400	5.042600	3.650800	2.423300	4.407100	10.637900	8.729600	12.865200	8.740100	6.543300	20.941200	24.393600	14.298300	42.232500
297	2.390100	2.154600	0.000000	1.996300	0.848300	2.801500	0.542600	1.292700	2.398000	1.384900	-0.621500	0.142100	3.786900	0.342400	3.601500	1.611100	-1.529000	-0.031100	-0.923000	1.546100
298	4.490100	3.279400	3.512200	2.241200	3.348400	4.551600	2.462300	0.000000	2.694400	3.284300	1.460400	3.993500	4.343600	4.639500	6.592300	2.914000	0.896100	6.807100	0.529700	3.431600
299	3.843400	3.108700	6.624700	4.482500	7.374000	2.707700	11.102800	4.216200	3.442100	2.625300	5.347100	7.663200	10.895300	9.171200	0.000000	3.133700	15.912000	12.370700	13.133700	30.834800
300	6.099600	4.818600	6.583300	5.319200	4.680700	12.380800	8.270200	5.129900	5.738300	0.000000	3.657100	5.350300	10.631300	8.501400	9.715900	7.169600	11.237100	7.929500	6.274600	37.510600
301	1.615900	0.000000	1.655100	0.379900	0.312400	-2.260800	3.925300	1.291500	1.224000	1.017600	-0.272200	2.939900	3.730600	0.946000	3.905100	1.799000	9.598300	12.049700	8.579900	18.239700
302	1.563000	0.918700	-0.190000	0.573700	0.119600	-0.615700	0.244500	0.864600	1.200200	0.861500	-0.306700	0.000000	1.170600	0.871100	1.282200	1.161900	0.664000	0.502100	0.421300	0.946600
303	3.386500	4.440100	2.361900	6.165700	6.310400	8.434800	3.898400	6.919700	4.522900	4.147700	1.621500	3.726100	5.486800	4.205800	5.377700	3.838100	0.000000	3.157100	2.394600	3.891800
304	5.402300	4.192800	0.000000	2.841100	1.808700	5.784200	3.842800	4.185700	5.024600	4.326200	1.533000	3.781700	5.116500	3.367100	6.090700	3.900400	3.260100	2.949500	4.651600	5.545400
305	4.585400	3.681000	1.770900	3.578000	3.193600	2.791400	5.290800	3.360800	3.438600	3.117400	2.339200	4.396600	3.294600	2.572900	4.450700	0.000000	18.317900	16.644600	13.516800	21.436900
306	0.000000	5.529800	8.219500	12.156100	9.558100	8.415200	8.897000	8.036300	6.156300	7.747300	8.265400	8.644300	10.277400	9.104500	11.100100	9.369100	14.620400	11.666100	13.323400	12.138900
307	3.617000	2.049300	2.756600	0.000000	0.810600	-0.666100	6.041500	2.472200	3.670300	1.913900	1.872000	4.357500	5.239000	3.742000	4.690200	2.416100	11.768900	13.022500	13.635100	19.015300
308	-1.124900	0.570100	-0.047600	2.308700	3.441200	7.557600	-0.074200	2.805000	0.491600	0.332100	0.194400	-0.176900	0.122000	0.586000	0.423500	0.000000	0.788200	0.287600	0.050200	1.173600
309	2.341600	1.339000	0.553500	1.264900	1.318100	6.253100	0.000000	1.793300	1.221900	1.325800	0.923800	0.789100	0.812700	0.134900	2.243600	1.458200	1.218800	-0.319900	-0.670400	1.709900
310	0.000000	3.579400	3.349100	5.733000	5.612900	2.154400	3.356500	6.061700	3.535200	3.683600	3.617800	2.979200	3.531600	3.617600	2.907200	2.257100	4.204300	3.714500	3.589800	3.513900
311	1.994200	0.000000	1.796900	3.654800	6.198300	0.223900	1.269000	3.796500	1.131400	1.024300	0.815500	2.469400	2.969100	1.790400	5.075300	1.270100	4.565000	1.149400	0.293400	1.614700
312	3.245700	1.759100	0.559500	2.287100	1.879300	4.250700	0.000000	4.090800	3.015300	2.682900	0.377600	0.322600	5.857600	2.958600	6.921800	3.489100	7.174000	7.377200	3.718900	4.371700
313	5.480500	3.820200	1.902000	4.552400	4.617200	11.944400	2.822000	2.792400	4.001100	4.474000	1.876400	1.645900	6.850300	4.939500	7.084400	4.204600	1.135700	0.000000	0.835300	3.185200
314	1.915200	1.518200	1.308800	1.503600	1.451000	2.119900	1.052900	1.933700	1.328100	1.531300	0.857400	0.907800	0.000000	1.070900	3.148900	1.870100	3.461100	5.075400	3.043300	4.828700
315	0.000000	3.419500	5.219500	7.591300	7.992800	12.318700	4.556300	6.699000	3.766900	3.858300	5.034800	4.423700	4.470900	4.507400	5.944500	4.036200	6.979800	6.046100	6.247800	4.771700
316	0.507400	0.000000	0.072300	0.976700	0.541400	7.621300	-0.684300	0.649400	0.413900	0.196400	0.161800	-0.394100	0.578100	-0.543300	0.204700	-0.322300	0.354700	0.376800	0.311300	-0.235500
317	3.321500	1.860600	1.576500	2.276300	3.563800	10.388300	2.338800	3.066500	2.405000	1.731600	1.425500	1.873700	1.399000	1.515200	1.994100	1.978300	1.104200	0.000000	-0.238000	2.277700
318	-0.046300	1.008200	0.846000	2.085900	4.225200	10.731700	1.407900	2.351600	1.472000	0.947900	1.133500	1.022100	0.263900	0.403500	0.000000	0.448500	1.511000	1.519400	1.305500	0.338800
319	-0.219700	0.569200	0.411000	3.149300	3.130800	4.137400	0.259200	1.339300	0.386500	0.422000	0.482000	0.124600	0.273500	0.121100	0.130900	0.000000	0.283400	0.197200	0.214300	0.315100
320	1.877700	0.000000	3.442300	1.400700	1.517900	5.614100	2.507600	2.951300	1.738600	1.642800	0.907500	2.197900	2.845800	2.988500	5.049200	4.916400	11.529100	9.578100	3.609600	13.930300
321	0.943100	0.768500	0.475900	0.870100	0.487000	0.000000	0.157900	0.731300	0.840700	0.878600	0.311700	0.578100	0.412900	0.649800	0.649700	0.948600	0.554800	0.797200	-0.432100	0.867500
322	1.486100	1.062900	0.693300	1.113300	1.086600	-0.197600	-0.001800	1.127000	1.361300	1.224400	0.707400	0.402400	1.072700	0.726800	1.201600	1.385900	1.321800	0.000000	0.359400	0.996600
323	2.349500	1.848300	-0.327200	0.752200	0.000000	3.441700	0.868400	1.647500	1.927800	1.981600	-0.271600	0.445000	1.451900	1.060800	2.143400	1.591400	1.754200	0.665800	-0.794200	1.415600
324	0.000000	-0.259000	-0.293200	2.287500	2.501800	4.669600	-1.406500	0.479400	-1.018300	-0.591800	-0.697800	-0.671200	-0.640800	-0.578100	-0.673100	-0.840600	-0.610000	-1.148100	-1.335100	-0.157500
325	0.926900	0.237900	-0.452600	0.292600	-0.259000	-1.212900	-0.317400	-0.068200	0.000000	0.454300	-0.392900	-0.389800	-0.051000	-0.199000	-0.411100	-0.084500	0.003300	-0.142900	-0.267300	0.166000
326	5.403300	4.746300	4.991900	4.631500	4.339100	4.096700	3.512700	3.747600	4.596100	0.000000	4.033300	3.954500	6.872900	5.014300	7.224400	5.246300	5.870500	5.651800	6.390100	5.358300
327	0.791700	0.492500	0.288100	0.681600	0.441300	-0.225000	0.136300	0.715600	0.830000	0.847400	0.196700	0.108100	0.389000	0.000000	0.769700	0.722200	0.248800	0.297800	0.275800	0.728000
328	2.118900	1.703100	1.329600	1.974000	1.752600	0.000000	1.411300	2.252700	2.094800	1.982800	1.040800	1.601100	1.870200	1.410400	2.117600	1.734100	2.086900	1.924100	1.851500	2.355500
329	2.763600	2.030000	0.000000	1.701100	1.043700	1.590500	1.851000	1.548200	1.986300	2.123800	0.295600	1.371100	2.563500	2.115700	3.214400	1.947500	0.771200	-0.400200	0.026400	1.565000
330	2.274400	2.004600	0.000000	2.223500	1.938800	7.321400	0.158800	2.167600	1.723800	1.798500	1.243900	1.592600	2.625300	1.940700	3.069200	2.022200	1.078600	2.492800	2.212100	1.481000
331	1.306900	0.963400	0.300500	0.721200	0.184200	2.145100	0.178000	0.814600	1.087500	0.848700	0.119500	0.028500	0.549000	0.509700	0.000000	0.565500	0.266200	0.021800	-0.286000	0.945700
332	3.705600	2.263200	-0.906100	1.728400	0.000000	0.442700	2.812700	3.730900	3.468200	2.097700	0.210000	2.542800	3.148200	2.786000	3.966500	3.024500	2.136700	0.980600	0.750900	2.829900
333	1.013600	0.534500	0.803500	1.502800	1.129200	0.296800	0.159200	0.150200	0.000000	1.029900	0.801300	-0.113800	0.827500	0.598300	1.004300	0.676100	0.636300	0.833800	0.807700	0.972400
334	0.447700	0.203100	0.021500	1.131500	0.830200	3.262400	-0.333500	1.169300	0.420800	0.599500	-0.236000	-0.197300	0.334200	0.000000	0.261700	-0.204000	0.319000	0.060000	-0.051900	0.017200
335	5.939500	4.879500	3.120200	4.816500	4.313700	8.346500	3.414500	5.119700	5.062400	5.278300	2.676200	4.007800	6.927500	5.113200	5.926700	6.047500	0.000000	3.117600	3.583900	3.933600
336	0.184500	0.310700	1.482600	2.060600	2.417700	-1.258300	1.725300	1.189300	0.000000	1.504500	0.839700	1.107500	0.920500	1.530300	-1.280000	-0.302800	0.409500	0.435500	0.220400	0.901000
337	0.929900	0.485000	0.481100	0.848800	0.504400	-0.620800	0.542100	0.838600	0.835600	1.100400	0.180300	0.254000	-0.474000	0.171700	0.000000	0.896400	0.303800	0.623200	0.547000	1.051100
338	0.998800	0.480600	0.501700	0.736300	0.304200	1.895400	0.218400	0.636500	0.886600	0.889200	0.462700	0.135500	0.000000	0.014100	0.132200	0.592600	0.497300	-0.034300	0.272100	0.660900
339	1.228800	-0.002500	-1.418400	-0.340500	-0.669000	0.700700	-0.918800	0.485700	0.952600	0.248400	-2.360000	-0.761000	1.483600	-0.328600	0.631400	0.690500	-3.472200	-2.339800	-3.289500	0.000000
340	1.915900	0.700400	-0.852000	0.862700	0.538900	2.750100	-0.142400	0.527400	1.212400	1.161700	-1.196900	0.000000	0.634300	0.782100	2.119400	1.171100	0.558400	1.052400	0.624800	0.772100
341	0.616600	-0.405500	-1.141300	-0.488000	-1.109300	3.152300	-0.368300	0.000000	0.082100	0.331300	-1.026400	-0.667200	-0.899400	-0.614100	-0.062500	-0.327000	-0.503700	-1.237300	-0.835400	-0.281300
342	0.846800	-0.921000	-2.360400	0.333000	0.263400	2.496700	-1.093600	0.379000	-0.108000	-0.328600	-2.651900	-1.463100	-0.984200	-0.975900	0.000000	-0.013700	-1.976500	-2.185600	-2.432600	-0.738300
343	2.894700	1.008400	-2.093100	-0.412900	-1.120200	4.442600	0.908200	0.000000	1.562700	0.876600	-1.566800	0.609300	2.950500	0.777200	3.377300	0.808400	0.145800	-0.760000	-1.346000	-0.123900
344	3.162400	1.727300	0.710700	1.091200	0.474100	5.650800	0.000000	1.814500	2.461200	2.321400	0.232700	1.035900	2.845200	1.727800	5.298800	2.967900	1.510300	1.229500	0.556500	1.420400
345	3.547200	1.913600	-0.303200	2.319700	0.659900	5.996300	0.000000	1.239700	2.360500	1.142200	-0.262800	0.922500	2.366800	1.381800	2.906000	1.686900	3.360100	6.062700	5.780300	7.349100
346	4.532700	2.996900	0.669000	2.446500	1.679300	7.892800	2.946600	2.851200	3.523600	3.517300	0.499900	2.433200	4.378800	2.886300	4.211300	4.426800	5.365700	0.000000	-0.836200	3.718300
347	4.908800	3.044500	0.176000	1.015300	0.000000	7.870800	13.932800	2.262800	3.926100	3.289500	0.482300	6.621800	4.767700	2.690500	5.073900	3.055000	20.521400	14.772900	9.229000	10.506500
348	3.096600	1.556600	0.622800	1.186100	2.331000	4.543900	1.635200	2.039300	3.004500	2.052800	0.168400	2.699000	0.000000	3.257700	2.233200	3.054000	7.935200	4.136100	3.300500	4.435400
349	2.002500	0.000000	3.555900	0.666200	2.844600	5.963100	12.039600	2.472800	0.829600	1.824800	4.060000	11.360300	10.357900	9.738900	7.571500	5.796200	27.985600	28.745300	24.990300	22.504400
350	2.739400	0.730000	1.403400	1.829800	3.509600	3.328600	3.560000	1.006800	1.720300	1.124400	-0.856600	1.432300	2.691800	0.000000	4.487100	1.479200	15.037800	16.251400	10.987800	35.296100
351	4.460300	3.052100	0.000000	2.393000	1.601100	6.989500	5.269600	3.279000	4.128200	3.236300	0.386300	3.045900	4.383800	2.706900	5.006200	3.364500	14.454400	17.503800	12.026800	5.859900
352	1.563100	0.452400	-0.264100	0.773600	-0.042800	4.282700	0.561100	0.660600	0.811500	0.992000	-0.657800	0.307300	0.344700	-0.501200	0.000000	-1.324700	1.105500	-0.155500	-0.445500	1.631800
353	1.769600	0.000000	8.175000	4.465400	7.196600	4.137600	14.808600	3.346200	0.506300	3.142300	7.207500	16.053700	13.820700	12.035500	10.890700	7.434000	53.909200	31.399900	29.584000	46.118100
354	4.534400	3.215000	3.404800	5.310000	6.320500	6.469100	3.253000	3.766000	3.866900	3.628300	1.074800	5.177400	5.451700	4.282500	6.003400	4.398400	10.790600	2.359700	0.000000	3.506100
355	3.256100	2.257700	1.743200	2.673500	2.281400	6.216700	2.183900	2.208500	2.461800	2.202000	1.705600	2.034400	0.000000	1.801800	2.723700	2.495600	3.137800	3.205200	3.101900	3.524100
356	2.913900	2.134500	0.655300	2.640400	2.820100	4.740500	2.655900	2.426700	2.605600	3.016300	1.454200	2.799200	4.374600	2.303600	4.832400	2.355100	4.376000	0.000000	0.482800	2.483800
357	0.437100	0.973700	0.097400	0.407300	1.049700	1.935300	2.924000	0.000000	0.902200	1.406700	1.605900	0.666200	4.009300	3.109900	3.632000	2.120800	9.608600	4.268100	1.183500	2.900800
358	0.000000	0.526200	-0.419400	3.750000	5.027000	7.225600	1.688600	4.858600	1.530600	0.251100	1.306400	2.777700	2.493000	0.295200	2.100600	1.444100	11.670400	16.185000	8.806000	24.636100
359	0.000000	10.696200	34.251900	30.696200	36.893200	16.093900	41.375000	28.781800	18.407100	19.317000	28.290600	36.949300	38.180300	34.939400	30.286200	29.825800	55.141100	47.842200	45.752400	84.567500
360	7.240600	5.896900	3.173800	8.213800	7.736400	7.803800	6.201400	9.340800	6.991100	5.716100	2.974900	7.171000	6.319900	5.477400	7.250200	6.936000	0.000000	1.626800	1.371400	4.272900
361	4.025900	2.272000	6.726500	0.000000	0.531300	5.305100	21.965800	2.455500	3.121900	1.474600	8.491500	11.005900	6.067700	5.672900	5.438800	5.614500	27.334100	17.183900	13.140300	15.242800
362	4.224200	2.674000	1.795600	1.514900	2.428200	4.807200	7.876500	3.561000	4.313400	3.077800	0.553600	1.873300	4.575400	3.868600	5.083300	4.381300	8.526300	0.660100	0.000000	2.989800
363	3.164900	2.459100	0.521900	3.120400	2.236600	10.679500	0.860800	2.180500	3.524100	2.168000	1.067200	0.940200	5.833200	3.266200	4.175800	1.811700	0.000000	-1.639100	-0.535100	0.736000
364	-2.394000	-0.023500	4.873400	2.965800	7.821200	2.391000	21.039400	2.487600	0.000000	0.966200	5.349000	19.537700	6.537300	7.132500	6.103400	7.137600	51.799800	27.322400	25.711800	49.589100
365	7.400200	5.572200	1.867300	3.846600	2.786800	8.691400	6.297900	5.850000	7.143000	5.703100	2.508300	4.201400	6.918000	4.728700	7.743000	6.434200	0.000000	1.185000	1.899000	4.298300
366	2.859900	2.212900	0.714400	1.587500	1.407800	6.786300	0.950100	2.019100	1.633600	2.056200	0.944700	0.000000	3.173900	2.393000	3.080900	3.024200	1.672400	1.892600	1.631700	2.691800
367	3.108700	2.293700	1.210900	1.138400	2.215600	4.799800	9.429700	0.000000	1.607900	1.660200	0.867200	5.458200	5.162000	3.343300	6.414900	2.486800	17.301000	15.185500	11.256200	27.113700
368	0.486100	0.041700	-1.088500	-0.399800	-0.696100	4.768800	-0.882400	0.177200	0.057500	-0.451900	-1.151100	-1.094300	0.000000	-0.597400	0.563300	0.054200	-0.581900	-0.769500	-0.856700	0.275500
369	-0.024900	0.407000	1.178300	2.407700	2.197500	1.945700	1.244100	2.324600	-0.032500	1.565400	0.805300	-0.351800	0.210300	1.399500	0.801100	0.000000	0.941800	-0.451500	0.036800	0.155800
370	0.845000	0.000000	0.271900	-0.026400	0.361500	1.694100	0.874900	2.382100	0.611900	-0.151400	-1.556400	-0.982800	2.275500	0.810800	3.558300	1.131100	5.187300	4.755100	4.838600	3.708500
371	2.343900	1.745100	3.055100	1.200500	1.855300	0.000000	3.738100	3.289500	3.207100	2.068400	2.515400	1.501700	4.337200	3.606500	4.199100	3.638500	6.077400	1.503200	2.542700	4.629500
372	4.187300	2.818000	1.340700	2.764700	2.199300	0.667900	2.478500	3.999000	4.182700	3.516300	1.553000	0.573200	0.000000	2.131600	4.879300	4.037800	-0.304400	1.330100	0.389600	2.318100
373	5.920600	5.344900	2.996100	4.537400	3.466300	7.420600	3.579900	5.384000	4.626700	4.650000	2.063300	4.284100	4.205800	4.650200	5.035700	4.125500	0.000000	1.760800	1.508200	3.198400
374	1.493200	0.759400	6.930900	2.753500	2.483900	9.330300	4.166200	2.711500	0.000000	0.378100	2.243800	3.875800	2.991900	3.162600	0.919200	3.511000	15.291600	21.507200	17.270100	58.065000
375	5.276300	3.823700	1.016500	4.049900	3.224800	11.178700	1.497800	4.457400	5.446400	3.947200	0.428200	2.534100	4.322400	2.373700	4.826100	3.639400	1.291100	0.753200	0.000000	2.285200
376	1.195300	0.107000	-1.450400	0.230200	-0.043100	3.516800	-0.034600	0.372600	1.430800	0.770900	-1.054500	-0.487500	-0.680800	0.000000	0.711800	1.043000	-0.800200	-0.251100	-0.313800	0.155400
377	1.499000	0.420100	-0.798600	-0.125000	-0.740800	2.581200	-0.268400	0.000000	0.940100	0.403400	-1.064500	-0.816900	-0.325500	-0.292700	-0.304700	0.395100	0.279800	-0.515900	-0.522400	0.728800
378	4.639400	3.214500	0.000000	2.646800	1.945100	5.211400	6.459900	3.483700	4.430800	3.138200	-0.323800	2.900700	4.847100	2.615200	5.100400	3.719500	17.932300	4.564400	3.013200	4.452100
379	2.028400	0.139900	0.020300	-0.199800	-0.578300	4.803100	0.649500	0.000000	0.638400	0.627500	-0.828900	0.810800	1.911700	1.364600	2.424100	1.126100	8.967300	3.989200	3.486200	2.594400
380	1.515100	0.709200	0.388400	1.235300	1.202400	3.880400	0.395500	0.908600	0.917000	1.053100	-0.077900	0.090000	0.809500	0.560300	1.356000	0.609600	-0.170700	0.000000	0.172800	0.820600
381	1.381900	1.154100	-0.069200	-0.305500	2.158300	2.998200	0.181900	1.781100	1.050300	1.286200	0.029400	0.041400	1.619100	1.048300	1.920900	0.000000	0.141600	0.239900	-0.312500	0.353000
382	0.000000	3.513700	3.249600	5.249800	5.618400	6.896800	2.259300	5.150400	3.202400	3.387400	3.166000	1.579300	3.210000	3.306000	3.284900	2.719200	3.604500	3.394100	3.383700	2.956600
383	4.705700	3.087100	0.000000	2.044600	1.669500	6.152500	6.802200	4.039400	4.250500	2.663300	1.877100	6.675400	4.406800	3.984400	4.362000	4.247200	3.942500	4.232000	3.591400	2.980000
384	6.824800	5.044800	1.264300	2.890700	2.008100	11.582900	9.600900	5.107800	6.355700	4.398900	0.942600	4.147400	5.613300	3.881500	5.898900	4.200100	6.138200	1.930500	0.000000	3.309800
385	4.151100	2.723600	4.305500	3.349700	5.711200	0.000000	5.395900	3.929800	3.251800	3.140300	3.775100	5.433700	7.602700	4.995300	6.857900	2.796600	11.394900	26.802600	12.672400	10.920700
386	2.950500	1.196500	-1.282100	0.473200	-0.390600	2.939400	-0.528200	0.468900	0.902000	0.500600	-1.686400	-0.266100	0.687400	0.000000	1.344800	-0.020500	-0.034600	-1.345800	-0.923000	0.356800
387	1.748700	2.748900	2.691100	3.905200	3.321200	0.000000	1.769500	3.702800	2.746500	3.203200	2.785300	2.565300	2.742300	2.806600	2.309000	3.200400	2.985100	2.537700	2.343200	2.931200
388	2.124600	0.628600	-1.069600	0.000000	-0.718700	-1.891000	1.522900	1.562300	2.206900	1.289700	0.482500	0.715900	0.877800	1.865600	1.234100	1.348300	5.259800	3.599500	3.631200	1.582800
389	-0.321100	-0.466000	-0.664700	-0.274900	-0.517600	-0.526300	-0.752800	0.000000	-0.300200	-0.664900	-1.076500	-0.815900	-0.793100	-0.876400	-0.509300	-0.608800	-0.970700	-1.181700	-1.175600	-0.478500
390	0.238700	-0.585700	-0.688300	-0.335200	-0.404700	3.246100	-1.552300	-0.295300	-0.383700	-0.320400	-0.836600	-0.941600	-0.451000	-0.487500	0.000000	0.035700	-1.218500	-0.733700	-1.162800	-0.012100
391	5.505400	3.627100	2.363500	2.965100	3.224000	4.992900	0.000000	2.879100	3.082600	3.467600	2.522300	2.449800	4.681400	4.066900	4.581500	2.657400	3.091100	1.164500	1.274000	1.461000
392	1.228000	0.586400	-0.109900	0.923000	0.411100	0.478200	0.166200	1.377900	0.621800	0.366500	-0.216300	0.148900	0.416700	0.000000	0.786300	0.162100	0.345600	0.391900	-0.059800	0.379700
393	4.587000	2.994500	2.039600	2.554900	1.795200	7.625000	2.484700	3.641800	3.790500	3.111200	1.405400	2.506800	3.068300	2.851400	3.854400	2.848200	0.491000	0.962500	0.000000	2.684600
394	1.885600	1.336100	1.131800	1.640800	1.447900	0.000000	1.434000	1.761800	1.734000	1.538400	1.196800	1.269900	1.300300	1.594200	1.413100	1.518600	1.723200	1.523100	0.944100	1.665600
395	0.015100	0.722300	0.393300	1.592700	2.777100	3.413400	0.139000	0.945900	0.668700	0.397200	0.370800	0.014800	0.297200	0.179800	0.267500	0.000000	1.947500	0.133800	0.112400	0.085000
396	3.160600	2.465300	0.274300	1.588800	1.000900	1.130300	1.482100	2.630100	2.359600	1.837000	0.064500	2.253000	1.458900	0.000000	3.033400	1.673400	3.006200	0.350200	1.110400	1.279100
397	6.123000	5.416700	6.384900	8.081400	8.778500	4.669800	12.319100	7.757500	6.633400	0.000000	6.598400	10.245700	9.615800	8.352900	8.706600	7.675400	28.263800	20.991900	16.280300	18.912300
398	0.000000	2.584200	2.927500	5.205700	5.054500	6.341600	1.937700	4.559400	2.481700	2.519900	2.853800	2.105600	2.867900	2.425000	2.384300	2.252600	4.168000	2.678300	2.665500	2.571700
399	5.384500	4.411100	1.313800	3.284600	2.939400	4.010900	3.060400	4.084200	4.344200	4.169500	0.949400	2.647800	5.076100	4.106600	5.253200	4.002300	4.665900	1.211100	0.000000	2.853400
400	-0.375900	-0.224600	-0.120400	0.017500	-0.072700	0.578400	-0.504700	-0.034600	-0.072500	-0.133300	-0.416200	-0.573300	-0.168200	-0.499000	0.096700	-0.004300	-0.389600	-0.426500	-0.384000	0.000000