SITE	GLY	ALA	LEU	VAL	ILE	PRO	ARG	THR	SER	CYS	MET	LYS	GLU	GLN	ASP	ASN	TRP	TYR	PHE	HIS
1	0.734600	-0.451500	0.499800	-0.831800	1.516800	2.991500	11.151800	0.000000	1.088300	0.486100	1.618200	7.384500	6.144900	5.540100	3.760100	-0.441700	22.940650	17.936330	14.455420	23.466435
2	1.484900	1.051000	0.097100	0.335900	-0.190800	4.288600	0.107500	1.041800	1.700800	0.884300	0.156600	0.225500	0.000000	0.273500	1.080300	0.905200	0.686800	-0.104600	-0.047800	0.996700
3	3.362000	1.964800	-0.571500	0.000000	0.545200	5.372400	2.372300	2.146400	3.084800	1.696500	-0.821600	1.698000	3.193700	2.227000	4.431600	3.132200	4.571700	2.930100	3.146500	5.088700
4	0.364100	-0.234400	0.024800	-0.157200	-0.333700	3.643700	-1.089200	0.000000	-0.479400	-0.537600	-0.383400	-0.761100	0.592900	-0.831700	0.570600	-0.983000	0.227100	-0.163900	0.153900	0.110300
5	1.072600	1.414600	0.951200	3.636800	4.334200	8.347900	1.246100	2.522100	0.546000	0.760800	2.547000	0.904900	0.643400	1.120600	0.000000	-0.311000	2.599300	1.093300	0.920900	-0.410200
6	5.995000	5.925900	5.577300	6.871300	7.492000	6.762800	6.652600	8.206200	6.839200	0.000000	5.230400	6.001700	7.055800	6.422200	8.501000	7.043400	6.630200	4.727500	4.395200	6.600800
7	0.528900	0.483900	0.594500	0.611400	0.686300	2.953800	-0.175500	0.215700	0.011200	0.399500	0.465000	0.000000	-0.036500	0.074500	0.216100	0.458700	0.627700	0.306700	0.158300	0.638700
8	0.000000	2.639900	3.864800	4.904500	4.601600	6.404000	2.317600	4.834500	4.052300	3.901400	3.635400	2.389700	3.586800	3.813700	3.085600	2.542000	3.672200	3.540200	3.442900	3.891200
9	0.653200	0.395000	0.405900	0.735400	0.615100	-0.433600	0.666800	0.732700	0.546900	0.717500	0.409200	0.487100	-0.051100	0.593800	0.000000	0.624200	-0.123100	0.334500	0.305600	0.696500
10	0.452800	0.000000	-0.384800	0.650200	1.668400	-0.714100	0.664000	0.580400	-0.587800	0.675600	0.034000	0.308000	-0.462000	0.394700	-0.104000	-0.741800	-0.706600	-0.332100	-0.576500	0.893500
11	1.382100	0.508600	-0.459600	1.120000	0.962700	3.041300	0.635400	1.162200	0.570600	1.109300	-0.701600	0.246700	0.000000	0.476500	1.142100	1.374200	0.622800	-0.228700	-0.523600	0.670000
12	-0.082700	-0.713800	-0.330200	0.180400	-0.231300	-0.926500	-0.530700	0.441200	0.000000	0.278900	-0.397900	-0.535300	-0.610100	-0.383000	-0.225800	-0.067800	0.180900	-0.432200	-0.637100	0.436500
13	1.124000	-0.069200	-1.106300	0.490200	0.096000	0.581300	-0.031000	1.315200	0.000000	0.374300	-1.270200	-0.992900	-0.268200	-0.302200	-0.312800	-0.428900	-0.699600	-0.680900	-0.413800	0.072500
14	5.495400	3.738700	0.000000	1.765600	2.149100	7.298200	8.287000	3.207500	4.345900	3.715400	0.229100	4.049900	3.667000	2.616000	4.276200	3.198000	13.596550	12.144100	7.090500	1.962600
15	0.735400	-0.066100	-1.696200	-0.648100	-1.894600	3.079700	-0.676600	0.000000	0.482600	-0.096900	-2.188500	-1.014000	-0.276200	-0.353500	0.453400	-0.388700	-0.345300	-0.690300	-1.313800	-0.729500
16	0.046300	-0.611900	-1.322900	-0.165000	-0.588000	1.974100	-1.199700	0.000000	-0.217400	-0.007300	-1.837700	-1.149800	-0.646300	-0.638400	-0.236200	-0.052600	-1.817000	-1.217300	-1.946700	0.131600
17	1.943500	0.000000	4.631900	4.030900	7.604200	4.712900	11.915700	2.126500	0.916100	2.687900	3.068200	6.477200	13.741640	6.501600	8.804500	6.055700	29.902160	39.737800	28.166600	62.246900
18	5.016900	3.624700	0.000000	3.980700	3.045700	7.464100	6.638900	2.630800	4.260700	3.464400	1.699100	4.514400	4.850900	3.773200	5.426000	3.621500	14.454680	11.251100	7.758200	3.713900
19	0.766000	0.011800	-0.320800	0.451000	-0.195000	2.442700	-0.553100	0.151000	0.000000	0.374000	-0.586200	-0.033900	0.084600	-0.159900	0.355600	-0.003000	-0.279100	-0.183100	-0.413600	0.211800
20	0.741500	-0.729300	-2.467100	-0.861300	-1.695400	2.222900	-0.969900	-0.809400	0.587000	-0.285500	-2.718900	-1.492100	-0.681600	-1.343100	0.427000	0.000000	-2.535900	-1.644300	-2.083700	-0.590800
21	2.137900	0.000000	4.682400	1.701100	5.993900	7.378100	22.229150	2.734700	1.002100	0.742100	2.902400	10.389400	8.290100	6.808600	5.549100	4.294900	35.424100	25.157210	16.492480	42.452700
22	1.238600	0.000000	-0.707000	1.024400	1.089100	6.978200	-0.595600	1.079600	0.242800	0.321800	-0.954500	-0.302500	-0.280800	0.025000	2.800300	-0.447900	0.389900	-0.256300	-0.455500	0.750100
23	0.734400	0.079600	-0.067700	0.322100	-0.100400	1.884300	-0.347600	-0.180600	-0.023800	0.663800	-0.606000	0.000000	0.109000	-0.168800	0.489700	0.145600	0.085100	-0.852400	-0.262200	0.215100
24	3.580200	2.223400	0.000000	2.179600	0.986700	5.302900	1.630600	2.620700	2.587000	2.616000	-0.324600	1.900800	3.210200	2.448600	3.931700	2.125200	0.666500	0.703500	-0.068200	2.435100
25	2.270200	0.000000	4.049900	2.578300	4.441400	4.030300	9.318500	4.092800	1.072500	2.565100	4.380600	8.974700	8.590700	10.323500	6.197300	5.948300	36.112800	23.268950	17.629210	26.479310
26	1.516800	0.637100	0.678500	1.507500	1.065400	5.512100	0.576000	1.573700	0.784900	0.916700	0.012200	0.334400	0.263300	0.530800	0.636800	0.000000	1.235600	1.152700	0.396300	0.498700
27	1.317600	0.393200	-0.746400	0.414600	-0.239300	2.788400	0.010900	0.075900	0.426300	0.916000	-1.666900	0.319000	0.662000	0.000000	1.054400	0.327800	-0.247200	0.096000	0.050800	0.577700
28	1.969800	0.000000	7.704300	3.044300	3.109500	5.072600	15.073370	4.813300	1.053600	1.470500	3.856600	7.895500	8.783700	7.515300	4.050100	3.701000	37.681500	30.382170	26.150640	47.599700
29	2.153500	0.000000	3.414600	4.906500	5.932800	6.730900	4.692300	3.803800	2.659500	2.780700	1.276300	3.380500	4.186400	3.641900	12.564400	3.887100	2.862800	5.396400	4.415000	44.794600
30	0.969900	-0.031600	-0.392400	0.284700	-0.370900	4.437300	-0.585200	0.181700	0.167800	0.783500	-0.315200	-0.812000	0.000000	-0.373700	0.369500	0.228200	-0.201900	-0.027900	-0.076900	0.258900
31	1.558400	0.000000	-0.311300	0.772100	0.646800	3.083400	1.149600	1.636000	0.685800	1.427300	-0.017200	0.908800	-0.630500	1.018500	1.258100	1.102000	1.813700	1.860900	1.627600	3.626000
32	1.921500	0.000000	4.108700	0.360900	2.434100	4.665900	13.570650	2.265500	1.037600	1.247200	5.006200	9.340000	8.076500	7.427400	5.073300	4.245500	16.872410	20.590370	16.938510	47.621600
33	2.343000	1.471700	0.829800	1.740900	1.103200	8.209400	1.164200	2.366900	1.947300	2.134100	0.642700	1.182700	0.000000	-0.234900	2.030900	2.017100	0.994800	1.178000	0.899400	2.079900
34	-0.039000	0.813100	0.813300	1.038600	1.324300	5.115500	-0.290700	0.777300	0.000000	0.692000	0.409600	0.140100	1.095700	0.437600	0.600700	0.896300	0.864900	0.552500	0.370100	0.291800
35	0.000000	3.787300	5.050500	7.200800	6.626000	18.612550	4.874100	7.290300	4.345800	4.300200	4.112300	3.995000	4.988000	3.632100	3.050400	3.440300	3.352400	2.951300	2.377000	3.572000
36	4.953400	4.793600	4.939200	5.140300	5.284200	3.552200	5.046100	4.700900	4.455200	5.197000	4.555200	5.020600	3.355800	4.964600	0.000000	3.225600	4.649400	4.204100	4.027200	5.059700
37	1.362900	0.627900	0.517500	1.713300	1.115800	-0.713400	0.902300	1.450500	0.668400	1.231900	0.619500	0.698000	0.000000	0.694900	0.131600	0.679500	1.057000	0.112300	-0.033700	1.569200
38	1.421900	1.003000	1.291400	1.732600	1.414500	0.424100	1.258900	1.218100	0.000000	1.773600	0.860400	1.176100	1.686800	1.281700	2.021100	1.646800	1.245200	1.346100	1.305600	1.618500
39	1.292500	0.529500	0.063900	0.846600	0.562200	2.759100	-0.532600	0.261800	0.724400	0.749400	0.345800	0.000000	2.341700	1.117500	2.821200	1.473800	1.766400	1.532900	1.362400	1.947300
40	5.436400	3.833300	1.159000	2.273900	3.493600	6.015400	4.839300	3.094800	4.662500	4.162700	1.271200	4.179800	5.388100	3.097800	3.983900	4.108700	7.752200	4.727200	0.000000	3.102500
41	0.543300	-0.491100	-0.599100	0.700800	0.706800	4.457800	-0.380900	1.597600	-0.294000	0.340000	-0.613600	-0.546000	0.000000	-0.194900	1.455100	0.762500	0.247300	-0.103700	-0.143800	0.990000
42	0.778300	0.261800	-0.177800	0.443600	0.053500	2.797400	-0.006800	1.020500	0.554300	0.624100	-0.194800	-0.321900	0.000000	-0.189700	0.443700	0.396600	1.024200	0.723300	0.170500	1.010700
43	4.705800	3.764900	0.723200	2.025600	1.647900	4.906200	3.112300	3.506400	4.436100	3.236100	1.343900	2.974900	5.081800	3.353700	5.152300	3.603400	2.196600	0.000000	-0.263500	2.104800
44	5.590400	4.612400	1.393300	3.165400	2.565100	7.579400	6.636000	3.929300	5.607200	4.072600	1.229700	3.596700	5.510100	4.714700	5.881400	3.637700	3.106600	-0.353800	0.000000	2.453700
45	-0.004800	1.851500	1.272900	2.829000	3.339300	7.865400	-0.141800	3.628600	2.115500	1.766400	1.498700	0.000000	2.225800	1.762700	1.982200	1.352500	2.203200	1.764800	1.790000	2.173300
46	2.558800	2.324300	2.579500	3.312400	3.400500	10.231100	2.468900	0.000000	0.336000	1.865800	2.460200	2.485200	3.196200	2.823800	2.788800	2.399000	4.125200	4.063700	3.369300	4.194900
47	0.086800	0.082800	-0.815200	-0.060500	-0.252800	0.018800	-0.419600	0.000000	0.160500	-0.331000	-0.855100	-0.757400	0.078900	-0.170900	-0.031800	-0.270500	0.213700	-0.047200	-0.076500	0.138800
48	5.811700	5.598200	5.423600	5.816300	5.548000	7.508700	5.680600	4.528300	4.436300	5.703900	5.335700	5.616100	3.713500	5.421000	0.000000	4.217100	5.888800	5.386200	5.420800	5.588300
49	0.870400	0.185300	0.071100	0.471400	-0.020100	-1.184000	-0.601600	0.602800	0.680000	0.722400	-0.124000	-0.020000	-0.609700	0.000000	0.152900	0.713000	-0.072600	-0.294500	-0.480900	0.806800
50	0.893400	0.423900	0.041800	0.745700	0.464200	-1.262700	0.393000	-0.082000	-0.204400	1.058100	-0.053600	0.118300	-0.377000	0.000000	0.256400	0.796600	-0.324100	0.149100	0.100700	0.730600
51	1.443900	-0.067500	-0.694200	-0.557700	-0.735100	0.640400	0.049200	0.000000	0.712000	0.902900	-1.545100	-0.876100	1.329200	-0.245200	2.740900	0.358700	0.084400	-0.602200	-2.200100	0.208100
52	4.350500	3.069700	3.081400	4.364900	3.893900	6.562600	0.000000	2.914800	3.589300	2.841500	1.973000	1.940000	4.915700	3.465200	6.126600	3.842300	7.952800	9.476700	8.212200	14.629000
53	0.378300	-0.627400	-1.138000	-0.527000	-1.244100	3.031100	-0.879500	0.000000	-0.473500	-0.017000	-1.350600	-0.901000	-0.667500	-1.103800	-0.224800	-0.997700	-0.717700	-0.867000	-0.845100	-0.808500
54	1.309200	0.026900	-0.918300	-0.335900	-1.129800	2.911600	-0.435800	0.000000	0.348700	0.672600	-1.074800	-0.495000	-0.086100	-0.171000	-0.267700	0.111200	-0.409100	-0.351100	-0.425800	0.292800
55	3.992300	2.051500	3.951400	0.000000	0.428600	6.099800	18.604300	1.664500	2.726900	1.164100	3.401600	5.324700	3.696200	7.008400	3.794100	3.989200	28.140600	18.635290	13.101300	33.527700
56	1.746700	0.000000	1.085100	2.330000	3.297800	6.127500	3.024800	4.827300	0.780900	2.024300	1.051300	2.595100	4.625000	3.418400	7.018900	3.136100	9.062900	1.330300	4.198200	53.524900
57	2.193600	1.147300	0.324900	1.777300	0.978600	4.579400	1.034300	1.019100	1.118000	1.628100	0.134000	0.849200	0.000000	0.451900	1.338700	1.020400	0.661800	0.727500	0.692600	1.186900
58	3.563400	1.748800	-1.023200	0.837700	-0.313900	5.941000	0.000000	1.262800	2.151400	1.898900	-1.013700	-2.019800	2.746400	0.978100	3.257300	2.060400	1.607000	1.790700	-0.642000	1.746100
59	5.019300	3.254700	0.000000	4.574700	4.307500	5.972000	7.525000	4.388200	3.986500	3.433800	-0.117500	3.281800	3.921900	3.495700	4.867800	3.826000	13.190680	5.243800	1.095400	4.012200
60	2.033800	1.069700	0.231700	1.634000	1.000900	4.739500	0.000000	0.985100	1.174900	1.429200	0.243000	0.474500	1.647500	1.343300	2.315700	1.477000	2.044800	-0.090700	0.061700	1.619400
61	1.694100	0.000000	-0.873000	1.120600	1.113600	2.859300	-1.042200	0.556000	0.328800	0.539900	-0.598500	-0.620300	0.364700	-0.351300	1.059300	-0.245500	0.326600	0.449500	0.279300	-0.481700
62	4.141100	2.228100	0.582000	0.000000	0.181100	5.384600	10.695800	2.324900	2.877700	2.633000	1.936000	6.425300	5.385500	4.253600	4.406900	3.474900	15.813770	16.396020	10.639400	7.481600
63	0.879300	0.000000	2.883400	3.303800	4.953800	7.404100	2.078700	3.663900	0.708200	2.003400	0.906800	1.764400	3.160600	2.684400	6.975300	2.718400	8.882400	4.616700	6.016500	20.588333
64	0.971500	0.342700	0.179800	0.557900	0.143700	2.846100	-0.076300	-0.026900	0.176200	0.854400	-0.116900	0.000000	0.430000	0.117900	1.031100	0.389500	0.039000	-0.066200	-0.212800	0.309900
65	4.589800	2.772100	1.255600	1.257000	0.735300	5.148700	2.868300	2.688400	3.192200	3.001800	1.531400	2.011900	0.000000	3.094200	2.041200	2.115800	4.737500	7.431000	4.955700	3.817600
66	1.363600	0.000000	7.376000	3.405500	8.135400	6.674300	16.251400	4.460200	0.837300	1.980500	4.040300	7.279800	9.538500	8.127200	7.927200	7.830400	35.389600	32.038430	26.801570	24.782880
67	0.000000	-0.199300	-0.768600	1.495500	1.116600	5.349400	-0.439600	0.593200	-0.798700	0.133900	-0.975200	-0.543900	-0.006300	-0.273100	0.089900	-0.204800	0.039300	0.261200	-0.139400	0.159300
68	0.123900	0.138200	0.142300	0.460300	0.583300	2.633300	-0.967900	0.548200	0.000000	0.262100	0.210500	-0.739900	0.083200	0.028000	0.524800	0.414100	-0.304600	-0.340200	-0.388400	-0.181700
69	0.853600	0.409600	-0.805700	-0.084800	-0.433600	1.159900	-0.565800	0.000000	0.517400	0.003600	-0.365900	-0.859200	-0.138700	-0.059500	0.718300	0.531100	-0.031500	-1.227200	-0.948100	0.292200
70	-0.138300	0.273500	0.134200	0.445700	0.655700	1.343900	-0.846700	0.110400	0.000000	-0.091200	1.182800	-0.429600	-0.070000	-0.296800	-0.456100	-0.147400	-0.163300	-0.131000	-0.029200	0.019500
71	0.000000	1.820800	3.072900	4.873800	4.950700	5.181100	1.770600	4.442200	1.523600	1.846100	2.809000	2.755300	1.808700	2.839600	0.915300	1.901300	2.941900	2.993000	2.782200	2.249200
72	0.000000	5.031200	9.843000	11.150900	12.956070	9.480200	5.786000	13.763680	7.344300	7.173300	7.035400	6.054700	9.761800	9.058500	11.834500	7.579800	18.023860	21.867133	19.597940	61.952400
73	0.287700	-0.297900	-0.522500	-0.782000	-0.720300	1.202200	-2.199100	-0.147600	0.000000	-1.036100	-0.780500	-1.245000	0.043200	-0.837300	0.214800	-0.893000	-0.584800	0.679200	-0.582600	-0.989800
74	3.764400	2.648800	2.079200	2.831700	2.953600	4.897500	12.784300	0.000000	0.999200	3.218200	3.630600	9.064900	8.837700	6.129000	7.356900	5.019600	26.594820	21.325970	15.799230	27.571090
75	2.618000	1.422900	0.610200	0.040900	-0.148200	2.355900	0.618700	0.000000	1.924600	0.852500	0.455800	0.113300	1.929800	0.908300	3.117200	1.764800	1.087700	1.085000	0.841800	3.746200
76	9.045900	6.447700	2.708600	4.360100	4.037200	13.580190	4.584100	4.404300	6.447600	5.561600	2.622100	5.033600	7.632300	5.555400	7.869700	5.192100	5.648300	0.000000	1.753100	5.485000
77	3.558800	1.993700	1.143500	2.761400	2.214900	2.406500	-0.779000	3.800600	3.275300	1.877100	1.007000	0.694000	5.999600	1.854700	6.241600	2.111600	1.172900	-1.014800	-0.230000	0.000000
78	5.580100	4.425900	4.523700	4.725500	5.315400	5.766700	6.732900	6.402500	6.426600	0.000000	3.924400	6.225600	5.703300	6.875000	8.378600	6.516000	9.296600	10.289800	8.080100	10.893700
79	0.270900	0.341600	-0.763700	-0.102100	-0.608800	3.473200	-0.716100	0.012200	0.152700	0.138300	-0.861000	-0.830100	0.185500	-0.279900	1.060900	0.000000	-1.100500	-0.979000	-1.369000	-0.130100
80	2.846000	2.115300	2.538300	3.287100	3.627400	1.470200	3.252500	2.623900	2.500600	2.531200	2.702100	3.148200	4.536200	3.304800	0.000000	2.061000	3.746300	1.434500	2.189300	2.716000
81	2.586600	2.077000	2.147000	2.104800	2.549800	0.000000	2.295700	2.247600	1.891200	2.119500	2.010200	2.007100	3.119800	2.639700	2.894300	1.904200	2.574200	2.375600	2.363800	2.623800
82	4.386000	4.001400	1.938700	3.611700	2.940600	6.191500	2.362800	4.535800	4.649800	3.923900	4.613700	2.747300	3.620000	3.143600	4.551200	3.565400	2.246700	0.000000	1.185200	2.744500
83	0.000000	3.416600	3.025000	4.754400	4.717600	5.838900	3.174400	4.563900	3.614500	3.627000	3.587100	2.115200	3.946500	2.444700	4.204300	2.637000	3.642800	3.638300	3.518900	3.570400
84	2.345900	1.570700	-0.616600	1.296600	0.120000	1.766300	0.031400	2.710400	1.610400	0.851300	-1.245300	-0.279100	1.175300	0.285100	2.016900	0.757400	-0.481600	0.000000	-0.399900	1.148100
85	4.531600	3.599800	4.222800	4.890100	4.354500	6.894900	3.075000	4.428300	3.724300	0.000000	2.870600	3.079500	4.842400	4.044700	6.532200	3.977200	3.767500	4.640000	4.268900	3.781300
86	0.485400	0.198500	-0.384400	0.535600	0.632200	-0.413700	-0.918100	0.751200	0.295400	0.322400	-0.403700	-0.877300	0.000000	-0.663800	0.405700	0.213800	-0.858500	-0.257000	-0.270700	0.164900
87	1.211200	0.903100	1.099000	1.033700	1.194600	0.000000	0.915100	1.010700	1.053800	1.143800	1.029300	0.977600	0.714000	1.082400	1.213500	1.220500	1.020900	0.898400	1.043400	1.137700
88	-0.956600	0.834800	0.233400	3.402000	3.321100	4.330600	0.243900	1.949300	-0.067400	0.471400	0.251300	0.200700	0.546300	0.317800	0.492100	0.000000	0.230700	0.118600	0.095200	0.221600
89	1.623300	0.754000	-0.596000	0.000000	-0.149300	4.187500	-0.873700	0.641300	1.438900	0.440600	-0.806100	-0.254100	1.163600	0.671000	1.756500	0.273000	0.526600	0.392800	0.380800	0.316000
90	3.349000	2.364900	0.000000	0.863700	0.547400	1.245000	2.248100	2.383600	3.385900	2.447700	0.402900	1.432100	1.385100	1.334900	2.854300	3.119500	0.359500	0.566900	-0.105400	2.729800
91	0.812300	0.000000	4.946300	4.212000	8.590700	2.729300	8.686300	2.889700	-0.431600	2.163900	2.141800	5.853100	10.857900	6.015800	8.271100	9.230700	23.565325	17.812380	14.377860	34.408700
92	5.230400	5.032800	3.393500	4.551700	4.016600	7.511400	3.071100	4.862500	5.049200	4.570000	2.799200	3.843400	5.983600	4.597500	5.821500	4.963500	2.697900	0.000000	0.906200	4.514300
93	3.133200	1.769700	2.455600	0.056400	3.796200	3.932600	6.621800	0.000000	1.583700	1.744300	3.677200	10.062800	6.823900	5.067500	5.866300	3.019400	26.336830	14.867410	9.917300	7.687300
94	2.465200	1.479700	0.000000	0.378600	-0.121500	3.852800	0.197600	1.534500	2.179100	1.186100	-0.703900	0.115600	1.591400	0.488200	1.938600	0.705200	0.512500	-0.468200	0.856400	2.157700
95	2.251300	1.659000	1.813800	2.066200	1.688000	0.000000	2.017400	2.084000	1.505700	1.792100	1.725000	1.645400	1.789400	1.982400	2.277200	2.255300	1.988500	1.678000	1.502900	2.618100
96	0.151100	-0.204600	-0.384700	0.039100	0.076700	-0.998900	-0.305100	0.318100	0.000000	0.184200	-0.564000	-0.583200	-0.319400	-0.123600	-0.124400	0.001500	-0.606000	-0.375100	-0.442600	-0.034600
97	1.373200	0.981300	0.025300	1.383600	0.637600	2.920500	-0.241200	1.852700	0.936500	0.896600	-0.106100	0.000000	0.939000	0.543200	1.471900	0.439100	0.215200	-0.174300	-0.382200	0.532900
98	0.820100	0.530500	0.929300	2.741600	3.093800	3.381500	0.079700	1.550700	0.779800	0.307700	0.388900	-0.344300	1.200400	0.076100	0.723400	0.000000	2.315900	-0.308500	-0.270000	0.417400
99	3.951400	2.714800	1.854300	1.248500	1.197600	9.840100	2.439700	2.746100	3.255900	2.426300	1.507100	2.114400	0.000000	0.650400	2.998700	0.935500	2.411800	2.843300	2.679800	2.547600
100	4.609900	3.157500	-0.390600	0.623500	0.000000	5.136000	4.868600	2.450100	3.165700	2.320600	0.020000	3.205100	4.817000	2.297300	5.981900	2.699200	20.902560	9.480800	6.574100	2.069800
101	1.193100	0.000000	4.038200	3.933400	4.040000	3.341500	9.925100	4.161500	1.374700	-0.352100	-0.121400	2.948700	6.970300	5.018700	6.757100	5.144100	4.587500	2.586500	0.545600	48.809500
102	2.617400	1.117500	2.073400	3.385200	3.296900	2.951000	29.020040	2.332900	1.497800	-0.551500	8.981300	11.227800	5.010900	4.212600	1.288000	0.000000	30.069090	26.772080	19.018520	65.569000
103	4.466400	4.025500	5.455200	4.817600	5.263500	5.675700	7.029500	4.112400	3.703900	0.000000	5.359700	6.145500	10.404100	7.333300	6.299000	2.686200	9.085500	4.187500	3.893000	5.302900
104	0.821300	0.353100	0.065400	0.494400	-0.003000	-1.497000	0.092800	0.573600	0.613300	0.763500	-0.173800	-0.039600	0.000100	-0.071600	0.000000	0.520800	-0.119500	-0.366100	-0.020200	0.696500
105	1.995200	1.010300	-0.308800	0.932600	0.000000	-0.318700	-0.020900	2.307000	1.600600	0.978100	-0.143900	0.788800	1.154000	0.915000	1.998000	1.566400	0.512300	1.227300	1.134800	1.812400
106	5.565600	3.606900	2.010300	3.558700	4.792200	8.743600	5.478900	4.420800	4.588700	3.866900	0.813500	1.982400	6.196800	4.911300	6.344300	4.287400	5.460300	0.000000	2.094800	3.972000
107	4.403400	3.821900	2.253000	3.638900	3.084900	5.046200	3.701500	3.217000	3.570600	3.932200	2.066400	3.328600	3.708800	3.847100	4.248900	4.278400	3.715500	0.000000	1.364800	3.711500
108	0.285100	-0.063600	-0.708700	0.318400	-0.389700	0.051800	-1.063700	0.581100	0.000000	-0.230300	-0.799300	-0.761800	-0.120000	-0.318700	0.202700	0.098900	-0.603500	-2.003200	-1.099600	-0.083000
109	0.886000	0.376900	-0.770100	0.089400	0.185000	4.215200	-0.324700	0.647400	0.540400	0.164200	-0.761600	-0.660500	0.000000	-0.209000	0.267700	0.225600	-0.627100	-0.603700	-0.662900	0.015300
110	4.515300	2.978600	0.000000	3.793600	4.221600	5.522700	1.531100	3.967800	3.792100	2.638400	1.017100	1.443400	4.866500	3.477600	4.969200	2.896700	6.912600	6.374600	4.561700	9.218200
111	2.484900	2.034800	1.824100	2.325100	2.666500	0.000000	1.835400	3.167400	2.256700	2.154800	1.845100	2.159500	2.058400	2.413300	2.307800	2.413400	2.564800	2.364600	2.357600	2.603600
112	2.542400	1.918400	1.533700	1.669200	1.399500	0.000000	0.510100	1.824900	2.277200	2.269900	0.754800	1.358500	1.205700	1.414600	2.273400	2.388800	2.347000	1.997400	1.800100	2.328100
113	3.000700	1.621700	0.000000	0.965300	0.214200	2.714700	0.206900	1.073400	1.453900	1.159200	-0.395900	0.257700	0.608700	0.682500	1.522900	0.901300	-0.057300	0.546000	-1.350100	0.000100
114	1.141200	0.000000	3.118900	3.728500	4.022700	6.625700	1.729400	2.637600	0.672600	2.196400	1.774100	4.063100	2.801400	1.390200	7.398200	6.828300	14.439390	11.327400	13.139870	45.372100
115	0.205700	0.078100	-0.119600	0.494800	0.408200	-0.798700	0.015200	0.579300	0.123400	-0.062100	0.051900	-0.094200	-0.099300	0.000000	0.218700	0.335200	0.052300	0.315800	0.326100	0.389900
116	0.834100	0.455400	-0.152700	0.594200	0.060500	2.349500	0.225700	0.647700	0.743700	0.639200	0.035100	0.000000	0.428600	0.056300	0.884100	0.624800	0.305600	0.114600	0.030800	0.851500
117	0.242600	-0.482100	-0.488000	0.402000	0.179900	-1.953300	-0.304100	-0.197500	0.212400	0.000000	-0.345700	-0.515200	-0.376400	-0.131600	0.164200	0.096800	-0.320000	-0.588900	-0.601300	-0.058300
118	-2.466400	1.504600	-0.593900	2.506600	2.142200	4.381900	0.546500	-0.317600	1.694600	0.588700	-0.227600	-2.545100	-1.220800	1.477400	1.435900	-2.653800	1.704500	1.236500	1.315600	0.000000
119	0.823300	0.000000	0.143000	0.991800	0.730600	5.410200	0.446400	1.111900	0.646600	0.370700	-0.069300	0.477300	0.188400	0.534700	0.371600	0.275900	1.438200	0.409100	0.074900	0.964400
120	0.740300	0.398000	-0.471200	-0.183000	-0.197300	-0.004000	-1.312200	0.038700	1.185000	-0.158600	-1.335900	-0.058000	0.185000	0.000000	1.220000	0.585300	0.921100	-0.020600	-0.342800	0.253400
121	6.350400	5.862300	8.723400	11.836300	12.167400	8.454100	10.559000	11.187000	6.089000	5.324200	4.215400	10.583900	4.158300	9.221900	0.000000	4.339500	22.405257	14.396110	11.008100	25.763640
122	2.720600	1.305200	2.134400	1.985600	1.124300	4.406000	0.144600	1.745400	2.730100	1.581500	-0.583900	0.618800	1.600200	0.000000	4.762600	0.380100	10.205300	15.995360	12.205900	19.718460
123	1.738700	0.000000	1.778300	0.633400	0.522700	2.491300	5.433000	3.345600	1.814900	1.472600	2.309300	6.116000	5.618500	3.853300	4.582900	4.713500	16.528560	6.984000	6.728500	55.253600
124	2.120600	1.049700	-1.861600	-0.061400	0.003600	4.198600	1.328100	0.000000	1.325700	0.642200	-1.222000	0.708500	4.579400	2.274300	3.781300	1.357300	4.867900	1.837800	-0.636700	-0.541700
125	2.298300	0.873400	-1.105800	-0.515400	-1.064100	4.097100	-0.691900	0.000000	1.285800	1.317000	-0.915100	0.275500	2.646000	0.822100	3.653600	0.748500	2.525200	0.199500	-0.139800	5.803800
126	2.518700	0.671000	1.050800	0.743200	2.977800	6.331600	13.399110	0.000000	1.397400	0.959300	2.795800	6.407200	7.562200	7.028600	4.217800	2.788000	26.165710	21.517200	18.320060	35.319700
127	4.585200	3.182500	0.000000	2.407000	1.325600	9.901900	7.601100	3.094700	4.142900	3.423200	0.169300	4.154800	4.571500	3.622500	5.070000	4.217900	13.631970	10.634600	5.495900	5.334300
128	1.463800	0.121400	-0.357900	0.893600	2.298800	6.687400	-0.553300	1.477900	1.188500	0.756500	-0.447300	-0.652800	3.377000	-0.089600	4.528600	1.222800	2.072600	1.167800	1.150600	0.000000
129	1.841700	0.371800	0.232300	0.353900	2.026600	3.941800	0.919800	-0.059000	0.806800	1.032700	-1.106300	0.860200	0.000000	0.264600	0.735900	-0.547700	8.395800	10.388900	6.761100	11.071800
130	5.666200	4.734200	0.951300	2.297500	1.282300	4.995300	5.823400	3.868600	5.408500	4.464800	0.702300	2.839400	5.942900	4.018900	7.009700	4.534000	7.861000	2.761200	0.000000	2.986300
131	3.701400	2.447400	1.634100	2.740500	4.751900	1.219600	20.602470	0.000000	1.122100	2.183600	3.598600	7.386600	4.890900	5.009000	4.238300	3.326000	14.723580	8.487100	5.263500	4.742800
132	2.763700	1.577200	0.964200	2.133900	1.856700	2.755000	-0.603800	2.824800	2.224500	1.958000	1.235400	-0.144100	4.191300	1.897500	4.596000	2.592300	1.804000	1.139200	0.638200	0.000000
133	1.920000	0.000000	2.533300	1.693100	1.934000	3.746300	19.517440	1.354400	0.863600	0.522100	1.744500	8.626800	7.249200	6.540800	5.370900	3.849800	33.708930	24.427353	19.275580	15.034580
134	3.539800	2.692100	2.628100	3.330800	3.002200	0.000000	3.201000	3.857500	3.625100	3.287600	2.834500	2.922500	3.098800	2.875600	3.702500	3.098900	3.635300	3.150900	3.022100	3.382800
135	0.000000	-0.031300	1.820600	2.751200	2.923100	3.050400	0.767700	2.483700	1.059400	1.062900	0.639200	0.816500	0.494500	0.586100	0.883300	0.565900	2.280900	0.486300	0.071800	1.041000
136	3.595300	1.994000	1.072000	0.000000	-0.093500	0.219900	8.177800	1.701800	3.276400	2.365300	0.114300	7.682600	5.029800	4.858800	4.885900	2.395300	26.830320	16.081450	11.781200	9.849200
137	2.774000	1.863300	0.434500	1.404200	1.064600	4.696600	1.349700	1.599500	1.734500	1.518500	0.473200	0.880800	1.653500	1.397300	1.801000	2.175500	0.415900	0.000000	-0.045800	1.891300
138	1.168900	0.840000	0.817000	0.658400	0.442100	-0.177200	0.534600	0.299900	0.160400	0.904800	0.356800	0.300200	0.502200	0.000000	0.785300	0.646600	0.411800	0.671700	0.658000	0.932900
139	0.600400	1.472700	1.353100	1.984700	2.178500	0.000000	1.133400	1.887200	1.370500	1.529200	1.299000	1.333200	1.255500	1.455500	1.259300	1.508000	1.363900	1.282500	1.437600	1.620000
140	0.000000	0.679900	1.466800	4.633700	9.012800	-2.054500	0.694400	4.993600	1.700200	0.883200	-0.102300	0.482500	0.528000	0.928700	1.766000	0.338400	0.317200	-0.716200	-0.792300	0.681400
141	0.565500	-0.714700	0.357000	0.677300	5.932000	0.756500	11.554220	0.000000	0.098000	-0.245200	0.576700	3.027200	1.936100	4.894300	1.174000	1.783800	8.994600	15.105920	11.252000	5.705500
142	0.582400	0.231600	-0.608000	0.687300	-0.008900	1.983900	-0.256300	0.419200	0.214700	0.172200	-0.738900	-0.735400	0.000000	-0.209100	-0.117000	0.069500	-0.390300	-0.680000	-0.823700	0.271500
143	0.306800	0.277400	-0.608300	0.312100	-0.186300	0.526600	-0.627400	0.319900	0.539900	0.453600	-1.042600	-0.461100	0.282700	0.041000	0.000000	-0.280600	-0.155700	0.222400	-0.982300	0.131500
144	2.623700	1.653200	0.000000	1.175500	0.656300	4.165200	0.396500	2.570900	2.172100	1.493200	0.587200	0.182300	1.939900	0.797200	2.858000	1.967300	1.672100	-0.046200	0.038200	1.073600
145	0.000000	3.347000	13.200260	11.839630	16.981990	10.540100	7.759500	12.051090	4.778500	5.774800	6.418500	7.435900	9.539600	8.468600	11.727900	11.587100	16.850420	15.804150	12.585200	20.937226
146	0.752700	0.145800	0.083300	0.612400	0.328600	-0.831100	-0.313800	0.179200	-0.148500	0.147100	0.124100	-0.106300	0.610100	-0.084100	0.642800	0.125700	-0.209600	0.000000	-0.105500	0.187800
147	0.000000	3.329100	3.898700	5.012800	5.025200	8.160100	3.188800	3.309000	2.361800	3.212800	3.656400	2.918700	2.804700	3.880200	1.560300	2.622000	3.365300	2.667800	2.498000	3.849300
148	3.581200	2.362500	0.383900	2.269400	1.561500	1.222000	1.959200	3.393100	3.672800	2.787800	0.266200	1.349300	1.800300	1.616100	1.302100	2.791600	1.750300	0.000000	0.455400	2.565300
149	1.637200	1.109200	0.708600	1.321000	1.182700	-0.051600	1.301800	1.450800	1.756300	1.790900	0.527500	1.051300	-0.379200	0.756600	0.000000	1.482500	0.857300	0.854500	0.659200	1.440600
150	0.909400	0.000000	0.008400	0.551000	0.279900	-0.302200	0.145300	1.074600	0.868700	0.921300	0.148400	-0.027800	0.533300	-0.068000	0.925400	0.349800	0.727100	0.342200	0.275100	0.521000
151	1.763300	0.000000	4.292300	3.018700	2.728300	6.606600	13.578900	2.671700	1.031400	1.697700	1.065200	6.887900	3.921500	4.498600	4.111200	3.628200	28.334310	16.308610	12.407500	39.843900
152	1.345500	0.431500	0.972400	-0.544200	-1.079600	3.271500	0.466500	0.000000	0.331400	-0.816300	-0.629300	-0.319100	1.150000	1.105700	2.959000	1.348900	2.358900	-0.177000	2.135800	3.116800
153	0.089600	0.770700	0.246600	1.243800	0.990000	2.188800	0.157900	1.329500	0.341300	0.266600	-0.020300	-0.018000	1.001800	0.000000	1.343700	0.222200	0.786700	0.305000	0.253600	-0.036800
154	2.869400	1.870300	0.000000	2.545100	1.974900	6.322500	1.035600	1.531500	2.102800	1.497700	0.702500	0.062400	3.452500	1.730300	4.887600	2.150100	9.803700	12.299120	6.375200	6.848400
155	1.454200	1.999500	2.720300	3.373200	3.982700	0.769900	2.672200	0.839800	0.000000	2.950300	2.997800	2.660700	1.125800	2.663100	-0.809200	1.043100	3.292200	2.634600	2.410600	3.138600
156	0.948500	0.000000	0.065500	-0.050000	1.633100	-0.909100	-0.070300	0.371800	0.357600	0.652800	-0.952900	0.970300	-0.698000	0.018000	1.120900	0.533400	4.365300	2.457200	3.888200	2.334200
157	0.982400	0.406000	-0.143300	0.628600	-0.054900	-0.471100	0.123800	0.802700	0.836500	1.008600	-0.541900	0.175600	-0.687700	0.000000	0.181800	0.729700	0.158400	0.358400	0.336400	0.810700
158	2.021600	0.681700	-0.320000	1.244700	0.268100	-0.466100	0.569100	0.857700	1.220600	1.381300	-0.268300	0.016000	-0.079900	0.427600	0.000000	0.870800	0.183900	0.220200	0.140200	0.923600
159	1.546700	0.000000	2.035100	2.127300	2.829700	6.153200	12.184100	1.109400	0.243700	0.900700	3.610900	7.284000	7.844300	5.330300	5.841800	3.450900	31.863460	16.397900	14.942150	19.397680
160	2.671900	1.578500	0.000000	1.108400	0.016000	4.557000	0.941600	2.593500	2.694100	1.840600	-0.216000	0.020100	1.265600	1.400600	3.241700	2.262700	1.504800	0.954600	0.436900	2.162400
161	0.560000	0.945100	-0.517200	0.916000	-0.136100	3.567200	-0.515800	1.631300	1.053900	0.774500	-0.624600	-0.136600	0.809200	-0.188000	1.631300	0.000000	-0.341900	-0.748700	-0.882500	-0.755800
162	2.578900	1.116600	5.559500	3.188300	7.060900	10.071200	11.003300	1.810700	1.473800	0.302700	3.481700	8.484600	4.884200	5.566700	0.483400	0.000000	24.887760	19.026490	10.857300	33.599300
163	1.160000	0.000000	8.044100	6.245000	8.685200	3.500600	6.446500	6.990200	3.302800	3.349600	5.956400	6.196600	9.062200	7.686000	7.076100	6.764300	21.237009	15.268360	14.162280	58.792500
164	3.322400	2.561400	2.983900	3.628800	3.963500	2.132500	4.670700	3.455000	2.760300	3.121500	2.234200	3.976400	2.773400	3.417600	0.000000	2.635100	4.747600	3.813900	2.054400	3.150300
165	0.556500	-0.620200	0.543200	0.267600	1.597500	2.851900	11.914000	-0.833800	0.000000	-0.450200	-0.421000	4.275400	3.761100	1.050800	2.035700	0.220600	24.184840	19.399200	12.034500	35.148000
166	5.303800	3.897300	0.950700	3.410200	2.116300	3.308900	4.887700	2.880200	4.062900	3.972000	0.653800	2.286900	4.557100	4.173100	4.267800	4.286500	7.033900	0.000000	1.429800	3.252100
167	1.175000	0.000000	1.606100	3.446800	5.638900	1.345100	-2.645600	2.965900	1.827900	1.466400	-0.032700	0.074700	6.787600	1.646100	6.889400	3.843700	12.548800	4.920200	4.290900	23.529660
168	4.178900	2.550700	0.000000	5.297300	1.632800	5.610000	0.145700	3.507100	3.108000	2.799400	0.569700	1.040200	4.594200	2.177000	3.063800	2.825600	6.053800	6.835300	4.668000	3.400900
169	4.419200	2.671500	-0.586800	2.535200	1.316200	7.291900	5.002300	1.655200	3.176300	2.786500	0.003200	2.931800	3.569500	1.971500	4.187500	3.294600	-0.426000	0.000000	-0.612800	2.344600
170	2.153200	0.000000	2.673100	0.062200	0.972400	2.605900	7.536700	0.393500	0.648700	1.017300	3.735200	9.698400	7.397000	5.571400	4.448200	3.013000	16.730460	17.786770	11.088600	40.887600
171	0.689000	-0.359200	-2.094000	-0.644800	-1.829000	3.376600	-0.125200	0.131400	-0.003700	0.249500	-3.301700	-1.092200	4.166600	-1.318200	2.555600	0.000000	9.756400	17.176970	6.958900	1.463900
172	1.535700	0.000000	4.235200	3.428200	4.316600	5.649700	6.913200	2.232500	0.573700	2.010000	3.237900	5.045600	5.599900	6.563500	6.093700	5.081300	13.038300	12.791400	14.423160	23.594429
173	2.789900	1.067400	-0.114100	-0.542700	0.000000	5.136400	1.566800	-0.023000	1.810000	1.051000	0.032900	1.431200	1.603500	1.320900	2.562900	0.980400	0.195400	0.603000	0.577100	1.784100
174	0.967000	-0.503300	-2.278700	-1.049900	-1.780800	1.994400	-1.215200	-0.803500	-0.304600	0.293000	-3.188300	-0.955800	0.000000	-0.350800	0.825000	0.268500	-1.562500	-1.324900	-1.515100	-0.124200
175	1.062900	1.184500	0.000000	2.603000	1.867800	3.237400	0.238700	2.180900	1.786000	1.177800	0.224300	-0.761600	2.511600	1.580700	2.809500	1.079200	3.959000	3.881000	0.893300	-1.097100
176	1.116500	1.839200	1.811600	2.809900	3.989100	6.599000	0.538000	3.884900	1.795100	1.673200	3.192600	0.000000	1.984000	1.133200	2.098400	0.938600	3.202500	1.776300	1.641900	0.450700
177	0.001600	-0.078800	-0.144000	-0.427800	-0.060800	3.253800	-0.946600	0.182200	0.534500	0.000000	-0.711400	-0.873200	0.320300	-0.628700	0.656800	-0.719100	-0.481200	-0.148600	-0.378100	-0.423600