SITE	GLY	ALA	LEU	VAL	ILE	PRO	ARG	THR	SER	CYS	MET	LYS	GLU	GLN	ASP	ASN	TRP	TYR	PHE	HIS
28	0.282000	0.096200	-0.040200	-0.006000	-0.044200	-0.068500	-0.280000	0.246900	0.197000	-0.052400	-0.429400	-0.321500	-0.193800	-0.205500	0.000000	0.046600	-0.076700	0.463000	0.490600	0.258600
29	1.129500	0.895200	0.586600	1.296100	1.286000	0.000000	0.500200	1.135200	1.175100	1.267500	-0.077900	0.648600	0.459000	0.499700	1.142800	1.093300	-0.312900	-0.270300	-0.250500	1.373000
30	1.469100	1.340000	0.200000	1.617800	1.196100	0.000000	1.238300	1.718400	1.616800	1.437200	0.945100	-0.108500	1.425700	1.312200	0.142000	1.563800	0.756100	1.343800	1.310900	1.588300
31	0.354300	0.000000	0.740300	1.210800	0.741000	-0.339100	0.742900	1.231500	0.238300	1.088600	0.133300	-0.416700	0.747900	0.716700	0.272100	0.953700	0.809100	0.881800	0.854400	1.117600
32	0.670900	-0.070900	-0.966400	0.258100	0.176700	0.000000	-0.543300	1.075500	0.903400	0.086600	-0.985100	-0.767800	0.753900	0.013000	1.068000	0.422100	-0.820500	-0.820000	-1.125900	0.329800
33	2.618600	1.991300	0.000000	1.347100	1.007300	1.806300	1.409700	1.758100	2.374500	1.526100	0.260000	1.062400	2.105900	1.716400	3.045300	2.575100	1.361200	0.608400	0.570300	2.427800
34	3.529000	2.365500	6.301400	3.955500	5.590400	0.000000	5.402500	4.913600	3.030200	2.237100	5.586500	4.454600	5.920900	5.710000	5.912600	4.625600	10.749800	11.119800	10.102100	8.292100
35	6.643200	4.772800	0.000000	1.015800	0.981000	6.387900	4.778400	3.523400	5.953600	3.709500	-0.001000	4.326300	5.308200	3.467300	6.587000	4.733500	8.363300	6.625500	2.552900	7.420800
36	5.296300	3.507700	-0.362300	0.000000	-0.648100	5.228900	7.688600	2.766500	4.631800	2.614100	1.126100	5.086400	4.526900	3.429200	4.987700	3.709200	9.816400	9.728200	4.195500	5.313900
37	5.370000	4.329500	0.128300	1.439000	0.000000	5.465300	5.053600	3.759000	4.825300	3.412200	-0.086800	3.386900	4.900400	3.766900	5.459300	3.694000	14.483500	6.270000	8.828900	9.553900
38	7.378800	5.562600	1.995000	3.706800	5.741900	9.331800	3.803100	4.804200	6.162400	4.687500	1.687800	4.379700	5.337900	4.734900	5.653400	5.058100	0.000000	0.657500	0.992100	3.427200
39	2.339700	1.380200	3.047800	2.604700	4.712600	-1.189000	1.869000	2.705000	2.553100	1.996800	2.490100	2.256600	5.191700	2.525300	6.164900	2.711400	7.379300	7.013800	4.566500	0.000000
40	0.000000	3.202700	3.035100	6.794100	9.431500	0.955500	2.901000	6.320200	3.896700	3.603800	3.169000	3.009600	4.437800	4.726300	4.675200	3.384100	3.735700	2.927200	2.614300	4.202500
41	2.790100	2.074000	0.156400	2.029000	0.702100	0.908400	0.169400	3.151500	2.765000	1.413900	0.000000	1.180300	0.984600	1.278000	2.826100	1.041000	2.677400	2.352000	2.285900	2.459800
42	0.000000	2.977300	2.845100	5.492400	6.554100	9.361200	2.709600	5.123800	3.113000	3.076200	2.707600	2.983700	2.843200	3.019100	3.191600	2.804400	3.686100	3.952800	3.890800	2.891100
43	1.972000	2.175900	1.676100	2.611700	2.627700	4.957100	2.091300	2.901900	1.937000	2.261500	1.755200	2.014000	1.448900	1.578200	0.000000	0.762000	1.099000	1.217500	0.952500	2.140400
44	-0.652000	-0.520100	-1.175000	-1.161400	-0.424600	-0.565200	-0.608000	1.138500	0.000000	-0.523200	-1.746700	-1.261400	0.435300	-0.364200	2.205400	0.035100	1.856600	0.954900	1.711800	3.737300
45	-0.516700	-0.399700	7.185600	4.479800	6.667100	3.053200	5.529300	2.561200	1.524100	0.000000	4.388900	4.861500	8.236900	6.627400	8.706800	6.078700	14.076800	12.731700	12.184200	25.668800
46	-0.722600	-0.556300	-0.913400	0.127300	0.230600	3.305900	-1.119900	0.276900	-0.256300	0.000000	-1.125900	-1.358200	-0.542200	-1.228000	-0.608500	-0.760400	-0.532300	-1.286900	-1.031100	-0.642900
47	1.401000	0.911300	0.046800	0.619100	0.007200	0.725700	0.392800	-0.405100	0.042800	0.630200	-0.349000	0.089800	1.167700	0.431500	0.465200	0.000000	0.068600	-1.194000	-1.587000	-0.085900
48	2.109300	1.657200	1.438400	1.898900	1.614200	0.000000	1.609200	2.052000	2.201800	2.058300	1.646400	1.338100	1.428700	1.772100	1.739100	2.201300	1.772200	1.690000	1.681700	2.297000
49	0.634900	0.235800	0.000000	0.178500	0.005500	-0.383500	-0.175200	0.320200	0.644600	0.408400	-0.148100	-0.067800	-0.334600	-0.155000	0.290500	0.461500	-0.314600	-0.164000	0.039000	0.322100
50	0.134900	0.285300	-0.079700	0.404100	-0.056500	-0.024900	-0.187200	0.070000	0.000000	0.606500	-1.011200	0.058600	1.081300	-0.038100	1.465100	-1.287400	0.144100	-0.140100	-0.671000	-0.459800
51	3.108600	2.720400	0.482600	3.702400	2.814800	1.997500	4.211900	1.000300	1.927800	2.851900	0.000000	3.867400	4.177800	2.860800	3.483400	3.355700	13.574600	17.900800	5.907000	17.855100
52	0.000000	1.783700	1.137300	4.307800	4.369700	18.299600	1.555100	4.926600	2.381400	2.199900	1.367200	1.533400	1.986300	1.657300	1.915000	2.352700	2.250500	2.134900	2.125300	2.728500
53	0.865300	0.000000	-0.565800	1.480700	0.881500	4.114900	0.014600	0.761000	0.257600	0.691400	-0.882200	-0.465000	-0.020200	-0.109800	0.335900	-0.014400	-0.443200	-0.850400	-0.925800	0.600500
54	4.247300	2.629700	-0.363400	0.651700	0.000000	3.798100	2.886900	2.073500	3.328700	2.738500	0.737800	2.312300	2.503900	2.072200	3.526700	2.898500	1.491200	1.062500	0.659200	2.291800
55	1.690000	0.626100	-0.316000	-0.298500	-0.706800	2.667600	0.193800	0.018100	0.809400	0.696500	-0.734600	0.000000	0.768400	0.640200	1.964800	1.268800	2.315000	0.765300	0.642300	2.673500
56	0.852100	0.052900	-0.330200	0.451600	-0.035800	3.535700	-0.237700	0.509900	0.588700	0.953100	-0.474700	0.000000	-0.071800	-0.176400	0.534400	0.170400	-0.075300	0.071900	0.063300	0.697500
57	3.770800	2.178200	0.162000	2.188200	2.573300	5.123200	1.706800	1.732600	2.813200	2.902500	0.000000	2.002400	3.116500	2.419900	4.169900	3.338700	0.149100	0.519200	0.324000	2.202800
58	4.820900	2.874600	0.756500	0.000000	0.163200	5.831100	7.931200	2.068400	3.658900	2.584300	1.853200	6.708500	4.381300	3.812900	4.738000	3.684900	13.139900	10.048100	-0.247700	4.637500
59	0.937700	-0.100700	-1.019500	0.528600	-0.141300	2.869500	-0.489200	0.555300	-0.018200	0.158500	-1.167300	-0.722300	0.000000	-0.405800	1.103700	-0.209700	0.615300	0.386900	0.303600	1.130800
60	1.149100	0.353000	0.139400	0.687200	-0.039600	3.924300	-0.201100	0.823400	0.455500	0.982500	-0.264900	0.000000	0.562900	-0.028100	1.214400	0.425700	0.064600	-0.008200	-0.064300	0.423300
61	2.891100	1.826000	-0.406100	-0.038500	0.525000	2.484400	0.093600	1.364400	1.826800	1.137800	-0.283600	0.000000	1.760100	0.531400	2.751200	1.427600	0.511800	0.155000	0.721500	1.609000
62	3.527400	2.653000	-0.112100	1.369800	0.000000	5.623800	1.368100	3.118800	3.045900	2.125200	-0.515100	2.368200	4.615000	2.388900	4.934600	1.982500	3.478500	2.690800	1.826400	0.973000
63	1.529700	1.567700	1.570400	1.764100	2.019300	0.000000	0.386000	1.681300	1.805800	1.479000	1.582200	0.350900	1.636400	1.245900	1.935600	1.634700	3.159300	1.438600	1.394500	0.903300
64	0.000000	2.264200	2.066600	4.764800	4.528400	5.554400	1.612200	3.094900	2.353800	2.333200	1.776700	2.061500	2.219000	1.974800	2.432800	1.955600	3.047100	3.700200	3.697800	1.917700
65	3.733000	2.298000	-0.426600	1.164800	0.000000	3.983100	1.956000	2.198300	2.975300	2.010900	-1.086200	0.338400	4.546200	2.168100	4.655000	2.125600	12.102300	12.634600	9.397900	7.991600
66	2.986900	1.987200	1.310600	1.561200	1.541600	0.674000	2.611800	2.186100	2.227500	1.626000	-0.332200	1.597400	3.067200	2.186200	2.787600	1.714700	-0.297400	-0.785800	0.191200	0.000000
67	4.620000	3.383800	-0.067800	0.000000	-1.141500	3.775700	4.439500	2.730100	4.562400	2.273300	-0.489000	5.093800	4.373600	2.225800	4.845400	2.956000	17.920500	18.587700	12.107600	14.392600
68	3.632600	2.507700	0.000000	1.946800	2.179400	4.173600	1.038400	2.661200	3.218700	2.242600	-0.206800	0.463800	3.571500	0.866500	3.273700	1.420000	1.714800	0.852700	0.040200	0.923300
69	0.240000	-0.534900	-2.990900	-1.370100	-1.153700	-1.363900	1.420500	-0.462500	0.000000	-1.030500	-1.918500	0.428700	1.396100	-0.559800	1.306600	-0.321500	3.250000	1.374700	1.608300	1.945400
70	5.510600	3.876800	0.000000	2.310400	0.793500	5.810000	5.811800	2.921800	4.347700	3.581100	0.536600	4.000900	5.273600	3.833900	5.920200	3.878000	11.145800	9.791400	3.927100	2.953400
71	0.904100	-0.361900	-2.058600	-0.588800	-1.488100	0.152700	-1.675200	-0.228000	0.019500	-0.926300	-2.423200	-1.880000	0.000000	-0.622800	0.132800	-0.434800	0.178000	-0.636000	0.215700	0.282300
72	2.863600	2.506300	-0.203400	1.083300	0.000000	1.531800	3.270700	2.389900	3.347700	2.146000	0.285100	2.229100	3.804800	2.429400	3.984200	2.521600	4.972500	8.357000	3.217800	4.677500
73	0.000000	4.078900	9.358500	10.233600	11.310400	12.732800	6.488000	10.865700	6.002300	5.953800	6.021000	8.016500	6.966800	6.828400	9.235700	8.329500	21.169800	16.381300	14.632200	31.468000
74	0.238200	0.298200	0.401800	0.039200	0.998300	-0.953600	-0.240700	-0.164500	-0.938600	0.322000	0.538200	0.000000	-0.371800	-0.096600	-0.279500	0.010000	-0.099900	0.519700	0.514000	0.306900
75	0.624400	0.550300	-0.376900	0.357100	0.067500	2.396000	-0.895500	0.000000	0.240400	-0.094600	-0.291200	-0.897300	0.137900	-0.589600	0.075000	-0.064100	-0.243700	-0.389100	-0.468500	0.341600
76	1.489500	0.651800	0.000000	0.628500	0.325700	-0.831300	-0.301900	1.064400	1.175100	1.129800	-0.105400	0.164900	0.138300	0.093200	1.252100	1.022600	0.223800	0.239800	0.107200	1.129000
77	0.942700	0.786700	0.218400	0.609200	0.397500	0.643400	0.000000	0.741600	0.863400	0.878900	0.610400	0.002700	0.764100	0.277900	0.985900	0.702900	0.444600	0.059000	0.055500	0.793100
78	0.266800	-0.228400	-0.146100	0.346600	0.504300	-0.501500	-0.486300	0.537100	0.287400	-0.156500	-0.003100	-0.374000	0.000000	-0.168300	0.624100	-0.504500	0.187200	0.062900	-0.006700	0.574100
79	1.528000	0.389600	2.572500	0.703800	1.485600	5.271900	4.992900	1.932100	1.880600	0.846700	1.913900	4.558400	2.756800	3.178600	0.000000	0.705500	16.095600	18.150500	16.782500	19.073800
80	1.193100	0.338800	-0.499100	0.000000	-0.630900	2.721800	-1.438900	-0.142100	0.465300	0.794800	-0.569200	-0.583100	0.771300	-0.126400	2.930300	1.171200	0.387800	0.137300	0.054600	0.565500
81	0.822200	0.006600	-0.835500	0.344300	-0.254200	2.288100	-1.488800	0.397200	0.393300	0.117300	-1.454400	-0.877700	0.000000	-0.477200	0.791000	-0.179800	-0.983100	-0.497100	-0.570700	-1.171300
82	1.125000	-0.167700	-0.901200	1.849100	2.083200	3.816800	-0.056700	2.626800	0.110700	0.465800	-0.968200	0.059200	3.987700	1.627300	2.876400	0.000000	-0.254900	-1.009900	-1.373200	-0.615900
83	2.486000	1.712200	2.316900	3.821300	4.972200	4.319200	7.228500	1.847000	0.000000	1.803600	1.074700	1.682400	1.941200	1.826500	3.937500	3.234000	16.430400	15.618200	13.701500	40.516100
84	3.377500	3.040300	0.499500	1.249500	0.788700	6.141300	1.303100	2.821000	3.217400	2.882700	1.143100	1.154400	2.323800	2.307000	2.119000	2.244400	0.665500	0.601000	0.000000	1.757500
85	1.979400	1.800900	0.553700	1.300400	0.597200	4.931700	0.297900	2.141700	1.962700	1.341200	0.506200	0.513100	1.855000	1.101200	2.137100	0.760000	0.416100	0.217700	0.000000	0.650100
86	1.423700	1.219100	0.000000	2.422300	2.306300	9.921600	-0.038800	2.101200	1.783100	1.209000	0.019700	-0.189700	0.939700	0.535200	2.190100	1.193500	0.437600	0.667300	0.257900	1.095800
87	1.567900	0.709100	-0.511200	0.498000	-0.070700	-0.703400	0.178600	0.215900	0.799200	0.511200	0.074700	-0.118900	0.771900	0.325300	0.019800	0.000000	1.078300	2.793600	0.266000	0.840900
88	2.780300	1.665200	0.451000	0.000000	-0.699700	1.287000	8.772700	-0.467700	1.257600	1.017500	1.480900	5.263900	2.559900	4.072000	2.322800	2.072500	12.756500	8.019400	6.529900	22.849000
89	3.628000	2.944700	1.727300	2.938900	2.273000	1.530400	1.594600	2.417100	2.322400	2.983600	1.533700	1.971200	2.685000	2.465600	2.923000	0.000000	3.244000	3.327900	3.313800	4.036000
90	0.468200	-0.267800	-0.785000	-0.027500	-0.248800	1.478100	-0.637200	0.472100	0.000000	0.180800	-0.651200	-0.599500	-0.726200	-0.215900	-0.465300	0.346600	-0.476200	-0.185100	-0.449600	0.229900
91	2.307800	0.155100	-0.834700	0.127200	-0.901400	2.126400	0.835400	0.452200	1.252100	0.648300	-2.358600	-1.422200	2.642600	0.000000	3.354400	1.720100	7.110000	11.161700	4.253000	5.142100
92	3.722500	2.191500	0.402200	0.000000	-0.967500	5.480300	6.303900	0.848500	2.682700	2.071800	0.992000	5.318900	1.841500	2.302200	3.111500	1.977000	11.769500	10.095500	9.572900	6.652500
93	0.384900	-0.234100	-0.799600	0.016200	-0.638700	1.350400	-0.238400	0.000000	0.140800	0.376400	-1.466800	-0.311600	-0.538700	-0.537900	-0.263900	-0.181800	-0.925400	-0.217000	-0.450200	-0.119900
94	0.387200	-0.681700	-1.971100	-0.270600	-1.009000	2.129800	-1.099900	0.000000	-0.123000	-0.091300	-2.211700	-1.444000	-0.613300	-1.271300	-0.048200	-0.013400	-1.337400	-1.401000	-2.039000	-0.280100
95	4.749400	2.490900	5.643800	0.000000	-0.725600	7.248900	5.325000	1.976000	3.221100	2.403100	1.349300	4.053400	4.157400	4.006800	5.085600	3.229500	15.501300	12.843100	9.319700	3.960800
96	4.841600	4.172900	2.492000	4.351500	3.395500	7.086000	5.184500	4.339800	4.584900	0.000000	4.587600	4.876300	5.569400	5.424800	6.789600	5.748000	7.217800	4.823500	5.246300	8.969700
97	1.104500	0.301800	0.193100	0.840000	0.287800	4.986800	0.061900	0.901800	0.343100	1.012900	-0.140400	0.049200	0.540100	0.000000	0.919800	0.413400	-0.156700	0.114700	0.074200	0.716600
98	2.520000	1.439200	0.293100	1.121800	0.000000	4.447700	0.497700	1.549800	1.867800	1.995700	-0.104300	0.435700	1.858900	0.689500	2.615000	1.938100	1.573900	0.624300	0.510300	1.311100
99	4.954800	3.482200	0.000000	2.545900	1.430800	4.986400	5.258400	2.555900	4.057700	3.305700	0.474300	3.319100	4.387300	2.814300	5.729500	3.101400	3.114000	4.326000	0.551400	2.609400
100	0.391000	0.000000	-0.348200	1.728800	1.554700	1.927500	-0.537500	1.830100	0.507200	0.778500	-0.630400	-0.404500	0.877900	0.185400	1.886300	-0.175400	0.447800	0.718200	0.741600	1.479900
101	1.098800	1.071000	0.338700	1.101000	0.702700	2.494300	-0.191700	0.460900	0.481600	0.553800	0.226600	0.000000	1.360800	0.572200	1.548000	0.583400	1.137500	0.827900	0.799200	0.452900
102	2.826500	1.567000	-0.347500	-0.368500	-1.281800	3.439500	0.187300	0.471800	1.493200	0.610400	-0.335100	0.054100	1.223800	0.394600	0.000000	0.612400	0.376900	0.353000	-0.074300	1.372500
103	1.235300	0.919900	0.853400	1.160600	1.066700	0.000000	0.578900	1.220800	1.183700	1.235300	0.729600	0.649800	1.055200	0.902400	1.285500	1.154000	0.861500	0.771700	0.672200	1.472700
104	1.428000	0.734400	0.103600	1.576300	0.927300	0.380200	-0.115800	1.201400	0.417000	1.366500	0.371200	0.000000	0.967700	0.251400	1.262200	0.544500	0.379800	0.322200	0.196300	0.605500
105	5.211000	4.020000	0.000000	2.172900	3.678100	6.400500	4.810500	3.118600	4.361900	4.415700	0.716200	3.084300	6.731700	2.598200	6.281000	4.306200	12.457600	7.076700	2.630100	4.593200
106	0.652900	0.474900	-0.046800	0.966400	0.641200	1.508500	0.011400	0.929200	0.620300	0.831100	-0.254300	0.183100	0.583800	0.000000	0.761600	0.717800	-0.013400	0.354900	0.505400	0.533800
107	0.057100	0.181300	-0.437500	0.327900	-0.336600	-0.097800	-0.285700	0.427300	0.102400	0.139300	-1.002900	-0.241300	0.113800	0.000000	-0.055500	-0.096300	-0.259100	-0.868500	-1.245200	0.240500
108	0.000000	2.901400	4.491600	6.166600	6.340300	5.584800	3.448300	4.996400	2.751700	2.564500	2.674200	3.245300	3.461000	3.376600	5.832000	5.894000	6.711500	7.316600	7.278800	7.086000
109	6.018800	4.400300	1.981900	4.782400	7.771900	4.860000	4.941400	4.409500	4.609800	4.211100	1.275600	3.598300	6.927000	5.332100	7.284600	4.414100	0.473200	0.000000	-0.148100	2.693900
110	1.542800	0.383100	-1.804700	-1.118100	-0.349500	2.081400	0.941400	-0.165200	1.208700	0.349000	-0.657200	0.485400	2.009300	1.463700	0.761800	0.000000	9.600400	4.522700	3.743700	1.514400
111	2.078600	0.000000	4.844600	1.956900	4.468300	5.409100	9.261900	2.869600	0.736700	2.407900	1.489700	6.975800	5.460000	6.740500	7.651000	4.009500	21.292800	10.543300	6.220600	53.093100
112	7.852400	5.511100	1.611900	2.091900	0.810100	9.291800	5.332200	4.426600	6.268300	4.341500	0.000000	4.581400	4.662300	4.199000	6.026500	4.425900	13.031700	8.586000	5.446000	10.161800
113	0.000000	3.695300	14.220300	10.522900	14.164200	6.717100	30.264600	11.469900	7.582800	5.096200	13.321200	21.238000	15.494300	14.967400	9.325300	9.900900	32.492000	26.931100	23.779200	44.625500
114	6.736700	5.266400	2.306200	4.012900	2.446900	4.343600	4.239800	4.847200	6.047400	4.613000	1.552000	3.968900	5.349900	4.230000	5.953600	5.150600	0.919400	0.900800	0.000000	3.874900
115	-0.529200	1.918400	3.888800	3.165400	3.026900	5.485900	2.599200	2.033400	0.000000	1.273300	1.200000	1.396300	2.068300	1.610200	2.495400	3.154700	6.119000	5.098500	4.671300	5.039800
116	1.439400	0.788900	1.624900	-0.482700	-1.160400	0.175500	3.781200	1.427200	1.563100	1.515200	-0.820200	1.382300	0.637600	0.000000	1.120000	2.506900	12.213700	5.775900	5.936900	6.171100
117	0.000000	0.248600	21.333500	16.323200	19.209500	10.709200	23.185500	12.357100	5.449000	8.941200	13.684600	20.732800	16.198500	18.072700	19.201200	20.061400	52.914300	54.229900	47.497500	64.141900
118	0.000000	0.375000	13.969300	6.833500	13.289600	8.332600	24.062400	6.619200	1.901500	3.885800	14.375000	19.414000	17.861600	20.751200	9.909400	12.870800	57.786100	50.475500	44.864700	46.899100
119	1.307000	-0.164200	-2.401700	-1.101500	-1.772200	-2.727400	7.240200	-0.422000	0.456100	0.002400	-0.866500	0.270600	-0.611000	0.000000	0.141500	1.271900	26.802200	10.459300	8.632300	18.831600
120	4.834400	3.209800	1.093900	5.499100	4.432800	6.323900	4.402700	3.727600	4.427900	3.627800	1.087900	2.797000	4.079200	3.818100	4.620100	4.187500	2.737100	1.691000	0.000000	3.161000
121	5.402700	3.647000	0.000000	1.938600	1.331600	6.149200	6.257400	3.164800	4.453800	3.668100	-0.201000	4.342100	4.594200	3.549100	5.046500	4.024700	3.627500	5.013400	4.510400	3.608300
122	5.531600	4.002200	1.156700	3.071300	3.553500	6.061000	0.000000	4.119800	4.767200	3.981500	1.278300	3.383000	4.844800	4.313800	4.879800	4.064900	9.807000	9.421400	4.977900	6.077200
123	1.981200	0.000000	1.936200	2.304900	3.349500	6.083900	10.709300	1.626000	1.123700	0.589900	1.368400	8.811600	2.833400	4.903900	2.552700	3.237900	11.005700	5.351200	4.015500	29.548200
124	4.008600	2.187600	-0.006200	0.000000	0.082800	3.878600	6.228500	2.064500	2.735600	2.057900	0.021700	3.014200	3.527800	3.312500	4.468100	2.833700	17.089400	11.006800	8.895000	6.436300
125	1.905400	0.000000	0.062600	0.230400	0.088100	4.723600	2.725300	1.933000	0.371300	0.594700	-0.179400	1.906400	3.972800	2.004500	3.151700	1.314000	5.291000	14.729800	7.503000	13.091600
126	3.411300	1.913100	-0.871600	0.223300	0.706900	1.952300	10.675300	0.721800	2.145500	1.165300	-0.411500	3.667000	1.112900	0.000000	3.347300	2.826000	14.893800	7.409700	6.382900	6.022100
127	4.679300	3.850900	1.969800	3.042300	2.468900	6.761900	0.000000	3.625900	4.103000	4.069500	1.809300	2.352700	3.938100	3.270200	4.381700	3.401100	2.527600	2.712900	2.583800	3.810200
128	5.074900	5.259300	4.804300	5.790900	5.685100	9.050100	4.506700	6.376600	5.287200	0.000000	4.602800	4.628700	5.689800	5.420800	5.911400	5.473600	5.285400	4.948600	5.698300	5.835200
129	1.434000	1.374900	0.746300	1.911900	1.234300	0.000000	0.472200	2.500700	1.120700	1.407500	0.527500	0.796000	1.165200	0.823400	1.046000	0.689700	1.620900	1.429900	1.305900	1.918200
130	1.450000	0.036300	-1.084700	-0.559700	-1.099300	1.941800	-1.114200	-0.515200	0.000000	-0.230100	-0.988800	-0.812600	-0.371600	-0.809100	-0.353100	-0.378800	-1.160000	-0.989500	-1.036300	-0.770500
131	3.220300	4.555000	6.978800	6.746200	7.709500	0.000000	5.391400	8.546000	6.518500	6.290800	5.231200	6.179100	6.845900	6.184400	7.967200	7.499800	5.633400	9.504100	8.157000	5.691500
132	1.533900	1.302700	0.849200	1.197800	0.936100	0.000000	0.837200	1.053900	1.169000	1.036300	0.528800	0.979500	1.161300	0.997200	1.415600	1.036300	0.641000	0.748300	0.845100	1.629900
133	5.345700	4.201300	0.978400	3.110000	2.126800	2.078500	7.200300	4.619900	5.431800	3.832300	0.000000	3.397800	4.594000	3.509600	5.408500	5.325800	16.749600	17.927100	13.164900	19.568300
134	1.562200	1.110700	-0.379600	0.000000	-0.371900	7.265100	0.559500	1.178900	2.523700	1.380700	0.256500	0.663100	1.268800	0.167000	2.712300	0.494400	0.518700	0.404200	0.170000	1.558600
135	1.686900	0.547000	-1.497800	-1.229200	-1.462500	2.563500	0.395500	0.404400	1.003000	-0.140400	-1.051200	0.128300	1.776900	0.591700	2.408600	0.000000	1.365800	-0.639500	-1.033300	-0.442600
136	6.713400	4.661800	0.000000	1.632200	1.070700	7.039100	7.225400	3.517700	5.581400	3.717500	-0.030600	3.423900	3.794400	3.592000	4.920000	4.405900	12.141000	7.679300	1.297000	2.248100
137	6.592700	4.918100	0.026900	1.435000	0.000000	5.699500	6.711200	3.726500	5.818500	3.793300	0.460700	4.296000	5.543100	3.294800	5.696500	4.265500	13.535800	7.421200	5.803200	7.386400
138	1.356600	0.153100	0.661200	0.023300	0.027900	4.525600	16.603300	-1.031500	0.000000	-0.151300	3.845400	3.859300	3.933600	3.742400	-0.047000	1.937500	24.737600	19.637500	12.414900	28.840600
139	4.784000	3.145700	-1.105200	0.000000	-1.152200	5.935100	3.125100	2.525300	4.324900	2.683800	-1.132200	2.522100	3.055800	2.523600	3.506800	1.438500	1.423200	3.744000	0.471800	1.440200
140	0.000000	4.001000	11.694700	10.360600	13.592500	13.562800	15.016900	10.228500	7.724000	8.095000	10.914700	17.341600	15.939100	15.483600	16.063500	16.074400	51.176400	48.982700	39.315200	65.859900
141	0.000000	-0.239900	11.136300	5.388800	7.416900	-0.431800	20.501800	2.931700	1.347900	1.461800	8.614900	12.137100	13.519900	13.597800	5.158000	5.651800	43.914900	37.982800	27.638900	46.800800
142	2.557600	1.278600	-0.334600	2.281300	3.638500	-0.318300	1.437800	2.846700	2.239300	0.840100	-1.729700	-0.568500	-0.447700	0.000000	2.736800	1.316600	5.566800	3.724900	2.858300	4.730200
143	3.696500	2.660100	0.840100	5.724100	7.693400	3.076800	8.087800	3.726000	2.565700	3.205900	0.793600	-0.087600	0.767800	2.234600	1.936300	2.384500	8.853300	3.299300	0.854100	0.000000
144	0.573700	-0.132300	0.018900	0.522100	2.680800	2.661000	0.453200	-0.408600	0.201100	-0.064100	-1.380100	0.162500	-0.079500	0.000000	0.210200	0.795500	4.226000	0.561900	-1.201000	0.938200
145	0.000000	6.971300	20.872000	18.616200	24.644500	13.944100	32.945400	16.809800	10.988300	11.773000	21.635000	23.278600	17.179800	18.940500	18.059500	18.909500	60.021600	58.409600	51.730800	64.957600
146	2.770400	1.778500	0.693700	0.000000	0.096100	3.627500	-1.623500	0.757400	1.601200	1.266700	-0.221900	0.799600	1.688000	1.232900	3.478000	1.998600	0.863000	3.863300	2.874700	1.492400
147	4.810900	3.219200	0.841400	5.281700	4.788400	7.876900	12.247500	3.997300	4.858500	2.635000	0.575800	3.545900	4.718400	4.430300	5.126600	3.036200	4.932400	1.095700	0.000000	2.388600
148	0.000000	5.817800	8.161500	9.713100	9.434300	14.121700	7.462500	9.439600	6.944800	5.982400	5.381100	8.324000	7.230200	7.561300	7.479400	7.252200	25.571800	24.441000	17.002300	21.221100
149	2.282300	1.825600	0.000000	1.670200	0.574400	-0.206200	1.153600	2.224500	2.156200	1.574600	-0.354100	0.838100	1.395900	1.408600	1.919400	1.803800	0.387500	0.381300	-0.163300	1.525000
150	1.881800	1.020200	1.188000	1.718100	1.448500	0.000000	0.758500	1.297500	1.420200	1.408500	1.043900	0.656000	1.086000	1.062800	1.309800	1.258700	1.050300	1.189200	1.179600	0.538900
151	0.954100	1.321900	0.815900	2.571200	2.448200	4.441700	0.000000	1.874100	1.371700	1.000200	0.526900	0.053200	1.323300	0.378000	1.380300	0.500300	1.363600	1.126900	0.853500	1.234000
152	3.662400	3.250800	2.860800	5.647800	5.327200	8.213500	2.800700	4.546700	3.804400	0.000000	2.226900	2.777300	3.991500	3.412700	4.560900	3.330000	3.184600	3.142700	2.905900	2.674100
153	1.886200	1.534000	1.758100	2.050200	1.772500	0.000000	0.989400	1.948100	1.833600	2.047300	1.699200	1.399500	1.839800	1.577200	1.898800	1.785500	1.593300	1.436900	1.341300	2.113100
154	0.000000	-0.204000	7.803400	4.504100	5.896400	-2.288500	5.242100	5.839100	1.228800	3.758700	3.903300	8.742300	4.357100	4.828900	5.783300	6.106200	13.637300	14.431200	11.891100	25.686100
155	0.569800	0.176500	0.296800	0.418300	0.097700	0.264300	-0.088000	0.422900	0.544700	0.434400	0.029900	0.012400	0.000000	-0.144000	0.169500	0.712600	0.626400	0.407100	0.107400	1.005200
156	-0.087200	0.045500	-0.657500	-0.244500	-0.670800	1.744300	-0.923500	-0.098300	0.000000	-0.304300	-0.635100	-0.772600	-0.302600	-0.488500	-0.181100	-0.348800	-0.550500	-0.390100	-0.431000	-0.330700
157	2.085500	1.490800	0.304300	0.754500	0.215700	4.185600	0.787500	0.557700	0.000000	0.416200	0.518800	0.529000	0.995900	0.746000	-0.514700	-0.487900	0.986300	0.590500	0.335900	0.352000
158	0.174600	-0.312900	-0.550400	-0.155800	-0.439200	-1.896300	-0.537500	-0.099800	-0.008900	0.063500	-0.995500	-0.625300	-0.980300	-0.694800	-0.501000	-0.296300	-1.506000	-0.894900	-0.996600	0.000000
159	0.975800	0.712900	-0.214100	0.380300	0.000000	0.862300	0.107100	0.495500	0.892200	0.703100	-0.179400	-0.227900	-0.028100	0.276300	0.471000	0.595600	-0.629900	-0.663000	-0.741100	0.639000
160	2.874300	1.891700	4.142400	4.158900	4.917500	2.923300	3.000400	3.196100	3.584500	0.000000	1.920500	3.496500	3.603900	3.886900	4.005200	2.346500	3.093400	0.422700	0.153900	2.999100
161	2.358100	1.386300	2.054100	3.025200	2.978100	8.074400	2.897800	3.491000	1.769600	2.041800	1.619700	2.321900	1.017100	2.264100	0.000000	0.018600	7.642000	5.799200	7.044500	5.780100
162	1.820100	1.233400	-0.054300	2.277900	1.282200	7.470800	0.769900	1.092500	1.957300	1.420800	0.119400	0.426800	1.104600	1.113000	1.511100	1.557000	0.345000	0.135900	0.000000	1.407300
163	1.438300	1.074600	-0.493200	0.713100	0.000000	5.557200	0.580400	1.575600	1.167700	1.271100	-0.387800	0.075500	0.628300	0.979200	1.286500	1.742900	0.249800	0.647300	0.249100	1.414200
164	4.917400	3.272400	1.452700	2.395700	1.849700	5.230800	0.000000	2.814500	3.999900	3.510600	1.857100	2.622000	6.520600	2.617300	8.478500	4.978400	16.388200	19.117100	16.324100	13.781000
165	1.385700	1.013500	-0.077400	2.011700	1.473200	4.983400	0.453800	2.068300	1.172300	1.519200	0.231900	0.000000	1.298800	0.738500	2.152200	1.219400	1.380000	1.016300	0.757300	1.793800
166	0.401800	0.184000	-0.609300	0.837300	0.779900	4.563600	-0.446300	0.000000	-0.075600	-0.210900	-0.535500	-0.483600	0.057500	-0.081800	0.084800	-0.844700	-0.768400	-0.153000	-0.502800	0.177300
167	2.618600	2.119000	0.000000	1.738000	1.281200	7.276300	0.237100	0.836000	1.172100	2.004700	-0.633400	0.529200	1.008800	0.985900	1.530100	1.554900	0.189800	0.035700	-0.583900	1.029100
168	-1.003900	-0.867600	-1.462200	-0.482900	-1.065800	-0.834500	-1.017900	-0.797100	-1.144300	-0.075800	-1.880700	-1.404700	1.047000	-0.757000	0.351800	0.000000	10.905100	-0.555900	-0.108500	-0.245100
169	0.247100	0.000000	0.244500	0.575500	0.298200	0.936000	-0.430300	0.701300	0.244100	0.404200	0.300900	-0.355000	0.127900	0.104800	0.207500	0.337000	0.386600	0.331800	0.270500	0.523900
170	0.000000	-0.274100	-1.963900	-1.031900	-1.228300	1.627200	-1.567100	-0.609200	-0.260000	-0.962100	-2.071100	-1.439400	-1.222300	-1.050700	-0.939800	-0.746200	-0.490300	-0.859300	-0.925200	-1.191900
171	1.823600	0.000000	1.709400	-1.652700	-2.081900	4.617600	0.583900	0.931400	0.547100	-0.688800	-1.185800	1.615500	1.442000	0.616400	2.668900	0.381300	3.014500	-1.737200	-2.152300	1.901600
172	5.770200	5.093100	2.581600	4.174600	3.559800	5.995100	5.607800	5.420600	5.820900	4.875800	2.747700	4.358500	6.486800	5.570100	6.187900	5.392900	6.061900	0.000000	1.749100	4.830100
173	1.053900	0.627400	0.228300	1.103100	0.633800	4.299500	1.116800	0.288900	0.042500	0.981000	0.240700	0.851400	-1.617900	0.682600	-4.322700	0.000000	0.421700	0.432200	0.396800	0.506300
174	0.731600	0.195500	-0.142300	0.305900	-0.374800	-1.285000	0.195000	0.415400	0.512400	0.670200	-0.476900	0.000000	-0.987800	-0.125600	-0.335900	0.532700	-0.228700	0.133500	0.095900	0.648700
175	0.593500	0.000000	-0.158700	0.493600	-0.063600	-0.887300	0.471400	0.603800	0.579300	0.737300	-0.538300	0.205600	-0.759300	-0.159100	-0.368800	0.085100	0.227300	0.205900	0.081200	0.309800
176	2.348200	0.957400	0.093700	0.348500	0.000000	0.103700	0.616700	1.068600	1.514700	1.470600	-0.586100	0.197600	1.057100	1.008200	0.789800	1.101900	0.223200	0.717900	0.731900	0.824000
177	3.526900	2.007900	-0.077500	2.364000	2.150000	4.705000	4.275700	1.649400	2.710800	2.112200	0.780700	2.774200	2.776000	0.000000	3.849400	1.067500	18.983800	9.108400	5.496400	4.051100
178	-0.189200	0.200000	-0.889600	-0.312900	-0.353000	1.769900	0.327700	0.899400	0.056200	0.419000	-0.947200	-0.078400	0.000000	-0.221000	0.558300	0.198700	0.558800	-0.659000	-1.952100	0.515000
179	3.074600	2.066900	1.335100	1.458000	0.790100	5.128900	0.000000	1.520000	1.333200	1.477700	0.318000	0.756700	1.887900	0.897700	2.225200	2.416800	1.538000	1.257600	1.183600	1.049400
180	2.499800	1.714900	0.000000	0.416900	-0.109100	7.334200	0.901800	1.431700	1.915300	1.309700	0.099500	0.398100	1.337500	0.929700	2.132500	1.227100	0.632400	0.279000	0.128500	1.238500
181	3.183300	1.853900	-0.684000	0.000000	1.061000	6.399800	4.950300	1.542200	2.734800	2.072200	0.945800	3.712700	3.884300	3.341200	4.417900	1.834900	27.706400	18.556200	15.960800	27.476100
182	1.407400	0.529100	-0.626200	0.222100	-0.925600	-1.116300	-0.112100	0.907500	1.210800	0.889300	-1.205400	-0.212900	0.150800	0.000000	0.917400	0.935500	-1.436100	-0.934700	-1.153900	0.454600
183	1.600400	0.000000	1.351700	1.636200	0.918300	0.229700	0.284500	0.925000	0.400400	0.745100	-1.816400	0.812300	1.536600	1.270000	2.524100	2.153500	4.040000	1.294500	0.883100	4.664100
184	1.345400	-0.314500	-0.805100	-0.528700	0.704400	0.924900	3.301500	0.259300	-0.266200	-0.467900	-1.938300	1.225300	0.000000	-1.370100	2.558400	1.972100	16.554400	18.717900	9.978400	27.947100
185	4.601500	3.772600	1.758400	2.646000	1.807600	4.557100	4.426300	4.157900	4.923400	3.253600	1.596000	3.956100	3.441000	3.829200	5.203300	4.868100	2.661900	0.000000	1.074700	3.614000
186	4.393400	3.456200	1.056200	2.438500	1.472900	8.822500	3.102300	2.416800	3.047200	3.014800	0.970500	3.004400	3.893000	2.705400	4.370200	2.842200	0.000000	-0.220300	-0.300000	2.462200
187	2.243300	0.296900	-0.040200	-0.745300	1.677800	8.111100	-0.059800	0.077600	0.369400	0.157600	-1.014700	-0.760700	4.054300	0.523300	1.693700	-0.869700	3.080200	0.982500	-0.530800	0.000000
188	2.465200	0.978300	0.227200	0.370600	0.751000	2.022000	4.807800	0.689900	2.063500	0.714400	1.015400	5.838500	1.408200	1.292500	0.000000	0.739500	10.621000	8.282600	8.143800	4.507900
189	3.273400	2.300100	3.319000	3.227900	5.174600	0.000000	4.805900	4.821100	3.236500	3.252100	4.186400	6.718000	5.761200	6.079300	7.282700	5.108900	21.855400	26.430500	29.319700	7.549100
190	1.219900	0.424700	-0.811900	0.267000	0.000000	3.745200	0.275800	1.572100	1.482100	1.015900	-0.467200	0.239900	1.285500	0.782700	1.793900	1.090300	0.727300	0.697200	0.408800	0.902400
191	-0.236300	-0.187600	-0.344400	1.190700	0.613100	0.888900	0.000000	1.774500	0.034000	0.730200	-0.744100	-0.382500	0.767300	0.479800	-1.261300	-1.117900	-1.063300	-1.108300	-1.293000	-0.381000
192	1.840500	1.032400	1.117300	1.672300	1.319100	1.955000	1.630300	2.129800	1.198700	1.302100	1.168900	0.808500	0.000000	1.197800	1.461000	1.266500	1.599000	1.384800	1.300300	1.649200
193	0.475400	0.066400	-0.525100	0.060400	-0.392300	-0.895500	0.134400	0.223600	0.379400	0.321800	-0.667400	-0.236700	-0.535000	-0.407100	0.000000	0.454000	-0.112200	-0.115200	-0.053100	0.585500
194	1.154300	0.293800	-0.181700	0.331900	0.000000	0.921600	-0.026300	0.391200	0.440600	0.538600	-0.627600	-0.036000	0.021900	0.249700	0.605800	0.830600	0.607800	0.488600	0.396200	1.169200
195	2.674300	1.211600	1.428800	2.039900	3.738500	0.557700	2.904300	1.764800	2.298900	1.912500	-0.691200	3.488600	2.987300	2.552300	2.552900	2.634400	0.394300	0.000000	-0.984800	1.858400
196	2.243200	1.175700	1.482200	1.086300	0.785200	5.964900	0.000000	1.603000	2.081500	1.909700	1.094600	0.948300	2.760000	1.570800	4.524600	2.359500	3.476800	2.561200	1.751200	3.911000
197	0.914600	0.363400	-0.214900	0.113700	-0.636300	2.572200	-0.216100	1.081500	0.277100	0.062700	-0.781500	-0.202800	0.041700	-0.022600	0.223300	0.000000	0.477800	0.345500	-0.051400	0.372900
198	1.705800	0.977600	-0.195600	2.217600	1.259100	7.045500	-0.537600	1.867600	1.034900	0.853800	0.055800	-0.290900	0.421200	-0.043400	1.206600	0.559200	0.017800	0.212800	0.113100	0.000000
199	0.152100	-0.852300	-0.269700	-0.616100	0.951100	4.609700	13.654200	0.113400	0.000000	-1.837500	0.510900	6.522900	3.872400	2.500400	0.329400	-2.445900	9.480400	14.209200	10.219900	11.323000
200	1.121900	0.972500	-0.543900	0.770700	0.000000	2.356700	0.586400	-0.067600	-0.180300	0.366800	-0.540900	0.557500	0.742400	-0.021200	0.518900	0.485200	1.394500	0.718900	0.461000	1.341800
201	4.600000	3.748700	1.640800	2.323000	3.986700	7.199100	5.805700	3.488800	3.782000	3.577400	1.259000	5.582700	5.040000	3.944900	6.265100	2.666400	1.099100	2.050000	0.000000	3.312500
202	2.226300	1.163200	0.000000	3.374800	2.708300	6.235400	7.839800	1.854700	1.808900	1.808000	0.220300	1.454700	2.099300	2.941600	0.695200	2.054700	14.022400	14.063000	6.698500	4.635200
203	1.664600	0.000000	4.992700	2.181600	6.075400	2.578600	5.418200	2.648900	0.992100	2.246400	2.464100	2.898700	6.051700	3.882800	5.217900	3.783700	12.764600	6.646800	8.168200	50.450400
204	3.153400	2.268200	1.781600	2.423500	1.869100	2.244400	2.905300	3.176900	3.327800	3.037200	1.871700	2.476800	1.280200	2.102500	0.000000	0.863100	2.416200	2.154800	1.597600	2.336400
205	4.133600	3.287800	1.067900	1.119200	0.000000	4.562200	11.554000	3.678700	3.736800	2.215800	-0.072200	4.746000	1.919100	3.090400	3.696900	3.024700	20.678500	5.244000	4.303700	2.998700
206	2.423800	1.969400	-0.101200	2.315500	1.689800	6.368400	2.999400	1.000900	3.155500	1.991400	0.669700	1.328600	2.617200	1.739800	0.764700	0.000000	5.155600	4.972400	4.233400	5.863400
207	0.169400	1.877900	2.049000	2.131000	2.530300	6.711200	13.987800	3.402000	2.352700	0.897300	1.137200	3.331100	1.276900	0.000000	1.713100	1.946000	22.483600	11.675600	5.710600	14.444400
208	0.978400	-0.341300	-0.835500	3.313300	3.285600	7.329000	0.662100	4.080600	1.056700	0.306000	-1.182000	0.306100	0.000000	-0.264700	0.487000	1.081900	0.870200	2.820300	1.914800	1.518800
209	0.744200	0.897000	-0.076000	0.526400	0.192300	1.514000	0.000000	0.728400	1.014900	0.533100	0.129200	-0.093200	0.274400	-0.282900	0.614700	0.652700	0.556600	-1.011200	0.366100	0.936100
210	0.000000	0.320900	0.382900	0.672400	0.542400	2.753300	0.344500	0.485700	0.027400	0.299200	0.522400	0.463600	-0.305800	0.223400	-0.351200	0.388000	0.037800	-0.040600	-0.266100	0.498200
211	1.230400	0.665000	-0.366700	0.000000	-0.370800	0.063200	0.952200	0.458800	1.241400	0.215300	-0.116300	0.497200	-0.037700	0.181900	0.448600	0.883500	0.685800	1.143300	0.659700	1.305300
212	2.422100	2.335900	1.670200	1.226500	1.288300	6.556300	1.838400	1.586700	1.758000	1.501100	1.912500	1.956700	-0.503800	1.817900	-3.071100	0.000000	2.068400	0.064800	0.726900	1.361600
213	1.607200	1.104600	0.675700	1.276700	0.802600	-0.665200	1.141900	1.291300	1.406300	1.594500	0.421400	1.128500	0.000000	0.873700	-0.155300	1.265200	0.890600	0.909200	0.715600	1.556700
214	0.751200	-0.069900	-0.731000	0.625200	0.169100	-0.618600	-0.374600	0.158300	0.000000	0.326800	-0.562600	-0.459000	-0.910600	-0.361900	-0.928300	-0.034500	-0.092700	-1.186400	-1.240400	0.346700
215	6.434900	5.049900	4.466300	6.192300	5.791900	5.614100	8.672000	8.014300	6.158700	5.438800	3.687400	5.334900	7.274200	6.759400	5.665800	6.772400	8.458800	0.000000	2.647700	6.134700
216	1.018500	-0.052000	-0.070300	0.879300	1.133100	4.063500	0.462100	0.285100	0.515100	0.491400	-0.451000	0.000000	0.599100	0.601300	2.678200	1.269000	11.778100	8.425300	5.239100	40.829400
217	1.249000	0.499400	-0.117300	0.566700	-0.042100	2.255000	-0.453700	1.099800	0.667100	1.059200	-0.269400	0.000000	0.144400	0.080900	0.638800	0.292500	0.112600	0.035700	-0.049600	0.504600
218	1.366900	0.170300	0.192600	1.559000	1.488900	4.174100	0.367700	1.887700	0.998000	0.898700	-0.870100	0.672900	1.678200	1.402700	2.619100	0.000000	1.491300	0.891400	0.601800	-0.246200
219	4.607300	3.010100	0.000000	4.262300	2.971800	8.145600	6.285500	2.588600	3.513600	3.151400	-0.831900	3.109100	3.551000	2.455500	4.263800	3.881300	5.218500	3.973800	-1.041000	2.451000
220	2.144800	1.166000	-0.061700	1.106100	0.516600	4.105400	1.094700	0.774100	1.148800	1.381600	0.000000	0.521800	1.516300	1.494100	2.258300	2.094600	1.923600	1.138700	0.944200	2.089400
221	0.065300	0.000000	0.265400	1.838400	1.429700	1.636900	-0.763900	0.932400	-0.216800	0.914300	-0.073600	-0.013600	0.618800	0.743600	1.252500	0.332500	0.077800	0.268500	0.122200	0.410500
222	4.842200	3.588800	0.000000	3.270500	1.976400	6.039500	2.837800	3.754900	3.756300	2.986000	-0.133000	2.408800	4.604100	3.132300	5.455800	3.374100	7.899200	9.273200	3.200700	4.614800
223	1.613800	1.399000	0.375100	1.182000	0.698200	2.528500	0.455200	1.110300	1.048800	1.609700	0.480700	0.000000	0.748000	0.515000	1.184400	0.834000	0.106800	0.875600	0.808500	1.044600
224	3.032400	1.959800	-0.246200	0.155500	-0.412200	4.014900	0.156500	0.036800	1.413100	1.053700	-0.405500	0.000000	1.609200	1.118300	2.538700	1.340700	1.530300	1.001400	0.976400	1.117500
225	7.324300	5.454200	1.732300	2.692300	1.564000	6.492900	5.834800	5.140300	6.191400	4.606800	1.229000	5.191500	5.428600	4.675000	5.776800	4.878200	4.720900	2.617700	0.000000	4.026700
226	5.443300	3.212200	0.366700	0.000000	-0.793100	3.929500	6.174900	2.866600	4.764000	1.416300	0.636900	3.148600	4.563000	3.830600	4.195000	3.239700	7.637800	3.817900	1.315400	3.081200
227	5.605700	4.256700	0.228900	3.106000	1.765000	7.041800	7.746400	4.634700	4.514100	3.545300	0.000000	4.401300	4.280000	3.050800	4.399500	2.816000	8.192200	11.559400	5.772800	2.655100
228	5.392400	3.095100	-0.613100	0.000000	-1.226100	3.282500	6.390100	1.847000	3.905100	2.468700	-0.690700	3.327400	4.755900	3.284500	5.147500	2.719700	14.098700	5.819300	4.429600	7.292300
229	3.838300	2.170300	-1.789900	1.939200	1.188100	13.981100	-0.679600	3.116700	3.039500	1.355800	-1.408400	0.000000	3.814300	1.385200	5.913000	1.402900	2.516500	1.758300	3.162100	58.747000
230	5.742400	4.871900	1.929500	4.621200	5.385100	5.755400	7.914900	4.112000	5.253400	4.427300	2.090000	3.512400	8.092200	3.907900	7.929200	4.417200	7.201600	2.446100	0.000000	5.283700
231	1.501100	0.698700	0.000000	1.008100	0.407700	6.729400	0.343200	2.025600	1.627200	1.292900	0.331200	0.171200	1.164700	0.595300	1.884600	1.310600	0.980400	0.892100	0.806100	1.516200
232	1.708000	1.887600	1.155000	2.611000	2.235400	2.326800	0.915900	1.996400	2.030000	1.314800	1.257600	0.931600	2.424300	1.313300	2.275600	0.000000	1.928200	1.566900	1.566300	1.740400
233	1.936100	0.417200	3.154200	1.176000	4.250100	5.592300	15.171300	1.625600	1.651800	-0.045600	7.821900	9.410500	7.376400	5.460400	0.000000	-0.145200	53.096500	33.073300	27.835600	32.213200
234	0.943000	0.912500	0.013000	2.140300	1.723300	2.905300	-1.136100	0.000000	-0.395300	0.920100	0.452800	-0.163400	1.707600	0.299600	1.784700	-0.307900	0.252000	0.480000	-0.090900	-0.462200
235	1.986700	1.163700	-0.472000	0.389500	0.000000	4.176100	0.085800	1.432600	2.231400	1.221700	0.273200	0.036900	0.673400	0.612200	1.562900	1.261500	-0.781900	-0.104300	-0.369100	0.445400
236	4.046400	2.739000	2.529200	0.000000	-0.443800	5.806300	2.836300	1.960800	3.412900	1.755200	0.882500	1.793400	3.953500	3.050400	5.222700	2.035200	6.543500	16.606300	10.995100	8.756200
237	1.458700	0.842700	-0.706900	0.002500	-0.854000	1.597000	-1.915700	0.819800	1.231400	0.477200	-0.943400	-1.148800	1.243400	0.055300	0.000000	0.329900	-0.412800	-1.268700	-1.533100	0.053200
238	2.723700	4.195500	4.225800	4.428600	4.485500	0.000000	3.892100	4.287700	4.558700	4.348400	4.076800	3.716700	5.415800	4.413500	5.301200	4.167400	5.812000	3.571800	3.499000	3.800900
239	1.173000	0.318200	-0.915300	0.000000	-0.163700	-1.755400	-1.075800	0.656100	1.404900	0.725600	0.136700	-1.156100	0.783600	-0.249900	1.725200	1.359600	1.520200	1.028300	0.983000	1.480300
240	0.444300	-0.428200	-1.211100	-0.565400	-1.183500	-1.997800	-1.243000	0.388400	0.606900	0.431400	-1.135000	-1.025200	-0.456900	-0.441900	0.000000	0.451800	-0.851300	-1.401800	-1.593100	0.460100
241	1.649900	0.485700	3.040400	2.824800	5.089600	5.158700	8.136200	0.594100	0.000000	2.569400	5.617800	4.528200	11.159500	9.418900	8.137600	5.114200	28.911600	12.083500	10.744500	11.299900
242	0.300900	-0.978800	-2.946600	-0.062100	-1.410300	3.277400	6.429500	0.863900	-0.434100	-1.073900	-2.483300	0.729800	0.000000	-3.903100	2.176600	0.470300	19.229100	13.040700	7.171200	2.701700
243	3.333200	3.090900	1.337000	3.022100	2.247000	4.488600	2.266600	1.987500	2.928300	2.733700	1.144700	2.176800	3.276800	2.196900	4.250800	3.348500	0.000000	9.408000	4.739600	1.788700
244	1.913800	4.225200	0.246000	3.515400	3.270800	5.141100	7.600200	5.022400	4.809200	3.353900	0.292300	4.559100	3.917700	4.001000	4.076500	3.786500	15.456000	6.341300	0.000000	4.011400
245	0.000000	0.501200	1.121900	6.439800	6.632000	3.154900	1.151500	3.305100	0.752000	0.829200	0.945200	1.954800	4.276200	2.284200	4.329700	0.534300	7.216800	4.598500	4.505000	5.415300
246	0.013200	1.981200	2.128700	3.076600	1.918600	4.612700	1.495800	3.248000	2.192300	1.841800	0.621500	3.212700	4.268500	3.985600	3.389900	2.023400	3.065200	1.698800	0.000000	2.790400
247	4.009000	2.743000	1.486900	3.073600	2.905000	1.976600	2.049800	3.960100	4.203700	3.221100	1.068500	2.628400	3.623400	3.721100	5.020000	4.041700	3.952400	0.000000	1.046300	3.358500
248	1.129100	0.057900	-0.312800	0.483600	0.136200	3.478200	0.000000	1.118200	0.921800	0.604800	-0.255800	-0.308100	0.916000	0.628100	1.236300	0.771800	0.251300	-0.205500	-0.285800	0.537700
249	1.047300	0.706100	0.914200	1.221500	1.068200	-0.334100	0.642300	0.599900	0.000000	1.083700	1.068600	0.588300	0.917800	0.263000	0.985800	0.461200	0.625100	1.038800	0.857400	0.438400
250	0.000000	2.681400	4.024000	5.101900	4.974900	7.671500	3.511100	4.942200	3.926800	2.737400	3.764800	3.757000	3.986800	3.940000	3.946500	2.824500	3.862600	3.835100	3.814300	3.983000
251	-0.687600	0.484600	0.029700	1.949100	1.521700	2.903500	0.738900	0.641000	-0.573400	-0.098100	0.638100	0.706200	0.090600	0.000000	-0.996800	-0.507500	1.336600	1.246900	1.346900	0.145000
252	0.397600	0.000000	3.766700	1.372700	2.228700	-0.432600	2.100300	4.585800	1.360100	0.593400	-0.225000	2.077700	3.730600	2.717700	1.770800	2.304000	3.505200	-1.197500	1.596800	1.844100
253	-0.174400	0.062100	0.042100	-0.053300	0.673300	1.703600	-0.277000	-0.190000	-0.138300	1.414900	1.064600	0.000000	0.544600	-0.215200	1.999700	0.015800	1.059100	-0.034500	-0.048500	1.391300
254	-0.031000	0.160400	-0.328300	0.726000	0.157800	-0.128100	-0.015300	0.672300	0.106500	0.072700	-0.058900	-0.281300	0.000000	0.062000	0.379300	0.389100	-0.093600	0.082200	-0.061400	0.408700
255	1.132400	0.677600	0.391600	0.138500	0.373300	1.936800	0.302400	0.000000	0.730400	0.392400	-0.376800	-0.133700	1.575800	0.328600	2.630400	0.773200	0.743200	0.654000	0.609300	1.730300
256	2.611600	1.794700	0.099800	0.686700	0.000000	3.378600	1.639100	2.155500	2.317100	1.647200	0.548500	1.354400	3.019300	1.874300	3.850700	2.116900	2.093400	1.046100	0.571600	2.131600
257	2.025500	1.635800	0.923700	2.045300	1.340000	0.000000	0.633500	2.125100	1.501600	1.519400	0.628100	0.829600	1.844600	1.563700	1.526200	1.439400	1.584000	1.774600	0.137800	1.591300
258	4.045900	2.940500	0.000000	2.724400	2.214000	0.959000	4.517700	2.428700	3.599900	3.030900	0.162200	3.613900	4.513300	3.319400	4.908000	3.757700	3.182800	8.855300	3.210400	3.632600
259	1.631400	0.465600	0.302900	0.647200	0.224300	-0.879700	-0.008500	1.302300	1.554400	1.494600	-0.085400	0.173800	0.482500	0.000000	1.539700	1.191100	-1.593100	-0.777900	-0.287800	0.735000
260	1.293300	0.561600	-0.777000	0.935000	0.183100	0.355400	-0.394700	0.379300	0.391700	0.623000	-0.773400	-0.515800	0.000000	-0.162900	0.423900	0.332000	-0.032400	-0.220700	-0.296100	0.442700
261	0.597300	-0.155600	-1.579600	-1.263700	-1.778100	1.175400	-0.364800	-0.399600	0.000000	-1.419000	-1.953900	0.186600	-1.291400	-0.334300	-0.403400	-0.294800	-0.364800	-0.151600	-0.588100	-0.585800
262	0.671800	-0.037400	-0.692400	-0.137400	-0.526500	-1.276800	-0.207400	0.000000	0.443600	0.385900	-0.632400	-0.316500	-0.610800	-0.222500	-0.433200	0.162100	-0.020000	-1.217400	-0.759600	0.314500
263	3.042600	2.193000	0.000000	2.168300	0.820700	0.665400	2.544700	2.742500	2.634200	2.614100	0.829800	1.490400	0.312900	1.595000	3.032900	2.496900	2.286800	1.229400	2.282800	2.523700
264	4.703200	3.575400	2.101500	3.334600	4.036600	4.369600	4.397400	3.919900	4.992800	3.608100	1.795300	3.403500	5.122900	4.584600	5.413200	3.763900	1.831200	0.000000	0.949800	2.949800
265	0.758500	0.002400	-0.333600	0.426200	-0.181500	5.224100	-0.342200	0.000000	0.131900	0.745200	-0.253500	-0.516900	0.112600	-0.173300	0.033900	0.457500	0.423400	-0.050000	-0.091700	0.685600
266	1.362300	0.688700	-0.283500	1.278500	0.525500	3.381900	0.276700	1.558500	0.910000	0.928600	0.021700	0.070900	0.130500	0.000000	0.250100	0.528200	0.461200	-0.147400	-0.212400	0.635800
267	2.743700	3.170300	4.817400	4.064600	5.617500	6.776600	4.291900	3.479500	3.637300	3.072600	2.676900	3.185600	3.431300	3.830900	0.000000	2.590600	8.246200	7.828100	7.014800	7.230700
268	2.059400	0.712500	-0.564100	1.021300	1.073100	3.618800	0.000000	2.595500	1.874600	1.280300	-0.242500	0.339700	1.027700	0.984000	1.890000	1.728900	-0.007200	0.101500	-0.114100	1.400700
269	3.868400	3.007000	0.000000	2.713400	0.952800	5.940100	7.357400	3.368800	4.127500	2.827500	0.088600	3.802100	2.152400	2.999800	3.862600	3.286800	20.245700	10.346100	9.203600	17.154100
270	0.000000	6.218300	9.245500	10.784900	11.070800	14.419300	11.241400	11.341400	7.531200	8.659100	8.340300	9.997700	10.585600	10.169300	9.174500	9.001700	17.040100	11.816500	8.930500	13.221000
271	5.791100	4.039900	0.000000	1.596800	2.207300	3.597100	7.132700	4.292000	5.567200	3.870500	0.067100	5.589900	3.357500	2.742100	5.127400	4.648600	13.504300	7.063700	4.473500	3.695600
272	1.772700	0.640300	-0.238000	5.166200	4.356100	4.423100	-0.030200	1.263400	1.501600	1.237900	-0.061800	0.000000	1.546400	0.454800	2.297600	1.574600	1.267900	1.080200	0.869400	1.479200
273	0.937100	0.000000	-0.391800	0.058500	-0.665800	2.355600	-0.014200	0.351300	0.260100	0.676100	-0.536300	-0.179500	0.051300	-0.436900	0.653700	-0.476700	-0.826800	-0.522500	-0.732600	-0.204500
274	5.415400	3.538200	1.227400	4.095600	2.959300	6.557500	3.505100	3.974500	4.333000	3.940400	0.000000	3.031700	5.797400	4.322500	5.790500	4.935300	19.063500	23.553000	14.973600	16.362600
275	2.216500	0.799700	-0.371000	2.042300	2.243800	9.682100	0.438100	3.267400	-0.014300	1.213300	-1.201600	0.408500	0.569800	0.266700	0.000000	0.540200	0.455900	-0.206400	-0.424000	0.086400
276	1.470000	0.656200	0.114200	0.751000	0.127000	3.575000	0.012400	0.325600	0.527100	1.098300	-0.132500	0.000000	0.734700	0.466800	1.558600	0.535000	0.284800	0.252400	0.001200	0.163700
277	-0.169000	0.000000	-0.469400	1.037900	0.678300	1.302000	-1.107300	1.295200	0.216100	0.343700	-0.598600	-0.762300	0.499100	-0.427400	0.657800	-0.665600	-0.129600	-0.591000	-0.616000	-0.799800
278	0.000000	2.745100	2.385900	3.889100	4.369000	6.498600	1.047500	4.314600	2.443700	2.637100	2.605100	0.838200	2.660500	2.392100	2.841000	1.860400	2.874200	2.482900	2.473000	1.992300
279	1.089400	0.210800	-1.005900	0.285200	0.049700	4.116300	-0.383000	1.488800	0.198400	-0.462800	-1.035300	-1.767900	1.726600	0.000000	1.925300	-0.168000	0.372000	-0.456500	-0.686100	-0.270100
280	5.412700	4.108300	0.000000	1.499000	0.408800	5.175700	3.904000	2.279600	3.975600	3.106200	0.104200	2.168500	4.988300	4.221500	5.617600	4.218000	14.210600	9.995800	4.400600	6.068700
281	2.522300	1.342400	-0.558800	0.000000	-0.279100	3.534800	0.621900	1.086100	1.839900	1.042600	0.273300	0.477900	1.148700	1.129100	1.886300	1.602100	0.809000	0.793700	0.315400	1.442400
282	4.257700	3.444800	1.012800	2.716000	2.189700	4.433900	0.534000	2.895800	3.764300	2.635900	0.738000	1.882400	3.127400	2.598300	3.733200	3.348600	0.938900	-0.357700	0.000000	2.498400
283	4.142600	2.954700	0.000000	2.116600	1.014200	2.900000	2.164900	3.537500	3.856300	2.506200	0.287000	0.981900	2.723000	1.820000	4.449700	3.318000	2.018100	0.929700	0.434800	2.696500
284	1.009900	0.000000	-0.259400	1.400800	-0.720200	1.389900	-0.445000	1.846800	1.150100	0.196100	-0.528400	-0.213700	0.445100	0.075900	1.002000	0.700800	1.245000	-0.111200	-0.126700	0.622700
285	3.156000	2.580500	0.000000	1.951100	1.102600	4.656900	2.238900	1.887500	2.827700	2.030700	-0.384800	0.204300	2.841300	2.519700	3.269100	3.058200	2.346800	1.905300	1.897100	2.806500
286	0.920800	0.764000	0.518900	1.018000	1.006500	-0.257000	0.094700	0.637400	0.593400	0.580100	0.267200	0.104100	0.000000	0.256700	0.937400	0.451200	0.352100	0.320900	0.297600	0.621900
287	0.000000	2.229900	3.745600	5.685100	7.364400	7.501100	2.588400	5.228400	2.809200	2.680000	2.526300	2.576300	2.675400	3.308600	3.523800	3.003200	3.024800	2.496100	2.458300	3.252200
288	2.354100	3.128600	2.506500	3.868200	3.339400	1.840900	2.461400	4.070300	2.930200	3.003700	2.795600	2.627100	2.983500	2.832900	0.000000	1.991900	3.400800	2.865700	2.808700	2.706900
289	5.399700	4.240600	2.510400	4.763500	3.984000	6.705000	3.546300	4.906900	3.866400	4.630400	2.740600	1.956000	5.452900	4.381100	7.083500	3.362200	2.579400	3.218800	1.151300	0.000000
290	2.238800	2.429600	0.000000	2.888900	1.863600	9.179800	1.513500	2.292600	2.642000	1.720200	0.193800	1.274600	1.823000	1.510900	2.248700	1.663400	1.560200	1.864500	1.324300	2.290900
291	1.455100	1.053800	0.580400	0.730400	0.342300	9.549300	-0.225900	0.982100	1.037900	0.481200	0.322300	-0.457200	0.628300	0.000000	0.749300	0.134400	0.997900	0.670000	0.607200	-0.135900
292	3.462700	2.359400	0.000000	1.364200	1.451900	4.268400	2.219900	2.325300	2.575500	2.345400	-0.514900	1.640700	3.099700	2.032600	3.500600	2.627700	-0.902500	1.134500	-0.366500	1.004500
293	0.983400	1.957900	1.651800	1.935600	2.184600	1.089800	1.158000	0.730600	0.000000	1.470700	1.173300	0.992100	1.190200	1.344900	0.831000	0.574300	1.440100	1.739100	1.681200	2.168000
294	1.167700	0.220200	-0.538400	0.271300	-0.063000	0.487200	-0.554900	0.691300	1.275800	0.878400	-0.338400	-0.400400	0.000000	-0.471200	0.899100	0.440600	-0.385700	-0.632600	-0.769000	0.593900
295	1.058400	1.147400	0.704100	1.107600	1.030300	0.786200	0.733900	0.876600	1.277200	1.127100	0.476600	0.235400	0.000000	0.462100	0.033200	1.019900	0.540000	0.733300	0.607600	0.993700
296	5.654600	4.659400	3.100900	4.578700	4.011500	2.769200	4.281900	4.550500	4.514500	4.762900	2.128200	4.088800	4.415000	4.050000	5.422800	5.273600	0.000000	1.921900	1.330900	4.704100
297	6.626700	5.114300	2.059500	3.850200	3.120800	7.552000	4.466900	5.347800	6.771900	5.437800	1.487100	4.961500	6.064300	4.926700	6.855900	6.039100	0.979900	0.994300	0.000000	4.153600
298	3.335800	2.148700	0.395200	2.021100	0.946100	5.608000	1.718000	2.485000	2.428000	2.329000	-0.507200	1.654300	2.554800	1.994600	3.968600	2.663700	1.316200	0.000000	-0.764000	1.915100
299	0.449000	0.000000	-0.981500	-0.453500	-0.949700	4.552900	-1.383100	-0.042200	0.538000	0.211900	-0.717100	-1.216200	-0.193500	-0.763300	0.532700	-0.461500	-0.415300	-0.976800	-1.047500	-0.526100
300	1.680200	0.055600	-1.749900	-0.458400	-0.167400	2.069800	-1.131100	0.020500	0.029000	0.558900	-1.004400	-1.154100	0.363500	-0.304100	1.173300	0.449400	-1.356400	-0.912000	-1.130900	0.000000
301	4.447100	4.061000	-0.106000	1.165400	0.000000	4.193100	4.330100	3.469600	5.210400	4.000800	0.198600	3.498900	4.335100	3.030000	5.393400	3.939000	2.637300	5.822900	1.612000	2.519200
302	4.498700	3.078600	-0.139100	1.562900	0.000000	4.229200	0.960500	3.741000	4.290400	2.929900	-0.791900	2.163100	4.567500	3.030100	5.278100	2.713600	2.446200	0.964200	1.269100	3.589400
303	2.324000	1.615600	1.661500	1.723600	1.220100	0.000000	-0.343600	1.873300	2.186100	1.493900	0.606400	0.257800	1.930100	0.851600	2.521600	1.548700	1.919900	1.879700	1.906400	1.361800
304	3.693200	2.757800	0.326300	2.666300	1.106900	1.745500	1.181900	3.046400	3.343400	2.325300	0.055300	1.086700	3.426600	2.796400	4.099600	2.498300	1.126100	0.408900	0.000000	1.920500
305	5.378100	4.067000	0.000000	2.075800	0.819600	6.952000	4.503600	3.293600	4.706500	3.134700	1.306200	4.675400	4.756000	2.700300	5.605500	3.418000	7.071100	5.505900	-0.633000	3.148900
306	0.039800	-0.143400	-0.891200	0.017400	-0.165900	1.754200	-1.305400	0.134700	0.207100	-0.300900	-1.700300	-1.364300	0.000000	-0.179700	0.532700	-0.006600	-1.090200	-1.128200	-1.626200	0.086800