SITE	GLY	ALA	LEU	VAL	ILE	PRO	ARG	THR	SER	CYS	MET	LYS	GLU	GLN	ASP	ASN	TRP	TYR	PHE	HIS
1	1.191100	1.188700	0.145500	0.923000	0.226000	1.173500	0.338100	0.809600	1.198700	0.765200	0.000000	0.259100	0.944500	0.758400	1.290300	1.167200	1.157200	0.378500	1.429400	1.266500
2	0.838600	0.196600	-0.755400	-0.249100	-0.686200	-0.026100	-0.165600	0.128400	0.423900	0.160700	-0.464600	-0.134400	0.000000	-0.000700	0.373200	0.600700	0.390700	-0.293100	-0.413300	0.418000
3	0.458600	-0.537600	-0.540300	1.089700	2.954000	1.178100	-0.877500	1.120300	0.000000	-0.098400	-0.699800	-0.508300	0.323400	0.039300	0.659700	0.288000	-0.757000	-0.669500	-0.733200	-0.089300
4	3.582100	2.165200	0.000000	1.500100	0.810800	8.031900	1.243400	1.673700	2.522500	1.716000	0.036700	0.573300	1.714400	1.283000	2.374400	2.139700	0.836100	0.589300	0.349000	1.663400
5	1.591500	1.067000	-0.603900	0.615900	0.306200	0.493200	0.099000	0.000000	0.320800	0.492000	-0.492700	-0.271800	-0.277500	-0.340500	0.909900	0.454000	1.105800	1.214900	1.280500	1.631500
6	4.048600	2.957400	0.000000	1.359800	0.241100	4.089700	2.317800	2.822800	3.661400	2.559300	0.041400	2.072600	3.176800	2.530300	3.723900	2.334900	1.495600	1.207100	0.613400	2.753300
7	0.406100	0.282200	-0.530200	0.682200	0.476500	-1.231600	-0.467200	0.625200	0.238500	0.248500	-0.840100	-0.324300	0.039100	0.000000	0.253300	0.046700	-0.485300	-0.482600	-0.705500	-0.027800
8	3.016300	2.224300	2.152700	2.951500	2.497500	0.000000	1.702600	3.424000	2.959100	3.019900	2.551500	2.377800	2.144400	2.631600	3.386900	3.124800	2.129700	2.183200	2.332800	2.871700
9	4.102000	2.968000	0.564700	0.971700	0.000000	6.234300	0.718500	2.270400	3.325000	2.389600	0.404900	1.721300	4.123900	2.545500	4.308900	3.118600	0.952400	0.837700	-0.208600	2.707100
10	0.659700	0.000000	0.137900	0.787800	0.398900	-1.024000	0.251800	0.891700	0.668700	0.872300	-0.129900	0.095800	0.427800	0.095300	0.668800	0.673500	0.192200	0.295600	0.216000	0.738900
11	0.467800	0.205800	0.238300	1.475800	1.532300	3.176900	0.000000	0.232500	-0.180500	0.248100	0.693100	0.005800	1.622400	0.633200	2.303300	1.145100	1.865500	0.640900	0.565500	1.448500
12	4.479400	2.880600	0.828400	0.000000	2.782900	4.018900	5.306100	2.573200	4.466900	2.544000	0.014300	3.958100	5.773400	3.587200	6.257900	3.912300	13.119400	11.151600	8.075500	5.972000
13	0.700600	1.202600	1.345000	1.297000	2.274900	2.830000	1.685400	0.847600	0.262600	0.949700	1.972900	0.944900	1.049200	1.434400	0.000000	0.780200	1.528500	0.006200	-0.028700	0.657700
14	0.000000	3.422400	5.740100	7.100700	8.347400	13.329600	4.437900	7.485000	4.701800	4.111300	4.494300	4.554800	4.828800	4.711400	3.048400	3.006900	6.631900	4.702500	5.603000	4.050800
15	1.319400	0.952600	0.676500	0.771800	0.328600	2.472000	0.382100	0.000000	0.896500	0.642600	0.048800	0.271900	0.720500	0.287800	1.502100	0.697400	1.276600	0.920000	0.875100	1.300300
16	5.390900	3.636900	1.338300	0.643100	0.000000	4.796300	7.459000	2.931500	4.841700	3.038300	1.379000	5.088200	5.632700	2.926700	4.221400	2.197700	8.274500	10.414400	5.872200	4.431500
17	1.406900	1.147000	0.785100	0.844200	0.258600	0.522300	-0.896700	0.658900	1.123700	0.944000	0.980500	0.316700	0.354000	0.598400	-0.400300	0.000000	0.498600	-0.240600	-0.399800	0.482700
18	5.217000	3.549700	0.000000	2.116100	2.549400	6.025800	11.346400	2.336800	4.251300	3.342600	0.782800	4.330900	5.998400	4.049900	5.956900	4.211400	27.790500	19.594000	12.487700	15.728700
19	3.445200	2.597100	0.995800	1.941000	1.425700	0.000000	1.368500	3.330900	3.066000	2.509400	1.121800	1.920200	3.119300	2.441800	3.853100	2.726400	2.546800	0.124400	1.989500	1.859100
20	0.000000	2.351600	23.191000	12.723600	20.201600	4.804400	23.018000	11.800600	6.319500	7.912700	17.724100	17.759600	18.776700	17.692000	16.930500	15.447000	56.665700	44.389500	42.339200	75.067900
21	1.286000	0.045700	4.152200	2.926000	4.251600	6.453500	6.270900	4.093600	0.000000	-0.037100	2.007600	4.359900	5.487000	6.408700	1.059700	1.647700	18.025500	7.101700	2.706400	5.522600
22	0.700400	-0.368600	-1.554600	-0.894400	-1.772800	-0.075300	0.523300	-0.349800	0.361800	-0.110100	-1.887800	0.000000	-0.396500	-0.584600	1.107500	-0.141000	1.736700	-0.857000	-1.223000	-0.117200
23	1.256200	-0.188300	-0.350500	0.661600	0.900400	-1.046800	0.090900	0.105700	0.000000	0.426200	-1.353800	1.490900	1.412800	-0.595800	-1.337800	-0.765800	-1.296700	-0.465500	-1.318300	8.283300
24	4.266400	2.154500	-0.566700	0.000000	-0.454000	2.647500	6.287100	2.251600	3.768800	2.445500	-0.195800	1.843200	3.891600	1.780500	4.078700	2.416800	22.293000	12.188800	2.203800	6.002100
25	0.824600	-0.909700	7.786700	2.916600	5.749600	7.803100	18.504000	-0.308200	0.000000	0.798100	10.516700	7.582200	10.986900	9.932100	6.299800	3.359300	25.359100	32.235900	27.431500	19.752700
26	1.594500	-0.012400	-2.189300	-0.451700	0.069800	2.131800	9.145200	0.280000	1.089600	-0.312900	-1.582100	2.915100	2.120400	2.154100	0.312500	0.000000	18.623500	20.467300	16.185800	23.189600
27	5.673300	4.058100	1.550400	2.270200	1.278100	4.837900	0.000000	3.630500	5.138500	4.117800	1.490200	2.053800	4.996100	3.335100	4.408300	2.963600	4.838000	1.629400	1.027700	3.606100
28	1.893900	0.000000	2.730700	0.768900	2.375700	6.083600	13.512700	0.518500	0.174300	1.984900	4.410600	10.387300	6.431800	7.934100	3.844500	2.916200	31.568900	24.690800	19.107200	17.989600
29	6.293600	4.326600	0.000000	3.397000	2.224700	7.612800	5.573000	3.895800	4.899500	4.150800	0.554600	5.206500	5.031300	4.111400	6.143300	3.653900	8.553500	4.939600	3.224100	5.166000
30	5.001600	3.443400	0.000000	2.875300	1.755500	6.431400	4.585000	3.486000	3.923800	3.479100	0.160000	3.059000	4.181100	2.647400	5.074100	4.058800	0.998200	4.158100	1.822200	3.355900
31	5.478200	3.522700	0.000000	3.978900	4.557300	7.293500	8.420000	3.210500	4.466500	2.942400	-0.017900	4.626100	4.864400	2.885600	5.379600	3.185600	9.000500	4.055700	6.030800	4.481600
32	2.020000	0.000000	6.452900	2.472700	6.026500	7.215500	13.858400	1.498700	0.692800	2.858600	4.408600	13.719700	9.319600	8.540500	10.139700	8.913900	35.642500	26.089000	25.714000	46.853200
33	2.258700	0.000000	3.754000	0.377000	2.805000	3.563400	7.130900	1.262900	0.512900	1.236900	0.927700	7.865700	7.478300	6.257900	7.251300	4.327400	21.941700	17.966700	14.556100	23.103700
34	4.937700	3.609800	0.000000	1.828700	0.786300	6.274000	2.422800	2.846600	3.537100	3.022500	0.263500	2.085700	4.470300	3.122400	5.740900	2.839200	6.099500	0.211400	-0.803700	1.384700
35	0.501500	0.000000	5.689700	3.705100	5.184300	7.418600	18.005200	7.817300	-0.033500	0.167100	7.783900	9.313200	11.512400	8.276300	9.085400	5.421400	53.910000	31.251900	23.790200	34.407800
36	0.322300	-0.476700	-1.048100	-0.831400	-1.311400	0.337900	-1.004600	-0.756100	-0.199100	-0.637800	-1.003900	-1.320500	-0.565300	-0.697500	-0.163400	-0.295600	-0.643300	-0.559700	-0.630300	0.000000
37	0.000000	3.696800	3.107800	5.753900	5.165000	6.577500	3.334500	5.913700	3.853500	3.506900	2.772500	3.226400	2.897800	3.041700	3.076500	3.464800	3.312600	3.014600	2.781400	3.725600
38	2.453500	1.374100	-0.556300	-0.159200	-0.888600	1.157800	0.460900	0.335000	1.669600	0.809500	-0.211900	0.000000	0.340400	0.412500	1.493500	1.265700	0.768500	0.301000	0.196200	1.011600
39	3.490600	1.602000	1.510400	-1.302600	-1.448000	3.091700	16.140500	0.000000	2.188000	1.081100	1.463900	7.633700	6.281700	4.503400	4.548000	4.625700	28.895200	14.325300	9.319300	27.784200
40	2.635100	1.933300	-0.045300	0.000000	-0.494700	2.298800	1.871500	1.246800	2.438000	1.175700	1.165600	1.044000	1.046700	1.386200	2.214000	1.805900	4.083800	2.383100	3.041700	2.430600
41	5.836900	4.275700	0.000000	2.326100	1.348200	5.249300	9.839000	3.575200	5.495400	3.561700	1.309600	4.326600	5.054500	4.199300	5.563500	4.116900	19.107800	8.759100	4.791100	4.405700
42	0.804300	0.173600	-1.930800	-0.993000	-1.283700	1.230800	-0.601900	0.000000	0.541000	-0.175900	-1.184000	-0.924200	0.211200	-0.016300	-0.020500	-0.316700	0.025200	-1.362400	-1.590900	0.041300
43	-0.170200	1.499100	0.286700	2.219400	2.365200	5.820000	0.276200	2.681900	1.553400	1.329500	0.401200	0.274400	1.405000	0.073900	1.374200	0.000000	0.214600	0.616100	0.164500	0.411800
44	4.610000	3.324100	0.000000	1.786700	1.969400	8.393700	3.112700	3.816200	3.631300	2.900600	0.093100	0.863000	5.106400	2.853900	4.780900	3.466100	11.503100	11.655700	6.269700	6.464400
45	3.439200	2.068000	0.000000	2.647700	2.175200	4.088900	2.959100	4.386800	3.676000	2.189400	0.985900	1.881400	5.393700	3.020800	4.811500	2.155400	14.752100	14.766800	6.470200	60.871800
46	0.918600	0.431200	-0.459900	0.056600	-0.092600	0.126000	-0.067900	0.047800	0.311600	0.258200	-0.598300	-0.095000	0.628900	0.088400	0.000000	-0.040700	0.292900	-0.870300	-0.219500	0.784100
47	0.324500	-0.636800	6.516900	3.741900	5.101700	6.633900	10.533700	5.457200	0.000000	-0.729500	5.807600	10.273100	8.037500	9.825000	1.834200	1.922800	31.460400	16.938900	13.815500	30.330800
48	0.681700	-0.312600	-1.031200	-0.399000	-1.140500	1.508400	-0.868100	0.192300	0.430900	0.388200	-1.719700	-0.957200	-0.338300	-0.672800	0.000000	0.002800	-1.291000	-0.623800	-0.653000	0.193400
49	1.755600	0.565800	-0.598500	0.936000	0.450000	2.451700	3.360200	0.617800	1.571200	1.157700	-0.908100	1.479500	-1.308400	0.535000	0.000000	1.051800	0.780300	-1.980300	-0.386500	0.086900
50	3.866400	2.343200	2.339700	0.000000	0.253000	-0.083800	7.485800	0.791300	2.152300	2.063000	2.548500	3.885200	6.116800	5.154900	4.769200	3.268600	13.284300	11.641100	10.110300	9.578200
51	0.494500	-0.481300	-1.179500	-0.396100	-1.074500	3.100900	0.000000	0.032300	-0.205500	0.352600	-1.457600	-0.611700	0.399400	0.011200	0.806100	0.061000	-0.186900	0.031700	-1.370600	1.169200
52	1.527000	0.152200	-1.414200	0.199300	0.191600	3.143100	-0.043900	-0.117100	0.624300	0.605700	-1.123900	0.019300	1.503700	0.198200	2.197800	0.744000	-1.703500	-0.675400	-1.332800	0.000000
53	5.021800	3.591900	0.164900	2.130700	2.122500	4.080500	4.611700	3.631400	4.373500	3.564500	0.000000	1.868000	4.674700	2.473400	5.594700	3.503400	9.325000	6.054700	0.791700	3.264900
54	4.220100	3.301700	0.000000	3.786800	3.134800	6.168800	1.963200	3.690100	4.874100	3.437700	0.331300	3.191200	3.144200	2.245500	4.512100	3.712800	3.048500	4.826900	2.960800	2.570000
55	0.802000	0.084300	-0.368700	0.473000	-0.318900	3.985100	0.012700	0.260000	0.007900	0.687200	-0.844400	-0.249600	0.158800	-0.154100	0.587700	0.000000	-0.444300	-0.318800	-0.439000	0.456700
56	2.159400	0.000000	-0.987800	-0.679500	0.619200	4.394800	5.941300	0.833000	0.719400	2.199000	-0.598800	1.354900	4.449700	2.566700	3.696800	3.053700	8.185900	5.278900	4.196900	15.582800
57	6.001800	4.098400	0.000000	4.217700	3.716800	6.449300	4.451800	3.074300	4.627900	3.840600	-0.244400	3.073500	5.280400	4.165900	6.162300	4.575300	2.539200	7.681200	1.958900	3.301700
58	0.297800	-0.524600	-1.141000	0.203400	-0.305500	5.615000	-1.087300	0.000000	-0.221800	0.010500	-1.084600	-1.120100	-0.606400	-0.898200	0.319700	0.110100	-0.428500	-0.279100	-0.297500	-0.159100
59	1.571000	0.000000	-0.621200	0.674400	0.194600	3.457700	-1.183100	2.883200	1.172700	0.833900	-0.862600	-1.107900	0.571800	0.279500	1.447700	-0.031400	-0.722900	-0.320700	-0.466100	-0.060100
60	5.172300	4.284700	0.000000	3.335000	2.060500	5.666000	5.586400	3.955300	4.232000	3.555100	-0.061000	3.966600	6.459600	4.136400	7.207200	3.813300	10.215000	9.642100	4.758400	19.749800
61	0.000000	3.910700	4.332000	5.442400	5.347600	9.335300	3.066000	5.282800	4.052500	4.030100	4.118000	3.631200	4.529600	3.996000	4.495800	4.092700	4.132900	4.273200	4.224200	3.688200
62	4.038900	2.329600	-0.650400	0.000000	-1.041200	3.691500	3.935800	2.224500	3.610800	2.012900	-0.113800	2.083100	4.357600	2.066500	4.595000	1.965900	15.787800	17.984800	9.911000	9.012800
63	0.566600	-0.377800	-0.841400	-0.340900	-0.783000	-1.133500	-0.690700	-0.293200	0.000000	-0.240700	-1.017300	-0.914200	-0.488000	-0.525800	-0.036000	-0.127400	-0.616200	-0.437900	-0.524900	0.207000
64	3.355100	2.213400	-0.137000	3.364100	2.640200	4.125100	2.516900	4.080300	3.038600	2.202100	-0.739500	0.789400	3.554300	2.458500	3.550100	2.684800	-0.230500	0.000000	-1.257800	1.764700
65	0.403100	0.369400	-0.327900	0.071000	-0.026400	2.534600	-0.075400	0.000000	0.276600	0.228600	-0.543100	0.030300	0.320800	0.256800	0.656900	0.548600	-0.133700	-0.097000	-0.110700	0.563900
66	3.457900	2.939700	0.000000	1.585000	1.339600	2.767200	2.948400	2.188300	3.215500	1.996900	0.186900	2.065700	2.271500	2.405100	3.574600	2.856500	2.275000	2.417400	2.295800	2.774600
67	0.420800	0.141100	0.158300	1.937700	1.803200	4.382000	0.122800	1.384400	0.000000	0.779500	0.365200	0.263300	0.696800	0.524700	0.373800	0.614200	1.026100	0.281800	0.302100	0.932900
68	0.245300	0.000000	0.109600	0.160500	0.095800	-0.627300	-0.094300	0.134400	0.261500	0.341100	0.153300	-0.014400	0.131800	0.022800	0.264500	0.154000	0.196000	0.102900	0.062200	0.276500
69	2.298700	2.372100	2.358200	2.831100	2.887200	2.223600	2.259600	3.057700	2.454700	2.580400	2.458400	1.941200	2.000200	2.121900	0.000000	1.007600	2.515300	2.231900	2.320000	2.616400
70	-1.270600	0.648000	-0.600800	1.484100	1.780100	4.671400	0.000000	1.728300	0.312100	-0.041700	-0.811300	-0.530600	1.630800	0.749000	1.421300	-0.864200	-0.798400	-0.400500	-0.716400	0.261200
71	1.060200	0.951800	0.692700	1.377400	1.055600	3.660200	0.502300	0.000000	0.050600	1.033400	0.963500	0.534900	2.182800	0.745200	1.661700	0.790000	1.547400	1.113400	1.301800	0.456700
72	1.466800	0.989200	-0.390700	0.619400	-0.358600	3.868600	0.000000	0.390000	1.166600	0.703200	-0.759300	-0.270300	0.684000	0.391800	0.944000	0.616400	0.520100	0.171700	-0.005700	0.415900
73	3.507700	0.974200	-0.597200	-0.545700	-1.305900	3.943300	7.173100	1.818300	1.804500	0.000000	-0.349600	5.614200	2.521900	2.863500	2.824200	1.543900	20.745700	4.200000	12.531800	3.215300
74	1.957800	1.014000	-1.030900	-1.218700	-1.871700	1.900200	0.329000	-0.057600	1.199000	0.381200	-0.820100	-0.335500	0.000000	0.020400	0.744700	0.681800	2.244200	0.694700	1.980800	0.017800
75	5.573500	4.228400	-0.326600	1.150700	0.000000	6.537000	5.646700	3.333500	4.821300	2.973700	-0.213200	2.780100	4.205900	2.915600	4.835700	3.957400	3.727500	3.096800	0.950200	8.510500
76	2.343200	1.498300	0.454600	0.745500	0.000000	1.553000	0.534200	1.272900	1.887500	1.327100	0.567500	0.648100	1.158400	1.119400	1.241000	1.183500	0.481300	0.996900	0.879300	0.852200
77	0.000000	2.486300	12.101800	13.028900	17.453400	7.325600	20.931600	11.737000	4.599500	4.254900	10.673200	18.240400	17.968900	16.500200	12.269200	10.982700	51.679500	34.963700	24.811600	22.361100
78	1.519300	0.597600	-0.511200	0.967400	0.065400	2.784400	-0.777400	2.302600	0.986100	0.256700	-1.025700	-0.611800	0.895400	0.102800	1.664900	0.000000	0.228000	-0.843400	0.166500	0.724600
79	0.000000	1.564400	2.202700	2.983100	3.870500	6.401500	1.236000	3.072000	2.170300	1.624300	1.747500	1.314200	1.768000	1.193500	2.435000	1.619600	2.733800	1.389400	1.186800	1.754200
80	0.000000	2.999100	2.995200	4.065000	3.673100	8.554500	1.926300	4.103800	3.293600	2.760100	2.007900	2.289500	2.949200	2.463700	3.253400	2.796100	3.138600	3.505100	3.282400	3.633900
81	3.229700	1.787600	1.953300	1.881300	1.284100	0.000000	1.524300	2.681900	1.968600	1.967800	1.538900	1.592200	2.269800	2.325800	2.847500	2.810400	1.947800	2.393500	2.276000	2.237800
82	4.716000	3.661700	0.000000	2.739000	1.690100	1.441300	6.291400	3.942600	4.587000	3.276100	-0.480700	3.085300	4.051200	3.334100	5.366600	4.169100	10.557200	12.178700	4.950300	3.468200
83	0.176600	0.135900	-0.043900	0.214600	-0.035400	1.794700	-0.209400	-0.294400	-0.357100	-0.073000	-0.333900	-0.177000	0.467700	0.151700	0.881400	0.173800	-0.302200	-0.335700	-0.731600	0.000000
84	0.760300	0.000000	0.896900	3.311400	1.717800	5.800700	-1.119400	2.561700	0.609200	0.161200	-0.093500	-1.279100	0.749500	0.752200	2.186100	-0.008600	3.611800	0.134100	0.561300	0.608500
85	-0.341100	1.285100	0.936600	0.254900	0.060100	0.829700	0.033700	0.290800	-0.161400	0.118200	0.747500	-0.291600	0.000000	-0.037900	-0.058500	-0.245500	-0.081800	-0.083400	-0.396400	0.323800
86	0.000000	2.572800	2.640800	3.736300	4.943200	6.625000	2.508200	3.505200	2.519000	2.583800	2.642000	2.262600	2.751100	2.637500	2.660000	2.155300	2.635700	2.452600	2.457300	2.747000
87	-0.766400	0.000000	0.735800	1.919000	4.861100	3.375400	0.366600	0.824800	-0.151600	0.462100	0.017000	-0.451000	0.396400	-0.051300	2.406400	1.151700	7.086000	2.989400	2.932100	3.784800
88	2.625100	1.806000	0.000000	1.506600	1.302100	6.630100	0.381700	1.697100	2.382600	1.849100	0.175800	-0.045800	2.144400	1.456600	2.644500	2.344200	1.617400	1.048800	0.891800	1.701600
89	1.816000	1.248400	-0.635100	0.034200	-0.406400	0.730900	-0.088200	0.607400	1.533900	0.403300	-0.644300	-0.454700	0.000000	0.067400	1.394700	0.840600	-0.252200	-0.405600	-0.475200	-0.004500
90	6.211300	4.744600	0.000000	2.507800	1.258300	7.048000	6.138600	5.217700	5.626600	3.714800	0.071500	4.359900	6.132500	3.245000	6.128000	4.379500	15.201900	9.066700	6.215400	7.164300
91	2.520100	1.906500	0.719600	0.872800	0.455900	1.208200	1.380100	1.263700	1.994400	1.456800	0.556300	0.916200	1.221200	1.333700	1.174500	1.148100	0.945100	-0.080000	0.000000	0.782300
92	4.712600	3.736500	0.000000	2.706100	2.003200	8.324600	6.603000	3.025200	5.177400	3.598600	0.927700	3.226800	4.453100	3.971100	4.672200	3.134800	11.997400	7.804100	3.450400	3.970700
93	0.000000	5.629200	7.042400	10.470000	10.791700	17.538000	7.011100	10.390700	6.416000	6.177100	6.211500	6.772900	8.569500	7.505500	6.938100	7.094900	9.071400	5.675000	4.599400	8.047300
94	1.005400	0.290700	-0.660600	-0.681300	0.039900	-0.081000	-0.102000	0.297500	1.171300	-0.256700	-1.057500	-1.930100	1.158600	0.886400	0.362300	0.000000	0.957400	0.518300	0.297700	15.092100
95	0.622700	0.000000	5.175700	2.452100	5.240600	4.373200	10.839000	-0.603200	-0.633200	0.142700	4.428900	11.816200	8.034400	10.483600	1.536000	2.186200	33.452900	27.983400	22.170500	31.152600
96	0.000000	-0.334900	0.613900	0.953100	1.003900	-2.661200	1.962800	1.708100	0.961300	0.613700	-0.293400	1.579500	-1.230200	-0.260100	-0.628200	1.218200	3.667300	-0.211400	0.865600	1.183900
97	0.014600	-0.643900	-1.980800	-0.498000	-0.332100	-1.954900	1.857400	0.000000	-0.032800	-0.574900	-2.221300	0.919900	-2.301600	-0.336800	-0.821600	-0.173300	1.289500	-0.109100	-0.973000	0.282000
98	1.185300	0.000000	-0.839800	-2.534000	-0.569600	0.509500	10.684100	-1.441600	0.189400	0.094200	3.623000	6.666400	6.002400	6.094200	4.048800	1.048400	16.204400	12.248400	6.606800	20.839900
99	5.202100	3.757300	0.627600	1.569000	1.842300	6.847700	9.067700	3.165000	4.722200	3.664100	0.000000	3.454800	4.200700	2.932800	4.593500	3.473500	8.783600	5.486600	0.721100	3.044000
100	1.059800	-0.368400	-0.208800	0.832600	0.012300	2.208700	0.000000	2.717300	1.445300	-0.128000	-2.835800	0.005600	-0.225300	0.245200	0.209800	0.717000	4.495900	-2.823000	-2.777800	-0.429500
101	4.388100	2.777300	1.404000	1.626000	1.443800	0.000000	8.968100	2.566900	3.699400	2.869900	0.243200	3.434800	2.010800	3.510000	4.041900	2.942800	8.467500	5.345700	4.270000	4.366800
102	5.674300	3.644800	0.000000	3.032400	2.131700	7.159400	6.808900	3.634600	5.445000	3.641500	-0.488100	3.975800	4.725200	3.604200	5.446800	4.161200	9.576600	5.044700	0.432600	3.076100
103	1.691300	0.000000	2.334100	0.993500	2.849800	7.513500	15.182600	-0.671500	0.930400	0.592900	1.487500	8.693400	7.241900	6.632400	3.283900	2.551100	22.959200	15.246700	10.677800	33.055400
104	2.001000	0.000000	3.058000	2.600500	6.913000	6.433200	14.294400	3.465500	1.497700	1.305600	4.163100	10.904300	8.924300	7.489400	4.070100	4.339500	19.675500	13.800200	10.641100	28.376600
105	2.441200	0.000000	-2.224700	-1.778900	-2.357700	4.474500	1.371200	0.047900	1.063000	-0.036900	-3.732800	-1.070800	0.518300	-0.827000	2.659700	-0.443000	3.817100	2.099300	-2.015600	0.885400
106	5.106700	3.788900	0.000000	3.978500	3.568900	6.610900	3.437200	3.834700	4.958000	3.477000	-0.171600	4.058400	5.114300	3.519000	5.476800	3.720500	7.425600	3.568100	1.154000	3.179100
107	2.776900	1.093600	0.076900	0.252500	1.979200	6.313700	16.107100	1.120400	1.062500	0.000000	0.131700	6.892300	3.919000	4.437900	3.486000	2.394600	32.485100	19.753500	13.639600	19.522900
108	4.236400	3.555600	0.000000	1.977500	0.694300	5.739100	1.706200	2.695200	3.542000	3.056700	-0.122800	2.109500	4.585500	3.168700	5.043700	3.436900	7.881600	7.311700	6.278300	3.858500
109	0.000000	3.726100	3.474700	5.262300	4.868500	5.754200	2.496300	5.296500	4.168200	3.908600	2.948500	3.400100	4.009800	3.901400	3.222300	3.703100	2.817000	3.377300	3.205600	4.051200
110	0.064600	0.046700	-0.264400	-0.205200	-0.170800	0.148700	-0.251100	-0.182400	0.000000	-0.023800	-0.251900	-0.308300	0.098300	-0.233800	0.432000	0.104600	-0.202200	-0.403300	-0.386500	0.162400
111	3.230800	2.382800	3.613500	3.798700	5.774100	5.459500	7.847200	2.837700	2.340200	2.290200	2.581700	4.218000	6.513100	6.272200	2.877200	0.000000	15.885100	11.026000	8.775600	30.358200
112	2.143400	1.110500	0.870800	1.720800	1.333400	4.612500	1.424000	1.577900	1.143600	0.849300	0.949600	0.939000	1.561900	1.191000	0.000000	0.583000	1.938000	1.083300	0.919300	1.277400
113	5.734800	3.834300	0.928500	0.724400	0.000000	6.754000	12.637700	3.323400	4.536200	2.841100	2.278100	6.451800	6.679400	4.584200	8.164700	5.416000	21.675900	20.042700	9.843200	23.015700
114	4.099000	2.724100	0.188200	0.000000	-0.299200	4.326300	0.323400	1.996000	3.150200	2.040400	0.313400	1.024500	2.458900	1.567900	4.447100	2.548800	4.288900	7.580000	7.108600	3.542500
115	5.802800	4.316500	0.000000	1.028900	0.391400	4.010500	10.867600	3.377400	5.661800	3.451400	0.016100	5.990100	5.526200	4.464200	6.199800	4.679500	16.423200	10.429200	5.747100	6.126900
116	1.208300	1.450100	-0.478200	1.514500	-0.008300	2.361800	0.261600	0.000000	0.937500	0.395300	-0.488500	0.428700	1.875900	0.557300	0.424400	0.586600	2.573300	4.771200	7.603800	2.728900
117	0.000000	4.217000	15.514400	10.821500	14.022100	5.694800	21.648700	11.219400	7.581500	7.297800	11.701400	16.442800	14.710100	14.184400	14.063600	13.262100	46.888600	38.279100	30.423700	37.453800
118	0.853200	0.140700	-0.643100	0.120200	-0.275700	4.445500	-0.129700	1.522300	0.785800	-0.052300	-0.582600	-0.310200	0.000000	0.244100	0.435300	0.843500	-0.321000	-0.442400	-0.557000	0.587500
119	1.554000	1.299700	1.289100	1.526400	1.488700	0.000000	1.418500	1.501100	1.520300	1.698000	1.272100	1.274000	1.192900	1.289300	1.208700	1.433900	1.382900	0.756800	0.499100	1.696500
120	1.848800	1.298200	1.139700	1.392000	1.294000	-0.679900	0.000000	2.011500	1.771000	1.580800	0.675700	1.440100	1.779500	1.410100	2.086400	1.622700	1.330400	1.237500	1.120500	1.775500
121	3.694300	2.433700	0.146900	2.719500	2.165600	3.068200	9.142000	3.311000	2.823100	2.874800	0.000000	2.144900	3.179100	2.799100	3.669500	2.794100	10.268900	9.395900	2.546200	4.126200
122	1.424400	1.365000	0.333800	2.316700	1.872800	1.975400	-0.510000	1.141400	0.823600	1.105600	0.495100	0.000000	1.686100	1.093400	3.357700	2.261400	2.966500	4.578100	4.719900	0.897500
123	0.654700	0.653300	0.485800	1.794800	1.102700	3.158100	0.354000	0.491200	0.616000	0.643600	0.480500	0.430400	0.000000	0.355800	-0.243800	0.430600	0.655800	0.512500	0.516500	0.618200
124	0.367200	-0.659200	-2.280100	-1.259300	-1.584200	1.924800	0.000000	-0.928300	-0.445400	-0.820500	-2.630200	-0.520500	-0.636700	-0.595700	0.036300	0.759300	4.638800	5.022700	4.110200	2.878600
125	3.632900	2.460600	1.394200	1.379800	1.109800	0.000000	2.183000	2.357600	2.993200	2.724500	1.286400	1.539400	-0.312700	2.611200	1.205600	2.627000	6.773600	2.494600	2.097300	2.907700
126	3.768800	3.226300	1.187900	0.944500	0.000000	8.819200	11.762400	2.333200	2.941700	2.904900	1.806700	6.664100	3.279900	4.034400	1.326500	2.375800	17.340900	8.380200	6.355400	9.967000
127	0.000000	0.062200	-0.196000	1.108200	1.614900	-1.136000	1.342900	1.733200	1.445200	1.072200	0.003700	0.351100	0.791500	1.161400	-0.263300	0.977500	1.816200	0.872100	1.165200	2.424700
128	0.612900	-0.517900	-1.683900	0.747500	0.614100	-2.614600	-0.024900	2.110000	-0.086500	0.062600	-1.511200	-0.656600	-1.670200	-0.596500	0.131000	0.519300	-0.031400	-1.207200	-1.567300	0.000000
129	5.160700	3.179600	0.000000	3.778400	3.237800	9.867900	12.493200	6.406200	3.998300	3.414100	0.378500	7.069500	4.544400	3.167500	4.469800	3.864400	21.504600	12.820200	5.107300	6.191100
130	3.918000	2.163400	1.271700	0.000000	-0.945200	4.598600	2.092100	2.137200	3.237000	1.799400	-1.037000	1.883000	1.805100	1.575900	3.409400	3.113800	8.867100	2.232800	1.711600	3.237000
131	0.524600	-0.155400	-0.646700	0.174700	-0.290500	2.879700	-0.345600	-0.204000	0.055900	0.403100	-1.101700	-0.504500	-0.250600	-0.746600	0.000000	-0.095100	-0.950400	-0.721200	-0.892800	0.152200
132	1.939600	0.000000	4.269100	1.535700	3.126600	2.347200	10.803400	1.512300	0.748500	2.488900	5.631400	10.516500	6.244100	4.994700	9.147300	8.208500	20.864700	20.261700	13.135200	28.438000
133	5.318800	3.371500	0.000000	3.320200	2.348200	6.970700	7.124600	3.747100	4.901500	3.229800	0.264400	2.744200	5.120700	3.257800	5.269000	3.792700	16.409700	18.112800	9.157400	32.547700
134	1.879200	0.794100	-0.659400	0.627300	-0.210300	4.405100	0.000000	0.379600	0.910600	0.979000	-0.756200	-0.053000	1.103700	0.252200	2.105400	0.563600	0.903500	0.854800	0.624400	0.511900
135	1.355900	0.340200	0.000000	0.423300	0.065400	2.788100	-0.452600	1.034900	0.547800	1.002800	-0.063800	0.092300	0.821800	0.163000	1.577400	0.385100	0.612000	0.341000	0.049700	0.459300
136	0.000000	2.314600	9.340700	9.875700	15.495700	9.286700	15.282400	8.371900	7.037600	7.559600	8.364000	12.425600	10.754600	9.454800	12.312600	9.866200	33.865200	30.375400	24.271000	26.185800
137	0.000000	4.302200	4.960100	8.813000	8.906600	9.348300	4.352000	8.044800	5.086700	4.724300	4.828800	4.605500	5.528800	4.929100	5.909300	4.516500	5.256900	4.389100	3.974900	4.738900
138	1.972300	0.000000	7.298200	3.295800	8.666100	8.296800	17.059000	3.636000	1.630900	-0.599500	3.807900	12.691300	9.848500	8.628600	9.897100	6.521900	23.484200	21.341800	14.952200	27.742400
139	1.293600	0.863600	-0.066900	0.257400	-0.338200	2.753300	-0.010200	0.360100	0.691400	0.589000	-0.023300	0.000000	0.444000	0.208600	0.214700	0.188200	0.554900	0.230800	0.186000	0.446500
140	5.211700	3.816100	0.599300	1.296800	0.000000	4.738600	9.107200	2.897900	4.687300	3.022400	0.091200	3.394200	5.032500	3.717600	5.578700	4.228300	11.829800	6.307600	6.697000	5.139900
141	1.399400	0.579600	-0.521700	-0.320500	-0.457300	3.321800	0.099600	0.000000	0.746400	0.391800	-0.345400	-0.131600	0.254000	0.286500	0.090100	0.531900	-0.004200	-0.223700	-0.352700	0.491800
142	3.750700	3.366700	2.262300	2.775700	2.964900	2.667100	4.707600	3.229700	3.776500	2.829200	1.302900	4.333100	2.959000	3.332300	2.503700	2.737400	3.804800	0.000000	-0.863600	3.205200
143	3.203200	2.385800	0.000000	2.184000	1.119000	4.205800	1.482000	2.780700	2.709800	1.890600	0.450100	1.038500	1.952500	1.869000	2.557800	2.496800	1.706000	1.352400	2.470900	2.783200
144	-1.055900	-0.854600	-0.363200	-0.076200	0.946000	1.750500	-0.361200	-0.052300	-0.749500	0.656800	-0.506000	-1.799000	0.000000	-0.433000	-0.966700	0.402700	-0.008700	-0.346500	-0.618400	-0.122400
145	0.357500	-0.146700	-0.318700	0.092500	-0.092400	-0.988200	-0.060500	0.103300	0.092300	0.034300	-0.398700	-0.133700	-0.389000	0.000000	-0.117900	0.259100	-0.254000	-0.132300	-0.251800	0.093800
146	1.048100	0.413500	0.343400	0.680100	0.409500	0.256400	0.314100	0.776700	0.841900	0.780300	0.340900	0.352800	0.000000	0.560200	0.464300	0.974100	0.354000	0.056800	0.023400	0.487700
147	-1.946300	0.998300	0.200600	2.204100	1.805400	5.119300	0.516700	2.128000	1.223700	1.430200	0.116700	1.017500	0.491500	0.100200	1.161700	0.000000	1.137700	0.145000	-0.019300	0.531900
148	1.544500	1.070500	0.376000	1.782400	3.590900	7.410500	1.587100	0.706900	1.063500	1.277500	0.218900	0.983600	2.136800	1.329400	2.645500	1.290500	2.104800	0.000000	-0.266100	0.948500
149	4.830900	3.219100	3.207100	2.866800	2.328400	0.000000	14.871800	4.048200	4.454600	3.508600	5.961900	8.567100	4.855100	6.587900	5.294900	4.087000	14.564100	10.056900	7.966100	45.248500
150	4.495200	5.883300	6.921000	8.924400	8.999400	0.000000	6.742700	8.916900	6.917300	6.422900	5.193100	6.282000	7.541400	6.794000	8.863700	8.160100	19.935500	12.352200	20.175400	32.112300
151	6.057000	4.471800	0.000000	1.518600	0.478400	4.706200	7.459800	3.719500	5.647300	3.664300	0.297800	5.232900	4.984800	3.848700	5.755600	4.082500	15.959300	12.765500	8.427800	9.282900
152	2.906700	1.661500	-0.782500	0.734800	0.557900	7.097600	0.000000	1.653800	2.505200	1.252700	-0.462200	1.000800	2.010900	1.057100	3.560800	0.303500	4.966600	5.267400	2.480400	1.843700
153	5.722600	4.283000	0.000000	1.322300	0.281200	5.001700	6.789100	3.740300	5.330800	3.456500	0.650800	3.784200	5.084500	4.016700	3.683400	3.256000	10.975500	8.719200	5.005000	3.523900
154	0.730000	0.399700	-1.318000	0.563200	-0.504400	3.395800	-0.438600	1.093900	0.708200	0.220100	-1.276900	-0.592000	0.856200	0.000000	2.705900	-0.699100	1.293500	0.425000	0.305500	0.508000
155	0.000000	6.527500	20.769000	17.659900	20.390700	16.865400	17.542500	17.422600	10.375300	11.189700	16.142000	16.285600	16.545000	16.528600	15.989600	15.953600	26.237600	23.648400	24.245100	67.266200
156	0.000000	4.072700	4.281000	8.193600	8.279500	9.261200	4.428100	8.423000	4.920700	4.479200	4.438600	4.359600	4.678600	4.512300	4.886100	4.145100	4.493300	4.391800	4.374800	4.793900
157	5.667200	4.213700	0.893600	3.987400	3.376200	12.243400	3.749200	4.718900	5.613000	3.928900	1.691300	3.780400	5.737700	4.602000	5.582500	4.150800	3.237600	-0.316700	0.000000	2.568100
158	0.160000	0.041800	-1.009900	-0.578800	-0.959900	2.967200	-1.079900	0.000000	-0.410100	-0.406100	-1.393300	-1.031300	-0.089500	-1.008800	0.215000	-0.594600	-0.717200	-0.849700	-0.931400	-0.924000
159	0.000000	5.339400	15.369000	16.297600	19.076100	11.664000	25.018400	15.552000	8.008900	8.549700	13.917700	15.507500	19.541100	16.984000	15.948600	14.177600	53.505400	39.133500	31.657700	53.950300
160	0.000000	3.241600	3.428800	5.152500	4.944500	7.429800	2.991200	5.043400	3.692700	3.623000	3.373900	2.837600	3.381400	3.387800	2.877200	3.085800	3.434300	3.441600	3.340600	3.623800
161	0.417600	0.132900	-0.916300	-0.061200	-0.613400	-0.063700	-0.503700	0.081400	0.282700	-0.040300	-1.590200	-0.597500	-0.424700	-0.237900	0.085100	0.000000	-0.991900	-0.741300	-0.835200	-0.134900
162	4.827700	2.948100	0.968900	0.000000	0.397800	7.930900	6.112800	2.448800	3.514500	2.447700	1.333400	4.462800	4.888000	3.338500	5.658500	3.971800	23.728400	25.051600	16.991900	11.488200
163	-0.187800	-0.505900	-1.935400	-1.026300	-1.602800	-1.312900	-1.048000	-0.755000	-0.323800	-0.821300	-1.905900	-1.426000	-1.057000	-1.032500	0.000000	-1.070500	-1.681200	-2.596200	-1.472800	-0.324400
164	3.587800	2.343100	-0.375100	0.000000	-0.496300	5.701100	7.249600	1.863500	3.337900	2.092000	0.349200	5.052400	4.111600	2.766300	4.017800	3.316000	14.198300	11.534300	7.858900	7.213000
165	2.498000	1.747400	0.614000	1.238400	0.643600	-0.250800	1.630200	1.530500	2.442900	1.753800	1.030500	1.458500	1.065400	1.782900	0.000000	1.379900	1.034600	1.326800	0.903500	1.510200
166	0.000000	0.257300	4.263100	4.429200	9.903000	3.616800	13.119900	4.852000	2.376600	2.876800	4.182700	9.776700	6.529500	5.981900	6.653500	5.149400	28.417400	28.044500	18.280000	20.604800
167	0.984000	0.734800	0.078500	0.975000	0.660500	0.885400	0.730300	0.712600	0.000000	0.646200	0.548400	0.391300	0.648100	0.771000	1.282700	1.163400	1.148400	0.745700	0.602700	1.573900
168	2.210800	1.396600	-1.285100	0.000000	-0.129300	1.524000	0.026600	0.601600	1.888700	1.158200	-0.418800	-0.812600	0.474400	0.120800	0.633400	0.534600	0.410800	-0.234100	0.386600	0.868300
169	0.947400	0.060700	-1.227900	0.798600	1.100500	4.757000	3.758600	0.226700	0.000000	-0.161400	-1.451000	2.910900	-1.769900	-1.359800	-2.766000	0.778300	1.314400	-0.281600	-1.844600	0.260600
170	0.977400	0.316400	2.218100	1.558000	1.690600	-0.523300	4.591000	1.830300	0.000000	0.676600	0.710600	2.986200	-1.316800	1.887500	-0.674700	1.405900	4.856600	6.691300	5.810700	55.130200
171	1.087800	0.092300	-1.153600	1.017700	0.987100	0.308700	2.341000	0.780100	0.813000	0.496000	-1.169400	1.368900	-1.909500	0.000000	-1.217900	0.583200	0.487100	-0.053500	-0.044700	1.007000
172	3.357100	1.926100	0.502700	1.236600	4.081900	-0.079500	8.142700	1.732200	2.808900	2.362000	0.322200	3.454300	1.056100	3.744900	2.262700	2.716500	3.790200	1.324700	0.000000	3.141200
173	5.843900	3.801000	0.000000	1.083400	0.308800	1.912600	13.231500	3.467900	4.867800	3.570300	0.790400	6.540100	3.985300	3.024700	4.835200	4.367500	15.880200	12.970300	7.258300	4.973300
174	1.613700	0.339200	2.038900	0.691300	0.151800	4.793700	6.466900	0.000000	0.949100	0.370200	-0.806700	4.272000	-0.335300	1.823100	0.293900	1.708700	4.521600	3.882900	1.868200	11.453400
175	1.608000	0.000000	12.967100	6.940000	12.224000	5.751300	20.868600	5.196800	1.811800	4.066500	11.567700	15.283600	14.460400	14.845500	8.553100	10.499600	35.903700	47.458800	42.161600	46.434500
176	5.735700	3.757700	0.000000	1.513800	0.645900	8.906800	5.143200	2.932200	4.313500	3.810100	0.223400	4.072800	4.521800	3.743900	5.317500	4.386200	12.483600	6.334200	2.723400	4.033500
177	5.774800	4.268400	0.000000	3.367600	2.251200	7.204300	9.111400	3.257600	4.665300	3.887000	-0.034000	4.695100	4.958800	2.912700	5.780300	3.784700	21.348600	18.936200	8.729400	4.272600
178	4.887000	3.467200	0.111900	2.298100	1.115100	6.665700	3.274600	3.427900	4.130000	3.325400	0.000000	2.915500	3.832900	3.272300	5.289400	4.441400	15.192600	7.145700	5.151300	8.660600
179	2.981100	1.587000	2.505300	1.384800	3.399700	7.467400	9.039000	0.000000	2.400700	1.106900	-1.198700	3.732700	3.356300	-0.314800	4.399900	1.970900	23.131700	13.272000	8.034300	7.068000
180	1.316400	0.000000	2.237300	1.488400	2.945000	3.385000	8.661100	1.804900	1.964200	0.113800	1.450300	8.592100	6.649400	5.244700	2.724600	1.512400	24.255800	9.242400	6.656200	4.735000
181	5.118100	3.131100	4.436900	2.011100	4.206000	0.000000	7.620400	4.841600	5.053600	4.361300	3.977500	6.327700	9.531300	7.359700	6.097600	3.129900	17.275200	20.072200	16.037100	11.624200
182	4.506100	3.636200	0.000000	3.565300	1.966100	3.844200	3.555400	3.381700	3.687400	3.380400	-0.071100	2.389000	4.146300	2.629300	5.056200	3.055600	2.120000	1.406300	2.581400	2.432500
183	1.684200	0.000000	7.735800	1.393100	3.881400	4.772800	15.744800	2.128800	1.004000	0.831700	7.686500	12.003600	8.857300	8.720300	8.544300	7.654300	19.573800	27.115700	18.274100	8.897800
184	1.655000	1.142100	1.306500	1.258400	1.032100	0.000000	0.864300	1.430000	1.580300	1.431100	0.653300	0.753900	1.516600	1.189300	1.714800	1.531300	1.084400	1.454200	1.448100	1.858800
185	0.554300	0.024800	-0.831100	0.341800	0.168400	1.895200	-0.751200	0.116000	0.049000	0.153400	-0.489600	-0.842900	0.000000	-0.387500	-0.231300	-0.024800	0.065200	-0.768000	-0.901100	0.452100
186	1.619100	0.884600	0.339100	1.227600	0.543200	-0.455600	0.763500	1.091700	0.713000	0.824100	-0.302700	0.728700	0.525300	0.971700	0.000000	1.377200	0.367900	0.522300	0.409900	1.427300
187	2.606400	0.875600	0.934200	-2.205300	-1.576200	3.770200	6.576700	0.000000	1.522400	0.020800	-0.296700	3.070500	3.311000	2.080600	3.463900	2.113000	17.755700	16.614900	13.807400	26.763800
188	2.919400	1.973200	-0.105800	0.000000	-0.616100	2.794700	0.777200	1.096700	2.414200	1.381800	0.218900	0.589100	1.378500	1.279700	2.278900	1.605900	0.278000	0.049500	-0.018100	0.676800
189	7.176900	5.458500	0.612500	1.164800	0.000000	5.801600	7.726900	3.970300	6.403900	4.197000	1.336600	4.928400	6.091200	4.622400	6.607500	4.797600	10.275000	3.418900	2.913100	4.221900
190	2.013900	1.225500	0.357100	0.250900	-0.673100	4.658800	0.000000	0.891700	1.248900	0.899500	0.293200	0.277400	1.510500	0.843300	2.210600	1.133400	1.043000	0.782800	0.229600	0.707400
191	4.741900	3.192300	-0.116000	1.067500	0.000000	1.908000	5.559700	2.865300	4.077100	2.567900	0.074500	4.635800	4.412700	3.691700	4.325700	2.900600	18.102200	9.780200	5.079600	8.504900
192	0.932300	0.266400	0.032400	0.461400	0.167400	4.013900	-0.065600	0.532000	0.748800	0.939700	-0.174800	0.000000	0.551900	-0.066400	0.855400	0.772400	0.804300	0.241200	0.574700	0.957200
193	0.000000	0.516600	0.437900	0.690700	0.542000	0.016100	-0.458600	0.410900	0.290800	0.420900	0.134500	-0.323500	0.443400	0.072100	0.697400	-0.080900	0.443700	0.401900	0.082400	0.100000
194	0.908200	0.680200	0.146900	1.170900	0.633100	-0.674400	0.237100	1.245900	0.822500	0.747900	-0.105600	0.220100	0.375700	0.457000	0.000000	0.615100	0.401700	0.610300	-0.248800	1.100800
195	5.776500	4.253900	0.000000	1.833000	1.523500	5.324900	7.368500	3.030700	4.978000	3.305200	0.170200	4.378700	4.338400	3.371900	4.343900	3.601900	11.587000	10.443300	4.415700	4.864000
196	0.771100	0.371400	-0.140600	0.000000	-0.219800	1.426800	-0.166200	0.587200	0.196100	0.140400	0.072900	-0.148100	1.366800	0.547500	1.027500	1.106200	-0.444800	-1.225000	-1.375000	0.647000
197	-0.624700	0.013700	-1.327600	0.424400	1.186500	2.782600	1.595900	0.527700	0.000000	0.320700	-0.613800	0.645400	-1.771600	-0.684200	-1.165000	-1.528800	-0.774800	1.619300	-1.430100	-0.345700
198	2.284000	1.359800	-0.364700	0.459400	0.045200	-0.070600	-0.008200	1.524600	2.251800	1.187300	-0.282600	0.000000	0.763600	0.305100	2.464100	1.116800	3.501300	3.956300	1.281900	2.527000
199	2.693000	1.915900	1.416000	1.500100	1.343300	0.000000	2.253100	2.440500	2.703900	1.983100	1.248200	2.019300	1.184600	2.105900	2.097700	2.566000	2.101700	1.453200	1.133900	2.246700
200	1.953800	0.931500	0.762900	1.853200	1.742800	1.976400	2.083000	1.100700	1.366300	1.576800	0.075900	1.649500	-1.476600	0.602400	-0.619900	0.589900	0.297600	0.000000	-0.045200	1.857000
201	4.425500	2.938200	1.419600	0.883000	0.000000	0.494800	11.102800	1.985300	3.374100	2.801700	1.069300	7.795700	1.918600	2.236500	3.573600	2.573600	21.688400	14.272400	9.817600	6.716300
202	1.800600	1.104800	0.937100	1.513100	0.903800	0.312800	1.222100	0.959200	1.094900	1.667800	0.622500	0.893400	0.522400	0.941000	0.000000	1.177700	1.299700	0.520400	0.322100	1.840600
203	4.007000	2.674000	-0.407600	0.688900	0.000000	1.995900	5.851800	2.161000	3.434100	2.848500	0.717100	4.195600	0.643900	2.895900	4.201000	2.429200	10.439100	12.924300	10.346900	9.867300
204	4.641100	3.110900	4.446200	3.840400	5.653800	9.318300	13.686900	0.000000	2.024600	3.657900	5.097500	11.875800	6.773000	7.971500	4.423900	2.515100	30.837300	15.195800	18.971300	28.907500
205	3.769600	2.671100	0.000000	2.012100	0.627100	5.231000	2.730500	3.046400	3.651300	2.686700	0.103300	2.198200	2.234200	2.253800	4.122400	2.368900	2.740000	1.987400	1.464400	2.755600
206	1.249400	0.103300	-0.570800	-0.024800	-0.714800	3.848200	-0.148800	0.625100	0.945500	0.889800	-0.698000	-0.532000	0.089200	-0.324900	0.910800	0.000000	-0.681400	-0.519800	-0.638400	-0.148400
207	5.223200	3.645600	0.000000	2.721100	0.796000	6.039800	8.592800	2.509200	4.066200	3.438100	0.135900	5.157200	2.887100	2.261600	3.777000	3.198300	14.840600	9.494700	4.093500	5.447200
208	5.551800	3.884700	0.472000	3.207100	1.920200	7.248600	3.725400	3.219100	4.454500	3.527100	0.000000	0.365600	5.790600	1.400500	6.291700	4.176800	19.925600	12.871500	8.789400	8.569000
209	1.225200	0.444800	0.291000	0.649100	-0.009000	4.441500	-0.020400	1.093600	0.601400	1.164400	-0.405900	0.000000	1.261900	0.578900	2.296700	1.198400	0.737200	0.743800	0.618500	0.430900
210	1.187500	-0.101000	-0.807400	-1.009700	-1.749000	2.690200	-1.007200	0.000000	0.356400	0.081000	-1.674900	-1.093300	-0.107900	-1.002900	-0.038800	0.075100	-0.649200	-1.804500	-1.785500	-0.167700
211	5.813600	5.385400	1.854500	5.648500	5.184300	8.502500	3.557000	4.904900	6.492000	4.838300	1.594300	4.499500	7.412700	5.321500	7.632100	3.830000	-0.198000	0.504300	0.000000	2.493300
212	0.000000	2.626300	2.783000	5.331000	4.882100	9.766000	3.740600	4.557900	4.494000	4.052100	3.723800	2.376500	3.882100	3.292000	3.795300	2.871400	3.481300	2.732400	2.464300	3.242900
213	4.031100	2.422900	0.925400	0.000000	-0.329200	8.864500	3.737800	2.056200	3.080900	1.963100	-0.012500	1.695000	4.149200	2.342000	4.075400	2.556500	7.477400	10.527400	8.863800	9.000000
214	0.338100	0.132600	-0.626700	-0.159700	-0.229100	0.194400	-0.389400	-0.025200	0.182700	0.023100	-0.468200	-0.495300	0.000000	-0.238700	0.663200	0.364600	-0.010100	-0.331100	-0.290300	0.277500
215	4.327000	3.325700	0.773100	0.931100	0.000000	4.049400	7.369900	2.758300	3.163400	2.681700	2.464900	4.846200	4.975900	3.612900	5.117500	3.691800	19.375200	12.805000	9.751900	53.538100
216	1.150400	0.468300	-0.453600	-0.012700	-0.856200	2.127400	-0.246500	0.135100	0.731200	0.158400	-0.646900	-0.373100	0.000000	0.229100	0.205400	0.307300	-0.284600	-0.378700	-0.170500	0.445000
217	1.018600	0.404700	-0.380700	-0.038000	-0.388300	1.212600	-0.031300	0.565300	1.175600	0.090100	-1.507600	-0.505300	-0.019200	0.420900	-0.186100	0.000000	0.262300	0.187200	0.918200	1.264500
218	1.183600	0.830400	-0.653400	0.504700	-0.644200	3.590100	0.578000	1.168200	1.222300	0.946700	-0.443500	0.045500	0.322800	0.000000	0.714400	0.717500	0.017800	0.366300	0.361600	0.739700
219	-0.360700	-0.000800	0.007700	1.547000	2.695100	2.442800	-0.219300	1.147000	0.036800	-0.065500	0.412400	-0.109000	-0.059500	-0.162000	-0.107700	0.373700	-0.124500	-0.135700	-0.316200	0.000000
220	2.172500	3.349400	1.216500	4.209400	4.498500	5.958600	2.807100	4.335900	3.533800	2.545200	0.505200	2.017900	2.161600	2.872600	1.833600	1.689800	1.765000	0.000000	0.510000	2.126500
221	0.808400	0.916100	-0.219200	0.472700	0.152100	5.488700	-0.838200	0.927400	1.021200	0.770600	-0.000400	-0.601300	0.541000	0.000000	0.931400	0.954200	0.125400	0.167800	0.006500	0.623100
222	2.491700	1.550300	-0.444600	0.896400	0.543300	4.568400	-0.441000	0.325300	1.970000	1.178200	-0.441100	0.189200	1.552000	0.000000	2.519600	1.889600	4.532700	3.037600	2.511600	3.817600
223	6.794800	5.112600	1.799500	2.941300	1.841900	7.994500	5.672500	4.927500	6.286800	4.460400	1.233200	3.924400	5.483200	4.360500	5.573900	4.750700	2.477700	0.557500	0.000000	3.637300
224	2.429300	1.638400	-0.937600	0.000000	-1.057400	2.145400	0.482200	1.511900	1.921000	0.950800	-0.718300	0.010800	0.986700	0.638200	1.799700	1.169200	0.338200	-0.153400	-0.302500	0.905600
225	5.058800	3.234900	0.278300	0.000000	-0.529200	7.544400	9.770000	2.702400	4.407700	2.467500	1.550100	4.335500	6.781100	3.347900	5.615900	3.826000	14.082400	8.664600	5.979800	5.539400
226	1.640600	0.855800	0.468300	0.847000	0.297400	0.009400	0.267700	0.942400	0.999400	0.751900	0.099400	0.000000	1.282000	0.364600	1.597800	0.599300	0.124300	0.406300	0.340100	0.287700
227	0.000000	3.829700	21.856200	16.436100	19.656200	6.978600	14.766000	15.240400	6.700400	8.333600	11.349300	13.307800	17.023000	15.384700	15.958300	13.345600	26.820100	22.563400	22.367400	38.254200
228	0.000000	2.955700	2.266100	3.789100	3.955400	6.361500	1.821100	3.348700	2.384100	2.613200	2.352900	1.818400	2.620900	2.416300	2.592000	1.728800	3.044500	2.213900	2.354300	2.895000
229	1.061400	0.482600	-1.186100	0.884400	0.159400	3.192400	-0.180800	2.224200	0.825800	0.879500	-0.873700	-0.415800	0.532600	0.000000	0.566000	0.347100	-0.814600	-0.316900	-0.380100	0.431600
230	0.718200	0.589100	-0.438800	0.050100	-0.529000	1.811300	-0.827900	-0.348900	0.000000	0.109300	-1.047600	-0.811100	0.531000	-0.511200	1.043300	0.728700	-0.263500	0.184700	0.262600	0.283800
231	6.675500	5.312900	1.931600	4.372600	4.571300	3.390800	3.859200	5.859000	6.399000	5.133000	1.925100	3.537900	6.525200	4.983000	7.765400	6.015400	4.708200	0.000000	0.513600	4.453000
232	1.322800	0.639400	0.028000	0.248000	-0.159800	3.283400	-0.195000	0.466700	0.579500	0.519000	0.175500	-0.237500	0.759500	0.000000	1.281500	0.724400	-0.031400	0.061300	-0.003200	0.649800
233	1.759000	0.456400	3.067600	2.683300	3.207200	3.435500	1.854700	0.783300	0.000000	0.855300	3.862000	1.443700	3.502200	4.128400	3.466300	2.063400	6.648800	1.818300	1.640100	1.549000
234	2.907200	2.061800	2.988400	2.096800	2.041400	0.000000	1.809600	2.686400	2.448000	1.791000	2.423700	1.813000	3.510600	2.266600	3.060100	2.463400	2.267400	1.844600	1.797600	1.536000
235	0.000000	3.360500	3.617100	4.478100	4.388000	5.343000	3.206500	4.382100	3.568600	3.517900	3.206200	3.303800	3.427000	3.552900	3.442300	3.529400	3.414200	3.447600	3.284500	3.629400
236	0.519400	0.260000	-0.983900	-0.195100	-0.574900	-0.335100	-0.275000	0.000000	0.465500	-0.048400	-1.268100	-0.398100	-0.213700	-0.116300	0.349100	0.022300	-0.248600	-0.664300	-0.726600	0.005900
237	3.976400	2.495400	0.155900	1.985900	1.261100	6.808100	1.438200	3.115000	3.198500	2.214100	-0.477000	1.068400	3.036600	2.510400	3.565500	2.823800	0.189300	0.000000	-0.873700	1.849400
238	1.210700	1.106500	0.000000	0.513400	0.075200	0.033700	0.388500	0.676700	1.072900	0.733700	-0.195100	0.048500	0.539200	0.631000	0.958100	0.586000	0.050000	-0.154500	-0.371100	1.059500
239	4.406700	2.353000	1.180100	0.000000	0.000900	4.455100	11.556500	2.418100	3.562000	2.146300	2.700600	6.747500	5.088300	4.083900	4.049900	3.156900	20.812200	12.268800	4.561100	5.877700
240	3.433800	2.097700	1.078800	1.235500	1.532600	-0.365400	1.956900	1.794100	2.855300	2.526800	1.446200	2.014800	0.000000	1.812400	2.443900	2.852200	1.563400	1.332800	0.952000	2.505700
241	0.000000	0.383300	7.748900	8.834100	11.680600	6.778600	5.923600	5.824500	1.606600	1.731300	3.831600	3.475000	7.018400	6.750600	6.298500	7.423500	15.528400	13.406600	12.949300	16.340400
242	7.110100	6.561700	5.751500	9.253600	8.836200	11.378800	11.347100	10.633400	6.635900	6.560500	4.923500	7.402900	4.434400	5.098200	0.000000	5.719500	10.169000	6.297200	4.176800	8.060300
243	1.910900	0.000000	7.530300	1.797000	5.463200	4.472900	8.831700	1.598700	1.081000	2.220100	4.650200	7.721900	9.894000	7.523500	7.070700	3.544500	23.769200	23.884300	24.269700	36.663400
244	1.926200	0.785800	0.800300	0.854200	0.749600	-0.405700	2.212800	-0.844300	0.000000	1.585800	-0.041400	1.308000	3.473400	1.624100	5.741500	4.506200	7.344500	9.440300	8.668100	5.220100
245	0.993000	-0.666000	-1.495000	0.444100	0.838400	3.542900	6.538100	0.257400	0.000000	-0.085300	0.296200	-0.012100	0.496100	0.993300	2.310500	0.376300	20.365500	12.818800	5.148300	5.451800
246	1.906600	0.000000	4.728800	4.446300	3.110400	8.614100	6.012000	4.821300	0.995100	1.594000	1.148700	2.720500	6.720300	4.965900	5.334100	5.811000	12.661500	6.739600	6.057200	54.612200
247	1.399600	-0.216800	6.178500	1.495800	5.865700	7.472400	15.560500	0.127500	0.000000	0.920100	4.840900	8.474100	10.305700	10.060800	8.590300	5.898000	27.996800	32.052600	22.870700	48.452200
248	3.673600	2.107500	-0.074400	1.953700	1.043300	0.693900	5.396500	1.530100	2.661400	2.421900	0.134900	4.411300	1.619600	2.684000	2.928200	2.856500	5.483700	0.000000	1.766800	2.777200
249	5.669600	3.964600	2.665200	4.095200	2.867900	2.873000	10.421300	4.482000	4.820100	4.266700	0.851700	5.919600	5.581700	4.744000	5.865000	4.883600	8.479100	2.994700	0.000000	3.838000
250	5.073800	3.442100	0.000000	3.021000	2.050600	5.442900	2.654400	3.827100	4.530100	3.454900	0.215700	3.924500	4.478500	3.010900	5.347800	3.445500	7.973200	11.009400	7.113300	7.053300
251	1.927200	0.000000	2.241100	2.483500	3.211000	9.510200	11.100900	3.126800	0.759700	1.852700	1.262200	9.618700	6.458100	3.487900	4.612800	3.624800	11.494900	13.673000	7.989700	9.203400
252	1.906700	0.000000	-0.150500	1.778500	2.689600	5.040700	4.938700	1.932600	0.754100	0.515400	-1.463100	4.251500	3.108400	1.924200	4.761300	1.552100	10.090600	7.103800	4.119600	6.774000
253	1.798000	0.000000	12.729300	5.085100	10.343500	6.567300	25.406500	3.650900	1.240700	3.834800	13.484700	20.265800	15.190100	13.162900	10.106000	9.885200	55.036500	52.150200	42.457600	50.194100
254	1.757400	0.000000	2.713600	2.511200	2.057800	6.033800	10.354300	2.639800	0.771600	1.559200	0.973300	5.310200	6.154300	5.901500	6.815900	5.885500	25.644400	25.635300	18.389700	27.398800
255	5.015800	3.457400	1.130000	1.002500	0.000000	6.660000	6.081800	1.986000	3.793500	2.687200	-0.283400	3.155800	4.708200	2.303200	4.813400	3.925300	14.623100	11.623400	6.753300	32.178400
256	1.721900	0.410200	0.321700	0.853400	2.640300	7.715700	-0.348300	1.844600	0.434100	0.930700	-0.102200	0.000000	1.750500	0.809200	2.967900	0.980000	7.696800	4.936400	4.559000	1.961200
257	0.000000	7.582900	23.323400	20.799500	28.905500	19.818400	40.714800	17.103300	10.589800	11.500300	24.041200	31.818400	30.664500	30.339800	21.647300	20.491000	79.303000	57.672400	50.807900	48.099000
258	0.000000	8.650300	15.515000	20.223600	21.396400	9.121800	12.868500	17.010400	9.831300	11.117100	11.981100	12.683200	15.247000	13.744900	17.099500	14.875500	23.264400	21.486000	21.833200	28.514900
259	1.827900	1.325400	0.438600	0.405500	0.371900	3.110600	0.140900	0.000000	0.991900	0.874200	0.301400	-0.059700	0.657300	0.518400	1.614800	1.849900	1.557700	1.081600	0.950900	1.788600
260	5.036000	3.274100	2.186200	0.000000	0.635300	6.864400	15.137000	2.654600	4.681600	2.710000	2.785200	8.086700	5.625700	4.035600	5.575000	3.619300	27.763300	14.288100	8.920800	23.650000
261	3.119900	1.918200	0.789600	0.810600	0.406000	4.001200	-0.759900	0.866900	2.567300	1.486900	0.042600	0.000000	1.531900	0.588000	4.200900	2.892000	2.888000	3.871300	3.508300	4.046800
262	4.872400	3.128000	2.014400	0.000000	1.071400	4.805200	14.095800	2.487000	4.576700	2.610600	2.221500	8.428600	6.646800	5.722000	5.399700	3.767800	30.492500	24.482700	16.167000	20.060100
263	1.057900	0.607300	-0.575700	0.322400	0.104600	2.364600	-0.872100	0.000000	0.677700	0.438400	0.056200	-0.398300	1.019000	0.136900	2.781500	0.674700	2.298100	3.679500	-0.023700	3.160000
264	0.000000	3.332300	4.417300	7.905700	8.551900	9.973800	4.579900	8.770100	4.752600	4.071300	3.388100	3.982800	4.811600	4.222000	5.573700	4.002900	4.741500	4.857900	4.547800	5.458400
265	4.834800	3.530500	2.614800	0.585000	0.000000	5.242200	6.609000	2.373200	3.784800	2.571900	1.417600	4.957000	5.462500	5.558200	6.776100	3.821400	15.761800	14.578400	11.664100	27.474100
266	0.000000	4.798200	14.310000	16.545100	21.072800	6.427800	12.140400	15.476000	7.014500	7.471500	8.774500	11.904400	12.794400	12.594600	9.855200	9.933000	17.266300	16.627300	15.953700	85.918480
267	1.532800	0.512000	-0.176100	0.969700	-0.006800	1.474200	0.000000	1.457700	0.997500	0.953600	-0.390600	-0.198300	0.392000	0.229200	1.043600	0.932100	-0.040500	-0.354500	-0.336400	0.677500
268	0.385300	0.516400	0.202300	0.502500	0.457600	0.334300	0.096700	0.627500	0.459300	0.474600	0.234900	0.069900	0.526000	0.178000	0.559300	0.000000	0.143100	0.088200	0.045700	0.496600
269	2.883900	1.202200	2.251400	3.106300	3.373900	6.533900	2.630700	1.315400	0.000000	0.805100	2.646200	3.433900	7.493000	4.527900	2.059900	3.060900	17.252800	24.040900	17.528700	34.468100
270	3.450500	2.772700	2.789500	1.748200	1.114400	3.876600	2.313600	3.098000	2.995700	2.006600	0.000000	1.659700	3.822200	2.098400	4.153000	2.844600	2.458100	2.812600	2.686600	3.646100
271	4.439600	3.655500	0.969700	2.526000	1.786600	5.696400	4.659700	3.111600	3.662100	3.518700	1.976200	4.316600	2.846400	0.000000	1.862000	2.524800	4.230100	3.573100	1.322900	2.808600
272	0.000000	0.825500	3.244700	3.050400	4.765400	-1.645300	4.964700	4.169500	1.386600	1.113700	2.675200	3.640500	4.152500	3.313300	4.669200	2.255400	9.566900	8.912200	8.467200	49.534000
273	2.675900	2.010600	0.127200	2.284400	2.714800	0.969200	3.682100	3.275900	3.004100	2.170700	0.177100	1.984600	-1.134700	1.029500	0.000000	2.222700	5.801900	-0.723700	0.002100	1.078300
274	3.561700	2.106900	1.197300	0.813900	0.000000	4.199000	1.815500	1.673900	2.836300	2.014200	1.111500	0.693200	3.815300	1.621200	3.916900	2.628700	4.084800	5.060000	4.582300	4.016300
275	1.190000	0.588400	0.067200	1.814000	1.141100	3.701700	0.000000	1.551800	0.412200	0.730300	-0.325800	-0.066100	0.091900	0.168400	1.078000	0.368600	-0.466100	-0.157100	-0.244200	0.303000
276	5.276300	3.946300	1.166700	3.177900	2.200500	8.804400	10.014300	4.510200	5.216600	4.025800	0.799700	3.967400	5.534000	3.707600	5.994600	4.207200	13.372300	1.656700	0.000000	3.452300
277	2.025200	0.000000	0.142200	1.301600	2.142600	1.785200	8.318800	1.005700	1.437200	0.061000	2.244400	4.467700	4.763900	4.339300	3.239500	0.439800	9.968300	15.456900	4.577600	9.928100
278	0.369600	-0.261300	-0.385500	0.159900	-0.283200	-1.673100	0.253500	-0.556400	-0.368600	0.004800	-0.953700	-0.116500	0.034100	-0.192700	0.000000	-0.900300	-0.633900	-0.225800	-0.331600	0.728000
279	3.988400	1.888800	0.678500	0.000000	1.592900	1.954100	1.339500	1.684100	2.486100	1.898300	1.160300	2.648800	4.504600	4.696200	4.921300	3.578600	7.393500	5.280300	4.614600	5.186700
280	5.385500	3.565000	0.000000	3.056600	2.035800	4.215800	4.322200	2.381600	4.145300	3.628400	0.517300	4.578500	5.051600	4.514100	5.462900	4.467900	9.421900	14.170000	8.068300	6.749200
281	0.522300	-0.638300	-1.496200	0.259200	0.010900	5.119100	-1.142200	1.189700	-0.388200	0.111300	-1.434600	-0.944000	0.000000	-0.607700	0.663200	-0.581100	-0.486300	-0.580000	-0.669500	-0.736700
282	1.844400	0.813400	0.034700	1.036500	0.169500	4.056200	-0.142300	1.564700	1.065400	1.380500	-0.289800	0.000000	1.200500	0.246200	1.950500	0.828900	0.372600	0.581800	0.486000	0.660100
283	4.165500	3.529200	1.701500	4.561500	3.690400	5.701200	3.954100	3.188500	3.455400	2.760200	0.000000	1.608600	5.665700	2.369400	7.823200	4.821000	13.774100	18.066500	13.000500	14.586200
284	0.000000	6.167400	10.273900	15.718900	16.755800	16.797100	8.760100	15.246300	9.803500	8.453600	8.939000	8.890000	10.465200	9.685300	10.604400	9.762300	12.746400	11.350400	11.832200	45.118500
285	1.487700	0.000000	5.331900	2.881700	5.560200	2.856600	14.516300	2.825900	0.837400	2.490900	5.054300	10.663500	6.070100	6.615500	6.565900	4.204900	29.088300	16.166800	11.624800	28.360400
286	1.018200	0.318700	-0.840400	-0.333700	-1.064600	1.558700	-1.529300	0.000000	0.403800	0.149500	-0.682600	-1.041700	-0.170000	-0.836200	0.367400	0.191100	-0.472400	-0.529100	-0.660200	0.388400
287	4.408000	3.265700	0.390900	1.296300	0.000000	4.904300	5.287500	3.266200	3.993700	2.573000	0.341700	4.162900	5.610100	3.613300	4.851500	4.050900	11.177600	6.493800	5.887700	5.507300
288	0.816500	0.221600	-0.726700	-0.063600	-0.881300	1.794700	-0.734900	0.168800	0.109300	0.000000	-0.862700	-0.908900	-0.782400	-0.639400	-0.831300	-0.146000	-0.778700	-0.734900	-0.964200	-0.595200
289	4.968800	4.199200	1.730000	3.550400	3.478800	4.080900	3.329700	4.112900	4.974900	3.783800	1.576000	3.706000	4.682200	4.286000	4.908100	4.557400	0.000000	1.085800	0.849500	3.724200
290	0.000000	4.004900	6.458900	6.049300	5.978500	12.109200	5.602500	6.404000	5.131200	4.761600	7.008600	5.490800	6.542000	4.919200	5.018900	5.327600	7.868700	6.618500	5.431600	5.708300
291	-0.112800	-0.010800	-0.023000	0.062000	0.049200	-0.411700	-0.157900	0.013700	0.071200	0.008300	-0.045600	-0.112300	-0.005100	-0.030900	0.000000	-0.011100	-0.001700	-0.150300	-0.212800	0.045100
292	-0.002300	-0.352600	-0.400700	0.129400	-0.437200	1.029500	-1.169900	0.242600	-0.100500	-0.471900	-0.452900	-0.743400	-0.126400	-0.906800	0.000000	-0.696200	-0.764400	-0.768800	-0.766000	-0.165900
293	1.626300	0.906100	1.121500	3.042700	3.262500	2.466100	1.249200	2.891900	1.267000	1.352700	0.272700	1.112200	2.284200	1.938800	3.541500	2.372000	0.737500	0.000000	-0.003500	1.129900
294	5.533500	4.016200	0.548900	0.924100	0.000000	5.488800	5.882600	3.411300	5.092900	3.299800	0.490900	3.102500	5.676200	3.989700	6.583800	4.831600	22.101300	11.024400	7.380300	6.513800
295	0.657600	-0.405400	-0.404200	0.206000	0.780400	3.616400	-0.599100	-0.063700	0.000000	0.098200	-1.359600	-0.708400	0.421900	-0.405800	4.688300	3.095600	10.139300	4.296200	4.809700	48.383200
296	2.595200	0.560600	1.665900	1.850200	1.107200	3.816800	16.650000	0.857400	1.429900	0.000000	3.452800	9.269500	6.881200	5.102100	3.882900	2.103200	26.991000	18.588600	13.285100	18.071900
297	1.558500	0.748800	0.097900	0.881800	0.414100	2.951800	0.010500	0.000000	0.326400	0.606200	0.095500	-0.114200	0.403400	0.007400	1.271100	0.876800	0.637800	0.184900	0.171500	1.062700
298	1.291600	0.273100	0.202000	1.419400	1.100000	8.995500	0.000000	2.287000	1.276200	0.671100	0.378400	-0.384900	0.943900	0.635600	1.761600	0.754500	0.810700	0.295400	0.190800	0.649100
299	0.000000	0.024200	1.018300	2.697200	3.857300	8.372100	1.442300	2.379000	1.659300	1.387500	1.478000	1.363500	1.882200	1.748100	0.319000	1.219500	1.867200	1.428000	1.762800	2.099600
300	0.429200	0.443900	0.397500	0.231300	0.245000	2.342000	0.053100	0.465400	0.477400	0.531800	0.674600	0.133700	0.000000	0.040300	-0.596100	0.458700	0.536400	0.118000	0.102600	0.571900
301	4.030200	2.504100	0.000000	1.501100	1.299200	3.533900	4.319900	1.664800	2.328400	1.637000	-0.254600	1.547200	4.384800	2.228500	4.197800	2.849800	5.893700	1.097500	-1.376200	2.850500
302	1.297600	0.745700	0.185400	0.432800	0.100800	2.275200	-1.122600	-0.111200	0.647000	0.551700	0.455200	-0.170200	0.977100	0.272200	1.694200	0.000000	0.656400	0.220600	0.152300	1.332900
303	0.835300	0.000000	3.422600	3.783100	4.083100	2.012900	1.880500	5.709700	0.449900	0.738800	0.840400	1.721300	3.609500	2.215400	4.006200	1.813600	4.006600	2.287700	1.940500	1.321500
304	4.813900	3.756000	1.188000	0.956400	0.000000	2.730500	0.931800	2.687900	4.070000	2.734400	-0.204600	1.657000	4.151900	3.131600	5.130400	3.461700	12.976000	7.280100	4.016000	4.566700
305	2.949800	1.327900	0.802700	0.838000	0.469900	2.073500	0.924000	1.303500	1.628700	1.163600	0.522900	0.971100	0.870300	1.084800	0.000000	0.943800	1.063900	1.182500	0.589600	1.572100
306	3.671700	2.535100	0.622600	1.973500	0.949900	7.081700	1.805900	2.802400	2.385100	2.114900	0.000000	1.449700	1.877800	1.865900	2.877500	2.469900	1.586100	1.709300	1.999100	2.592800
307	2.788200	2.209200	1.518300	1.499100	1.077300	1.614300	1.901800	1.336800	2.386600	1.940000	1.540300	1.649800	1.280700	1.501800	0.000000	2.016700	1.721200	1.814200	1.595600	2.145800
308	5.198600	4.176000	1.389800	2.778500	3.029100	8.727300	6.282400	4.898300	5.433800	3.339700	0.000000	4.375700	5.547500	3.669600	5.612300	3.534500	11.999000	3.030100	1.733200	4.405800
309	2.281400	1.294400	0.127000	1.340400	0.519900	3.075400	0.637700	2.066900	1.113100	1.442100	-0.217700	0.278200	2.772700	1.178100	1.932900	0.000000	1.820100	0.777600	1.013500	1.685000
310	0.276600	-0.044900	-1.193700	-0.002400	-0.715400	-0.262400	-0.511600	0.595900	-0.071300	-0.313300	-1.329600	-0.801900	-0.574800	-0.350300	-0.118600	-0.129200	-0.871700	-0.676600	-1.948600	0.000000
311	3.032400	1.901300	0.135000	0.701300	0.000000	4.515400	2.750100	2.750800	3.169300	1.991700	-0.014400	2.359700	4.020800	2.608700	4.213900	2.701400	3.793900	3.255500	3.002500	18.458200
312	2.826500	2.025900	0.682600	2.151200	1.758300	0.000000	5.175500	2.588600	2.266100	2.176200	0.623400	2.854000	1.473200	1.939900	2.432000	2.532800	3.495200	4.606700	2.718200	1.902700
313	1.640500	1.275000	1.394500	1.712200	3.230900	2.033000	2.552700	2.787900	1.438700	1.631000	1.143500	2.627600	-0.673200	0.355300	0.000000	-0.156800	0.838900	1.639100	1.230500	1.072600
314	1.449800	0.000000	7.047700	1.484000	5.893100	0.220100	10.361900	2.068000	0.532900	1.923200	6.472800	9.547100	9.840400	8.659800	7.386600	3.997200	37.991400	32.478700	24.658100	29.191900
315	1.097000	0.000000	6.753900	4.204600	7.046500	8.754000	21.276600	2.294700	1.709500	0.981900	5.481000	10.065500	9.520500	9.315200	4.988300	3.639100	44.010400	33.498800	27.419700	28.873800
316	3.481400	2.457400	-0.212400	2.521000	1.859100	3.176700	7.077000	1.524900	2.792600	2.715700	0.000000	5.262500	2.988600	3.485500	3.997800	2.903800	15.421600	16.235400	11.423700	3.924200
317	1.713800	0.770400	1.751100	0.528100	2.376900	0.378400	9.039800	0.000000	1.176600	1.375500	3.451000	8.587900	4.598000	4.542200	3.727800	3.667900	26.985300	14.168500	17.691600	21.298200
318	4.369100	2.561400	-0.048500	0.666400	0.000000	1.961000	8.970400	1.611000	2.879900	2.694500	1.363700	6.476600	4.246600	2.724900	4.370100	3.488500	20.744700	15.224800	8.104100	10.343300
319	1.505400	0.000000	3.346600	1.895000	3.179500	-0.347500	17.958700	1.639000	1.646500	1.315000	4.587100	13.509200	7.570300	8.150800	4.017000	3.591200	25.959100	17.875000	13.001500	11.400500
320	2.019500	0.586600	0.642700	-0.851600	1.143700	0.182100	6.921800	0.000000	1.261000	-0.280000	0.669800	6.737000	5.571000	3.972100	3.081900	1.048500	23.952500	18.357800	13.095800	16.564900
321	1.868700	0.000000	-1.846300	-0.245400	0.659200	3.712600	9.075400	0.041600	0.894800	0.161700	-1.011300	3.819900	3.220800	0.980500	3.445000	2.383900	15.246500	10.239100	7.498400	12.050800
322	0.975500	0.000000	6.699200	3.354200	5.820500	3.705000	14.909100	1.368300	0.566400	2.266900	6.191700	9.390700	10.078700	10.025700	9.800900	8.160500	31.335100	22.474800	17.321300	37.544400
323	4.729800	3.256100	0.000000	4.091000	1.836700	6.032300	7.307000	2.397000	3.597600	3.040800	0.906500	2.623800	5.774100	4.280100	6.047800	4.225400	14.156100	11.093400	6.815300	9.028500
324	3.619700	2.797300	0.983200	2.726700	1.552600	4.788200	2.731000	2.258000	2.835900	2.727600	0.227200	1.891300	3.661900	2.544000	3.583600	2.921200	2.659800	0.096200	0.000000	1.945900
325	1.048200	0.000000	1.894700	-0.764800	2.495400	2.358100	11.126600	-0.788500	-0.145800	-0.460700	5.345400	6.573400	8.719100	1.734800	5.791100	5.241400	8.892400	12.176700	9.720700	55.116500
326	0.857600	0.689400	0.616200	0.607700	0.553800	1.108900	-0.744700	0.479500	0.656500	0.545500	0.610200	0.000000	0.725000	0.456300	0.485900	0.252500	0.798300	0.569200	0.564400	0.630300
327	0.000000	4.055700	3.769100	6.813300	6.465700	7.611000	3.876100	6.372100	4.406200	4.070000	3.656200	3.859200	3.716700	3.790100	3.624000	4.003100	4.032500	3.953500	3.960600	4.339000
328	1.709600	1.260300	-0.088000	0.554500	0.244800	1.158100	0.433800	0.000000	1.113000	0.817400	-0.095600	0.117600	0.881300	0.646600	1.160100	1.283500	1.465000	1.283400	1.395100	2.067500
329	1.695400	0.231400	-1.695300	-1.849800	-1.362300	1.320600	5.668100	0.000000	1.053700	-0.594200	-1.438900	3.365200	2.402800	3.977200	1.537200	0.634800	24.854900	21.583500	10.432900	15.017600
330	4.672800	3.376800	1.356200	1.323000	1.182900	5.519700	3.021000	0.000000	3.105700	3.096200	2.042800	2.870500	3.849100	3.300000	5.363200	2.851400	5.306000	3.637400	2.854300	7.422700
331	5.264900	3.520800	0.000000	1.763800	1.453800	4.347800	14.186800	4.362000	4.645600	2.843700	1.738300	5.656300	4.859500	2.663200	4.779000	3.689000	13.785100	11.594900	5.451900	4.718400
332	1.695300	1.377800	-0.774200	1.321700	0.603900	4.414000	0.000000	1.639800	1.435700	0.808200	-0.586400	-0.174700	0.846500	0.327500	0.894300	0.714400	0.113100	-0.174500	0.028600	1.186600
333	0.927000	1.591400	1.663600	3.080400	3.095800	4.478000	0.999600	2.898000	1.214900	1.445600	2.571400	0.746300	2.256500	0.763800	2.406500	0.000000	3.158800	1.591800	1.546400	0.870500
334	4.162400	2.670300	-0.277200	0.562200	0.000000	7.229600	4.967000	3.129900	4.349300	2.078900	0.006200	5.704300	5.388100	2.718400	4.952000	3.124500	26.369200	20.824000	9.998200	67.175900
335	1.939800	1.350800	0.662200	1.563500	0.627000	-0.477300	0.218400	1.947700	2.110900	1.867200	0.145900	0.601500	1.189100	1.265900	1.612700	1.924400	-0.720500	0.000000	-0.003300	1.215700
336	0.668500	-0.088900	-1.334600	-0.167600	-0.783500	-1.087300	1.502300	0.794600	-0.023600	0.190200	-1.558000	0.249000	-0.985100	-0.266200	0.845300	0.000000	0.396300	-0.699000	-1.028400	-0.000700
337	7.024500	5.380600	2.637900	7.035100	6.480500	8.153600	6.461100	6.341700	6.004700	5.618800	2.328100	4.911400	5.915900	5.437600	6.356000	5.917900	0.000000	4.277800	2.556100	4.158800
338	2.466000	1.225200	1.757900	1.404000	1.294400	4.384900	0.000000	1.785700	0.670900	1.442500	0.634900	1.270300	2.113200	2.459500	3.527600	2.703000	3.252200	3.088900	2.677700	5.550700
339	1.858500	1.128000	-0.967300	0.000000	-0.940800	2.952300	1.115800	1.173700	1.751300	0.704900	-0.556000	0.439500	0.326100	0.898100	1.053000	0.962000	-1.244500	-0.154900	-0.213100	0.092200
340	-0.878000	-0.051500	-1.167900	1.711100	2.713000	1.930800	0.758500	0.790100	-0.893600	-0.097900	-0.815400	0.000000	-0.233200	0.193700	-0.148700	-0.119700	-0.438900	-0.678200	-1.386900	-0.449800
341	3.427100	2.556600	2.649100	2.474300	3.026400	0.909800	4.015300	4.049300	3.890200	3.248200	2.798300	3.754300	0.000000	3.233400	2.941700	4.362200	2.162600	2.701000	4.113700	4.416200
342	1.376900	0.914800	1.728000	0.406500	0.226900	1.570400	1.974100	0.000000	1.003100	0.067700	0.864400	2.053400	1.032500	1.723800	-0.136700	-0.138700	1.746100	0.963200	0.650700	0.641000
343	5.633600	5.908200	5.035600	5.160900	4.666200	5.446900	6.383300	4.508400	5.387100	5.721600	5.140500	5.741000	3.784100	5.730000	0.000000	4.216500	6.243000	6.821300	5.918200	6.278600
344	6.791100	5.246000	5.156200	4.639200	4.399500	9.279800	0.000000	6.449600	6.461600	5.550900	4.315400	4.112500	9.321900	5.346700	11.010800	5.133300	9.357900	16.099200	10.028200	12.103700
345	4.111600	2.921900	0.000000	1.057000	0.249400	2.120400	9.863400	1.465000	2.989900	2.950300	0.507000	4.710400	4.523600	3.669700	4.682100	1.927400	22.742500	13.820500	6.618100	6.880400
346	1.201300	0.488200	0.138800	0.729300	0.197500	1.991000	0.185800	1.141100	0.775900	1.065000	-0.385400	-0.004800	0.581300	0.164100	1.091500	0.526500	0.187800	0.179900	0.000000	1.115800
347	1.751300	0.000000	7.809400	3.577900	6.966800	5.314300	9.544900	4.218100	1.268500	2.716600	6.343400	9.858600	10.751600	7.507400	11.165800	5.800500	27.545300	19.852900	18.357800	49.673700
348	4.344000	2.694100	0.062700	0.838100	0.504100	7.376800	6.910100	2.587800	4.292800	2.795300	0.000000	3.009000	4.481500	2.804500	4.779500	3.672300	11.406400	9.169600	4.565900	4.179100
349	1.482600	0.000000	1.300800	0.226900	1.433500	2.765500	0.098600	1.833600	1.380100	0.752800	-0.940900	-0.300000	1.573000	0.747400	2.269200	1.657900	1.467200	-0.205500	0.893600	1.649700
350	1.259900	0.017400	-0.690800	0.070500	-0.498100	4.196600	-0.772400	0.000000	0.800500	0.978700	-0.438400	-0.723400	0.262000	-0.671800	1.003400	0.207700	0.146500	-0.457000	-0.661000	-0.381200
351	3.403600	1.688900	2.898500	4.270400	3.132900	6.010200	4.536300	3.376400	3.702000	1.440100	0.721200	4.505200	0.000000	3.063100	1.851900	2.287600	19.130000	27.194400	19.850800	21.826400
352	5.137200	3.053300	0.000000	2.831400	2.022700	7.896200	6.984900	3.704300	4.163900	3.257800	1.017000	2.922000	5.826400	2.907500	6.056700	3.535200	15.210500	15.035400	10.597100	6.286900
353	1.090900	0.855100	-0.023100	0.954600	0.576700	3.252800	0.000000	0.247000	0.585600	0.968400	-0.136900	0.071700	1.169100	0.314700	2.457300	0.217000	0.951000	1.204700	0.951300	0.530300
354	1.521300	0.608900	0.148800	1.900700	1.495500	1.406400	-1.083300	0.704200	0.638400	0.888700	0.107300	0.000000	1.385800	0.087000	2.320500	0.619700	0.472700	0.361500	0.133100	-0.288000
355	4.070600	2.573800	0.163800	0.000000	0.962300	3.027100	7.532500	1.931500	2.604400	1.711900	1.580000	3.244100	5.362100	3.726400	5.317800	1.641800	16.088000	9.547800	5.021600	2.252200
356	0.000000	4.669800	5.717900	10.184000	10.404700	13.073600	6.004300	11.123600	4.996400	4.781100	5.946300	5.849100	6.663700	6.528400	7.343800	5.780900	9.832400	5.390100	5.611200	7.002600
357	2.090800	0.000000	2.856800	2.605300	5.245700	0.930400	14.569200	3.749400	0.778300	1.914300	3.910900	10.425100	10.949600	8.427200	7.524100	3.627800	27.669400	20.975700	17.388100	25.004100
358	0.948400	0.372000	-0.735900	-0.119500	-0.863300	0.604600	-0.516300	-0.103000	0.375400	0.216800	-0.994400	-0.588500	0.000000	-0.178900	-0.005100	-0.021600	-0.912500	-0.426800	-0.558400	0.404900
359	4.336700	2.618100	3.611100	0.000000	-0.452700	3.514900	3.897500	2.696800	3.414000	1.717800	3.511200	3.503800	5.036900	4.547200	4.949700	3.745800	6.529300	4.954400	4.437200	5.716600
360	2.457500	1.796800	0.101700	0.778600	0.078800	2.384500	1.250400	0.945200	1.754100	1.331900	-0.068300	0.128500	0.000000	0.528300	0.404200	1.110900	0.103100	-0.006200	0.516700	1.481700
361	1.373900	0.783200	0.296000	0.732800	0.395800	0.057000	1.086500	0.439100	1.639200	0.453500	-0.525500	0.773100	0.000000	0.106000	0.000000	0.533200	2.580200	1.936800	1.858200	2.196200
362	0.000000	6.495100	7.852800	11.652000	11.739700	9.118100	11.298400	12.817300	11.611300	11.414100	10.157400	10.921700	10.913300	11.043900	10.553400	11.224100	12.662600	11.927100	12.422200	9.143200
363	0.908900	0.476100	0.246300	0.884200	0.340200	-1.129400	0.117500	0.868800	0.834100	0.920300	0.057700	0.277500	-0.001100	-0.047100	0.479600	0.070300	0.246900	0.236300	0.038100	0.000000
364	0.948000	0.540300	0.566300	1.023000	0.729200	0.464400	0.098100	1.853500	0.580800	0.619000	-0.514600	-0.526300	1.033700	0.401900	0.000000	0.662000	0.067100	0.059900	-0.020200	0.006700
365	2.489300	1.808200	1.171800	3.319500	3.486500	3.486600	1.874200	4.152800	1.716500	1.964000	0.984500	1.960000	2.532800	1.809100	3.003400	2.505800	1.902100	0.000000	0.634200	1.700900
366	5.392100	3.961800	0.318800	1.179200	0.000000	7.261400	10.387000	2.709600	4.352900	3.287100	0.529000	3.629100	5.742500	3.450000	6.116100	3.606000	25.883400	19.847500	9.577000	13.335100
367	4.151400	2.944100	1.219800	1.302800	1.145300	4.766600	0.000000	2.509100	3.028800	2.426100	1.342100	1.030400	3.123600	1.812600	4.826500	2.815500	4.478500	5.474900	5.101900	7.241600
368	5.997300	4.293000	1.903600	1.023700	0.000000	7.053200	7.817300	3.573500	5.293900	3.345100	0.689600	5.575000	6.190000	3.516900	5.872100	4.436300	14.153800	13.929400	8.650500	5.595600
369	1.939800	0.999800	-0.243300	0.418300	-0.369300	3.246200	0.400700	0.000000	0.825800	0.722800	-0.275200	-0.143800	0.661400	0.388100	0.502300	-0.140800	0.806600	0.331100	0.036700	0.514600
370	2.874600	1.999800	3.555400	4.079000	4.531500	0.000000	1.918200	3.052900	2.809900	2.184200	2.201700	2.969400	4.039200	2.926000	4.096400	2.700400	3.704400	2.568900	2.448200	2.629600
371	2.743500	2.397700	2.893600	4.516800	5.252500	0.000000	3.410300	2.538300	2.204900	3.287100	3.121500	3.172300	4.470900	3.840800	3.412900	3.405500	3.741000	3.649300	3.415900	4.302400
372	0.481500	0.399100	0.466800	0.565100	0.408300	-1.067700	0.336400	0.536500	0.542400	0.573600	0.375400	0.300400	0.000000	0.304600	0.430600	0.512400	0.493600	0.458600	0.373800	0.569200
373	0.696900	0.673200	0.374100	0.554600	0.348800	2.665100	-0.415000	0.265300	0.332800	0.615600	-0.056800	0.000000	0.765600	0.156400	0.937700	0.651300	0.567200	0.405700	-0.146100	0.254400
374	4.184300	3.233200	0.000000	2.220500	1.171900	2.074600	3.758300	2.958400	3.616900	2.753500	0.250300	2.519100	4.240900	2.949000	5.062100	3.420500	3.991800	5.345700	2.601800	2.578300
375	-0.053500	0.298100	-0.283500	-0.085200	-0.194200	2.156200	-0.872900	-0.168200	0.125000	0.133700	0.078700	-0.565500	0.403600	0.010300	0.259900	0.000000	0.142400	-0.041700	-0.187600	0.593700
376	2.360200	1.609600	0.537800	1.512200	1.081400	0.350700	0.791700	1.378000	1.636500	1.694700	0.297500	1.032100	0.902800	1.118900	2.100700	1.713000	1.036200	-0.050800	0.000000	1.509300
377	1.347500	0.000000	3.894400	2.634100	3.329500	0.621900	1.834400	2.621500	0.652200	1.331400	1.461100	2.374800	1.308000	-0.000100	3.990800	4.026600	10.727500	15.553000	20.688500	35.902400
378	1.860700	1.244400	-0.724100	-0.318600	-0.841900	0.738500	0.593000	0.286400	1.434800	0.723500	-0.386300	0.051200	0.000000	0.301500	0.533000	0.471300	0.698800	0.546800	0.370900	0.894200
379	5.621000	3.988100	1.644800	0.880000	0.000000	7.485300	9.915600	3.664100	4.552200	2.854600	1.288900	2.956400	7.183300	3.014400	6.642400	2.966800	14.033600	6.129600	3.973900	3.603800
380	0.607900	0.000000	-0.522300	0.010800	-0.660700	1.591100	-0.688500	0.669700	0.765700	0.395600	-0.985700	-0.521300	0.441900	-0.209900	0.445200	-0.201200	-0.318100	-0.263400	-0.344000	-0.032800
381	1.998000	1.064200	3.413400	0.429800	1.194900	1.232400	8.339300	0.000000	1.007000	0.916800	2.470000	7.659800	4.186700	3.447300	3.651900	0.991800	23.618200	14.438600	9.058900	14.663500
382	3.392400	3.841100	2.882400	6.131300	6.462500	6.873100	3.130600	6.088900	4.458500	3.476500	2.305700	2.818900	2.859200	2.882700	4.323800	2.885200	2.168200	0.000000	0.610500	2.363600
383	-0.546300	0.405600	0.475500	1.012200	2.220300	2.317500	0.056700	0.397600	0.376400	0.232400	0.120000	-0.206200	0.405000	-0.079500	0.416300	0.000000	0.343100	0.442300	0.160400	0.207200
384	5.947200	4.783800	8.884600	6.310500	9.142500	15.860200	16.467900	4.809700	5.131800	3.684100	7.525400	13.967900	8.066500	9.360000	0.000000	4.434400	39.086000	28.553300	20.963700	48.887800
385	2.115800	0.825100	1.601400	1.324100	3.079100	-2.374800	6.751700	1.689400	2.575500	1.205800	0.275800	3.397400	4.057100	2.960900	2.845700	1.829200	9.392200	3.688900	1.722100	0.000000
386	3.021700	1.452300	2.383500	1.837000	1.587400	10.752200	0.000000	1.881900	2.128200	2.223800	0.448600	1.915300	3.299600	2.045700	4.481800	1.948200	11.830000	5.010000	4.238500	5.460600
387	4.173700	2.665200	-0.199800	1.099500	0.092700	3.698100	6.395400	2.068700	3.735100	2.713800	0.000000	3.539400	5.022200	2.396100	5.666400	2.532600	16.494300	9.045700	4.697700	5.136800
388	1.755300	0.000000	3.818200	1.601900	1.269100	3.699300	11.689100	2.412500	2.374000	0.595800	2.494200	10.181300	3.590100	5.676200	4.031200	3.107800	12.235500	3.617600	2.164000	19.801400
389	4.346500	2.502800	2.580000	4.431500	8.294400	6.249400	8.025500	4.084800	3.146500	2.001100	0.000000	3.873600	3.596500	3.871300	4.703600	4.616400	15.207200	21.462800	11.714900	46.730800
390	1.020900	-0.432400	2.477800	1.083500	1.783800	4.133400	15.514800	0.333700	0.301300	0.000000	3.114800	10.612000	2.742100	4.457000	3.946500	3.702300	34.920400	16.473400	12.208000	38.334500
391	5.756300	4.608000	0.996000	3.020600	3.363600	7.386900	6.939800	4.018200	5.472900	3.955200	1.061000	2.759000	6.977500	4.840700	6.856200	3.723100	8.815900	4.349000	0.000000	3.334500
392	2.713100	0.982600	2.129400	4.368000	4.264200	2.832800	8.201500	1.102200	0.000000	2.328900	5.376500	11.278000	4.993200	5.208800	5.182400	7.587600	19.760100	10.814200	12.689500	4.628500
393	3.952800	2.606500	0.000000	2.470500	3.169900	6.308700	7.241700	3.059900	3.798800	2.843500	0.497500	1.930000	4.399100	2.427100	4.660200	3.185000	12.489900	15.414800	6.934300	3.644700
394	3.299300	1.701000	-0.803700	0.000000	0.537000	1.664100	8.794500	1.164800	2.130300	1.611700	0.147900	0.860700	4.957200	2.135100	4.661000	2.011900	19.286100	11.348900	5.389700	4.990500
395	1.314100	0.000000	3.525800	2.591900	2.394900	6.549900	3.934200	1.188400	0.141000	0.446100	0.144700	3.490700	5.185700	4.220200	6.111100	3.752500	12.192800	8.581300	6.981900	61.041100
396	4.860600	3.954900	0.000000	4.944500	5.343900	4.895800	4.854100	3.750100	4.556200	3.408600	0.679400	3.512200	6.473500	3.392100	6.749800	3.065200	8.312000	4.674400	3.856900	2.083100
397	-0.766500	-0.566800	0.342300	1.238900	2.067300	6.294900	0.983200	-0.434500	0.000000	0.466800	-0.687700	0.450500	-1.706600	-0.078800	-1.506200	-1.183800	0.947000	1.011200	-1.590900	1.686100
398	0.031600	0.106600	-0.461700	0.487000	0.253100	-0.092800	-0.139100	0.519800	0.103600	0.135500	-0.709700	-0.156500	-0.001000	-0.035300	0.000000	0.037000	0.359800	-1.171600	-0.783100	0.326500
399	2.377300	1.564400	0.515500	0.415600	-0.509600	2.936800	0.985400	0.000000	1.304900	0.910400	0.403300	0.716200	1.475700	1.179800	2.633100	2.071700	0.344300	0.696700	0.392900	1.674900
400	2.169100	1.746300	0.950800	1.672300	1.340500	0.000000	1.170300	2.887600	1.997200	1.844200	0.503600	0.771900	0.914800	1.145100	2.192100	1.932100	0.508600	0.917700	1.507400	1.840600
401	4.183900	2.676500	1.013900	0.000000	-0.136400	1.648800	10.427000	2.249100	3.449100	2.051100	1.160100	4.372000	4.628800	5.575800	4.789100	3.227000	19.782600	14.407000	10.110600	30.906300
402	1.590300	0.542400	0.064000	0.360800	0.075500	3.483900	-0.850600	0.000000	0.538100	0.814300	-0.054200	0.051800	0.633900	0.219800	1.939200	1.147100	2.609200	2.750400	2.134700	3.337900
403	5.557100	3.766900	0.209000	0.815400	0.000000	4.747600	11.711000	3.115600	4.961400	2.971400	0.365200	4.717600	5.923000	4.308900	5.396300	3.041300	12.672600	9.340800	5.610100	4.284100
404	2.927100	1.901400	0.000000	2.844300	1.092100	3.383700	1.328400	1.403100	2.043700	2.057100	0.323300	1.062500	2.144300	1.507300	3.125500	1.685000	0.557300	0.010700	0.259500	1.646500
405	0.655800	1.361000	0.432900	1.836300	2.006500	4.447300	1.220800	2.205400	1.835400	1.496600	0.827800	0.690700	1.156700	1.493300	0.000000	1.292000	0.707700	0.345400	0.010800	0.906100
406	4.820300	3.168400	4.151900	2.767400	2.918700	0.000000	4.766700	4.591500	4.646700	3.714800	3.785200	5.950900	4.082700	3.210500	4.821900	4.549300	8.032100	7.712000	6.444400	6.565100
407	0.659100	0.513200	-0.126700	0.670200	0.424700	1.588800	-0.097200	0.318800	-0.046600	0.435800	-0.147000	0.000000	0.202500	-0.289900	0.269300	0.294700	0.213900	0.218300	0.062800	0.523500
408	0.503700	-0.510000	0.385700	-0.099700	-0.578500	2.345300	-0.562600	0.568800	-0.310800	0.000000	0.112200	1.099000	1.509700	0.650000	2.853800	1.669700	3.074600	2.875900	1.454500	2.327500
409	1.059200	-0.531700	-0.978500	-1.722200	-1.223300	2.499000	0.451300	0.000000	0.403500	-0.261900	-0.492200	0.104300	-0.084100	0.420800	2.677200	0.980100	11.771900	1.512200	0.821400	2.587600
410	0.661800	0.000000	-1.090600	0.518600	-0.047100	3.395500	-1.017300	0.529900	-0.142300	0.051200	-0.819200	-0.778100	0.045700	-0.611500	1.648700	0.557900	-0.021500	0.635800	-0.633700	0.207000
411	1.320200	0.851900	-0.047900	0.598300	0.062200	1.267400	-0.421300	1.096800	1.654100	1.160000	0.104000	0.000000	2.526500	0.400900	4.490100	1.119500	0.405300	0.053900	0.030600	-0.317000
412	1.868600	1.163500	0.482300	1.402800	1.311700	5.582000	5.173400	0.000000	0.778400	0.923800	0.463000	3.902800	0.686900	0.062400	2.589600	1.013300	12.515100	13.322900	8.901200	7.091700
413	3.616700	3.446100	1.016800	3.824000	3.195900	10.768400	4.925300	2.278500	2.866700	2.057400	0.957800	4.451200	4.934000	3.119900	5.100400	3.122600	9.264000	1.087300	0.000000	2.788900
414	3.373400	2.700200	2.866600	3.129100	2.808200	0.000000	2.694600	2.304600	3.299400	3.398900	2.666500	2.542300	3.474800	2.006900	3.773400	2.820400	3.024000	2.709300	2.805500	2.874500
415	0.635100	1.114900	0.916100	0.690400	0.644200	1.115000	1.152000	1.153100	1.188700	1.286600	-0.081300	1.038700	-0.005200	0.557800	0.000000	0.232000	-0.735500	0.556700	0.154500	1.303900
416	6.549000	4.534900	3.111000	4.593500	5.877300	10.954100	6.320500	5.890500	5.478400	4.570500	1.551900	4.549100	5.170300	3.845700	5.671900	4.591400	4.305200	0.000000	0.517400	3.216900
417	4.890800	3.954900	1.479900	3.423400	2.110000	2.687800	3.279000	3.499700	4.548600	4.011600	0.901200	3.165300	3.856100	3.331900	4.763600	4.321800	-0.913400	0.474700	0.000000	3.434800
418	1.667900	1.022000	0.876700	1.487400	0.947700	-0.779100	0.964100	1.003500	1.184200	1.604100	0.854100	0.806800	0.000000	0.684500	0.960900	0.342500	1.224400	1.197800	1.091900	1.631200
419	1.189100	-0.461500	-1.569500	-0.452200	-0.735500	2.474400	-0.639900	0.457100	0.095300	0.189400	-1.932600	-1.006300	0.225700	0.000000	1.033000	-0.269200	-1.192700	-1.656000	-1.949700	-0.805300
420	3.766200	2.380900	0.000000	2.181200	1.613100	7.152600	1.344700	3.455800	2.805100	2.811300	0.081300	2.383200	3.685700	2.005700	4.002100	3.391300	3.758200	1.843600	-0.781400	2.460200
421	0.746200	0.000000	-0.860200	0.679900	-0.244600	2.289900	-0.384700	0.748300	-0.046000	0.564200	-1.827400	-0.475100	0.252800	-0.188100	0.809400	-0.177100	-1.320600	-0.892500	-1.527900	-0.610900
422	1.463700	1.076400	0.671400	1.681900	1.286900	6.256700	0.000000	1.965600	0.879700	1.901200	0.634900	0.751900	1.932800	0.856800	2.445900	1.673200	1.347700	1.438600	1.372500	1.289100
423	3.914900	2.962000	1.414900	0.847500	0.000000	3.723900	9.245200	2.777600	3.495400	2.207500	-0.007200	4.473000	4.948000	3.546200	5.226400	3.836300	17.237800	10.913800	9.039900	17.556600
424	1.451900	0.257500	0.931800	0.446100	-0.159200	5.731800	0.142500	0.449400	0.000000	0.488200	-0.589400	0.098600	1.562400	0.816800	3.552700	1.320500	5.075600	4.540400	6.592300	28.394700
425	-0.077000	-0.064100	0.041000	0.288000	0.391200	5.308200	-0.461000	0.009400	-1.554000	0.119000	0.126500	-0.456900	0.766800	0.000000	0.867100	-0.137000	-0.103500	0.108200	0.078600	-0.074200
426	0.048400	0.000000	-0.085800	0.431400	0.348400	-0.528300	-0.206400	0.313900	-0.018600	-0.062800	-0.298900	-0.163800	0.041600	0.013200	0.199400	0.213100	-0.266600	-0.146400	-0.154100	0.194600
427	-0.421200	0.000000	0.581200	0.703800	0.798100	2.014200	0.220600	0.502200	0.220700	0.341900	0.307300	0.332400	0.305400	0.361400	0.365100	0.396500	0.217500	0.212500	0.176700	0.417700