SITE	GLY	ALA	LEU	VAL	ILE	PRO	ARG	THR	SER	CYS	MET	LYS	GLU	GLN	ASP	ASN	TRP	TYR	PHE	HIS
81	0.024200	0.501500	0.825800	0.846600	0.968300	0.527300	0.557700	0.269300	0.000000	0.416000	0.651600	0.578400	0.369100	0.695200	-0.454200	0.042200	0.586700	0.901300	0.536200	0.748400
82	0.032200	-0.025200	0.269100	1.026600	0.721100	1.464800	-0.070800	0.563700	0.261500	0.168200	-0.118800	0.000000	0.012900	0.075000	-0.383300	0.278400	0.145100	0.201100	0.179700	0.186000
83	3.649200	2.923100	0.000000	2.709600	1.441400	3.515300	2.830200	3.696100	3.493000	2.319300	-0.164100	1.944200	2.301000	2.627700	3.281900	1.985400	2.539900	3.669000	3.657900	4.209500
84	0.660700	0.302400	0.086200	0.901600	0.660700	0.458500	-0.071500	0.297100	0.447600	0.590500	0.612800	0.000000	-0.382100	-0.317000	-0.170900	-0.012100	0.425600	0.356100	0.233000	0.482400
85	2.908800	2.244500	0.000000	1.755800	0.529400	0.938000	1.966400	1.841800	2.669100	2.150200	0.019900	1.580900	1.555400	1.747900	2.312400	2.555100	1.867900	1.864300	1.498700	2.393500
86	0.158000	-0.142600	-0.399700	0.032800	-0.309500	-1.334500	-0.491700	0.312600	0.000000	0.089700	-0.706400	-0.674200	-0.533800	-0.568300	-0.002900	0.098600	-0.823600	-0.343000	-0.268000	0.125500
87	1.078000	-0.040000	-0.613200	-0.109300	-0.354400	4.004200	-0.215000	0.226400	0.948400	0.221900	-1.321500	-0.390600	-0.226100	-0.308800	0.000000	0.691900	-0.214100	-0.474200	-0.514000	0.314900
88	5.174500	4.312900	3.419200	3.843800	3.353100	3.867100	5.185000	4.744000	4.488700	3.754100	1.526800	4.309700	4.263900	4.103200	5.116100	4.603000	0.000000	0.112500	0.339500	3.233800
89	6.226200	4.458800	0.645300	3.570700	3.426800	11.677240	4.813100	4.969000	5.637300	3.952900	0.908100	2.459400	5.153900	3.828100	6.048400	4.535600	7.412600	1.469500	0.000000	3.546500
90	1.137400	0.957100	0.908300	-0.190800	-0.463300	2.642300	1.067400	0.090500	1.429100	0.628900	0.837700	0.872900	1.053900	1.002300	0.961700	0.000000	1.241700	0.399300	0.636200	1.399900
91	3.505400	2.523900	1.823100	3.328300	3.081900	0.000000	2.824700	3.955400	3.469200	3.163500	1.766700	2.423600	1.917700	2.265900	3.493100	2.895000	4.535900	5.511100	6.428200	8.255000
92	0.743300	0.379600	0.239000	0.491900	0.255200	0.226100	0.256700	1.131700	0.436500	0.519400	-0.016700	-0.068500	-0.012600	0.163800	0.263600	0.427700	-0.283300	0.041200	0.000000	0.353400
93	0.844400	0.326200	0.393000	1.037500	0.629400	1.730500	0.240800	1.371100	0.559800	0.402400	0.346700	0.000000	0.346000	0.125800	0.500100	0.289500	0.800200	0.378600	0.334300	0.790500
94	6.006700	4.107500	2.289900	4.324900	4.504400	9.602000	0.000000	4.940800	5.014700	3.598400	1.453400	2.283700	6.366600	3.474000	5.526200	3.553100	4.189900	3.093400	4.400800	10.408800
95	1.192100	1.087000	1.058800	1.606500	1.475100	0.000000	1.041100	1.556200	1.349700	1.520500	0.931800	0.968800	1.027500	1.034200	1.357900	1.452000	1.243600	1.186300	1.127200	1.597100
96	1.498700	1.308600	0.486700	1.117100	0.930100	1.135400	0.748200	1.740300	1.391600	1.185700	0.174600	0.742600	0.000000	0.305900	1.086100	0.436200	1.901200	0.769200	0.456500	0.209700
97	3.345100	2.214800	0.652600	0.000000	3.281100	1.945100	2.661200	2.490200	2.573900	1.750800	0.802800	2.900600	4.007800	2.045800	4.112500	1.759500	7.855500	3.591900	5.357100	3.341900
98	0.871100	0.671500	-0.832000	0.000000	-0.877000	-0.769500	0.242400	0.332800	0.739100	0.099300	-0.996200	-0.103700	-0.218400	0.150900	0.413700	0.538000	-0.272400	0.504100	0.504800	0.540600
99	0.612500	-0.012500	1.645700	-0.975500	-0.084100	0.341500	2.546000	0.000000	0.447400	-0.651600	0.278200	1.582200	1.656600	0.509500	1.351500	0.052200	3.357400	0.757700	1.130700	0.735400
100	2.627200	2.307200	0.525500	1.460100	0.538500	4.322600	2.497800	2.016800	2.209300	1.919500	0.000000	2.006000	2.353600	1.926800	2.916400	2.935600	2.953500	2.436900	2.451000	2.830300
101	2.926000	2.074800	2.504900	3.335000	5.408100	2.705200	4.707000	0.000000	1.007500	2.145300	1.535100	8.596100	5.319300	6.434300	4.293400	3.221100	21.772468	11.084690	13.113990	49.719600
102	1.064500	0.809500	0.519000	1.173700	0.685500	-0.220200	0.042000	1.253600	0.970000	1.038900	0.312200	0.000000	0.851200	0.228000	1.110400	1.106600	0.157700	0.879200	0.915100	1.307900
103	4.661900	4.394400	3.507300	3.924600	2.996400	5.624100	3.709400	4.717400	4.526900	4.069200	3.222400	3.631600	4.322900	4.195700	4.378000	4.223600	0.000000	1.397500	2.079800	4.418900
104	-0.428000	1.092100	0.617600	2.767100	3.231900	5.733800	0.423300	2.564500	0.916900	0.731200	0.614400	0.000000	0.564200	0.565500	0.693700	0.119400	0.451000	-0.145700	-0.276800	0.333800
105	1.376800	0.000000	7.271900	3.911700	5.071800	7.701900	5.798300	2.670000	0.490100	1.154200	4.579000	6.021500	7.548900	4.974200	6.576000	6.019000	4.985800	4.645900	4.037300	5.768800
106	4.181300	2.361400	3.838300	2.338700	3.649600	0.000000	9.064800	6.406100	4.459400	2.929400	2.091200	5.716700	2.752900	4.118300	4.563200	4.645600	6.325600	4.502700	4.908000	26.607130
107	4.014800	2.643700	-0.843300	0.000000	-0.524700	4.976600	1.530400	2.212100	3.881200	2.039500	-0.866900	2.231600	3.851100	1.842300	4.629700	3.077100	15.111730	7.655500	5.353700	7.979300
108	4.132800	2.626100	0.878000	0.000000	-0.135600	3.773600	13.979020	2.462800	3.974200	2.042900	3.096600	11.577960	4.738800	5.283400	3.942300	2.467100	37.989800	14.600100	17.668570	6.900500
109	7.152200	5.656700	3.403200	5.154800	6.441400	7.662200	4.536400	7.227000	7.647000	4.997300	2.633600	4.366300	7.309100	5.465100	7.628700	5.670500	0.000000	3.011100	2.550900	4.198700
110	3.268200	1.957100	2.475100	1.749000	2.743500	7.276000	3.474300	2.217700	2.405900	2.494000	1.138400	2.358000	0.000000	0.270700	0.939100	1.347100	2.161400	1.396200	2.252000	2.986300
111	0.000000	2.546500	2.928200	5.693700	9.041600	9.400900	3.034100	5.917300	4.201100	3.627100	2.945100	2.778500	3.573900	3.338200	4.147000	3.243600	3.337000	3.068400	3.178900	3.155300
112	1.744600	0.670100	1.015800	1.531400	3.744000	3.648500	16.983760	0.000000	1.165200	0.619300	3.812600	7.764500	5.266900	3.674100	3.330000	2.340400	40.113100	36.909100	25.866790	47.678500
113	6.358500	5.025300	4.233700	3.412100	3.644900	5.399100	5.307800	5.509900	5.679900	5.212800	3.418400	5.929400	6.858700	6.059700	8.018600	6.109100	4.531100	0.000000	2.145700	5.472800
114	1.599300	1.849100	1.247700	1.743400	1.253000	6.045600	1.680900	1.263000	1.870500	2.372100	1.050200	1.484800	0.622000	1.886700	-2.575100	0.000000	1.656500	1.710600	0.999800	2.415200
115	2.030800	1.152100	0.219200	1.645700	0.779800	-0.650600	0.000000	1.835100	1.038400	1.472100	0.272000	0.919500	1.578500	0.595800	0.858000	1.825000	1.665500	0.974500	1.026300	1.554800
116	0.680300	0.000000	0.048500	0.458000	0.191300	-0.375200	0.396100	0.103600	0.020400	0.745800	-0.265100	0.073600	-1.231600	0.069700	-0.453300	0.672100	-0.082100	-0.210800	-0.183600	0.630100
117	0.849800	-0.182600	-1.396200	0.000000	-0.468300	-0.244500	-0.279500	0.032200	0.084400	0.169300	-2.022200	-0.559800	-0.298400	-0.568400	0.147800	0.085100	-1.629300	-0.901500	-2.147000	0.226100
118	4.707500	3.258100	0.000000	3.841100	2.928400	5.263800	5.186400	3.530600	4.345100	3.418400	0.445600	4.086200	3.406800	3.255500	4.828700	4.233900	12.921000	13.428220	6.259000	18.759540
119	1.709000	0.744400	0.176800	0.255200	-0.285600	4.504300	0.737500	0.999700	1.328400	1.093300	-0.398500	0.577800	0.232800	0.380600	0.000000	0.693900	1.346600	0.471900	-0.812500	0.947300
120	0.604400	-0.043700	-0.342400	0.897800	-0.221700	1.492700	-0.266400	0.033000	0.240300	0.749300	-0.248100	-0.182500	-0.103900	0.017600	0.306000	0.000000	-0.532300	-0.199700	-0.286800	0.330200
121	2.635200	1.212500	-0.620300	0.717600	-0.518100	4.211900	0.680500	1.818100	2.447400	1.929400	-0.031400	0.751600	1.276600	0.859800	2.366600	1.287400	-0.424600	0.000000	-0.750200	0.932000
122	4.818300	3.325900	0.732200	2.800700	1.886000	8.306000	3.564400	3.236100	4.689200	3.255100	0.562200	2.672400	3.807500	3.456700	4.863500	3.764700	0.137800	0.000000	-0.874400	2.419500
123	0.557700	0.000000	-0.925700	-0.228700	-0.991000	5.687000	-0.810900	0.019800	0.399300	0.359300	-1.488500	-0.687900	-0.128000	-0.356600	0.727300	0.373300	-0.809200	-0.361100	-0.587500	0.632200
124	0.076500	0.202400	0.368900	1.388800	1.063900	2.147500	-0.631200	0.331200	-0.132600	0.601500	0.001700	0.000000	0.694200	0.395600	1.241900	0.294200	0.358500	0.558800	0.450300	0.064200
125	1.204700	0.756400	-1.023200	1.383900	0.143100	1.586000	-0.283500	1.246800	0.507300	0.177700	-1.158400	0.038600	0.422700	0.000000	0.797900	-0.184000	-0.232700	0.234100	-0.124600	0.062300
126	0.240400	1.205500	1.263200	1.996000	2.940300	5.980500	0.365700	1.385400	1.169300	1.036300	1.114000	0.000000	1.052600	0.419700	0.943400	0.165400	1.762600	0.830200	0.830000	0.489100
127	3.631800	2.463400	-0.408700	0.454000	0.000000	5.583500	1.543500	1.665900	2.616000	2.311000	0.766300	1.929600	3.935900	3.257300	4.439900	2.722200	8.169100	1.180000	1.300200	6.085800
128	1.912700	0.616600	-0.628700	-0.915000	-1.024400	1.888700	-1.513200	0.000000	0.484200	0.437900	-0.859900	-0.462600	0.970300	-0.133500	2.031000	0.943700	0.549300	-0.017800	0.228100	-0.052100
129	5.085300	3.182100	0.064300	0.000000	-1.032500	3.847000	9.051600	2.467100	4.326100	2.341200	-0.422000	3.980400	4.881300	3.497600	4.495400	3.067500	14.049140	3.311900	1.564900	2.541100
130	0.000000	4.254300	19.240250	12.980060	17.593160	15.535860	31.842400	11.894250	6.162600	6.549100	17.024470	26.136730	20.121614	16.923750	16.873710	14.398980	45.863400	35.573000	28.966810	71.243900
131	5.057600	3.788700	0.000000	2.892600	1.723700	6.243900	8.059100	2.244200	4.321800	2.507500	0.511200	5.094700	2.966600	2.836100	3.752900	2.204700	28.653560	23.750760	12.850720	5.974900
132	1.659600	-0.118800	-3.265300	-2.704300	-3.579900	0.547500	4.728000	0.000000	1.146000	-0.668800	-3.404900	1.123000	1.391200	0.254300	1.639300	0.705300	21.088559	8.464900	4.973200	13.765900
133	3.789700	2.392800	0.409000	0.000000	2.566200	3.810300	26.990540	2.266300	2.672100	1.486600	0.164200	7.928800	5.119800	4.242500	3.632300	2.687700	14.689650	16.166560	9.242800	29.459940
134	5.192400	4.418000	1.216200	2.284500	1.680700	3.174700	5.117300	3.552700	5.114000	3.844600	1.266900	4.540900	5.028600	3.163500	5.663900	4.289700	1.076500	2.515100	0.000000	3.733200
135	1.624000	0.000000	6.364800	0.374600	1.565000	2.050200	18.107860	-0.177500	1.141600	-0.401000	7.254000	6.204000	6.195400	4.864400	6.858100	5.930100	28.161500	18.246920	6.301700	58.281600
136	3.576800	2.070900	-0.746500	0.000000	-0.585000	1.593000	1.971200	1.778800	3.339800	2.159500	-0.155400	2.444100	3.923900	2.613800	3.690700	2.653600	9.348000	7.257900	6.621700	26.245800
137	0.000000	3.110700	2.309400	4.303000	3.831800	6.264300	2.523300	5.560900	3.332500	3.239900	1.754500	2.322900	3.888600	2.754300	3.376000	3.606400	2.822200	1.552300	1.259100	3.292000
138	0.772700	0.601900	-0.605700	0.352200	-0.100800	-1.816400	0.000000	0.829400	0.561900	0.738000	-0.722900	-0.298600	-0.299200	-0.338500	0.243500	0.409700	0.657200	0.743200	0.536900	1.276400
139	2.930000	1.762800	0.772000	3.237700	2.935300	1.287500	1.495600	1.977700	2.418000	2.507600	0.591100	1.241200	2.350700	1.628000	3.710900	1.754300	0.146700	0.000000	0.210000	1.550800
140	3.892000	2.411300	0.077800	0.734200	0.000000	1.924900	2.727800	3.031100	4.054400	2.578500	0.389000	1.938700	4.403500	1.960900	5.232900	2.356800	6.744700	8.255400	9.839800	18.483370
141	0.944800	0.281300	-0.384500	0.223700	-0.303000	-0.071800	-0.479700	0.502200	0.687200	0.659600	-0.336400	-0.208700	0.000000	-0.464200	0.461100	0.700700	-0.331400	-0.059300	-0.290600	-0.262600
142	1.081600	-0.347700	-1.451400	1.243900	0.470700	3.112700	-0.596400	0.947300	-0.280300	0.172100	-1.685300	-0.801900	-0.443900	-0.184000	0.294900	0.285800	-0.780000	-0.809200	-0.972700	0.000000
143	2.448300	1.334000	0.969200	1.873000	2.145700	5.033500	0.868600	2.642600	1.388500	0.948300	-0.800200	1.220000	3.352800	1.323100	3.809800	2.701500	1.400400	0.000000	-0.247000	2.038500
144	5.773200	4.328400	0.000000	3.375500	3.109900	7.629400	5.412700	4.420300	5.589500	3.914800	-0.003600	4.629800	5.604300	3.412600	6.548600	4.901800	13.826600	9.193200	3.760900	4.722500
145	0.994000	0.363000	-0.555300	0.502700	0.248100	-1.217600	0.115400	0.897900	1.241900	0.900200	-0.105100	-0.066100	0.000000	-0.034700	0.801800	0.737900	0.124400	0.173900	-0.280000	0.502100
146	0.984800	0.155700	-0.780700	0.087300	-0.783100	-1.697600	-1.094000	0.414900	0.422200	0.063600	-1.322100	-0.549200	0.000000	-0.557900	0.549600	0.500400	-0.333300	-0.608600	-0.691700	0.257000
147	6.116700	4.563600	0.867400	4.079300	4.093400	9.323600	6.782000	4.989000	5.167600	4.695400	1.018200	3.959600	5.793500	4.133900	6.681700	4.219100	4.737500	1.527700	0.000000	2.778600
148	5.365600	3.732700	0.000000	1.934300	0.574300	7.810600	3.893700	3.665100	4.482700	3.730100	0.461300	3.349900	4.022100	2.832900	5.036900	3.130200	-1.548500	6.735300	4.025700	3.217100
149	0.451900	-0.900800	-1.928600	-0.891800	-1.526400	2.801300	-0.987600	0.000000	-0.441000	-0.481900	-1.967400	-1.652000	-0.758100	-0.929500	0.092400	-0.938000	-2.037900	-2.424000	-2.158600	-0.329900
150	2.120400	0.600200	-0.101100	2.913100	6.067800	4.077200	0.004100	-0.310700	0.000000	1.194000	-0.100900	0.701400	1.958000	0.615000	2.827000	0.460200	1.747300	0.034900	-0.361300	0.397300
151	1.878200	0.000000	5.861500	3.500500	5.823200	8.178600	13.121260	2.686900	0.893200	1.968200	0.402500	8.325500	3.806500	5.521700	5.426300	5.964100	36.587400	26.780590	20.532343	28.796410
152	1.124100	-0.519500	-0.375600	-1.587600	-1.378700	3.745700	-0.029200	0.559400	-0.032300	0.162700	-1.671700	-0.795400	-0.141900	-0.198800	-0.459500	0.000000	1.586500	1.183400	0.858000	3.129100
153	1.529100	0.853300	-0.049900	1.016700	0.524600	4.281200	0.297300	1.747800	1.337100	1.190900	-0.015500	0.000000	0.521100	0.377300	0.315200	0.659600	0.705500	0.446500	-0.562900	0.686000
154	1.432400	0.548400	-0.908700	3.008000	3.078800	5.826800	-0.518700	3.251100	1.764500	0.621700	-0.887600	-0.682000	1.576700	1.612500	2.274000	0.490900	-0.953200	-0.885300	-1.321500	0.000000
155	6.301200	5.254600	2.503300	5.003500	4.170300	12.555160	7.739800	4.250000	5.971900	4.441200	1.333900	6.255000	5.935300	5.602600	5.691100	5.338600	5.409400	2.012800	0.000000	4.179800
156	3.536100	3.345700	1.666000	1.545900	1.150000	6.603500	9.658000	1.698600	3.642100	1.415200	0.000000	2.586000	4.547300	3.452100	4.258800	2.387700	11.672470	7.605000	3.896700	1.343200
157	0.796600	0.277200	-0.038800	0.000000	-0.131000	-1.983100	0.151400	0.524100	0.678300	0.161400	-0.431000	-0.164000	0.168600	0.048200	0.136000	0.564600	-0.268900	0.427300	0.135400	0.601300
158	0.000000	2.501800	2.397600	4.578000	4.202000	6.748200	2.303200	3.485800	2.694300	3.747800	1.863000	2.480000	2.388200	1.948000	2.618800	2.306100	3.244500	2.116500	2.091700	2.309500
159	2.478700	1.386200	-1.000100	0.708800	0.517200	6.068500	1.721700	0.982300	1.544700	0.477200	-1.254000	-0.187600	2.694000	1.089100	3.508900	1.176400	9.258200	5.211000	-0.748000	0.000000
160	3.373000	2.224600	0.971500	1.755700	1.357000	0.000000	0.656900	2.508500	2.199900	2.504000	0.487200	1.106100	1.465600	1.597000	2.693300	2.022600	2.051800	0.868500	0.535400	1.894000
161	4.801300	3.249600	4.097200	0.000000	1.147500	10.732700	16.076450	1.700500	3.587700	2.602600	5.756200	10.307200	5.536200	6.166700	5.595200	3.471500	36.763500	27.403310	20.528491	25.513340
162	3.924900	2.751300	0.519700	0.800300	0.000000	4.299500	1.560400	1.880800	2.448200	2.110700	0.862600	1.480500	3.023500	2.379500	3.393600	1.931500	1.838700	1.063000	0.792300	2.510200
163	6.208500	4.503500	0.485300	1.629100	0.362500	5.295300	2.822400	3.629000	5.479500	3.525000	0.703600	3.241900	4.489400	3.837700	5.040100	3.985500	3.562000	1.331700	0.000000	2.933500
164	7.678400	6.339400	2.756900	4.382000	3.273500	7.864400	6.732700	5.512000	7.396900	5.411700	2.510700	4.886400	6.703700	6.131500	6.956900	6.096600	4.868300	0.000000	0.978900	4.213300
165	7.095300	5.219600	0.647600	1.399800	0.000000	7.685400	5.209600	3.878100	6.310400	4.126200	0.576400	4.417100	5.095500	4.165700	5.747600	4.712300	2.523100	8.146800	3.104700	4.611300
166	5.860400	4.206600	0.627200	1.229100	0.318300	6.357200	4.713300	2.488000	5.135100	3.448900	0.000000	2.781900	3.643400	2.652900	4.056000	2.664900	6.827900	0.335000	-1.036900	1.032900
167	4.150800	2.457500	1.285300	0.000000	1.550800	4.617300	14.746010	0.845500	2.407300	1.791900	3.528900	12.137960	7.075300	6.528800	5.690800	3.428600	27.192710	17.199230	13.455330	35.453900
168	1.994000	1.247800	1.420700	1.534100	1.303900	0.709900	0.728300	2.873400	1.826100	0.544200	0.181700	0.275800	1.043200	1.293000	0.000000	0.742400	2.970000	1.831200	0.262500	27.434500
169	2.553500	1.351600	1.480000	1.113300	0.803700	6.765800	0.585600	-0.131000	1.157400	1.314000	1.035800	0.920000	1.524000	0.889700	0.000000	0.657400	1.347900	1.263400	0.780200	0.737400
170	1.361300	0.604700	-0.764600	0.000000	-0.479800	-1.583000	-0.349200	0.217900	1.106300	0.448100	-1.282300	-0.741400	0.146600	0.174500	1.203300	0.920200	0.702800	-0.293700	-0.445700	0.758000
171	1.298700	1.166400	1.200300	2.042500	1.772500	0.734200	0.369000	0.469300	0.000000	1.172000	1.262100	0.756800	1.240700	0.653300	1.410000	0.543700	1.349300	1.085700	1.135000	1.075300
172	2.464200	1.982600	1.016000	2.087700	1.840500	7.416300	0.000000	1.644300	1.230000	1.902700	1.059500	0.917600	2.337100	0.909500	2.321400	1.729200	2.213000	1.921200	1.536100	1.115000
173	5.678900	4.024400	1.433100	3.507400	3.438700	4.954900	3.732600	4.032400	4.696500	2.938700	0.000000	2.881800	4.780600	2.806700	5.977300	4.722200	5.152700	4.832300	4.764700	4.871900
174	3.512300	2.623400	2.309200	2.207800	2.043000	0.000000	2.599600	2.781100	3.358000	3.103600	2.092700	2.290500	2.750400	2.219900	3.603600	3.536500	1.542900	1.981000	1.896100	1.931600
175	1.041700	1.213300	0.000000	0.737800	-0.002000	2.336400	-0.157100	0.713600	1.049000	0.794000	-0.325800	0.195600	0.660800	0.307400	0.590700	0.676300	-0.457400	-0.081800	-0.091900	0.611200
176	2.117500	1.724200	-0.412300	0.936900	0.000000	0.829700	1.654400	1.673500	2.234800	1.457000	0.734900	1.829400	3.122500	2.077100	3.859000	2.358600	2.572000	0.418600	-0.009500	2.844600
177	0.572200	0.405600	0.421200	0.546500	0.522500	-0.075400	0.306300	0.449200	0.533200	0.488500	0.573800	0.278100	0.000000	0.189600	0.413800	0.497900	0.588300	0.485400	0.435300	0.669600
178	3.250700	2.569200	0.000000	2.055000	1.585900	2.580000	2.639300	2.572900	3.263600	2.210200	-0.463900	2.088300	2.736100	2.433100	3.337400	2.132800	-2.579900	-1.657300	-1.136400	1.752200
179	0.000000	1.337300	0.742000	3.651300	3.010800	1.538200	1.237500	3.222500	0.736100	1.072400	0.339700	1.189900	0.650600	0.774500	-0.764400	0.239300	0.977100	0.700000	0.174100	0.927700
180	1.960300	1.392700	1.093600	1.508700	1.293200	0.000000	1.651700	1.475400	1.419200	1.710800	1.359000	1.072900	0.391300	1.049200	1.050600	1.507600	0.917800	0.865600	0.815100	1.333700
181	0.333200	2.276100	0.000000	5.183600	5.327800	5.298200	1.122900	6.489500	2.469900	1.564900	0.374400	0.790800	1.161400	1.311400	1.381700	1.141500	0.642400	0.554000	0.353900	1.183200
182	5.178400	3.699300	2.621300	3.809800	1.594900	6.147400	0.000000	3.657500	4.416900	3.258800	1.630600	0.819000	5.430600	3.921100	5.566100	3.355200	5.856100	4.033600	2.136300	4.204000
183	0.392300	0.463600	-0.009300	1.143400	0.934100	3.102700	-0.201600	0.971700	0.000000	0.206700	-0.556100	-0.084800	0.537800	0.097000	0.328700	0.350300	0.682300	0.857400	0.636000	0.940000
184	2.775000	2.170800	0.306300	5.090400	6.701700	3.954900	1.903500	4.893900	2.870800	1.838300	-0.242800	1.798100	2.920100	2.286100	2.928700	2.278000	-0.970700	1.073200	0.000000	2.083800
185	1.826300	1.266900	0.343300	0.560100	0.159600	3.460800	-0.112800	0.817600	1.336700	0.935100	-0.748400	0.000000	0.824700	0.859400	1.045600	1.443500	1.338200	0.820900	0.728200	1.244800
186	3.482800	2.237800	0.792700	0.000000	-0.293200	1.918400	1.627000	1.810900	2.984300	1.613800	0.671100	1.457800	2.110300	1.912500	2.838300	2.575000	1.528000	1.532700	1.533800	2.407100
187	3.752700	2.828900	1.323900	1.476300	0.427100	6.114800	1.146900	2.714600	3.368900	2.581100	0.556800	1.452900	2.630900	1.498200	3.010700	2.340900	1.626200	0.858700	0.000000	2.573200
188	1.312200	0.656400	0.443300	0.946200	0.426100	0.065100	-0.068900	1.244400	1.088100	0.650300	0.060900	0.000000	0.340900	0.332000	0.858000	0.772900	0.343700	0.625200	0.689400	1.583000
189	3.195000	2.510500	0.457000	0.814700	0.000000	6.988600	1.052600	2.044300	2.932800	1.955000	0.572300	1.200600	2.513800	1.918500	2.120600	2.211600	2.449900	1.872100	0.526000	2.549800
190	0.846700	0.662100	0.330300	0.659800	0.596100	-0.898600	0.066500	0.650800	0.733400	0.716400	0.248800	0.000000	0.559200	0.041700	0.672800	0.428500	0.559300	-0.163600	0.079200	0.248700
191	1.213900	0.584700	-1.250500	0.481400	-0.439100	0.000000	-0.809200	0.031800	1.375100	0.141600	-1.641200	-1.142100	1.208500	0.133900	1.665200	0.287200	1.239900	0.974500	0.774200	1.548200
192	0.997600	0.030500	0.360100	1.083800	0.797900	-2.235900	0.534400	2.460500	0.596000	0.444000	-0.161800	0.069400	0.000000	0.218600	0.745000	0.565600	1.573100	0.044500	-0.140800	0.907000
193	0.188200	0.393700	0.127200	0.339300	0.270900	3.244400	0.032300	0.220400	0.556500	0.427500	0.195800	0.000000	0.118700	-0.643500	0.335500	0.307900	0.390900	0.194000	0.139900	0.549900
194	1.473800	1.164100	1.089100	1.663100	1.537300	0.257800	0.000000	0.750000	1.338000	1.373300	1.273500	1.169600	1.551800	1.119500	0.537800	0.430800	1.655600	1.190200	1.337700	0.939600
195	0.129800	0.108800	-0.504500	0.617100	-0.192900	-1.432700	1.464800	0.528200	-0.268800	0.849100	-0.852700	0.960300	-0.071500	1.219200	0.405100	-0.158100	0.000000	0.512200	-0.105600	0.950400
196	1.300100	0.410000	-1.101500	0.029200	-0.622700	-0.378900	0.651900	1.841400	0.925200	0.299900	-0.753700	0.213300	0.071600	0.000000	1.103300	1.013700	0.672900	0.213000	0.099500	1.098700
197	1.372900	0.570600	-0.189700	1.132400	0.830300	0.155800	1.083700	1.660100	1.480800	1.256500	-0.413300	0.592300	0.950200	1.329500	0.000000	0.393100	1.229400	1.535700	0.275200	2.122600
198	3.119200	1.531800	0.825100	0.911000	0.000000	4.468500	2.081700	2.600100	2.989100	2.557700	0.111900	2.514700	2.911300	2.348400	3.475900	1.281400	0.079600	0.187700	-0.531000	2.216200
199	0.771400	-0.173600	-1.005500	-0.436900	-1.068400	2.377400	-1.518500	-0.206500	0.000000	-0.027100	-1.558700	-0.634400	1.398800	-0.306900	1.478900	-0.091400	-1.901900	-0.934800	-0.990700	-0.301800
200	3.436200	2.277300	3.150600	3.135700	2.709600	5.247600	1.178300	4.101500	2.485000	2.455700	0.000000	2.070100	4.069400	1.979100	5.627800	2.698100	15.655870	5.009200	9.545600	42.626300
201	2.043600	1.415400	0.651000	1.936800	1.064000	5.888400	1.545600	2.433600	1.425600	1.203700	0.000000	1.070800	0.811500	1.476700	1.437200	1.055100	1.053700	1.036100	0.971400	1.544300
202	4.305700	3.159300	3.265100	2.835700	2.046300	3.017600	0.000000	2.405200	3.449400	2.670400	2.000500	1.006100	4.445300	2.979700	6.512600	4.988100	3.969000	6.194000	5.258600	5.241100
203	4.061400	2.614600	0.731500	2.747400	2.461400	0.939700	1.660600	2.051100	2.951000	2.636000	0.000000	2.812700	3.598200	3.276000	4.599200	2.497300	2.661900	1.601400	0.718300	2.836300
204	1.518900	0.458100	-0.493400	1.282700	0.617100	4.919300	0.412400	1.934900	0.433700	0.991600	-0.498800	0.000000	0.158700	-0.038400	0.777000	0.978500	0.151000	0.104500	-0.109500	0.720200
205	0.865000	-0.385400	-2.476700	-1.676000	-2.786000	1.697300	-1.181600	0.000000	0.842600	-0.033600	-2.404400	-1.087300	-0.444300	-0.199700	0.212400	-0.465700	-1.642400	-2.047100	-2.606900	-1.004400
206	4.274100	2.754100	0.287700	1.078500	0.000000	5.870900	3.226000	1.693800	3.227700	2.786100	-0.307000	3.439400	2.180100	2.916100	2.366200	1.423600	-0.006300	2.489000	1.926100	4.054900
207	0.000000	-1.579300	-2.016800	-0.532600	0.856400	3.713800	-1.600700	-1.144400	-0.842500	-1.050900	-2.611200	-1.824300	-0.617800	-0.640500	0.618700	-0.226300	-1.529400	-1.816300	-2.848300	-1.441600
208	1.088700	0.196200	-0.374300	0.308200	-0.304400	2.352400	-0.002600	-0.014100	0.353500	0.677700	-0.396400	-0.007600	0.000000	-0.185500	0.669700	0.415400	-0.241200	-0.073700	-0.110800	0.619700
209	2.247900	0.641500	-0.837500	0.804700	1.262900	3.868100	0.347300	0.487600	1.031400	0.477700	-1.491000	-0.075000	1.376400	-0.270500	1.545600	0.097500	-0.028000	0.595300	-0.423000	0.000000
210	4.495200	2.606400	-0.237400	1.070900	0.000000	6.324400	5.505800	3.083700	4.080900	2.809300	0.800900	3.460900	5.177200	4.352600	5.420800	2.798900	10.017500	5.891300	7.649800	5.004100
211	0.915600	0.206900	-0.743300	0.000000	-0.368800	1.845600	-0.166500	0.428900	0.441700	0.303900	-0.885500	-0.347600	0.015800	-0.357800	0.881800	0.590100	0.246600	0.592800	-0.293200	0.731200
212	0.438200	0.000000	-1.082100	-0.092000	-0.769700	1.846500	-1.350800	0.245000	-0.414400	0.071000	-1.160300	-1.021000	0.344500	-0.981900	1.020900	-1.042000	-0.930200	-0.830900	-0.976900	-0.919800
213	1.823000	2.310500	0.315900	3.539000	2.601000	3.013100	2.110400	2.588800	1.896300	1.395800	0.531900	1.638300	3.086100	1.587300	3.790000	0.791300	2.370200	2.805700	2.184800	0.000000
214	4.837700	2.770200	0.689100	0.470400	0.000000	6.895500	5.530400	3.221900	4.656100	3.035700	-0.402000	2.543000	4.068900	2.059100	6.571400	2.752500	5.953100	7.050500	4.749500	11.127100
215	1.557500	0.556000	-1.106000	1.039800	0.416200	5.839200	0.021800	2.430900	1.328100	1.023300	-1.584700	-0.366600	0.392700	0.000000	1.419500	1.251600	-0.757300	0.265400	0.210100	0.892900
216	0.381900	0.148700	-0.240100	0.503700	0.117700	-0.122000	-1.520300	-0.147000	-0.554400	-0.509000	-0.351400	-1.113800	0.389200	0.003100	0.537800	0.169300	-0.240200	-0.827000	-0.541700	0.000000
217	3.325000	2.494900	1.580000	2.717200	2.322600	6.650600	2.548700	2.627000	2.361900	2.954300	3.099700	2.269900	0.000000	1.431800	2.345000	1.962400	2.881500	2.354300	2.265400	2.003900
218	4.377700	3.134900	3.458800	0.000000	1.599300	6.605400	6.890200	2.767100	3.773400	2.144600	2.832300	5.459500	8.524800	5.876300	7.248000	2.802500	27.643360	20.549970	16.202890	20.402490
219	1.835300	0.892800	0.297900	0.506600	0.224300	2.977800	0.450700	1.002900	0.451000	1.061800	0.150000	0.090700	0.879500	0.715200	0.000000	0.380600	0.545900	0.963900	0.653500	0.391700
220	4.821500	3.361500	0.879600	0.751800	0.884100	3.014200	1.841200	2.597200	3.867400	2.969700	1.332900	1.565200	4.326600	2.430600	5.234900	2.569100	0.944100	0.171100	0.000000	3.382900
221	5.979700	4.221100	0.000000	2.178900	1.510700	6.273500	10.519400	3.618400	5.428700	3.511100	0.500000	4.353300	4.388300	3.745000	5.917700	4.423000	11.426700	8.346800	3.166800	3.753100
222	6.096600	4.560800	1.516800	2.222900	1.849300	6.462100	3.938600	4.440100	5.632800	4.282500	1.459900	2.646200	5.411800	3.837100	5.916000	4.457200	2.738600	0.099600	0.000000	3.403300
223	3.347900	1.558300	-0.588700	-1.643100	-2.135300	2.729300	0.362000	-0.182900	1.249500	0.000000	-0.494200	3.590400	2.473800	1.599300	0.857900	0.632100	2.112000	5.103800	0.158800	2.819500
224	5.774200	3.965600	-0.134200	2.059400	2.306300	6.393300	7.647900	2.737600	4.545300	3.305800	0.000000	4.214200	4.504200	3.986200	5.921100	4.480600	11.396990	5.112200	4.056900	3.797200
225	-0.219900	-1.214100	-1.242500	0.569600	0.428500	2.161800	-0.747200	0.127400	-1.471600	-0.616100	-1.329700	-0.414900	0.064500	-0.466800	0.000000	-2.551100	-0.135000	-1.684600	-1.703500	-0.062200
226	3.515300	1.831300	0.497700	0.000000	2.755500	0.856400	1.245400	3.018100	2.846600	2.047400	1.721600	3.269000	4.283100	2.409500	4.957600	3.288100	7.206100	6.211500	6.253500	4.345200
227	-0.854700	-1.916200	-1.446100	-0.581100	-1.139900	-1.727200	-0.506300	-0.312700	-1.257100	-2.529500	-2.377800	-1.474400	-0.999600	-1.955200	0.000000	-1.752400	-4.575500	-3.060700	-2.717200	-1.683200
228	1.469200	0.582600	1.112600	1.090400	0.328300	7.686700	-0.823300	1.102400	0.841700	0.311800	-0.634500	0.259100	4.851200	0.000000	7.419700	2.550400	17.814740	5.971500	6.542500	4.972600
229	1.695500	0.829600	-0.282200	0.000000	-0.537200	2.920500	0.276500	0.223100	0.871300	0.511500	0.026900	-0.262400	1.451600	0.304600	1.532800	1.630000	4.355400	3.605900	3.078900	2.858400
230	5.951600	3.978500	1.070600	3.444100	3.509900	2.670600	7.882400	5.029200	4.974100	3.816300	0.864300	5.163300	5.637900	4.963000	6.196700	4.425200	8.927400	3.307200	0.000000	2.729400
231	1.618200	1.374400	-0.962900	0.754700	0.246300	4.751900	-1.187700	1.858300	1.608200	1.023800	-0.233500	-0.184500	0.782200	0.000000	1.510600	0.540800	0.647500	-0.242400	-0.824700	0.325700
232	0.965500	0.483400	0.655200	2.008600	1.890200	5.360900	-0.546300	1.234100	-0.021100	0.219100	0.229500	-0.029900	0.541300	0.350200	0.000000	-0.232200	0.180500	0.026900	0.247000	0.604900
233	1.417400	0.365800	-0.668000	0.401600	-0.363200	0.978600	0.166700	0.819200	1.125100	0.871700	-0.209200	0.000000	0.275500	-0.040900	1.129200	0.372100	0.065000	-0.177400	-0.248700	0.021100
234	6.196900	4.400800	3.004500	3.173500	3.813400	9.306300	7.221100	3.834300	4.681000	3.696100	1.006500	3.181700	5.857300	5.124100	5.524500	4.854200	4.681900	1.037900	0.000000	3.846800
235	0.000000	2.030200	0.724800	2.703300	2.938400	3.893000	3.075200	2.031100	2.854900	2.610700	1.484100	1.780400	5.864100	3.858300	3.280300	3.486600	3.384200	3.273900	1.219400	3.956300
236	3.825600	2.169600	2.117000	0.000000	1.224700	-0.203800	10.904200	2.795600	3.471200	1.970600	-0.089500	4.173200	4.469600	4.520400	3.388900	3.285300	20.874978	9.307300	9.156600	60.048200
237	5.452000	3.596300	4.688900	3.267200	3.440200	0.663800	15.793870	4.577300	4.622400	3.618800	2.148900	7.211100	0.000000	2.591500	3.304000	3.872700	10.023700	4.262200	4.818200	7.665500
238	2.270700	0.708000	1.913900	1.976000	3.265000	5.974400	18.606530	0.000000	1.554000	1.108400	3.205100	10.476200	6.714100	8.763500	4.341200	3.130200	29.542930	21.295568	20.209266	38.897600
239	5.189100	3.649400	0.000000	3.530900	2.948600	2.349700	7.019900	1.737000	3.483200	3.261900	0.182200	5.491300	4.694200	1.990900	5.034000	3.947900	6.619000	14.992180	8.120500	6.443400
240	0.000000	2.744200	8.923800	6.283300	5.689800	10.788800	5.237300	6.334900	2.449600	2.436700	3.888700	4.544400	5.982500	6.200000	5.356600	2.575100	14.034670	11.350110	9.589900	20.182669
241	1.425900	0.673300	0.113500	0.768000	0.254800	-0.500800	0.645000	0.931400	1.310800	1.293800	0.320200	0.306300	0.000000	0.622700	0.852500	1.156300	0.528500	0.679800	0.670900	1.082200
242	0.422200	-0.071400	0.196000	0.091100	0.415800	1.936400	0.018200	0.610500	0.000000	-0.444900	-1.166300	0.628300	0.845400	-0.423300	2.359700	2.078500	6.436300	5.950000	8.000400	17.025590
243	4.484400	2.858100	1.216300	0.000000	-0.082600	5.778700	7.388900	1.728500	3.198200	2.058100	4.223900	7.879200	4.860900	4.229300	4.702000	3.838000	19.459290	15.333620	12.458620	24.899670
244	2.001400	0.000000	12.818000	5.908600	7.870600	6.847700	13.734380	2.832800	1.464700	2.410600	6.582600	10.494400	9.697200	11.202100	6.059300	7.854300	54.325800	30.325960	35.121800	45.734900
245	2.073900	0.436200	-2.502400	-0.336100	-0.088100	2.585100	13.736760	-1.355300	1.740900	0.030600	-2.125500	3.303000	3.074300	0.000000	3.170800	1.509500	23.238151	15.330050	9.361500	26.819170
246	4.878800	3.549100	0.000000	2.533000	1.428500	6.754200	2.695600	2.650200	3.561800	2.799500	0.073700	2.503800	3.646200	2.280900	4.310000	3.013100	-0.549400	3.687200	0.482100	2.372100
247	0.700500	-0.982800	-0.621300	0.022900	-0.290200	2.505800	7.535800	-0.277000	0.786500	-0.611400	-2.689700	0.229700	1.330300	0.000000	1.869900	-0.212000	17.665870	6.229100	0.493800	0.262700
248	1.342200	0.000000	5.576500	1.637100	4.012600	-2.053400	23.536148	3.283100	2.440300	1.033700	9.868900	15.111300	7.925400	11.487000	7.011900	6.663600	27.765810	13.725910	13.611000	30.062540
249	5.110000	3.398700	1.108800	2.886800	4.006900	3.562100	3.941000	4.511300	5.305800	3.773400	1.990400	3.934500	3.788400	3.690700	5.221100	3.826200	0.000000	1.221400	1.537500	2.479900
250	3.393700	2.600700	0.668600	1.945700	3.119700	4.201300	2.499900	3.306800	3.648800	2.656000	1.348500	0.628200	3.278300	2.271100	3.637000	3.360800	0.000000	0.786800	0.530800	2.208200
251	4.028300	2.990200	1.600900	2.637500	2.316800	3.352400	3.533500	2.993100	2.789600	2.914500	1.323300	3.132300	4.099100	3.224300	4.387800	3.091500	0.724900	0.000000	0.918100	2.346800
252	0.811500	0.590400	0.037400	0.615200	0.501500	0.387700	0.307000	1.080400	0.664200	0.281600	0.072900	0.000000	0.188200	-0.063300	0.697300	0.240200	0.431800	-0.722900	0.073500	0.099600
253	1.154000	0.000000	1.172900	1.166900	0.988400	-0.275400	1.022700	1.877000	1.107000	0.807600	-0.099700	0.527700	0.772000	-0.330200	1.548600	1.858700	1.980100	0.850100	1.840400	2.658200
254	0.304400	0.113400	-0.694000	-0.295200	-0.403500	0.591900	-0.669500	0.219200	0.073700	0.006600	-0.449100	-0.774500	-0.357500	-0.516100	0.000000	-0.179900	-0.329000	-0.161400	-0.390400	0.228600
255	1.475900	1.224100	2.056500	1.822600	1.651400	0.000000	1.371600	2.468500	1.424700	1.519800	1.285400	0.680800	2.148300	1.027000	2.111100	2.073100	1.731700	0.543000	0.311500	1.929000
256	0.192200	0.146000	-0.277600	0.324800	-0.022800	-0.919900	-0.383300	0.425700	-0.261200	-0.110700	-0.528800	-0.240500	-0.290900	-0.421100	0.120200	0.000000	-0.421400	-0.426800	-0.445600	0.198400
257	0.782900	0.219500	-0.461900	0.584500	0.514000	2.177600	0.147300	0.300400	-0.073800	0.455700	-0.431200	-0.063500	-0.562800	-0.257700	0.000000	0.085800	0.136700	-0.418900	-0.530100	0.293000
258	4.436100	3.039800	0.850100	3.461600	3.058700	2.332200	4.061400	2.347900	4.704900	3.179700	0.911700	2.436700	5.002300	4.362100	4.950500	4.327400	12.202150	-0.068900	0.000000	3.236900
259	-2.478800	-2.717200	-3.061800	-1.840600	-0.222700	-5.448800	-3.472300	0.000000	-2.943600	-3.033000	-3.930200	-2.933800	-2.780000	-3.230500	-3.696500	-3.119700	-2.628900	-3.541200	-3.813400	-2.688900
260	2.497600	1.797000	0.948600	3.112900	2.946000	4.131700	4.291400	3.486100	2.530800	1.957600	-0.620500	-0.094600	3.067200	2.401200	2.171300	2.556900	4.934800	0.000000	-1.503300	1.565700
261	4.779000	3.330900	2.969200	3.367400	5.160900	2.908500	4.871000	3.190200	4.234100	3.292800	1.660100	4.786900	0.000000	3.235000	4.009300	4.728100	11.443500	12.192110	9.490200	27.057330
262	2.607100	2.330400	1.255600	1.899800	1.486000	1.632500	0.000000	2.430100	2.691200	2.334500	0.833000	1.686200	2.282800	2.003200	2.656100	2.199400	2.004700	0.827000	0.804000	2.375300
263	2.922500	2.592100	2.202100	2.982900	2.670600	4.884800	0.000000	2.021100	2.284700	2.521200	2.570900	1.995900	3.237500	2.214900	3.411900	1.564600	3.096400	2.502100	2.523800	2.159500
264	1.088800	0.512300	0.666300	1.260200	0.679500	-1.120800	0.097700	1.302800	0.945200	0.977700	0.724800	0.000000	0.263700	0.254100	0.971500	0.956800	0.825400	0.805700	0.784600	1.262100
265	0.799900	0.175800	-0.169100	0.905200	0.400400	0.157600	-0.274100	0.789300	0.512700	0.421300	-0.174900	-0.533000	0.000000	0.288700	0.537500	0.586700	0.000400	-0.244600	0.037600	0.630200
266	3.126000	1.317300	6.281600	1.449700	3.123900	2.655500	18.593490	1.434800	0.000000	1.876400	4.009900	12.603740	8.674000	8.086200	8.070000	4.586500	17.289790	22.458290	21.055115	3.934600
267	1.118200	0.000000	0.155000	1.127100	1.159200	1.750400	1.488900	0.512500	0.842100	0.547900	-0.673900	1.019100	0.846200	0.420200	1.383700	-0.196100	-0.190700	1.474900	1.052400	0.724700
268	1.372300	0.000000	13.477720	8.266000	11.900460	2.657400	15.669730	6.385700	0.756900	4.291300	14.576560	16.040960	17.087530	16.574850	14.063380	11.469670	45.079000	29.896410	26.834190	35.568200
269	2.664200	2.011200	1.812400	2.480400	1.815800	8.279700	2.089600	3.730700	3.308500	2.321000	0.366400	1.958200	2.833000	2.818400	3.154300	3.239200	0.695100	0.000000	-0.140500	2.251900
270	3.755200	2.903600	0.133500	1.082900	0.000000	8.836800	4.606900	2.993200	4.094600	2.656200	0.320300	3.241300	4.462500	3.299300	4.961600	3.013100	12.203250	16.146010	12.155840	12.429330
271	3.207400	2.446000	2.420600	3.400100	2.850300	0.000000	3.394400	3.708000	2.703100	2.975900	2.928700	2.737900	1.250100	2.977800	1.732900	2.286600	3.641700	2.591700	2.462100	2.903400
272	0.644700	0.425200	-0.122800	0.683500	0.521000	-1.228200	0.507300	0.669900	0.585000	0.697900	0.120700	0.272900	-0.508000	0.207900	0.228700	0.698900	-0.019700	0.131200	0.000000	0.654700
273	0.000000	-0.129300	-0.544100	0.117900	-0.176100	-0.948900	-0.249400	0.265900	-0.156600	-0.283400	-0.617700	-0.489400	-0.858400	-0.499000	-0.231700	-0.015100	-0.089700	-0.054200	-0.062800	0.104600
274	0.727200	0.476300	-0.392400	1.350800	1.846200	0.031100	0.049100	0.547800	0.206900	0.568100	-0.482800	-0.216300	0.000000	0.072400	-0.786600	-0.349100	0.185400	0.147400	0.103500	0.343200
275	0.000000	5.421400	20.189930	14.884680	16.244960	11.517400	15.205210	11.216200	6.755300	9.853100	15.250580	18.743250	17.245380	20.312290	17.863680	17.844050	36.721800	30.702360	27.559990	45.573800
276	0.502500	-0.227300	-1.176400	-1.813300	-0.108200	-0.647100	0.723400	-0.691900	0.316300	-0.009700	-0.430400	-0.087700	0.428100	-1.357100	0.000000	-0.114300	0.302100	-2.446000	-1.642800	-0.023300
277	3.469800	2.658100	1.010500	4.162600	2.250400	4.483100	2.084500	3.922200	2.803700	2.296000	0.543800	2.052300	3.352000	2.502200	2.888300	2.429800	-0.148800	0.743600	0.000000	1.446500
278	5.756500	4.498700	1.351300	3.972400	3.542400	4.263000	2.102900	5.589700	5.085700	3.825000	2.121700	2.089600	4.920400	4.440600	5.733700	4.514700	4.586800	0.000000	0.635800	3.968100
279	5.302300	3.730900	0.597200	1.566700	0.638800	4.431100	4.205300	3.460800	4.281200	2.944500	-0.172500	3.017600	4.934300	3.827800	5.620300	4.280900	0.877000	0.000000	-1.146200	3.071000
280	2.273500	0.656800	-1.461400	3.168900	2.713800	9.962600	2.852100	3.533100	1.606800	0.318300	-0.522000	1.317900	2.600600	2.155300	2.881800	0.384600	9.500600	2.877100	1.280700	0.000000
281	0.944700	0.000000	1.945400	0.234900	1.785300	7.859100	1.903500	0.966900	1.104600	-0.344700	0.721000	0.171700	5.546000	3.445300	4.516200	0.916000	9.065900	0.800900	0.444000	-0.588000
282	0.902400	0.000000	1.974200	4.245600	4.787000	2.759700	0.035100	5.198800	0.881500	1.879900	0.471100	1.246500	7.284000	3.843000	5.771800	2.406800	6.647800	5.207700	4.406000	5.616600
283	2.299000	1.198700	-1.775600	0.947500	0.000000	5.754300	4.743200	0.719900	1.212000	0.567600	0.027100	2.388600	3.522800	1.339900	2.789600	1.095700	8.394800	6.557200	3.673500	2.254800
284	5.566200	4.513700	1.743600	3.171900	2.517600	6.116400	3.178900	4.047500	4.256400	3.970700	1.499100	3.340400	5.632300	3.868900	6.205100	5.144600	0.241400	0.988900	0.000000	3.499500
285	0.000000	5.410800	14.348580	13.135710	15.041530	5.674800	19.677270	11.254200	4.261400	8.666800	12.569340	15.578210	15.713430	13.299530	9.467900	9.005000	31.491300	26.936910	26.143080	53.962600
286	0.000000	7.131700	21.331559	20.260980	25.373380	12.655670	22.094113	18.728020	10.390200	11.094100	14.730270	19.852710	17.493440	19.674270	19.127710	17.462290	47.194300	36.128800	33.034800	72.153100
287	1.062600	0.933200	-0.197000	1.611300	1.411300	3.580200	0.383900	0.000000	-0.013100	0.827600	0.137400	0.483800	0.528200	0.299700	0.190200	-0.584100	1.270100	3.312400	0.461000	0.438800
288	4.297700	2.766000	4.011300	1.894200	3.125400	0.000000	4.268200	3.419100	4.564000	3.377500	4.516000	6.954500	5.168500	4.556700	4.694600	3.400700	6.984500	3.558500	3.060300	7.682000
289	0.540500	-0.048900	-0.174900	0.312900	-0.206800	-0.222500	0.296200	0.000000	0.375300	0.671200	-0.100200	-0.006500	-1.011100	-0.206800	-0.032000	0.679100	0.230600	0.406900	0.389800	0.667600
290	0.534100	-0.760200	-0.015700	0.904000	0.016500	2.406000	0.243900	2.270500	0.183900	0.794200	-0.218700	-0.040500	0.549200	0.000000	1.157200	0.308600	0.339300	1.374700	1.132500	1.383300
291	4.515600	2.466000	-0.134800	0.000000	1.276200	5.166200	9.660900	2.563700	3.927100	2.139100	0.860000	3.848400	4.652900	1.851300	3.965500	3.266600	17.228590	17.281320	11.412300	23.644890
292	2.728800	1.583700	0.000000	2.940200	3.825800	9.726300	1.740200	3.111600	2.625300	2.016700	-0.250100	1.272300	1.914700	1.901500	3.183300	2.657100	1.458700	0.556300	0.349900	2.041200
293	1.626200	0.662700	0.281700	0.813700	0.281600	2.169100	0.635300	1.311100	1.048000	1.074800	-0.011600	0.639500	0.770500	0.382500	1.293300	0.000000	0.965200	-0.018300	0.322800	0.894100
294	5.026300	3.900300	0.286200	1.114600	0.000000	6.703700	3.575500	3.407300	5.074000	3.586500	1.165900	2.638500	4.457200	3.868600	4.573200	3.788800	16.762390	11.074300	8.212600	6.613300
295	2.951400	1.040700	1.760500	-0.958300	-0.197000	5.255400	6.949900	0.000000	2.147600	1.213500	1.529500	5.856500	4.506500	5.483500	3.480200	2.032400	16.653970	10.601900	8.423900	12.222210
296	1.121800	0.077100	-0.818700	0.903400	0.025600	7.671700	-0.176100	0.459400	0.277800	0.725800	-0.911200	-0.288400	-0.096900	0.000000	0.560400	-0.105100	-0.674700	-0.804300	-1.155300	0.100300
297	1.551700	0.255600	-0.794700	-0.113700	0.112700	4.640000	0.503800	0.349800	0.723400	0.774100	-1.402100	-0.034000	0.000000	0.168800	0.797300	0.233000	-1.513700	-0.398200	-0.788900	0.760300
298	1.856100	-0.080900	-1.241500	-1.768300	-1.631500	2.669800	4.149900	0.268400	0.802900	0.000000	1.684600	6.432800	3.035700	3.957900	2.641100	-0.045300	19.759960	11.259200	9.400800	7.959400
299	3.399000	1.994700	0.444500	0.933100	0.295300	8.750200	1.993700	2.828300	2.896800	2.397800	0.031700	1.622600	2.666400	2.051200	3.442900	3.063800	-0.181500	0.535100	0.000000	2.500500
300	1.156500	0.296300	-0.406800	0.373600	-0.293500	2.881700	-0.271500	0.270800	0.182200	0.540800	-0.799000	0.000000	0.199400	-0.026700	0.616300	0.089300	-0.101500	0.167300	0.112800	0.616100
301	0.000000	-0.892300	-2.345600	1.676300	0.990800	2.373800	-1.350200	2.373800	0.316100	-0.238700	-2.770100	-1.772800	1.071100	-0.438200	1.187000	-0.294000	-3.303400	-3.143600	-2.823400	-0.284200
302	3.403300	2.634400	1.435000	1.121200	0.000000	5.209600	4.782700	2.134500	3.121600	2.615200	-0.266100	3.988800	4.540800	2.192600	4.859400	3.902500	4.033900	2.485900	2.861600	4.358300
303	2.692700	1.414300	0.000000	1.386400	0.324100	5.848200	1.224800	2.066000	2.285600	2.114800	0.283500	0.747600	0.970000	1.200600	2.237900	0.399000	1.554200	1.589700	1.072300	2.046800
304	1.471600	0.524200	-0.162700	0.685300	0.107800	4.495700	-0.020100	1.375700	1.539400	1.206300	-0.034900	0.000000	0.627600	0.707100	1.283100	0.768400	-0.067700	-0.107800	-0.219300	0.255300
305	2.251000	0.914700	0.603300	0.936200	-0.107900	3.286700	12.057730	0.004300	1.090900	0.713900	0.626900	3.825000	3.110600	1.672200	0.000000	1.196100	18.007580	14.105920	14.104850	24.674450
306	1.576400	0.627600	-0.273500	0.803100	0.156000	3.389500	0.189500	1.508200	1.227900	1.201600	-0.588500	0.000000	0.988300	0.446900	1.336500	0.634000	-0.763000	0.739900	-1.052200	0.491200
307	0.493000	0.337800	-0.082200	0.637500	-0.165100	3.699500	0.102700	1.075100	0.889000	0.880200	-0.312900	0.000000	0.351300	0.211900	0.827400	0.659900	-0.328100	-0.469500	-0.594300	0.689000
308	0.748800	0.793200	0.085800	0.384700	0.948100	1.756000	-0.306500	0.751200	0.469400	0.434900	-0.083500	-0.006700	0.834500	0.502000	0.892600	0.000000	-0.166200	-0.120900	-0.127500	-0.083200
309	-0.553600	0.237700	0.407400	1.799100	3.096700	4.582300	-0.565200	1.274800	0.184900	0.072000	0.503000	-0.988200	0.076700	-0.498500	0.000000	-0.593700	2.113100	0.286600	0.153400	-0.355800
310	2.466800	1.672300	0.460200	0.376500	0.000000	6.893900	1.653800	1.287600	2.085800	1.366300	0.040700	1.074900	1.183800	0.975600	2.578400	2.000500	1.756000	1.002600	1.322800	1.369900
311	1.724400	0.908700	-1.311900	-0.608400	-1.392900	0.929600	0.185300	-0.733500	0.243600	0.158300	-1.090600	0.068700	0.000000	-1.114500	0.615600	-0.280000	0.437200	0.000100	-0.324800	-0.417800
312	1.156800	0.000000	6.277700	2.611900	8.093000	-2.151100	13.230630	2.680000	0.899200	3.148600	2.115700	5.167100	11.448100	7.798800	9.076900	8.210700	28.380970	25.944670	14.244590	30.914530
313	1.758000	0.776700	0.037400	0.198200	-0.314100	1.685500	0.735500	0.984400	1.583700	1.142900	-0.212000	0.276400	0.765600	0.000000	1.379000	1.314300	0.220300	0.398300	0.319200	1.237400
314	-0.310400	-0.842100	-1.090300	-1.280700	-1.283400	0.208800	-1.033300	0.479800	0.396200	-0.919300	-2.247600	-1.394200	1.233200	-0.057900	1.177200	-0.052200	0.000000	1.725500	0.615200	1.075700
315	-2.266400	-0.520900	-1.340700	1.875100	1.851100	-0.088200	-0.375300	0.174700	-0.233400	-0.080900	-2.000800	-1.726100	0.943900	-0.014400	0.426700	-0.281300	-1.619100	-1.401000	-2.012100	0.000000
316	1.744500	0.272600	-0.603400	1.893100	1.778800	-1.490700	2.771500	1.450400	1.767600	0.663700	-2.001500	0.757100	0.924500	1.733400	0.000000	0.455500	0.971300	-0.648000	0.472100	1.941200
317	2.476500	1.466200	0.097600	1.886300	1.402600	3.870600	1.747700	1.994000	2.457900	1.563300	0.151100	3.090000	0.000000	0.968000	1.608000	0.712900	6.882100	3.308500	3.281700	7.487300
318	0.588300	-1.183600	0.876000	0.730100	1.055600	7.174800	10.810100	-0.852500	0.000000	-0.752200	-0.492700	6.063900	3.786300	2.429900	1.274500	0.463900	31.562030	20.340960	9.774500	32.496400
319	2.050100	0.438200	-2.354700	-0.845100	-1.145700	0.939900	0.390600	-0.174500	1.241300	0.514200	-2.184500	-0.143700	2.541700	0.533200	3.114600	1.111300	1.353600	-2.136700	-2.193100	0.000000
320	4.906200	3.391300	0.000000	1.424000	0.897000	6.887800	4.420300	3.262800	3.890000	3.439400	0.035100	2.519800	3.935100	2.369600	4.557700	3.471400	15.075250	15.075080	9.108600	3.126600
321	3.789800	2.076800	2.575500	1.970400	2.708900	4.395200	11.700600	2.194100	2.632000	2.017800	5.277100	7.475000	7.677400	6.326200	2.874300	0.000000	25.311490	16.619170	14.457590	18.522440
322	3.215200	1.924900	0.689700	2.810800	2.076100	6.525500	0.614800	1.624000	2.627900	2.202700	0.058100	0.000000	2.991700	1.304500	3.971300	2.596600	0.027000	0.610800	0.320100	2.007200
323	5.645400	3.863700	1.248800	2.405700	2.017000	8.594200	4.494200	4.101400	5.604600	4.245300	1.690500	4.490500	4.773300	3.401700	5.320400	4.520000	3.155200	0.000000	0.702400	4.046400
324	6.051100	4.597600	1.484400	5.860500	6.520400	9.200600	3.021700	5.839700	4.685000	4.266500	1.199600	3.991200	5.434500	4.064200	6.099900	3.757100	4.575900	0.952400	0.000000	2.963200
325	3.325700	2.138500	0.000000	1.409700	1.116400	5.629500	2.533200	2.284600	2.662200	2.062200	-0.193900	1.650200	3.433800	2.643000	4.448700	3.340100	2.929400	1.605000	1.925000	2.851800
326	1.717000	1.284300	0.000000	1.127700	0.643200	3.156800	0.459400	0.716800	1.094400	1.195000	-0.000600	0.212600	0.995200	0.928500	1.756200	1.025600	1.326000	0.798500	0.666000	0.995100
327	1.422000	0.797500	-0.307900	0.920100	0.152900	3.728900	-1.272800	1.446700	1.262800	0.570400	-0.053700	-0.489900	1.022800	0.337300	0.433700	0.000000	-0.060900	-1.162500	-1.153300	-1.159800
328	2.446500	1.967500	0.604500	1.455700	2.087200	-0.037900	-1.190700	2.138000	2.661800	2.013400	0.961600	0.000000	2.316300	1.366200	3.396300	1.398700	0.318700	0.713500	0.368000	0.480500
329	4.101200	2.538600	9.880900	3.522800	5.469800	0.000000	13.964650	5.646900	3.539900	4.067600	9.002000	13.127610	5.230900	12.083450	5.790500	8.728100	40.010000	31.836900	24.160340	39.481000
330	-0.113200	-0.424800	-0.791800	-0.466400	-0.516100	-1.752100	-1.118100	0.000000	-0.751900	-0.386100	-0.791300	-0.883600	-0.352700	-0.491000	0.050400	-0.219900	-0.396800	-0.618600	-0.715400	-0.071500
331	4.230000	2.966200	1.061400	2.537100	2.385100	7.827300	1.990100	2.471500	3.301500	2.736100	1.025000	0.000000	3.819500	2.488300	3.733700	3.068200	3.552800	2.180600	1.773000	3.392400
332	5.968100	4.014600	1.580600	0.834500	0.000000	5.346200	8.381900	2.809600	4.231100	3.071400	0.197600	7.676100	4.122900	1.410900	6.568900	5.439300	24.692520	14.634900	9.926000	16.902910
333	5.309800	3.964100	0.000000	2.107500	3.555200	4.696400	6.374300	3.299500	5.242400	3.316600	0.590400	3.147200	4.782200	2.886100	5.723700	3.163800	8.616800	10.121400	7.509000	4.980300
334	1.176500	1.203200	17.511620	9.961600	15.509520	6.626200	24.179210	6.371900	0.000000	1.105100	10.504000	13.821920	15.660430	17.693750	9.360300	9.835200	52.196000	31.734070	30.481030	63.430600
335	4.303600	2.973900	6.950300	3.234400	4.980400	0.000000	17.117390	5.678500	4.450700	3.252600	7.329800	14.052980	5.997100	7.641600	5.874100	4.144800	38.284400	28.518410	23.111784	31.372350
336	3.907100	2.316400	2.184700	2.835000	3.938800	1.016700	9.250000	3.178600	4.495900	3.003000	3.355700	7.643500	0.000000	5.220600	3.150300	2.515300	23.827740	25.228910	18.722490	37.532000
337	6.166700	4.626100	3.578100	5.630500	5.094800	4.239800	5.372800	5.909300	5.476700	4.214200	1.527500	3.027100	6.647300	5.358600	6.727400	4.932800	5.678300	0.000000	0.706500	3.430500
338	2.165400	1.233300	2.080800	4.477600	3.591500	10.784440	11.681180	3.581000	2.176200	0.000000	1.880900	6.371800	7.425300	9.121700	5.666300	2.198900	32.291700	17.720920	14.541060	13.125860
339	7.146900	5.321400	2.204300	4.591600	3.867600	10.054700	4.660900	4.053000	5.317900	5.245500	1.669900	4.317600	6.058200	4.692400	7.890600	4.876100	0.000000	3.156200	0.955500	4.244700
340	3.046600	1.681100	3.471300	3.432000	3.369500	3.145000	3.036400	2.833100	2.676100	1.047000	0.048700	2.452800	1.453600	1.707000	0.000000	1.960400	8.818700	2.692300	2.703300	1.524500
341	1.372100	1.297900	0.271100	1.847700	1.399400	0.029000	0.821300	1.821800	1.320500	1.563800	0.017400	0.544200	1.367500	1.132400	1.902800	1.329600	0.289900	0.000000	-0.400200	1.405900
342	-0.049700	-0.721400	-0.798700	0.507600	-0.039000	2.453600	-0.670400	-0.922100	-1.165600	-0.110800	-0.943800	-0.837600	-0.351000	-0.790700	0.358600	-0.480200	0.005500	-0.275000	-0.448600	0.000000
343	2.689800	1.570300	-0.043000	0.755400	0.000000	3.496300	1.751900	2.443800	2.208300	1.285000	-0.346100	1.473600	1.997700	1.060300	2.370200	1.827500	2.749500	0.998300	0.294000	1.690300
344	0.000000	2.558900	3.028400	4.239900	4.110600	5.831400	2.012900	4.274300	2.811500	2.904900	2.972900	2.569800	2.812200	2.438600	2.353200	2.942500	2.998300	3.037700	2.682300	3.149700
345	1.118400	1.228200	0.000000	1.602400	0.822300	2.955600	0.617900	1.269000	1.429000	0.666100	-0.342600	0.218900	0.760100	2.009100	1.211400	0.963700	1.014400	0.532100	-0.047600	1.162800
346	2.565100	2.239400	2.089700	3.210500	2.775000	0.000000	1.852800	3.249200	2.632300	2.633100	1.488900	1.958100	2.681600	2.269100	2.470500	3.027800	1.964500	2.154000	2.112900	2.811700
347	0.184000	0.000000	0.154400	0.361600	0.365700	-1.351200	0.028400	0.303900	0.132200	0.403600	0.305300	0.064700	0.244200	-0.176100	0.401900	0.099800	0.163700	-0.285500	0.110500	0.326500
348	1.585100	0.933200	0.558000	1.221200	2.405200	0.857400	0.756300	2.368700	1.752900	1.009900	0.389800	0.546000	0.228000	0.466900	0.000000	0.116800	0.577900	0.666400	0.581700	0.348000
349	4.103600	2.724400	0.599900	0.777500	0.000000	1.754000	9.335500	2.131200	3.555000	3.029300	0.086900	4.614200	5.896700	3.482700	5.506600	3.713100	18.852680	15.910860	20.057570	30.842990
350	1.015500	0.313900	-0.143900	0.065000	-0.112400	3.997800	0.218700	1.355400	1.488900	0.888000	-0.215400	0.000000	0.562000	0.664000	1.029400	1.253100	-0.140100	0.180300	0.498200	0.679100
351	2.252600	0.776200	0.000000	0.145100	-0.148000	4.480900	-0.344100	-0.272100	0.208300	0.124000	0.024300	-0.687700	0.719400	0.175200	0.796600	-1.384100	0.939200	0.204400	0.111300	0.674300
352	2.834100	1.858500	1.571400	0.000000	-0.234800	0.594200	2.923000	0.811500	2.307900	1.355300	2.956200	2.613700	3.096200	2.891000	2.155400	2.337500	1.913600	1.909000	2.061100	3.299600
353	2.348100	1.402300	0.173100	3.007600	4.428500	2.225700	4.228300	2.721700	1.813100	1.884200	-0.105100	0.000000	7.005100	3.579400	5.870400	1.717600	6.994700	2.572400	0.361300	1.011200
354	3.734300	2.557000	-0.025000	2.130300	2.810500	8.307300	11.324270	2.264100	2.797200	1.879200	0.000000	4.245100	4.385200	2.203700	5.070600	2.309500	23.817230	21.834870	14.360930	6.964400
355	0.894000	-0.575900	-0.119100	-1.515600	-1.593900	1.338200	-2.318400	-0.567900	0.000000	-0.739200	-1.311400	-1.347300	0.656700	-0.598900	2.393100	0.483200	0.560500	2.124700	-0.018200	1.439400
356	1.328300	1.207000	0.163600	1.536300	1.084500	2.910100	-0.430600	2.318600	1.618700	1.618100	0.273900	0.070400	3.597600	1.584200	3.935000	2.223000	0.000000	3.707900	1.085400	0.283300
357	0.500000	0.254200	-1.035100	-1.223200	-0.839900	5.064400	-0.442700	0.248400	0.141700	0.671200	-0.716800	-0.279800	0.220000	0.000000	1.402200	0.506600	0.270700	0.020500	-1.113000	0.264000
358	-1.730000	-1.318600	-0.476300	0.580700	0.771300	-0.054200	-1.722600	0.000000	-1.861200	-1.384100	-0.678700	-0.882300	-1.669900	-0.892600	-1.431200	-1.634400	-0.377600	-0.275400	-0.339900	-0.963900
359	-3.616100	-0.274800	0.171200	1.962600	1.614000	0.129400	-0.245300	1.186700	0.621400	-0.117300	-0.870400	0.000000	1.882100	-0.095400	1.841800	-0.017300	-0.030800	0.582100	0.550100	0.698200
360	-0.676200	0.141600	-0.519200	1.650600	1.183400	0.565100	1.158800	1.750700	0.465800	0.997100	-0.716900	0.568000	0.000000	-0.806500	1.819000	1.227200	0.818900	-0.037900	0.457700	0.346900
361	-0.047600	0.097300	-0.739400	0.083700	1.073400	2.105000	-0.666500	-1.520000	-1.066500	-0.451000	-0.813000	-1.393300	1.281200	-0.734500	-0.323000	-1.028100	-0.357900	0.000000	-0.663600	-0.655700
362	-0.574100	-0.780000	-1.847800	-1.789700	-0.890000	-2.550700	-3.118900	-1.587900	-0.394500	-1.134500	-2.222400	-2.156200	1.485800	-1.019900	1.844600	0.000000	-1.047800	-2.821100	-1.734400	-0.671700
363	0.611000	-0.365400	2.169600	0.000000	2.268700	-1.691800	0.652400	0.516500	0.682700	0.174100	2.622900	2.459400	3.264000	5.435900	3.342500	1.074700	20.901640	16.007260	12.499200	41.015600
364	0.331600	0.011400	-1.445300	0.000000	1.249300	0.225100	0.654100	0.038600	0.049500	-0.002200	-1.447000	0.054400	2.215100	-0.169400	2.516200	1.105900	6.177900	6.673100	4.310700	28.412280
365	2.391500	2.046800	1.538000	3.451800	3.154700	4.431800	0.000000	4.112800	2.435800	3.380400	0.942600	0.844000	2.434100	1.194300	2.337600	2.046800	2.077900	1.991500	1.975800	2.230500
366	-0.436200	0.131800	-0.578000	2.263300	1.931200	2.990200	1.642700	2.392000	0.339400	1.679400	-0.297400	1.667800	1.658800	0.141200	-0.308200	0.000000	3.362200	1.977100	1.749100	0.958700
367	0.032500	-0.009400	0.004400	0.082800	0.063500	0.669800	-0.037800	0.004200	0.131900	-0.041100	-0.006100	-0.017600	-0.040600	0.007000	0.004000	0.000000	-0.012100	-0.318900	-0.539200	0.025300