SITE	GLY	ALA	LEU	VAL	ILE	PRO	ARG	THR	SER	CYS	MET	LYS	GLU	GLN	ASP	ASN	TRP	TYR	PHE	HIS
2	-0.097220	-0.034290	-0.231600	0.000000	-0.077250	-0.037280	-0.631840	-0.406310	-0.427940	-0.336740	-0.519570	-0.331830	-0.805590	-0.572020	-0.693410	-0.485700	-0.815410	0.024470	-0.502480	-0.093870
3	0.115280	0.000000	-0.087570	0.062050	0.039560	0.350600	-0.130370	-0.011170	0.070510	0.019330	0.080920	-0.196080	-0.355040	-0.406410	-0.055410	-0.170130	-0.088750	-0.099060	-0.108340	0.092480
4	0.734190	0.525370	-0.181670	0.000000	-0.330650	2.349077	-0.051280	0.009120	0.645990	0.190350	0.142950	-0.111290	0.084880	0.053220	0.141810	0.230020	-0.048090	0.231890	0.209890	0.319930
5	0.580930	0.514270	-1.010850	-0.146320	-0.522640	1.811000	-0.555390	-0.176160	0.370900	0.022370	-1.500850	-0.769540	0.000000	-0.788450	0.148520	-0.208430	-0.448010	-0.451140	-0.696010	0.263420
6	1.114730	0.785770	-0.900190	-0.761800	0.504110	0.274870	0.000000	-0.600560	0.295950	0.447060	-1.078180	0.598910	1.261990	0.660050	0.895690	-0.170670	-0.628420	-0.178810	-1.594790	1.013730
7	3.715970	2.113400	-0.041090	0.000000	-0.093420	1.683370	1.880020	1.949290	3.664630	2.140640	0.595300	2.576640	3.998750	0.860910	3.007500	2.148940	10.684870	8.244175	5.736810	7.466109
8	2.899780	1.509090	0.461420	0.541120	-0.347820	2.916970	1.327580	1.072490	1.632260	1.655120	0.311660	1.001780	0.000000	-0.507340	1.345660	2.062800	1.340910	1.145730	0.163000	2.531620
9	0.384250	-0.503470	-1.679570	-0.540360	-1.175790	-0.962620	-1.689770	-0.980490	0.000000	-0.161620	-1.676960	-1.382920	-0.401180	-1.120040	0.451750	0.043760	-1.177770	-0.847010	-1.197630	0.162470
10	4.131610	2.652760	0.000000	1.443860	0.621780	4.597230	1.097320	2.972710	3.488790	2.694360	0.131550	1.797810	2.642320	2.219400	4.392570	3.364760	0.727650	1.801750	3.160170	2.919960
11	1.075580	0.000000	2.166730	2.019070	2.342870	2.380150	2.024310	1.673600	0.382080	0.890240	-0.118780	1.517770	3.287000	2.036800	4.040160	2.711870	2.404670	1.759720	3.384530	8.491190
12	0.949890	0.882820	0.209790	1.063800	0.515980	4.071560	-0.263450	0.476960	0.241770	0.544870	0.171620	0.000000	1.254580	0.174940	1.223390	0.082990	0.695520	-0.982780	-0.089850	-0.028180
13	1.010790	0.467500	0.320030	1.661380	1.273180	6.769720	0.004310	0.819750	0.000000	0.788020	0.013820	0.069250	0.935800	0.285290	1.157910	0.820530	0.758400	0.578810	0.371320	0.450130
14	0.000000	3.017364	3.125468	3.907687	3.847167	6.928410	2.233060	3.888539	3.173799	3.111345	2.710528	2.410209	3.169066	2.434243	3.176386	3.108213	2.474830	2.733352	2.723619	3.224725
15	1.733690	1.543110	0.359550	1.317970	0.000000	0.922950	0.641840	2.173380	1.960500	1.093190	-1.382850	0.934090	1.827630	1.316100	1.976710	1.412170	0.993870	1.113620	1.146050	1.433980
16	-0.267580	-0.040750	-0.350660	-0.052750	0.000000	-0.574990	-0.887350	-0.133100	-0.143250	-0.063890	-0.101410	-0.739600	-0.536890	-0.554030	-0.438490	-0.303530	0.009010	-0.110330	-0.176770	-0.343100
17	0.166020	0.101460	-0.504070	-0.400080	-0.850600	1.441450	-0.786160	-0.368300	0.000000	0.045740	-1.015800	-0.564510	-0.280120	-0.544050	0.273370	0.211680	-1.070620	-0.764440	-0.915420	-0.065420
18	4.615245	3.121360	2.386820	0.911150	0.000000	0.823370	7.415580	3.228110	4.039265	2.816960	0.378760	5.130125	5.337782	3.922200	5.235280	3.891580	29.189170	19.974770	11.375320	37.395770
19	3.789021	2.745890	2.151770	3.713881	3.584889	0.000000	2.726860	4.174696	2.792080	3.291976	2.168840	2.486690	3.409885	3.144970	3.778937	2.817760	2.370120	2.368350	2.288300	3.301761
20	0.544940	0.706960	0.036280	0.561440	0.450390	-1.062790	0.058230	0.564290	0.627320	0.888890	0.122460	0.000000	0.366220	0.164290	0.556280	0.666410	0.383100	0.538020	0.579920	1.016530
21	2.012820	0.909360	0.259960	0.833570	0.138830	-0.753830	0.849630	2.362100	1.737560	1.681730	0.390530	0.124180	0.000000	0.428860	1.412340	1.519400	0.979600	0.965490	0.895180	1.468630
22	5.146856	3.799890	1.982240	3.447280	2.833010	5.194193	2.591150	3.109040	4.273270	3.674350	0.635350	2.980550	5.472487	3.950670	5.585244	4.159850	-0.274600	0.000000	-0.692950	2.956730
23	2.828940	1.656520	0.154110	0.531130	0.000000	2.202530	0.921490	1.700860	2.077100	1.486690	0.357270	0.595030	2.104890	0.764050	3.355908	2.695661	5.260070	6.339320	4.494748	4.956990
24	2.115980	0.948820	-0.806990	1.563290	0.991870	3.531592	0.000000	1.438620	2.093590	0.950290	-0.903700	0.255550	2.147940	1.508310	2.930080	1.002520	1.682870	4.967896	4.716686	11.276710
25	1.791380	1.406810	1.814880	2.073320	2.062700	0.000000	1.945180	2.305150	1.801830	1.970580	1.376520	1.761000	1.067230	1.891810	1.229680	1.658890	1.990410	1.860220	1.743410	2.050060
26	0.334690	0.025040	0.103900	0.447630	0.370220	-1.416300	0.036750	0.391500	0.411340	0.567670	0.088490	0.000000	-0.283530	0.015160	0.492120	0.537250	0.045090	0.213840	0.112800	0.613590
27	0.598130	0.307890	0.014370	0.380480	0.071100	-0.586870	-0.039570	0.504040	0.630950	0.503810	-0.217530	-0.119720	0.000000	0.173800	0.494690	0.641080	-0.141700	0.246000	0.113200	0.634370
28	1.732730	0.955230	-0.773020	0.859820	0.754760	0.704430	1.119300	1.410940	1.105930	1.110070	-0.352730	0.469900	0.000000	-0.018640	0.958250	1.540160	0.484050	0.307390	0.089530	0.440350
29	2.097360	1.319900	0.000000	1.110690	0.573770	1.601550	0.426040	0.608850	1.656970	1.418980	0.407990	1.278160	1.666770	0.937740	3.299853	1.756430	1.891170	1.531400	1.946750	3.299395
30	0.224390	0.017560	0.037260	0.453340	0.173660	0.452290	-0.386160	-0.090420	-0.086820	0.215770	0.023850	-0.278540	0.000000	-0.370750	0.233440	-0.034290	0.507570	0.510750	0.512760	0.715310
31	2.405190	2.149960	1.520890	3.017955	2.701177	2.984555	1.761530	0.813550	0.000000	1.974180	1.664980	1.749480	1.382580	1.863680	1.852230	2.187390	1.877690	2.000830	1.747080	2.500130
32	2.956860	2.203240	-0.063980	0.875710	0.000000	4.219071	5.449290	1.568210	2.707610	1.783930	0.018600	1.367950	2.632470	2.429050	2.174710	2.451320	6.718830	3.500497	3.779758	2.271660
33	-0.024380	1.745470	0.674940	1.375500	1.355490	2.326910	0.637670	1.468600	0.545350	0.569630	0.548330	0.665770	0.150460	-0.047510	-0.160630	0.000000	2.033320	0.818290	0.583890	0.346370
34	4.460857	4.410336	3.145640	4.232382	3.772819	3.985537	4.320338	3.633218	4.265537	3.729824	2.927660	3.751442	0.847050	3.755021	0.000000	2.831020	2.980800	2.998010	2.781450	4.713297
35	3.663541	2.017840	0.346280	0.000000	-1.289880	-0.241390	6.071110	2.477200	3.597597	2.163120	-1.059520	1.741000	2.586290	2.149230	3.545381	2.256840	12.386020	21.201190	17.978890	15.523790
36	2.113460	1.592280	0.657760	2.221930	1.339710	1.037510	1.790960	1.994000	1.302770	2.121040	0.031470	1.114030	2.325440	1.356380	2.745960	1.683490	0.066160	0.910090	0.000000	1.351030
37	1.170110	0.490860	0.000000	0.837200	0.471370	0.825600	0.116410	-0.268920	0.448390	0.940430	-0.229400	-0.141830	0.755190	-0.161380	1.267380	0.698790	0.436820	0.441800	0.425670	0.787210
38	1.482810	0.137140	-1.436540	0.933060	0.420070	2.258460	0.609450	-0.139250	0.159300	0.673360	-1.366210	0.034050	0.000000	-0.019690	0.373130	0.488190	0.067130	0.130990	-1.491460	0.723190
39	0.243310	-0.697700	-2.053230	-0.205710	-0.759620	2.887000	-0.388210	-0.225350	-0.114420	-0.194430	-1.675760	-1.016270	0.000000	-0.503140	1.160280	0.534380	-0.071230	-0.603190	-1.041830	-0.460470
40	1.410200	1.051910	0.791080	1.412490	1.125170	2.752608	0.149200	0.922540	0.499430	1.054740	0.893220	0.000000	1.537360	0.488020	1.798400	1.030020	1.182640	1.007100	0.906480	0.202250
41	1.206850	0.965020	0.214270	1.115710	0.845420	0.798780	0.192400	0.783920	0.937070	0.543510	0.139410	0.000000	1.397230	0.243230	1.594010	0.938420	0.875590	0.052470	-0.275260	-0.446640
42	-0.180330	-0.049300	-0.208450	-0.050260	-0.129680	-0.079830	-0.319780	-0.101600	-0.086200	-0.086610	-0.170950	-0.290730	0.000000	-0.119950	-0.247930	-0.393910	-0.347430	-0.252420	-0.252780	-0.109780
43	0.681630	0.606580	0.411150	0.351910	0.192480	1.116430	0.301010	0.294690	0.551850	0.458250	0.402170	0.246950	-0.173050	0.059490	0.000000	0.214050	0.412500	0.401690	0.036200	0.347030
44	0.000000	3.407951	3.258062	5.246100	5.789070	7.543630	3.575345	5.803270	2.565307	3.587506	2.938582	3.179129	4.192071	3.965677	3.893082	3.787413	3.433084	3.558042	3.368795	4.170291
45	2.782007	1.648770	1.767210	1.895730	2.008070	0.000000	1.736790	2.841966	2.552870	2.118520	1.275470	1.610460	2.201570	2.187970	2.538720	2.221020	1.787150	1.350640	1.264530	2.063650
46	0.611600	0.643810	-0.615790	-0.051160	-0.434720	1.841180	-0.687450	-0.014750	0.365520	0.202840	-0.774120	-0.339440	0.249050	0.000000	0.535760	0.494610	0.204080	0.339520	-0.382530	0.534370
47	3.444420	2.289390	-0.485040	0.000000	-0.433480	-0.313950	4.192792	1.916250	2.929200	1.657570	-1.885610	2.413960	1.899800	2.222370	2.963710	2.195960	10.560210	11.497300	6.677190	3.900550
48	3.009267	2.153280	1.466360	1.541160	0.989080	0.000000	1.529160	2.174890	2.696431	1.821060	1.038050	1.465290	2.670389	2.072750	3.059827	2.663295	1.460490	1.680870	1.913220	1.990430
49	1.895230	1.189760	-1.302280	-0.542810	-1.449250	1.801620	-0.435660	0.000000	1.325820	0.214780	-1.127540	-0.686700	0.519110	0.070430	1.219580	0.853530	-0.098670	-0.250990	-0.455880	0.653600
50	5.436430	4.006959	1.066020	0.573380	0.000000	5.587940	3.314066	2.946090	5.040372	3.088350	1.111750	0.620870	5.527310	3.076330	5.890770	3.819171	10.843370	7.491780	5.063852	5.569300
51	2.564128	2.057070	1.045360	1.759600	1.224370	0.993870	1.686290	1.889580	2.350650	1.587220	0.954410	1.355140	1.811690	1.811760	0.000000	0.964690	1.636420	1.315390	1.767220	2.407752
52	4.314532	3.672886	0.000000	3.203750	2.823250	5.001954	2.997230	3.028220	3.627591	3.283310	-0.249940	2.954770	4.314365	2.936390	4.808754	3.454770	1.161120	1.629020	-1.187920	2.289910
53	1.103210	0.489920	0.844210	1.145220	0.880590	3.130120	-0.110230	1.235360	1.376540	1.244500	1.038580	0.000000	1.350790	0.392680	1.754660	1.071090	1.141820	0.875070	0.843180	0.705030
54	0.623090	0.289830	0.358720	-0.500200	-0.439620	0.002890	-0.250880	1.041830	1.237700	0.279320	-1.170470	-0.434460	1.060240	0.054440	1.074110	0.000000	-0.442880	0.481760	0.346080	0.431630
55	2.994370	2.141400	-0.706810	1.244070	0.000000	4.908426	2.516230	1.617790	2.253180	1.978470	-1.255080	2.170790	3.172131	1.768740	3.930723	2.127730	4.481321	5.796330	2.812630	3.137220
56	0.519210	0.552700	-0.641230	0.366030	0.447980	2.981028	0.771100	0.659800	0.589290	-0.097520	-1.473390	0.416400	0.000000	-0.451870	0.371780	0.491450	0.376920	-0.217390	-0.566710	-0.605250
57	0.630880	-0.302660	-1.112110	0.202500	-0.056610	6.990770	-1.029660	1.053160	0.000000	-0.139360	-0.990840	-1.299600	-0.158730	-0.530390	-0.033450	0.328770	1.382350	-0.763160	-0.710970	0.493330
58	0.323720	-0.162820	-0.053110	0.080540	-0.007200	-1.364470	-0.164530	0.075470	0.099000	0.324580	0.037220	-0.089240	-0.778770	-0.424170	0.000000	0.176730	0.215440	-0.002940	-0.053850	0.339990
59	1.886330	1.972030	1.233690	1.436680	0.790130	1.855430	1.351910	1.202750	1.792640	1.672270	1.326350	0.838930	1.605530	1.360930	0.000000	0.242080	1.411300	1.837150	1.252360	1.373280
60	1.039870	0.527930	0.713920	1.158040	0.934860	-0.334320	0.602860	0.634960	0.872080	1.199110	1.045350	0.485330	0.000000	0.455900	0.619780	0.803390	1.221830	0.725360	0.544010	1.053110
61	0.203870	-0.237530	-0.309000	0.110990	-0.078230	-1.266890	-0.355470	-0.617400	-0.763790	0.340190	-0.647910	0.000000	-0.661310	-0.068280	0.806480	0.201530	-0.542870	-1.178990	-1.327820	0.150200
62	1.175210	0.210920	0.064580	0.476470	0.000000	0.253120	-0.112220	1.043920	0.831870	1.122340	-0.057660	-0.220550	0.533010	0.208740	1.486500	1.031260	0.742410	0.510530	0.347630	0.919840
63	2.045240	0.923700	0.519590	2.455150	2.509650	6.869020	0.000000	2.249270	1.388480	1.561850	0.054120	0.685240	2.395520	1.268730	3.738002	1.983810	1.079600	0.827060	0.574520	2.422780
64	0.794580	0.043500	-0.603490	0.133020	-0.703800	3.347563	-0.260280	0.211620	0.173760	0.527410	-0.996620	-0.289140	0.000000	-0.214430	0.528350	-0.046360	-0.813990	-0.342950	-0.551080	0.055010
65	0.328360	-0.589890	-1.124520	-0.330540	-1.005590	1.973340	-0.832240	-0.656620	-0.551930	-0.286080	-1.427110	-1.144650	-0.387030	-0.603010	0.211810	0.000000	-0.391740	-0.398980	-0.493450	-0.238330
66	0.875330	-0.182800	-1.504280	-1.335970	-1.817310	2.328450	-0.598820	-0.208850	1.091680	0.000000	-0.628960	-0.744970	-0.072840	-0.524000	2.567815	-0.366690	4.666090	3.448047	2.524942	3.536767
67	2.965740	2.044240	0.033030	1.110200	0.000000	4.228890	1.918440	1.881570	2.195680	2.085640	0.067240	1.692510	3.231080	1.856030	4.152410	1.856540	-1.016600	1.148200	1.490180	1.106850
68	0.647210	-0.243720	-0.747060	0.247810	-0.316150	3.379216	-0.147950	-0.219950	-0.197810	0.418520	-0.825240	-0.422120	0.000000	-0.367410	0.430810	-0.482960	-0.636820	-0.284660	-0.392100	0.005620
69	0.898900	-0.023660	-0.751140	-0.029580	-0.745250	3.270111	-0.712230	0.213250	0.096130	0.498160	-1.082050	-0.527690	0.000000	-0.691970	0.594470	-0.111110	-0.414120	-0.724740	-0.965940	-0.123590
70	5.743400	4.060405	0.000000	1.710720	0.599800	5.783924	4.605207	3.206660	4.615609	3.911020	-0.016440	2.696860	5.125911	3.893283	6.184790	3.900776	8.037020	2.012090	-0.841660	2.595490
71	2.653180	1.212150	-0.231840	0.985300	0.492280	6.316870	-0.560600	1.999530	2.571310	1.743850	0.247740	0.000000	2.379880	0.881570	3.653510	1.671240	2.322400	3.454220	0.957490	1.095980
72	1.385070	0.646420	-0.025450	0.825380	0.020620	3.068596	-0.104340	0.822410	0.546690	1.145510	-0.434740	0.000000	1.071780	0.395860	1.752640	0.491690	0.002980	0.076940	0.340680	0.085700
73	1.754870	0.000000	1.810610	-0.079410	0.469430	2.398050	0.882460	1.303500	1.519620	0.453340	0.658720	0.771600	3.067350	1.808660	4.405856	2.409950	2.213340	3.961210	0.462110	36.919500
74	0.890880	-0.754670	0.379990	1.258900	1.773340	1.866420	11.076550	-0.060670	0.000000	0.737790	1.952690	5.588539	6.597740	3.740070	4.902313	2.293410	19.385550	11.887620	6.798760	32.918150
75	2.083790	1.648040	0.000000	1.283600	0.827470	3.867910	1.332070	0.695440	1.142010	1.173790	-0.153360	0.997190	1.856150	1.379950	2.612870	1.255900	2.465620	2.290380	2.099750	2.065850
76	1.302410	1.547310	1.303930	1.215390	0.610670	4.781850	0.797050	0.888670	1.498670	1.284040	0.698080	0.473390	0.971270	1.057140	0.000000	0.240200	0.321800	0.907100	0.629420	0.845420
77	6.238470	5.335560	3.208912	4.666670	4.326584	5.962590	5.213380	5.095830	5.468200	4.945210	1.806060	4.071877	6.348450	5.020040	7.021180	5.373010	0.000000	2.449430	1.239330	4.575875
78	0.000000	7.343680	20.470000	18.425100	25.171100	17.918900	18.057100	15.599300	10.133070	11.890760	14.948510	16.696200	25.578100	19.628800	21.930800	19.515700	45.083500	40.483900	39.995700	62.897200
79	4.167500	2.715600	1.049180	0.000000	-0.034550	5.932774	3.389490	2.294560	3.480030	2.113050	-0.202840	3.421410	4.041240	3.218220	5.357795	3.800240	8.113500	5.602780	2.910870	9.723380
80	3.879701	3.621823	2.169970	5.000716	4.847487	7.344270	4.360329	6.145120	3.829666	3.498248	0.000000	2.611960	6.143650	3.897225	6.702020	4.657188	7.017310	5.570300	3.381830	5.192755
81	2.177230	1.167360	-1.572250	-0.125950	-0.847490	2.022070	0.276460	1.071710	1.505500	0.547550	-2.081170	0.171480	0.532080	0.219400	1.316060	0.156070	-1.861450	-0.617140	-2.495930	0.000000
82	6.401400	4.397858	0.000000	1.811400	0.408330	6.192610	4.782677	4.181417	5.778247	3.721540	-0.256950	3.886880	5.274467	3.840890	6.470630	4.248039	5.284636	3.268820	0.410560	3.854790
83	1.975250	1.564140	0.077230	0.215510	0.000000	3.637695	0.329480	1.126590	1.398520	1.120050	-0.162270	-0.096170	1.298750	0.703060	2.023550	1.615240	0.555920	0.370200	0.155400	1.863650
84	0.768220	1.901230	0.973800	1.759380	2.271710	6.262420	0.590170	2.198890	2.203170	1.327410	1.193100	0.437470	1.710610	0.640130	2.384700	0.000000	1.263150	0.533440	0.250810	0.015930
85	3.661751	2.435330	1.800460	0.908720	1.135910	2.197460	2.349090	3.118140	3.521930	1.964280	0.572500	1.322480	2.323290	1.389200	2.816310	2.023850	11.436580	4.805221	2.006510	0.000000
86	0.000000	2.539410	2.829330	5.618460	5.158089	8.297050	2.936560	3.778494	2.720930	2.932760	2.137230	2.337840	2.934830	3.220810	2.805120	2.652560	4.641351	4.034462	4.459147	3.259976
87	5.826990	4.407022	-0.144740	1.347350	0.000000	7.820560	3.740079	3.384690	5.342222	3.344240	0.325290	3.445170	4.785097	3.313750	5.002171	3.412550	6.138990	14.707690	6.690620	4.307709
88	2.624700	2.248610	2.941895	3.394433	3.999954	0.000000	4.085889	3.191501	1.429780	3.689641	2.890649	3.392380	1.888430	2.974068	1.933890	2.214330	2.457110	2.624460	2.335180	3.022534
89	0.672470	0.000000	-0.305330	0.160640	-0.598030	-1.670450	0.324130	0.538270	0.639630	0.580920	-0.536030	-0.003980	-0.774260	-0.229360	-0.016120	0.607650	0.800670	0.309980	0.067820	0.813230
90	1.368360	0.769730	0.315000	0.980970	0.638070	0.344400	0.975030	1.156240	1.150190	1.196070	0.186130	0.733780	-0.985460	0.090080	0.000000	1.080820	0.021560	0.400290	0.337520	1.172450
91	4.513027	3.035400	0.000000	2.221070	1.618570	3.072040	3.314479	2.960770	3.375514	3.036690	0.514880	2.565610	3.602056	2.572180	4.232846	3.620418	3.274315	2.737880	2.794920	4.175061
92	4.745110	3.300090	0.026370	2.062020	0.633980	4.247218	2.344320	2.125690	3.734210	2.989590	0.000000	2.262090	2.467620	2.660580	4.908406	3.834520	9.161050	6.918400	7.106160	4.974611
93	0.980840	0.209450	-0.243920	0.412700	-0.083460	2.970943	0.436140	0.716970	0.279870	0.899570	-0.299190	0.192390	0.000000	0.214320	0.527950	0.799740	0.578740	-0.610930	0.096610	0.634030
94	1.484330	0.283850	-0.639760	0.147150	-0.555580	3.740198	0.000000	0.529780	0.297990	0.816440	-1.132690	-0.275260	0.501880	-0.280880	0.972730	0.274430	0.053010	0.006730	-0.255180	0.182510
95	3.719780	2.079560	-0.757120	0.000000	0.901220	5.027990	2.522160	0.914890	2.710650	2.172350	-0.437680	1.254500	3.155060	0.923960	3.706860	1.670060	5.719746	1.826390	-0.346980	1.916830
96	2.541710	1.480050	-0.240320	1.320570	0.460790	3.104360	0.932420	0.655600	1.686170	1.437600	-0.667430	0.000000	1.993610	0.764520	3.215244	2.281230	3.891018	1.489570	2.447970	2.613810
97	0.858840	0.113250	0.116840	0.819880	0.279670	3.276401	0.104810	0.105830	0.094470	0.877450	-0.216770	0.000000	0.476650	0.101990	0.847140	0.124280	-0.384010	0.247320	0.155910	0.078860
98	1.381900	0.000000	-1.703000	0.132800	-1.399720	1.749820	0.279880	0.374500	0.505910	0.259810	-1.011920	1.029260	1.992910	1.652020	2.282840	1.059780	-0.219550	4.189042	1.095800	0.188210
99	0.000000	2.002500	6.906580	8.441280	10.416830	6.390590	11.352930	7.488280	3.991600	4.992078	3.864100	9.446490	5.944288	5.265687	8.454770	7.812270	19.648590	16.506090	16.084590	46.124690
100	1.037100	0.353590	-0.800130	0.096320	-0.591560	4.585090	0.028900	-0.230550	0.270170	0.379060	-1.147730	-0.442870	0.000000	0.050170	0.946120	0.233380	-0.403030	0.198690	-0.674020	0.680500
101	1.093860	-0.062380	-1.126940	-0.481860	-1.215840	3.234181	-0.837590	-0.162940	0.211100	0.472020	-1.190510	-1.010050	0.000000	-0.542260	0.676750	-0.105190	-0.935160	-1.144230	-0.820160	-0.043730
102	5.809580	4.640493	1.716270	3.065558	3.234663	8.123210	4.376487	3.594591	5.160270	4.906647	1.292610	4.789455	5.318930	3.625560	6.543130	4.994404	-0.098190	1.087480	0.000000	3.685704
103	5.180280	4.261270	0.897510	2.372590	1.561910	6.427219	4.545300	3.989710	3.931730	3.800040	0.957280	4.052330	4.855790	3.461530	5.528320	3.504640	2.636690	1.460250	0.000000	2.775260
104	0.479780	0.621630	0.273350	2.047710	1.903880	5.156236	0.421670	1.997180	0.000000	0.856900	0.528280	0.320740	1.488130	0.716580	2.004730	0.367510	1.104210	0.776220	0.641340	1.063090
105	2.315570	1.162950	0.000000	2.525343	3.116926	7.082890	0.142520	1.531230	1.455680	1.376610	-0.450630	0.678460	3.381104	1.551040	4.058326	1.028330	2.546010	2.043390	1.877510	1.276060
106	0.423640	0.268870	1.406830	2.334380	1.835820	-0.126600	0.935970	0.868020	0.000000	1.777060	1.638500	1.619100	0.651620	1.261270	-0.674420	-0.009560	1.661490	0.985200	0.880200	1.730300
107	1.871900	0.844040	-0.591920	0.000000	-0.657860	-0.718260	-1.152440	1.078370	1.521090	0.787630	-0.634820	0.214010	1.038530	0.131970	1.585880	-0.058870	0.866390	0.885490	0.631120	1.747400
108	1.680600	1.010490	0.854480	1.374380	1.083460	0.716350	0.978290	1.015650	1.046420	1.409910	0.600710	0.975950	0.000000	0.721690	-0.036050	1.128430	1.042270	1.346520	1.330390	1.229940
109	2.018500	1.048380	-0.046770	0.761290	0.207560	0.895300	0.413380	1.261640	1.408860	1.415500	0.124370	0.490070	0.000000	0.398370	0.897610	1.578470	0.901600	0.878320	0.595220	1.361060
110	6.163264	4.354060	1.420060	3.435190	2.512390	7.563679	1.143510	3.648010	4.840850	4.403130	1.086510	0.000000	6.599224	3.145940	7.274455	4.675970	24.242550	27.106350	13.543540	13.819160
111	1.531690	1.113970	-0.067730	2.407939	1.185490	4.258167	1.167490	2.946384	1.308160	1.646260	-0.025910	0.658940	0.000000	-0.191960	1.970510	0.421100	0.063920	1.070030	-0.539650	0.203080
112	0.657510	0.440450	0.337490	1.088320	0.825040	3.394230	-0.115160	0.675370	0.401570	0.636640	0.214350	0.000000	0.537160	0.178520	0.766160	0.367290	0.844360	0.298140	0.290910	-0.196160
113	3.326414	2.462880	0.317450	2.605278	4.039961	6.848470	3.689969	2.812169	2.880898	2.301220	1.079820	2.437620	3.740991	2.629471	3.453473	2.341900	0.816000	0.000000	0.416980	2.053130
114	1.116390	0.000000	1.254840	1.183520	0.675410	1.857960	-0.318120	0.499440	0.074880	0.503810	-0.005040	-0.104840	1.427220	0.271320	1.889930	0.379780	2.732814	1.241550	0.746550	0.459900
115	0.216640	-0.142610	-0.919700	2.312950	2.308850	1.956410	0.584200	2.670350	0.355590	0.346640	-1.119980	-0.911630	1.070230	0.811210	1.254870	0.000000	0.275450	1.045990	0.878090	-0.122640
116	1.757950	0.654410	0.576680	1.901380	0.980640	3.501619	0.522110	1.799260	0.880320	0.379760	0.613100	0.439820	0.819730	0.646340	0.000000	0.339940	1.260460	0.355180	0.296250	0.913050
117	0.509260	0.145700	-0.429140	0.331260	-0.200080	-1.552550	-0.424480	0.588300	0.452920	0.408220	-0.319070	-0.206410	0.109630	0.000000	0.310110	0.341780	-0.354860	-1.067910	-0.588750	0.472960
118	0.359520	0.000000	0.446860	0.708420	0.416360	-0.018800	-0.262180	-0.322700	-0.472120	0.366100	0.267180	-0.567040	0.351310	-0.236290	0.569510	-0.580800	-0.205640	0.417170	0.017400	0.059410
119	0.593990	0.398050	0.243840	0.177940	-0.131330	3.509634	-0.023050	0.000000	0.387210	0.189560	0.340810	-0.015360	0.439760	-0.303060	0.415980	-0.642880	0.168380	0.180090	0.161090	-0.150090
120	0.000000	2.974161	2.929868	5.223380	5.191240	6.278910	2.493356	3.737759	2.850367	2.995314	2.874602	2.679608	2.975780	2.491155	3.098733	2.635219	4.298145	2.788534	2.730394	2.730975
121	0.809180	0.803920	0.050360	0.712920	0.162140	3.300340	-0.294020	0.959950	1.151710	1.124580	-0.150870	0.000000	0.971840	0.441940	0.623780	0.232280	0.627560	0.596440	-0.464500	0.351940
122	0.081110	0.235190	-0.256680	0.572630	0.000000	-0.141080	-0.391280	0.543740	0.087720	0.079300	-0.620460	-0.204410	0.136210	0.170020	0.202360	0.049860	-0.351270	-0.604300	-0.395770	0.366590
123	1.528620	0.686740	-0.789450	-0.466710	-0.892960	0.133810	0.260600	0.778670	1.187240	0.520820	-0.993530	-0.480970	0.369920	0.000000	1.059180	0.999440	0.356800	-2.098530	-2.217940	0.299500
124	0.000000	3.996303	6.841770	12.517740	15.735180	9.968810	7.285340	12.845600	7.289510	5.889730	5.626403	7.680120	9.340670	8.419210	9.358040	8.277590	9.774710	13.879670	12.215800	76.684480
125	5.080640	3.076950	0.095160	3.401130	1.543720	9.080670	2.478090	3.497850	3.783180	2.958640	0.077090	2.891810	3.818380	3.644940	4.134570	3.129390	0.679020	0.000000	-0.948130	1.981760
126	0.000000	3.501594	6.449050	4.638879	6.504900	7.057680	6.506530	4.327739	4.058777	5.515060	5.195862	7.185510	7.118350	6.094090	5.759250	5.472620	7.287510	5.189075	4.672912	14.007460
127	1.979770	1.297710	0.514600	1.137440	0.400870	3.571960	-0.222330	0.936690	0.000000	0.946670	-0.140980	0.908610	2.539480	1.773390	2.567000	1.160670	1.326570	0.996970	-0.570930	0.270850
128	0.444920	0.208400	-0.233270	0.146430	-0.024870	-1.687410	0.150000	0.418090	0.286670	0.255920	-0.520800	0.000000	-0.285160	-0.036290	0.534930	0.372950	-1.153600	-2.571270	-0.753370	-0.573420
129	0.153670	-0.034920	0.000000	0.441640	0.181310	-0.843810	-0.243100	0.398380	0.130860	0.134880	0.049120	-0.107910	0.203360	0.299650	0.222110	0.259940	0.281610	-0.000820	-0.073440	0.416050
130	0.701740	0.000000	0.357880	-0.265250	-0.379180	-1.476690	0.028940	0.304180	0.709780	0.443830	-0.746440	-0.224540	0.245260	0.342710	0.605180	0.638600	-0.841420	-0.669100	-0.686440	0.240540
131	0.348300	0.305530	0.057960	0.153110	-0.455100	1.375880	-0.586980	0.427170	-0.084540	-0.334010	-0.527660	-0.124010	0.388890	-0.508880	0.374020	0.000000	-1.188660	-0.098380	-0.605150	0.229670
132	0.844000	1.474200	0.841490	3.589636	3.811886	3.639003	1.848170	2.611733	0.759010	1.044790	0.359710	1.625080	2.258830	1.641120	0.022940	0.000000	1.988970	3.522564	1.321130	2.116290
133	0.239700	0.000000	0.076420	0.233220	0.117950	-0.382910	-0.264020	0.193800	0.303960	0.349970	0.188280	-0.302990	0.313910	-0.362880	0.395110	0.356580	0.069940	0.041830	0.036740	0.228280
134	1.366000	1.039450	1.034490	1.959840	1.452370	1.557200	0.844750	-0.276770	0.000000	1.413090	0.632980	0.877260	1.368540	1.192430	1.400960	1.149020	0.704580	0.500960	0.312120	1.451470
135	0.000000	2.584960	2.169770	3.621638	4.318789	7.690260	1.888800	3.498203	2.474300	2.578070	2.504490	2.086930	2.650442	2.219620	2.582010	1.958240	2.672757	2.102460	2.009300	2.511020
136	0.383540	-0.099930	-1.052930	-0.114660	-0.560610	0.960020	-0.570990	0.019670	0.193170	0.335910	-1.044810	-0.318930	0.248320	0.000000	0.803600	0.607310	-0.481380	-0.597270	-0.801230	0.397220
137	2.368130	1.620220	0.000000	0.205270	0.054600	5.744180	0.382990	0.531370	1.488790	1.255430	0.151330	0.414900	1.272210	0.809580	2.660370	1.129040	0.133330	-0.262400	-0.470010	1.344530
138	0.985270	0.045260	-2.247880	-1.308320	-1.612120	-0.274050	0.733040	0.326250	0.917110	-0.293920	-1.378700	0.183590	0.000000	-0.404930	-0.446080	-0.577890	0.613880	0.826400	-0.170170	-0.581310
139	6.823212	5.475693	2.853010	5.313028	4.732190	6.284779	4.511440	6.917470	6.694761	5.238775	1.954790	4.822350	6.626069	5.139907	6.014481	5.414974	0.000000	0.882610	0.934510	4.417590
140	1.774160	0.839590	-0.742360	1.062490	2.288370	6.822650	1.323680	1.837310	1.049970	0.471680	-0.615110	0.648300	0.000000	-0.023450	2.876560	1.315140	1.416230	0.062700	-0.596760	0.081900
141	2.283870	0.806600	0.499330	0.443000	0.282950	1.025280	7.903058	-0.358490	1.589710	-0.103490	2.376330	4.994920	0.912410	3.463080	0.000000	-0.409110	36.244290	25.109390	19.828290	30.912690
142	1.477210	1.968990	1.189800	3.698650	3.774660	4.386610	2.043530	3.988950	2.157990	1.436900	0.110690	1.791890	3.442020	2.535780	3.885100	0.920770	-0.545030	0.000000	-0.642950	0.734130
143	7.182393	5.148680	1.454120	2.247740	2.769080	7.457075	4.444010	4.192930	5.756700	4.662040	1.436340	4.184880	5.168370	3.599230	6.082788	5.556110	8.726480	0.989750	0.000000	3.922170
144	4.447100	3.101847	1.022620	1.678080	0.863530	5.573970	2.137600	2.912825	3.791974	2.867335	0.854110	1.763590	2.896782	2.084120	4.251926	3.201244	1.142330	0.687490	0.000000	2.018740
145	3.541960	2.827810	0.910990	1.709330	2.927460	5.315930	6.655522	2.114090	2.932850	2.205150	-0.213090	4.702090	1.773560	3.053150	4.236940	3.504050	5.135490	0.404540	-1.056760	0.000000
146	3.358352	2.326990	0.000000	1.419490	0.711820	0.873690	2.451590	0.948980	2.177930	2.309170	0.461390	1.875470	2.846400	2.507980	3.983069	2.425960	3.030690	3.712176	3.211570	4.669402
147	1.519880	0.000000	0.334700	-2.013830	-1.991670	3.539030	1.394370	0.274370	1.359890	-0.453870	-3.874610	2.550310	1.375170	0.519860	3.575350	1.087390	23.774380	24.643180	17.661880	28.571580
148	5.100990	4.207842	1.664570	3.133216	2.990305	10.158560	3.718979	3.626079	3.923640	3.337094	1.913310	3.560344	5.099410	4.055222	5.998470	3.763950	3.166856	0.000000	0.937940	3.819193
149	4.016124	5.037580	4.832070	5.742530	5.483780	0.000000	4.715950	6.221120	5.935470	5.626860	4.921760	4.710670	6.651010	5.167840	6.805210	5.780300	5.702930	4.184233	4.107939	5.634300
150	3.542766	2.852174	1.890620	2.597596	2.398612	-0.195940	3.197513	2.977555	3.032285	3.241107	1.959800	3.009686	0.000000	2.512494	2.896578	3.675170	2.710898	2.524219	2.467453	3.562605
151	0.291470	0.658500	-0.600720	-0.040280	-0.302770	0.175220	-0.548550	0.319590	0.351420	-0.041220	-0.730070	-0.747760	0.000000	-0.102010	0.322710	0.205480	-0.731430	-0.823440	-0.987460	0.020400
152	2.179100	1.220160	-0.367040	1.797090	0.699520	3.428180	-0.480040	2.093840	1.120000	1.156990	-0.163000	0.000000	1.589010	0.994080	1.797620	1.210040	0.895700	-0.246860	-0.245290	1.333630
153	2.314430	1.147870	-1.035230	0.553570	0.107440	4.696900	0.000000	0.369260	1.585490	0.630830	-0.803370	1.295580	3.978650	1.361010	3.970224	2.036750	8.709380	9.159470	9.588280	20.673890
154	2.718770	1.393470	0.615260	1.368480	1.389180	2.073010	1.076460	1.285640	1.451850	0.904500	0.469450	1.027540	1.124110	1.270800	0.000000	0.874880	0.577120	0.566170	0.304660	1.000880
155	1.954960	1.542000	0.000000	1.819770	0.933340	0.217410	1.299530	1.763440	1.936790	1.608980	0.883420	1.011010	0.858270	1.458950	1.901200	2.055160	2.159990	2.041510	2.057500	2.350430
156	0.661910	0.152960	-0.439750	0.299460	0.064330	-0.706240	-0.107840	0.137340	0.000000	0.476660	-0.218290	-0.243440	-0.599700	-0.690190	0.413090	0.190880	0.690290	0.550930	0.582700	1.000680
157	1.763120	1.408980	-0.343140	0.999030	0.000000	2.693240	1.057490	1.495910	1.136910	1.346760	0.685000	1.215040	1.883170	1.602810	1.865680	0.754790	1.478360	1.257920	1.213540	0.814830
158	4.971184	4.064305	1.178800	3.596383	4.028734	6.553210	5.108993	3.490044	4.897577	4.081992	1.206700	3.952037	4.999584	4.746322	5.334876	4.970985	0.000000	4.121162	1.776320	3.789430
159	4.816051	3.173900	2.347050	2.804420	1.878860	0.000000	6.890990	5.709225	3.470270	1.959310	2.687810	5.315753	2.560410	3.596790	3.645530	3.595930	12.984090	23.033730	19.814730	52.236130
160	0.144290	0.157810	0.103450	0.524200	0.474150	1.800620	-0.089960	0.388280	0.139910	0.357680	0.147960	0.000000	0.151110	0.270660	0.238270	0.154010	0.791980	0.243220	0.187490	0.458290
161	2.114890	0.820210	-0.440600	-0.049320	-0.255480	1.966630	-0.109300	0.000000	0.993780	0.366650	0.003880	-0.295970	0.749630	0.130420	0.786070	0.285260	0.049310	-0.344010	-0.279350	-0.003250
162	2.338484	3.331310	3.780119	4.377700	4.272886	0.000000	3.709044	4.378940	3.833847	3.531079	3.437911	3.489137	5.218910	4.504320	4.322847	3.760874	4.466590	3.925305	3.994337	4.322209
163	1.143520	0.989140	1.396780	1.662600	1.801220	-0.455500	0.645640	0.022950	0.000000	1.535360	1.332290	0.796600	1.264760	0.861320	1.610370	0.682820	1.606840	1.450040	1.519730	1.707550
164	1.539370	1.809800	1.845870	1.850930	0.950050	2.343732	2.214790	2.618681	1.950850	2.163440	0.086120	1.914080	0.342800	2.426478	0.000000	1.051680	-0.110170	-0.405730	-1.094310	1.354480
165	5.646101	4.497110	3.204580	5.591802	4.895803	8.376310	4.347720	4.043330	5.073518	5.132535	2.578580	4.434500	4.929815	4.254570	4.841759	4.903537	1.577200	0.000000	1.838140	3.862680
166	1.804230	0.888430	0.345820	0.393810	0.000000	-0.252540	1.012180	0.267070	1.108830	1.285970	0.187730	0.700580	0.935590	0.817580	2.124720	2.076100	2.421060	1.293230	0.965090	0.672530
167	1.431720	0.849040	0.739440	1.214820	0.722250	0.362770	0.987950	0.912520	1.033500	1.726040	0.741780	0.785350	0.000000	0.967640	0.880610	1.503130	0.981140	1.062110	0.995970	1.393260
168	1.635890	0.000000	-1.229260	-0.248210	-1.118620	2.899570	1.005950	0.878620	1.137700	-0.136750	-0.915670	0.405720	3.499190	0.731390	1.793600	0.197560	-1.283500	-0.920010	-0.915450	1.502010
169	2.253390	0.644010	-2.414560	-0.967180	-2.124190	3.084170	3.419070	0.000000	1.172700	0.766640	-2.184090	2.451530	1.425340	0.094560	1.655050	1.512390	3.927100	5.481750	0.496510	6.457855
170	0.509130	-0.666400	-1.629010	-0.951110	-1.729660	5.369300	-0.084750	-0.596400	0.000000	-0.206950	-1.146100	-0.492000	-0.740600	-0.789820	0.427470	0.771060	3.603661	3.446067	3.732141	15.347160
171	1.445570	0.425750	-0.749050	0.356040	-0.182680	3.079300	0.103680	0.713460	0.502730	0.910690	-0.884150	-0.386080	0.000000	-0.295840	0.788570	0.884970	-0.819850	-0.950760	-1.096980	0.312260
172	5.893030	4.027860	0.396680	3.549533	2.325200	9.362750	4.112491	4.287086	4.527156	4.076488	-0.061730	3.665838	4.483643	2.792320	5.548190	4.618199	0.847280	0.000000	-0.868020	2.815850
173	1.917190	0.000000	-0.675900	0.582950	-0.163870	2.740450	6.243111	1.296730	0.788530	1.442410	-1.017880	3.562550	2.928410	1.402570	4.231520	3.307550	17.651350	10.903200	6.432416	11.774990
174	1.516210	0.477570	-0.085850	0.549490	-0.159320	3.490414	0.307840	1.153970	0.736000	1.165860	-0.427540	0.000000	0.660000	0.010020	1.241500	0.097620	-0.237610	-0.185540	-0.223380	0.933230
175	1.492120	-0.299180	-1.856530	-1.184350	-1.889570	2.666690	-1.877870	-1.145360	0.068280	0.000000	-2.117050	-1.325420	-0.210460	-0.727800	1.051960	-0.399540	-1.559710	-2.513300	-2.404850	-1.076420
176	5.661605	3.593480	0.000000	0.952990	0.483940	6.556720	6.971250	2.431750	3.953960	3.267080	-0.126690	5.238121	2.751770	1.842190	4.529429	2.342020	9.984940	2.690920	1.820880	20.072180
177	4.153679	2.623730	0.855400	2.537475	1.903400	7.625150	0.000000	3.059637	2.954940	2.947184	0.160690	1.446890	3.587339	2.283570	4.111445	3.269437	1.123400	0.587780	0.323930	2.836122
178	0.986380	0.241100	0.000000	0.726850	0.128730	1.980280	0.087980	0.120500	0.182110	0.882980	-0.070160	0.161170	-0.186630	-0.727790	0.410300	0.624960	0.049340	0.408380	0.060410	0.782530
179	4.677519	3.170570	0.000000	1.690830	1.365020	4.829711	3.333120	2.783420	3.514607	2.868690	0.157680	2.588810	3.890534	2.237640	4.485491	2.845240	11.344710	5.276933	2.028170	1.845100
180	1.728040	0.000000	-1.049620	-0.043750	-1.642660	3.380050	1.398770	0.282710	0.740740	-0.023770	-3.490200	2.884270	1.522730	0.687270	1.404440	0.234160	11.603730	2.176600	4.009940	2.139160
181	1.499010	0.788180	0.996610	0.929850	0.052990	2.468214	0.977610	0.000000	-0.273660	0.967360	-0.324510	0.554650	1.501450	0.777880	2.496889	0.788710	1.555040	0.756150	0.131290	1.162490
182	1.765010	0.461860	-0.606620	-0.250550	-0.874930	2.441010	-0.187000	0.010670	0.578350	0.958650	-0.940120	0.000000	0.705760	0.202380	1.675250	1.183730	-0.501130	-0.337740	-0.614600	0.510640
183	4.992189	2.947050	-1.555030	0.000000	-1.306170	5.452357	3.526650	1.582820	3.638190	2.531460	-1.202440	4.457348	4.062170	2.498850	4.761523	2.187920	1.999190	2.118200	-1.230790	2.079270
184	6.160860	4.750390	1.964420	5.937010	4.894281	7.797000	3.388636	4.981170	5.297990	5.035270	0.981110	4.107619	6.820910	4.868838	7.505420	4.406857	0.513740	1.204150	0.000000	2.924000
185	1.566990	0.542550	0.079500	0.556070	0.112900	3.211720	-0.776860	0.432920	0.726460	1.098480	-0.817970	0.000000	1.312690	0.501450	2.634890	0.937820	-1.391370	-0.349190	-0.694980	-0.217510
186	1.998180	0.000000	-0.753700	0.558370	0.555240	2.059050	1.615320	0.918550	0.823070	1.008600	0.176890	2.949560	6.091020	2.837300	3.184160	1.537210	8.602150	10.171560	5.642590	5.079562
187	5.711576	4.200130	0.000000	4.297700	2.808620	6.971800	9.990470	4.746836	4.697002	4.240220	0.058420	3.105520	5.068140	2.732640	5.966318	3.248090	5.386842	5.022272	2.296760	0.964650
188	1.128220	-0.802080	7.519080	3.477288	6.665060	4.706633	14.801170	3.055546	0.000000	1.531820	5.265810	8.359720	12.298420	11.824550	8.235530	6.161480	43.458970	33.060970	24.802970	26.313470
189	1.365630	0.336880	-1.088600	0.000000	-0.671810	3.766850	-0.939600	-0.010360	0.333040	0.494690	-1.283540	-0.595680	0.352900	-0.295720	1.299910	0.303940	0.126910	0.134260	-0.016820	0.750300
190	0.000000	0.103190	3.040310	4.481480	5.706473	3.352750	5.855259	5.241059	1.523060	1.828880	3.636950	6.043890	7.715050	5.892920	6.744690	3.312240	24.018740	21.432140	18.254340	56.949140
191	4.602721	3.579280	0.000000	4.049710	3.376330	3.658420	3.625870	3.104240	3.845334	3.443540	-0.167190	2.492450	5.083307	2.720930	4.449238	4.118338	11.225660	9.845980	4.936537	6.470940
192	0.000000	2.768050	3.042532	5.369010	5.411220	8.334560	3.466094	3.844786	4.102748	4.198114	4.267079	2.860074	3.235126	2.668700	3.216570	2.679310	2.942112	2.816450	2.818050	2.935867
193	5.193780	4.158517	0.000000	4.136455	3.066499	7.050170	3.824601	3.324060	4.836951	3.466020	0.401830	2.800890	5.927880	3.316438	6.450750	4.384508	4.038237	6.063600	0.900580	4.138739
194	1.590040	0.937650	0.571420	0.669010	0.193780	-1.143210	0.486360	1.073710	1.197280	0.925900	-0.179460	0.413650	0.000000	-0.244070	0.560240	0.793680	0.607520	0.817940	0.810250	0.979330
195	2.517968	1.957380	2.469038	2.272730	2.481823	0.000000	2.023910	2.630904	2.890584	2.538311	2.675020	1.852690	1.779850	2.230120	3.153821	2.975387	2.963341	2.111960	2.107860	2.921924
196	0.436260	0.877520	0.094090	0.998920	0.651300	0.271050	0.279530	0.839250	0.283530	0.877970	0.100540	0.287430	0.178070	-0.067550	0.000000	-0.057880	0.044840	0.008730	-0.106000	0.963810
197	3.662193	2.779250	0.532270	3.634169	1.418800	11.522480	0.000000	2.050190	3.285848	2.368520	0.974640	1.701270	3.769296	2.371580	4.534396	3.018840	2.256700	-0.378000	1.025960	2.184440
198	4.928336	3.435290	0.000000	2.350380	1.256910	5.545839	4.745334	3.903080	4.900363	3.733570	0.139910	3.732500	4.335536	3.079400	4.988145	3.700320	6.638840	2.064120	-0.124620	3.201030
199	2.199600	0.892050	-1.109120	0.298530	-0.698950	-1.509750	1.319230	2.032180	2.066360	1.306500	-1.586510	0.937170	0.000000	0.477410	2.118250	1.937750	1.568120	-0.664750	-1.907870	0.970210
200	1.157940	0.404110	0.248850	1.218710	0.620440	2.539364	0.091460	0.731150	0.612720	1.124700	0.068610	0.000000	1.175970	0.146360	1.654310	0.658940	0.584570	0.511980	0.432860	0.170830
201	0.895080	0.056570	-1.818110	-0.102830	-1.594640	1.541460	-0.178010	-0.573830	-0.161470	0.141900	-0.698880	-0.638120	0.000000	-0.568570	1.289930	0.079100	-0.320480	-0.638090	-1.251830	-0.070900
202	2.804700	1.973960	-0.820320	0.000000	-0.807680	2.357260	5.591547	0.817630	1.778240	1.349070	-0.119720	0.908900	4.038815	2.502120	4.017289	1.603770	9.734010	3.142420	0.461610	27.803850
203	0.000000	5.472990	23.931750	17.596650	22.337250	14.064330	18.518750	17.271550	9.644190	10.752170	13.655400	19.714950	21.428250	21.801850	23.026450	19.444350	49.246250	34.985550	34.132050	104.435550
204	0.000000	2.647135	3.371272	3.908592	3.580356	7.330220	2.383977	4.316118	3.615351	3.073738	1.987670	2.211920	4.099397	3.637520	4.105982	2.919111	3.345480	2.559793	2.244310	3.902215
205	0.578410	0.307290	0.000000	0.599180	0.237060	-0.960560	-0.233890	0.593740	0.542060	0.616660	-0.288450	0.173150	0.366360	0.382490	0.728730	0.581490	0.486100	0.278390	0.291170	0.828580
206	-0.036310	0.024410	-0.025830	-0.157840	-0.279320	1.673530	-0.417750	-0.014150	0.317210	-0.048930	-0.099750	-0.464550	0.000000	-0.142590	0.483420	0.104450	0.358350	-0.107230	0.018010	0.290000
207	0.554030	-0.516810	-1.778820	2.187730	2.294050	0.256920	-0.886440	1.251900	0.062520	-0.763600	-1.303500	-1.219120	0.000000	-0.491600	0.594500	-0.384480	-1.022990	-1.609850	-1.530920	-0.634740
208	2.936400	2.591850	0.000000	1.576650	0.778260	4.696835	2.659220	3.093470	3.280530	2.247980	-0.191040	2.175330	4.493505	1.856880	5.019711	2.733750	5.153788	3.449810	0.392570	1.704410
209	3.353325	2.261560	0.000000	1.626490	1.180740	6.152580	1.489490	2.392870	2.806350	1.847430	0.602660	-0.227990	3.248424	1.606310	4.740750	2.119250	1.458860	1.251570	0.824480	2.702210
210	5.713840	4.142991	0.000000	2.145910	1.090190	6.028280	3.874433	4.874757	4.888592	3.408968	-0.083330	2.731700	4.107258	2.348440	4.672109	3.207238	2.660340	2.144530	0.418330	2.550190
211	2.149830	1.069290	-1.842260	0.245660	-0.008860	2.106070	-0.027760	0.239650	1.682010	0.853350	-1.524990	0.147980	2.037750	0.000000	3.145063	0.591980	-3.252540	-0.639390	-2.028390	1.033120
212	5.464242	3.900650	0.705770	2.031040	1.539770	6.867000	3.689180	3.391810	4.742384	3.340390	0.000000	2.040450	3.928350	3.077530	4.970779	4.133250	1.415460	2.215850	-0.666110	3.054300
213	5.205524	3.216130	0.810070	1.982880	1.634720	5.997908	-1.120390	2.801170	3.204590	2.218480	0.881990	0.000000	2.670680	1.745460	3.509540	2.607720	4.814870	13.504900	8.429000	5.232647
214	4.933821	3.861015	0.579340	0.974540	0.000000	4.428711	2.770540	2.939200	4.582950	2.895140	0.242620	3.580041	3.381181	2.662630	4.594738	3.387968	12.204830	7.430200	5.253035	5.605920
215	2.925210	1.659520	-0.457000	1.196780	2.209740	4.253910	0.960320	1.197080	1.465650	1.504090	-0.319200	0.829950	2.732360	1.234080	2.625990	0.000000	3.252260	2.033380	1.520380	3.551050
216	5.929430	4.409990	1.878130	4.556480	3.779530	8.963660	2.964410	5.117420	4.572430	3.393720	0.839370	2.429610	5.984543	3.762820	6.404063	3.323320	2.931470	0.000000	-0.053750	2.892070
217	4.773422	3.759625	1.024750	2.552330	1.812640	6.107990	4.614234	4.314501	3.808542	2.652870	1.244740	3.046330	3.366431	2.164200	4.683756	1.961080	0.123400	0.000000	-0.025880	1.807570
218	4.389780	2.993030	3.407550	2.175220	4.264385	0.000000	2.840690	3.718270	4.135990	3.106270	1.298290	2.774540	3.463130	2.451810	4.626645	3.503120	7.747810	11.837550	6.684260	4.114648
219	0.952260	0.660370	0.404790	0.716820	0.425900	-1.419130	-0.647200	0.899720	1.075340	1.060530	0.045590	0.000000	0.492790	0.638970	1.391540	1.250370	-0.918110	0.242390	-0.132400	0.301970
220	2.658560	0.926320	2.196150	1.180960	0.253250	7.485551	9.484300	1.602480	1.691650	0.000000	0.433170	4.965790	5.486610	3.835660	2.002710	0.720880	23.967360	17.561760	10.828100	22.663260
221	2.503463	1.890050	2.176440	1.719050	1.708200	0.000000	2.464328	1.727720	2.291970	2.189620	2.112890	2.439197	2.881989	2.772271	3.402588	2.737278	2.501869	1.076130	1.619270	3.248928
222	0.920000	-0.142860	-0.328040	-0.349370	-0.531850	2.992185	-0.340270	0.976590	0.799940	0.124890	-0.179070	-1.003860	0.404780	0.000000	0.505380	-0.070210	0.304270	-0.497150	-0.080690	0.333760
223	3.309958	2.557066	2.238540	4.477160	5.209190	0.000000	3.707148	5.649940	3.587649	3.494178	2.154580	3.099363	3.262526	3.255997	4.766540	4.213110	4.022534	1.663290	2.366400	3.577168
224	0.092310	0.297220	-0.765150	-0.057860	-0.392390	1.295000	-0.275250	0.204630	0.485870	0.074470	-0.900220	-0.394650	0.000000	-0.127970	0.097610	-0.070880	-0.570970	-1.408440	-0.885470	0.172240
225	2.141800	1.386460	0.000000	1.463110	1.104490	4.641402	0.706260	0.746140	1.286400	1.434230	0.190670	0.224930	1.569560	0.967970	2.629070	1.526930	0.481860	0.382060	0.371870	0.848430
226	1.019950	0.000000	1.337750	-1.173330	1.413770	1.579370	14.344870	-1.904820	-0.876010	-0.731400	2.554070	8.181770	5.346521	5.834619	2.103950	1.474200	33.271530	17.802530	11.426560	20.080230
227	4.258882	3.383248	0.000000	1.555910	2.986690	4.492229	5.723880	2.942870	4.102527	2.741880	0.714630	4.196703	3.639510	2.651730	3.124520	2.651630	0.887710	6.411150	2.056430	1.811330
228	0.000000	1.641600	8.328820	5.451597	6.829364	5.621721	17.128220	5.379670	4.797290	3.439980	6.331067	14.836510	7.082165	9.191740	10.800660	5.396990	31.615420	25.086120	22.271220	75.714420
229	1.239230	0.487970	-0.344640	0.000000	0.642530	1.988310	0.500920	-0.693490	-0.203750	0.387670	-0.307910	0.203630	0.368380	0.195160	0.875270	0.918750	0.083590	-0.401730	-0.301650	0.115090
230	-0.445930	-0.806680	-1.111730	0.222400	-0.041680	-2.480430	-1.055150	0.107360	-0.543260	-0.297130	-1.141120	-0.735910	0.000000	-0.730110	-0.730640	-0.530900	-0.397140	-1.417450	-1.564600	-1.158250
231	1.345980	0.000000	0.234180	0.657610	0.091170	-1.747100	0.106540	1.195150	1.172980	0.504800	-0.906130	-0.616730	0.518540	-0.311030	1.027750	0.221510	0.709150	0.452030	0.281560	1.380190
232	0.433130	1.307720	0.929110	3.053020	2.586710	3.513010	0.766970	1.995720	0.345960	0.953170	0.380300	0.465130	2.935550	0.845440	0.936610	0.654370	0.880840	1.441020	0.484470	0.000000
233	2.371630	1.593930	1.260210	1.468830	1.417720	1.259750	-0.062290	0.000000	0.367950	1.365960	0.653200	0.414490	1.942980	0.812790	3.601023	1.481340	0.878510	0.440750	1.113920	0.913520
234	3.411144	2.236400	2.053160	1.461210	2.396250	0.134330	1.515600	1.040010	1.723250	2.102350	0.938570	1.926730	1.910480	2.428500	0.000000	2.493420	0.616340	1.368020	0.011250	2.037380
235	1.922230	1.049520	-0.080490	0.000000	0.300650	0.014090	0.500620	1.315080	1.923720	1.352130	-0.978120	0.098230	0.810490	0.508130	1.912210	1.326380	-0.042070	-0.060090	-0.351840	1.184880
236	-0.128930	0.094540	2.136660	0.575000	2.481450	-1.561360	2.146440	0.620750	0.000000	1.034160	-1.063460	0.595500	4.395168	4.143587	2.186830	1.596510	15.111910	15.731310	13.997900	54.387910
237	1.401600	0.000000	0.397300	-1.260770	-2.034810	1.222000	5.162564	-0.350230	1.720430	0.542920	-0.549290	3.890208	2.884370	2.045510	4.867509	1.353590	13.694340	7.793390	6.969360	8.289050
238	5.868560	4.438952	0.000000	1.659080	0.589980	5.307330	4.565517	3.448940	5.300030	3.608422	-0.098150	1.723340	5.072952	2.727400	6.184100	3.597012	14.403610	8.120780	2.554840	1.998710
239	5.424800	3.519956	-0.010090	0.578440	1.526830	5.307132	5.209541	0.000000	2.338770	2.756000	3.764689	5.282127	7.050760	5.404140	6.763580	3.372911	18.953260	22.925360	15.351860	52.035860
240	7.225030	5.597560	1.795390	3.000440	2.591340	6.067380	3.618580	5.039973	6.293460	4.874410	1.485560	4.080138	5.742950	4.895646	6.245620	5.222396	2.574410	1.157700	0.000000	3.697865
241	3.837673	2.694750	-0.057760	0.496030	0.000000	5.111790	2.202390	2.451250	3.106460	2.231480	0.085480	1.981140	2.638060	2.062260	3.419278	2.457420	8.061700	8.740490	6.428520	5.916210
242	4.543114	3.933617	0.000000	1.649240	1.017370	5.225180	5.782220	3.049010	3.823762	2.805650	-0.222290	2.845510	3.850653	2.839400	2.985730	2.810650	3.444747	3.172140	6.077210	42.828100
243	0.892150	0.437390	-0.736140	1.921910	1.391110	1.006900	0.335080	0.541620	0.169500	0.078750	-1.157060	0.772190	0.101410	-0.120670	-0.421810	0.314050	-2.389860	-0.626450	-1.369450	0.000000
244	2.237270	1.547390	0.174480	0.807550	-0.683830	3.715287	1.912480	1.739620	2.208490	1.535260	-0.240620	1.500930	2.649558	2.501398	1.243740	0.000000	2.362410	1.586850	1.901270	2.634760
245	0.151290	1.015020	0.296520	2.696178	2.066400	3.297737	0.059610	1.901270	0.289500	0.764760	0.000000	-0.187610	0.446500	-0.330220	0.782210	0.267350	0.367200	-0.150930	0.094300	0.997220
246	3.606484	2.414260	-0.964230	0.000000	-0.055290	6.665030	2.497010	1.409260	3.195800	1.718870	0.336690	1.327090	2.847060	1.850650	3.037540	2.990050	3.132970	10.754190	5.988430	5.874540
247	3.218931	1.913280	3.355185	1.562390	2.447380	0.000000	5.427540	2.903762	2.957958	1.738590	2.919303	4.646444	2.595320	2.474050	5.731700	3.962139	5.113670	3.597533	3.391957	5.439960
248	0.000000	5.086725	6.732340	8.389360	7.723060	8.260760	9.382380	7.824910	6.764090	6.144700	4.302203	8.306170	6.850120	6.658740	6.515330	7.507510	12.379990	7.909010	7.237200	8.204020
249	3.484172	2.635570	0.000000	2.035470	0.969800	1.763190	2.637380	1.360730	2.218600	2.369210	-0.306190	1.695770	2.156660	1.583530	1.719930	2.063190	1.794870	0.700560	0.407500	2.037320
250	4.098256	2.851180	0.209420	2.084430	2.695620	6.111650	5.456435	3.548340	3.800031	2.485400	1.400110	3.257560	1.644840	0.000000	3.659452	3.174560	7.790860	6.963850	4.482720	5.175526
251	6.131580	4.124927	0.000000	1.433270	0.861340	5.821400	6.081730	3.623932	5.247015	3.351850	0.250510	3.949840	5.126517	3.808525	5.860000	4.355103	1.804050	-0.823290	-1.339470	2.592130
252	2.954730	1.757620	0.298370	2.271140	1.980850	9.113340	1.626300	6.072360	3.094548	1.887780	0.234430	1.093440	1.506210	1.154490	2.307290	1.977100	1.183900	0.246240	0.000000	1.773720
253	5.922300	4.418180	2.161160	2.962749	2.553870	9.178020	3.780002	4.109592	5.311300	4.035519	1.990820	2.654050	5.249070	4.412039	5.905240	4.449426	2.324900	0.000000	0.976960	3.296383
254	0.537500	0.543270	-0.227740	1.619920	2.621390	8.143440	-0.284980	1.029760	0.300170	0.251490	-0.590870	-0.509720	0.000000	-0.069290	0.251470	-0.445430	-0.222050	-0.849920	-0.555200	0.068200
255	0.000000	2.633294	2.294530	4.731380	4.568890	5.405440	2.411450	3.229852	2.616909	2.465250	2.219890	2.289940	2.280760	2.374520	2.099020	2.017270	2.180750	2.277660	2.245800	2.317630
256	1.171600	1.172170	-0.311830	0.531450	-0.132000	5.249610	0.259490	0.419300	0.394650	0.192610	-0.290800	0.000000	1.052500	0.640610	1.530340	1.261610	0.755200	1.028800	0.907760	1.227670
257	3.200957	2.550460	3.306362	0.765170	2.556490	1.655540	4.227029	2.330070	2.524750	1.972120	1.989900	3.910119	3.756353	4.416183	1.953150	4.392282	0.000000	1.996780	1.256200	4.103133
258	2.894540	1.891820	0.126960	0.000000	-0.341300	5.577520	0.691440	1.648000	2.456420	1.329900	0.487900	2.202490	2.834430	1.807100	3.606300	2.397670	2.507570	2.941140	2.165210	2.136710
259	3.205650	1.977400	0.345020	1.482930	0.306230	1.229720	5.289233	0.000000	2.085840	1.429550	-0.551050	1.302280	3.459890	1.670330	2.231580	1.549740	14.382500	10.888040	3.017320	3.813030
260	1.396910	0.000000	-1.810680	0.354560	-0.941260	0.426170	2.230970	0.258530	0.439340	-0.333620	-3.345920	0.837260	1.322830	0.501650	1.093440	1.538340	10.482230	3.108973	4.012260	5.921710
261	1.734900	1.902900	0.905970	2.186060	1.649660	0.813270	1.090730	2.284470	1.989640	1.706240	0.715980	0.000000	2.175040	1.611280	2.623360	1.959100	1.960030	0.270260	1.472170	2.007550
262	1.254820	0.586290	-1.670960	-0.410420	-0.857290	-0.265010	-0.082530	0.304390	1.330440	0.000000	-0.638210	-0.204560	1.830560	0.308870	1.565970	0.839960	0.138260	1.381110	1.309140	1.824370
263	1.776490	0.882960	-0.994210	0.000000	-0.688930	2.918850	-0.332010	0.641640	1.449190	0.644920	-0.715130	-0.808560	-0.276070	0.343350	0.603950	0.811710	-0.098170	-0.731340	-0.819100	0.506880
264	1.707250	1.242350	0.861700	1.523350	1.341700	0.000000	1.174400	1.499920	1.105850	1.599910	1.142730	0.881190	1.261950	1.278420	1.463270	0.992340	0.615260	0.831310	0.788820	1.302300
265	-1.307280	0.829280	-0.432790	2.370130	1.855500	3.457844	0.147730	1.133480	0.587160	0.176720	-0.692150	-0.170480	-0.045730	0.003900	0.000000	-0.193900	-0.706440	-0.327450	-0.373700	-0.001720
266	0.922390	0.091850	0.594570	2.383270	1.762580	2.386780	3.864100	0.825790	0.000000	0.510960	2.154490	1.871640	5.124210	3.405034	3.611672	2.047330	11.402370	4.932954	2.668220	3.112612
267	5.552531	3.532310	-0.114320	1.006370	0.000000	5.181775	3.103420	2.786480	4.612867	2.747520	-0.011640	2.814690	2.965750	2.676900	3.371770	3.387610	14.283550	12.546480	3.400550	7.456790
268	2.704900	1.199920	-1.116260	0.000000	-0.647360	0.418290	1.800360	1.450020	2.200430	0.946940	-1.819100	1.569390	1.279980	1.677250	1.282540	1.452380	0.583130	4.174626	1.600350	1.637470
269	6.663250	4.858533	0.739380	3.113050	2.110550	9.725400	4.134010	5.062289	5.764357	4.136790	0.000000	3.895350	4.978596	3.951090	6.301260	3.823630	3.418390	5.666680	2.694610	4.516257
270	3.223260	1.954870	-1.293140	-0.071210	-0.805460	3.059980	2.015240	1.870690	2.211410	1.391560	-1.363670	0.950300	2.264930	1.546680	3.553457	1.575850	0.971420	-1.005520	-2.900020	0.000000
271	4.968524	3.636420	-0.162440	1.519000	0.000000	4.568060	6.972550	3.287200	4.651161	3.175900	-0.157250	3.131660	4.829288	3.515100	5.462476	4.216650	9.268720	7.635900	4.538675	5.312072
272	0.000000	2.919650	11.796360	15.504750	17.338730	7.819270	21.693030	14.312590	3.897700	4.900767	11.806320	14.878270	19.342430	12.505460	9.856530	6.604467	48.554430	36.058130	28.767230	22.350830
273	3.025710	2.421380	1.498440	2.992660	2.829040	7.908570	3.128520	3.415600	2.685170	2.984920	1.488030	2.659460	2.495420	2.665130	0.000000	1.261230	1.696050	1.402340	3.182760	6.729110
274	2.717000	1.002250	-0.743980	-0.737570	-1.324060	3.803320	4.833516	0.000000	1.602320	0.884780	-0.765400	1.288960	3.376410	2.567880	3.133070	1.133340	5.725175	3.236320	3.978580	1.656820
275	5.112548	4.009788	0.000000	2.389280	1.391240	5.838400	5.451616	3.091010	4.209764	3.452680	0.036750	3.676660	4.448222	2.998640	4.987317	3.262320	12.486320	6.661510	2.552800	5.576869
276	0.927860	-0.401470	-1.459490	0.270650	2.144560	1.529140	-0.031500	-0.410260	-0.098940	-0.118970	-1.480080	-0.451310	0.000000	-0.134560	1.598930	-0.148960	1.251940	0.020890	0.075510	1.515670
277	2.780080	1.310930	-0.048470	0.803010	0.000000	6.548840	-0.986890	1.112810	2.157500	2.531530	-0.332120	0.755420	2.345110	1.859060	3.726910	2.711500	-0.774740	0.497930	0.530250	2.331830
278	4.293830	2.893010	0.000000	2.133030	1.136830	5.218068	1.754880	3.498680	3.404950	2.958640	-0.496960	1.593920	4.646240	2.686050	5.163905	2.554120	3.922848	-0.480850	-0.052370	2.274450
279	0.248900	-0.248870	1.364270	0.318230	2.582470	2.620350	8.557370	-1.771020	0.000000	0.876190	-0.064340	4.559987	6.123132	3.922210	4.069210	2.213620	11.886200	12.099460	8.247430	2.339270
280	1.682200	2.728910	3.112328	4.293927	4.885221	10.800870	3.256411	5.236710	3.275090	2.335560	2.852010	2.356060	4.647796	3.674291	2.836110	0.000000	5.795920	5.233510	6.344730	6.015380
281	0.000000	3.008120	5.155420	6.651130	7.936790	12.151780	5.718390	6.438260	3.696525	3.256465	4.362110	5.671040	5.114930	5.121040	4.578930	4.298936	5.271230	5.613180	5.421560	5.950960
282	1.947630	0.753680	-0.326750	0.980190	0.046390	4.265029	-0.341030	0.780140	1.119450	1.249510	-0.473390	0.000000	0.862880	0.610410	1.577290	0.655160	0.578250	0.487970	0.182870	0.669270
283	7.754430	6.458590	2.348850	4.107030	2.575970	6.845790	4.101040	4.987991	7.598050	5.394294	2.071370	3.709230	7.305180	5.052929	7.418790	6.776510	5.945313	0.000000	0.800430	5.324125
284	1.873890	1.005040	0.417650	1.331430	0.951170	3.705290	-0.247510	1.825230	1.892920	1.258290	0.454570	0.000000	2.096960	1.086200	2.618380	1.607700	0.650130	0.597950	0.245860	1.951190
285	1.139140	0.295230	6.678570	2.155720	3.842980	4.738102	6.747360	3.063030	0.000000	1.304710	3.585660	3.351230	8.708410	7.258500	10.272420	4.783441	12.028180	9.574330	7.290580	33.767420
286	3.312380	2.501320	0.215690	1.467340	0.000000	0.280680	1.285850	1.994420	2.991610	2.216640	0.091780	1.829490	1.991230	2.237640	3.011700	2.393060	8.479040	7.455970	1.786980	3.359220
287	3.215231	1.915540	0.000000	1.079430	0.433440	0.400750	1.196800	1.672880	2.622340	1.783120	0.367020	0.726890	1.191990	1.135610	2.095930	2.015900	1.265580	1.187010	1.035120	1.976820
288	1.093180	0.292710	-1.236640	0.945160	0.611920	4.111488	1.584130	2.728830	1.395680	0.402580	-1.280650	0.792370	2.020280	0.563000	2.176010	1.003160	-0.417430	1.208090	-0.341710	0.000000
289	5.575220	4.858502	3.369020	5.170926	6.937180	10.037180	0.000000	5.208514	5.714607	4.133486	1.907290	4.371096	6.738120	4.579587	7.014750	5.285390	11.753180	21.704250	10.750830	11.029810
290	0.000000	-1.583260	-2.845640	-4.177470	-4.153910	1.587680	-1.193840	-2.627180	-1.048300	-2.025530	-3.732490	-2.208070	-2.004070	-1.339590	-1.202980	-0.894550	-1.685510	-3.735710	-4.361840	-3.500590
291	3.459029	2.791660	0.000000	1.720340	0.876800	2.193010	4.537526	2.628540	3.203960	2.253310	0.084480	2.108710	3.138500	2.374240	2.996590	2.486180	7.613120	6.485990	2.369320	3.118050
292	2.662110	1.910990	3.025430	0.000000	0.555130	0.572630	10.007960	0.618770	1.701220	1.615220	1.475700	6.572330	4.560277	3.991010	4.034760	3.020020	35.438850	17.009750	12.854890	22.563250
293	0.743990	0.130160	-0.846970	0.353570	-0.361820	0.453910	2.299330	0.833700	0.474680	0.237050	-1.975720	1.997550	1.972790	0.487490	0.575130	0.000000	-0.503480	0.799990	-2.197260	3.783740
294	0.299700	0.551530	-0.023620	0.944820	0.456900	-0.847830	-0.443850	1.560770	0.710860	0.100490	-0.072480	0.000000	0.608370	0.458100	1.133250	0.466720	1.000120	0.471770	0.016750	0.751080
295	0.527900	0.418770	-0.520080	0.428760	0.378600	1.539900	-0.351940	0.648060	0.519770	0.378830	0.352280	-0.415310	0.000000	-0.147050	0.128360	0.364700	0.186050	-0.245000	-0.300410	0.161250
296	2.637350	1.815930	0.357920	0.256850	0.121860	6.064653	0.385410	0.229960	1.471190	1.397060	-0.485810	0.000000	1.127630	0.874250	1.982220	1.889280	1.119900	1.281270	1.148530	1.554350
297	3.181630	1.257580	1.256260	0.000000	-0.263070	0.283860	0.303970	0.675400	2.117080	1.409170	0.799600	-0.371870	1.225930	1.478360	1.523540	1.439120	0.035180	1.242940	0.593020	0.590480
298	2.049700	0.933870	-1.650600	-0.122000	-0.752220	2.277100	0.000000	1.060540	1.943070	0.687640	-1.230770	-0.015140	1.771320	0.431020	2.703460	1.732310	-0.265950	-0.480460	-0.998200	1.218170
299	4.962320	3.723440	0.576960	0.877580	0.000000	5.183870	3.370370	2.974840	3.795790	2.803600	-0.687670	3.083730	5.030600	3.348500	5.732874	4.674850	8.042790	8.382820	5.241290	39.282480
300	1.158130	0.149190	0.581800	0.759940	1.382730	1.768530	1.973840	-0.889040	0.000000	0.057350	-1.467630	1.432200	-0.239250	1.389690	0.822020	1.448390	5.803010	3.643100	4.794928	28.208110
301	7.129370	5.070980	1.861060	4.190035	3.714729	7.206210	4.374266	6.295680	6.037180	4.533574	1.865800	4.256605	5.733070	4.739486	5.859100	4.229706	0.000000	0.826540	0.731210	4.206567
302	1.974200	0.000000	-0.755270	0.305120	-0.822290	1.373140	0.704690	-0.728430	0.276000	0.057500	-1.794000	0.273850	-0.005450	0.180200	3.102620	1.834900	1.477550	4.756241	3.156290	2.139460
303	5.024505	3.450030	-0.720690	0.000000	-0.806060	5.215381	4.683853	2.223890	4.242860	2.384670	-1.025810	3.412900	4.045410	3.143510	3.928540	2.514440	1.156610	2.681100	-1.400650	2.285220
304	4.659957	3.405472	0.990850	2.937180	2.450020	3.175480	2.223320	3.595728	4.182416	3.122460	0.535920	1.621360	3.736966	2.807940	4.699819	2.980420	1.551150	-0.424480	0.000000	2.226060
305	2.248790	0.803270	-1.824230	1.001290	-0.439560	1.758090	5.901703	0.431910	2.176100	0.000000	-1.579860	2.937250	1.964290	1.112740	2.039180	0.771610	8.640170	2.070670	-2.423870	0.819180
306	2.098110	0.928640	-2.006640	-0.721870	-1.303560	4.985507	0.576610	-0.160130	1.209070	0.481340	-1.724530	0.168030	0.000000	-0.160720	1.819260	1.366210	-0.847740	2.347280	0.980240	0.802430
307	4.267669	3.495350	0.849680	3.085590	2.526300	0.000000	6.819880	4.188702	4.366758	3.351030	0.754540	3.710880	3.289080	3.057610	5.845652	4.234410	12.695060	8.415780	7.491120	6.298290
308	4.082936	3.229312	3.641982	4.014943	4.239562	0.000000	4.497909	4.024696	3.898868	4.117044	3.944748	4.080786	4.995090	3.659175	4.913140	3.800771	4.985320	4.843840	4.613512	3.886579
309	1.256590	0.575880	0.099400	0.822250	0.333590	-1.015550	0.194570	0.126770	0.756760	0.887110	-0.444720	0.000000	0.462470	0.108880	1.247180	1.238920	1.017140	1.082630	1.057040	1.075310
310	0.328980	0.307030	-0.518080	0.207620	0.169740	1.355680	-0.085490	0.179740	0.367160	0.203850	-0.281380	-0.257030	-0.181600	0.141170	0.000000	0.165140	-0.547870	-0.449070	-0.452960	0.202400
311	0.928140	0.310680	-0.071630	1.137720	1.055860	-0.232550	0.186890	1.328700	0.978700	0.674960	-0.004740	0.000000	0.964990	0.421550	1.369070	0.808430	0.156500	0.484450	0.427830	1.040010
312	2.530699	1.732110	-0.034140	0.124660	0.000000	5.418150	0.173500	1.183630	2.161560	1.175300	0.092240	-0.883340	2.074550	0.932050	2.929227	2.150880	1.436300	0.445600	0.198080	0.770780
313	1.162300	0.667960	-0.925340	0.000000	-0.238320	0.502790	0.062330	0.070610	0.880660	0.116020	-0.872000	-0.249990	0.071860	0.294590	0.397030	0.554830	-0.332420	-0.116230	-0.260980	0.704510
314	4.204370	3.177260	0.000000	1.389820	0.500880	6.468760	2.173370	2.938240	4.006020	2.579480	0.377330	2.214490	4.210380	2.589360	4.610607	3.253900	3.708270	6.172908	2.508530	3.146690
315	1.067870	0.699720	0.059770	1.204510	0.704410	2.463235	-1.469420	1.092770	0.795210	0.418340	-0.191920	0.000000	0.654250	-0.011620	1.567470	0.081810	-0.129740	-0.104980	-0.177000	0.069900
316	4.181355	2.654400	4.155226	3.857113	4.705934	0.000000	6.074180	3.421805	3.310663	3.290675	5.470740	7.724900	3.936792	4.515860	6.187850	5.502190	12.907540	10.165400	9.020460	17.922370
317	4.164757	2.836680	0.000000	2.584830	1.582890	5.108888	1.551180	3.083800	4.234148	2.985450	-0.949850	1.649070	4.380101	2.504970	5.028556	2.930010	3.885235	5.206283	1.201600	2.687680
318	1.619320	1.289570	1.308380	1.572420	1.364310	0.000000	0.913000	1.594250	1.836130	1.942140	1.453630	1.041020	1.159270	1.062280	1.800280	1.832750	1.511790	1.496260	1.477040	1.899540
319	2.717570	1.710900	1.260440	0.709370	0.543550	0.786590	1.575920	1.284820	2.395820	1.272440	1.130110	1.428840	0.000000	0.092010	1.524730	0.776080	1.968980	1.726410	1.598720	1.899920
320	3.898159	2.916630	0.288870	2.445070	2.170340	1.702460	2.574270	1.774840	2.630300	2.456960	0.000000	1.548040	3.917246	2.251810	4.520248	2.074870	5.687970	6.537730	2.702620	0.955620
321	2.616488	1.556390	0.621640	0.000000	-0.220910	7.103370	1.046300	0.237630	1.623710	1.154490	0.502680	0.728140	1.530350	0.598190	2.845708	2.027940	1.170100	0.554490	0.500280	1.666510
322	1.414800	1.091700	1.831530	1.861170	2.155940	4.390430	0.615710	2.335761	0.000000	1.163570	1.762200	1.208970	1.976660	1.096580	1.617860	0.595240	1.155500	0.969170	1.270610	1.136410
323	0.039460	-0.184590	-0.056070	0.000000	-0.240270	-1.018370	-0.176990	-0.016250	0.064590	0.109830	-0.149860	-0.181220	-0.247810	-0.147960	0.086480	0.094010	0.000150	-0.081730	-0.199620	0.135340
324	0.896170	0.755430	0.614810	1.102070	0.928240	0.728890	0.697930	1.029210	0.331490	0.639700	0.583270	0.553220	0.000000	0.537900	0.547690	0.383910	0.718510	0.494420	0.522390	0.892180
325	0.657720	-0.496900	-0.778390	-0.208580	-0.518370	4.115795	-1.266690	0.263040	0.000000	-0.606520	-1.084160	-1.098610	-0.331570	-1.057200	-0.177450	-0.395530	-0.251790	-0.708230	-1.256720	-1.049230
326	1.537280	1.276440	1.129430	2.010890	1.644790	0.000000	0.930460	1.899340	1.428480	1.716270	1.094340	1.317430	0.882210	1.062720	1.440280	1.691290	1.278560	1.316560	1.279370	1.421830
327	0.897900	0.000000	-1.019340	0.608940	0.370290	-1.303470	-0.146180	0.773560	0.643010	0.347540	-1.126510	-0.387930	0.015380	0.114890	0.289190	0.401770	-0.392120	-0.157780	-0.170980	0.279540
328	1.096600	0.498230	-0.079950	1.424160	0.840050	4.704080	-0.431480	1.581150	0.928390	0.565200	-0.051620	0.000000	0.654680	0.231000	0.540470	0.510890	0.298640	0.130950	0.064490	0.715420
329	3.857554	2.898119	1.742790	2.038340	1.218540	5.653360	1.855700	2.175480	2.778257	2.637700	1.120550	1.759990	3.030923	1.996800	3.918516	2.678691	0.408930	0.055400	0.000000	2.859820
330	1.264320	1.192850	1.114170	1.331420	1.308630	0.000000	1.123890	1.434910	1.183060	1.261720	0.797470	1.040820	0.901320	1.045530	1.134660	1.160660	1.217800	1.254500	1.026470	1.369070
331	2.286920	1.399020	0.960650	1.455100	1.224820	0.000000	1.251210	1.706210	1.783970	1.763310	0.847130	1.081370	0.603500	0.884750	1.442360	1.685370	1.516210	1.357260	1.378000	1.722020
332	1.427880	0.709000	-0.072600	0.916290	-0.040410	4.041232	0.000000	0.202400	0.671490	0.394360	-1.390670	0.002210	1.819990	0.228090	1.795020	1.341230	-0.321300	-0.486030	-2.622020	0.551770
333	0.164720	0.471580	0.153220	2.292630	2.534430	-0.609740	1.855390	0.000000	-0.295400	1.763240	1.213170	1.211400	2.043700	1.895740	1.318270	-0.162030	2.217620	2.053840	1.192500	1.841060
334	4.647215	3.376345	0.784290	1.848100	1.343560	1.283600	0.204700	3.682229	4.911682	3.743444	0.577380	2.624460	4.720248	2.597360	5.221290	3.737147	2.406010	-1.563410	0.000000	2.797410
335	1.182610	0.000000	-0.162140	1.149480	0.975730	5.994760	0.546530	0.452620	-0.311910	0.963050	-0.433610	0.062810	0.703730	0.038180	1.120010	0.344240	0.486510	0.384840	0.385560	1.019620
336	1.498480	0.347930	0.127760	1.343870	0.922470	2.944170	0.745920	1.939950	0.726600	0.981470	0.134800	0.452830	-0.178820	0.000000	-0.030470	0.579630	0.555290	0.561900	0.436100	1.004720
337	3.267240	1.811340	-0.587060	1.148960	-0.113950	6.357670	1.071790	2.262540	2.172940	2.092760	-1.177450	0.350110	2.322610	0.963890	3.023550	2.448290	-2.052190	-0.374110	-0.788090	0.000000
338	3.322829	2.119750	-0.379870	1.160600	0.000000	3.842629	1.292810	1.179670	2.393490	1.957290	0.162470	0.939600	1.803450	1.134130	2.799144	1.618700	1.234040	1.145640	1.092250	2.124690
339	1.004650	0.327670	-0.288740	0.280340	-0.354480	2.469129	-0.181410	0.473720	0.226940	0.931410	-0.644880	0.039200	0.000000	-0.057180	0.489090	0.138220	-0.224220	-0.340860	-0.381260	0.363670
340	0.729850	-0.106750	-0.223680	0.547010	-0.251810	3.200540	-0.088480	0.895980	0.102750	0.751800	-0.502200	0.023610	0.029880	-0.211820	0.344350	0.014300	-0.251140	-0.133220	0.091060	0.000000
341	2.771720	1.695630	0.570260	1.867890	0.857400	5.788840	1.329940	1.188880	1.949320	2.296060	1.096730	0.000000	2.858350	1.954050	3.108418	2.170250	2.415210	2.161530	1.713510	3.118836
342	1.127910	0.416770	0.000000	0.720510	0.130800	3.506724	0.178800	0.734860	0.310090	1.001810	-0.273850	-0.006260	0.431730	0.411690	0.828230	0.294180	-0.331690	0.176490	0.149430	0.357690
343	0.900130	0.034120	-0.134660	1.215550	1.089480	5.934110	0.089900	0.481730	0.109050	0.787580	-0.156430	-0.051000	0.328020	0.073970	0.809980	0.072600	0.164880	0.053380	0.000000	0.488730
344	0.000000	-0.720150	-1.196250	-0.334310	-0.936030	3.891327	-0.746030	0.211160	0.322190	0.076830	-1.347310	-0.838460	-0.451060	-0.974030	0.116790	-0.292570	-0.192250	0.051550	-0.253970	-0.126000
345	0.496980	0.137780	0.397960	0.193850	-0.232510	-0.603150	-0.373820	0.173940	0.251390	0.075760	-0.936600	0.000000	0.380550	-0.507500	0.855680	0.314400	-0.489060	-0.016740	-0.211480	0.092350
346	0.668770	-0.242130	-0.991110	0.065590	-0.508900	2.018200	-1.376500	0.569800	0.511350	0.400620	-0.954530	-1.153960	0.000000	-0.625610	0.454250	-0.003490	-0.330850	-0.253850	-0.337670	0.213030
347	0.381430	0.113830	-0.042160	0.825300	0.744940	4.452340	-0.159620	0.172300	-0.375140	0.372830	-0.329670	-0.195330	-0.042190	0.000000	0.366020	0.273940	0.074770	0.056280	0.091440	0.450320