SITE	GLY	ALA	LEU	VAL	ILE	PRO	ARG	THR	SER	CYS	MET	LYS	GLU	GLN	ASP	ASN	TRP	TYR	PHE	HIS
1	0.881400	0.732500	-0.905400	0.000000	-0.472100	0.718900	0.116800	0.455100	0.820100	0.292200	-0.993000	0.632000	0.192400	0.308000	0.004400	0.197100	-0.145700	1.352700	-0.609500	0.489400
2	0.000000	3.099500	2.446500	3.759400	2.777800	4.637000	2.162600	3.044100	3.407400	2.810800	2.165700	2.981400	3.335100	2.504700	3.031200	2.834300	3.340800	3.393300	3.324800	2.912800
3	2.803600	1.782800	-0.210500	0.000000	-0.742500	0.396300	1.983800	1.191300	2.540000	1.179400	-0.231200	0.306400	2.537000	1.177200	2.405500	1.207700	1.818100	1.697000	1.617200	2.419300
4	0.491700	-0.300700	-0.544900	-0.217000	-0.740300	1.778800	-0.266800	0.150600	0.000000	-0.556300	-0.596600	-0.645000	-0.100700	-0.582600	0.123500	-0.226800	-0.890000	-0.464200	-0.643200	0.005100
5	0.000000	2.721400	3.951900	5.368900	4.899700	6.699100	2.451800	5.283500	4.237700	4.111000	3.344800	2.390900	3.949900	4.044800	3.131800	2.484800	4.446000	3.091000	3.788600	4.123400
6	0.048100	0.015400	-0.278200	-0.020400	-0.468000	2.024800	-0.762800	0.226500	0.000000	-0.068500	-0.642300	-0.284200	0.205100	-0.569900	0.361900	0.297300	-1.034800	-0.176100	-0.586800	-0.283300
7	1.794700	0.000000	8.984800	2.768500	7.177100	-0.321800	14.483700	3.987400	1.773200	2.261400	7.624800	8.526900	7.532200	11.115100	5.830000	7.422600	39.061900	43.807900	38.103900	39.133900
8	2.491900	2.240000	0.574600	1.347500	1.029100	1.639500	1.626300	2.045500	2.546400	1.855100	0.893900	1.560100	0.000000	1.592800	2.228900	2.103600	2.031700	2.355800	2.222300	2.297100
9	0.000000	7.014200	18.951100	18.854300	22.854300	14.233600	24.249300	18.203300	12.892000	12.368400	15.140200	21.484300	21.388300	19.847300	20.735300	18.795800	39.072300	31.950300	27.815300	67.969300
10	4.655800	3.238000	1.748900	4.483000	4.213600	3.668500	2.996800	5.189600	4.833000	3.981500	1.087900	3.673100	4.841600	3.668100	4.419300	3.945800	-0.311100	0.990300	0.000000	2.907800
11	1.082700	0.000000	11.820300	3.502100	9.083100	6.074700	34.248500	3.787100	1.745000	5.909800	14.337100	20.379500	15.726200	15.169000	8.585700	8.882200	63.450500	44.648500	37.119500	43.942500
12	0.264400	-0.387300	-0.517400	0.513400	0.193400	4.648400	-0.532700	-0.557900	-0.237400	-0.232800	-0.548700	-0.604100	0.000000	0.125400	0.297900	-0.488500	-0.140400	-0.448100	-0.389400	-0.651100
13	0.000000	3.116100	3.228700	4.805900	4.696800	8.614100	3.141200	4.639500	3.501000	3.358900	2.865700	3.127600	3.000700	2.606800	3.316400	3.384800	2.973500	3.350600	3.312700	3.494700
14	3.666500	1.477500	4.119100	0.000000	1.980100	3.320100	8.936000	1.185800	2.506400	1.527900	5.925200	11.636600	8.469100	8.621100	7.321200	4.681300	32.465200	29.549200	22.374200	33.896200
15	0.501500	0.497000	0.247800	0.584900	0.216000	3.514300	-0.255700	0.000000	-0.232200	0.127500	0.458000	-0.051800	0.303000	-0.205400	0.664500	0.405400	0.628600	0.615200	0.397500	0.489300
16	0.000000	7.355600	20.168800	16.641600	19.996800	11.229400	16.194400	16.538300	9.769800	10.616700	14.730700	18.371500	20.767800	17.569200	16.474200	15.768500	24.726800	20.322800	18.844300	27.587800
17	0.000000	3.174300	29.196200	19.947200	26.189200	8.530200	21.598200	18.469100	7.953600	11.899300	18.807700	22.091200	23.392200	21.587200	18.807300	19.037800	59.697200	52.320200	49.152200	46.736200
18	0.000000	3.223600	3.313900	4.769200	4.387500	9.050000	3.570100	5.174300	3.203200	3.605800	3.084100	3.360500	3.255900	3.343200	3.357900	3.919600	3.177400	2.297100	2.127300	3.878700
19	0.186300	0.412000	0.202900	0.264800	0.515600	-0.035800	-0.084300	0.233000	0.576600	0.270700	0.255500	0.229900	0.248500	-0.025100	0.000000	0.113800	0.064600	0.149800	0.132200	-0.079600
20	0.862800	0.000000	0.627100	0.497500	0.323600	1.718300	0.623600	0.506600	0.222900	0.313000	0.173100	0.423700	0.875900	0.270800	1.251000	-0.508900	2.871500	3.639600	2.900800	1.965900
21	0.417900	0.098200	-0.379700	-0.008200	-0.192300	-0.916100	-1.014300	0.000000	0.183700	0.100900	-0.610300	-0.654500	-0.685200	-0.443700	-0.135800	0.052900	-0.837200	-0.665300	-0.776000	-0.520800
22	2.241800	1.120100	-0.362600	0.374700	0.502700	0.000000	1.717400	1.267800	2.162000	1.073800	-0.061200	1.105700	1.030400	1.272000	2.248700	1.697500	2.053400	2.933800	1.790200	2.030900
23	1.962600	1.338400	-0.112200	0.000000	0.303300	3.113000	0.686500	0.646300	1.930400	-0.064100	0.839100	0.520700	0.039700	0.766200	0.741500	1.854300	1.352700	1.267300	1.202000	1.634800
24	3.173300	1.885500	0.685900	1.244200	0.350100	3.082000	0.848300	1.576400	2.042800	1.475200	-0.094600	0.561200	1.368800	1.277000	1.847600	0.914700	0.325600	0.000000	-0.313100	1.283300
25	4.615500	2.659700	8.492000	5.345900	5.809000	0.000000	20.007600	6.706300	3.758400	4.278800	6.129000	10.843600	8.946900	7.729800	8.167500	8.532000	48.607800	25.879800	22.473800	43.895800
26	0.109800	0.135500	-0.166100	0.093700	0.130000	0.989700	-1.095800	-0.326400	-0.605600	0.057000	0.670600	-0.833600	0.032500	-0.433300	0.000000	0.242600	0.413900	0.129200	0.057500	0.030200
27	0.687900	1.204600	1.122500	0.846200	1.189200	1.772700	1.629700	0.000000	0.065600	0.869700	1.301900	1.473000	-0.058300	1.494900	-1.479900	0.586400	1.386400	0.635300	0.678900	0.802800
28	2.201900	0.799900	-0.514800	0.474300	0.000000	-1.014800	-0.767100	1.131400	1.490600	1.072600	-0.227400	0.150600	0.079400	-0.256400	1.347700	1.035500	0.806700	0.953700	0.243500	1.975900
29	0.985900	0.234000	-0.115200	0.579700	0.026400	-0.291200	0.103100	0.342300	0.461100	0.843100	-0.204500	0.107700	-0.673500	0.065500	0.000000	0.573200	0.042500	0.042200	-0.059600	0.666600
30	2.882000	1.730600	1.254600	2.733100	1.417600	2.038600	1.624300	1.661100	1.781800	2.347800	1.324500	1.234000	0.000000	0.945600	0.915000	1.867300	1.698600	1.161000	1.038200	1.754400
31	6.792800	4.673900	0.000000	2.917200	3.312100	9.344700	11.412000	4.328400	5.553000	4.471700	0.495500	5.101100	5.199000	3.139000	6.274600	5.173900	18.589700	13.969900	8.165300	3.822300
32	1.493100	0.610400	-1.341300	0.000000	-0.761700	4.524200	0.227200	0.010200	0.709900	0.553600	-0.980200	-0.258100	0.194900	0.298500	1.044200	0.846000	0.294000	0.028700	-0.515600	0.845200
33	-0.077700	-0.808300	-1.094000	-0.434700	-1.049000	2.855200	-1.451400	-0.170300	0.000000	0.054600	-1.203500	-1.409200	-0.562600	-1.169900	-0.157700	-0.692200	-0.886200	-0.869900	-0.976000	-0.750400
34	3.125400	1.428500	0.271500	1.239400	2.291100	3.509900	0.464200	0.985300	1.968900	1.518600	-0.274900	1.125200	2.557700	1.929000	3.628100	0.981500	0.042600	0.000000	-0.420400	1.985400
35	5.583100	3.999000	0.000000	3.505900	2.367500	7.277800	4.645400	3.115600	4.363900	3.972200	-0.199100	4.353100	4.932100	3.683000	6.073300	3.478400	12.479100	13.054700	4.195400	4.415000
36	0.000000	0.166700	-0.472000	0.592600	-0.401500	3.323600	-0.582500	0.366900	-0.440800	-0.127500	-0.845300	-0.847500	0.064500	-0.146100	0.744100	0.017000	0.902700	0.356800	0.279400	0.873100
37	0.299600	0.327200	0.889300	3.697900	3.869800	10.956500	0.685600	2.063900	-0.049200	0.172800	0.148400	0.438200	-0.155000	1.039700	0.000000	0.063500	3.726900	0.371700	1.334900	8.080900
38	-0.166600	-0.136300	-0.064300	-0.111600	-0.246600	-1.218500	-0.740600	-0.090300	-0.083300	-0.185700	1.595900	-0.798600	-0.059200	-0.177100	0.000000	-0.158500	-0.240100	-0.513000	-0.631100	-0.081100
39	1.030800	0.718500	0.543100	1.069400	0.746200	2.178900	0.231700	0.909700	0.573000	0.872100	0.703600	0.452700	0.000000	0.275600	0.006500	0.311000	1.093900	0.615900	0.565700	0.608700
40	0.880000	0.000000	-0.410900	0.459700	0.104300	-0.623700	-0.051100	1.321000	0.486700	-0.065700	-0.513000	-0.261000	0.626200	-0.432200	-0.355900	0.029800	0.644700	1.393600	0.652000	1.884600
41	2.665600	1.677700	-1.037000	1.413000	1.000900	7.814500	0.000000	2.413000	2.379700	1.407600	-0.108800	0.048300	1.836500	0.685300	2.970400	1.407200	0.485400	0.101700	-0.597600	-0.233700
42	2.999500	1.532300	-0.901400	0.000000	0.435900	1.133000	0.076300	1.853100	1.470100	0.749900	-0.791100	-0.635100	2.410100	1.019100	2.781700	0.546000	2.591000	1.380100	2.281700	2.200700
43	6.180600	4.383300	3.618700	0.758300	0.000000	5.511300	11.723900	3.468600	5.550500	3.156600	1.262700	7.658700	6.355200	5.313700	5.883300	4.932300	31.264200	23.747200	18.920500	24.656200
44	4.482900	3.116900	0.194300	0.000000	-0.674100	4.393200	3.638400	2.463100	4.261300	2.365500	-0.446000	2.763800	3.072600	2.666000	4.555300	3.112700	9.211700	4.338200	4.617600	3.710700
45	6.093400	4.695100	0.000000	3.007600	1.679200	5.340500	9.718000	4.454300	5.818600	3.326600	0.177800	5.611400	5.240600	4.300100	5.465000	4.370900	10.453200	11.526900	6.625800	15.194300
46	0.140200	-0.186400	-1.203100	-0.522800	-1.060700	-1.814900	-0.672700	0.000000	-0.209800	-0.329100	-1.110800	-0.923900	-0.108000	-0.373400	0.201200	-0.311900	-0.928600	-0.992400	-0.581400	-0.411600
47	-0.060400	0.659600	0.044600	2.860600	2.183800	2.359600	-0.579300	1.735800	0.290100	0.002600	-0.338600	0.000000	1.522200	0.801500	0.329700	-0.703200	1.642200	0.762500	0.818800	1.089100
48	1.301400	0.306600	-1.139500	-0.127800	-0.156200	-0.419100	-0.816300	0.000000	0.721500	-0.060900	-1.398100	-0.892000	0.018700	-0.131300	0.653900	0.477700	-0.362400	-0.115800	-0.313000	0.314800
49	5.142700	3.692500	1.245600	1.380400	0.944300	6.834900	4.133900	3.913900	4.861700	3.006200	0.606800	3.293200	3.787100	3.945700	4.625500	3.567000	3.594500	-0.124500	0.000000	3.029900
50	3.509100	2.897000	2.984900	2.602800	2.224200	2.757700	2.871900	3.309000	3.428600	3.141100	2.582700	2.669600	2.772300	2.334100	0.000000	2.214700	3.499900	3.175200	3.218400	3.151800
51	6.437900	5.580800	2.398400	3.973900	4.061200	7.961100	3.451400	5.348700	5.487400	4.885900	1.299100	4.558300	6.077300	4.395000	6.907000	4.423600	2.652100	0.280100	0.000000	3.781100
52	1.909400	1.405900	0.646500	1.485200	1.195300	4.053900	0.936100	0.000000	0.400000	0.804500	0.032800	0.040100	2.038500	1.144400	2.516200	1.169900	1.661300	2.969700	0.719600	1.660100
53	0.407000	0.042300	-0.266700	1.028700	0.073600	-0.018100	-0.606000	0.781000	0.180600	0.192900	-0.299200	-0.527800	-0.774600	-0.410900	0.000000	-0.200000	0.080900	-0.165600	-0.144800	0.306100
54	0.777200	-0.183400	-0.838900	-0.203100	-0.473600	5.488700	-0.743300	-0.368900	0.000000	-0.155100	-0.621900	-0.577900	0.142200	-0.051300	0.619800	0.393200	-0.317000	0.028900	-0.067700	0.762500
55	0.597300	0.091000	-0.323400	0.850700	0.246700	3.681200	-0.459700	1.136700	0.642700	0.098600	-0.318900	-0.373400	0.000000	-0.338700	-0.094300	-0.104000	0.012100	0.067700	-0.021000	0.048100
56	0.000000	2.842800	4.225400	6.186300	5.509600	5.760400	3.850000	5.950900	3.925800	3.972600	3.998900	3.079800	3.366600	3.879900	3.214700	3.317900	4.039100	4.071100	3.887300	4.272900
57	1.070500	0.509800	-1.290200	-0.678700	-1.112900	2.329000	-0.789800	0.000000	0.647300	0.154100	-1.160000	-0.919800	0.393000	-0.665900	1.355900	0.027700	0.399900	0.089900	-0.000100	0.770500
58	2.138600	1.258900	0.638000	0.666100	0.536300	4.086500	0.218100	0.000000	0.745100	1.212200	0.625900	0.090700	0.537600	0.530000	0.930000	1.313600	1.077300	0.506400	0.708700	1.377400
59	0.491300	0.099500	-0.460500	0.004800	-0.395500	1.214900	-0.256000	0.000000	0.213200	-0.034700	-0.554000	-0.258500	0.104800	-0.117900	0.245200	0.125600	0.020600	-0.579600	-0.639000	-0.151700
60	0.000000	1.212400	1.990100	2.040600	2.711500	4.775700	0.558800	2.539500	0.784100	1.089200	0.428600	1.862700	0.886800	1.924600	0.709600	0.369700	1.279900	2.425600	2.614700	1.551400
61	0.305400	0.321600	-0.369600	0.016400	-0.396300	1.611600	-0.307400	0.000000	-0.073100	0.141800	-0.337000	-0.562300	0.102800	-0.509100	0.082700	-0.097200	-0.411500	-0.239700	-0.195400	0.139400
62	0.000000	3.832500	10.375000	9.904900	11.713300	8.610000	18.790000	12.782200	7.731900	6.432000	9.387200	17.299900	15.696600	12.797100	12.098300	10.199500	36.448600	28.639600	35.348600	62.286600
63	4.998400	4.761200	6.966400	6.739800	7.563500	11.076800	6.129500	6.730800	5.301200	0.000000	5.527300	4.631000	9.629800	7.976100	9.218400	7.284300	11.298700	7.578400	7.223700	7.280400
64	1.901700	0.000000	1.505700	-0.352700	2.091900	4.161700	1.750800	1.882100	0.497000	1.477300	-0.220900	0.389500	1.901100	1.565500	5.089000	4.031900	11.796100	5.943100	10.040900	14.267400
65	4.349500	3.445900	8.503500	4.919000	5.943900	0.000000	7.012900	5.339800	4.594000	4.137000	5.695800	8.760200	10.090200	8.752700	8.463700	6.882600	7.769100	5.644600	5.415600	11.223400
66	4.621600	4.235900	3.653600	3.661700	4.141100	7.194800	3.100700	4.899400	4.318200	4.059200	2.543100	3.584100	4.730100	3.672200	4.829000	3.848800	0.000000	1.949400	1.478500	3.988100
67	0.000000	3.546600	3.288000	5.889200	6.009600	7.034500	3.162500	5.893300	3.607700	3.504700	3.089400	3.208000	3.623300	3.514700	3.647200	3.514500	3.408900	3.535100	3.579500	3.793500
68	0.163300	0.141400	-1.263400	0.003600	-0.325900	-0.234300	-0.760600	0.000000	0.084200	-0.035100	-1.567900	-0.802900	-0.382800	-0.431300	-0.104400	-0.139600	0.009100	-0.494300	-0.884900	-0.061800
69	0.589000	0.000000	-0.109800	0.453900	0.148900	0.543700	0.092400	0.472000	0.476300	0.743500	-0.134300	0.022400	0.157900	0.288900	-0.334900	0.182800	0.168500	0.114100	0.023900	0.334000
70	0.104700	-0.136600	-0.110100	0.197700	0.153300	-0.981100	-0.126300	0.182300	0.000000	0.141000	0.058700	-0.176600	-0.191000	0.074700	0.008000	0.058800	0.024000	-0.049400	-0.051600	0.159500
71	0.115500	0.000000	0.024000	0.386700	0.507800	-0.220900	-0.796200	0.843300	0.245900	-0.002800	-0.253700	-0.426600	0.016100	-0.193000	0.421700	0.253400	0.263500	0.240900	0.133700	0.541500
72	4.998500	4.651800	8.144100	6.213200	6.864100	8.077000	9.629000	5.810100	5.142200	0.000000	6.999900	8.108800	10.946700	9.740700	8.705200	6.029800	18.255200	15.015400	13.920900	16.909900
73	1.169600	0.098200	-0.957400	1.903900	1.395000	3.169900	0.444500	2.124800	1.517300	0.112500	-0.675200	-0.727900	0.948800	0.000000	4.314300	2.768600	24.120300	19.276400	16.719000	48.515300
74	2.525000	1.656900	0.645100	0.000000	0.236300	1.762200	1.689800	2.391200	2.443800	2.104100	0.179200	1.453100	2.420900	1.715100	2.831700	2.145800	0.008300	0.970900	0.200900	2.131100
75	2.095500	0.000000	3.333900	-0.266400	2.186900	3.824500	9.799100	1.736800	1.427500	1.649900	1.493500	5.713700	8.899000	10.424700	5.512700	4.365200	14.637400	11.987400	8.744400	6.301500
76	4.080700	2.698500	-0.401400	1.025500	0.000000	3.097200	2.298300	2.852300	3.618500	2.270000	0.679500	2.150000	3.403400	2.906900	2.590200	2.100500	1.012400	0.182000	-0.161100	2.977000
77	0.460100	-0.284300	-1.171100	1.311700	1.535300	-0.888000	-0.394200	2.355700	2.168200	-0.084400	-1.300600	0.546500	0.860200	0.198800	0.000000	-0.862400	2.823600	2.343100	2.351900	1.574700
78	1.521400	0.570700	-0.375400	0.208900	-0.300700	6.239500	0.051400	1.134800	1.173100	0.526200	-0.981800	-0.217100	0.817700	0.000000	1.188200	0.894300	-0.188000	-0.452900	-1.073100	1.135200
79	-0.561700	0.351300	-0.017900	1.464200	2.826100	3.998200	-0.088300	1.161100	0.426600	0.208200	-0.037900	-0.560900	0.229400	-0.155400	0.000000	-0.109000	-0.750300	-0.179300	-0.309500	-0.148600
80	-1.966900	-0.010500	-0.963300	1.228800	1.208500	2.482700	-0.976800	-0.016700	-0.245700	-0.346800	-0.774800	-1.358500	-0.333900	-0.195900	0.000000	-1.038200	-0.375400	-0.732500	-0.744000	-0.391100
81	4.031900	3.041200	1.721200	3.400600	3.254100	10.030100	2.876200	4.324500	4.276400	3.206100	1.627100	3.113400	3.439100	2.275200	3.762700	3.218300	0.000000	-0.282100	-1.213300	3.482400
82	3.989000	3.144800	3.666400	5.863600	5.524000	4.219000	3.130300	4.265900	4.670200	0.000000	3.022000	4.176600	6.591800	4.728900	7.884900	4.945700	4.861000	4.493800	3.115100	4.262200
83	-0.089300	-0.019900	-0.363300	-0.076500	-0.496900	-0.852600	-0.700600	0.036600	-0.008800	0.374000	-0.749700	-0.842000	0.000000	-0.327300	0.239100	-0.211700	-0.429100	-1.024500	-0.756200	-0.368800
84	0.398300	0.486800	-0.313600	-0.168200	-0.632600	2.963800	-0.440900	0.618800	0.557900	0.070200	-0.133600	-0.401100	0.453600	-0.186900	0.535300	0.000000	-0.259900	-1.008000	-0.702900	-0.350300
85	1.050500	0.376800	-0.140000	0.249700	0.055100	5.666500	-0.135500	0.821500	0.934000	-0.923600	-0.290700	-1.376600	0.563800	-0.005600	0.003500	-0.174100	0.269700	0.000000	-0.015600	-0.463500
86	0.876800	-0.537600	0.599700	-1.073400	0.978800	2.268800	-1.189800	1.374500	0.854900	-0.430900	-1.529400	-1.362200	0.000000	-0.068400	1.206000	0.226300	0.766100	1.320700	0.736100	0.762000
87	1.313100	1.259300	1.592900	2.249200	2.215900	0.000000	1.183500	2.437900	0.726300	1.571200	1.688200	1.337700	1.758800	1.496200	1.890600	1.559300	1.526100	1.404500	1.334500	1.704200
88	0.163200	-0.017500	-0.402100	-0.109500	-0.212900	1.379100	-0.533200	0.073400	-0.014000	-0.022700	-0.314900	-0.607500	-0.096300	-0.205200	0.000000	-0.221800	-0.380400	-0.693000	-0.731200	-0.142500
89	1.437100	0.000000	8.021400	5.457700	7.602700	3.891500	4.749400	7.362700	0.593300	2.644000	5.144000	4.998400	8.577600	5.468400	11.252000	8.610800	26.137600	28.015600	23.894600	31.140600
90	1.713000	1.199500	0.844100	0.926200	0.647100	0.000000	1.170000	1.173500	1.527800	1.242200	0.818900	1.058900	1.292600	1.366800	1.639200	1.732200	0.926200	1.094800	1.000500	1.653700
91	0.307000	-0.181600	-0.408300	0.392400	0.147200	-0.817400	-0.362100	0.452400	0.000000	0.283600	-0.689000	-0.395900	-0.113500	0.069200	0.243700	-0.121400	-0.407100	-0.128100	-0.238100	-0.406600
92	2.157600	1.335400	0.480000	0.000000	-0.388000	6.370900	0.657600	0.556100	1.682200	0.895700	0.050200	0.628100	0.943400	1.078900	1.307900	1.755000	0.922000	0.463700	0.890500	1.616500
93	-0.522200	-0.103500	-0.723500	-0.392500	-0.654300	-1.166800	-0.511100	-0.350700	0.000000	-0.400400	-1.056400	-0.645300	-0.616200	-0.369500	-0.265600	-0.296700	-0.435700	-0.707100	-1.305700	-0.299000
94	4.351600	2.855200	2.017300	0.000000	-0.347200	5.923600	4.117100	2.256800	4.269700	2.213400	0.731600	3.535000	4.842500	5.024100	5.716800	3.639700	14.235500	5.284700	5.254800	6.297400
95	1.948500	0.735100	-0.476800	-0.143400	-0.418500	0.958600	0.008000	0.083800	0.179600	0.310600	-0.345500	-0.200300	0.000000	0.120600	0.589500	0.595200	0.495700	0.760500	0.952700	0.397100
96	4.030800	2.957400	0.623400	4.350200	4.093200	4.523400	2.920600	4.870900	3.890600	2.627600	0.460700	2.181200	4.562000	3.289900	5.547400	3.740300	0.750800	0.000000	-0.481200	2.501300
97	2.447200	1.169000	0.049400	1.191200	0.182300	1.474300	0.789600	1.869200	2.037500	1.485600	0.097100	0.441100	1.771800	0.692900	2.331800	0.966200	0.668600	0.000000	-0.223900	1.412100
98	1.262500	0.349200	0.067500	0.823700	0.903600	2.491900	-1.035000	1.541500	1.259800	0.967700	-0.226400	-0.000100	0.767400	0.245000	0.716500	0.000000	0.149400	0.623700	0.525700	1.285800
99	1.329000	0.000000	5.216300	3.476400	4.577500	0.390100	4.704800	2.806700	0.161500	2.677300	2.195000	4.242400	3.922600	3.588500	7.408200	5.138700	20.204800	16.371700	29.288800	29.745800
100	0.000000	1.189000	7.718900	6.191900	9.219300	1.898300	9.318100	5.350800	1.771900	1.901300	4.173400	6.758500	8.255900	6.590400	7.027200	6.981300	25.857300	15.435700	13.673600	17.890000
101	0.396800	-0.024900	-1.579600	0.000000	-1.152000	-2.792300	-1.390000	-0.941100	-0.250300	-0.157500	-1.679500	-1.354100	-0.325300	-0.442000	0.421400	0.336200	-0.643600	-0.344600	-0.717400	0.465800
102	0.291600	0.162700	0.000000	-0.220200	-0.422700	1.787200	-0.428800	-0.182200	0.097800	0.162100	-0.342000	-0.127200	0.033800	-0.026900	0.329300	0.701000	-0.797900	-0.685900	-0.705600	0.011800
103	0.000000	2.576300	5.471700	10.474600	14.255600	-1.543900	8.282800	7.582000	3.090400	4.167200	4.704500	4.263800	5.053800	3.171200	5.524700	5.412900	23.810800	23.426800	14.235500	77.255800
104	5.575500	3.821900	0.252300	1.410500	0.000000	5.402400	6.582300	3.981500	4.961500	3.540800	0.209800	2.312600	4.720600	3.651300	4.820800	3.722800	16.376900	12.740800	10.910800	8.568800
105	0.197400	-0.790900	-1.662900	-0.533200	-0.998500	-1.783000	-1.304300	0.000000	0.695100	-0.492800	-1.834700	-1.503700	-1.601000	0.014900	-0.069300	-0.047000	-0.996500	-2.017600	-2.569000	-0.728100
106	5.161100	3.296800	-1.306800	0.000000	-1.147000	7.763100	5.135900	2.769200	3.977700	2.106100	-1.129400	3.455600	4.066300	2.865500	4.370000	3.205200	9.576800	6.675800	2.820400	3.716500
107	0.449100	1.171600	0.241400	2.480400	2.015300	4.177400	0.197100	0.000000	0.510700	0.923600	0.256500	-0.127700	0.988100	0.048600	0.059200	-0.815500	0.654300	0.560400	0.595300	0.530500
108	0.957500	0.323900	0.278800	2.205100	2.086800	-0.859000	0.190600	0.843300	0.000000	0.929500	0.118300	0.351900	0.173800	0.529400	1.297300	1.178000	0.638600	-0.393000	0.214900	1.332500
109	0.956000	1.006600	0.456600	3.518200	4.259300	5.871700	0.714100	2.763900	1.080900	0.624700	0.767100	0.276900	0.353000	0.291700	0.114700	0.000000	1.746000	-0.485500	-0.819000	0.115000
110	5.105200	3.854300	2.508400	1.900200	1.641800	8.850500	3.457200	2.822600	4.287400	3.476500	2.205900	0.000000	8.348800	2.794900	6.727800	3.273600	15.035900	12.892300	8.158300	2.015300
111	1.771300	-0.281400	-2.317600	0.896800	1.678600	5.627600	0.900600	0.708400	0.000000	-0.505400	-0.385500	0.190100	3.344300	0.700700	2.986400	1.859200	15.482300	12.801200	7.896400	26.583800
112	6.612700	5.039100	0.000000	1.782000	0.429500	6.819500	6.508700	3.887800	6.159900	3.828900	0.225600	4.147900	5.094400	3.905000	5.720800	4.118800	8.842800	10.256400	5.345300	6.063600
113	4.627600	3.544900	0.263500	0.902200	0.000000	4.788100	2.766500	2.362200	3.698900	2.953400	0.440300	2.096100	4.982300	3.443000	5.602200	4.071600	6.128300	6.334300	3.910900	6.303400
114	0.000000	3.510100	21.351800	13.666600	20.360800	13.102600	30.392800	12.471800	7.629600	8.758300	16.084100	19.885800	20.681800	21.677800	17.242600	14.619700	63.218800	47.298800	45.024800	45.039800
115	1.668400	1.024700	-1.181700	0.401600	0.241200	4.393300	-0.012700	0.215600	1.022700	0.276800	-1.209000	-0.563400	0.000000	0.142300	0.221600	0.247800	-0.798200	-0.202900	-0.601400	0.581600
116	0.000000	2.877000	2.965700	3.115200	2.997800	6.306600	2.838900	2.968900	2.446100	2.840700	2.866300	2.442600	3.030600	2.942400	3.010900	2.888100	2.905900	2.848600	2.819200	3.004700
117	-0.252200	-0.503200	-0.474500	0.362200	0.209200	0.704500	-0.783800	0.176100	0.000000	-0.487500	-0.538900	-0.870800	-0.454200	-0.542500	-0.547800	-0.537100	-0.482300	-0.358500	-0.293200	-0.246900
118	0.105100	0.127700	-0.507500	0.294500	3.732100	4.402100	-1.118500	-0.445700	0.000000	0.420300	0.197000	-0.854600	-0.100200	-0.597800	-0.130300	-0.177300	0.056200	-0.337000	-0.396100	0.428500
119	0.000000	3.498800	24.870100	14.841600	21.938100	7.106600	42.137100	14.913600	7.115300	7.689800	18.700100	29.716100	21.036100	24.233100	21.252100	19.662100	72.323100	56.956100	47.168100	64.956100
120	0.615500	0.000000	0.021000	1.687800	1.130000	8.004500	-1.779900	0.622800	-0.621900	-0.291200	-1.615600	-1.081500	0.202900	-0.383000	2.721000	2.581200	8.570500	13.108700	9.556500	5.264600
121	6.207600	4.906900	0.461600	1.506800	0.000000	4.988500	7.566700	4.125300	5.233900	3.890300	0.378200	3.592700	5.136900	3.716800	6.099300	4.924500	13.231700	12.106100	5.980300	5.098100
122	3.186900	2.035200	0.268300	0.634600	0.340800	4.905200	0.329400	1.999800	2.904800	1.733200	0.242800	0.000000	2.875200	1.391900	4.575500	1.633500	1.115400	0.269400	-0.090000	2.016300
123	0.000000	8.357600	18.527400	20.511000	22.804000	16.851700	14.254900	19.827000	13.425400	12.478200	13.789500	15.670500	22.352000	16.034000	17.157800	17.210400	20.561000	23.488000	23.084000	22.216000
124	2.803100	1.514500	1.959900	1.920200	1.236800	8.518400	0.343300	1.927600	1.581800	1.391700	-0.481500	0.000000	3.067300	1.303300	4.905600	2.345700	10.366400	14.047100	11.142700	28.523700
125	0.000000	5.634900	17.435500	13.947600	16.430100	4.597900	18.319400	15.484300	8.830800	7.575600	9.868800	14.041300	16.014300	13.451400	12.636800	10.732900	18.218200	13.892100	13.403000	47.768200
126	6.207100	4.893500	0.000000	2.404200	1.239700	4.130400	4.565800	4.424700	5.702100	3.948900	0.431800	4.235600	5.071100	3.721500	6.147400	4.675700	5.188700	2.141200	0.925200	23.847500
127	2.937400	1.351100	-0.232800	0.424900	0.986700	9.309600	0.000000	1.794100	1.637700	0.965600	-0.332200	0.207400	2.148700	0.587100	2.770200	1.591100	1.984800	1.523500	0.700500	4.624900
128	5.742100	4.349300	0.042200	1.370500	0.000000	4.354700	5.427800	4.039100	5.794600	2.208500	0.004000	3.860600	5.811900	4.131800	5.735700	3.965600	10.792700	5.978700	3.399900	30.020700
129	-0.286000	0.481500	-0.753500	0.000000	-0.909700	0.313200	-0.248300	0.822000	-0.216500	-0.159400	-0.088000	-0.619500	0.051200	-0.161400	-0.264100	0.154200	0.648000	0.570900	0.559500	-0.555800
130	-0.553300	0.028800	-0.579300	1.107400	1.987600	4.173100	-0.830200	0.684200	0.000000	-0.401600	-0.803400	-0.924600	-0.550200	-0.565000	-0.328800	-0.694800	-0.932300	-0.918700	-1.052300	-0.667600
131	0.000000	2.884300	3.208800	5.391700	5.389100	5.331900	2.668200	3.542400	2.302000	3.224500	3.068300	2.837100	3.543000	2.773700	4.076700	2.182700	4.685700	3.442800	3.169100	2.894600
132	1.389500	0.000000	4.602800	3.176200	5.725500	5.590800	4.236600	2.672800	0.782900	1.352200	1.565600	3.737300	4.041000	4.135400	5.162800	3.530600	5.861400	6.683800	6.112700	7.605000
133	0.372400	-0.063200	-0.247400	1.508000	1.325300	1.595300	-1.962500	1.921800	-0.155800	-0.042800	-0.893700	-0.482400	0.000000	-0.178400	-0.064700	-0.427600	-0.987900	-0.824000	-0.934700	-0.517100
134	0.974100	2.078700	0.631100	1.041700	0.844300	6.779400	0.850500	2.391600	1.907300	1.088100	0.502000	0.821700	0.993800	0.852200	-0.537700	0.000000	0.979600	0.305600	-0.079400	1.980400
135	5.739600	3.813800	1.175100	0.740600	0.000000	8.274400	9.603400	2.836400	4.647900	3.132500	2.013700	5.265000	5.221600	3.596400	5.795500	3.822200	9.612200	5.632400	4.482500	3.809200
136	6.041900	4.251100	2.943800	1.067300	0.000000	8.847000	3.137300	3.466300	4.805700	3.694800	1.571100	2.007500	4.210800	3.112700	6.895200	4.454100	21.638300	10.844600	10.940400	22.910300
137	6.239200	4.543600	0.056300	1.138300	0.000000	4.933600	6.914800	3.335300	5.249800	3.592500	0.046200	4.039600	4.962200	3.409400	5.367000	4.134600	5.382500	7.016300	1.691800	2.647400
138	5.339300	3.689000	2.682300	2.047600	1.678500	6.347100	6.681000	3.837600	3.807900	3.390400	1.247800	1.666900	5.128100	0.000000	8.088800	4.257100	23.898500	21.013500	16.316200	20.282500
139	0.445000	0.554700	1.510600	4.024100	6.382400	8.567300	1.965400	3.723400	1.445000	0.693300	1.876500	2.396700	3.403000	3.133100	1.739700	0.000000	15.782100	20.299000	13.299500	32.188000
140	5.075400	3.731000	1.654400	1.086400	0.000000	5.647800	9.813600	3.534200	3.905800	3.046000	0.944600	4.899600	5.110000	3.603000	6.086100	4.181600	15.445400	9.940000	6.905800	9.533700
141	1.327500	0.000000	-0.470700	1.278500	0.748400	5.794700	-1.827300	1.011400	0.451300	0.125800	-1.023500	-0.813900	0.420000	-0.017200	3.786700	2.563900	5.860200	9.071300	7.141900	12.671100
142	5.320200	3.070700	-1.156800	0.000000	-0.925200	3.497300	5.841700	2.616200	4.259200	2.163200	-0.496500	3.880500	4.458400	1.739600	4.518600	1.832500	10.007000	7.044900	5.894200	21.447600
143	2.110600	1.329300	0.692100	-0.594200	-0.362300	2.898600	0.211600	0.000000	0.702300	0.861600	-0.537600	0.464000	1.764300	1.252100	3.590000	0.161400	1.127200	-1.024400	-1.647900	-0.604900
144	0.657100	1.034400	-0.110600	1.149500	0.896200	3.653800	-0.722600	2.107600	1.198400	0.526500	-0.727200	0.213300	-0.100500	-0.450600	0.000000	-0.388400	-0.122900	-0.902100	-1.335600	0.087700
145	4.226200	2.532000	0.606600	0.603400	0.000000	7.696100	9.508700	2.849700	3.897900	2.056400	0.410000	3.821100	4.491000	3.089700	4.845800	3.355000	23.534300	14.163100	8.777900	10.308700
146	3.351600	2.681400	1.138900	2.733100	2.826800	2.565800	4.076700	4.186700	3.687100	2.633100	1.132800	5.450200	2.246600	2.685700	2.901000	0.000000	29.782500	21.428500	12.210400	17.251800
147	3.308500	2.320400	2.725700	2.279200	2.255800	0.000000	2.814500	3.502600	3.506600	2.983000	1.684100	1.899700	2.874400	2.983400	3.447300	2.975300	3.240500	3.069500	4.158300	6.014400
148	2.149100	1.063300	-0.682100	2.928100	2.777600	0.941400	0.693800	2.239400	1.082400	0.842600	-0.487500	0.000000	0.724900	0.846800	2.430300	0.711300	2.431700	2.706100	1.869500	2.628300
149	5.470400	4.022500	0.298600	3.723900	3.129600	7.619000	4.237500	3.593300	4.732500	3.278400	0.474800	2.951400	4.628300	3.793100	5.141400	3.928100	1.407300	0.000000	0.195700	2.994300
150	4.377500	2.671800	0.898200	0.000000	2.771600	3.600600	3.287700	2.723200	4.267800	2.519100	-0.304900	2.701400	3.933600	3.179700	4.591200	3.763400	8.017200	2.795600	4.542600	4.470700
151	-2.501200	0.232400	-0.792200	1.747300	1.145200	4.942100	-0.088100	2.091800	0.914700	0.808800	-1.694400	0.550200	0.570400	-0.312000	1.800100	-2.344800	0.000000	-0.577900	-1.709900	-0.952400
152	0.000000	2.892100	15.317600	14.062000	18.581700	13.622000	25.498300	11.567700	5.870600	7.480500	13.057400	20.306300	16.495000	15.610200	13.838300	11.660700	55.505300	43.559300	38.824300	48.932300
153	0.000000	6.752400	20.730000	17.550500	21.339000	12.997900	24.532000	17.019800	11.902400	10.635700	15.407400	20.593000	16.986900	18.896600	18.847300	19.616000	42.780000	39.139000	31.195000	77.747000
154	0.779700	-0.171900	0.217600	-0.270700	-0.328300	-0.059500	-0.984200	-0.857400	0.135900	-0.243900	-0.791000	-0.445800	0.071000	-0.536500	0.000000	-0.695700	0.022100	0.267000	0.928600	0.748700
155	1.303700	0.000000	8.568600	2.497100	4.687200	8.994300	11.864700	4.637600	2.271600	1.257100	4.488500	7.705700	6.950500	6.730600	7.146300	4.827800	25.132800	17.433600	17.317200	33.214800
156	6.842100	5.101200	0.315800	1.485300	0.000000	7.556500	3.934000	3.876800	5.948800	3.952800	0.011700	4.465200	5.688700	4.149400	5.808800	3.464400	3.147700	1.685200	-0.812500	2.974900
157	1.489500	0.215000	-1.662300	-1.890200	-1.972000	2.973700	-1.184800	0.000000	1.335000	0.233400	-1.487900	-1.282700	0.884700	-0.375700	1.935900	0.395600	-0.576800	-1.776200	-2.084100	-0.780600
158	6.173400	4.713000	0.000000	2.877400	1.595500	4.766900	4.988800	5.648200	5.976500	4.166500	0.164800	3.486400	6.630800	3.969000	7.051200	3.992600	11.802500	11.248100	5.775100	7.579500
159	0.377000	-0.788900	-1.375600	-1.315000	-1.796600	2.534900	-2.008700	-0.934300	-0.837500	-1.386100	-1.503600	-1.673500	-0.305600	-1.214700	0.000000	-1.168600	0.075100	-1.263200	-1.490400	-0.289900
160	-3.200800	-1.456900	-1.458300	0.192500	-0.226200	6.060600	-2.670600	-0.809100	-1.087100	-1.376400	-1.576300	-2.138000	-0.884400	-1.216100	0.000000	-0.876100	-1.197500	-1.433100	-1.429300	-1.187500
161	0.468900	0.809500	2.451900	2.817500	3.761800	2.517400	12.749200	1.316800	0.159300	0.000000	2.744100	7.376000	10.326000	11.314900	7.440600	1.391900	28.303900	20.505900	14.168200	13.542200
162	0.533900	0.428600	-0.271200	1.838300	0.476800	3.970300	0.058300	-0.184000	0.564300	0.297600	-0.256300	0.237900	-0.616700	0.571300	0.000000	0.348000	1.497200	1.928900	1.228200	0.704300
163	0.738900	1.229200	0.000000	2.355700	2.285000	7.383000	1.123000	5.591200	2.227800	0.839500	0.559000	0.155700	1.735900	1.091100	2.563000	1.554000	2.803600	1.898000	0.735200	1.997100
164	5.513000	3.412400	1.121000	0.000000	-0.325900	6.799700	7.142100	2.562200	4.756300	2.620900	-0.221200	4.342000	5.683500	3.214400	6.057200	3.734500	18.920900	9.530600	5.553900	3.307900
165	6.570300	4.741200	1.828000	4.450800	5.455200	10.490900	4.303800	4.758300	5.845500	4.237400	1.555200	4.159700	6.571900	5.001000	6.771900	4.173800	0.000000	4.642200	3.732900	3.618900
166	7.223600	5.573600	0.478900	1.486600	0.000000	5.508200	5.644600	4.252300	6.209400	4.297800	0.507300	4.488300	5.729500	4.607400	6.675800	4.967000	4.975700	2.310500	1.132500	3.870500
167	2.424200	1.090300	4.905800	0.985900	2.026000	3.696500	5.718500	1.286100	1.753200	1.434700	2.824900	4.357900	3.252800	5.211400	0.000000	3.496500	18.914300	17.372800	14.150200	12.280400
168	-1.579600	-0.948400	1.105400	2.474800	3.231800	8.228600	-1.194300	3.313900	-0.934000	-0.148500	-0.231800	-1.060600	5.361300	1.286100	4.083300	-0.192300	8.248900	2.827400	1.529900	0.000000
169	4.093800	2.695000	-0.893600	0.000000	0.752600	8.892500	7.281400	2.085200	3.236900	2.185200	-0.247400	3.964600	2.450800	1.645000	4.026200	2.334500	12.925100	11.936200	8.799300	7.741200
170	2.489600	1.278800	-0.032800	1.296300	1.502500	4.511800	0.311000	0.000000	1.532600	0.844900	-0.662900	-0.313300	1.227500	0.759000	2.449000	0.233900	2.688100	3.439300	1.349200	1.091900
171	3.436300	1.486300	-0.848800	-0.187100	-0.578100	2.527300	12.612700	0.000000	2.074300	1.171200	0.532200	7.585600	3.483400	2.587100	1.885400	1.059100	13.616200	11.706000	7.330500	6.172200
172	0.591000	0.000000	-0.181200	1.058400	0.929800	3.068100	0.698600	1.891900	0.342400	-0.044700	-0.767700	-0.033300	2.004300	0.910300	3.455600	-0.977800	-0.039800	0.211600	0.572600	0.802900
173	1.841900	1.422000	0.932000	2.563800	2.734100	3.299000	0.000000	3.137900	2.195800	1.199000	0.561100	0.104100	2.260600	0.593800	2.629300	0.270000	1.776500	1.100000	0.620100	0.906700
174	4.858600	3.575600	0.789500	0.811900	0.000000	4.972900	13.098000	3.310500	4.627100	2.926100	3.335800	5.916700	6.301800	4.799500	5.897500	4.460300	28.566700	17.503300	9.388000	5.559000
175	0.000000	1.301300	23.420400	14.290900	21.772400	5.872900	41.910400	11.122700	3.252000	9.059600	21.487400	30.206400	27.796400	25.632400	17.945500	16.676600	74.129400	53.729400	52.832400	86.839400
176	0.114700	0.664000	0.090600	2.668600	2.816900	4.347500	0.000000	0.716600	0.929600	0.488600	-0.296000	0.321100	1.744500	1.043900	2.378300	1.445800	2.136300	1.619100	0.506400	0.762800
177	1.550300	0.300700	-2.112800	1.513300	1.907100	0.319800	7.835600	2.055000	1.937300	0.328800	-1.778000	4.841700	1.485900	0.000000	1.834500	1.249400	10.901900	1.227500	0.649600	1.114700
178	2.365300	0.573300	-1.219000	1.208800	1.323300	2.072800	1.389400	1.144200	0.860800	0.393100	-1.855900	-0.020000	1.530100	1.173500	2.619800	0.833100	13.325800	0.855100	-0.075600	0.000000
179	6.421200	4.439900	0.362600	1.691500	0.787800	8.138100	2.363800	3.527700	5.264100	3.582200	0.212800	3.218800	4.674800	3.669200	5.723100	4.062500	1.076600	0.000000	-0.667400	2.828500
180	3.429400	1.780000	-0.173200	0.000000	1.911300	4.788600	-0.813100	-0.127000	1.361100	1.379900	0.555100	0.206500	1.951200	0.679900	2.891500	0.979500	1.029500	0.297800	-0.293100	0.453900
181	4.554600	3.896500	0.000000	4.099700	3.109400	5.153400	4.318900	3.121200	2.868200	2.653300	-0.298300	1.215800	5.693500	2.423600	6.375700	1.823200	3.242400	1.390300	-1.641900	1.916900
182	0.000000	5.378700	27.016500	19.189500	27.019500	12.314200	30.434500	13.035000	7.415300	7.768500	26.922500	25.735500	32.620500	24.822500	26.569500	15.761800	63.053500	61.332500	48.804500	58.019500
183	-2.890900	0.182600	-0.333600	0.608100	0.474600	2.983500	-1.583300	0.000000	-0.860900	-0.585100	-0.609400	-1.293400	0.205400	-1.174800	0.726200	-1.118400	-0.250700	-0.446800	-0.467000	-0.659900
184	-0.056300	0.213200	0.047100	0.970200	1.242100	2.479900	-0.571900	1.297000	0.000000	0.687700	0.475100	-0.319300	1.261700	0.152200	1.678400	0.269300	0.713800	-0.066900	-0.336300	-0.062300
185	0.859700	0.000000	-0.178300	1.084600	1.389600	-1.282400	-1.338700	-0.481800	-0.584100	0.815100	-0.341100	0.281500	0.173200	0.561000	2.028800	0.884700	1.657300	1.145900	1.179800	2.470100
186	-3.393000	-4.543600	-1.104900	-4.359600	-2.718100	0.311100	14.978000	-2.044700	-4.371400	-4.990600	1.830100	3.580400	4.207300	0.948700	0.000000	-5.470900	39.620200	27.089200	19.430200	20.506200
187	-2.088600	0.247100	-0.067800	1.940300	1.639000	3.132400	-2.253100	1.688200	0.380300	0.166600	-0.638100	-1.091700	1.527900	-0.487200	2.521300	0.000000	-0.392800	-0.332100	-0.844400	-1.322100
188	2.835800	1.721800	0.705100	3.051600	5.010700	3.079400	0.000000	1.773800	2.754200	1.659000	0.524000	1.004700	3.330900	1.310200	3.640100	1.164500	2.754300	0.739600	0.504400	0.584400
189	5.294200	3.511200	0.198900	0.000000	-0.042700	8.428000	6.473800	2.514900	4.635200	2.452200	0.419500	4.891000	6.986600	4.106700	6.688300	3.003700	7.802700	7.342700	3.005200	3.016800
190	2.890900	1.408100	6.333300	3.499800	7.612100	6.568400	12.191700	0.857500	0.000000	1.641900	4.696800	9.550800	10.525300	9.994300	4.985300	4.318300	27.053400	17.870700	15.251000	22.143400
191	5.735000	4.312000	0.000000	2.503000	1.710000	5.204300	3.904200	4.086400	4.470900	3.637000	0.425500	3.123300	4.340200	2.444800	4.901300	3.980900	1.813900	2.986800	0.501900	2.799400
192	2.966800	2.025800	-0.587500	0.923400	0.539200	4.350700	1.098100	0.000000	1.428600	1.828200	-0.020000	1.465000	2.871800	1.063700	4.639100	2.810100	4.227400	7.598800	2.237200	2.554000
193	1.110100	2.160900	0.845600	6.017400	6.343700	5.658400	1.840200	3.562400	2.369300	1.982500	0.956800	1.083600	2.887600	1.814000	2.760800	0.000000	0.270600	0.788600	0.361300	0.907800
194	2.464100	1.006500	-1.322600	0.043400	-1.326100	6.327100	4.943100	0.653100	-0.130600	0.302900	-1.614500	2.231400	2.783000	2.607700	2.139700	0.000000	19.565200	11.828400	7.609900	13.244500
195	5.369600	4.327900	1.752400	4.138200	3.926500	11.150600	2.878000	4.288600	4.957400	3.656800	1.811400	2.381000	3.585500	3.335900	4.945100	4.063300	2.688700	0.000000	0.814500	2.534800
196	5.026200	3.800600	0.092600	1.192400	0.000000	4.172400	3.766600	3.145300	4.571300	3.100800	0.565800	3.032300	4.192200	3.238600	3.200600	2.843600	5.488500	3.072200	-0.423400	2.860500
197	3.645400	2.275600	0.389500	0.886400	4.443400	5.361300	1.630900	1.113400	3.371100	1.955700	0.948400	1.515100	0.798700	1.428600	0.000000	1.901800	2.631100	2.401400	3.931900	2.287200
198	0.000000	4.324800	8.978700	16.718400	16.541400	10.540100	14.224100	17.445500	7.305000	8.464000	7.572800	11.721000	12.288800	10.784900	12.101900	11.239700	25.646500	18.414900	17.119200	23.214500
199	2.285800	1.572500	0.659900	0.000000	0.615000	3.454700	0.239800	0.390800	1.660700	1.151800	0.737200	-0.180100	0.923600	0.695400	2.035500	1.441200	0.938400	0.968300	1.092100	1.837200
200	2.085500	0.965700	-0.129800	-0.303300	0.452500	5.011200	4.911400	-0.684300	0.000000	0.608700	-0.587200	-0.405600	1.027300	0.070700	2.589900	1.382700	24.361100	10.661100	6.982300	8.021600
201	0.522400	0.141700	-0.566600	0.561200	-0.284400	-1.465000	-0.555100	0.566300	-0.114900	0.126000	-0.804200	-1.006400	-0.663800	-0.244000	0.000000	0.194900	-0.531000	-0.265200	-0.412000	0.147500
202	2.508500	1.405100	1.469900	1.228500	5.063200	4.506400	1.637000	1.056700	1.798600	1.728500	0.935000	0.835300	3.333000	1.923800	3.979200	1.914500	0.391900	0.000000	-0.078000	1.667000
203	0.339900	0.249200	7.247000	4.480400	5.647800	2.884900	12.353900	2.927200	0.000000	1.601200	6.790600	8.682300	8.414400	6.407700	6.909800	4.847200	37.460800	36.739800	26.060800	25.488800
204	2.042500	0.000000	9.060900	2.142500	8.563500	-1.158200	3.296700	3.778700	1.902800	1.688100	7.086400	3.150200	2.503400	1.584800	3.119300	3.100100	19.024700	14.022900	11.444500	43.026500
205	-0.175000	-0.497700	-0.827100	-0.891400	-1.065600	-0.476700	-0.978700	0.000000	-0.204000	-0.551600	-1.339600	-0.972600	-0.434200	-0.720100	-0.797000	-0.857700	-0.128900	-0.652200	-0.193300	-0.394700
206	4.220900	5.599400	7.576600	8.211100	8.852700	8.932400	5.083700	6.491800	5.113800	0.000000	5.966300	5.350500	6.289700	5.777400	7.710000	6.406500	8.666300	7.888800	8.929200	7.783100
207	0.660200	0.898700	1.055900	0.720200	0.229300	6.833300	-0.007800	0.918000	0.138800	0.621900	-0.029300	0.271800	1.571800	0.455000	0.000000	0.062000	1.266400	1.234600	0.888900	0.578900
208	0.000000	3.166200	3.345400	4.316800	4.240900	5.217100	3.132600	4.316700	3.399900	2.834800	3.007000	2.887100	3.792900	3.409100	4.574700	3.193000	3.112000	2.302900	3.172300	3.099700
209	2.889800	2.264600	1.664000	1.923200	6.878000	4.472200	1.644200	2.491800	3.582200	2.428900	1.674000	1.063600	3.910500	4.146500	3.861800	3.283000	3.160000	0.000000	1.040300	3.754500
210	0.573800	-0.499000	-1.880100	-0.243600	-0.513900	5.403200	2.369900	-0.957700	-0.227300	-0.433400	-1.780800	-0.031100	1.428400	-1.666800	-0.495600	-0.411800	5.106500	3.042700	0.174000	0.000000
211	3.261200	2.028500	0.330600	1.265000	3.088800	0.554500	1.745400	2.044000	2.576400	2.199300	0.583400	1.194000	2.431500	1.822000	2.438200	2.109900	2.127300	0.000000	0.690700	1.580200
212	4.899700	3.952500	2.522600	6.566400	7.163500	2.680600	4.789400	5.867100	4.126300	4.175300	1.820600	3.928600	4.041000	3.820500	4.395600	4.778200	0.000000	1.566000	1.011600	3.766500
213	0.000000	0.606700	0.743900	2.580800	5.378600	6.822100	11.715800	0.279500	1.967000	0.349300	2.327400	7.222100	6.788800	6.562200	4.889700	1.500100	19.738800	14.645500	16.507900	20.005800
214	6.089000	4.394600	0.336400	1.161700	0.000000	4.779600	2.877600	3.568200	5.371900	3.868500	0.422700	2.784300	4.754600	3.485300	5.843200	4.420800	6.968300	11.353900	1.611000	7.297000
215	3.277600	1.368200	-0.370900	1.846000	2.682600	9.449900	1.353100	2.643300	2.476600	1.424500	-0.226600	0.609100	1.780800	0.220300	2.289400	2.038800	0.699600	0.000000	-0.618100	2.002700
216	5.962200	4.673600	0.000000	2.866000	1.748100	4.691900	5.917800	5.032500	5.567800	3.935400	-0.218300	3.746700	6.009800	3.987400	6.257600	3.355200	4.238000	0.002900	-1.323700	2.397700
217	-1.683800	-2.512000	0.467900	0.529200	1.270100	0.568200	-1.077800	-1.275800	-1.988600	-1.644400	-1.830900	-0.710100	0.494600	-1.485600	0.000000	-1.043700	0.607800	1.881700	-0.612000	1.042000
218	0.000000	4.563400	14.178400	12.419200	11.985300	7.712000	20.405800	9.063400	5.547100	7.957000	13.634700	15.786200	22.935800	19.194900	22.243800	13.799900	51.675800	32.865800	31.793800	21.556800
219	-1.082200	-1.616600	-1.270200	0.794300	0.325200	5.820100	-1.678800	1.177200	-1.417000	-1.026200	-1.365400	-1.750000	-0.581200	-1.248100	0.000000	-1.335700	-0.887900	-0.828900	-0.848400	-1.418700
220	-0.241000	0.000000	-0.370700	1.654400	0.694600	4.363800	-2.499300	0.642300	-0.354400	-0.632600	-0.765200	-0.611000	-0.157400	0.121800	0.165800	0.331600	-0.375300	-1.081100	-0.720200	-0.682500
221	-2.878400	-4.066400	-5.141200	-3.434100	-3.515600	0.874000	3.865600	-4.763800	-3.390800	-4.553300	-5.060900	0.585300	1.627300	-1.827100	0.000000	-6.422100	11.906700	9.618200	4.735300	6.224800
222	4.409000	2.533200	0.000000	2.744000	1.724300	4.711000	1.487300	3.010400	2.137500	1.757300	-0.070300	0.827400	2.741100	1.884000	2.952800	1.233100	1.221000	0.668000	0.211900	2.184100
223	5.443700	3.209000	-0.775200	0.000000	0.334900	5.577800	5.858700	2.462000	4.844600	2.489300	0.702300	3.915500	5.826900	3.502500	6.083400	3.605800	16.459200	8.951900	11.154000	8.135800
224	3.501500	1.897400	-0.248200	0.822400	1.398400	8.998400	6.309700	0.000000	1.930800	1.271000	0.242100	3.151300	5.636100	3.363200	2.129700	0.226000	16.460700	10.770600	6.387100	6.810100
225	6.650700	4.774200	0.294600	3.441600	1.911100	7.561900	4.448800	3.914700	4.706800	3.836500	0.000000	3.616700	5.276900	3.421100	5.998300	4.337200	4.087300	4.255400	2.833400	3.250600
226	2.939300	1.689600	0.382900	1.064500	0.875500	3.273300	0.313900	2.514300	1.809800	1.418000	0.560100	0.000000	3.438500	1.140200	4.251900	2.764400	2.482600	1.335000	0.996500	2.396300
227	0.000000	4.632400	3.535000	6.123800	6.675300	10.540600	4.031700	8.856100	4.306200	4.467700	3.526100	3.516400	5.735800	4.865700	5.873200	3.625500	4.531800	4.301000	3.775800	4.575300
228	3.224400	1.895200	-1.344300	0.888700	-0.147400	6.145200	1.636000	2.356100	2.160700	1.513600	-1.735900	2.686800	1.743800	0.995200	2.659000	0.000000	16.993500	12.710400	8.936400	13.306800
229	5.679400	4.211600	2.080500	5.733700	6.668800	10.422100	2.876300	5.438300	5.193200	3.879000	1.852400	2.309200	4.411500	3.741600	4.570400	3.798300	0.312500	0.000000	-0.486200	3.242900
230	5.449700	3.904400	-0.248600	0.974300	0.000000	3.479600	6.935100	3.356200	5.171700	3.153500	0.658400	4.827500	4.557100	3.888000	4.633200	2.553300	13.270500	9.563000	4.704400	7.080000
231	5.674700	4.262700	0.422200	4.356100	3.708200	10.177400	0.759900	4.271700	4.871000	2.378500	0.645300	1.403300	3.315100	3.004900	5.305400	2.673500	3.946500	0.000000	-0.466300	1.824100
232	-0.575800	0.247900	0.656100	5.971500	5.129000	16.603600	-0.604500	4.489600	0.579800	-0.028600	-1.209300	-0.972500	2.420100	1.401700	3.011000	-0.239300	24.456200	-2.079300	11.460500	0.000000
233	2.031800	1.241400	-1.358600	0.597200	2.061900	1.552300	5.747400	0.000000	1.078300	0.757100	-1.789000	1.628500	3.560400	0.763000	3.646000	0.789300	10.602300	7.348600	0.995300	3.102900
234	0.466100	-0.231600	1.003000	0.960000	2.448000	6.412500	1.229500	1.450000	0.000000	1.173000	3.664500	3.249800	4.362300	4.850000	4.371100	3.362800	7.079400	4.232400	3.904500	26.797200
235	0.000000	6.364800	20.589900	19.286900	21.650900	18.093800	20.084900	17.933600	7.624000	12.602100	17.415700	19.786900	21.782900	24.261900	14.042600	13.296300	32.797900	17.992900	17.053600	25.475900
236	3.037400	2.235500	-0.090600	3.491600	3.095100	2.987700	0.000000	5.006900	2.505600	2.217600	-0.618500	0.686400	3.690900	2.652600	5.522000	2.988500	3.379900	4.206700	4.080300	3.494200
237	2.375000	0.582200	5.030900	3.053800	3.113500	10.681700	9.557900	3.633000	0.000000	1.823500	3.207600	7.579200	6.172100	3.811000	8.124600	6.339200	22.761400	19.710400	16.192000	42.850400
238	4.378600	5.794400	6.245600	5.292500	7.773300	0.000000	9.989800	7.080300	7.288100	5.769400	5.014000	7.212100	8.132900	7.612000	8.462200	6.926100	19.985000	13.666600	10.253700	20.736600
239	2.155900	1.166100	-0.795300	2.816600	2.509500	7.311900	0.417800	1.811100	1.133400	0.869900	-0.212800	0.000000	2.479500	1.233900	4.030700	0.208900	1.502400	1.033900	0.586100	-0.111600
240	5.030700	3.043000	2.974000	0.000000	-0.665800	5.135900	15.422500	2.838500	4.593000	2.493900	1.254600	3.450900	6.065200	3.721000	6.285700	4.041800	13.939900	11.437700	8.147400	17.524400
241	-1.643900	0.477600	0.692900	1.818800	1.753800	2.289000	1.291200	0.258400	-0.631900	0.892300	1.016800	0.992200	1.857900	0.000000	5.055100	1.766600	9.199300	5.844000	5.200300	23.564000
242	-6.700100	-4.061000	-3.593700	0.050800	0.831400	2.980600	-4.741500	-2.399400	-3.874900	-4.456500	-4.156600	-4.375000	-2.260600	-3.693300	0.000000	-3.121800	-1.210700	-3.664100	-3.411900	-2.922200
243	0.692000	0.663600	0.242300	2.444600	2.150700	3.540900	-0.019400	1.989100	0.686800	0.519300	0.341900	0.153800	1.333700	1.150200	1.227200	0.000000	0.520300	0.580700	0.478100	-0.318700
244	3.464200	2.000000	1.866100	-0.284100	2.298800	9.179000	10.398700	0.000000	2.537600	1.466400	3.946500	5.221100	6.081800	4.577000	6.282200	3.239200	27.816000	18.190500	12.888200	6.359000
245	4.475300	3.568300	0.000000	1.407400	0.604700	5.464300	1.175400	2.379500	4.035200	2.533100	0.156500	2.243100	3.912300	2.232000	3.858600	3.124700	0.397800	1.946800	1.401100	2.218900
246	6.602100	4.618600	0.000000	1.610600	1.999400	8.098100	8.150700	3.829600	6.314100	3.701900	0.717500	5.064200	5.376400	4.070300	6.356900	3.915300	15.417900	8.309200	6.283000	6.734200
247	4.279300	2.762200	-1.028400	0.900000	2.848700	5.058800	3.751900	2.752300	3.803100	2.045500	-1.285100	1.576300	1.464200	1.813300	3.284800	2.549900	9.651800	0.081500	-2.262900	0.000000
248	1.655400	0.184600	-3.486400	-1.246700	-1.182600	4.154100	9.353600	0.265000	1.933700	0.000000	-1.403000	3.770700	1.528200	2.637600	1.280500	0.503000	14.531400	8.883700	2.961100	3.562300
249	4.714800	3.172000	0.802200	0.000000	2.165700	5.444900	14.275100	2.770600	4.772900	2.898700	3.327500	8.997100	7.592600	8.357900	5.262600	4.116700	20.233300	16.433500	12.397900	19.530200
250	2.489000	2.513300	3.765900	3.932100	5.438700	7.260300	5.443700	5.304400	3.797600	2.361600	3.348900	3.940200	3.000700	3.072100	3.491000	0.000000	11.194500	11.232300	10.697700	12.088300
251	3.090700	1.656400	1.303400	1.204600	2.018100	8.542300	6.083900	2.699700	1.599500	0.863700	-0.794900	4.046200	3.811000	2.950400	2.815500	0.000000	26.155300	28.813300	18.712800	20.381500
252	6.068900	4.333100	0.240500	2.807500	3.848800	12.126500	2.905300	3.840600	5.344000	3.382800	0.789300	2.084800	4.488700	4.070300	4.753200	3.913000	2.677400	0.000000	-0.610200	2.058400
253	6.195300	4.495700	0.932000	3.167500	2.442000	4.220400	4.499600	6.363400	5.605000	3.786300	1.191800	3.322900	5.041500	3.731600	5.299900	4.638400	1.847000	0.528500	0.000000	2.690200
254	3.890500	2.265800	-0.036000	1.243600	1.099100	6.984000	0.747600	1.644700	2.730800	2.041700	0.445000	0.501800	-0.637200	0.618600	3.896100	2.319300	1.725000	0.000000	-0.331300	1.273500
255	1.499700	2.207700	0.529900	2.717900	2.764500	16.674800	0.896200	2.613400	1.147100	0.886800	0.599100	1.228700	-0.728100	0.337400	0.000000	0.327600	1.759100	4.801400	-0.726100	2.956700
256	4.107000	3.079900	0.061000	0.809100	0.000000	6.058500	9.563200	2.869300	3.573100	2.489100	0.908100	2.983500	4.581300	2.816700	3.659200	2.275200	13.808700	15.212700	6.660600	2.284200
257	-0.029100	-0.289500	-1.086300	0.268500	-0.534600	2.821600	-1.492300	-0.583200	0.000000	0.142600	-0.922700	-1.156300	0.124600	-1.274100	-0.293800	-1.293700	-0.470800	-0.309800	-0.815800	-0.615400
258	0.000000	6.551900	8.596900	13.812300	14.873400	17.637800	8.470000	12.853800	8.139700	7.256400	8.137100	8.436200	9.053800	8.435000	9.753500	9.292300	10.183000	10.002500	9.342200	10.191900
259	1.755600	0.796900	2.052500	0.399900	0.733800	1.193300	1.054200	1.571100	1.813300	0.837300	-0.203500	-0.247800	2.900500	1.787400	4.263100	2.380800	0.080300	-0.603000	0.411900	0.000000
260	0.884200	0.000000	2.123900	1.216800	2.509500	3.169900	17.967400	2.232800	0.262400	0.395100	5.338400	9.960900	6.940700	7.555000	3.612700	1.772500	39.630800	21.962800	19.041400	28.600800
261	6.177300	4.348700	0.956000	3.789200	3.148900	4.362100	5.266100	4.366700	5.761800	4.398000	1.177500	4.071000	4.799600	3.968400	5.819600	4.127600	0.282600	0.510800	0.000000	2.495100
262	2.662100	1.481000	0.129800	-0.064100	-0.043500	5.456500	2.093800	1.579700	1.789300	1.160000	0.363700	1.001000	0.000000	1.366900	-0.027100	0.322500	1.743100	0.924300	1.060500	1.370900
263	5.908600	4.624400	0.305600	1.430000	0.000000	4.739700	7.684200	2.896600	5.326500	3.533100	-0.171700	4.912900	5.068700	4.070500	5.326700	4.298300	8.312800	5.731800	3.236100	3.435600
264	0.000000	0.756200	0.203000	2.130900	2.410900	4.168200	0.860200	1.908300	0.656400	0.548100	0.364200	0.557500	0.925700	0.431200	-0.278700	-0.048000	0.672000	0.742300	0.276100	1.856700
265	0.384200	0.075700	0.198300	0.340900	0.352200	-1.190400	-0.396100	0.329500	0.216800	0.470700	0.315400	-0.383300	0.000000	-0.086700	0.527000	0.048800	0.321400	0.149200	0.062500	0.041000
266	0.000000	4.804200	6.410900	10.932300	13.206100	8.261400	5.926300	10.843300	5.650700	6.249500	6.141500	6.262700	7.268100	6.254500	7.557900	6.277300	7.158800	6.987700	7.030400	7.420100
267	0.000000	1.873500	13.574600	9.435200	14.125200	12.650200	28.186600	10.893900	4.414800	5.093500	13.472200	20.278600	17.335500	13.676900	14.729900	11.975400	47.632600	35.534600	31.410600	35.800600
268	3.107500	1.637100	-0.517300	1.149300	1.586400	4.596800	-1.091600	1.293300	1.515100	1.393000	-0.434300	0.007100	2.262300	0.793000	2.601200	1.048100	0.185600	0.000000	-0.395000	1.346000
269	5.918400	3.622900	-0.769900	0.000000	-0.452000	6.601800	8.792900	2.648900	4.719800	2.788500	0.819200	5.800400	3.823500	3.212600	5.327800	3.416700	19.090600	10.301300	6.455800	6.525800
270	5.224700	4.051700	0.000000	1.208000	1.139400	6.466600	7.297500	3.254300	4.948300	3.192200	-0.039900	4.065400	5.062900	2.315100	4.530300	3.638700	7.385500	12.211800	5.315200	5.905500
271	1.644300	0.000000	0.123500	-1.432900	-0.935400	0.971400	11.430500	-0.643400	1.222800	-0.880700	1.063100	6.755400	2.523800	3.415800	1.686700	1.859600	18.018400	17.520700	11.801500	14.847500
272	6.026700	4.556100	2.622000	4.077500	4.159300	6.253500	24.060000	6.469100	6.155800	4.622200	4.348800	11.309400	0.000000	4.316700	6.365200	6.275100	34.918000	27.815000	20.167000	22.343000
273	0.000000	3.690700	13.495900	10.619400	12.782500	10.584400	24.692600	10.459600	7.115700	7.932400	13.827700	20.522600	19.655600	19.238600	15.263000	11.889500	48.958600	43.784600	39.291600	38.657600
274	2.970600	2.088600	0.759900	4.597000	2.423300	7.882900	11.450200	3.215100	2.293100	1.714700	0.367700	6.473300	2.426300	2.453600	2.091800	0.000000	33.914800	20.564800	17.221000	20.619800
275	3.973800	2.240000	-0.107500	0.000000	0.606300	5.876300	1.027400	1.040100	2.449500	1.088100	0.328500	0.832000	1.568400	0.935000	2.809700	2.566300	0.556100	-0.686000	-0.283900	1.558400
276	7.417000	5.701800	2.637200	5.115000	4.772300	6.498000	6.751000	6.208800	6.593700	4.677300	1.616700	5.325500	5.763300	4.466200	5.889000	5.150200	0.868600	0.881400	0.000000	3.488400
277	1.693900	0.427200	-1.247400	-1.288100	-1.935400	4.169500	-1.292900	0.140100	0.484300	0.178900	-1.071000	-1.046600	-0.176000	0.000000	-0.795600	-0.715600	-0.288100	-1.614400	-1.326600	-1.301000
278	0.012700	0.786400	-0.187000	1.809800	1.683800	4.793400	-0.240800	2.827400	1.096200	0.336400	0.679200	-1.035700	0.380100	-0.064000	0.666400	0.000000	0.796000	-0.218600	-0.397500	0.282400
279	4.944900	3.301800	1.814500	0.000000	-0.332900	6.671900	13.941400	1.842500	4.501800	2.330000	4.309800	10.633600	7.947300	7.514700	5.494900	4.173600	30.289900	25.222900	19.465100	36.462900
280	-0.198600	-0.239600	-0.585200	-0.118800	-0.566700	0.538900	-1.156900	0.077000	-0.079900	0.291300	-0.007300	-1.052200	-0.666200	-0.631100	0.000000	-0.298900	-0.154300	-0.590300	-0.659800	-0.142800
281	1.453100	0.569500	-0.146100	-0.250600	-0.496000	3.332500	-0.249900	0.000000	-0.051800	0.481800	0.178200	-0.039300	0.913300	-0.099300	0.800400	-0.123900	0.632900	0.209200	0.102200	-0.433300
282	3.740600	2.214100	3.334700	0.000000	2.225900	1.769700	16.278900	1.390800	2.882700	0.957300	3.839300	12.272800	5.997600	9.257900	3.114200	2.962800	33.162400	30.483400	21.712400	18.605600
283	5.347200	3.055600	0.000000	2.130600	0.976700	4.631900	1.891200	3.189400	3.754400	2.236400	0.587300	1.858400	3.327200	2.715900	3.978800	2.532200	3.885100	3.363500	3.306000	4.593400
284	-0.037300	-0.554100	-1.273200	0.248000	0.895100	2.118400	-2.246000	1.612700	-0.226600	-0.174300	-1.002000	-1.090700	0.000000	-0.446100	-0.021900	-0.335400	-0.484900	-0.729900	-0.963000	-0.398600
285	0.947300	-0.153800	-0.976800	-0.361400	-0.977800	0.625900	-0.202900	0.000000	0.231300	0.284700	-1.139200	-0.557700	0.086800	-0.650700	0.552400	0.206100	-0.222600	-0.330100	-0.835600	0.640700
286	4.879700	2.884300	1.446500	3.457700	2.232200	3.700600	3.253600	4.564400	3.976200	2.645600	0.641300	2.748900	4.271000	3.524700	4.282700	3.363600	2.592400	0.000000	0.317500	3.004500
287	0.333300	0.255500	-0.426600	0.805300	-0.060200	4.743000	-0.370400	0.571600	0.171200	0.347900	-0.025200	-0.514800	0.000000	0.034700	0.158600	0.032300	0.149500	0.081100	0.058400	0.284100
288	0.000000	6.226200	23.628800	20.006800	23.973800	14.202000	26.069800	20.694800	10.394100	12.259800	19.901800	24.632800	22.483800	21.514800	22.962800	23.726800	65.713800	49.089800	42.161800	45.964800
289	0.582300	0.000000	-0.860100	0.410400	0.014900	2.680100	-0.808300	0.513000	0.124100	-0.017000	-1.476100	-1.020000	0.441000	-0.298600	-0.068600	-0.075200	0.030400	-0.507900	-0.583500	-0.479600
290	1.783000	0.000000	0.667300	1.256300	1.082400	6.880600	9.706800	0.586400	0.111300	-0.369100	-0.627100	5.559000	2.978200	3.000400	5.019300	4.001900	25.423400	20.406400	16.954200	11.466900
291	5.938500	4.394200	1.102700	3.379100	3.372800	9.857600	2.803500	4.224800	5.479100	3.826000	1.084800	2.932500	5.329800	3.744700	4.890400	3.120400	5.606700	0.891000	0.000000	2.694000
292	1.857800	0.961000	1.717700	0.578600	0.901600	3.731200	11.927000	0.000000	0.822700	-0.122700	0.962900	4.033500	3.940800	2.607200	2.452500	1.669500	13.019900	8.425100	7.419800	5.152900
293	2.386700	1.923500	3.905500	0.000000	2.694100	2.384100	11.286200	2.976200	3.111800	1.698000	5.128000	9.558800	8.053600	5.804400	6.402300	4.309300	28.591300	21.937300	13.759600	19.013700
294	2.948900	2.504300	2.282200	2.717100	2.298300	0.000000	2.233400	3.028900	3.016800	3.153600	2.323900	2.076200	2.935700	2.611800	3.070800	3.055300	3.071800	2.832800	2.789300	3.210800
295	0.947500	0.590800	1.017800	1.329500	1.024500	3.244400	-0.319900	1.488500	0.000000	0.641900	0.021700	0.158900	1.006300	0.619400	0.634300	0.546600	0.531100	0.773300	0.749800	1.009000
296	0.148900	-0.259100	-0.642100	-0.046100	-0.536100	-1.925200	-0.544300	0.000000	0.063300	0.108600	-0.944800	-0.696100	-0.519400	-0.365200	0.113600	0.041200	-1.383600	-0.733600	-0.900300	-0.043900
297	0.366100	-0.106600	0.081900	0.353200	0.240900	-0.384300	-0.017000	0.000000	-0.161700	0.425900	-0.102400	-0.116500	-0.054600	0.091000	0.270200	0.304500	0.285000	0.208500	0.180800	0.594900
298	1.209400	0.000000	-1.274500	-0.082600	-0.198000	0.337800	-0.220600	0.265100	0.272900	0.441400	-1.421300	-0.763700	0.444000	-0.207000	1.342300	-0.040300	-1.381600	-1.787200	-1.089000	-0.070000
299	0.000000	0.433500	6.381000	6.121800	7.424000	7.999700	4.693500	6.816500	2.463700	2.915200	4.365200	5.300000	8.494300	6.760100	11.698300	6.806600	11.884600	10.395700	9.651700	44.647500
300	-0.427100	-0.192200	-0.578100	0.435500	0.050000	2.912000	-0.553400	-0.456200	-0.211100	-0.094900	0.114300	-0.121000	0.000000	-0.460800	0.032400	-0.432900	0.280300	0.108400	0.049100	0.394400
301	1.879700	0.747800	0.068200	0.000000	-0.127300	2.505500	0.270800	0.688900	1.207000	0.588600	-0.052700	0.130600	0.254300	0.412600	1.405000	0.913200	0.224700	0.522700	0.421000	0.888700
302	3.740600	2.587300	5.563000	7.350400	6.846600	2.474800	18.507800	6.478800	5.295600	0.000000	2.675500	10.790500	8.050400	9.115800	8.574200	7.816100	24.796700	24.416700	15.530700	22.302700
303	0.257400	-0.196700	-0.639500	0.595500	0.184400	2.994300	-0.662400	0.363700	0.000000	-0.009300	-0.374900	-0.464600	0.289000	-0.490000	0.804300	0.290100	0.429400	-0.116800	0.234400	0.888400
304	0.042600	-0.490700	-0.658000	-0.136400	-0.840000	-1.382500	-1.126900	0.000000	-0.425400	-0.147700	-1.171100	-0.948100	-0.742800	-0.785100	-0.195000	-0.362700	-0.938400	-0.744400	-0.697800	-0.663600
305	1.652500	0.911700	0.854400	-0.855200	2.066900	1.216400	1.929700	0.594700	1.593300	0.633000	0.431200	0.854500	2.370200	1.174800	2.541700	1.722800	0.235300	0.000000	-0.820300	0.731000
306	4.619500	3.722900	0.000000	2.937000	1.743400	5.610800	6.140600	3.649800	4.785200	3.143300	0.085600	3.990700	5.218700	2.720600	5.478300	4.194600	6.506700	3.065300	2.314700	1.576100
307	0.000000	2.837500	3.108500	5.339400	5.399200	8.457000	2.813900	3.729200	2.743700	4.215600	2.892100	3.078200	2.971100	2.635400	2.976000	2.610100	4.420100	2.813400	2.822000	2.778300
308	4.355100	4.445600	4.003900	5.741300	6.175800	10.421000	0.000000	4.974400	4.266000	4.111500	3.425500	3.940200	5.135600	4.327200	5.169700	4.200300	5.248900	4.187000	3.630200	3.993600
309	0.307800	-0.146500	-0.547600	0.281100	-0.116600	-1.202500	-0.553200	0.102500	-0.354700	0.188300	-0.852900	-0.317200	-0.819900	-0.400000	0.000000	-0.159800	-0.209000	-0.668700	-0.776200	0.040300
310	4.131300	3.261100	7.673600	5.911100	10.605700	9.782800	16.188900	5.402200	5.910400	0.000000	8.070300	15.728800	11.635000	10.548200	10.833800	8.738400	29.313600	19.504700	20.045600	47.053600
311	1.987500	1.297900	0.336000	0.000000	-0.372400	1.937900	1.079900	0.843400	1.915100	0.891200	-0.218600	0.529000	1.056400	0.572900	2.088400	1.333300	0.251700	0.555100	0.115700	1.947300
312	0.475500	-0.027100	-0.510300	0.257000	0.000000	-2.074800	-1.056200	1.078400	0.164600	0.316300	-0.475800	-0.636200	-0.069500	0.015700	0.929500	0.964000	2.395000	2.288400	1.643100	3.403700
313	3.634000	2.903200	2.550100	3.117300	4.111500	1.851000	5.142200	3.730000	3.235400	2.571400	0.949000	4.927600	2.673600	2.287800	3.812600	0.000000	4.802100	3.649300	3.907200	48.830700
314	0.000000	0.897200	-0.451900	4.826200	5.486600	12.708800	0.723500	4.279200	1.639600	0.894400	0.205300	0.174500	1.355700	1.013100	1.906600	1.446000	1.155700	0.422500	0.512400	1.445400
315	2.490200	2.064700	0.843700	1.516800	1.241600	3.545000	1.418700	1.827500	2.662300	1.840100	0.381700	1.569300	2.330600	1.859700	2.295000	1.901000	1.193300	0.762700	0.000000	1.580400
316	0.000000	-1.301700	-2.542900	-1.834800	-1.938800	1.343400	-2.532100	-1.515800	-1.334200	-1.736900	-2.619100	-2.574600	-1.681700	-1.921600	-2.334200	-1.717100	-3.014400	-2.596800	-2.819200	-1.789600
317	-0.494600	0.070200	0.051400	0.715600	1.566100	2.217700	-0.400600	0.380300	0.310200	0.000000	0.153900	-0.398700	-0.653200	-0.579500	-0.318900	-0.660400	0.128400	-0.068900	-0.211100	-0.213200
318	0.871700	-0.167600	9.376900	1.441400	5.926600	3.773300	11.297000	1.790900	0.000000	3.170600	9.889600	12.839700	9.785500	10.072400	5.278400	8.413500	55.775100	39.147100	31.100100	46.686100
319	0.000000	0.651000	1.152400	8.374000	5.255000	12.245300	1.105600	4.245500	1.148000	1.465300	1.240900	1.061600	1.988500	1.171700	1.678400	0.781400	2.123400	1.312400	1.452000	1.747700
320	-0.573400	-0.517400	-0.531200	0.085000	0.251300	-0.950300	-0.731200	0.000000	-0.446100	-0.412400	-0.694100	-0.497000	-0.915800	-0.501700	-1.216300	-0.561100	-0.543400	-0.398600	-0.406100	-0.117200
321	6.959800	4.965300	1.360000	5.647400	6.094700	7.019300	3.515200	6.822100	5.658900	4.159500	1.102100	4.409100	5.552700	4.116700	5.811300	4.855700	2.398300	-0.668100	0.000000	3.574300
322	1.946000	0.576600	0.113900	1.367800	0.668900	1.797800	-0.419900	0.421600	0.000000	0.149200	0.101900	-0.282300	0.647800	-0.035100	0.927100	-0.565100	0.842300	0.226600	0.167800	1.007900
323	1.657900	0.526900	-2.477100	-0.818500	-0.851000	2.438600	-0.502600	1.008200	1.295200	0.073900	-1.170500	-0.473700	0.000000	-0.119600	1.936400	0.064300	0.245500	-0.272100	-1.537100	1.172100
324	0.197200	0.104400	0.113100	0.799300	0.392700	0.655600	-0.498100	0.730600	-0.015800	-0.152500	0.853200	-0.341000	-0.189400	-0.252400	0.000000	0.178800	-0.215100	0.058100	0.000100	0.135100
325	0.349500	-0.488400	-0.684300	-0.753300	-0.859800	1.444000	-0.535700	-0.101100	0.000000	-0.253400	-0.801000	-1.090300	-0.074400	-0.097000	0.079200	0.052500	-0.315700	-1.076200	-0.776000	-0.175300
326	1.140900	0.751000	0.179600	-0.033000	-0.338100	1.131300	-0.456100	0.000000	1.027100	0.045100	-1.324300	-0.776100	0.702900	0.094200	0.840000	0.688800	1.116800	0.753500	0.777300	0.906500
327	-0.071600	-0.320800	-0.765500	-0.271600	-0.600300	-0.687200	-1.054900	-0.222200	0.000000	-0.142600	-0.865800	-1.159700	-0.831900	-0.319000	-0.141300	-0.089100	-0.741800	-0.374200	-0.356600	0.151700
328	4.016900	4.145000	3.716300	3.610700	3.212400	3.439300	5.080300	3.523200	3.771300	3.465000	1.053700	4.478900	4.236200	3.903400	4.508600	3.277100	3.744500	2.545200	0.000000	3.588400
329	4.712000	3.390700	0.000000	3.848900	2.961400	5.242800	8.075600	3.034100	4.520500	3.405200	0.066100	5.162600	4.409900	2.630100	4.875200	4.186000	13.660800	7.590000	2.889800	3.566700
330	0.490800	-0.174000	-0.229900	0.139500	0.039500	-1.252500	-0.403000	0.239000	0.000000	0.563300	-0.320700	-0.716800	-0.394900	0.028400	0.103800	0.292600	0.486400	0.059800	0.156300	0.739900
331	1.050300	0.385700	-0.879300	0.508200	-0.014600	3.781900	-0.518600	0.535900	0.225500	0.415000	-1.758400	-0.776900	-0.198600	-0.239900	0.000000	0.131200	-0.896200	-0.482800	-0.588000	-0.052000
332	5.269300	4.214800	1.880400	5.405600	5.464100	6.307000	3.487100	3.299000	4.054000	3.427800	1.380700	4.506200	5.195700	3.063100	5.983900	3.403400	3.569200	0.912300	0.000000	1.988400
333	0.156900	0.016000	-0.250100	0.031700	-0.036600	1.732900	-0.702200	-0.544600	0.121600	0.141500	-0.309900	-0.346600	0.000000	0.211300	0.670800	0.669200	0.391500	0.350800	0.313300	0.548500
334	0.000000	2.231200	2.207800	4.676100	4.694600	6.317600	3.285400	3.025300	3.870900	3.788100	3.822500	2.219300	2.439800	2.118900	2.414200	1.987300	2.159800	2.053400	2.063100	2.189900
335	3.528600	2.710300	1.365200	3.198500	3.205700	7.600800	0.866400	1.479800	2.596000	2.209200	1.182300	0.000000	3.060500	1.946200	4.249600	2.785300	2.168000	1.158000	0.835600	1.565500
336	0.382100	-0.084100	-0.445800	-0.271500	-0.656600	-0.759700	-0.106200	-0.083100	0.333100	-0.060700	-0.348900	0.085400	0.123000	0.052900	0.201100	0.000000	-0.329800	-0.257100	-0.334700	0.060100
337	3.049600	2.250100	-0.824000	0.490200	0.000000	2.403600	2.435500	1.834600	2.695600	1.473000	1.928700	2.041400	2.595800	2.207700	2.891100	2.594900	2.390600	2.208900	2.066600	2.753200
338	1.806900	0.000000	3.023200	0.840200	2.795000	-0.581600	10.752700	0.453600	1.628100	1.546400	5.209400	6.034600	6.258100	6.877100	8.185100	5.869400	13.600000	6.517900	6.114400	37.384100
339	0.499700	0.223600	0.185000	1.137700	0.741700	0.389100	0.492500	0.684500	0.000000	0.535800	0.012200	0.372800	0.100400	0.328800	-0.126300	0.608000	0.557700	0.367800	0.346800	0.809000
340	1.448400	0.000000	7.303300	1.640600	0.277100	2.767600	4.532300	0.888400	1.554400	0.215600	2.691400	4.470000	14.287900	4.595700	4.767500	4.306700	7.542800	14.358300	2.277100	11.827100
341	0.467900	0.698500	0.064800	1.016200	0.871600	2.493600	-0.104000	0.214300	0.000000	0.789400	-0.516900	-0.011900	-0.302400	-0.121100	-0.757300	-0.220700	0.478400	0.560700	0.366300	1.334800
342	0.598500	0.000000	-0.826500	0.244400	-0.307300	-0.565400	-0.275200	0.344400	0.488800	0.336400	-1.235200	-0.535400	-0.200300	-0.250700	-0.592400	-0.028500	-1.410400	-0.650700	-1.052100	-0.276000
343	1.541500	0.209100	2.674800	3.662500	3.748500	-2.032700	1.021800	2.817900	1.127300	1.055600	0.160600	0.561700	0.932400	0.874800	2.064100	0.260500	0.258000	0.000000	-0.172200	1.268000
344	0.026100	-0.451600	-0.959700	-0.377500	-0.739000	0.339300	-1.038700	0.000000	-0.165500	-0.202700	-0.973300	-1.216300	-0.814900	-0.496900	-0.458600	-0.778100	-1.204700	-0.799100	-0.855800	-0.386500
345	0.551100	0.923000	0.530700	0.785400	0.280900	2.678400	0.292700	0.009300	0.000000	0.977400	0.163400	0.125000	0.752600	0.723300	0.367200	0.237400	0.942900	0.443600	0.321400	0.948600
346	3.034000	2.026800	3.288900	0.000000	0.722500	9.579500	8.839200	1.285000	3.397600	2.333200	3.822800	5.697400	5.576700	4.655900	5.292000	3.854200	34.642400	28.029400	23.325400	27.234400
347	0.992500	0.000000	0.353000	0.540900	0.130300	-1.313700	-0.397500	0.676600	0.578100	0.557000	-0.697100	-0.571300	0.035500	-0.204600	0.993100	0.909600	1.834500	1.175000	1.018300	0.785400
348	0.618400	0.492500	-0.006000	0.201800	-0.046200	-0.428200	-0.212000	0.019500	0.000000	0.719700	-0.003900	-0.283500	0.134700	-0.188000	0.323200	0.514900	0.088100	0.290200	0.245900	0.663000
349	2.022000	1.210800	0.729900	2.033400	1.540700	4.580500	0.000000	2.089000	1.953800	1.946100	0.494700	0.758500	1.293700	1.187000	2.028400	1.772700	0.818900	0.279300	0.846800	1.681800
350	3.536000	1.808700	3.172600	0.000000	1.051800	5.958400	4.165100	1.295700	3.107700	2.362400	4.001100	3.968400	6.354300	5.122000	4.863300	4.101900	14.216600	25.383500	16.010200	29.666500
351	0.687000	0.400500	0.422100	0.000000	-0.168800	1.692700	0.557400	0.720900	1.208500	0.935900	-0.158700	-0.062800	-0.328100	0.352100	0.786900	1.013300	1.082400	1.465800	1.419600	1.181400
352	0.301400	0.000000	-0.329600	1.249000	0.965800	2.390700	-0.660300	0.547200	0.027500	-0.069000	-0.196200	-0.385000	0.169400	-0.162500	0.565100	0.049300	-0.078800	-0.490000	-0.511700	-0.347700
353	1.056800	0.951200	0.593800	1.970200	1.523700	5.540700	0.390800	0.319800	0.289400	1.170600	0.815500	0.334100	0.984200	1.095700	1.055800	0.000000	1.491000	0.763800	0.696900	0.073100
354	2.047000	0.000000	11.750000	3.834500	5.557000	7.348800	9.343200	3.016100	1.657500	3.466700	7.234100	11.231400	9.637600	9.091900	7.758400	6.773900	31.236100	31.244100	30.348100	53.403100
355	0.000000	4.745200	10.119600	10.923200	12.993500	15.619700	7.782800	10.093400	6.474100	7.000500	7.233800	7.354800	8.044000	7.636100	14.017800	11.390000	20.085900	18.463400	16.696200	81.014000
356	0.215100	-0.911500	-0.750000	-1.174800	-1.680300	2.751100	-0.372200	-0.392400	0.202500	-0.396200	-1.588900	-0.813800	0.426100	0.000000	-0.329700	-0.370600	1.525900	0.784300	0.474800	0.263600
357	0.000000	2.778400	3.983800	5.688700	5.680400	14.622500	3.253700	5.674700	3.764700	3.367200	3.466800	3.314800	3.734500	3.689300	3.816500	3.607700	3.864600	3.928400	3.934300	4.118900
358	0.695100	0.616600	0.253800	3.738900	4.000300	2.114200	-0.315200	1.891900	1.085700	0.596400	0.594700	-0.532300	1.144700	0.310400	1.606300	0.000000	0.839300	0.536700	0.552600	0.493100
359	1.120700	0.665200	0.000000	0.344300	0.021600	0.488900	-0.199800	1.268300	1.535400	0.657000	-0.164400	0.595900	1.351500	1.554500	0.705900	1.497600	2.298800	0.740100	0.160400	3.232300