SITE	GLY	ALA	LEU	VAL	ILE	PRO	ARG	THR	SER	CYS	MET	LYS	GLU	GLN	ASP	ASN	TRP	TYR	PHE	HIS
1	0.059790	0.132100	-0.064920	0.359240	0.407990	0.402750	-0.014800	0.267130	0.239980	0.212160	0.000000	0.018970	0.165440	0.181270	0.292640	0.292710	0.313840	0.449680	0.038690	0.459830
2	-1.269490	-1.055580	0.274160	-1.000100	-1.027500	-0.117810	0.064350	-1.069200	0.383410	0.278560	0.182090	0.108220	0.000000	-0.084780	0.365870	-1.290600	0.297800	0.239010	0.148950	0.370180
3	1.983500	1.535590	0.713410	1.207770	0.719460	0.797590	1.427010	1.452010	1.989990	1.405510	0.952770	1.291160	0.000000	0.881030	1.247400	1.070780	0.986500	-0.136180	1.010340	1.336810
4	0.043740	0.210890	-0.339640	0.000000	0.121120	0.087870	-0.747800	0.011530	0.060230	-0.127820	1.241670	-0.947670	-0.429180	-0.860850	0.266180	0.173930	0.062540	-0.131280	-0.141230	0.006950
5	0.135580	-0.029810	0.002800	0.197740	0.186330	-0.285910	-0.440720	0.193150	0.102380	0.057840	0.127150	0.000000	0.277040	0.197100	0.367990	0.270550	0.105290	-2.123460	0.628570	0.396390
6	1.909100	1.208430	0.018180	0.559110	0.439260	1.991980	-0.361220	1.253980	1.945980	1.371270	0.066140	0.000000	1.492670	0.620650	2.344880	1.757960	2.075200	0.723450	0.803200	1.048820
7	0.257060	-0.421890	-0.950750	-0.202990	-0.383050	3.633700	-0.583950	0.249200	-0.019580	-0.437870	-0.649480	-0.520810	-0.273170	-0.196840	0.000000	-0.416880	0.716570	-0.589920	-0.511800	-0.270540
8	1.696670	0.736520	-0.446830	0.000000	-0.288930	-0.288400	-0.667680	0.571610	0.799890	0.522370	-0.500330	-0.424190	0.380650	-0.038990	2.238900	0.289340	0.718400	0.843490	0.664730	1.182820
9	5.359390	4.050560	0.768050	1.915070	2.517430	5.800520	3.690340	3.010900	4.086060	3.538770	0.710020	3.433810	5.601220	3.390360	6.429720	3.391360	0.734270	0.000000	-0.640530	3.036860
10	1.236170	-0.103050	-1.705810	-0.387130	-0.488110	3.964480	0.046620	0.242360	0.000000	-0.557850	-2.051970	0.301290	-1.449470	0.410940	0.431580	-0.410000	2.441660	2.476530	1.105780	2.464310
11	4.652670	2.899500	-0.350340	0.000000	-0.671280	4.603100	10.418670	2.106470	4.196000	1.328520	1.516620	5.058570	4.236200	3.683780	4.043570	2.231280	14.697770	15.712070	6.815470	15.099870
12	5.187600	3.624980	1.360440	2.546160	2.425820	7.227640	3.710800	3.523550	4.826180	3.485780	1.695880	3.054420	4.595180	3.674800	4.541840	3.469940	0.000000	1.229600	0.330400	3.228700
13	1.751390	0.000000	3.828400	1.883120	3.793030	5.832500	9.695740	1.141550	0.296840	1.556340	1.420340	8.368240	5.073250	4.987980	7.445340	6.254340	23.902140	10.595040	5.437760	12.571140
14	3.404080	2.336600	0.000000	1.819080	1.187740	6.934060	1.794980	3.402970	2.811570	2.180210	0.034950	1.890840	2.103450	2.077510	3.320180	2.369980	-0.745860	0.506670	0.705770	1.128980
15	4.759340	3.030320	5.646310	3.123970	3.709660	0.000000	16.346500	3.346330	4.201550	3.478350	6.285290	8.657700	9.957000	8.617500	5.300580	6.610300	35.982700	28.508300	21.730400	46.274100
16	-0.780250	-1.642915	-0.850340	-0.647670	-0.764760	-2.542110	-0.580520	0.160270	-0.698250	-1.467452	-2.096216	-0.897590	-1.807574	-0.148160	0.000000	-0.675650	1.173930	0.205320	0.041560	0.379840
17	0.958610	0.720410	0.840320	1.026090	1.046250	-0.615970	0.718160	1.059120	1.016120	1.109460	0.878450	0.873800	0.000000	0.472010	0.835050	1.104970	1.030400	0.809960	0.736430	1.480020
18	-0.530940	-0.484730	0.040910	0.417490	0.311080	0.619790	-0.333360	0.177730	-0.116680	0.191390	-0.121990	-0.408780	0.000000	-0.180690	0.286540	0.110370	-0.083340	-0.171500	-0.202620	0.049570
19	0.616150	0.088380	-0.755470	0.486350	0.276330	2.042420	-0.404110	0.194370	0.000000	-0.126340	-0.711400	-0.011510	0.928890	0.131560	0.759380	0.583940	1.733110	1.033920	-0.214270	0.912650
20	1.427790	0.583370	-0.714990	0.349650	0.599460	7.273770	0.836790	0.992800	1.736420	0.849300	-1.158860	0.281060	0.000000	-0.028860	0.897010	1.303130	-0.064350	-0.279770	-0.225380	1.095500
21	2.040140	1.553360	1.459450	2.053410	1.784200	0.000000	1.752640	2.039160	1.920110	2.142470	1.281420	1.569250	1.292050	1.635160	1.294080	1.861030	1.418700	1.723490	1.670260	2.218880
22	2.087760	1.061190	-0.066480	1.380180	0.719530	0.314310	0.000000	1.371680	1.253750	1.735320	-0.664310	0.315180	1.424150	0.529490	1.736260	0.669630	1.515570	0.711100	1.099180	1.957220
23	6.167800	4.213500	0.913460	3.821080	2.628690	6.429900	4.919440	4.718820	5.968460	4.594760	1.107440	3.810280	5.014270	3.975780	5.816740	4.450610	3.600680	3.335030	0.000000	2.869590
24	1.508620	0.339900	-0.632730	-0.003040	-0.461040	4.331620	0.663980	1.205460	1.285820	0.808030	-1.038000	0.000000	0.764150	0.469300	1.739920	0.768390	-1.013970	-0.196510	-0.863130	1.033920
25	1.557110	0.949100	0.858530	1.876020	1.629110	5.348670	-0.038040	1.608060	1.592530	1.738710	0.076830	0.000000	1.092830	0.715430	1.413480	1.646900	0.265720	-0.826860	0.030110	1.542250
26	5.245490	3.399870	0.000000	1.378120	0.349410	7.324390	7.268290	2.739340	3.817900	3.480170	0.275390	4.234400	5.317290	3.238930	6.056190	2.270790	21.302690	19.438990	11.962890	10.839690
27	3.661890	2.565530	0.651380	1.113080	-0.093950	6.928990	4.196680	2.491210	2.827750	2.493600	0.000000	3.203660	3.114190	1.826660	4.617760	2.796740	5.045190	5.763390	3.283760	1.228340
28	0.634340	-0.096270	-0.529660	0.257110	-0.314820	3.560590	0.167030	0.246240	-0.175590	0.526310	-0.754520	0.025700	0.000000	-0.203360	0.528680	0.540940	0.074940	0.199150	0.142010	0.687520
29	1.305880	0.000000	-1.112530	1.716450	0.985100	4.802670	-0.383810	2.656460	1.135560	0.545800	-0.745730	-0.523610	-0.042940	-0.131990	1.094310	-0.305120	-0.042820	-0.686820	-0.589860	0.271350
30	5.646900	3.897550	0.000000	1.446240	0.409640	7.346300	7.443500	2.918400	4.558320	3.784200	0.394170	3.214750	5.699500	2.997500	6.265000	3.505210	20.173700	22.455200	15.062900	12.215400
31	1.242220	0.294610	-0.373130	-0.251280	-0.725010	3.257910	0.000000	0.434120	0.659790	0.492030	-0.644520	0.206970	1.927580	0.447000	3.718420	0.458750	6.349320	3.987440	3.247540	2.842140
32	0.256790	0.696890	0.242290	2.293870	2.015490	5.438950	0.837910	1.551070	0.000000	0.720300	0.475720	0.636960	1.065140	0.725480	1.356730	0.216700	1.001990	1.036820	0.903400	1.250050
33	0.421570	-0.207900	-0.403640	-0.296180	-0.197270	3.939830	-1.201090	-0.577000	-0.350960	-0.241070	0.850870	-1.023230	0.000000	-0.742970	0.400800	-0.197740	0.209010	-0.652330	-0.735690	-0.722990
34	4.554760	3.746650	1.297380	3.996580	3.881170	8.046800	1.907260	4.679000	4.314250	4.571390	1.232820	2.380520	4.852300	3.650220	5.347400	2.905890	0.645400	3.439110	0.000000	1.880960
35	-0.644770	0.033610	0.302380	0.166420	0.093200	2.327330	-0.436880	0.000000	-0.046230	0.138870	0.111600	-0.230880	0.258560	0.143760	0.349740	0.171950	0.140750	0.167660	0.148930	0.277340
36	0.000000	1.424080	8.839770	7.747870	9.400870	7.328670	10.106770	7.660870	2.754810	2.151730	6.177270	8.458370	8.622970	10.747870	5.294970	4.552780	25.851770	15.980070	15.487170	65.760270
37	2.154140	1.534990	1.852040	2.209580	2.136510	0.000000	1.486090	2.630180	1.682390	1.833200	1.803970	1.795000	1.853080	2.032200	3.168150	2.979930	3.672190	3.924100	3.546200	3.445630
38	0.185890	0.076780	-0.194200	0.685740	0.165310	-0.944640	0.000000	0.512210	0.316020	0.324290	-0.633050	0.263020	-0.333880	0.269000	0.229230	0.318990	0.621270	0.452430	0.437200	0.604210
39	4.706040	3.735550	1.842910	2.576050	1.879310	5.814000	5.043300	3.887910	4.387320	3.035560	1.907710	3.189890	3.310790	3.031830	3.912430	3.427860	4.757650	1.778650	0.000000	3.308190
40	0.474700	-0.078940	-1.567950	0.000000	-1.122340	-1.974070	-1.007920	0.015270	0.261420	-0.188430	-2.083050	-1.208200	-0.879070	-0.284300	0.228770	0.440600	0.684490	0.438550	0.475440	0.646110
41	3.750710	1.877360	4.995620	2.801310	5.192140	0.000000	10.182250	5.044160	3.735650	2.155290	2.245640	5.224670	6.766850	6.224750	4.842120	4.071640	25.790950	22.181050	17.863250	40.381450
42	1.896570	1.352350	2.458900	1.362920	1.229270	2.949080	3.706610	3.059050	0.972890	0.823810	-0.172650	2.327680	2.095230	1.563530	2.539110	0.801130	2.122950	1.881380	0.393460	0.000000
43	4.684160	2.958400	-0.746480	0.000000	-0.475100	4.273940	5.186550	2.420310	3.903770	2.113760	0.161900	0.619350	3.523900	1.858570	3.082900	1.772370	14.077550	15.288950	8.626850	5.875520
44	0.608000	-0.367240	-1.605840	-0.920150	-1.310780	-2.169250	-1.587940	0.000000	0.418610	-0.084490	-1.443510	-1.164120	-0.732840	-0.819380	-0.696320	0.071030	-0.203390	0.378830	-0.236210	0.959370
45	3.550920	2.512500	0.555430	0.000000	0.529840	6.670810	10.961510	2.571450	3.133510	1.667500	1.241680	0.540320	4.535160	5.411330	2.981160	2.459860	15.399610	11.914410	8.017910	44.159010
46	0.560960	0.000000	4.450170	1.722870	4.605910	8.393540	17.958840	3.275580	1.163390	0.308700	4.407500	8.683240	6.443440	6.485440	3.321170	1.682590	29.308940	19.165240	13.137840	42.699840
47	3.081380	1.289980	0.234110	0.000000	-0.230170	1.844400	-0.655530	0.157810	1.096850	0.502590	0.199480	-0.094270	0.665250	0.042310	0.117000	0.601590	2.448240	1.533930	0.987320	1.769070
48	1.734800	1.140260	9.120140	5.134040	5.586440	1.389000	13.550840	4.029240	0.000000	2.821780	6.788340	10.888240	9.689340	7.806440	6.637540	5.486340	32.177740	19.986340	19.482040	21.373240
49	-1.454800	0.000000	-0.706090	0.445020	0.094310	-1.675030	-0.854110	0.692600	-0.404770	0.135680	-1.382380	-1.016410	-0.061870	-0.700250	-1.899480	-0.750760	0.218080	-0.994660	-1.516440	-0.266360
50	2.100470	1.196060	0.298120	1.251710	0.687680	0.815290	0.382740	1.438300	1.657170	1.140850	-0.234460	0.263250	0.666720	0.774890	1.797770	1.189680	-0.002040	0.000000	-0.080000	0.833930
51	4.245620	2.875090	0.000000	2.865300	1.683030	9.273930	1.129950	3.038680	2.993620	2.498220	0.949480	1.563890	4.349420	3.043770	5.893630	3.106510	3.141960	4.543730	2.536820	1.000030
52	-0.407730	0.392560	0.065040	2.231390	2.337840	-1.595050	0.728040	0.000000	-0.288330	1.264070	0.532630	0.785660	1.165320	2.484670	1.210180	0.983870	1.059160	0.075480	-0.336530	1.796680
53	0.327590	0.000000	-0.624410	0.415210	0.832470	-1.002340	0.164270	0.612650	0.439610	0.735510	-1.401060	-0.069920	0.076980	-0.214900	0.783300	-0.185280	0.477750	1.175720	0.574370	0.196870
54	0.640110	-0.299990	-0.504220	0.361190	-0.212410	0.468400	-0.314780	-0.972200	-0.619090	0.057330	-0.617790	-0.437720	-0.272180	-0.118120	0.000000	-0.874750	-0.156780	-0.161910	-0.208700	-0.376010
55	1.938890	0.750860	-0.567070	0.388240	-0.014570	2.358470	0.244090	0.337680	1.116650	1.395020	-0.684070	0.020400	0.000000	-0.021320	0.181450	0.907690	0.321810	0.862080	0.147580	0.974380
56	1.999290	0.000000	6.322550	3.069930	5.348750	6.178050	7.909250	1.273750	0.864180	1.876800	3.693390	7.065250	7.299350	7.150750	8.411150	7.487050	28.841450	15.414250	13.582550	39.877250
57	1.379820	0.513050	-0.103640	0.833780	-0.068720	5.420310	0.239460	1.332690	1.523070	1.384950	-0.463840	0.000000	0.883620	0.199820	1.450420	0.706180	-0.010810	-0.364340	-0.424330	0.365030
58	1.007700	0.268290	0.070460	0.688850	0.025020	3.173570	-0.007770	0.320610	0.154500	0.693490	-0.170880	0.000000	0.631820	0.244050	1.058730	0.325750	0.206060	0.233460	-0.060180	0.145180
59	3.504690	1.996190	0.067370	4.530450	6.375150	6.130450	0.528690	3.115450	2.380690	2.080000	0.000000	0.697510	4.035180	1.546090	4.051390	2.780730	1.702810	0.597540	0.366630	2.201770
60	5.560540	3.849550	0.744340	4.597240	5.919540	12.505040	3.817140	3.406130	5.118240	4.010490	0.664420	3.807340	5.461140	4.284640	6.066140	4.906840	5.309940	4.055230	0.000000	3.678150
61	0.502650	-0.148530	-0.809070	0.155510	-0.629190	3.209580	-0.226250	-0.261900	-0.237780	0.272230	-1.057120	-0.531160	0.000000	-0.289210	0.446680	-0.080130	-0.863170	-0.916070	-0.927970	0.031770
62	-0.522600	-0.823740	-1.304330	0.054540	-0.587350	1.325890	-1.418430	0.413820	0.000000	0.372730	-1.375390	-0.848000	-0.648360	-0.574960	-0.310360	-0.876720	-1.332370	-0.992190	-1.042550	-0.895100
63	2.043760	0.000000	1.152280	1.652790	2.621010	7.201940	7.052640	0.987050	1.192190	1.300160	2.329050	3.745790	5.141740	1.497730	2.318880	1.796700	9.611540	6.099840	2.113910	16.907940
64	5.844810	5.428710	6.008710	8.896710	8.640410	11.085710	6.493410	7.256010	5.883410	0.000000	5.788110	6.240510	8.007310	7.087710	10.232310	7.187310	6.918510	8.355710	7.586910	7.814610
65	-0.282810	-0.886460	-1.170840	-0.593440	-1.096940	1.663720	-1.363430	-1.023380	-0.988040	-0.539030	-1.269470	-1.203910	-0.531660	-1.081070	0.000000	-1.455000	-0.958110	-1.065170	-1.221450	-1.286620
66	0.000000	0.617770	-0.178260	1.333700	0.903130	2.714640	-0.615730	1.773510	0.988670	0.506610	0.182060	-0.075700	0.924060	0.319630	0.654050	-0.083160	0.045660	-0.137040	-0.277810	-0.813780
67	3.930690	2.468240	0.000000	0.928280	0.555770	7.615550	2.184210	1.222380	2.792870	1.518350	0.436980	2.449180	3.003830	1.864550	3.733240	1.905850	6.843550	11.855450	5.789650	4.953450
68	-0.505870	-0.085400	0.394260	1.217560	0.968020	-0.715780	-0.020500	1.079260	0.007970	0.101290	0.110050	0.000000	-0.122320	-0.226110	0.885380	0.611380	0.515740	-0.015890	0.031460	-0.102240
69	0.993550	0.000000	1.739390	0.908550	2.308220	5.084140	1.894150	0.595300	0.235450	0.349000	1.453970	1.932240	2.645720	1.628380	3.123840	2.268830	6.013020	5.061460	4.933720	7.587260
70	3.429010	3.847150	0.753270	2.557320	0.536850	4.180420	3.545950	4.575040	2.732740	2.278660	0.338870	3.044980	5.365180	3.628510	4.958260	2.319190	2.131790	0.000000	0.386980	1.104980
71	0.906320	0.593520	-0.266760	0.160300	0.090650	1.039100	-0.058790	0.000000	0.573680	0.525230	-0.280670	-0.129500	0.544320	0.354010	1.512970	1.077230	0.288820	-0.091460	-0.008330	1.252080
72	1.740470	0.000000	2.561760	0.419220	3.291710	3.183240	4.500340	1.615330	1.338960	0.313090	0.565160	5.318400	3.269070	4.369930	2.988290	1.461850	13.324630	9.648330	8.560630	7.691730
73	2.215450	1.139360	0.270300	-0.137910	-0.729550	-0.093930	0.364580	0.000000	0.913030	1.015720	-0.231170	0.151580	0.871550	0.715650	1.601820	1.239040	0.863300	0.469090	0.067060	1.434690
74	4.519700	2.517870	0.898620	0.000000	-0.362870	4.242240	8.821790	2.622010	4.260170	2.432310	2.524810	7.466490	4.359860	3.940380	4.784120	3.608780	15.378690	8.161790	5.639390	14.926390
75	1.182670	0.616680	-0.102670	-0.092420	-0.705880	5.646650	1.834580	0.780650	1.089670	0.784290	-0.616940	0.494210	0.637530	0.013280	0.000000	-0.168850	0.965340	1.133790	0.737250	1.031600
76	1.264440	0.888520	0.295100	2.631960	2.392630	3.207160	0.000000	2.959470	0.283530	0.692130	0.358570	0.087610	1.544520	0.480840	2.056230	1.272680	4.614250	1.711320	1.547220	3.565010
77	5.103270	3.427070	2.377280	0.000000	0.977050	6.736570	15.936670	2.539190	4.865870	2.000000	3.259480	7.993470	7.907470	8.401170	5.744770	4.147920	26.423470	20.975570	15.156470	20.912170
78	0.556720	-0.424800	-1.369010	-0.771550	-0.428100	6.079030	-0.691220	0.076140	0.000000	-0.273640	-0.780380	-0.820700	-0.312060	-0.358420	-0.562130	-0.692350	-0.313050	-1.056890	-0.674940	0.148790
79	1.669680	0.883130	-1.929730	-0.962130	-1.172160	1.497630	0.419180	0.000000	0.477410	-0.190520	-1.519230	-0.650300	0.884340	0.452520	1.745440	0.700390	0.189330	-0.160550	-0.130200	0.434240
80	0.000000	5.803120	12.801820	13.955320	13.895820	20.165320	10.998120	13.008720	8.076220	8.606820	10.584620	11.515120	9.498620	9.603620	10.148220	11.286720	15.756520	16.679920	15.932920	25.440420
81	-0.148730	-0.045730	-0.240850	-0.018360	-0.353420	-0.470220	-0.431950	0.000000	-0.049460	-0.222430	-0.879870	-0.266970	-0.439180	-0.223260	-0.200700	-0.187500	-1.117550	-1.101250	-1.147310	-0.304670
82	1.226620	1.138360	1.057050	0.688050	0.472560	2.138110	0.621800	0.152680	0.484400	0.813630	0.545080	0.813720	0.370300	0.585120	0.646830	0.492560	0.799990	0.192320	0.000000	0.791010
83	3.730980	2.588240	2.090530	2.573580	2.384100	1.185700	3.277990	3.261980	3.225780	3.225920	0.624340	2.574640	3.201750	4.042650	3.742750	3.017400	1.355320	0.866900	0.000000	1.985050
84	3.258660	2.518290	0.703820	3.346130	2.201520	1.314000	2.621860	3.595850	3.097910	2.140310	0.205270	2.172010	2.017060	2.319140	2.866140	1.708560	1.322380	1.885010	0.000000	1.438780
85	1.832400	-0.064720	-1.686590	1.095560	2.545710	3.322960	-0.339280	2.573250	0.908770	-0.376210	-1.656470	-0.434450	-0.051360	0.000000	0.363910	0.938610	0.253970	0.533150	-0.803280	-0.621700
86	0.297400	-0.191070	-0.823610	1.586920	2.426420	4.131880	3.839290	-0.096990	0.786550	0.000000	2.047460	4.066210	3.549360	3.056670	2.937100	0.184360	22.202350	12.567750	9.171050	47.140950
87	5.999400	3.712930	1.530980	0.000000	0.076510	5.129300	14.960600	2.431500	4.857600	2.797060	2.833140	6.905500	7.075900	4.515370	5.530300	3.634400	27.056300	15.887100	11.040300	30.938900
88	4.847640	3.685090	1.493800	3.811230	4.120460	6.176960	4.507360	5.622060	4.380910	3.562520	1.426560	4.170750	4.954480	4.633830	5.745960	4.937120	4.381840	0.857370	0.000000	3.596210
89	6.241670	4.337870	0.000000	3.837880	1.943630	7.193170	6.504770	3.133820	5.572590	3.253960	0.209160	4.881840	4.591030	3.845890	5.422030	4.096780	5.127320	8.268270	5.236570	4.600120
90	3.174820	1.846540	0.000000	1.108320	0.830360	5.110790	1.161460	1.581640	2.624720	1.905430	0.209030	0.828230	2.107610	1.307480	2.778420	2.450730	0.496210	0.382360	0.159310	1.582000
91	5.015230	3.634330	0.000000	1.843450	0.725570	7.660730	8.329930	4.204920	4.294870	3.137330	0.415510	4.203610	4.808410	2.891300	5.759590	4.246040	16.696930	7.065130	4.326840	3.819340
92	1.297530	0.300550	-0.437710	0.203860	-0.038300	3.082710	-0.089310	1.227290	0.946460	0.640340	-0.265300	-0.346910	0.453080	0.000000	0.961630	1.015740	-1.326830	-0.749380	-0.507690	-0.275100
93	-0.365330	-0.464810	-1.628920	0.011680	0.706650	-1.476100	-0.949120	0.000000	-0.258280	-0.700220	-1.885070	0.411730	-0.692730	-1.027340	-0.468740	-0.415180	-1.395120	-1.476120	-1.721690	-0.912020
94	0.034690	0.034740	-0.811130	0.566050	0.554520	1.394110	0.321380	0.000000	-0.463030	1.034540	-1.106850	-0.013990	-0.468470	1.052900	-2.026140	-0.019870	0.074360	-0.488370	-0.594690	0.920370
95	1.930410	1.468530	1.710640	1.901090	1.834610	0.000000	2.032300	1.935470	1.671440	2.158820	1.695860	1.875080	0.678920	1.364910	1.385050	1.834650	1.917140	1.042420	0.814160	2.253860
96	3.016560	2.095310	0.910120	1.645050	1.034770	1.694070	2.175650	2.504770	2.745990	2.022330	1.032310	1.808290	0.000000	1.255780	1.100250	2.556290	1.802830	2.128890	1.925070	2.628800
97	3.497780	1.923520	-1.539080	0.000000	-0.797920	3.131130	8.132550	1.125240	2.584080	1.698710	-1.687860	1.311090	2.344050	0.214430	3.549590	2.385270	18.137450	8.272850	5.283720	3.777180
98	2.516530	1.701670	0.032640	1.293170	0.163350	4.352890	1.929870	1.676480	2.029970	2.209520	0.000000	1.418760	1.566670	1.462510	2.499720	2.338270	1.456410	1.616760	0.534250	2.274790
99	1.294510	0.278550	-0.055340	1.188180	0.943700	4.628300	0.665870	1.719670	0.913840	0.596070	-1.665090	0.265790	0.000000	0.088020	0.549450	0.246060	0.186360	0.268380	0.228700	0.487940
100	1.774060	0.000000	5.425960	1.584250	1.583250	2.474700	7.585860	-0.381300	0.490240	1.756580	2.765010	3.149530	3.715840	6.079660	3.328990	3.396460	9.958560	16.908860	9.546560	15.508760
101	0.000000	1.460430	3.524060	5.088580	8.388810	7.132410	5.196670	4.843610	1.452890	1.656200	2.441610	4.542950	4.628140	4.195890	3.581850	1.802090	7.839610	3.925330	3.579400	5.249140
102	1.149560	0.263890	-0.370440	0.411940	-0.497050	2.311640	-0.735880	0.888130	0.848520	0.961330	-0.749960	-0.083330	0.000000	-0.145090	0.301470	0.398780	-0.437510	-0.723770	-0.934950	0.467490
103	1.392920	0.389800	-1.805770	-0.241520	-0.763040	3.923200	-1.005930	0.053010	0.818190	0.310720	-0.710240	-1.167150	0.408410	0.156500	0.752590	0.294040	0.068420	-0.450340	-0.752280	0.000000
104	2.041400	-0.025120	-1.490470	-0.787850	-1.480090	3.374380	4.228660	-0.826380	0.725790	0.000000	-1.664230	1.398870	2.551860	0.764050	2.558690	-0.243640	11.175500	3.843790	1.321490	2.374130
105	1.238290	0.238250	-0.338940	1.326700	0.852890	4.177470	-0.534970	1.010590	0.482740	0.651490	-0.594520	0.000000	1.365170	0.059590	2.035820	0.661720	1.690250	2.857490	1.784510	2.306970
106	0.651330	-0.298510	-0.545350	0.157300	-0.458390	3.508530	-0.538370	0.340990	0.536150	0.493350	-0.869900	-0.544940	-0.141510	-0.146990	0.490870	0.000000	-0.391230	-0.439690	-0.527710	0.039750
107	0.858040	-0.525170	-0.351120	0.745350	-0.188900	1.812390	-0.977850	-0.405770	0.053620	-0.176340	-1.427270	-1.036700	0.601730	-0.652610	1.740680	0.585330	-0.473680	-1.344820	-1.753750	0.000000
108	5.418840	5.334940	1.621440	3.519690	5.272540	6.517240	7.900340	5.422040	6.123940	4.780040	1.961010	4.621840	6.749340	4.972540	7.252240	3.830130	7.533840	2.219550	0.000000	3.489300
109	0.377610	0.824070	0.506570	1.931970	2.054300	5.500680	-0.621470	1.230310	0.912600	0.569050	0.734370	-0.703360	0.736540	-0.022570	0.865650	0.000000	1.529110	0.323990	0.166600	-0.627070
110	0.893910	-0.211360	-0.375020	-0.658430	0.821630	3.969660	1.837230	1.004430	0.339810	0.000000	-0.969200	1.340180	0.501370	0.490670	1.125700	2.016090	3.610510	1.712760	0.525440	3.853550
111	0.141110	0.234490	0.103670	0.472480	0.540720	-0.480770	-0.314970	0.168350	0.000000	0.011230	-0.205520	-0.306110	-0.199320	-0.267950	-0.481860	-0.107010	-0.015290	-0.111960	-0.148160	-0.045110
112	0.046410	-0.181440	-0.095700	0.051220	0.179820	-0.746400	-0.202120	0.000000	-0.064080	-0.070930	-0.079550	-0.195300	-0.631040	-0.602570	-0.139510	-0.015470	-0.119290	-0.227070	-0.222350	-0.168570
113	-0.942950	-0.074640	-0.060820	0.085750	1.295960	0.756370	-0.062770	0.000000	-0.013090	1.497710	0.596860	1.619440	1.788420	1.576230	0.896000	-0.084610	1.139430	0.505830	0.544610	1.777040
114	-0.266230	-0.149560	-0.314810	-0.103660	-0.288190	0.063850	-0.280230	0.000000	-0.071680	-0.094300	-0.533020	-0.326710	-0.528100	-0.388910	-0.116460	-0.119410	-0.403780	-0.209000	-0.845510	0.113320
115	0.900920	0.645690	0.532570	0.810600	0.603710	0.000000	0.701960	0.783090	0.743290	0.861360	0.560950	0.465280	0.486670	0.525320	0.610400	0.884660	-0.199030	0.262370	0.021690	0.660910
116	4.259100	3.533890	1.744440	2.820530	2.466500	3.156690	2.185530	3.064430	4.021370	3.015920	0.813230	2.958060	4.446740	2.599720	3.141590	3.956530	3.349630	0.000000	0.159030	3.171460
117	2.172910	1.801930	0.338230	1.330520	0.921910	2.660160	0.845610	1.394360	1.603690	0.948400	0.000000	0.684930	1.036050	1.315480	1.472110	1.511030	1.208330	1.093220	0.387710	1.749770
118	4.884300	2.850850	5.133970	3.510180	3.579170	0.000000	10.163090	3.568390	4.053960	2.807460	4.512430	4.002030	4.807480	4.206190	6.345290	5.766590	23.481090	20.979590	12.087890	42.745490
119	0.886170	-0.127520	0.111310	0.794140	0.840290	1.946290	0.997210	0.588040	0.508130	0.095540	-0.680760	0.683140	1.258070	1.197730	1.703630	0.557930	0.319200	0.195030	0.069850	0.000000
120	5.176590	4.106070	0.000000	1.297730	2.016540	3.788580	8.855760	3.369460	4.333300	3.040870	0.401160	5.358160	4.258020	3.574180	3.323660	1.959420	20.541260	13.145660	8.752760	14.381760
121	0.484370	-0.823300	1.234320	-0.434060	0.872140	-3.225790	0.815780	-0.258870	0.000000	-0.041620	1.075980	1.456230	-0.250410	0.791790	-0.685110	0.820680	5.745550	7.507750	5.837050	6.932750
122	5.368530	4.239240	0.000000	1.867700	0.825730	6.193630	3.748130	3.901010	5.436730	3.762420	1.122470	3.058870	5.497830	4.006870	6.039430	4.721090	10.401930	4.534610	4.773280	4.837500
123	4.014910	2.924220	0.000000	2.490530	2.383890	8.405720	8.239020	2.148010	2.598660	2.648160	-0.324000	4.283260	4.984040	3.392840	5.071180	3.878810	16.998120	7.998420	2.457050	3.176830
124	5.298680	3.361100	-0.165530	0.633840	5.682980	4.373220	2.073450	2.818070	4.725170	2.786190	-0.753020	1.993160	3.032360	3.114510	3.581820	2.382040	13.833680	0.000000	-0.558590	2.246980
125	-0.730230	0.000000	1.998860	1.819570	4.428860	9.369510	2.587160	3.475880	0.895200	1.335460	1.159950	4.590820	2.953330	1.725560	3.408080	1.419080	9.406610	7.661910	7.020110	33.296410
126	0.482660	0.309940	-0.629490	0.075840	-0.468530	1.083320	-0.002080	0.440900	0.382500	-0.109240	-0.832140	-0.289950	0.000000	-0.124510	-0.077140	0.002830	-0.176620	0.082830	0.090020	0.331430
127	3.660600	2.934190	0.000000	1.255840	2.766790	2.370350	2.254790	2.154210	3.286370	2.522840	0.022320	1.355850	4.423950	2.803410	4.794820	3.307460	6.930320	10.169820	5.456320	3.000130
128	-0.275410	-0.021500	0.278830	0.996000	0.967880	-0.776530	-0.024440	0.000000	-0.683870	-0.268900	0.443940	-0.112620	0.855910	-0.046210	0.573000	-0.584500	1.023460	0.572600	0.546440	0.304830
129	0.860580	0.310240	0.091510	0.656620	0.411370	-1.296360	0.346790	0.688460	0.835750	0.999460	-0.516560	0.255470	0.000000	-0.014560	0.597910	0.725510	0.440870	0.297870	0.141960	0.828370
130	1.067730	0.821910	0.276770	0.731370	0.369980	0.245210	0.618580	0.780020	0.871580	0.984920	0.590100	-0.038830	0.000000	0.377010	0.799130	0.895790	0.961610	-0.385670	-0.585780	1.147540
131	1.518830	0.328940	-0.824200	-0.410130	-0.816820	-0.813730	-0.092780	-0.296040	0.798650	0.851570	-0.862990	-0.389480	0.000000	-0.156070	-0.105170	0.309270	0.059600	-0.058600	-0.039170	0.204000
132	3.506310	1.990010	0.142720	1.633190	1.462520	10.312290	0.325620	2.703740	3.781900	2.721620	1.096330	0.000000	3.929680	1.598590	4.788950	3.184970	4.675250	4.196150	5.014260	5.516640
133	1.030190	0.207660	-0.141100	0.663000	0.032300	3.772890	-0.757300	0.525600	0.394790	0.697500	-0.553950	0.000000	0.580560	0.177710	0.992370	0.127670	0.010990	-0.122600	-0.200440	0.293510
134	1.204940	0.091320	-0.538260	0.302910	-0.541190	4.372290	-0.406410	0.875150	0.869880	0.748340	-0.764010	-0.466010	0.245960	-0.140240	0.718370	0.000000	-0.226350	-0.378920	-0.453000	0.341120
135	2.089430	0.000000	3.546500	1.816660	3.461800	7.331910	15.644010	1.677250	0.927620	0.609230	2.277360	7.095810	6.639310	7.807210	6.282410	4.859110	38.482610	27.984710	23.361410	66.369110
136	2.035320	0.432400	-0.930290	0.257380	-0.279910	6.920640	-0.803030	2.008540	1.964750	1.116510	-0.431910	-0.341610	0.191500	0.000000	2.390110	0.893780	0.898960	1.051640	2.283030	2.209240
137	0.683600	0.034940	-0.495460	0.258930	-0.348590	1.882630	-0.632370	-0.286830	0.048870	0.587250	-0.579580	-0.304040	0.000000	-0.123150	0.372440	-0.032360	-0.441390	-0.352070	-0.520320	0.190950
138	2.465760	1.032980	-0.642100	0.870540	0.622000	5.532520	-0.246440	1.108650	2.211530	1.412630	-0.701090	0.000000	1.573070	0.449170	2.451080	0.737810	-0.023880	-0.969020	-1.370430	0.220380
139	2.052200	0.000000	2.608280	0.367060	3.702740	5.469740	13.115840	1.944050	1.661700	1.309470	2.015150	8.619840	7.878040	7.043540	5.039440	4.657070	16.901540	14.328140	10.592740	17.924940
140	4.074380	3.437210	2.189840	3.510150	2.758300	4.750850	3.106760	3.700050	4.277370	3.969140	2.190230	2.658800	3.379070	3.284930	4.803650	4.239890	1.541690	0.000000	1.721500	3.072680
141	0.222970	-0.806850	-1.083880	-0.585520	-1.073600	3.607430	-1.071090	0.000000	0.063520	-0.144480	-0.945170	-1.065560	-0.576010	-0.981420	-0.036860	0.027970	-0.900510	-1.692370	-1.359030	-0.276730
142	2.492980	1.743880	0.000000	1.690480	0.765430	6.684570	1.499500	1.845370	2.401510	2.192840	0.730480	1.119030	2.030320	1.866330	3.451260	1.802020	1.730230	1.046280	0.577410	2.353000
143	1.897390	0.190570	-0.888720	1.541420	0.223740	3.310870	0.338450	1.656190	0.590930	-0.007640	-0.322820	-0.567680	0.783130	0.522320	0.000000	-0.500990	-0.690210	0.788610	-1.504140	1.205900
144	0.344720	0.223890	0.263870	1.049800	0.749220	-0.671040	-0.558410	0.582210	0.000000	0.379170	0.154340	-0.136540	0.236330	0.173420	0.535420	0.578240	0.087840	0.261660	0.164350	0.657340
145	-0.139260	0.407680	0.378060	1.087460	1.499770	0.876400	-0.200790	-0.322260	0.000000	0.333360	0.396150	0.113490	0.491760	-0.057750	0.216960	0.120870	0.210410	0.345670	0.288600	0.183920
146	4.519420	3.175290	0.000000	2.568700	1.323090	5.922840	3.877930	2.153840	3.749250	3.266160	-0.132210	3.388310	5.331640	2.224300	6.024040	3.676050	6.812840	5.178450	2.443020	7.103540
147	1.351170	0.871470	0.893370	0.823180	0.419330	0.192480	-0.397260	0.850610	0.348410	0.689310	0.228250	0.284260	0.141280	0.121770	0.000000	0.519310	1.505430	1.227070	1.191190	1.411400
148	0.000000	3.017190	4.012470	5.031640	4.851140	5.914340	3.352980	4.926340	3.892810	3.053250	3.646730	3.610190	4.086660	3.657420	4.112870	3.136570	3.791490	3.913220	3.876190	4.203320
149	2.640790	2.097100	0.000000	2.144240	2.830920	11.722590	2.468280	2.292000	1.657650	2.059860	-0.528970	1.642610	2.633930	2.537060	2.806110	2.542090	-0.611910	0.007160	0.101030	2.159670
150	0.657910	0.247790	-0.712520	-0.054380	-0.491110	-0.142310	-1.354280	-0.655970	0.000000	0.005030	-0.772980	-1.223050	0.141040	-0.432720	0.726720	-0.004830	-0.297060	0.257230	0.245200	0.584710
151	6.286640	5.491720	4.357350	3.589920	2.896590	7.803350	8.518390	4.852480	5.453320	4.995580	1.621920	6.337750	6.812240	5.781340	7.029650	5.556470	3.406330	1.560230	0.000000	4.198140
152	1.404070	0.713510	-0.568330	0.433570	0.096590	0.083100	0.000000	0.555160	1.326050	0.684830	-0.580800	-0.545120	0.939820	0.217550	2.159210	1.173850	1.330530	0.284630	0.070600	1.213250
153	5.107460	4.004350	0.000000	2.789550	1.695340	4.485470	6.314190	2.908790	5.183800	3.116680	-0.083850	4.367250	3.758430	3.845430	4.889810	2.670770	15.233490	10.344290	5.420780	28.299890
154	1.094750	0.673430	0.536790	0.140660	0.492530	0.828530	0.508300	1.917890	0.577980	0.786780	-0.317390	-0.094550	0.407640	0.466790	1.272040	0.000000	2.529740	2.748280	1.608050	6.504070
155	2.667710	1.956580	1.539790	2.142720	2.829530	5.505800	0.000000	1.546280	1.884890	1.708530	1.167880	0.316310	3.076720	1.897950	4.707340	2.634590	3.187610	1.924660	1.627290	2.240810
156	4.277610	3.330570	0.000000	1.486210	2.134060	6.019460	4.290740	3.297660	4.430420	2.882590	0.381360	3.687820	4.735910	2.663280	5.845060	2.670910	4.791600	1.394220	-0.426800	3.076070
157	1.690180	0.000000	-1.231300	-0.673150	-0.675750	0.736530	-0.721220	1.739470	1.378480	0.044560	-2.083810	-1.145440	2.010410	1.278890	2.979780	2.091070	4.812490	1.360880	-0.024190	1.179500
158	6.218560	4.767360	0.000000	5.326360	4.472730	13.898960	7.023560	4.495580	5.797160	3.566210	0.306390	5.254560	4.693260	3.151750	5.003860	4.329270	13.064960	9.230060	4.995360	4.254440
159	1.823980	0.230210	0.081030	-1.779130	0.172240	5.346790	1.372460	0.795430	1.738290	0.000000	0.763790	-0.064600	0.948840	1.751940	1.675920	0.922100	2.990310	2.426770	1.498960	6.308390
160	1.929770	1.366640	-0.089440	0.297200	0.204040	4.065810	-0.007700	2.406620	0.845270	0.846670	-0.363180	0.000000	2.144330	0.088820	3.708620	1.300590	1.921550	1.303030	0.783550	1.111160
161	1.819220	0.687270	-0.312980	-0.236360	-0.023360	3.105110	2.793560	0.000000	1.039510	0.542560	-0.300830	2.435370	3.021100	1.263860	4.451150	3.147890	3.270050	13.474490	9.055490	5.272190
162	-0.530790	-0.394690	-0.774330	0.427350	-0.230090	1.592530	-2.030720	0.026240	0.094340	0.194060	-0.622320	-1.226340	0.393930	-0.261970	0.000000	-0.733800	-0.485630	-0.622410	-0.723060	-0.337800
163	0.102430	-0.109630	-1.556890	0.039170	-0.673940	-1.227870	-0.848960	0.000000	0.063280	1.038790	-1.194600	-0.712060	-0.346010	-0.359130	0.211010	-0.150400	-1.360930	-0.757610	-0.882940	1.240370
164	-0.354880	-0.035350	-0.167870	0.109440	0.039140	1.201980	-0.285670	0.014020	-0.212390	-0.161650	-0.120650	-0.358100	0.000000	-0.262430	-0.186050	-0.238150	0.151850	-0.047280	-0.072230	-0.070190
165	2.095620	2.174180	2.384500	3.021590	3.858500	6.818560	2.444830	3.213410	3.116920	2.377970	2.585690	2.047870	1.722350	2.743850	0.000000	1.057970	2.941560	2.127420	1.968720	3.822480
166	1.173720	0.709420	-0.235510	0.910050	0.510340	-0.078290	0.378760	1.077970	1.075320	0.685810	-0.129800	0.000000	0.951770	-0.006810	1.647470	1.083840	0.897040	0.275730	-0.052880	0.911560
167	0.797050	1.017740	1.259630	1.924910	1.756050	1.838570	0.640260	0.000000	-0.651460	0.925530	1.375980	0.727980	1.590930	0.712050	1.704520	0.950200	1.362300	1.336160	1.359240	0.771010
168	1.834690	4.004500	0.000000	4.316970	3.295760	7.569380	5.155650	3.336360	3.918030	3.225620	2.916500	3.909530	5.027930	4.611110	5.369740	4.074010	6.719980	6.823380	7.353180	10.109480
169	-0.390560	-0.334210	-0.151530	0.583900	0.478210	6.234830	-0.830440	0.805520	-0.340230	0.664330	-0.106750	-0.050160	0.000000	-0.380120	0.203080	0.045800	0.114130	0.113930	0.095300	0.353250
170	0.223070	-0.141940	0.056520	1.311660	1.380240	0.782320	0.123280	0.000000	-0.891550	0.007730	-0.015000	-0.338090	0.936800	-0.294840	1.421280	-0.678760	0.597640	0.355790	-0.575990	0.090020
171	3.436840	3.081660	1.255030	1.981760	1.943920	6.956400	3.113330	3.124000	3.675290	2.498730	0.832330	2.994960	3.494970	2.972990	3.728880	2.761010	0.000000	1.857620	1.004970	3.827890
172	0.472410	0.042100	-0.608520	0.220280	-0.123400	5.379660	-1.486990	0.511260	0.680100	0.112640	-1.194760	-0.855040	0.000000	-0.080110	0.443510	0.339460	-0.988060	-0.728560	-0.819660	-0.006160
173	1.187650	0.279500	-1.223220	-0.462050	-1.437310	-0.272750	-0.606330	0.000000	0.703790	-0.334610	-2.179500	-0.852820	-0.166980	-0.277660	0.523210	0.284650	0.431870	-0.032010	-0.783920	0.098300
174	1.782940	1.109340	-0.343030	0.000000	0.042070	5.495890	1.624450	1.703890	1.825930	1.852840	-0.142870	1.046160	1.334690	0.629310	2.218270	1.678380	2.578950	1.188630	1.033860	1.812980
175	1.020800	0.000000	-0.106110	0.357400	0.860390	4.205410	0.150860	0.721130	0.363900	0.049230	-0.312890	-0.249680	-0.024370	0.111540	0.310450	0.682730	0.129960	0.245140	0.622130	0.862030
176	1.170710	0.630640	-0.668430	0.000000	-0.458570	1.842020	0.140910	0.235790	0.712570	0.123860	-0.803490	-0.157450	-0.068680	-0.305200	1.091700	1.060490	0.260550	0.607800	0.531590	0.892990
177	5.633380	5.867680	6.483280	7.278680	7.012280	14.846080	5.687280	6.535980	6.366580	0.000000	5.190180	5.265880	6.379180	6.013480	7.325380	6.710080	5.911280	5.374480	5.673480	6.623480
178	0.562060	0.407030	-0.593680	0.048060	-0.333590	-0.055090	-1.071100	0.063780	0.431460	-0.011770	-0.455510	-0.817500	0.074270	-0.709130	0.364260	0.000000	-0.391550	-0.505890	-0.602640	0.396350
179	3.413030	2.598890	0.000000	4.990610	3.860630	6.054210	8.824310	3.660680	3.504130	2.468240	0.094840	3.299320	5.311610	3.089060	5.981210	3.032730	8.242610	6.917210	4.235570	2.400360
180	0.031770	-0.050950	-0.119450	0.089560	0.293290	-1.586970	-0.820310	0.067650	-0.156260	0.043210	0.035530	-0.690530	0.153260	0.217680	0.323660	0.000000	0.229640	-0.606090	-0.127730	0.049260
181	-0.604650	0.218690	0.525330	0.724390	0.664170	0.000000	0.232790	0.503090	0.363640	0.385760	0.086090	0.321820	0.425500	0.386870	0.522380	0.462170	-0.007690	0.300120	0.302450	0.504260