SITE	GLY	ALA	LEU	VAL	ILE	PRO	ARG	THR	SER	CYS	MET	LYS	GLU	GLN	ASP	ASN	TRP	TYR	PHE	HIS
1	2.329900	2.307600	1.248500	2.122700	1.290100	2.686800	2.083700	2.516600	2.609500	2.127100	0.000000	1.772000	2.996100	1.865800	3.076400	2.745600	2.290100	2.732000	2.719900	2.941700
2	2.235900	1.286700	-0.171500	0.348300	0.150300	3.552200	0.219600	0.858800	1.943300	1.168500	0.206400	0.000000	2.075100	0.630300	3.015400	1.091300	0.933900	0.610600	0.512500	1.031100
3	5.282100	2.990400	1.510000	0.000000	0.444900	5.077500	10.415000	2.137900	4.308100	2.718900	2.311500	7.779600	5.801500	3.951300	5.520000	3.778400	25.332370	13.621500	11.039100	19.409400
4	5.780600	3.863800	0.475000	1.593200	0.000000	3.103900	7.588000	3.480300	5.327900	3.047400	2.001500	6.594100	4.536700	4.381500	5.567800	4.477700	11.792500	6.357800	3.986000	5.649700
5	5.184300	3.092700	1.663300	0.000000	-0.443400	5.686500	10.954900	2.798500	3.741700	2.191500	2.185800	6.618900	7.556500	3.773700	6.348800	4.098800	24.710710	14.291220	10.915500	13.604450
6	5.196600	3.490200	0.000000	1.280700	0.732100	3.911300	2.626600	3.432800	4.378000	3.080000	0.216200	2.526300	4.016100	2.861200	4.407200	3.367100	1.641900	-0.515900	-0.040100	3.171100
7	0.000000	3.562000	5.734300	7.808200	8.626600	14.871270	7.288600	6.476500	2.792300	3.951600	4.650100	5.947500	7.521400	5.782100	4.184100	4.753800	8.261800	7.190900	6.755500	25.660470
8	0.667900	0.063600	5.061300	0.487800	3.510000	1.766900	7.760900	-0.848800	0.000000	-0.069400	-0.906200	3.669200	9.564800	4.162200	4.211500	1.947000	26.252020	18.736190	11.380700	3.771600
9	-0.470100	1.409400	0.960400	2.118500	1.647900	0.839700	0.954300	1.455000	0.000000	1.365000	0.968000	1.171700	1.715700	-0.364800	-1.036800	-0.522200	-0.657200	0.950800	0.660100	1.199200
10	1.745100	0.520400	-0.917600	0.557900	0.925300	0.957400	1.296100	0.558100	1.959600	1.006300	-0.832800	0.957700	-1.233500	0.396000	0.212800	1.191700	-0.349000	-0.981000	-1.117000	0.000000
11	0.000000	0.781900	9.137500	8.687300	12.511000	0.153700	7.630800	8.054200	3.153400	2.230000	2.556100	7.792100	4.918700	4.477100	6.542200	7.368500	15.946660	13.428000	14.961260	49.066200
12	0.000000	3.236800	16.195880	17.061190	19.204760	5.560800	20.399610	14.029200	7.679300	7.321300	14.320700	15.242690	13.358000	13.621900	13.616800	10.468100	39.855100	27.252760	28.357070	64.554100
13	5.453300	4.169100	2.743800	4.681100	4.462400	9.650800	4.976200	4.595800	4.826200	4.431100	2.508200	3.963800	6.264000	4.271400	6.794000	5.190100	3.055300	0.000000	1.117000	4.218900
14	1.300800	-0.332000	-1.751700	-0.652200	-1.164500	4.856300	0.804600	-0.505700	0.601500	0.317300	-1.585700	0.010300	0.000000	-0.224300	0.252200	0.279100	2.717000	0.069000	0.154500	0.504200
15	1.532200	0.000000	3.260200	1.984500	2.379800	4.938200	12.786100	0.368800	0.625800	1.925600	2.225400	5.961100	5.814200	5.508600	7.569600	4.161400	31.499630	17.353860	21.203540	17.571530
16	4.542600	2.212300	1.884100	0.000000	1.434000	2.526400	17.261310	1.798700	3.105500	2.323600	2.859400	9.380400	8.641800	6.782600	6.723800	3.772800	19.936810	19.202140	13.212300	16.678000
17	1.964600	0.610800	-0.587300	0.088700	-0.541600	4.364300	0.341200	1.772800	2.278000	1.360100	-0.422100	0.008900	0.000000	0.512300	1.823300	1.519600	0.560100	0.637500	0.447600	1.391100
18	0.698800	-0.552800	0.165600	0.873700	2.596100	4.921600	2.522000	1.221800	1.510800	0.260000	-0.982000	1.133100	0.000000	0.350300	1.313800	-0.952600	6.075900	1.390300	2.838500	0.985000
19	5.562600	3.293000	0.000000	2.676800	1.935700	8.407000	8.263400	3.584700	4.255400	3.432400	0.174900	4.984300	6.412700	4.027600	6.854500	3.401500	13.361500	6.997600	4.120200	4.246700
20	2.526400	1.916100	0.000000	1.865300	1.268400	5.754800	1.045100	1.783100	1.526400	1.971900	0.114000	0.260600	2.340600	0.452700	3.639300	1.512100	1.389100	2.576500	2.282600	1.825800
21	1.082500	0.784600	0.569700	0.873800	0.403000	3.630700	-0.059900	0.938500	1.190200	1.720200	1.506600	0.184000	1.549600	0.558400	1.870100	0.000000	0.992200	0.599400	0.232700	-0.839200
22	1.160700	0.654800	0.000000	1.475700	1.165600	2.569900	0.210300	0.789200	0.391100	0.563900	0.528600	0.302600	1.427900	0.720300	1.379100	0.479500	1.027600	0.531400	0.605100	0.890500
23	1.696400	1.069800	-0.102400	0.962000	1.568700	4.407000	-0.211000	0.464300	0.990000	1.157500	-0.110300	-0.253600	1.850300	0.470800	2.663000	1.635000	0.378400	-1.437500	-1.682500	0.000000
24	1.659700	1.483700	1.447400	2.341600	1.802300	0.000000	0.718000	2.631700	1.871000	1.661800	1.374300	1.342700	1.939900	1.425000	2.450200	1.662500	1.798500	1.583100	1.260400	1.231400
25	0.347500	0.284500	-0.134300	0.167900	-0.286700	2.302000	-0.417400	0.410100	0.285300	0.162600	-0.386400	-0.401500	-0.299500	-0.399500	0.000000	-0.046300	-0.677600	-0.694600	-0.978700	0.083500
26	1.436700	0.000000	2.989600	0.341700	1.310600	4.266700	1.185200	0.229400	1.062000	1.218800	-0.564500	0.280900	2.494900	2.197500	4.638200	1.712400	2.770700	0.074000	-0.341400	5.299400
27	1.452400	0.780600	-0.385300	0.135000	-0.366500	2.334700	0.223900	0.190200	0.996600	0.401400	-0.174900	-0.112000	0.000000	0.325300	0.392600	0.658100	0.727800	0.659300	0.223400	1.030600
28	5.163400	3.720100	0.284900	0.728400	0.000000	3.475300	1.661400	3.015000	4.748100	3.098100	0.628900	1.935100	4.855900	3.562100	6.137900	4.257400	4.221200	7.512100	2.686500	3.805100
29	3.516700	1.814500	-0.469200	3.164700	1.215400	3.556300	0.706600	3.721900	3.307600	1.601400	-0.119500	1.562700	2.188700	0.000000	3.465600	2.338500	2.214200	0.429800	-0.161600	1.939000
30	7.547500	5.973400	2.291200	5.274000	4.368000	9.377700	5.285600	5.539600	6.698800	5.345000	2.548400	5.072300	6.753100	5.162700	7.200600	5.509200	0.000000	6.398000	3.705800	4.187800
31	9.038700	7.098600	4.582800	5.133100	4.289700	8.641600	4.956500	6.486400	7.238200	6.540000	2.920800	4.911500	7.663700	7.144500	9.030600	6.968500	4.746300	0.000000	1.415400	4.800700
32	3.572800	2.092300	0.262900	1.146600	1.045500	5.361400	2.471000	1.768300	1.997000	1.656600	1.222900	1.126900	0.000000	2.820700	1.663500	0.661700	3.335000	2.843900	1.970700	2.639500
33	0.714600	0.277800	0.093400	0.065800	-0.359700	-2.013100	0.213100	0.391600	0.554100	0.658800	-0.945800	0.000000	0.848500	-0.053700	1.514700	0.451000	0.220500	0.363500	0.088800	1.287600
34	0.000000	0.863600	0.809400	1.258400	1.053100	3.896700	1.166300	1.281700	0.520300	0.992900	0.577000	1.534600	0.507700	0.147400	0.006700	-0.476800	0.873500	0.671100	0.644500	0.492900
35	1.315400	1.251400	0.961000	1.575800	1.540900	0.558400	1.095000	1.565400	0.579700	1.181500	1.111700	1.103400	0.449200	0.953300	0.000000	1.012300	1.373700	1.707900	1.231800	1.425500
36	2.196700	1.744700	0.806900	1.107800	0.616600	3.482700	2.426300	1.372900	2.219300	1.584500	0.065700	1.745100	0.845900	1.924900	1.958800	2.280200	1.226900	1.210800	0.000000	2.469600
37	3.799800	2.706300	1.025700	1.636600	0.000000	1.942400	4.086300	2.520400	3.597500	2.452000	-0.283100	2.574800	1.444900	2.722200	2.839900	2.295800	3.816000	4.474200	3.036500	3.684300
38	-1.887700	-0.352000	6.494500	5.624300	7.837200	6.867900	24.430436	6.328000	0.000000	-0.419500	10.436100	5.465400	7.538500	8.162800	5.924800	3.348200	40.726600	34.992600	29.001300	62.857900
39	4.791900	3.888000	2.989700	3.451000	2.400800	2.443100	4.516500	4.966800	5.048400	3.940800	0.925500	4.335100	3.439100	4.196900	4.489700	3.836500	4.778100	1.029000	0.000000	2.650800
40	1.548100	0.913300	0.000000	1.106000	0.529100	9.218800	0.956300	1.630400	1.640400	1.320000	0.040100	0.335600	0.268500	0.824900	-0.027500	0.807700	0.413900	0.278900	0.079200	0.943600
41	0.307100	0.156100	-0.125900	1.043900	0.301400	-1.119000	0.662700	0.722500	0.000000	-0.207100	-0.415100	0.374100	0.018800	0.485400	0.632300	0.698100	0.081600	0.092600	0.060100	0.817800
43	0.000000	0.643700	-0.083500	4.650600	4.872500	5.518200	1.246900	2.606000	1.322100	0.879400	-0.399600	0.695800	1.679800	1.438300	0.303300	0.568200	2.251200	0.234100	0.860600	1.230500
44	3.210400	2.055700	-0.630800	1.538200	0.952700	4.459100	5.553700	1.658500	2.865900	2.036700	0.000000	2.665100	3.150500	2.542400	3.674500	3.539100	15.065130	11.887100	7.886600	11.339600
45	-0.795000	-1.444100	-2.751000	-1.369400	-1.866600	-2.001000	-4.050600	-1.640700	-1.022700	-1.237400	-2.165800	-1.038500	-0.114300	0.000000	-0.131600	-0.634800	-0.812800	-1.377200	-1.576700	-1.562100
46	1.968100	0.964600	0.000000	1.774600	1.343600	0.510000	0.605700	1.746400	1.939400	1.557100	0.237100	0.381800	0.454400	0.878200	1.440900	1.670000	0.897600	1.021800	0.953600	1.473500
47	4.280300	2.570100	-0.088700	1.914800	3.382400	4.114200	4.033700	3.244600	4.412700	3.089600	-0.052500	3.228100	3.446000	3.138900	4.012400	3.128000	0.875500	0.000000	-0.786500	2.543200
48	4.493400	3.622800	0.000000	2.855800	1.647700	9.365600	6.707600	5.278600	4.600300	3.615600	0.213700	4.185800	4.871100	3.376100	5.426100	3.376900	4.400000	6.097600	3.341600	2.800000
49	-1.821700	-2.369500	-3.624300	-1.978300	-1.841600	0.438200	-2.835200	-2.829500	-2.169800	-2.406500	-3.088300	-2.914600	0.000000	-2.889400	-1.205200	-1.698500	-1.078300	-1.408600	-1.492200	-0.624700
50	0.000000	3.703100	4.195300	5.734700	5.482900	7.897300	3.480300	5.571900	3.934400	4.017100	3.692100	3.924800	4.004500	3.897300	3.658900	3.428100	3.449200	4.081000	3.806200	4.575300
51	1.406400	0.518100	-0.132500	0.730100	0.313100	1.493200	0.031900	1.108400	1.087600	0.854400	-0.233100	0.000000	0.366600	0.337500	0.865500	0.859300	0.105100	0.324200	0.255600	0.866800
52	2.287100	1.320100	-0.570600	0.000000	-0.903800	4.088400	-0.338300	1.056400	1.897400	1.066600	-0.896100	0.200800	0.755300	0.537100	1.407500	0.807500	-0.965900	-0.239100	-0.287700	1.100500
53	0.583900	0.804800	0.563100	0.398200	0.605300	1.614100	0.049600	0.380600	0.755400	2.162700	2.121100	0.000000	0.454300	0.365300	-0.248900	0.533200	0.722500	0.297800	0.199400	0.571600
54	1.628900	1.393400	0.801700	1.117100	0.847500	1.393000	1.180100	1.111200	1.689300	0.947000	1.086800	1.141600	0.505700	0.983500	0.000000	0.683700	1.504800	1.045700	1.105500	1.190000
55	2.683400	1.339600	1.400200	0.000000	0.853600	-0.359800	2.109900	2.972700	1.590900	0.897600	1.111700	1.524700	0.028400	1.589000	1.409200	2.464000	2.143000	1.200900	0.985200	2.724100
56	0.938000	0.726300	0.036600	1.821700	1.491300	1.006300	0.268000	0.169500	-0.215400	0.770500	0.373200	0.309200	0.151300	0.205100	0.185000	0.000000	1.748500	0.648100	0.163700	0.570800
57	1.077000	0.775400	0.512300	1.619300	1.481500	2.963100	0.592400	1.546400	0.000000	1.013000	0.379200	0.492000	0.668900	0.300900	0.661700	0.047300	0.968700	1.055900	1.032800	1.269300
58	1.647800	0.457200	-0.874000	0.000000	0.351900	2.087600	0.817600	2.015300	1.683600	0.355300	-1.585600	0.956200	1.230200	0.721500	1.132900	1.041700	5.909200	7.483000	5.653200	4.435800
59	0.568300	0.702600	1.309100	3.817100	3.844400	5.731800	0.000000	1.051400	0.556600	0.616600	0.095600	0.088500	1.543200	1.447700	2.144700	0.402500	3.325300	1.557600	1.427400	0.667100
60	1.270700	1.195600	0.486100	1.117800	0.505000	2.358700	0.786300	1.690900	1.093800	1.515200	1.186400	0.995300	0.998000	0.297600	0.291100	-0.043900	1.855700	0.000000	-1.023100	1.827000
61	1.507200	0.766300	1.736100	1.913100	1.712200	7.811900	4.145300	1.217300	1.188700	0.152700	0.000000	2.570700	1.572100	1.518500	1.726400	1.857700	6.845300	6.934000	7.444200	9.377900
62	0.418100	0.398100	0.075800	0.222900	0.227400	-0.518800	0.897600	0.000000	-0.968300	0.748800	0.023300	0.262700	-0.023000	0.789100	0.476800	0.479000	1.349200	0.477200	0.311600	1.199700
63	0.000000	0.271800	2.131900	3.305200	4.063900	-1.787300	1.367600	2.356900	0.446500	1.458800	1.532300	1.327600	-0.411800	0.473600	-0.054600	1.233000	9.713500	7.972700	7.999100	10.469400
64	1.660600	1.332200	1.254600	1.777800	1.845900	0.382600	1.565000	1.586100	1.614000	2.106000	1.582100	1.263600	0.000000	1.236000	0.820600	2.076300	1.392000	1.665500	1.632100	2.079500
65	0.942700	0.146700	-0.203200	0.662600	0.036700	0.543200	0.002300	-1.724700	-0.100400	0.840600	-0.168000	0.000000	-0.796400	0.015400	-0.887800	0.365800	0.095500	-0.557800	-0.700800	0.487100
66	4.676700	2.829600	2.284500	4.240300	4.455500	4.357200	6.119600	3.786100	3.686100	3.065300	0.000000	3.299700	5.590500	3.983600	5.447200	4.112700	12.656600	9.069300	2.563400	6.135800
67	1.537400	0.780500	-0.283300	0.701000	0.086500	4.106100	0.136800	0.506900	1.172300	1.030700	-0.411800	-0.201300	0.000000	0.015300	0.924100	0.633400	1.101800	-0.209000	0.526800	1.044900
68	0.363200	-0.508500	-0.714000	0.107700	-0.198600	2.073500	-0.203300	0.505800	0.000000	0.512800	-0.488100	-0.508900	-0.772000	-0.654400	-0.299500	0.238300	-0.408100	-0.732700	-0.764900	0.269200
69	1.209100	1.049300	-0.438300	1.454300	0.273500	2.802600	0.000000	1.203800	1.180200	1.363400	-0.338500	0.063400	1.094700	0.414200	1.035100	0.539500	-0.351700	-0.988400	-0.699100	1.135300
70	0.000000	3.241900	3.572100	4.737400	4.587300	6.618300	2.499600	4.743200	3.459500	3.418400	3.299400	2.911600	3.647600	2.937800	3.608000	3.454300	3.463100	3.503600	3.506300	3.598900
71	5.491600	3.164300	1.149100	0.000000	0.036300	6.968100	6.450400	1.935000	3.957400	2.651800	3.331400	4.514800	6.736200	5.177800	5.889000	2.606100	15.640520	25.604310	9.607300	19.775980
72	0.628400	0.114900	-0.842400	0.354900	-0.398400	0.884900	-0.051700	1.828300	0.919900	0.396600	-0.521700	-0.580600	-0.225900	0.018000	-0.225900	0.000000	-0.152700	-0.962900	-0.706600	-0.362900
73	3.563200	2.378300	-0.342400	0.000000	1.220300	2.061000	1.704800	1.525700	3.404800	1.450400	0.507800	1.678000	2.929300	2.927200	2.829900	1.771300	5.475000	2.606900	6.729600	5.534500
74	3.391600	2.628000	1.047400	2.077500	2.167300	4.195000	1.506700	3.865700	2.450400	2.005400	0.928400	1.540800	2.268700	0.980700	1.844300	1.505000	1.115000	0.293500	0.000000	1.282100
75	-0.051600	0.004400	-1.065800	0.732000	0.334600	-2.614900	0.048200	0.677700	0.000000	-0.038800	-0.577700	-0.269100	-0.677400	-0.467000	0.362500	-0.080600	-0.329500	-0.753200	-0.332000	-0.056500
76	0.551900	1.274800	0.040300	2.609000	1.990200	4.777900	0.624800	2.090200	1.726800	1.148400	-0.297200	0.094100	1.016800	0.416100	1.915000	0.000000	-0.471100	-0.266000	0.130700	0.630700
77	4.179600	2.119700	0.587400	0.518400	1.309300	11.483600	1.900200	0.000000	2.308800	1.490300	1.439000	0.828900	2.305300	1.535500	2.795100	-0.969400	3.975600	1.576100	1.928500	2.205200
78	1.739400	0.400600	-1.051600	1.956500	1.769600	9.199000	0.088600	0.500200	1.041200	0.219900	-1.243900	-0.659800	0.000000	0.011700	1.286600	0.644200	1.333300	1.115300	1.676500	2.135300
79	5.907500	4.507200	0.033800	1.346500	0.000000	1.912000	6.596700	3.466900	5.602800	2.660000	-0.137800	4.381500	5.271700	3.223700	5.373900	4.561300	16.425460	12.624000	7.739900	10.292300
80	0.414400	-0.268100	-0.985500	-0.307700	-0.621900	3.311300	-0.141600	0.000000	0.018300	-0.623400	-1.154800	-0.565700	0.182700	-0.054800	0.325800	0.241500	-0.008500	0.089800	0.033800	0.252400
81	0.531000	0.000000	0.273800	1.966200	1.375800	5.058900	-0.238400	1.337800	0.107300	0.172700	0.387200	-0.081000	0.579100	0.141700	0.236700	0.404000	0.304500	0.043800	-0.034800	0.657100
82	6.588800	4.767200	-0.345400	1.421200	0.000000	4.139900	8.328400	3.752500	5.763800	3.844100	0.330100	5.002100	5.911700	3.979500	6.873500	4.832100	18.485120	9.763700	6.012800	4.352700
83	1.594200	0.598200	-0.775000	3.994200	-0.192400	3.212000	-0.950400	1.608600	1.007500	0.230800	-0.891800	-0.260000	0.722000	0.000000	1.154900	0.357100	-0.276500	-1.018200	-0.508100	-0.148800
84	3.500400	2.461000	5.457100	3.120400	3.844200	0.000000	7.925000	2.692100	3.343700	3.458400	2.768900	5.932400	4.293700	3.494800	6.704400	5.154200	7.956000	7.040100	6.555100	5.680800
85	0.775500	0.466800	0.552100	0.615200	0.505600	0.419700	-0.209700	0.505300	0.511000	0.452300	0.345400	0.000000	0.802700	0.416900	1.098800	0.731000	0.294700	0.530900	0.590000	0.951400
86	0.917900	0.266100	-0.481400	2.180900	1.496800	0.154800	0.157800	2.408900	0.700000	0.350300	-0.405800	-0.379600	0.000000	0.160000	0.127400	0.459600	0.268100	-0.184800	-0.326700	0.532900
87	-0.784200	0.321800	0.470200	2.096600	2.624000	4.334400	-0.182700	1.624900	0.320800	0.068900	0.639100	-0.502000	0.975800	-0.255900	1.449500	-0.194400	1.280100	-0.696800	0.301400	0.000000
88	0.690600	-0.644900	-1.246800	-1.077000	-1.249900	7.429600	-0.202900	0.511900	0.211500	-0.019500	-1.250100	-0.784200	0.726900	0.000000	1.373400	0.607900	1.632900	1.418300	1.304100	0.054500
89	5.517300	3.812100	-0.143800	0.000000	-0.449700	5.141000	10.811300	2.384100	3.630800	3.018000	2.090600	6.257500	5.318800	4.060300	6.195500	4.463600	29.777430	14.966860	11.324200	29.020750
90	1.712400	0.796800	-0.965300	-0.922100	-1.423100	2.250700	0.050300	0.000000	1.185700	0.413100	-0.768700	-0.486200	0.515900	0.187600	1.882400	0.984500	0.043200	-0.745000	-0.025800	0.760800
91	4.164700	2.770100	2.293500	0.000000	1.420000	2.014900	5.849800	2.479400	4.213500	2.352400	1.365000	4.880800	5.509900	3.070300	4.721700	4.024200	20.332450	9.478600	5.153400	23.170860
92	3.152700	1.697500	-0.051000	0.073000	-0.267700	4.603500	0.495100	1.096200	2.104900	1.096000	0.133900	0.000000	1.439000	0.630700	3.464400	2.031900	5.078200	6.829400	4.026300	3.745100
93	0.679500	-0.335700	-1.392100	-1.002100	-1.664600	0.313100	-0.168000	0.060100	0.086500	-0.189500	-1.030800	-0.700900	-0.410100	-0.679500	0.000000	0.063300	-0.866000	-0.987100	-1.219700	-0.013600
94	2.137800	1.521300	0.000000	1.839100	1.028500	4.778100	0.265100	1.039400	1.235300	1.333400	0.574000	0.774700	2.113800	1.675200	2.253500	1.930500	2.094900	2.123400	2.092400	2.511800
95	0.133700	0.178200	-0.287500	0.000000	-0.064100	1.041800	-0.482500	-0.807700	-0.474900	0.233600	-0.378300	-0.586500	0.136100	-0.168200	0.517700	0.222100	0.564100	0.168000	-0.233500	0.500800
96	1.488000	1.033100	1.281600	1.988600	2.489300	0.972100	0.888800	1.986700	0.000000	1.144500	1.439400	0.856500	1.666100	0.941100	2.104100	1.089100	1.562300	1.244600	1.010700	1.428700
97	0.000000	3.198200	3.081800	4.757400	4.516200	7.707800	2.268600	4.202000	3.044800	3.399900	2.981300	2.717900	3.092500	2.929800	3.415100	2.794700	3.889100	3.929400	3.882200	3.089000
98	1.167100	0.490200	0.211300	0.577700	0.406300	2.178100	-0.072800	0.297300	0.534200	0.745300	-0.035600	-0.009800	0.000000	0.212100	-0.049700	0.475600	0.632500	0.430900	0.322600	0.525700
99	0.801600	0.483500	-0.463000	0.136600	-0.195900	0.342300	-0.072900	0.245200	0.787500	0.173000	-0.667700	-0.696500	0.000000	-0.143000	0.647100	0.556100	-0.249200	-0.278500	-0.588900	0.447400
100	1.861100	2.276800	1.759100	3.189200	2.315100	5.019500	0.000000	2.874200	2.163600	1.981300	1.632900	1.498700	2.402500	1.461000	2.593200	1.557500	2.294900	1.141500	2.155100	2.470400
101	0.787100	0.419400	-0.418800	0.000000	-0.272800	1.652800	-1.124300	0.225500	0.221400	0.061000	-0.692800	-0.703400	-0.535600	-0.224100	0.111500	0.167500	0.489400	0.007400	-0.454300	0.377300
102	2.921800	2.134500	0.310500	0.382200	0.182100	2.833300	1.526200	1.690300	2.249300	1.704600	0.175800	1.519700	0.000000	1.075900	1.603500	1.976300	0.673300	0.232600	-0.588900	1.827300
103	0.187700	-0.126000	-0.740000	-0.110100	-0.516400	-0.630500	-0.704200	0.040800	-0.301500	-0.182300	-0.521800	-0.666400	-0.611800	-0.484900	0.090500	0.000000	-0.630900	-0.695600	-0.781200	0.089100
104	5.019300	3.337000	0.390500	2.597200	3.281400	3.277700	1.724000	3.896600	3.712400	3.049800	-0.259100	2.175900	5.631300	3.751700	6.105800	3.838000	5.532000	0.000000	0.779200	2.861100
105	1.361600	0.148500	0.013800	0.011700	0.163700	2.461700	-0.026400	-0.467500	-0.708000	0.686400	0.348200	-0.585100	-0.355200	-0.046600	0.000000	-0.551700	0.163500	-0.110100	0.154100	0.011900
106	3.904400	2.309700	0.621000	0.098900	-0.288100	1.646900	0.447000	1.752300	3.531800	2.000000	0.685100	0.000000	4.784700	1.517400	5.408300	2.388900	1.908200	0.169800	-0.526100	1.480800
107	6.301800	4.569200	0.000000	2.716200	2.196500	10.537600	5.677400	3.694600	5.689100	3.521400	-0.423100	3.686900	5.366200	3.444900	6.224400	4.293100	9.888400	2.491800	0.696300	2.810100
108	5.688300	4.248400	0.703100	1.071500	0.000000	5.722800	9.864300	3.474200	5.047000	3.140500	0.931500	5.655300	6.476000	4.603200	6.365300	4.348300	18.602670	9.306300	3.772300	5.763700
109	6.649900	4.730100	1.417700	1.654800	0.000000	6.895300	8.445800	3.941000	5.971300	4.118500	0.655200	6.499800	6.242600	4.330200	7.202500	4.944100	22.560050	10.260800	6.689400	15.231260
110	0.831200	-0.793300	1.503900	-0.669200	-0.718700	2.337500	1.662400	0.357100	0.000000	-1.380600	-2.105100	1.408900	-0.231600	-0.539600	0.098000	-2.478000	9.098900	0.181400	-0.568000	1.232500
111	3.758600	2.761800	3.040900	1.683200	0.093000	0.000000	1.690100	1.636700	2.803900	1.830100	0.888200	4.288800	3.468100	3.828600	4.833400	2.768400	10.307100	4.418500	3.940000	9.371700
112	0.000000	2.982200	3.642900	4.980000	4.646100	6.898800	3.923500	5.043100	1.877600	3.552200	3.079900	3.876700	3.773400	2.712200	4.184600	3.302900	3.822100	2.883500	2.321100	3.132300
113	0.685100	0.000000	0.426400	-0.770400	-0.000700	0.689800	1.829800	-0.248900	0.674600	-0.199900	-0.894200	1.377100	2.943000	1.968900	2.095200	-0.050200	1.105300	1.375700	0.408800	0.611700
114	2.076300	1.256500	0.715800	0.000000	-0.047300	3.836900	1.279100	0.834800	1.686700	0.977900	-0.553900	0.810600	0.446600	0.650700	1.450300	1.715800	0.742200	0.606600	0.596500	1.745100
115	3.692000	2.444600	0.852900	1.471900	1.149100	0.000000	1.369800	3.117900	2.583800	2.161600	0.918700	2.387400	1.581800	2.042100	2.376200	1.622700	8.226700	3.982500	2.712200	5.998800
116	1.513000	0.519700	-0.494200	0.132600	-0.441900	5.602400	0.255700	1.286700	1.200900	0.575000	-0.462000	0.090900	0.337000	0.644000	1.091600	1.112700	0.422100	0.116700	0.000000	1.042900
117	1.037000	0.751000	-0.553500	-0.142700	-0.415400	0.112000	0.276500	0.302500	0.904300	0.399000	-0.866500	0.016500	0.000000	-0.038800	0.406200	0.755400	0.178200	-1.101900	-1.139800	0.555900
118	4.032000	3.224800	0.000000	1.391600	1.051800	1.746600	1.527900	2.563100	3.122800	2.406300	0.159100	1.366100	2.868600	2.020300	3.689500	2.197000	1.422700	0.594400	0.142100	2.307900
119	0.535200	0.308000	0.350600	1.197000	0.900400	-0.440400	0.564300	1.015100	0.542000	0.536700	0.120500	0.343400	0.539700	0.467000	0.000000	0.360900	0.012300	0.326900	-0.064700	0.614200
120	3.358700	2.803800	0.896900	0.538300	0.000000	6.180300	1.425200	2.653400	3.349400	2.150500	1.844900	1.529400	3.487500	2.638900	4.411400	2.952700	3.140500	1.448000	1.150700	2.737900
121	2.414500	1.767700	1.507800	1.917800	1.963100	0.000000	1.969000	1.990700	1.949900	2.213500	1.304500	1.882700	1.070400	1.631200	1.516600	2.202800	1.353700	1.835000	1.737600	2.075900
122	0.000000	7.622700	13.053400	18.444110	19.580480	12.497200	12.848900	19.551040	11.595500	10.273500	10.691100	12.308700	12.444600	12.113500	15.138500	13.854870	18.428190	17.683780	17.086720	18.207370
123	0.288100	0.131900	0.054700	1.150100	1.257700	1.941100	-0.405400	1.926000	0.204700	0.496200	-0.000500	0.000000	0.787900	-0.324400	1.002700	-0.350700	0.845700	0.127300	-0.116700	-0.365800
124	0.255300	0.225700	-0.127400	0.339700	-0.060700	1.534600	-0.038900	0.454500	0.228300	0.288900	-0.154200	-0.001500	0.118200	0.127400	0.000000	0.051200	-0.317300	-0.449300	-0.501700	0.190200
125	3.301700	1.687400	0.000000	2.967200	7.652200	5.948800	0.798200	3.343800	2.366300	2.039000	0.244400	1.860800	3.377400	2.406200	4.207100	2.342700	1.846300	0.814900	0.509000	1.288800
126	1.327300	0.841000	0.710400	1.676900	1.317500	0.642400	0.308900	1.896600	1.055300	1.132100	0.561500	0.468700	0.642300	1.155200	0.000000	0.863000	1.153200	0.896800	0.878500	1.251900
127	0.518800	1.239400	0.794900	3.501700	3.533100	5.721300	0.039200	3.492700	1.327100	0.577500	0.595400	1.013100	2.339300	0.619400	1.913900	0.000000	1.952000	0.046900	-0.350200	1.445500
128	5.012700	2.839700	0.058800	0.869300	0.000000	5.956300	3.267600	1.422600	2.839700	2.212100	1.405500	2.146900	4.185700	2.405300	2.531600	1.736000	3.422700	3.905200	4.064500	4.515400
129	3.909200	3.222200	0.850400	1.702900	2.707300	7.178500	2.985900	2.420200	3.064300	3.040900	-0.202300	3.720200	4.231900	3.285800	4.552800	3.440200	5.526100	0.000000	-0.201000	2.712900
130	2.706200	2.227000	0.000000	2.273600	1.824900	2.905300	2.072400	3.218000	2.752500	1.815900	0.460100	1.305600	2.159600	2.051300	3.758300	1.734600	3.761000	4.882800	2.209900	3.693900
131	5.409100	3.161600	1.042600	2.761000	4.004800	1.977800	3.628100	3.316500	3.480300	2.779500	0.000000	2.215000	4.730900	3.309100	5.059800	3.938900	7.343300	6.416700	7.229600	5.223500
132	1.086500	0.345200	-0.606700	0.392700	-0.241500	2.050600	0.000000	0.222100	-0.461400	0.077700	-0.967600	0.171500	0.160800	0.027900	0.492400	0.042400	-0.036800	-0.413400	-0.938100	0.691100
133	0.000000	3.718200	3.309100	4.557300	4.164500	6.578100	3.718100	4.193900	2.187400	3.682200	3.169900	3.626100	1.794300	3.384000	0.813600	2.258700	4.000300	2.027300	2.808200	3.583100
134	2.250600	0.549000	-1.922000	-0.325800	-1.378500	-1.359800	0.000000	1.610900	1.741300	0.643500	-1.415600	-0.683200	-0.199000	0.059600	-0.677400	0.474700	0.053000	0.236400	-0.230100	1.127400
135	1.148800	0.658300	-0.063000	0.755900	0.110500	-0.333400	0.659200	0.914500	0.993200	0.996400	-0.368100	0.241500	-0.888600	0.000000	-0.519500	0.947100	-0.173400	0.163200	-0.361800	0.947200
136	2.337000	1.157000	0.508500	2.032200	1.635300	0.305800	1.761300	1.685400	1.878700	2.099600	0.269800	1.433000	1.233000	1.409200	2.301000	1.754800	0.000000	0.936400	0.622900	1.566500
137	1.676400	0.000000	4.584500	5.651200	7.791000	6.447800	21.067790	5.620100	1.493800	1.739500	7.275000	15.099190	8.557900	10.289000	4.929100	5.108700	40.722400	32.457180	19.881520	46.119100
138	2.485400	1.358500	-0.083300	0.864200	0.000000	6.147800	1.405000	0.929800	1.880000	1.666100	0.267200	0.991100	0.628500	1.188400	1.705600	1.663600	1.318500	0.914900	0.732700	1.671700
139	2.393400	0.942000	-0.266900	2.832900	0.699100	3.359700	0.619300	1.522000	1.351200	1.635200	-0.351600	0.000000	0.134300	0.418800	0.287900	0.675400	0.413100	0.157100	0.173600	1.063600
140	5.000000	3.537700	0.000000	3.234100	2.095000	7.733900	5.469300	3.848500	4.987000	3.631900	0.227800	3.234200	4.614600	2.784000	5.150300	2.298900	13.976250	9.370600	5.211800	4.956500
141	2.962900	1.438500	0.454700	2.552200	3.113700	10.697500	1.392200	2.861400	2.469100	2.176000	0.659900	0.000000	1.374900	1.268500	2.863700	1.034200	0.232400	1.021400	0.817200	1.276900
142	1.330200	0.586800	-0.005300	0.690800	0.100400	2.977800	0.112900	0.255500	0.540600	1.085000	-0.392100	0.198100	0.615700	0.000000	1.282300	0.791100	0.245800	0.174600	0.112500	0.538300
143	1.475700	0.262600	-0.174600	0.256600	0.241400	1.659600	-0.443000	1.183500	1.824400	0.874500	-0.514300	0.000000	2.437400	0.763200	3.554000	1.054900	5.576200	6.121600	3.365900	2.957700
144	1.979200	0.865800	-1.524500	0.637900	1.037800	2.484100	2.158300	0.000000	1.151600	0.459700	-0.466200	0.619700	2.903900	2.306300	3.784900	-0.164800	5.977300	3.796500	5.246800	22.873470
145	-0.277600	-0.116400	-0.578600	0.000000	-0.344900	1.916300	-0.628300	-0.293200	-0.507400	-0.437900	-0.668500	-0.634300	-0.013800	-0.504700	-0.079000	-0.283000	0.221200	-0.534700	-0.133100	-0.158200
146	1.250600	0.219200	-0.539100	1.021500	1.019100	7.221600	0.390100	-0.008600	0.200000	0.224400	-0.150900	-0.058000	0.555000	-0.062500	0.000000	0.458500	0.124200	-0.617800	-0.539900	-0.034000
147	0.793700	0.720900	0.887300	1.120100	0.959200	0.000000	0.480800	1.123100	0.715000	0.816900	0.856500	0.371000	0.887400	0.704400	0.964500	0.817100	1.037700	0.658700	0.586300	1.001300
148	0.175300	0.022700	-0.816400	-0.181600	-0.834700	1.277600	-1.397000	-1.133400	-0.980300	-0.061900	-0.620100	-0.996700	0.000000	-0.749100	-0.078800	-0.865300	-0.506800	-0.866900	-0.943900	-0.751700
149	2.830100	2.372100	0.565300	0.000000	-0.422300	1.629300	4.991500	2.018700	2.466100	1.714700	0.484600	1.826500	4.117800	0.586700	4.370200	2.389900	11.637600	7.343200	5.075100	5.231200
150	0.736000	1.076200	0.343700	0.581300	0.412300	3.810900	-0.199600	0.005900	-0.110700	1.333900	0.878900	0.184200	0.713600	0.550800	0.761300	0.000000	1.129500	-0.501700	-0.265600	0.436400
151	0.855300	-0.323000	-1.940200	-1.807800	-2.063600	0.762100	-2.401100	-0.682800	0.275400	-0.484800	-1.951200	-0.796400	0.606000	-0.583700	1.056500	0.000000	-1.576700	-1.439700	-0.374300	-0.748400
152	5.101700	3.222000	1.808700	0.000000	-0.562600	4.651900	7.365600	2.737300	4.418700	2.715300	-0.111600	4.662800	4.665400	3.744000	5.981400	4.560400	17.279350	12.866200	9.458600	15.679300
153	4.627200	2.811500	2.016600	0.000000	0.345200	4.231600	5.756200	2.217800	3.827500	2.410700	1.143200	2.626400	5.600800	2.902100	5.536700	3.704200	14.839130	19.607860	14.169240	15.593270
154	5.105600	3.243000	1.275200	0.000000	-0.608300	3.734800	12.186400	2.080200	3.623600	2.407700	2.676800	5.395600	6.817000	5.592400	5.941700	3.910100	21.244030	11.395100	7.372100	4.984700
155	6.293100	4.575000	0.182000	1.235500	0.000000	4.221800	3.082000	4.033700	5.475900	3.548500	0.192600	3.730500	3.623500	2.756000	5.059800	3.908000	3.670400	3.803800	2.837100	3.979500
156	0.000000	5.030400	12.564400	16.162300	18.191210	21.172400	10.843700	15.600790	9.229900	8.145500	8.790900	10.750600	12.091400	10.605700	11.995800	11.142000	13.874000	12.884400	12.524000	39.969900
157	-0.263600	-1.060600	-2.977800	-2.261100	-2.806100	3.080000	5.403900	0.208400	0.000000	-1.715000	-0.990600	2.099800	5.096400	1.349100	3.298300	-0.450800	12.987200	10.204200	6.479300	10.587200
158	0.000000	1.527300	0.021100	1.474000	0.961900	0.498600	0.710300	1.864100	0.855800	1.193200	0.174600	0.643000	1.392800	1.134000	-0.206400	-0.998700	-0.054900	0.510700	0.246700	1.440900
159	1.248900	0.936100	-1.099100	1.775400	1.025700	0.920800	0.983600	1.909200	1.901700	1.072500	-0.644000	0.337300	-0.641300	1.150800	1.930400	2.038200	1.653800	0.000000	-0.835700	1.412600
160	2.017300	1.118000	-0.055300	0.609700	0.000000	0.630500	0.642300	1.274400	2.136000	1.560400	0.192000	0.664400	0.644900	0.750000	1.443700	1.594900	0.299000	0.806900	-0.038700	1.618000
161	0.000000	0.994500	13.891100	10.842200	13.586700	2.239400	16.685400	8.001500	3.787900	5.501300	12.831000	16.234830	13.362900	14.012600	14.146700	11.969700	44.788900	30.713390	26.588520	48.647500
162	4.879900	3.298600	0.905900	1.297500	0.000000	4.974600	5.449300	2.711500	3.713200	3.292500	-0.547100	3.787900	5.602900	2.741100	6.094900	4.245900	11.652500	7.228100	3.222400	11.536500
163	0.899400	-0.632900	-2.694400	-0.744500	-1.911900	2.165100	-0.364600	-0.178500	0.245900	-0.345400	-2.717600	-1.331400	0.000000	-0.865800	1.478700	-0.522300	-0.195800	0.180100	-0.470200	2.757000
164	2.252300	0.000000	-1.010100	-1.610100	-1.232000	4.150300	6.976800	1.011300	2.018600	0.519500	-2.237600	5.016100	3.822100	2.683000	2.768400	1.511200	23.205964	16.280680	9.768200	16.324920
165	2.343900	0.000000	1.485400	1.452900	3.963700	5.823500	11.388400	4.371400	2.297700	1.981300	0.314400	3.195700	5.912400	6.306900	8.892900	6.471000	33.696950	26.308600	22.318650	19.294110
166	0.465100	-1.291100	-2.940500	-2.885300	-3.886400	2.072300	1.169300	-1.794100	-0.385700	-1.296700	-3.436400	-0.611800	0.000000	-1.396800	0.535700	-0.803600	3.757600	10.610200	8.106300	35.424600
167	1.623800	0.000000	2.671800	0.028900	0.815300	4.223200	5.762600	0.723700	1.366300	0.248900	5.032000	10.001500	5.994800	3.579900	3.077300	1.575700	14.748860	17.319970	12.203200	23.232520
168	5.895500	4.038700	1.105000	4.051200	3.168300	5.923100	2.164500	4.580300	5.514100	4.329700	1.114300	2.521000	5.378000	3.213900	6.237100	3.974000	1.681100	1.263800	0.000000	2.535800
169	2.035600	0.000000	2.739900	2.044200	1.783500	8.755600	0.584000	3.967800	1.091800	1.877300	1.489900	4.619700	6.967700	4.631200	5.735700	3.562700	13.262200	18.028480	15.832670	35.532900
170	1.108100	0.098400	-0.227000	0.713700	0.268400	2.817500	-0.325100	0.579400	0.393800	0.568200	-0.360900	0.000000	1.483600	0.312400	2.223300	0.995200	0.831700	0.669100	0.301500	1.199500
171	0.330700	0.000000	1.724200	3.043200	3.178400	3.850900	2.067200	2.568500	0.408500	1.251700	0.123700	1.975500	3.121000	1.947500	4.550900	2.751900	11.630700	16.007180	9.538200	36.643300
172	0.000000	2.846100	3.077500	4.454500	4.374500	7.932600	1.885600	4.426800	3.096000	2.999300	2.990100	2.181400	3.192300	2.539800	3.405000	3.035800	3.013700	3.012200	2.999500	2.666700
173	2.642400	1.475300	0.035900	2.619000	2.395000	2.925100	0.903900	4.042300	2.701800	1.364900	0.186300	0.000000	3.692100	1.404000	4.077800	1.715100	0.497000	0.872000	-0.779300	0.644100
174	1.110200	0.919800	0.204700	0.550000	-0.033200	2.875700	-0.136400	0.871600	1.358600	0.846500	0.460700	0.000000	0.541800	0.633400	0.396300	0.191100	0.886800	0.481100	0.387800	0.150800
175	5.011200	3.095000	2.019000	0.000000	1.351500	1.795800	9.226300	2.600900	4.678200	2.578200	0.240400	6.564400	6.191000	4.160200	6.200500	3.865000	23.678568	15.927780	7.209700	25.010710
176	2.619700	0.967300	-0.828900	-1.284300	-1.731500	2.083200	-0.133800	0.000000	1.675600	0.438900	-0.486400	-0.280700	1.383500	0.865700	2.987600	1.833300	1.098000	-0.721000	-0.375800	0.176200
177	5.051500	3.508400	-0.746000	0.000000	-0.915200	6.523000	6.890000	2.478700	4.318800	2.351400	2.731600	2.141500	5.764000	4.591500	5.544100	2.404200	16.333820	19.359220	12.233000	16.397310
178	6.555100	4.405100	1.322600	0.807500	0.000000	5.166800	8.012800	3.738000	5.848900	3.440500	2.338100	6.824400	7.154400	5.912600	7.842300	4.906000	26.138110	19.477470	15.665840	20.699980
179	1.909400	1.239300	1.571400	0.322700	-0.195800	4.059000	1.566900	0.454000	0.847700	0.506900	0.321800	2.723800	2.320000	2.286800	0.000000	1.675700	0.564600	-0.073100	-0.483100	0.274900
180	0.181300	-0.021600	-0.164600	0.337300	0.000000	-1.634600	-1.435900	0.363700	0.183400	-0.059900	-0.382900	-0.647800	0.499600	-0.342400	0.350400	-0.687600	-0.479500	-0.411400	-0.352600	0.134600
181	0.540000	-0.025200	0.000000	0.613900	0.201700	0.234600	-0.205400	0.481300	-0.432900	0.217100	-0.153200	0.039600	0.532200	0.321400	0.750500	-0.179300	-0.708300	-0.254200	-0.536100	-0.283100
182	0.728400	0.413200	-0.128900	0.415600	-0.000300	-0.430000	-0.212000	0.689800	0.458000	0.657500	-0.131900	-0.251100	-0.179800	0.037500	0.000000	0.102600	-0.087600	-0.074300	-0.415300	0.423500
183	4.382300	3.470500	2.264900	2.616000	2.388400	4.327900	0.000000	3.426400	3.422800	3.218500	2.423200	2.685300	4.585800	2.514900	4.285000	2.335800	2.973600	2.651100	2.652600	2.726400
184	4.297700	2.697300	3.359900	1.656700	0.700500	0.000000	10.793600	3.233600	4.119100	2.492500	2.202000	7.286400	6.350500	7.990900	5.511500	2.721800	27.473990	23.325652	15.143190	32.307530
185	3.956700	4.280100	0.000000	4.401500	3.022300	6.104800	6.264700	5.255400	4.942500	3.086000	-0.265100	3.254700	5.329100	3.562400	5.363800	3.288700	7.987900	3.576500	4.190700	2.895700
186	0.000000	-0.367800	2.791400	3.085100	3.347900	0.235900	4.952400	4.114700	1.378800	2.128700	1.581000	4.129400	2.725100	3.086700	4.413500	3.607800	12.205500	7.135100	8.533000	3.342900
187	0.450400	-0.377100	-0.912500	0.000000	-0.691700	-0.894400	-0.800500	0.363300	0.163800	0.127200	-1.078200	-0.998500	-0.531000	-0.449500	-0.088300	-0.646500	-1.305800	-0.863600	-1.015800	-0.545400
188	3.781100	2.160400	0.115600	0.987300	1.340200	3.988000	1.461100	1.522300	2.739800	2.820600	0.905000	1.215400	2.583500	1.421700	2.826500	2.397800	-0.266200	0.000000	0.279900	1.746000
189	5.459400	4.120700	0.000000	2.678000	3.708400	6.208800	9.117500	5.238100	5.110800	3.278000	0.706700	3.435100	4.961100	3.458100	5.583600	3.072300	20.094910	7.597100	8.540700	8.460500
190	1.207700	1.283100	2.579500	2.354000	3.447500	-0.097900	3.170200	2.277700	0.162400	2.566500	1.312800	2.783900	2.882200	2.447100	0.000000	1.229300	3.938200	1.520600	3.762000	4.210800
191	0.698400	0.010400	-0.183000	0.194300	-0.271900	-2.123400	-0.175600	0.581700	0.756000	0.656000	-0.018800	0.000000	0.576300	-0.230400	1.641300	0.296700	0.178600	-0.176700	-0.402000	0.794400
192	2.756300	2.519500	2.135300	2.484800	1.901300	1.661300	2.149700	3.267200	2.585000	2.466500	2.047100	1.845500	0.000000	2.006100	2.660800	2.572000	2.124700	2.206300	2.219400	2.600800
193	5.490000	4.523800	0.723000	3.747700	2.486600	5.572700	6.855700	4.488500	5.321300	4.629000	1.516600	2.215200	6.498400	4.041900	6.402300	4.365200	6.535800	3.658600	0.000000	3.368200
194	2.532500	0.666400	3.084400	-0.272400	2.538400	1.940300	4.122600	0.000000	0.959700	1.039200	2.146300	6.245400	6.361900	4.479500	4.535300	3.279900	8.677800	9.494700	18.403360	43.726600
195	-0.027600	-1.008900	-1.425100	-1.114400	-1.750200	2.733100	-1.604700	-0.768000	-0.202200	-0.922800	-2.065200	-1.468900	-0.493700	-1.347000	0.000000	-0.537100	-0.480300	-0.607000	-0.712300	-0.014300
196	2.291500	0.763600	-0.286400	0.000000	-0.348600	-1.240700	-0.372400	1.225100	1.588800	1.174000	-0.657000	-0.347600	0.661000	0.235200	1.882500	1.136600	2.695800	1.967300	1.575100	2.536300
197	5.398400	3.854100	0.000000	1.600600	0.391500	6.204600	7.829100	3.985700	4.873000	3.626700	0.485700	3.934200	5.531700	4.144900	6.345400	4.406600	11.188500	4.864800	2.781700	4.890400
198	0.955200	-0.386500	-1.833000	-0.492900	-1.330200	3.119900	-2.981600	0.000000	0.219800	0.009600	-2.077400	-1.369500	0.624500	-0.359700	2.201600	0.687100	-0.057000	-1.104800	-1.084800	0.573700
199	0.350800	-0.492700	-0.769400	-0.177300	-0.716700	2.728900	-1.046700	-0.685400	-0.587900	0.070300	-0.944800	-0.813600	0.000000	-0.770300	0.479700	-0.087700	-0.810600	-0.764900	-0.904000	-0.610300
200	1.408700	-0.162100	-1.347200	0.571600	0.334100	3.006800	-0.087500	0.215100	0.296100	0.175400	-1.479400	-0.392600	0.000000	-0.520000	1.414000	0.346300	3.969400	8.666800	4.637500	1.601400
201	5.508600	3.664600	1.165000	5.080600	3.983300	7.362100	3.049200	3.715000	4.369800	3.532900	0.000000	3.587800	5.804500	3.706700	6.853300	3.545300	10.828300	9.328500	4.413900	5.470600
202	1.013000	0.042100	-0.993400	0.331400	-0.276800	4.161100	-0.610800	0.345300	0.097400	0.358700	-0.876900	-0.754200	0.000000	-0.477700	1.481900	-0.149100	0.425300	0.174300	-0.447400	-0.660000
203	0.805200	0.000000	-0.176400	0.720100	0.290200	2.490600	-0.789100	0.247600	0.092800	0.487600	-0.236600	-0.420300	0.763500	0.000100	1.431500	0.103400	-0.041400	-0.169600	-0.397700	-0.395900
204	1.184100	0.999600	0.914800	1.507900	1.086000	2.806900	-0.707800	1.143000	1.942900	0.593400	-0.217500	-0.781800	2.281900	0.662500	2.792300	0.000000	-0.255000	-0.348500	-0.703900	-1.425300
205	-1.194300	0.500800	0.525700	1.529600	2.268600	4.538300	-0.682900	0.918500	-0.209600	0.604500	0.426000	-1.186700	0.713000	-0.140800	0.667600	0.000000	0.272800	0.185300	0.078600	-0.403100
206	5.856600	3.808300	1.748600	1.048300	0.000000	6.567200	6.114600	3.267900	4.755200	3.502800	1.348000	4.343100	7.083600	5.266800	7.579700	3.802600	19.226870	13.700200	14.039100	17.265420
207	1.336700	0.562100	-0.935200	-0.004200	-0.500700	2.151000	-1.611000	0.000000	0.429300	0.325800	-1.043500	-0.725300	0.250000	-0.565900	0.109100	-0.220400	-0.510900	-0.679200	-1.014900	0.017600
208	5.045200	3.942600	-0.338300	1.602000	0.000000	3.980500	3.037600	3.837200	4.891700	3.377200	-0.077500	2.702400	5.680000	3.431100	4.506600	3.121400	5.099300	4.310000	4.599800	6.371100
209	1.794000	0.000000	4.064400	4.144000	5.780700	5.921200	1.733500	4.863600	1.398600	1.890600	1.482900	2.881300	4.741400	3.078100	4.642400	2.331800	7.661000	12.158000	10.381000	46.956100
210	0.783900	0.531800	-1.288200	-0.380600	-0.419000	0.079700	0.170300	0.000000	0.826600	0.516900	-2.512800	0.196200	1.815900	0.149600	1.814100	1.003300	0.666700	-0.265000	-0.234300	0.985900
211	0.000000	2.879200	2.369000	3.918000	4.110900	7.663400	2.182800	4.234900	2.890900	2.890900	2.593400	2.045800	2.803900	2.343600	2.751900	2.174800	3.298600	3.474300	3.057900	3.077600
212	1.460900	-0.108900	-0.589400	-0.262500	2.170400	6.928000	-0.477400	-0.094800	1.232600	-0.016300	-1.122900	-0.975900	0.000000	-0.996600	3.070600	0.543300	2.965400	-1.235400	-1.592300	0.003400
213	0.862200	0.360300	-0.456800	-0.291000	-0.840500	0.331200	-0.762100	0.000000	0.362100	0.008400	-0.755300	-0.671100	0.299700	-0.289200	0.348900	-0.010800	-0.285700	-0.299900	-0.350300	0.199800
214	3.978900	2.441600	2.545600	0.000000	0.189700	0.530800	3.701200	2.176200	3.669800	2.093700	3.697400	3.357800	3.762400	3.103700	4.973700	3.622500	5.041100	4.322100	3.764700	9.880400
215	0.274200	0.110900	-1.085600	-0.250400	-0.687400	6.199300	-0.740500	0.910400	0.750900	1.215500	-0.906100	-0.735000	0.000000	-0.683300	0.495600	0.360200	0.136100	-0.478300	-0.558500	0.557800
216	0.447700	0.373500	-0.437900	0.338100	0.263200	6.331700	0.000000	1.694300	1.087100	0.325600	0.024500	-0.085600	0.869300	0.397900	2.981600	2.216400	2.799400	2.292700	1.312300	3.795000
217	6.093400	4.787000	0.310500	2.702300	1.629300	6.184800	3.966900	3.971500	5.857800	3.839900	0.333500	3.799600	5.916400	4.115800	6.588000	4.713900	-1.075400	0.000000	-0.976700	3.164200
218	1.383600	0.453200	-1.502600	-0.381200	-1.179900	2.617100	-0.256600	0.951300	0.730800	0.047200	-1.103700	-0.764300	0.000000	-0.500400	0.853600	0.390100	0.159700	-0.804200	-1.103800	0.461500
219	0.000000	8.641000	30.203300	26.678980	33.210340	16.644750	28.015540	24.203342	15.614960	16.116690	28.885370	26.109480	30.390790	32.749850	27.292550	24.873930	57.449600	52.519200	61.587000	68.540400
220	0.800800	0.847300	0.637800	0.510800	0.325500	1.223200	0.615800	0.465500	0.575400	0.620800	0.524300	0.330300	0.622500	0.372900	0.000000	0.096500	0.680600	0.565700	0.522400	0.453800
221	0.000000	1.693000	1.574900	1.866700	1.873400	4.034300	1.414900	1.803700	1.873700	1.743500	1.202000	1.292100	1.769900	1.109900	1.906700	1.253100	1.308000	1.228500	1.125800	1.757900
222	1.401300	0.729100	0.224600	0.641700	0.178700	1.665800	0.000000	0.432900	-0.038500	0.669500	0.326300	-0.060700	1.105300	0.234200	2.138800	0.567100	0.344500	-0.244100	-0.131200	0.189600
223	4.258900	2.227600	1.080500	0.000000	0.800600	5.611800	13.247700	2.825600	3.462500	2.165700	2.522300	8.642700	6.751100	5.126900	5.312300	3.394300	28.553700	20.922180	14.721680	8.309700
224	0.058600	-0.247700	-0.796900	0.046100	0.146900	8.436800	-0.345800	0.778700	-0.283000	-0.636800	-0.673800	-0.808400	0.199700	0.000000	0.222000	-0.820500	0.127900	-0.197100	-0.273100	-0.204600
225	2.218200	1.110100	-0.407200	-0.101700	-0.518100	5.309800	0.621100	0.980500	1.788500	1.041100	-0.083900	0.000000	1.843500	1.013900	3.049300	1.639500	1.232000	0.099900	-0.200600	1.413600
226	5.565100	3.616600	2.470800	0.000000	0.908200	5.965500	19.863590	2.709300	4.737800	2.714300	3.301400	8.093900	8.955800	6.759200	5.620700	3.824500	26.482730	20.031790	12.257800	20.802010
227	2.704600	1.600600	0.449000	0.000000	-0.003000	4.225400	0.470900	1.152900	1.794000	1.192500	0.641100	0.636800	2.403900	1.083000	3.455800	2.214700	1.625900	0.550000	0.215200	1.929400
228	2.227900	1.678800	3.886500	2.027100	6.984400	0.935800	22.256580	0.000000	0.307600	2.216500	7.380400	10.155600	10.450000	7.197800	7.794600	4.155300	39.783300	29.161500	23.432540	41.106200
229	0.480600	-0.281000	-0.338600	-0.337000	-0.645500	3.276800	-0.381500	-0.058700	0.041400	-0.200900	-0.556900	-0.309000	-0.676600	-0.446100	0.000000	-0.117100	0.219800	0.086700	0.022400	0.565700
230	1.326700	1.201800	0.618700	1.942100	1.376600	1.743900	-1.506400	1.496100	0.409800	1.079500	1.006100	0.000000	1.777900	0.309300	1.697200	0.559100	1.391900	0.882100	0.687700	0.268700
231	0.164700	0.291000	0.475700	4.356700	3.065300	5.286200	0.201700	3.243800	-0.013900	0.576300	0.661500	0.344000	1.084100	0.637700	1.253600	0.000000	2.097900	0.810700	0.462500	1.387300
232	1.075200	0.000000	-0.378300	0.131500	0.235800	0.717000	-0.257500	0.840100	0.777000	0.091100	-0.131500	-0.460500	0.202600	-0.029800	1.246700	0.586700	1.097200	0.294200	0.923100	0.575600
233	6.202200	4.726100	3.173100	2.975200	2.961500	8.088800	2.737600	4.767400	5.664000	4.502400	2.959100	3.303600	6.005200	4.251100	6.981400	4.648800	0.890800	0.000000	1.059100	3.180400
234	0.133000	0.013600	-0.648300	-0.064200	-0.386900	-1.034900	-0.782600	0.013600	0.026600	0.166700	-0.781800	-0.744400	-0.246700	-0.342000	0.000000	-0.165700	-0.972300	-1.383700	-1.455500	-0.052200
235	1.787000	0.000000	9.778200	2.345700	3.062900	8.488800	21.318700	3.627600	1.013500	1.538600	5.126100	15.003510	11.702100	10.193100	11.155800	11.416200	40.625600	37.563900	30.065110	34.306000
236	1.599700	0.947200	0.757600	1.802900	1.864800	1.919300	0.413400	0.034800	0.072100	0.094000	0.849800	0.631600	1.729900	0.820700	0.000000	0.484800	1.024900	0.859800	1.410300	0.467000
237	5.753500	3.882900	0.000000	1.685500	1.450600	8.212800	5.504900	2.474800	4.354800	3.131600	-0.120300	5.153600	4.702500	3.107600	5.246700	4.514200	12.550200	15.772240	11.559500	4.479100
238	4.898600	2.873300	2.881600	0.000000	2.546200	5.926700	15.502750	2.625800	3.578200	2.112800	4.513500	11.375100	7.336200	7.291900	6.142800	3.426600	31.219270	17.428180	11.229900	15.047970
239	4.741000	3.245700	-0.811700	0.000000	-0.956000	2.986100	5.263800	2.569300	4.040000	2.298600	-0.666800	3.798200	3.899700	2.808300	4.450400	2.583200	18.777380	11.946600	9.296700	3.570000
240	4.146000	2.807700	-0.139600	0.000000	-0.392700	4.517600	2.921300	1.586900	3.480700	1.655600	0.918200	2.885600	1.038300	2.398500	2.509400	2.013700	15.169220	11.451400	5.557900	13.016200
241	1.723300	0.000000	0.511000	0.476200	0.917200	4.785600	7.874200	2.329000	1.021800	0.378300	1.878900	4.442800	4.659900	3.993000	4.366500	1.156400	24.781470	16.524570	12.813200	29.783880
242	2.209100	1.111100	-0.192800	0.000000	-0.071500	2.451300	0.470800	0.939500	2.098400	0.963800	1.127300	0.204700	1.578200	0.645100	1.964900	1.597300	0.806500	0.546100	-0.226400	1.415800
243	0.000000	2.596100	2.338000	3.713000	2.445400	5.786500	1.566300	2.916900	2.513400	2.440100	1.717600	2.065200	2.061500	2.140400	1.644000	2.217100	2.342100	2.161100	1.936800	2.586300
244	1.986900	1.437200	-0.534400	0.000000	-0.381300	2.700600	0.430800	1.192100	1.495600	0.939400	-0.813100	0.519700	0.910800	0.869100	0.973600	1.036400	-0.745500	-0.663700	-0.991300	0.723500
245	3.120800	2.175100	0.901000	1.673100	0.926400	3.745300	0.000000	2.498600	2.183100	2.230900	0.888900	1.343100	1.711400	1.347700	2.487600	1.845600	1.585200	1.536000	1.252800	1.941900
246	3.627300	2.137700	2.268400	2.100500	4.070600	0.000000	3.904300	2.381600	2.981900	3.503100	0.682900	1.303500	3.147300	2.712300	5.234500	5.422000	8.947100	7.286300	6.564200	8.409600
247	0.792100	-0.114000	-1.056300	1.068100	0.681800	6.362000	0.053200	1.997200	0.854300	0.286600	-0.995900	-0.516200	0.312600	0.373400	0.009900	0.000000	-0.866800	-0.676700	-0.411000	0.467200
248	3.338600	2.125500	0.510300	1.060700	2.960300	8.424700	8.859100	0.000000	1.606800	2.363400	3.674800	5.328700	7.136200	4.697400	3.997700	1.219400	24.365829	13.462000	14.316940	13.311200
249	0.399800	0.000000	0.144600	0.580300	0.229400	-0.931500	0.350500	0.580300	0.346400	0.825200	-0.044400	0.128700	-0.075000	0.269600	0.279000	0.579700	-0.735000	0.087800	0.028500	0.788300
250	4.929300	4.855500	4.151100	4.980200	4.254700	4.512000	4.229000	5.368700	4.776200	4.769000	3.059800	4.567200	4.926000	4.358800	5.096500	4.951200	0.000000	2.585500	2.266300	3.869700
251	5.715700	4.044800	0.000000	2.818100	1.653200	9.690900	9.225600	3.558400	4.981400	3.863200	0.372500	6.285500	6.050100	4.547900	5.841800	4.559900	5.380500	11.371400	6.113800	5.957800
252	1.049700	0.664700	0.098000	0.429300	0.231100	3.438800	0.084700	0.418900	0.545700	0.718300	-0.184500	0.000000	0.314100	0.262500	0.605800	0.723700	0.527200	0.431500	0.252700	0.655300
253	0.000000	2.335900	3.897100	4.853600	4.830300	6.084000	3.401500	4.881800	3.870900	3.826800	3.752600	3.853300	3.766700	3.339700	3.830400	3.826800	3.815800	3.805300	3.810100	3.927100
254	1.037700	0.327700	-0.858100	-0.866000	-1.383100	2.945700	-0.141200	0.000000	1.484700	0.931500	-0.321500	0.562700	0.319100	0.136200	1.840900	0.566300	1.159100	0.185800	-0.059400	0.640800
255	5.763300	4.594900	0.000000	1.268800	1.201600	6.129200	9.819600	3.025200	4.919700	3.641200	0.244200	5.537400	6.018400	4.322000	5.951700	4.022300	11.543200	4.446700	1.325900	3.671500
256	0.937500	0.142200	-0.239700	0.598200	0.122500	0.756000	0.030100	0.646000	0.485700	0.094600	-0.093500	-0.318300	0.000000	0.027800	-0.734600	0.078000	0.208300	0.007500	-0.016200	0.482000
257	3.284100	2.664100	0.000000	1.306400	0.918500	2.353400	3.412000	1.888400	3.411100	2.236400	-0.062200	3.032800	3.604800	3.338200	3.814700	2.412500	2.569800	2.086700	2.045000	3.153500
258	0.947700	0.089300	-1.718100	-0.114900	-0.919600	2.657300	-0.525900	2.315800	1.101800	0.044700	-1.825600	-0.789200	0.064200	0.098900	1.132300	0.407800	-0.947100	-1.637900	-2.272200	0.000000
259	0.809000	0.776500	0.617900	0.967800	0.979700	0.000000	0.683400	0.936700	0.714500	0.873400	0.603400	0.714000	0.629700	0.785400	0.661500	0.843400	0.512200	0.634000	0.616400	0.875900
260	1.477500	1.144000	-0.137400	0.736100	0.227400	2.111200	0.574800	1.585200	1.476700	0.888000	-0.344400	0.572000	0.740200	0.628000	0.222100	0.000000	-0.191800	0.582100	0.550000	1.033900
261	0.000000	2.687900	1.572900	6.130600	6.301100	5.549400	2.770200	6.511200	4.101400	2.956600	1.602500	3.006600	3.331300	2.728600	4.142100	2.769200	3.368300	2.933200	2.647800	2.770300
262	3.622300	1.989200	0.000000	0.771400	0.472900	2.903600	3.391400	1.718300	2.722600	2.341300	0.642000	2.199100	1.785800	1.939500	2.691800	2.534200	1.559800	1.511600	0.997100	2.876800
263	5.933100	3.981600	0.368500	1.327700	0.000000	3.829400	5.751600	3.938500	4.588300	3.483100	0.043400	4.719700	5.547800	4.055100	6.126400	4.680100	18.850280	19.589410	12.560300	27.731250
264	1.866200	0.896800	0.046500	0.648600	0.084700	4.752100	0.473900	0.764700	1.569900	1.091500	-0.212100	0.000000	1.352700	0.674700	1.732700	1.579700	0.831300	0.784400	0.663900	1.496900
265	1.110700	-0.052000	-0.661100	-1.261600	-1.280800	2.424100	-1.233200	0.000000	0.391800	-0.711800	-0.987300	0.603600	3.564100	1.230900	3.319400	1.137700	8.502000	4.041500	2.067700	0.072900
266	2.181700	3.064400	3.222400	3.542400	4.643600	3.474400	3.225700	3.354000	2.812500	2.747200	3.359000	3.387000	3.431600	3.280300	0.000000	2.996500	3.469100	3.459900	3.371300	3.292100
267	1.599700	0.283500	-0.172100	0.441300	-0.127200	-0.713500	-0.190400	0.291100	0.305700	1.107700	-0.031600	-0.278900	0.000000	-0.035200	1.424600	1.027400	1.025900	0.593500	0.489100	1.395400
268	3.333100	2.711300	1.205600	1.543800	2.093300	4.209500	2.328300	3.149800	4.011300	2.308700	0.569300	1.967000	5.690800	2.241600	5.637100	2.237000	0.566800	0.000000	-0.873500	1.961300
269	2.018200	3.249800	-0.370500	4.387900	3.700600	4.272200	3.766900	3.466500	2.765800	2.193000	0.000000	2.294900	3.756300	2.341700	5.029700	1.840500	15.334100	16.326590	10.802600	9.571600
270	1.837300	1.125000	0.312000	0.640500	0.169300	3.593400	0.000000	1.828600	1.448800	1.358700	0.371600	0.652300	2.248500	0.996000	3.445000	1.424100	1.920100	0.376900	0.199900	1.941700
271	2.055400	1.876100	2.640700	1.501900	2.768800	3.971300	13.837900	0.000000	0.854700	1.480500	2.781600	8.450700	8.268900	6.856900	4.776300	4.093100	29.335320	22.731070	18.909500	21.291130
272	0.500500	0.007800	0.061600	0.553700	0.327500	-1.718100	0.466500	0.403400	0.000000	-0.177100	-0.013500	0.302300	0.762000	0.488500	1.800100	0.596100	1.010600	0.854700	0.582600	1.021300
273	1.124700	-0.521600	-1.350600	-1.281000	-1.346900	2.745200	-0.846500	0.493900	0.778700	-0.619900	-1.910200	-1.089800	0.000000	-0.710900	2.022200	-0.162900	-0.424100	2.437400	1.214800	2.091600
274	1.118700	0.902100	0.957100	1.287300	1.205400	0.000000	0.611800	1.139700	1.096900	0.999700	1.335500	0.634800	1.265000	0.486700	1.214100	0.835400	1.133700	0.956900	0.863800	1.096200
275	-0.928600	0.874800	0.676100	2.762600	6.040900	3.633700	1.077200	2.998000	0.491800	0.797600	0.482900	0.478100	0.946400	0.903300	0.000000	-0.972000	2.371100	0.716100	0.516100	-0.043600
276	5.359800	3.281100	-0.434800	0.000000	0.349600	5.940800	9.598600	2.394000	4.109600	2.526100	1.938200	5.462700	5.804700	4.840700	4.434200	2.701400	16.751550	14.773950	10.308900	12.356500
277	4.910300	3.601700	0.681100	4.055100	3.605900	6.035500	1.637800	3.379200	4.517300	3.298200	1.137000	1.011900	5.723600	3.008400	6.195600	3.724100	1.054500	0.867700	0.000000	2.674300
278	1.722900	0.000000	4.866700	0.387700	3.785300	5.118100	9.702400	2.829800	1.726300	1.089800	3.752800	7.592000	6.773900	6.838200	5.582200	4.252900	13.456300	8.744500	6.050300	22.055090
279	1.652800	1.317000	0.298900	0.000000	0.918700	4.048700	10.579900	0.990500	0.678800	0.181900	0.266800	3.138600	5.101300	2.545500	4.281800	2.205000	27.019690	18.763580	15.014900	25.191911
280	0.000000	3.163300	4.900500	6.655900	6.711700	13.322400	5.482100	7.625700	4.713900	4.416100	4.156900	5.432000	4.565800	5.927800	4.776700	6.557400	8.176300	4.745000	3.893700	8.316700
281	0.111300	-0.843100	-1.570900	-0.253100	-0.822700	-2.571900	-0.119100	0.253000	-0.103000	-0.333400	-1.556100	-0.634100	-1.110500	-0.705600	0.000000	-0.009600	-1.055800	-1.056300	-1.414900	-0.102900
282	1.324400	0.000000	1.463000	-0.120600	-0.314700	0.187400	10.223400	3.124400	0.105800	-0.396100	2.892600	8.850400	5.050600	6.390000	0.940000	-0.306900	18.518460	18.881020	10.029500	7.509600
283	2.981000	2.331000	3.799400	0.801100	3.354600	5.733100	7.550600	0.000000	1.620400	1.847600	5.013400	6.611100	8.327500	7.150800	4.585600	2.239400	23.069650	10.866400	9.129600	29.883690
284	2.377200	1.790300	0.000000	1.989200	1.695300	0.301500	1.461200	2.705700	3.174600	1.546400	0.453300	0.284600	2.523400	2.240000	3.216700	2.615500	3.063900	2.226900	1.132000	2.236400
285	4.313200	3.137100	2.108300	0.407900	0.000000	6.474000	6.324700	2.716900	3.950200	2.753200	2.146600	3.006700	4.888500	3.499000	3.930700	3.593300	12.248300	10.807300	5.448100	5.837900
286	2.365200	1.359600	-0.363200	0.461300	-0.420100	-1.017900	-1.211400	1.380200	1.970000	1.095200	0.081900	0.000000	2.172300	0.399000	2.381300	0.927000	0.674000	-0.529300	0.350100	0.880700
287	5.846900	4.088300	0.224200	2.396800	2.233100	12.455900	5.152000	3.829200	5.388600	3.820700	0.588000	3.025500	5.262000	3.290600	5.200000	2.914000	0.391700	0.000000	-0.866200	2.033200
288	1.862900	0.732700	0.541000	0.944100	0.744700	2.293200	0.231900	2.241100	1.931800	1.158100	0.379600	1.146100	2.294500	1.135700	2.851800	0.000000	2.454900	1.704100	1.201600	2.305700
289	4.286800	2.257300	8.044800	3.365800	5.567900	0.000000	26.205830	5.252600	3.565100	4.250200	10.034900	16.280490	9.085100	12.157200	6.508300	4.953600	42.848900	26.489140	26.030300	24.009671
290	1.346000	0.000000	-0.506400	0.673300	0.371000	6.523500	0.207700	2.420900	1.218900	0.015200	-1.216000	-1.003200	2.023800	1.272700	1.431900	0.552400	-0.056500	-0.748300	-0.622100	1.011000
291	-0.263300	0.394300	0.269800	0.832800	1.834300	2.048200	-0.252300	0.507800	-0.063500	1.683800	0.062700	-0.112800	0.433800	-0.265600	0.000000	-0.550400	1.153400	0.377900	-0.008200	0.196200
292	-0.687500	-0.054900	-0.312100	0.506600	-0.029300	4.039600	-0.175900	0.000000	-0.917900	-1.013800	-0.334300	-0.021700	0.406900	-0.699300	-0.376300	-0.950700	0.381800	1.146400	0.898300	-0.111400
293	1.505400	0.254700	-1.376800	-0.578200	-1.238400	1.838100	-0.561600	-0.315200	0.764700	0.056300	-0.863200	-0.839400	0.000000	-0.412000	0.922800	0.552500	-1.402800	-0.809700	-1.193600	0.103700
294	3.631800	1.948500	0.544800	0.000000	0.035300	6.870600	0.612900	1.234800	2.373600	1.502700	0.578300	1.164600	2.096900	1.235800	3.084100	1.704500	5.569600	3.736600	0.071100	3.955200
295	2.684600	1.877200	0.503600	2.036500	1.258900	1.020000	1.698300	2.342400	1.404800	0.681900	0.534700	1.591200	1.615400	1.616100	2.522600	0.000000	3.211100	3.385800	3.131900	3.094600
296	5.071400	2.767400	-0.342400	1.155200	0.000000	4.980300	2.295800	2.958600	3.457000	2.142800	0.428200	2.087300	2.687000	2.009900	2.909000	2.706800	-0.397600	1.066700	0.603300	1.337900
297	0.643900	0.000000	-0.141500	0.542400	0.019000	-1.021300	0.268900	0.656800	0.045100	0.238400	-0.524400	-0.062700	0.554100	0.480800	0.249100	0.103600	0.028900	0.081300	0.142100	0.484400
298	1.260800	1.254800	0.000000	0.265200	0.036300	5.768700	0.351900	0.615900	0.975700	1.026900	-0.678200	1.141500	-0.695400	0.298000	-1.441300	0.521700	1.235700	0.443500	0.223900	1.225600
299	0.794300	0.000000	-0.393400	0.914100	0.338800	-1.047300	0.290500	0.556500	0.526600	0.703200	-0.199900	0.049100	-1.106600	-0.269000	-1.101700	0.798600	-0.388500	-1.140700	-1.736700	0.687700
300	-0.302700	-1.170600	-2.151600	-0.621600	-1.587500	-1.714900	-0.419400	0.000000	-0.662300	-0.374400	-1.927800	-1.111200	-2.058300	-0.969000	-1.047200	-0.215300	-1.014800	-0.703400	-0.920300	-0.228400
301	2.101800	0.431500	-1.499100	-0.430800	-1.221300	-0.735100	2.545300	0.184600	1.581500	-0.108900	-2.953800	1.220700	2.390500	1.604600	1.988600	0.000000	5.811200	10.082800	4.310600	2.215500
302	1.332500	0.000000	2.003000	2.246400	2.581500	1.460700	1.264000	2.096700	0.917000	0.594100	-0.443400	2.134400	1.811100	0.890500	3.912100	0.351600	4.657200	10.090500	3.243700	31.435060
303	3.309000	2.192700	0.941700	2.075300	1.931300	5.592100	0.000000	1.598900	2.454800	2.626500	0.649700	1.058700	2.876300	1.102500	4.706800	3.292300	6.269600	4.506500	5.624700	5.706000
304	1.763900	0.749200	-0.414600	0.861900	0.199700	3.042100	0.314500	1.298200	1.145400	1.183000	-0.391900	0.000000	0.640600	0.462100	1.332900	0.652100	-0.100000	-0.164200	-0.251200	1.107400
305	2.897500	0.857200	-1.502500	1.540000	1.011100	4.154600	2.715100	1.346700	1.544000	1.172900	-2.116000	0.116000	1.129200	0.000000	3.409900	2.601800	8.027000	5.594300	3.653900	9.568100
306	0.000000	1.189300	16.888160	12.738700	19.828280	10.163400	18.963510	8.152900	4.399300	8.675500	15.697650	21.028470	21.575290	19.916870	20.698990	15.510270	59.514600	55.752200	50.269000	56.322800
307	1.744200	0.645800	0.255900	0.936900	0.573800	3.621200	0.000000	0.625000	0.986500	1.645800	0.400100	0.176500	2.566500	0.791700	5.132300	0.520900	2.856800	1.560200	0.939200	1.606800
308	4.413700	2.756900	0.052400	1.997100	1.440500	6.226600	1.931400	3.257100	4.203100	3.062400	0.264500	2.066200	3.997700	3.087800	4.887800	2.424500	0.080600	0.035800	0.000000	1.583600
309	1.201000	0.000000	6.164100	3.180600	6.504000	6.466400	20.428370	2.402700	0.534700	2.243200	8.150600	12.336700	12.638900	10.559400	10.983400	7.110500	51.738900	36.027800	30.780900	29.264730
310	2.994900	1.242600	1.020200	0.000000	0.883800	1.187200	10.772100	1.652100	2.603800	1.583500	2.447900	4.065900	4.517400	4.742700	5.193900	3.645800	19.974280	22.289760	15.270260	10.186700
311	2.526500	1.312600	0.148100	0.796300	0.537600	2.708800	-0.058100	1.844200	2.073700	1.231400	-0.164700	0.000000	2.603600	0.109300	3.646000	-0.028100	0.738800	0.511500	0.427100	1.758700
312	3.955100	3.334500	5.842800	3.749600	5.097500	5.293800	10.790100	2.576600	3.229900	3.597500	7.267900	9.063000	8.331100	5.334900	4.667900	0.000000	30.042890	24.365800	18.103290	37.895400
313	4.095200	3.104800	0.000000	2.625300	1.633900	7.589500	6.947600	3.177400	3.643700	2.953400	-0.090300	3.826500	5.817200	2.417200	5.770300	4.395000	15.056980	11.049100	5.832800	4.636800
314	0.791800	0.968600	0.085900	0.712600	0.267300	2.798100	0.439200	0.428100	0.889100	0.922200	-0.208000	0.207000	0.000000	0.174200	0.964300	0.978000	0.592600	0.197700	-0.104300	0.330000
315	0.691300	0.321900	-0.183300	-0.234400	-0.469100	2.204000	-0.440800	0.131000	0.371100	0.153300	-0.676700	-0.518200	0.000000	-0.032500	0.552300	0.489300	-0.414500	-0.520100	-0.656200	0.199300
316	2.525200	1.204500	2.222000	1.644000	0.582600	0.000000	2.158800	2.725000	3.044700	2.045300	1.658800	1.227600	1.987600	1.927200	3.584900	2.594400	3.103400	1.689700	1.596300	3.484500
317	0.590800	1.136900	-0.016400	0.000000	0.195500	3.585500	-0.860300	0.519600	0.352500	0.558900	0.873100	-0.761300	0.718800	-0.480800	0.556900	-0.008600	0.314100	-0.126800	-0.060700	0.747100
318	2.987700	1.555000	0.354200	0.831900	0.135200	4.142000	-0.193500	2.189700	2.245100	1.494900	0.291000	0.000000	1.252700	0.459200	1.657500	0.892000	1.075800	0.592900	0.520000	1.587000
319	1.876800	1.399400	1.354100	2.712800	2.254200	0.000000	1.666900	2.827400	1.868200	1.831100	1.526900	1.636700	0.981200	1.472600	1.040900	2.074500	1.742900	1.618400	1.616400	1.990400
320	6.634200	5.283600	1.434600	3.998200	3.481300	7.378100	5.880000	5.098900	6.091700	4.815000	1.422000	5.867300	5.331800	3.818500	5.308400	4.794500	11.408700	1.350700	0.000000	2.976300
321	2.944000	2.381700	1.831200	2.596600	2.321800	0.000000	1.798900	2.999000	2.466500	2.526000	1.403300	1.850000	1.424500	1.956700	2.676500	2.778600	1.718800	2.243300	1.711700	1.955700
322	0.000000	4.559300	7.065700	8.446000	12.522600	9.661700	7.005700	9.019700	6.161800	6.734600	5.358800	6.292200	6.618100	7.039700	9.758200	10.115300	14.594470	12.474200	12.392400	56.014900
323	3.356900	2.664700	2.513000	0.000000	0.840300	4.401200	1.669100	0.473600	2.353600	1.288200	0.785700	1.136100	2.470700	1.961400	3.115500	2.301200	2.042500	1.468600	1.603700	3.023100
324	3.359700	2.365100	1.785700	1.152600	2.769900	0.731500	5.952400	1.744100	3.104900	2.072400	1.974500	4.708000	2.872600	0.000000	3.617400	2.000600	17.686930	12.942900	12.685200	42.304900
325	0.000000	2.531900	4.037300	7.429600	8.066900	5.877800	3.310200	7.110600	3.700500	3.306100	2.229400	3.506000	3.789800	3.153200	5.252200	4.443200	13.511600	4.470500	3.916600	7.029900
326	0.523300	-0.307600	-1.603200	-0.378100	-0.772700	-0.382600	-0.282600	-0.953800	0.000000	0.157900	-1.425800	-0.646400	-0.099200	0.155100	0.476100	0.400900	-0.127900	-1.208200	-0.664600	0.343000
327	0.364300	-0.479400	-1.882800	-1.046700	-1.736200	2.375700	-0.924000	-0.231300	0.000000	-0.595400	-2.130700	-0.538300	-0.167900	-0.267200	0.287900	0.051400	0.248400	1.278300	-0.051600	1.125700
328	0.000000	-0.650100	-0.635900	0.609300	0.397600	0.972600	-1.102700	-0.756200	-1.118800	-0.607300	-1.149900	-1.028000	-0.590500	-0.614000	-0.070700	-0.001600	-0.618700	-0.633900	-0.622800	-0.046200
329	2.301400	1.820300	0.000000	2.773000	3.462300	5.737200	0.446300	2.757200	2.530900	1.894800	-0.501700	0.666800	2.695100	1.019400	3.925100	1.152500	5.360800	1.253100	-0.258500	2.101900
330	0.582100	0.000000	-0.199100	0.348000	-0.625800	0.481100	-1.150700	-0.175700	0.091000	-0.625200	-1.160200	-1.392200	0.563500	-0.759800	1.710700	0.377500	-0.015400	0.081900	-0.129500	1.097200
331	4.906100	3.479800	0.466800	0.000000	0.370000	5.043200	5.417100	2.582200	4.683500	2.640200	0.982100	3.328000	6.192000	2.732000	6.388200	1.788200	13.456100	9.618000	6.684300	7.658000
332	2.976600	4.369700	2.337100	3.661100	2.438600	7.423900	4.669900	4.809700	3.456200	3.985300	2.255200	4.910800	7.597700	4.985800	7.543300	4.657400	2.933200	3.163100	0.000000	3.459900
333	0.042500	-0.219900	-0.324000	-0.165400	0.178900	-0.637500	-1.003000	-0.566900	-0.945100	-0.539800	-0.371800	-0.594800	0.187100	-0.480600	0.000000	-0.805100	0.215300	-0.163700	-0.344600	-0.484100
334	5.559100	3.601200	0.545800	3.662300	3.067600	5.475700	2.956600	3.224400	4.514300	3.238500	0.599300	2.242000	5.531800	3.451700	6.103000	4.236400	0.976300	0.000000	-0.062500	3.337700
335	2.067100	1.205300	0.055400	0.271600	-0.494500	3.060400	0.507900	1.621900	1.833100	1.110200	0.273300	0.000000	2.061400	1.065700	2.338100	1.245600	0.626000	0.174100	-0.018000	1.466400
336	6.155600	5.211300	3.353100	4.074400	3.755900	6.055200	5.807600	3.292800	4.839600	4.634100	2.636500	5.056500	6.755000	5.536300	7.667000	5.676800	0.573900	1.488000	0.000000	4.244700
337	1.445000	0.000000	3.448700	3.070500	5.986100	5.214200	4.315300	2.962000	0.053300	0.946500	2.988500	2.992500	5.134100	3.140900	5.072900	4.592200	11.718700	7.095200	9.046100	23.193153
338	0.965600	0.124700	0.298200	0.452500	2.153300	2.348600	0.248800	-0.787800	0.000000	-0.246800	-1.037600	0.308200	1.802900	0.436500	2.231200	1.433300	-0.233100	-1.051700	-1.560500	0.858700
339	2.545800	1.023500	5.066500	-0.540600	1.869700	5.475500	9.167500	0.000000	1.624800	0.541700	4.121700	6.301100	8.168000	7.803300	5.102700	4.322000	21.044280	18.335890	17.199810	19.507650
340	0.000000	7.881500	20.221950	19.306970	23.849559	16.168220	37.835600	17.773740	10.234000	10.820100	20.536700	26.021530	22.149540	23.974301	16.549720	15.046200	56.766300	45.112500	36.212100	71.115800
341	4.965200	3.460700	-0.332100	0.999800	0.000000	3.201900	6.606400	2.887100	4.317500	2.982300	-0.013700	2.951900	5.080000	3.173900	5.536400	3.639000	12.709500	6.524600	3.391600	4.543200
342	2.041600	3.389000	2.205900	2.256000	1.531600	2.744800	1.194300	3.384400	3.006800	2.925500	2.861100	3.449600	4.274700	3.363400	2.887100	0.000000	6.989200	5.636800	4.382900	5.195000
343	0.479500	-0.191400	-0.187100	0.480900	0.298600	4.849800	-0.186400	0.488400	0.276600	0.224700	-0.523900	-0.207600	0.000000	-0.302800	0.396300	0.453700	-0.381800	-0.207700	-0.277100	0.417000
344	0.936800	0.265800	-0.818100	0.000000	-0.387300	0.617700	-0.141400	1.063800	1.381100	1.014400	-0.727600	-0.271600	0.664000	-0.146300	1.298200	0.624900	-1.714600	-0.701500	-0.925300	0.617600
345	3.739400	2.384700	1.084000	1.811100	1.304300	2.419100	1.703400	2.375200	2.553300	2.434000	0.000000	2.065100	1.893600	1.959400	2.182400	2.211800	0.865600	1.166700	-1.304400	2.298400
346	1.230200	0.000000	2.497500	2.137500	2.137600	5.251600	2.423800	2.090900	0.565100	2.149200	1.082800	2.217300	3.355900	1.732100	5.743600	4.280300	7.360700	3.772700	3.663300	19.174620
347	0.993300	0.197500	-0.340700	0.430700	-0.185500	4.028100	-0.055600	0.261000	0.644200	0.934300	-0.229900	-0.141400	0.609600	0.000000	1.180300	0.706500	0.162000	0.233000	0.163100	0.712600
348	2.000900	0.891800	-0.129700	1.197300	0.535600	2.804900	0.242800	1.172400	1.015900	0.935700	-0.822700	0.000000	1.061000	0.333700	1.765800	0.901900	-0.336200	-0.059900	-0.386000	0.569400
349	3.467000	3.306800	0.000000	2.506500	1.815300	6.125400	2.495400	2.003300	3.141800	2.581100	0.664500	2.007800	3.706300	2.846800	4.440200	2.594000	4.239100	2.338300	2.892600	3.493800
350	0.000000	1.899000	1.899500	2.871100	3.958300	6.631000	0.850700	2.261400	1.836200	1.739500	1.914500	0.530900	1.953600	1.668200	1.956000	1.434800	2.014800	1.788700	1.709800	0.817700
351	3.223800	2.192300	0.051600	0.875500	0.534000	6.148800	-0.144100	1.759100	2.770000	1.674300	0.029900	0.000000	2.215100	1.059400	3.021700	2.011700	0.925800	-0.954200	0.083400	0.772700
352	0.652100	0.189700	-0.450600	0.183600	-0.234200	-0.658000	-0.339600	0.252400	0.397900	0.229200	-0.442400	-0.430500	0.000000	0.101500	0.320700	0.356700	0.339800	-0.317100	-0.070100	0.362700
353	2.022500	0.785200	0.735700	-1.444800	-1.379000	1.371500	0.604600	0.000000	1.587200	0.202500	-0.905300	1.392700	2.047500	1.263300	2.689900	1.325300	1.362800	-0.740900	-1.241800	0.845500
354	1.502100	0.967900	0.038500	0.390200	0.250400	4.764000	0.380400	0.819800	1.417200	0.903300	0.041500	0.000000	1.501700	0.797400	2.467900	1.068200	0.673600	0.244200	-0.066300	0.214800
355	0.095000	0.000000	-0.263500	2.579300	4.663300	1.156300	-0.758300	1.695900	0.551300	-0.056400	-1.214300	-0.544000	0.630600	-0.052100	1.024600	0.351100	-1.308600	-0.599700	-0.720500	0.618500
356	2.869800	1.969200	1.444200	0.000000	0.622300	3.794100	1.189200	1.440000	2.857200	1.327600	1.096400	1.448200	2.144500	1.879200	3.642300	2.021600	2.450200	1.256700	0.499100	4.798300
357	3.141700	2.191200	-0.314900	0.899800	-0.177100	3.221700	0.922000	0.000000	1.438500	1.693900	0.646100	1.063100	3.037200	1.136400	3.370600	2.536800	1.815100	1.309800	1.253700	2.268100
358	2.963000	1.941000	1.631100	0.000000	-0.258800	2.874700	2.926400	1.692600	2.361600	1.198700	0.229500	1.569300	3.460900	3.020200	3.080400	2.168300	0.290800	0.816600	0.871900	1.811200
359	3.886600	1.758600	2.066100	0.000000	-0.552300	2.420400	0.917400	1.077300	2.280400	1.077300	0.242100	0.555100	1.773800	1.175500	1.792400	1.425300	1.848500	2.263500	2.339100	3.565000
360	-0.573700	-0.380300	-0.787900	1.164500	1.285500	1.963700	0.024800	0.200600	-0.712200	-0.685100	-1.716800	-0.219400	0.000000	-0.584500	-0.621500	-0.557700	0.348600	0.211100	0.061700	-0.645000
361	0.262700	-0.652000	-1.297200	-1.174000	-1.300700	-2.589700	-0.619500	-0.589200	0.177200	-0.654200	-1.637200	-1.289700	-1.371300	-1.118800	0.000000	-0.083700	-1.247400	-1.445300	-1.557500	-0.447800
362	3.505000	2.706200	0.406500	2.312300	1.270600	3.358400	3.260600	3.274300	3.105200	2.342900	1.214600	1.506700	4.327200	2.178300	5.012800	3.230100	0.869300	0.000000	-0.661200	2.345800
363	3.199300	2.135000	0.000000	0.395200	0.441500	5.061700	0.724000	2.427000	2.957300	1.032500	0.548100	0.165500	3.447000	2.128800	4.891900	2.267400	1.163600	2.770800	2.400900	2.578500
364	3.790700	2.578100	-0.426100	2.880200	1.204400	-0.474300	1.767800	3.683100	2.802700	2.688900	0.000000	1.544100	2.000500	2.470100	2.253900	2.955400	1.635600	1.967400	0.894200	2.831700
365	0.298800	-0.044600	0.241800	0.352000	0.146600	-0.911400	-0.042300	0.346400	0.492600	0.413500	0.110400	-0.102200	-0.588200	-0.689300	0.000000	0.244500	-0.686800	-0.361900	-0.534400	0.325400
366	1.873500	1.675000	1.023300	1.780600	1.331700	0.520600	0.940000	1.989000	1.510900	1.615700	0.239000	0.834700	1.369800	0.952700	1.795600	1.046700	0.229800	0.600600	0.000000	1.221800
367	3.377900	1.774800	-1.031500	-0.013700	-1.200400	5.563700	1.131000	1.304200	1.993500	1.036000	-0.230100	0.892100	1.856300	0.870500	1.836900	0.000000	-0.391800	0.008500	-0.349600	0.574800
368	1.554000	1.363200	1.669000	1.842100	1.840100	0.000000	1.038000	1.788700	1.546600	1.733300	1.821300	1.127400	1.611100	1.486100	1.690500	1.730600	1.858600	1.830200	1.834800	1.974600
369	0.366900	0.203900	-0.536200	1.273500	0.951400	1.629000	-0.656200	0.929600	0.342300	0.300600	-0.450400	-0.510600	0.122200	0.067800	0.000000	-0.107100	-0.267800	-0.614600	-0.723600	-0.140100
370	0.201100	-0.455300	-0.059200	3.090200	3.337700	2.258500	-0.469100	3.845000	0.334100	0.458900	-0.075100	0.000000	2.207500	-0.221300	2.358000	-0.004900	1.195100	0.704200	1.063500	-0.506700
371	1.381400	0.763100	-0.197000	0.398900	0.148500	4.241400	0.155700	0.665400	0.925400	0.490800	-0.238300	0.054200	0.189300	0.000000	0.717300	0.886700	0.493600	0.701100	0.584500	0.707900
372	1.965500	0.678300	-0.353800	0.512900	0.482300	0.069800	0.333900	1.385400	1.538100	1.181800	0.020400	0.000000	0.773700	0.864600	1.758400	1.410200	0.509300	0.358600	0.340500	1.209300
373	1.778900	0.000000	1.098700	-0.354700	0.899200	5.922600	2.296300	0.059000	0.894500	-0.090500	-1.314100	3.447900	3.578800	2.200700	4.295800	1.389600	5.490400	4.158600	1.888700	2.381400
374	6.503400	4.893500	1.203600	2.153400	1.082100	6.463800	2.784900	4.332100	5.182300	4.540300	1.826800	2.573400	5.957100	3.792500	6.685800	5.402900	0.000000	1.339400	0.923900	3.821000
375	6.913400	5.148400	1.905300	3.802800	6.850000	7.694900	6.268900	4.317500	5.550000	4.563000	1.165700	4.302200	6.099000	4.419200	6.424800	5.064200	7.530200	3.629900	0.000000	2.614800
376	3.040100	1.836500	-0.146300	1.808600	1.626700	8.469900	-0.474000	0.479600	1.972200	1.522800	0.729300	0.000000	5.010900	1.670400	5.725500	1.708000	5.489200	3.873600	3.870400	2.806700
377	5.709700	4.261800	0.000000	3.383600	2.250200	7.802200	7.158900	4.352700	5.080600	3.207700	0.250800	3.420100	5.383900	3.563500	5.446600	4.116800	17.921740	17.116850	6.920700	7.853200
378	3.557700	2.221100	-0.285900	0.000000	-0.724100	2.260200	0.156900	1.874400	3.340400	1.884700	0.017500	1.647000	2.705200	1.633100	3.547300	2.303300	2.459900	1.610200	-0.112400	2.370800
379	4.633700	3.212000	1.928800	2.198200	2.955000	4.695000	1.211200	5.978600	3.860700	3.172900	0.803600	2.842400	6.147900	4.068500	6.388000	4.096700	-0.033400	0.000000	-0.600600	2.831900
380	1.011400	-0.251900	-1.401000	0.451300	0.286600	5.149700	-1.007500	0.689900	-0.052000	-0.325600	-1.176900	-1.081400	-0.443500	-0.030500	0.000000	-0.821300	-0.618500	0.207400	-1.074600	-0.927400
381	2.757600	1.860800	1.443700	2.161500	2.438500	0.000000	1.860500	2.836700	2.886400	2.505400	1.652900	1.840300	3.040800	2.215200	3.338000	2.777800	2.461300	1.746000	1.392100	2.966000
382	-0.173500	-0.048400	-0.421100	-0.101600	-0.238400	-0.207000	-0.669500	-0.844300	-0.870900	0.162000	-0.364900	-0.553900	0.000000	-0.182300	0.091000	-0.094800	-0.249300	-0.226200	-0.299700	-0.130000
383	0.663100	0.498500	0.350100	1.437100	1.251600	1.574100	0.205600	0.000000	-0.700100	0.589900	0.797400	0.180600	1.110200	0.296300	1.238900	-0.443000	1.503200	0.466300	0.251300	0.235400
384	-0.707500	0.187400	-0.310900	0.874300	1.297800	3.371900	0.171200	0.000000	0.321000	0.591200	-0.148500	-1.197900	2.085500	1.334100	2.914900	0.914200	1.581900	0.531800	-0.205700	-0.191300
385	1.252600	0.125300	0.072100	0.578100	0.073500	3.786900	-1.100600	0.171500	0.327200	0.387800	-1.100100	-0.893100	0.461100	0.000000	2.438600	0.781200	1.600900	1.508800	1.257100	1.010300
386	4.956100	2.978600	-0.090400	0.615000	0.000000	6.262500	5.488700	3.062100	4.650000	2.760300	1.990900	5.810400	5.418400	3.683900	4.918900	3.683300	12.462200	9.683600	6.433800	24.331005
387	3.746500	2.548300	0.000000	0.909500	1.121800	6.541200	0.855900	2.626500	3.449100	2.311500	1.773300	1.382800	4.379900	0.932400	4.175700	3.080200	1.864000	3.043400	3.512900	2.495400
388	0.000000	9.469500	24.327600	22.332510	27.054367	17.689650	23.230320	21.948420	14.258900	14.519300	16.164100	23.579710	20.369740	17.260480	22.407880	20.164910	39.334800	34.172810	33.939360	83.063600
389	1.266900	0.000000	4.351100	4.197500	6.980300	8.073200	12.646500	2.755600	-0.091600	0.024600	5.786200	11.492900	9.299000	7.258000	6.697700	4.677600	21.643950	21.324750	15.370370	19.496790
390	0.997000	-0.242900	-2.278800	-0.941500	-0.909300	0.368300	2.523900	1.992200	0.130700	-0.559700	-2.444600	-0.492100	1.853800	0.000000	4.121800	0.556800	8.111700	8.448500	1.144100	1.204000
391	4.770000	3.360800	0.000000	1.053200	1.796200	5.824300	6.707000	2.223800	3.724200	2.907500	1.005200	6.451600	4.645900	3.783400	5.693800	4.402000	17.581930	9.074100	11.361500	10.903600
392	5.515200	4.747700	0.317900	3.190900	2.444800	10.298900	7.942300	3.573400	4.787000	3.771100	0.000000	3.414500	5.512200	3.613800	5.946800	4.729300	23.829781	18.662100	14.533720	23.957874
393	2.298000	1.494100	6.038700	4.993500	6.272300	5.386600	14.566620	1.476800	0.000000	0.244600	4.727300	9.748200	7.371600	5.708100	6.371400	5.308200	41.343300	20.836400	15.134980	39.482200
394	1.318900	0.212900	-0.371900	0.708600	0.232800	-1.792300	-0.007100	1.180600	0.416900	0.850000	-0.489000	0.000000	1.385300	0.485300	2.558400	0.602000	1.931800	1.903500	1.838200	0.935300
395	1.608400	0.000000	0.297300	-0.371700	-0.741900	0.320200	0.658500	-0.281200	0.228300	0.268500	-0.139800	-0.159200	0.279600	0.388700	1.567500	0.836800	1.568600	0.935300	0.687400	1.084300
396	3.592700	3.567100	3.112000	3.715600	3.458000	2.927400	3.628500	4.278900	3.919800	3.447200	3.495500	3.050900	1.665000	3.746600	0.000000	1.551900	4.057900	3.881600	4.024500	4.510100
397	3.138300	3.146800	0.000000	1.312700	1.059200	3.382300	1.117700	2.333400	3.462400	2.983600	0.532300	1.144700	3.965200	2.152300	2.996700	2.004700	4.208500	1.159900	3.802500	4.775400
398	1.872200	0.849600	-0.473500	1.118800	1.236000	1.615100	0.358100	0.000000	0.468400	1.419800	0.182500	0.669800	1.084400	0.862800	1.951900	1.319200	1.568400	0.743400	0.598300	1.325400
399	0.486700	0.000000	-0.050500	0.381900	0.207200	-0.904600	0.350900	0.469800	0.337500	0.554400	-0.500200	0.044500	-0.770300	-0.184000	-0.247800	0.437800	0.079100	-0.114900	-0.332700	0.811000
400	1.788600	0.128400	-1.078800	0.991600	0.520800	1.478100	-0.183500	0.837500	0.862000	0.283600	-1.544200	-0.321100	-0.087800	-0.109600	1.256400	0.000000	-1.356400	-1.183700	-1.692000	-0.453100
401	3.676500	2.223300	1.429300	1.146400	0.000000	7.759200	3.928300	2.627200	2.614300	2.414200	0.531100	3.146900	3.842000	3.520900	4.613100	3.429400	6.829100	2.364700	1.853400	3.295500
402	0.337200	-0.438000	-0.815200	-0.077800	-0.432400	1.141200	-0.329000	0.045200	0.016600	0.144300	-0.944800	-0.610300	-0.823600	-0.558100	-0.387300	0.000000	-0.747300	-0.837600	-0.944600	0.103100
403	1.191800	0.000000	-1.538800	-0.471000	-1.239200	-0.366200	-0.303100	0.166600	0.979600	0.387600	-1.621400	-0.548400	-0.275900	-0.565000	0.577700	-0.089700	-0.749400	-0.592600	-0.661100	-0.233000
404	5.024600	3.154600	-0.421600	0.970400	0.000000	2.192400	9.281000	2.963100	4.137700	3.085800	0.159800	5.881600	4.546100	3.483200	5.036700	3.508500	17.048300	7.721700	8.748800	3.608000
405	1.201900	0.031500	1.351500	0.861600	1.385500	3.792800	1.303100	1.037100	0.000000	0.955900	0.500100	1.009000	1.898300	1.038600	4.435100	4.039500	7.520300	6.101700	7.531100	11.295400
406	0.916500	0.297900	0.000000	0.540200	0.013100	2.983700	0.072800	0.150700	0.273300	0.923600	-0.185900	-0.028600	0.377400	-0.049600	0.925400	0.534500	-0.511600	-0.073900	-0.098900	0.609600
407	1.968100	0.000000	-0.696600	0.365600	-0.077500	2.355300	1.928800	-0.414500	0.934000	0.531400	-1.634900	2.049900	3.680300	3.634200	2.918000	1.400500	2.845400	0.641700	-2.767900	0.451700
408	4.721900	2.987600	2.911200	0.926600	0.000000	6.948200	9.509400	3.018300	3.500400	3.174400	4.102600	5.351500	6.930400	5.977400	6.573500	4.246500	28.853440	19.028340	12.922500	29.564650
409	1.140700	0.027700	-0.666800	1.668100	1.933900	7.683000	-0.372900	2.401800	1.255300	1.072500	-0.361300	-0.336900	0.279200	0.000000	1.247300	0.980400	-0.368700	-0.171400	-0.268800	0.800900
410	-0.027400	0.000000	-1.018600	0.615200	0.315700	3.324200	-0.441900	1.305200	0.371600	0.304100	-1.206400	-0.518900	0.491600	-0.207800	0.668700	0.100300	-0.338800	-0.909900	-1.022900	0.279100
411	0.049600	1.307000	1.376300	2.844500	2.930600	5.795500	-0.611300	1.919500	1.564000	1.379000	1.151700	0.000000	1.361200	0.811300	2.157500	0.955700	1.038600	1.153100	0.928400	-0.127500
412	1.939400	1.156700	0.059600	1.504500	2.539000	5.391300	0.441000	2.917300	1.748500	1.662500	0.000000	0.164900	2.390900	1.239700	2.934500	1.680600	0.141700	0.252800	0.049600	0.781200
413	1.045700	1.309000	0.681400	0.553800	1.135300	1.441400	-0.151100	0.000000	0.122700	1.244600	1.145700	0.108500	2.781700	1.344000	1.889600	0.514300	2.394600	0.060600	-0.123600	1.527400
414	4.401200	2.709700	2.363500	0.680600	0.000000	5.116400	2.948700	2.496500	3.881300	2.901700	0.915200	2.721600	5.601900	3.009700	4.638400	3.899700	9.728000	4.854600	4.096600	39.557700
415	1.027800	0.381600	-0.642100	-0.021700	-0.476400	-0.372300	-0.294100	-0.059600	0.198600	0.772500	-0.622000	-0.787400	0.000000	-0.121900	0.250000	0.777600	-0.766500	-0.226100	-0.591000	0.604200
416	1.993400	0.802100	0.110000	1.286900	0.352900	4.119500	0.502600	0.878900	0.557200	1.162800	0.285800	0.341200	0.385900	0.359900	0.000000	0.537400	0.606800	-0.104500	-0.148400	0.361500
417	5.567300	3.750400	0.000000	2.428100	2.203200	5.023800	3.388800	4.256700	5.233200	3.665600	0.065800	3.566400	4.716200	3.530600	5.608400	4.167500	6.628600	6.208200	2.294200	6.244800
418	1.150700	0.000000	9.041200	2.988500	4.385700	9.432700	1.263700	1.472100	2.441300	1.724000	0.783900	5.829000	4.734700	3.123000	7.865500	5.126600	8.405900	6.984900	7.038600	37.111900
419	1.254100	1.270700	0.670700	1.314600	1.040700	3.882400	0.171500	1.054300	1.270400	0.949400	0.543400	0.514800	1.415200	0.589700	1.529700	0.992500	0.343500	0.000000	0.107400	-0.309900
420	1.257900	0.000000	-0.676900	0.900400	0.400300	7.375400	-0.352200	-0.252800	-0.054900	0.432300	-1.292500	-0.597700	0.600200	0.529500	1.590500	0.697900	-0.984000	-0.757500	-0.894600	-0.546500
421	0.174500	0.191600	0.196600	0.768600	0.145000	-0.179600	-0.040400	0.071600	0.352600	0.096900	0.422700	0.000600	0.218000	0.290400	0.000000	0.043800	0.361700	0.142800	0.149800	0.211100
422	3.948400	3.214400	1.292100	2.353100	1.405400	5.439400	2.442700	3.067400	3.730600	2.855600	0.904800	2.128000	2.541800	2.255000	2.768300	2.941500	1.323200	0.859800	0.000000	2.084100
423	0.592900	0.437000	0.228000	0.728700	0.685900	-0.198800	0.129800	0.530400	0.573100	0.574100	0.000800	0.282900	0.585200	0.476600	0.909500	0.687900	-0.101100	0.129500	0.000000	0.654000
424	4.274100	3.627100	1.937200	2.831600	2.655300	5.527800	2.607800	2.423000	3.437800	3.021400	1.523200	2.291100	3.707200	3.057400	4.124500	3.867600	1.181900	2.636400	0.000000	3.003500
425	1.640700	0.728400	-0.418100	0.506100	-0.235100	1.213900	0.299400	0.808700	0.904100	0.699900	-0.265800	0.117800	0.224000	0.000000	0.597200	0.635700	0.408800	-0.016000	-0.096600	-0.094800
426	3.493800	2.267800	1.706500	3.599000	3.270200	0.000000	2.222900	4.023600	3.342300	2.974800	1.421800	1.982500	1.392400	1.890300	3.052600	2.981700	1.721400	1.991200	1.913700	3.072700
427	0.461200	0.000000	-0.303900	0.848200	0.335900	-1.252100	-0.065500	0.932900	0.178500	0.038400	-0.470600	-0.267700	0.031400	-0.026100	0.463100	0.183200	-0.044700	-0.016800	-0.185500	0.244500
428	1.642300	1.035400	-0.086700	0.994600	0.613600	2.272600	-0.185700	0.331700	1.043400	1.506300	0.434700	-0.491100	0.314800	-0.202400	0.571900	0.698700	0.439500	0.122100	0.000000	0.473800
429	0.162500	1.032200	-0.115500	1.004900	0.568900	2.774000	2.167700	0.345300	-0.032200	0.259900	-1.648500	1.164700	-0.806600	0.809500	0.000000	-1.139800	1.748500	-0.950500	-0.845300	0.475500
430	0.748300	0.276100	-0.791600	0.131700	0.364400	1.607600	-0.563700	0.464000	0.797800	0.069900	-0.535700	0.000000	0.779100	0.352000	1.291100	1.096100	1.919500	2.026200	1.636600	2.022200
431	3.336500	2.618800	1.653100	2.351400	2.201300	0.000000	2.129300	2.754800	3.195900	2.754900	1.867900	1.868000	2.100000	2.384700	2.814300	2.986400	2.247100	1.885600	2.252500	2.982300
432	1.845300	1.310600	0.098000	0.476000	0.542800	1.683700	0.078800	1.795200	1.353300	1.084300	0.365500	-0.027900	0.668200	0.346700	0.624600	0.730200	0.000000	0.212000	0.203300	0.431200
433	1.270700	2.785800	5.015800	1.696300	1.194000	0.067100	3.604200	2.258600	2.153800	2.455400	1.035100	3.274100	1.881700	3.330100	-3.148100	0.000000	9.856200	4.518000	2.487400	27.258390
434	3.752500	2.819100	-0.205600	1.325100	0.000000	2.480200	2.901200	2.857000	3.091800	2.311300	-0.382200	1.581100	3.492700	3.143500	3.071600	2.740900	4.322500	3.623200	1.340100	2.532900
435	4.641200	3.033900	0.253600	0.794400	0.000000	3.074300	2.507600	3.149800	4.832200	3.263400	0.543000	0.886500	2.154400	2.727600	2.276900	3.624700	15.668940	12.896800	9.061800	4.627300
436	2.152200	0.643400	0.244300	2.221400	1.737200	0.453700	0.219400	1.736400	1.352600	1.203300	0.041600	1.108100	2.026600	2.895600	2.448700	0.000000	9.584200	12.109400	5.706800	3.926600
437	0.128200	-0.826200	-1.276100	-0.829900	-1.401600	4.847800	-0.054100	0.000000	-0.367300	-0.185000	-1.372000	-0.675100	-0.110100	-0.700000	0.004100	-0.132400	0.010900	-0.678600	-0.955200	0.303900
438	1.948900	0.000000	2.505900	0.183500	2.252300	0.979000	8.769600	2.907800	0.934200	0.723800	5.798700	9.409300	8.545800	5.867100	5.922300	5.977600	33.815600	23.580928	18.089770	25.603260
439	1.985700	0.000000	3.799600	4.065100	6.890300	3.570600	13.797000	2.515800	2.345900	2.210100	5.996100	9.243400	9.956700	6.470400	7.831800	3.945600	28.620120	17.734230	14.699000	46.579300
440	2.489400	1.351100	0.000000	2.595400	1.083800	7.830500	2.250700	3.734000	1.916800	2.052200	-0.001000	1.457200	2.444400	1.772300	3.003000	1.606000	0.774900	1.002500	0.652800	2.636300
441	1.951300	0.259600	-0.839000	-0.738900	-1.080600	4.801200	-0.708700	0.884800	1.414100	0.544500	-0.956200	-0.730400	0.000000	-0.495000	1.041300	0.062900	-0.572000	-1.171400	-1.016900	0.050000
442	1.919600	0.000000	1.024700	3.384400	4.563800	4.052700	12.699500	0.495000	1.800000	1.387800	2.963500	6.680300	8.835900	4.437300	5.790100	3.434100	32.574940	26.911640	15.750000	47.840400
443	2.462400	1.186300	-0.355500	0.000000	-0.154100	6.372900	1.112500	2.367400	2.107300	1.863300	0.178100	0.791000	1.411500	1.441000	3.102000	1.821300	1.097300	0.249600	0.395300	2.159100
444	1.352500	0.580700	-0.075100	0.708300	0.123600	4.013000	-0.492600	1.122000	0.675300	1.151000	-0.248400	0.000000	0.879600	0.408400	1.486300	0.523200	-0.084000	-0.295300	-0.386900	0.298000
445	0.812100	0.477600	-0.035200	1.045900	0.704700	3.567100	-0.235600	1.547600	0.592600	1.046100	-0.176500	-0.173800	1.248900	0.000000	1.545400	0.485900	0.523400	0.257800	0.078200	-0.020900
446	-0.066700	-0.293700	-1.098400	-0.865500	-1.284600	2.473800	-1.860200	-1.352700	-0.575900	-0.949200	-1.617300	-1.753800	0.000000	-1.006400	0.323200	-0.668400	-0.665200	-1.449200	-1.080000	0.036500
447	1.477900	1.415200	0.618100	1.350300	0.977300	5.141100	0.000000	0.629800	1.054600	0.808800	0.313100	0.473800	1.409700	0.570300	1.905300	0.750300	0.309500	0.293600	0.146500	1.225800