SITE	GLY	ALA	LEU	VAL	ILE	PRO	ARG	THR	SER	CYS	MET	LYS	GLU	GLN	ASP	ASN	TRP	TYR	PHE	HIS
1	-0.052700	0.000000	-0.280800	0.076800	-0.245900	0.091300	-0.257400	0.044900	-0.002500	-0.035800	-0.840800	-0.218000	-0.649500	-1.224500	-0.228200	-0.086800	-0.333100	0.285100	0.283300	-0.113300
6	0.046300	0.051800	-0.160300	0.840600	0.467200	1.511500	-0.729200	0.255200	0.234700	-0.018200	-0.632300	0.000000	-0.246200	-0.057300	-0.467900	0.207500	-0.321700	-0.560600	-0.701900	-0.002100
7	0.681500	0.291900	-0.726800	0.486000	0.137800	0.556000	0.002300	0.094300	-0.050500	0.225900	-0.539800	-0.417400	-0.057300	0.000000	0.400200	0.383900	-0.754500	-0.740300	-1.113100	0.284800
8	2.846800	2.077300	0.578000	2.167200	1.609100	3.650700	0.000000	2.592000	3.400000	2.543600	0.302200	1.487700	5.234900	3.187300	5.332400	3.819100	16.325400	14.698200	11.048800	9.383200
9	0.195000	0.346900	0.204200	0.274400	0.370400	1.496000	0.202200	0.162200	0.517200	0.445200	0.400700	0.142600	0.000000	0.183300	0.177000	0.338300	0.487000	0.339800	0.318800	0.525000
10	-0.363600	-0.316000	-0.109700	0.758500	0.441200	2.954300	-0.231800	0.485700	0.000000	-0.198900	-0.350100	-0.246900	0.027900	-0.322400	-0.449400	-0.334400	-0.063000	-0.609300	-0.420500	0.356500
11	3.872500	1.665300	0.989000	1.361400	1.307200	2.268000	6.138100	0.000000	1.592900	1.485500	1.683900	4.543300	3.731300	3.758100	1.925100	2.137200	6.795400	7.203100	11.340600	16.303000
12	0.180700	-0.044700	-0.620500	0.221000	-0.339700	-0.625500	-0.081300	0.191200	-0.644400	-0.534400	-0.651100	-0.493100	-0.459200	-0.069000	0.000000	0.041300	-0.549900	0.101100	-0.092900	0.295800
13	0.946300	0.000000	1.042700	0.597900	1.469700	4.331600	1.765200	0.836600	0.190700	0.500600	-0.701100	0.886700	1.459700	0.788500	4.660100	2.419500	2.792700	3.170300	3.122600	2.602900
14	6.227000	4.601600	0.934100	0.814500	0.000000	4.235900	10.522700	3.274200	4.948200	3.385000	1.257800	4.763300	6.218400	4.526100	6.044600	4.647900	15.084300	6.230300	5.387600	3.743000
15	5.692300	4.504600	1.452300	2.324400	1.559200	6.123800	5.073700	3.932900	5.425500	4.061600	1.062000	3.986900	5.614900	4.568300	6.235800	5.017200	3.264000	-0.078500	0.000000	3.535900
16	5.100100	3.251800	-0.835100	0.000000	-1.035600	3.124500	8.213000	1.593800	3.512000	2.622300	-0.829600	3.704200	3.952500	2.820800	4.613400	3.073100	4.005800	11.461800	5.631800	5.548500
17	3.593900	2.515300	-0.136800	1.093600	1.883900	5.373200	2.021900	1.535300	2.986200	2.089100	-0.226100	0.657600	2.131700	2.300400	2.274600	2.275000	6.266700	6.141500	2.039200	0.000000
18	0.575100	-0.133700	1.481400	1.182400	2.467000	0.830500	2.248700	1.466600	0.898000	0.000000	0.075900	2.236700	6.332500	5.490500	1.706600	1.759200	16.570600	3.728200	0.890300	2.809600
19	2.351900	1.046900	1.017100	1.517400	2.474500	4.407700	3.023200	1.355200	0.000000	0.626200	-0.844200	1.261300	0.701100	0.612100	1.743900	1.910700	3.812300	12.594400	8.121400	38.840300
20	-0.494200	0.000000	-0.746200	1.720600	1.608100	3.622200	-0.296100	0.826500	0.551500	0.041900	-1.108500	-0.835700	-0.276800	-0.376100	0.649200	-0.054200	-0.885200	-0.925700	-1.718900	-0.352700
21	1.300800	0.669000	-1.249400	-1.380200	-1.692600	3.323500	-0.432000	0.000000	0.896800	-0.060600	-0.760500	-0.982200	1.621700	0.142100	1.059900	0.422000	2.473800	0.577100	0.238500	2.701700
22	1.210600	0.377600	0.142000	0.283400	0.024700	-1.441000	0.549000	1.548300	1.400400	0.599500	-0.300700	0.000000	1.250200	0.827600	2.541400	1.863300	4.132500	2.434800	1.941800	3.127300
23	2.029400	1.912600	1.564400	2.295100	2.069300	0.000000	1.719900	2.207800	2.381800	2.369900	1.881100	1.566400	1.025900	2.001900	1.291600	2.122900	1.907600	1.715800	1.556200	2.293400
24	0.145700	0.086800	-0.778500	-0.071600	-0.360300	-1.246200	-0.495900	0.308700	0.000000	-0.119300	-0.906200	-0.699800	-0.227600	-0.266100	0.030900	0.036700	-1.281800	-0.551900	-0.769100	-0.037200
25	1.582000	0.674200	-0.832500	-0.024600	-0.355700	3.531700	0.144200	0.423700	1.524200	1.003700	-1.102200	-0.383900	0.393200	0.000000	-0.314600	0.304000	-0.060400	0.148700	0.072000	0.018700
26	-0.170300	-0.184500	-0.449500	0.713100	0.380000	-0.357500	-0.149200	0.553100	-0.018100	0.022900	-0.869600	-0.330500	-0.019800	-0.038100	-0.344200	0.000000	-0.617300	-0.472400	-0.552500	0.217300
27	2.627100	1.723400	1.221000	0.000000	-0.541500	3.891100	1.799500	2.425600	2.477000	0.942500	0.709200	1.156200	3.297900	0.981200	3.765800	2.200900	1.445300	0.254500	0.011400	0.310600
28	0.000000	2.474900	1.954000	3.847000	3.644500	2.295100	2.915100	3.155500	2.253600	3.295800	2.296100	3.222900	3.023400	2.406500	-0.412000	1.102200	1.847700	2.296800	1.898200	3.447800
29	2.242800	0.910000	0.866000	0.000000	0.307500	-0.766800	1.288200	1.295800	0.791900	1.157200	0.094700	1.095300	1.740900	1.785200	2.826100	2.281500	2.808700	1.451300	1.195700	1.639600
30	0.580000	0.655900	0.789000	0.966800	0.952100	-0.882300	0.000000	-0.084700	-0.133600	1.061400	0.427000	0.369000	0.539200	0.014000	0.622200	0.804100	0.889100	0.050500	0.663700	1.067800
31	3.656700	2.565800	1.046200	3.186000	1.985200	2.975000	2.077800	2.015000	2.835200	2.912600	1.724100	1.799300	0.000000	1.819200	1.203100	2.355900	2.448100	2.102500	2.138100	2.474400
32	4.634900	2.931300	-0.086100	1.160300	0.000000	3.348900	4.050300	3.099900	4.327500	2.999100	-0.385700	3.134800	2.693500	3.021500	4.449600	3.662000	12.864300	4.882000	4.907200	8.729100
33	1.402400	0.521600	-0.492500	0.951600	0.692400	4.875400	0.000000	1.154400	1.697500	1.213400	-0.526000	-0.252900	0.907400	-0.101700	2.386000	0.525000	1.275200	5.723800	4.589500	1.774300
34	1.135200	0.318900	0.055300	0.858600	0.392400	0.940000	0.221800	0.504200	0.560900	1.052300	-0.291100	0.034200	0.645100	0.000000	0.900300	0.520900	0.627100	0.639800	0.470400	0.901300
35	3.442600	2.465600	1.691500	2.513600	1.712700	4.958400	2.187100	3.286000	3.244900	3.010500	0.919000	1.940200	2.524600	2.409700	3.273600	2.989400	0.000000	1.380100	1.115000	2.613300
36	1.896100	0.868300	-0.570300	0.787900	0.520800	3.574300	0.439400	1.000500	1.035600	1.164000	-0.501500	-0.281400	0.980800	0.911100	1.534500	0.591100	-0.940400	-1.538300	-1.268900	0.000000
37	0.611400	0.056900	-0.514000	0.511500	-0.106200	4.091400	-0.012000	0.507300	0.617800	0.637700	-0.414900	0.000000	0.679400	-0.134400	1.327500	-0.087300	0.683800	0.615500	0.613100	0.262100
38	0.965200	0.186000	-0.325800	0.583400	-0.021500	3.453000	0.006800	0.233700	0.369900	0.686300	-0.568200	-0.274900	0.000000	0.184200	0.905900	0.764600	-0.022700	0.175200	0.089700	1.016500
39	0.567600	0.601900	-0.164500	1.424600	0.898100	1.493500	-0.475100	1.838600	0.797900	0.777100	-0.467600	-0.191300	0.934500	0.000000	1.305600	0.030800	0.134500	-0.217700	-0.228600	-0.334100
40	0.000000	3.752800	4.087200	5.345400	5.310300	7.485700	3.307800	5.267200	3.878700	3.886900	3.915200	3.295000	4.090400	3.452600	4.169300	3.946000	3.988000	3.978100	3.967900	4.077500
41	0.393400	0.195500	-0.186500	1.376000	0.809800	1.440700	-0.232800	1.340700	-0.101700	0.618800	-0.088300	-0.169400	0.227000	0.567300	0.034200	0.142200	0.000000	-0.305800	-0.371100	0.274600
42	0.088400	0.116300	0.000000	0.470800	0.161600	-0.446200	0.249800	0.418200	0.035500	0.032700	0.060500	0.092700	-0.452900	0.121500	0.121000	0.194900	0.321300	0.285900	-0.087200	0.316500
43	1.632000	2.349900	2.571600	3.200000	4.064700	3.514400	3.799900	2.683200	1.947800	2.399400	2.635200	3.292100	2.368800	3.561200	0.000000	0.558800	4.379800	3.504900	3.335400	3.395700
44	3.578000	2.241000	0.727200	0.000000	0.343600	4.174400	3.963700	1.961300	2.855700	1.834300	2.099600	3.654200	6.047300	4.882900	2.126500	1.801300	29.002200	14.830900	8.820100	11.578500
45	0.000000	1.824400	4.935400	4.401200	5.617000	-0.377500	6.942900	6.009400	3.721400	2.804700	4.574600	4.853100	7.227400	6.897700	5.219600	4.875400	26.935000	19.538500	20.598800	87.030500
46	4.246200	2.903800	0.308700	2.096000	2.466600	2.467800	3.075500	3.131800	3.666000	2.612200	0.595100	2.113000	2.825600	2.159400	4.540300	3.349200	0.015800	0.000000	-0.511300	2.446700
47	3.035000	1.647300	-0.735100	0.079800	-0.231800	-0.262400	6.019700	0.096200	1.603400	1.547500	-0.164200	2.553600	1.210800	1.826700	0.949000	1.159700	10.328400	1.451800	2.552300	0.000000
48	5.665500	4.211700	1.179300	3.149400	1.654700	5.887800	2.506500	4.325600	4.559100	3.663100	1.956400	2.506800	4.792900	3.075400	5.501500	4.398100	0.557500	-0.493000	0.000000	2.144000
49	6.384200	4.794000	0.749500	1.218000	0.000000	5.408400	11.225300	3.662200	5.811400	3.920600	1.684300	5.915000	5.300700	4.378000	6.281700	4.918900	15.465400	8.836700	5.310700	4.530300
50	5.960500	4.458600	0.154400	1.296400	0.000000	5.662900	9.173100	3.578800	5.301700	3.608000	2.251200	7.392600	5.668100	4.429300	5.599800	3.668500	15.339000	6.532600	4.068300	4.633000
51	1.291200	0.557600	0.104400	0.528000	0.630400	0.905600	-0.156900	1.563100	0.584900	0.694600	0.395900	0.000000	2.234800	0.850900	2.051000	0.077700	3.563900	1.944700	0.552700	1.860200
52	1.456500	1.050000	0.284700	0.413500	0.156500	-1.000600	0.000000	1.447600	1.679300	1.446300	0.260500	-0.014700	1.555200	0.953600	0.899400	0.767800	1.692200	0.474800	1.065700	2.276300
53	2.124800	2.270000	2.212000	2.537100	2.549200	1.564100	2.511300	3.002900	2.276900	2.322500	2.232300	2.445900	1.816400	2.048500	0.000000	1.197200	2.112100	2.271000	2.209100	2.490500
54	0.000000	3.251800	5.732200	6.935700	6.484200	10.562200	4.590300	5.703600	4.254800	4.232500	3.949100	4.884100	4.449100	4.919500	6.395500	5.354200	6.770300	6.804900	6.252800	74.227600
55	1.807900	0.910500	0.468600	1.298600	1.072200	1.819400	0.170100	0.000000	0.414000	1.208900	0.695100	0.097800	1.059000	0.627900	1.643400	0.110000	1.320500	0.680300	0.621400	0.620100
56	2.745600	1.600400	-0.016700	0.000000	-0.702500	1.052900	0.499600	1.449700	2.258100	0.962700	-0.812800	0.291100	1.489400	1.206800	1.961200	1.826900	1.217800	1.593300	1.624600	2.134100
57	1.859500	1.097200	-0.885900	0.285600	0.134900	2.512600	-0.091700	1.876000	1.524800	0.730600	-0.379100	0.000300	0.000000	-0.039500	1.423700	1.329500	0.008200	0.186900	0.003600	1.139600
58	-0.106500	0.000000	-1.003000	-0.301200	-0.976000	-0.643700	-0.886100	-0.216300	0.131500	-0.196700	-1.442000	-0.765900	-0.177700	-0.582500	0.031900	-0.047300	-1.091700	-1.010600	-1.143900	-0.189400
59	0.000000	1.738000	5.166400	6.926500	8.758200	5.267400	14.124700	8.672100	4.058700	1.919400	7.241900	9.912900	8.287800	8.869900	5.776800	5.538800	28.918300	14.896200	10.613100	7.947800
60	1.523400	0.434100	0.641900	1.442900	2.310200	1.669200	0.000000	1.250800	0.992400	0.675600	0.098200	0.197100	1.068600	0.416900	1.646700	0.878900	2.250600	1.665200	-0.091200	2.177000
61	1.663900	0.882200	0.389900	1.169100	1.147900	-0.596700	1.149400	1.252700	0.925700	1.008300	0.041100	0.834200	0.359200	0.894100	0.000000	0.856500	0.770500	0.126900	-0.380800	0.606200
62	2.586800	1.690300	-0.145600	1.209600	0.300900	-0.075800	1.589300	1.650700	2.291600	1.520500	-0.031500	1.236100	0.000000	0.900900	0.387700	1.450800	2.004400	1.052000	1.058700	2.007200
63	1.405800	0.922100	-0.185900	1.793300	1.264200	1.651400	-0.064900	0.313300	0.363800	1.221900	0.000000	0.329300	0.704800	0.241200	0.894900	0.619900	0.604300	0.410100	0.098600	1.294000
64	0.841200	0.000000	-0.523100	1.075500	0.879900	2.638000	0.370200	0.895600	0.290900	-0.319300	-0.027500	-0.056800	-0.233100	0.104700	0.688400	0.583000	0.524700	-0.259400	-0.441900	0.995200
65	1.402900	0.694400	-0.682000	0.000000	-0.430500	-0.070800	1.103400	0.979700	1.290200	0.749000	-0.254800	0.518500	0.853500	0.541100	1.062400	1.331900	0.660600	0.721100	0.364800	1.047300
66	0.000000	2.126000	15.122000	8.469700	12.619200	5.459800	24.821000	10.050000	3.160400	4.443500	13.303200	18.176700	13.133900	17.052800	11.991800	11.947500	44.506800	34.677000	39.519400	42.538700
67	1.586900	-0.194700	-0.870100	-0.620100	-0.972200	0.749700	-0.319200	-0.100500	0.000000	-0.597300	-1.326400	-0.563900	-0.768400	-0.687400	-0.155600	-0.159300	-1.769100	-1.815300	-2.317600	-0.147300
68	2.196200	1.377700	0.715700	2.027300	2.017800	3.472100	11.756700	4.154500	1.792700	0.843400	0.529100	2.962400	5.421900	4.454100	3.177500	1.489900	8.958300	1.589700	-1.202200	0.000000
69	2.151300	0.000000	2.546400	-1.424300	0.033500	7.266800	3.038600	-0.008700	1.433000	-0.617900	0.069300	1.044700	3.263900	5.629100	1.159200	0.762000	14.875500	18.626100	6.250900	15.338900
70	0.114600	-0.018500	-0.133400	0.123000	-0.010600	-1.044500	0.007300	0.038400	0.063500	0.143000	-0.180500	0.000000	-0.201100	0.129800	-0.008000	0.140400	-0.477100	-0.344400	-0.044400	0.226000
71	0.000000	3.466000	3.605900	4.546600	4.217400	6.059400	3.568400	4.476000	3.883000	2.554500	3.251900	3.622200	3.607200	3.459900	3.557500	2.221600	3.474500	3.449300	3.413900	3.783700
72	1.961600	1.760100	0.393000	1.582800	0.598800	4.528500	0.413200	2.270800	1.978400	1.752000	0.511200	0.874600	1.188700	1.400800	1.868500	1.683200	0.819400	0.000000	-0.127800	1.489800
73	-1.893600	-2.014200	-2.039000	-1.187100	-1.203900	-2.673200	-1.561600	-0.042900	-1.032700	-1.457200	-2.392600	-1.914300	-3.130800	-2.623300	-0.742800	0.000000	-0.350100	0.321400	-0.712600	-0.135500
74	-0.099900	-0.435400	-0.743200	0.259200	-0.067400	-0.838900	-0.069500	0.402900	-0.203400	0.076100	-0.649600	-0.390900	-0.674300	-0.317900	-0.422900	-0.093800	-0.567000	-0.595700	-0.412500	0.000000
75	-0.109700	0.176700	-0.230000	0.297300	0.368300	1.478800	-0.344200	0.750300	0.190200	0.155400	0.015800	-0.381000	0.500100	0.060800	-0.281000	0.000000	1.476900	-0.299400	-0.575900	0.154800
76	0.579800	0.189700	4.735400	3.202800	5.899500	4.862500	2.929000	3.885100	0.000000	1.206600	2.787100	4.800800	4.500900	4.013000	5.696200	3.792900	13.728500	7.978400	8.032400	9.666600
77	6.099900	4.261000	0.088400	1.007400	0.000000	6.141600	7.210200	3.660100	5.887300	3.815100	0.768500	4.723900	3.476800	3.751700	4.927500	4.446100	12.090000	8.766800	4.665000	5.386700
78	0.000000	5.390500	18.156200	15.394400	18.803300	11.211300	31.397300	12.506500	7.092400	8.879500	23.055300	29.544800	24.165700	21.549400	18.155000	17.996700	53.703900	36.189900	48.699800	87.558400
79	5.742500	3.472200	1.160100	0.000000	-0.586000	5.501500	8.030900	2.430100	4.666300	2.807000	0.024100	5.864900	5.333400	3.905900	5.483600	4.388100	18.919000	9.769500	6.673200	5.927600
80	2.441700	0.324900	-0.742400	1.521200	3.113000	6.450300	23.286800	0.831900	0.550600	0.000000	0.980600	22.346200	2.533500	0.935500	2.275400	0.284400	22.926000	24.017000	23.638000	31.590300
81	5.166200	3.669600	0.000000	1.181100	0.271900	4.297200	7.079500	3.112500	4.996600	2.670700	0.085400	5.051900	3.827300	3.682500	4.755500	3.739700	11.669400	7.922800	3.643800	4.012300
82	3.965100	2.500300	1.386400	0.000000	-0.211300	3.230800	7.130500	1.471100	2.830600	1.477100	0.411500	6.097300	5.305200	4.484100	4.516400	2.889700	11.481700	14.761500	8.101900	17.881500
83	0.000000	3.760800	4.314600	8.666200	8.428500	16.668100	6.537900	8.990900	6.609200	5.228700	4.056500	6.101700	7.224000	5.955300	6.285600	5.868700	11.696800	6.401800	7.077400	7.468900
84	0.000000	5.957900	10.472800	14.493800	17.297100	17.269100	11.806800	14.612300	9.812900	8.414900	7.823600	11.372000	13.565100	12.873100	12.940700	12.330500	16.140400	15.034300	14.428600	46.011700
85	2.504500	1.292100	0.578800	0.025900	0.000000	5.750800	-0.817200	1.569400	1.670400	1.062300	-0.184700	-0.035200	2.084100	1.328000	3.895000	2.622300	3.938200	2.398200	2.095200	2.278200
86	0.896400	1.849200	1.734900	3.110600	3.006200	3.274100	2.173500	2.554700	1.283500	1.838700	1.359900	1.893700	1.864500	1.527200	0.000000	-1.464500	4.080200	2.506600	2.453400	3.821900
87	0.381800	-0.335600	-0.447100	0.093600	-0.233600	-0.840000	-0.541600	0.531900	0.050900	0.239100	-0.546200	-0.721500	-0.627800	-0.389800	0.000000	-0.397800	-1.178800	-0.625100	-0.696600	0.170500
88	0.847300	0.401000	0.025200	0.394400	0.496700	0.405200	-0.550100	0.728900	0.079900	0.440800	-0.149200	0.000000	0.544600	-0.168500	0.835300	0.347000	0.230900	0.159200	0.130500	0.475900
89	0.000000	3.330600	3.273100	4.328400	3.638300	7.769900	2.978600	4.465600	3.912500	3.414700	3.197600	3.073400	3.713500	3.319800	3.922500	3.451400	3.313000	3.409100	3.400600	3.904600
90	0.722900	0.439100	0.131200	0.850800	0.550300	0.912200	-0.472300	1.225400	0.569600	0.673100	-0.001600	0.000000	0.104500	0.291400	0.356700	0.669000	0.359900	-0.290200	-0.515700	0.691900
91	2.036400	1.676400	0.656200	1.516700	0.602100	0.613100	1.307500	1.965500	2.242000	1.341000	0.102900	1.016300	1.185000	1.268200	2.533900	1.290900	-0.121000	0.508100	0.000000	0.830300
92	-0.067900	-0.994400	-2.229100	-1.227500	-1.625800	5.956800	-1.497400	-0.950400	-0.894700	-1.211100	-2.243500	-1.882100	-1.586500	-1.823400	0.000000	-1.154500	-2.170400	-1.901700	-2.143200	-1.892300
93	1.411300	0.000000	6.504400	1.888500	2.732500	3.751500	5.003400	2.714800	1.606900	1.650500	1.836300	2.251500	6.311000	5.600400	4.348500	2.962900	8.882500	5.469900	4.790600	3.416800
94	1.409300	1.343100	0.524000	1.513800	1.550700	3.980200	0.988500	1.932700	1.006900	1.041800	1.938800	1.472400	1.620600	2.010700	0.042300	0.000000	2.009700	1.362900	1.487500	4.132900
95	4.770100	3.617900	1.389100	3.453800	3.693800	3.015300	5.934500	4.303200	4.423400	3.263100	0.842900	3.944300	3.385500	3.355400	5.023200	3.312700	7.421400	1.428800	0.000000	3.468400
96	-1.326900	-0.886800	-2.214900	-0.651900	-0.639200	-1.666600	-1.457000	0.000000	-2.636300	-1.556100	-2.092500	-1.320900	-3.838200	-2.007100	-4.984800	-2.381500	-1.625100	-1.545000	-1.735700	-2.017000
97	1.944500	1.508800	1.457600	1.784600	1.724700	0.000000	1.873200	1.573100	1.848600	1.934600	1.464700	1.645600	0.395600	1.376300	0.322600	1.677300	1.216700	0.979500	0.909800	1.926800
98	0.840000	0.000000	-0.216500	-0.090600	-0.075400	-0.123100	-0.548400	-0.256700	0.526300	-0.247100	-0.550900	-0.131700	-1.254100	-1.306000	-0.361800	0.337100	-0.369400	-0.112600	-0.180200	0.465100
99	1.280900	-0.456800	0.443800	-0.546300	0.469600	1.861700	10.578800	-0.423300	0.660300	0.219700	-0.719600	3.581700	1.336100	0.000000	2.211300	2.494400	29.018900	39.136100	27.762900	24.596700
100	4.685600	3.526900	0.773500	3.575800	2.986400	5.202400	4.447700	2.947900	3.722400	3.410000	0.000000	4.077300	3.848800	3.588800	3.781200	4.039200	5.977800	5.966600	2.038800	4.226600
101	0.824400	0.083000	-0.022500	0.483700	0.082800	2.112500	-0.018000	0.511900	0.152900	0.687400	-0.266300	0.077400	-0.372300	0.000000	-0.034700	0.161200	-0.204500	-0.074300	-0.129800	0.428000
102	1.052400	-0.157800	0.034700	0.628100	0.677500	2.093600	0.834900	0.078300	0.000000	0.944500	0.751000	-0.053400	1.277900	2.526500	2.784700	1.597200	2.639600	3.206600	2.725700	5.665200
103	5.945600	4.238800	0.000000	3.201500	2.667300	8.662700	6.451900	3.939000	5.188300	4.293200	0.618500	5.105500	4.812200	2.884200	5.717000	4.874300	11.008100	9.265300	3.437300	3.083300
104	2.104300	1.031000	-0.313600	1.990900	0.954600	7.901000	0.000000	2.926200	1.847300	1.433300	-0.817400	-0.073600	1.154600	0.984400	2.041100	1.539100	-0.560900	-1.403500	-0.690200	1.057000
105	0.305800	-0.255900	-0.627800	-0.167000	-0.544000	-0.648600	-0.344100	0.055400	0.000000	0.152000	-0.802500	-0.505200	-0.333200	-0.162700	0.033100	0.287900	-0.373900	-0.385200	-0.477500	0.308100
106	5.630300	3.986200	0.000000	2.493200	1.945700	7.339200	2.560100	3.693500	4.802100	3.996200	1.116000	2.532400	3.686600	3.310100	5.071500	4.573700	0.607600	2.637400	3.586700	2.935100
107	5.951400	4.090800	0.000000	3.490500	2.480900	7.220200	4.953400	3.873400	5.807100	4.068400	1.110100	4.634800	5.074200	4.041400	5.966500	4.769600	6.786800	6.799800	3.337000	4.638000
108	0.705700	0.094500	-0.761500	0.000000	-0.618300	1.225700	-0.246200	-0.305400	0.101900	0.283000	-0.970700	-0.384700	-0.251200	-0.256300	0.399500	-0.077500	-0.677800	-0.547800	-0.877600	-0.186000
109	0.252900	-0.600400	-0.989400	-0.092300	-0.710300	2.036100	-0.752900	0.000000	-0.401500	0.083500	-1.525200	-0.938600	-0.395300	-0.906400	-0.079900	-0.527000	-1.288100	-0.616900	-0.667600	-0.310800
110	5.887700	3.867300	0.000000	4.073500	3.348700	8.649900	3.656300	3.487600	4.596100	3.854600	0.693400	3.302300	5.705600	3.201400	6.007200	4.683500	5.329600	5.423800	1.878900	2.333800
111	3.017200	2.350000	0.000000	1.477900	0.615700	7.248800	1.192500	1.791300	2.365900	2.075500	0.320300	1.204400	2.449900	2.278600	3.576400	1.944000	2.650200	3.298700	2.990400	3.029600
112	0.410400	0.000000	-0.827000	0.635200	0.226400	3.309800	-0.535800	-0.152400	-0.531900	0.429500	-0.435400	-0.484500	0.071400	-0.282500	0.494700	-0.268500	-0.446100	-0.660400	-0.671800	-0.394100
113	1.081400	1.313200	0.579200	0.704400	0.107100	3.358400	0.214300	1.637100	0.842700	0.242100	-0.151700	0.000000	1.750000	0.493000	2.066400	0.680800	1.165000	0.694400	0.612600	0.231100
114	4.970800	3.091100	1.022500	3.333600	3.226600	6.941300	1.657300	3.486600	3.007300	3.051500	1.402000	2.262000	3.457000	2.740700	4.284000	2.179400	0.646200	0.000000	0.496200	1.400300
115	-1.101800	0.546500	0.549000	-0.983500	-0.945700	-2.242400	0.004500	0.557000	-1.074000	0.557300	0.265600	-0.098300	0.000000	-1.183800	-1.167300	0.547400	-1.295500	0.507700	0.478300	-1.005600
116	0.000000	2.311300	3.742200	4.745600	4.581800	5.712800	1.606300	3.014800	3.938200	2.231900	3.587100	1.969900	3.864100	3.392500	2.404600	2.131200	3.565600	3.598000	3.553000	3.737300
117	1.646600	0.000000	5.651900	3.697100	5.656100	4.334400	15.353500	3.089400	0.860300	1.684800	6.257700	13.711500	11.614100	7.959400	7.239400	4.688600	33.989600	21.220500	30.100000	44.498700
118	1.107600	0.661300	-0.223000	0.000000	-0.153300	2.198100	-0.378600	0.377200	0.748100	0.360800	-0.345300	-0.298200	-0.177100	-0.048900	0.010100	0.456100	0.535700	0.287500	0.166500	0.444800
119	5.106300	4.203300	0.000000	2.393400	0.916000	3.393100	3.524500	3.252300	4.726700	2.950500	0.147900	2.760900	3.358000	3.240800	4.182900	3.864100	1.780700	2.774300	2.391300	2.814200
120	3.166800	2.003100	0.205100	0.574100	0.472400	7.235400	0.000000	1.030400	1.904500	1.959000	-0.083700	0.695300	2.210000	1.340200	2.724000	1.783400	-0.113700	0.245800	-0.057700	0.634200
121	0.760400	0.000000	5.697500	2.720800	5.757900	-0.807900	2.602900	1.680700	2.076000	0.764800	7.818700	2.033500	10.038100	6.297400	3.119900	7.901100	3.349200	5.976800	5.477100	3.995500
122	1.964400	0.667000	-1.320300	1.862200	2.724400	3.017900	1.381700	0.969500	1.739200	0.996500	-1.087900	0.362200	-0.037100	0.441400	1.103400	1.508000	-0.063300	-1.263200	-1.596700	0.000000
123	-3.337500	-2.983300	-2.057000	-1.012100	1.237500	-0.499700	5.350300	-2.115900	-1.987600	-1.501800	-1.069100	-0.665800	4.506300	0.012600	1.596600	-2.036600	10.592100	6.851100	4.405500	0.000000
124	1.421400	0.668200	0.228700	1.134400	0.825800	7.476300	0.867800	1.139500	0.810900	1.119100	0.577200	0.636600	0.000000	0.537400	0.622500	1.201400	1.193500	0.775300	0.703000	1.254900
125	1.896100	1.249300	-0.269700	0.000000	-0.332000	1.956700	-0.493100	1.494000	1.434900	0.645200	0.189700	-0.555600	0.634100	0.538300	0.205000	0.961100	1.093000	-0.348500	-0.460800	0.214500
126	0.895400	0.000000	-0.393100	0.473300	0.493200	5.305000	-0.079200	0.691600	0.457800	-0.358900	-0.704100	-0.674000	-0.559000	-0.560800	-0.727800	-0.802500	-1.161900	-1.419700	-1.413500	0.802800
127	0.988300	0.969200	0.991600	1.588600	3.285900	0.000000	1.196900	1.555400	1.163500	1.037200	1.032600	1.321800	1.160000	1.170100	0.954100	1.119700	1.039300	0.978800	0.795400	1.030700
128	1.720600	1.059400	-0.313000	-0.233500	0.312100	5.457900	0.239300	-0.548600	0.553600	0.228800	-0.217700	0.000000	0.487700	0.511300	0.457400	0.887100	0.284600	-0.548000	-0.621000	0.663800
129	0.925400	0.000000	0.222300	-0.300700	-0.416200	-1.010000	0.038100	0.758800	-0.196300	-0.153500	-0.849400	-0.107500	-1.123800	-0.867900	0.305500	0.043700	-0.449000	-1.283000	-1.429800	-0.587500
130	1.066200	-0.100300	-0.618600	-0.418300	-0.654000	-1.471900	-0.164300	0.641200	1.051500	0.000000	-0.319400	-0.032800	-0.275200	-0.171800	-0.225900	0.042100	-0.176200	-0.240400	-0.370000	0.521900
131	3.976300	6.035500	8.684600	7.902000	8.255700	0.000000	17.563700	7.716900	6.839900	7.056900	8.540000	14.242800	10.049300	9.417500	6.870200	7.480300	26.675100	20.991200	14.659700	14.770500
132	-3.384900	-0.337400	3.221400	3.650500	4.381200	7.304600	4.620800	1.487400	0.000000	-1.077500	-1.205400	2.163100	3.761600	0.233100	3.410700	1.131800	12.539800	2.843300	1.996900	35.824100
133	5.374900	4.568500	2.113800	4.875900	4.197600	7.969300	5.401200	3.982300	4.354800	4.417800	1.517200	5.504000	6.141600	5.382000	6.312100	5.259000	1.654200	1.274300	0.000000	4.030400
134	3.757400	3.585100	3.787500	3.828800	5.065600	3.866300	4.652400	2.767800	3.415800	3.879700	3.601700	4.237400	4.352800	5.033100	0.000000	2.515400	4.984600	4.600200	4.138700	3.885300
135	3.218200	2.524900	0.000000	1.909500	1.751200	6.907300	3.143600	3.331400	3.514800	2.871800	-0.778600	2.815600	2.939600	1.657400	3.765000	3.327100	0.474300	1.375700	-1.330500	1.857100
136	0.458300	0.122500	-0.212900	0.760900	0.269600	4.825400	0.212700	-0.149500	-0.010800	0.967300	-0.398200	0.000000	0.366500	0.240900	0.677800	0.045900	-0.396600	-0.358000	-0.286400	0.527200
137	1.442200	0.373700	-0.460300	0.300400	-0.271000	3.814900	0.000000	0.247800	1.104900	0.715900	-0.211300	-0.192100	1.138000	0.135000	2.008200	-0.507900	0.617500	0.274200	-0.394200	0.173500
138	5.731700	4.269000	2.026700	5.127800	4.591400	8.451100	3.488600	3.749700	4.791400	4.740300	1.012600	4.936800	4.600600	5.010100	5.340300	5.185600	0.000000	1.151100	0.293000	4.306100
139	4.155400	2.816700	0.059800	2.148400	1.036000	6.278400	2.508100	2.620400	3.025300	2.665900	0.406100	2.228400	2.593100	2.609700	3.346100	2.688600	0.000000	2.002900	1.585300	3.143900
140	1.783900	0.679500	-0.669900	0.362200	0.056500	3.022200	0.453900	1.089900	1.187000	0.729500	-0.434300	-0.061300	0.000000	0.358000	0.700300	0.265800	0.524000	0.244700	0.083100	0.142500
141	0.428200	0.698100	-0.124700	1.593300	0.793600	1.473300	0.072100	1.063200	1.043800	0.932700	0.035400	0.000000	0.800200	0.490400	0.897200	0.684400	-0.226400	-0.019500	-0.269200	0.472200
142	-0.723700	0.607300	0.382400	1.743900	2.842100	4.389500	1.441500	1.322700	0.704000	0.614900	0.485500	0.520600	0.073700	0.202300	0.388800	0.000000	-0.138200	0.396800	0.207900	0.457500
143	0.996000	0.419200	-0.467100	-0.240300	-1.098200	5.900500	-0.047200	-0.073900	0.581300	0.411700	-0.817300	-0.236000	0.000000	0.015300	0.522500	0.578200	-0.119200	-0.127900	-0.288600	0.483600
144	3.177500	2.685400	0.000000	1.385900	0.732100	3.775100	1.069400	1.921900	3.099000	1.774000	0.093800	1.129200	2.013500	2.507800	2.322500	2.221100	2.964500	3.203800	3.226800	3.333500
145	0.893100	0.641500	-0.253600	0.000000	-0.235400	1.052200	-0.113900	-0.213500	0.357700	0.410200	0.071100	-0.028200	0.437100	-0.121500	1.147400	0.867200	0.659300	0.532700	0.438300	0.483700
146	0.744400	0.368000	0.696400	0.346100	0.239200	-0.819400	-0.291500	0.000000	0.746700	0.385700	-0.429300	-0.370600	0.303600	0.030000	0.647200	0.671200	0.596200	0.489900	0.518000	0.685100
147	0.431800	0.273100	0.572900	4.451900	5.856500	8.519300	-0.163600	2.957300	0.000000	0.314200	0.563700	0.247500	1.999400	1.086400	2.071100	0.245800	1.481500	0.293100	0.882000	3.135700
148	0.594100	0.189700	-0.269200	0.837100	-0.005200	-1.082600	0.021500	1.525800	0.546400	0.177100	-0.334600	-0.170700	-0.191400	-0.229700	0.000000	-0.174000	0.880000	0.095800	0.097100	0.571200
149	0.250800	0.223900	0.228500	0.330300	0.377100	2.144500	0.000000	-0.211700	-0.686100	-0.377100	0.223900	-0.093300	0.196300	-0.556700	0.114400	0.087400	0.237700	0.103000	0.066400	0.126000
150	0.000000	7.350200	10.637900	13.655900	14.672400	12.835200	11.335500	14.237100	9.385500	9.010900	11.459700	9.425000	9.038400	10.397600	13.896500	12.643100	14.876700	12.358800	12.148500	14.137600