SITE	GLY	ALA	LEU	VAL	ILE	PRO	ARG	THR	SER	CYS	MET	LYS	GLU	GLN	ASP	ASN	TRP	TYR	PHE	HIS
2	0.380100	0.104500	0.173300	-0.045900	-0.424300	0.017400	-0.154800	0.000000	0.154100	-0.343200	-0.887800	-0.360900	0.026900	0.033700	0.065800	-0.161800	0.004200	0.238000	0.243800	0.340000
3	3.472900	3.610700	3.378700	3.329900	3.472900	3.776200	3.117000	4.369100	2.964100	3.098200	2.756900	2.781900	2.591400	3.580600	0.000000	2.131800	3.594200	3.564500	3.540300	4.213700
4	2.425700	0.940200	-1.524000	0.684200	0.806600	4.219600	0.453700	1.515700	2.610700	1.368000	-0.881100	0.000000	2.569400	0.684600	3.545700	1.564800	2.864300	0.809600	0.418700	1.276200
5	4.235600	3.141500	0.000000	4.237300	3.119500	10.141000	2.203000	4.276800	4.554700	3.398200	0.294600	2.659300	2.714000	1.247600	3.407100	3.016500	3.761700	3.718500	1.956100	2.923700
6	1.238700	0.414000	0.177800	0.963900	0.492900	2.046600	0.026600	0.000000	0.462700	1.072500	0.102000	-0.054700	0.458900	-0.135000	1.020000	-0.032300	0.560300	0.529700	0.546400	0.400000
7	1.121200	-0.507700	0.093000	-0.289100	0.405400	5.702900	0.465000	0.111600	0.000000	-0.165800	-0.287300	0.602100	0.942400	0.694100	-0.366300	-0.882300	4.280800	2.763200	1.828200	4.960900
8	5.152600	3.602200	0.000000	2.922100	2.054300	9.214800	5.162800	3.770700	4.088000	3.657400	0.179200	2.305900	4.842500	3.176200	5.640300	4.363700	9.171100	4.361600	1.600900	3.459200
9	3.495900	2.522700	1.113600	2.827300	1.971100	4.847300	0.000000	1.919800	2.534900	2.619900	1.139000	1.027500	2.613300	2.286900	3.965000	2.903500	3.030700	2.824300	2.613700	2.595100
10	1.568700	0.503000	-0.091900	0.591600	-0.038000	3.128900	-0.392700	0.686300	0.688100	0.823300	-0.213500	0.207900	0.405500	0.000000	1.251400	0.460900	0.049300	0.225100	0.009800	0.600900
11	3.231800	3.213400	1.379600	1.300500	1.731500	2.190000	1.853200	3.278900	3.847900	2.525700	0.913200	1.792600	3.549700	2.217200	4.032500	2.340100	1.647000	0.000000	0.983300	1.787200
12	4.651300	2.969100	1.063900	3.104400	2.467400	7.414900	6.245000	0.000000	1.774600	2.353500	1.285700	6.632600	7.150600	5.744100	9.162100	5.994200	26.847100	20.284100	25.989200	31.140800
13	0.999000	0.011400	-0.935400	-0.327600	-0.729900	1.234100	-0.617700	0.000000	0.632800	0.350200	-0.700600	-0.130700	0.345200	0.042200	0.627800	0.178300	0.166200	0.002600	-0.069500	-0.203100
14	3.865400	2.523800	-0.270000	0.000000	-1.435800	0.930600	2.766300	2.272500	3.576800	1.853000	-1.445900	3.883400	3.354100	1.558700	3.504200	2.840200	8.395400	8.342400	3.371800	4.483400
15	4.756100	2.791000	1.139900	0.000000	0.801600	7.661400	5.499700	2.624700	4.515300	2.406600	2.716900	5.772300	8.276700	5.844500	6.754100	4.801600	12.405800	11.309600	9.073600	9.338300
16	1.665000	0.000000	-1.673200	0.700700	2.224700	5.772900	8.460400	1.370600	1.706000	-0.481600	1.280400	6.472400	2.990800	2.525400	2.535200	1.397800	18.359400	14.434400	11.615700	18.958300
17	1.229200	1.084500	0.214900	3.888600	2.892000	10.411900	1.752200	4.071900	1.471400	1.088200	-0.025500	1.047900	1.079100	0.865100	0.000000	0.489500	1.135900	-1.562800	0.314100	0.618200
18	-0.349800	0.457000	1.109900	0.878500	0.397300	5.255400	0.405000	0.000000	0.165300	0.031500	-0.858700	0.782500	1.950400	1.279000	0.602300	0.243500	2.776700	0.299400	0.515400	0.798900
19	0.000000	-1.614000	2.641400	-0.937500	1.996000	-0.877800	5.540800	0.520900	0.140500	0.589900	2.810500	1.877100	5.372500	5.403200	3.646400	2.562400	29.443100	13.457700	12.475100	24.514800
20	2.668800	1.736800	0.188000	0.490400	-0.002000	4.062800	0.995300	1.195200	2.142600	0.972300	-0.086900	0.828500	0.838200	0.871600	0.000000	0.668300	0.371200	-0.794600	-0.123500	0.912200
21	1.600000	0.959100	0.344600	0.088100	0.000000	0.781400	1.931400	0.623300	1.506600	1.604000	0.452400	1.369600	2.213200	1.731300	1.333600	1.185400	0.944700	-0.810100	0.102300	1.958200
22	0.781500	0.000000	-0.480200	0.174300	-0.292000	1.753200	-0.536900	-0.157500	-0.010100	0.617600	-0.893000	-0.382600	-0.149700	-0.441500	0.336700	-0.036600	-0.483300	-0.574400	-0.620800	-0.060200
23	1.592300	0.000000	1.239800	-0.753200	-1.083000	-1.631900	0.934200	0.932900	1.455900	0.535300	-0.641800	0.514200	1.361200	0.879700	1.129100	0.843600	1.810400	1.120800	0.614900	2.666800
24	4.981300	3.373800	0.110200	2.387300	1.710000	2.208000	6.390800	3.734000	5.115900	3.339700	0.000000	3.073900	4.502400	2.323400	5.476300	4.470900	10.128500	8.382000	6.307600	5.330300
25	1.902200	0.895800	-0.422300	0.805900	-0.094300	3.299600	0.406400	0.418000	1.002500	1.289100	-0.502900	0.000000	0.456500	0.568600	1.162900	1.438400	0.674500	0.781900	0.336600	1.415400
26	1.858900	0.721200	0.000000	0.554500	-0.138700	3.099400	0.257200	0.920000	0.668000	1.153900	-0.377800	0.428200	0.652100	0.940900	0.930200	0.716400	0.130100	0.212500	0.161500	0.682900
27	4.497800	3.362400	0.653700	2.319500	1.317500	6.014200	2.533700	2.179000	3.148100	2.963000	0.265100	1.637500	3.880400	3.147300	3.967200	2.870300	-0.473300	0.000000	-0.874400	1.768700
28	-0.124200	0.878800	0.867900	1.416200	1.423500	3.071200	-1.273300	1.601500	0.397500	1.421400	0.352800	-2.765500	0.955300	0.000000	0.730100	0.455600	0.708700	0.673200	0.436600	-0.932000
29	3.850500	2.391100	3.423600	2.332100	3.512000	0.000000	15.513000	2.465700	3.485900	2.408100	2.797600	8.113200	4.523700	6.031900	4.740100	5.028100	26.626400	20.366100	12.342800	22.285700
30	0.644800	-0.143300	-0.970600	-0.128700	-0.702300	0.651400	-0.783600	0.414800	0.944000	0.727500	-0.730100	-0.950400	-0.121000	0.000000	0.557300	0.043700	-1.044100	-1.039200	-1.548600	-0.644200
31	2.029300	1.228900	-0.616900	2.438500	2.638300	2.075900	3.212500	2.184500	1.066800	0.711700	-0.040700	3.280300	0.334100	1.072900	0.000000	1.013800	5.187100	0.756200	0.988800	0.095300
32	1.580700	0.000000	5.148500	1.071200	1.989400	3.639500	13.500400	1.383100	1.041700	-0.136200	4.156400	10.364500	8.468300	4.400000	7.562500	2.611000	21.136700	15.059100	15.769100	26.280200
33	2.567500	1.616700	0.608200	0.326300	1.101200	6.075300	2.824600	0.000000	1.389600	1.350500	-0.924100	3.282600	1.599000	2.812100	3.272500	3.286300	9.683400	5.872200	4.578800	6.137500
34	2.978800	1.954900	-0.120100	0.325900	0.112100	4.175900	1.330500	0.000000	1.559400	0.816200	-1.634000	1.457100	1.742100	1.212900	4.418800	2.641600	20.688500	13.250200	2.295000	32.370600
35	2.086800	1.983400	0.851200	3.455900	2.517000	3.922100	2.200800	4.565700	0.541200	1.580400	1.025500	1.914000	1.319100	1.726700	-1.511600	0.000000	8.201800	4.090600	3.704100	3.975200
36	2.874100	1.174800	-0.350000	-0.002100	-0.558900	0.000000	0.844300	1.804900	2.388600	1.844300	0.006200	-0.358200	4.055900	2.718500	4.833800	1.683100	1.362300	8.759700	4.432500	0.646100
37	1.138700	0.299900	0.033500	0.761800	-0.528200	3.405100	-0.182600	-0.533900	0.000000	1.030100	-0.247700	-0.416200	0.611300	-0.131800	1.684700	-0.151000	0.383100	-0.881400	-1.091700	-0.106600
38	1.777100	0.551800	0.000000	0.414900	0.369700	2.867500	0.509500	1.102000	1.254000	1.567000	-0.389600	0.617600	0.217300	0.344800	1.423900	1.233000	-0.906100	-1.446100	0.241900	0.453200
39	4.345000	2.978000	-0.017000	1.102200	0.000000	5.934700	2.123900	2.318700	3.100500	2.812200	-0.018600	1.164900	3.986500	2.358400	4.795800	2.386200	2.954800	-1.200900	-0.177800	2.015500
40	3.669300	2.180300	0.000000	2.001800	5.128300	6.380900	3.015900	2.556900	3.387200	2.565600	-0.257100	2.288000	3.530800	2.294300	4.457200	2.666900	0.114600	1.237700	0.806700	2.901800
41	0.469800	-0.353600	-0.866400	-0.320400	-0.980500	3.818200	-0.429200	-0.117900	0.479700	0.469000	-1.053000	-0.641400	-0.419700	-0.657800	0.160700	0.000000	-1.178200	-1.279400	-0.880800	-0.042500
42	2.059700	0.000000	2.789400	1.902000	1.888000	3.533700	4.911700	2.840300	1.470000	2.210500	0.738700	5.464800	3.294600	1.916900	4.881900	3.829300	17.896900	20.732800	14.146800	29.195100
43	2.337600	0.000000	-0.741700	1.031200	0.767400	3.723200	2.478000	1.741500	1.115700	1.741100	1.207100	4.699400	4.122300	4.048300	6.152300	2.393900	19.094200	8.994900	9.401600	9.233800
44	1.242400	1.019700	0.258600	1.421500	0.941300	4.630300	0.315400	0.600000	0.331700	0.515300	-0.168500	0.201300	0.934200	0.000000	1.513700	0.701200	0.080900	0.125200	-0.367300	0.371600
45	2.578500	1.766000	0.290300	0.813500	0.000000	3.985700	-1.038900	1.296700	2.101400	1.254800	-0.198300	0.230400	3.156200	0.704700	3.842400	1.612300	1.402000	0.287600	-0.052300	0.548400
46	1.726300	1.131600	1.433600	1.714600	1.451200	0.000000	0.839200	2.047200	1.513000	1.847000	1.611400	0.585200	1.230100	1.066700	1.875100	1.974600	1.665100	1.613800	1.592100	2.035800
47	1.185300	0.448300	0.093900	0.176000	-0.546500	-1.065500	-0.319000	0.728500	0.895100	0.431800	-1.500100	-0.729400	0.000000	-0.285000	0.793500	0.822400	-0.100000	0.183600	-0.104400	0.899100
48	6.556600	5.336700	2.033100	5.018500	4.084500	7.909900	2.077400	5.911900	5.437100	4.745100	2.523600	3.834300	6.763600	5.304200	6.937800	4.407100	3.732800	0.000000	1.240300	3.421800
49	0.198500	0.189600	0.365900	1.291000	1.003200	5.851800	0.000000	-0.492900	-0.388500	1.363000	0.273500	0.282300	1.209900	0.560200	0.057100	-0.073400	-0.357700	0.280500	0.097300	0.423800
50	1.081700	0.668700	0.557400	0.762700	0.383600	-0.400600	0.131400	1.017900	1.061400	0.927100	0.382800	0.000000	0.343300	0.100100	0.626300	0.871600	0.513600	0.657400	0.578800	0.643800
51	3.545700	2.122100	0.000000	1.743000	0.919700	1.567100	1.494100	1.800800	2.468300	2.524500	-0.346600	1.350200	3.000300	1.812400	3.913700	2.627900	1.739400	2.483200	2.172800	2.314300
52	3.671200	2.412500	-0.059300	0.608900	0.000000	2.843600	0.012200	1.938500	3.432700	2.549800	0.414400	0.769900	3.300800	1.976600	4.489500	2.468800	6.060400	8.309300	6.689100	4.919600
53	0.321600	-0.316200	-0.792100	-0.128700	-0.816500	2.316300	-0.458800	-0.165700	-0.385300	0.324000	-1.740500	-0.630100	-0.377700	-0.811900	0.000000	-0.012100	-1.304600	-0.877200	-1.008900	-0.004200
54	0.950800	0.127700	-0.258300	0.581900	-0.231300	3.454800	-0.225700	0.132600	0.457300	0.889700	-0.498500	-0.040500	0.179400	-0.233800	0.000000	0.074300	-0.510000	-0.094700	-0.124300	0.422800
55	1.770500	0.000000	7.361200	3.341300	4.257000	6.800800	19.301800	2.868300	2.102100	2.285300	5.372000	10.175300	10.095100	8.730400	11.415600	9.336600	37.880900	25.532800	22.892100	58.865300
56	3.403700	2.021300	-1.048300	0.000000	-0.786800	6.560000	2.024500	1.130600	2.694400	2.132300	0.563300	1.471700	3.330700	1.861100	4.942900	2.393700	9.031600	9.059200	6.439600	5.224600
57	0.750400	0.000000	-0.596700	0.193100	-0.305000	4.043100	-0.496500	0.011900	0.280800	0.784800	-0.342200	-0.347400	0.241500	-0.107200	0.747100	-0.035600	-0.232100	-0.132100	-0.182700	-0.133900
58	3.966100	2.761700	2.241700	2.989700	2.495800	6.833800	2.580800	2.949800	3.239800	3.576600	1.486200	2.392200	3.921900	2.916000	4.640800	2.921500	0.000000	1.687200	1.119900	2.505700
59	1.824400	0.000000	8.095900	6.305600	6.958600	8.686600	21.053200	3.545800	1.841900	2.448800	5.636500	13.196800	13.382700	10.060100	11.726900	13.480600	40.782100	24.847200	22.306700	46.336900
60	1.849200	1.010900	-0.310600	1.121900	0.440700	3.081500	0.255000	0.112500	0.770700	1.093200	-0.312600	0.000000	1.014600	0.348400	2.098200	1.176500	1.656800	0.816200	0.501800	1.958100
61	0.045300	0.243800	-0.319700	1.153600	0.516700	4.125800	-0.610900	1.004500	0.199200	0.173000	-0.326700	-0.622400	0.744600	0.000000	1.255500	-0.007500	-0.414200	-0.467800	-0.478900	-0.755400
62	1.617500	0.766500	-0.118100	0.509200	0.043200	3.658600	0.210300	0.630900	0.404700	0.277800	-0.507000	-0.303700	1.437700	0.000000	2.542400	0.447000	1.337000	0.906500	0.769800	1.434500
63	0.395100	0.489600	1.917000	0.329200	0.381700	4.667400	0.723600	-0.202700	0.000000	0.003300	0.770200	0.779100	1.086200	1.123200	1.043300	0.246300	3.030600	2.560600	2.020200	3.227400
64	-0.000700	0.062900	0.144800	0.485200	0.153100	0.219700	-0.164000	0.182400	0.127500	0.394300	0.403200	-0.441300	0.154500	-0.089400	0.135900	0.000000	0.163900	-0.097300	0.089500	0.200500
65	5.101400	4.871700	3.934800	4.323300	3.969800	7.047100	4.629800	3.911500	4.424400	4.114500	3.995900	4.461100	1.845200	4.228500	0.000000	2.977700	4.359700	4.073400	4.035900	4.563300
66	1.361300	0.650300	-0.845500	0.779800	0.192000	-0.875300	0.000000	0.865000	1.331900	1.027300	-0.274200	-0.086400	0.276600	0.546100	0.854900	1.233300	0.730000	0.234800	0.388500	1.250600
67	0.419500	0.000000	-0.027500	0.370100	0.122800	-0.836300	0.137500	0.125100	0.704200	0.956800	-0.246700	0.045500	-0.039200	-0.285500	0.223500	0.130900	-0.149400	0.094600	0.033200	0.110300
68	1.235500	0.515200	0.212800	0.985100	0.509100	0.254000	0.640900	1.366600	1.309900	0.940300	0.099600	0.389400	0.535600	0.000000	1.473600	0.968600	0.726500	0.279100	-0.078200	1.162200
69	1.842100	0.087200	-0.641400	-1.200100	-1.833900	5.411000	-0.162400	0.584200	0.999200	0.298700	-1.611100	0.040600	2.191600	0.000000	4.279300	0.793300	10.967300	19.726000	13.538000	8.670800
70	2.817500	1.514200	-0.069200	0.354300	0.000000	4.434100	1.168500	0.678100	1.734700	1.695900	0.313000	0.959600	2.034900	1.364100	3.685800	1.787200	9.657000	7.013500	6.630000	7.147100
71	0.347600	-0.388900	-0.781300	0.000000	-0.570400	1.000300	-0.857500	-0.473000	-0.167700	0.266900	-1.146000	-0.733200	0.105000	-1.095200	1.055400	0.293100	-0.717400	-0.854500	-0.938200	-0.491800
72	-0.017400	-1.301900	-2.602800	-0.848600	-1.432500	0.483300	-1.589900	0.679400	-0.394900	-0.897700	-2.430900	-1.807000	-0.744400	-1.176200	0.000000	-0.598600	-2.177100	-2.008100	-2.293200	-1.449300
73	1.678800	0.000000	4.352200	1.633500	0.952600	7.238900	11.681700	1.265800	2.111700	1.631600	2.937300	8.409800	10.085700	7.147700	8.298400	5.427500	15.183200	11.938900	10.420200	22.394700
74	1.558900	0.104400	-1.823600	-1.109700	-0.846800	3.163900	-0.246600	0.000000	0.668200	0.348700	-1.561400	0.251700	2.129200	-0.075400	1.855700	0.318400	2.083900	2.122800	-0.098200	-0.328700
75	0.796900	-0.798600	-2.728400	-0.749800	-1.285400	3.066500	-0.291600	-0.790600	-0.401200	-0.302100	-2.226500	-0.424400	0.873000	-0.068700	0.000000	-0.034500	0.271400	0.765500	-2.422400	-0.650200
76	3.971400	2.081400	1.144900	3.098700	1.873700	8.022600	-0.390700	2.305100	4.349600	3.164000	-0.117500	0.000000	4.613300	1.751900	5.644100	3.623100	-0.503400	1.421100	1.476000	3.067700
77	5.392400	3.825000	0.000000	3.389600	3.775700	12.051900	4.166500	3.835800	4.462100	3.996200	0.433400	3.216500	5.384800	3.297500	6.120800	4.559100	1.602400	4.448200	0.750600	3.022200
78	1.361600	0.000000	-2.210200	-1.141600	-1.753700	1.545300	-1.974800	-0.849000	0.415100	0.274800	-2.207000	-2.094500	1.593800	-0.400800	2.095300	0.752600	-0.010300	0.643800	-0.093600	-0.361700
79	4.199800	2.050200	1.113300	0.000000	-0.299100	4.397800	2.470800	1.860000	2.659600	1.828100	-0.233500	1.991200	3.696100	2.725200	4.515800	2.239800	9.740700	6.624800	3.712100	7.954100
80	3.339700	1.516300	0.250500	2.079600	1.389200	6.084800	1.595400	4.257300	2.074200	1.958500	0.563100	0.887600	2.210100	1.482400	2.887700	0.000000	2.479600	-0.078400	0.832500	1.350700
81	5.172600	3.593400	-0.249600	1.524400	0.000000	6.561300	7.147700	2.411800	3.924200	3.213300	-0.741600	1.956200	5.116100	3.505800	5.478900	3.498300	10.090900	3.137200	1.821100	2.929500
82	0.000000	1.871200	6.235400	6.245300	6.618100	5.073100	10.506900	6.485800	3.527400	2.986500	4.266300	7.055400	8.100000	7.762200	6.462900	8.800900	27.268800	17.521500	15.878700	15.795900
83	2.838400	1.803500	0.000000	1.871200	0.481700	5.008700	1.888600	3.119800	2.533200	2.275800	0.083300	1.723800	2.723500	1.770700	3.067700	2.404200	2.184900	0.526000	1.284800	2.667100
84	1.439900	-0.264300	-2.207100	-1.038500	-1.244900	2.006100	-0.392400	-0.834900	0.164100	0.234500	-2.410200	-0.782800	0.000000	-0.929100	0.917000	0.030600	-2.158100	-1.450400	-1.829400	-0.171000
85	4.736800	3.169100	-0.158900	1.062000	0.000000	5.172700	7.027100	2.626100	3.682700	3.335900	0.155700	3.144900	5.216500	3.570200	6.137700	3.933100	11.394000	15.248000	9.884300	6.551700
86	3.135100	2.379400	0.000000	2.143000	2.649100	5.350800	3.623700	1.566800	2.528400	2.280600	0.391000	4.557000	3.870300	2.649300	3.865800	4.075700	9.079300	10.863300	7.026800	23.423100
87	0.764900	0.043400	0.174600	0.737800	0.455300	1.930500	-0.309600	-0.055200	-0.072600	0.268100	0.046500	0.000000	0.659700	-0.152600	0.888200	0.067000	0.546400	0.040000	-0.180900	-0.400900
88	2.596200	1.827900	0.000000	2.020700	1.196600	4.215100	0.373700	1.084500	1.693300	1.846200	0.091600	0.783300	1.998000	1.746000	2.803200	2.170300	1.546600	-0.053300	-0.062400	1.258700
89	3.404900	2.111500	1.006400	0.000000	-0.418000	5.989800	9.401900	0.789500	2.231900	1.457100	1.654700	7.278300	7.109100	3.874400	5.091600	2.653100	27.337400	16.128000	9.135100	22.648200
90	1.278700	1.212600	1.332600	1.763000	1.817900	0.000000	1.380200	1.695700	1.112800	1.062600	1.317400	1.044100	1.165900	1.331800	0.940800	1.357300	1.275100	1.454200	1.480600	1.485000
91	0.000000	4.506100	3.819500	10.879900	10.303200	10.870800	4.959200	10.251900	5.502300	4.958000	4.213300	4.375600	6.150000	4.837800	6.959200	4.004400	6.057100	5.454600	4.764800	4.401500
92	2.761800	1.841000	0.192800	0.899700	1.286000	3.561500	0.000000	1.437100	2.107200	1.829500	0.234000	0.364000	3.194600	1.657900	4.640900	2.518000	4.784500	2.691400	5.775800	3.363100
93	4.907100	3.289000	0.574800	0.766800	0.000000	5.105000	1.704800	2.149800	3.963700	2.428100	0.667100	1.425100	5.619200	3.042600	4.130700	3.541700	7.025800	3.040000	3.577800	1.923000
94	1.484500	-0.130600	0.660700	-0.877600	-0.145300	1.746500	5.697000	-1.067900	0.000000	-0.687600	-0.186000	2.716800	3.355400	4.511300	2.559200	1.746800	15.493900	5.223000	6.411800	12.655500
95	2.525800	1.577900	-1.574400	-0.843200	-1.565800	3.101300	2.457700	0.000000	0.963400	0.516200	-1.576400	-0.501800	1.952600	0.459900	1.275800	1.501900	3.926600	2.458200	0.847700	2.707900
96	2.262900	0.463000	-1.907200	0.687900	2.000600	0.275500	-0.034900	0.298100	1.173500	0.122700	-3.131700	-1.453600	0.000000	0.376600	3.428300	2.315400	6.394500	-0.068400	-0.980900	2.097300
97	3.379200	1.714100	1.232800	0.000000	-0.562200	2.550900	2.211200	1.435100	2.786600	1.661300	0.572600	2.219000	4.168600	2.016800	3.750900	1.960000	23.218900	2.793500	-0.467600	1.979700
98	3.107600	1.509000	0.512500	1.495100	1.162800	0.139900	2.096500	2.540700	2.490800	1.884600	1.130400	2.077300	2.236900	2.071500	0.000000	2.002000	2.284100	0.239500	-0.318200	1.872600
99	1.823300	0.000000	-0.708100	0.910000	0.445500	-3.222200	5.116600	0.923000	0.693700	0.213900	-0.850200	1.489100	4.614300	2.988200	4.381500	-0.552700	14.848300	7.057200	7.301300	25.331400
100	3.329500	3.019700	2.361800	3.692600	3.163800	3.780900	0.000000	3.047600	2.234400	2.959700	2.371800	2.279800	3.251800	2.394200	3.745900	2.452900	3.253800	2.699500	2.570800	3.213900
101	2.808600	1.882200	0.000000	1.769000	0.922200	3.323700	0.390500	0.784100	1.072400	1.956100	0.360400	0.671000	2.605700	1.770200	2.961500	1.876400	1.405200	0.058500	-0.318800	0.937000
102	1.539400	-0.439800	1.981200	0.770400	1.176400	1.671700	3.783700	0.546200	0.000000	0.413700	0.818200	2.785400	3.132800	2.553300	2.820100	2.412500	9.404100	5.667400	5.465500	10.855700
103	1.575700	1.630200	0.419100	1.468900	1.138700	1.746400	1.029100	1.558900	1.817900	1.411300	-0.010400	0.554300	0.839200	1.140900	1.513200	0.741300	-0.687600	0.000000	-0.273600	0.992800
104	4.957200	4.139300	3.995500	3.789500	3.466800	8.262700	2.983600	3.820900	4.442500	4.689100	3.780500	3.645400	3.494800	4.277300	0.000000	2.595700	3.593800	3.769900	3.516200	4.052000
105	1.720600	0.554700	-0.250300	-0.252300	-0.624100	-0.768100	0.967500	0.000000	1.188900	0.829100	-0.713000	0.420900	0.449200	0.631800	2.503200	2.040400	5.464100	3.480400	4.268200	2.989400
106	1.689400	1.107600	0.628100	1.398400	0.952300	0.052100	1.271000	0.700500	0.963800	1.565700	0.351600	0.928200	0.000000	0.755600	0.745200	1.412900	0.720000	1.173700	0.903800	1.437700
107	1.228100	0.000000	-0.612800	1.211500	1.406100	1.034200	-0.183400	0.946700	0.818600	0.708600	-0.702600	-0.348500	0.388100	-0.506800	0.908800	-0.377000	0.094700	0.282500	-0.376400	0.091000
108	0.043400	-1.654100	-3.384800	-0.145800	-0.666400	6.131300	0.907100	-0.265100	0.000000	-1.245900	-3.972700	-0.660000	0.741600	-0.477300	1.114500	-0.394700	2.517000	2.011400	-0.120600	29.212900
109	3.434400	2.109400	-0.071300	0.772500	0.000000	5.334100	1.932500	1.121700	2.282200	2.000400	0.333300	1.381200	2.069600	2.036800	3.341800	2.005600	1.940200	1.197000	1.375400	2.589100
110	0.665100	0.000000	-0.153100	0.217600	-0.181700	2.988200	-0.336700	0.473100	0.241800	0.717900	-0.273100	-0.047000	-0.028200	-0.260000	0.299700	0.127100	-0.796900	-0.257500	-0.325000	0.192800
111	2.856200	1.143900	-0.101500	1.286900	1.077200	4.262500	-1.298000	1.629500	1.634400	1.733800	-0.288100	0.000000	2.716600	-0.978800	2.623300	1.424300	-0.173200	-1.660400	-1.008700	1.034500
112	2.142500	0.000000	3.117800	1.482800	2.768500	4.878500	7.326000	1.338500	1.301500	1.035900	0.858200	5.439300	5.569500	5.782900	6.266200	5.720000	18.489500	13.816700	13.619500	27.162300
113	1.593600	0.586700	-0.477600	0.504900	-0.191000	3.608500	0.366100	0.789800	0.610800	0.954800	-0.778600	0.000000	0.823900	0.139100	1.466400	0.366600	-0.325200	0.119200	-0.986200	0.755000
114	2.267200	1.144200	-0.060400	0.821100	0.264000	3.796500	0.000000	1.488600	1.544100	1.739800	-0.283200	-0.054500	1.508000	0.547200	1.909900	1.080800	-0.152900	-1.044200	-0.550800	1.268400
115	4.382900	2.529700	0.000000	0.655200	-0.394100	4.748200	0.867300	1.868200	3.030300	2.715000	-0.033500	1.486700	4.353600	1.968400	4.878600	2.530600	4.237100	-0.378000	-0.184500	1.711300
116	5.050500	3.257400	1.774800	1.300600	0.000000	7.140300	4.303100	3.656000	3.810800	3.228300	-0.171100	3.840400	3.277900	3.610600	4.936800	3.451000	12.012800	6.795600	6.359500	13.507900
117	1.527600	0.379600	-0.313900	0.704000	-0.003300	5.920500	0.396100	1.456400	1.370900	1.004200	-0.514100	0.000000	0.398700	0.455800	1.386700	0.294100	0.095000	-0.001100	0.390500	1.055900
118	3.923300	2.398500	0.000000	1.116500	0.070300	4.094300	0.122500	2.675900	3.687800	2.731000	0.293400	0.995900	3.948800	2.065900	4.659500	2.837600	1.364900	-0.748400	-0.063400	1.826800
119	7.138900	5.157600	1.633000	5.844900	5.620600	8.008100	3.639000	5.502200	6.744600	5.235700	1.137500	3.934600	6.392700	5.276200	7.034600	5.233400	2.953300	0.000000	0.278500	4.121800
120	1.835600	1.133300	0.299500	1.435100	0.818300	5.317400	0.179300	1.456800	1.179000	1.661300	0.346800	0.325400	1.316400	0.593700	2.205500	0.000000	1.088600	1.577300	1.069400	1.636200
121	0.113100	-0.931200	-1.496300	-0.060300	-0.368400	2.885200	-1.248700	0.115900	-0.807300	-0.421500	-1.924700	-1.333400	-0.527400	-0.909300	0.000000	-0.720000	-0.787100	-1.169000	-1.286700	-0.465100
122	0.346700	0.000000	-1.277000	0.262700	-0.305700	1.212300	-1.032700	-0.494200	-0.073500	0.061500	-1.338200	-0.945100	0.600600	-0.513500	0.845500	-0.829200	-0.014400	-0.185000	-0.773500	-0.574900
123	0.000000	3.729100	3.999700	4.891200	4.862100	6.853800	3.125400	4.756700	3.910700	2.671100	3.919200	3.200300	4.180400	3.472800	4.223200	2.731400	3.970900	3.954600	3.957800	3.936500
124	3.817200	1.990700	0.282500	0.260300	0.000000	4.178900	1.626600	2.016600	3.082300	1.523500	0.375800	0.991700	1.850700	1.558500	3.495300	2.175000	3.710600	3.279500	2.379800	4.364300
125	0.444300	0.467500	-0.075900	1.102700	0.676100	-0.739500	0.235000	1.028000	0.000000	0.329000	0.210800	0.062600	-0.186700	-0.029300	0.219700	0.484100	0.286700	0.131000	0.007500	0.775600
126	1.992300	1.355200	-0.205300	1.479400	1.187500	-0.148000	0.239800	1.494600	1.578100	1.329700	-0.052500	-0.125400	0.550700	0.684200	1.115700	0.000000	1.481900	1.584200	1.529000	1.629400
127	0.749300	0.820800	0.509700	1.093700	0.749800	0.148000	0.398600	1.292100	0.764600	0.698100	0.672300	0.401900	0.865500	1.117400	0.000000	0.835300	0.824400	0.494000	0.412000	1.113800
128	4.390100	3.551900	2.190500	3.769100	3.121300	8.412600	0.000000	4.595100	3.778700	3.616700	2.020700	2.057700	4.101600	3.036100	4.929000	2.933500	3.182200	2.783600	2.553600	2.744400
129	3.786600	2.822400	-0.488900	0.658000	0.000000	6.815700	12.241000	1.818600	2.983900	1.117500	0.929400	5.624700	4.816800	2.850900	3.776200	2.325200	11.718900	7.989100	5.170300	5.368400
130	4.488800	2.660600	0.000000	0.148300	-0.378000	6.640200	2.199500	1.230400	3.985300	2.277300	0.261600	3.351900	2.699900	2.745000	3.473600	3.148200	1.889600	2.151200	1.693800	3.563900
131	6.157700	4.161600	0.283100	1.135400	0.000000	4.623900	7.312100	3.480600	5.408900	3.773800	-0.062300	3.686500	5.637700	3.479300	6.061900	3.633700	15.077900	18.383300	11.065500	8.988500
132	3.200100	2.392100	1.466200	1.109200	0.893600	6.390800	-0.252100	1.686400	3.451100	1.982500	0.206600	0.000000	4.587100	0.523100	4.882400	3.266300	7.315000	13.839400	12.439000	16.620600
133	4.153800	3.198000	0.000000	0.809200	0.333400	5.120100	1.751800	1.950500	3.266200	2.599800	-0.010600	2.602300	3.139300	2.428400	4.132000	2.802200	13.430800	5.279100	6.134800	5.294500
134	2.035300	0.000000	-1.245000	-1.894300	-2.351600	-2.202100	-0.766200	0.850800	1.193700	0.107300	-1.974500	-1.070500	2.553900	1.314200	3.739100	0.273900	11.480500	8.721500	2.770900	2.189300
135	0.749700	-0.398300	6.146800	2.013000	5.818500	3.257700	15.751500	0.985700	0.000000	1.140500	3.962300	10.481500	11.529100	7.833500	5.210700	4.479700	21.270700	33.852400	13.321600	33.826800
136	2.696700	2.521000	2.541800	2.287700	3.555600	3.696200	4.938700	0.000000	1.160200	2.747600	2.316500	3.579500	1.388400	3.114200	1.102000	2.003300	5.899000	2.602200	2.369100	8.890400
137	4.219900	2.946200	1.158400	2.615900	1.534600	0.558600	3.210500	3.707300	4.093300	3.171800	0.570300	2.927700	2.735400	2.485500	3.989700	2.755700	0.000000	1.447500	0.930800	3.340800
138	1.437900	0.293000	-0.245800	1.423500	1.406400	-0.932800	0.588500	1.761200	0.777500	0.876900	-0.107500	0.296700	-0.463100	0.000000	0.834800	0.314300	-0.486600	0.009100	-0.046700	0.574100
139	0.000000	-0.347500	3.826800	2.773400	2.249000	6.529600	4.015800	3.764000	2.229400	1.390900	-0.706200	3.486500	0.532800	0.718200	4.141800	2.239800	14.105900	9.298300	8.175700	25.828600
140	4.450100	2.813900	1.835900	0.954000	0.000000	4.790100	1.066700	2.943600	3.174200	2.800600	0.101000	1.695800	4.466600	2.268300	5.453100	2.734900	8.502100	3.256000	6.028700	12.693800
141	1.489100	0.352000	-0.833400	0.185900	-0.575600	4.054300	0.000000	0.411400	0.979000	0.471500	-1.266600	-0.143000	0.245900	0.187700	1.157200	0.597400	0.632300	0.092600	-0.098200	0.902100
142	0.850400	0.000000	6.418800	2.955000	4.185100	7.508500	13.267100	0.551700	1.080500	1.649700	5.117200	5.528600	6.966400	6.265400	7.206300	5.141500	22.102700	18.633400	16.530000	29.220100
143	2.211200	0.000000	5.144700	1.845900	4.133400	4.983100	18.419400	2.747400	0.909500	1.883900	5.374500	10.820100	10.787200	9.523100	6.202600	4.895200	31.326900	18.188600	9.761300	23.232700
144	0.573500	-0.593400	-0.932000	0.233600	1.168300	4.698000	0.506300	0.018300	-0.309300	0.243400	-0.936200	-0.488900	0.000000	0.074900	0.765100	-0.308600	0.552300	1.219000	0.796100	0.541800
145	1.941600	0.726500	-0.208300	0.413400	-0.192100	3.699200	0.492500	1.457300	1.432700	1.338100	-0.478700	0.241800	0.867100	0.000000	1.641700	0.747000	0.896900	-0.409000	-0.183200	0.796900
146	5.387100	3.615300	0.000000	3.837700	2.924100	5.931500	4.147700	5.095900	4.778100	3.714200	0.654200	2.711000	5.542600	3.847800	6.278400	3.524500	12.863100	16.774000	7.629400	7.059900
147	2.476300	1.727500	0.244400	1.385100	0.599000	5.183800	1.937200	0.996300	1.919300	1.844000	0.378500	1.523400	0.000000	1.428300	2.702300	1.608700	1.848500	1.568200	1.295000	2.475100
148	0.364800	0.184400	0.158600	0.956500	0.644900	1.137900	-0.251200	1.119200	0.824500	0.834200	0.214900	0.000000	1.266100	0.107300	2.053500	0.070400	0.743600	-0.776300	0.201700	-0.121700
149	0.293200	-0.047100	-1.289500	0.602300	-0.180900	2.470000	-0.851500	0.011700	-0.061500	-0.181400	-1.689600	-0.921200	0.000000	-0.548100	0.207900	-0.233100	-1.087500	-0.651300	-0.755700	0.040100
150	0.000000	3.124900	2.940200	4.586500	4.556000	5.872500	2.477800	3.945300	2.966300	3.545500	2.946100	2.973600	3.131500	2.811600	3.429800	2.612700	3.593900	2.683900	2.609600	2.671700
151	5.601200	4.006600	1.425500	1.026600	0.000000	7.795100	4.039300	2.698400	4.486600	3.102700	0.262100	2.870100	5.461700	3.893900	5.519100	3.004400	3.475500	2.634900	1.878600	3.067600
152	2.325500	1.093600	-0.159100	1.638100	3.319000	-0.611800	-0.503200	3.234400	1.386700	1.407400	-0.350800	0.395400	1.651200	0.908400	3.025200	0.000000	0.099500	-0.014500	-0.229100	1.002500
153	2.322100	0.736100	0.505700	-1.739000	-0.275500	1.005400	4.259400	-1.549400	0.541400	0.000000	-0.254800	3.617100	4.712300	4.692400	5.102800	0.430000	8.278700	4.426900	2.182100	2.675100
154	4.012900	2.094000	0.186000	3.227200	3.014100	6.335100	7.376400	0.661800	2.627200	1.454700	-0.277700	3.101400	1.848500	2.799000	1.468500	0.000000	7.371300	7.875600	6.446800	6.007700
155	5.359800	3.895000	0.000000	2.998800	2.214100	4.968500	10.683100	4.409800	3.944500	2.929900	0.493600	4.282700	6.105000	3.429900	5.295900	2.957800	22.940000	14.123900	7.385500	14.986400
156	1.487200	1.274700	0.150800	0.410800	0.369800	4.590200	6.473000	0.000000	1.250100	0.901600	0.149500	6.016000	2.365400	1.162600	4.362600	1.144300	8.816600	5.725500	3.384400	6.512600
157	3.228200	3.724200	0.000000	2.419200	1.875900	8.590800	3.036700	4.899900	4.767800	2.845200	-0.002300	2.716700	2.756600	2.315500	3.845600	3.101200	4.841300	2.438900	0.858200	3.447800
158	5.008500	3.389900	0.000000	1.317000	2.093600	5.375400	7.973100	1.722300	3.439900	2.597700	0.332800	3.388700	4.957100	3.890000	4.715500	3.111200	24.929600	17.993800	13.729000	51.424700
159	5.807600	4.461400	1.004000	3.434500	3.441500	8.752800	7.728100	5.573300	5.408400	4.100700	1.783300	5.415800	4.790600	3.949500	5.235600	4.327900	4.276200	0.972900	0.000000	3.688800
160	1.697000	1.215600	5.098300	1.767400	3.978500	6.460900	5.795200	1.461000	0.000000	1.528100	3.284600	3.066200	4.437200	4.505400	1.992400	1.456000	14.398100	9.203300	8.256500	7.584800
161	2.934000	2.357800	0.734100	2.397000	1.186000	0.951600	1.989400	2.518800	2.718400	2.579300	-0.016200	1.768600	2.040200	1.882600	1.983900	2.705400	0.934000	-0.074900	0.000000	2.243900
162	1.769300	0.000000	4.641200	2.956500	4.380100	-0.503000	5.031400	2.363700	1.341100	1.788000	2.187700	4.660500	7.977600	4.351200	6.413100	5.997500	27.244900	28.571500	27.849600	41.530100
163	4.535100	3.039400	2.256200	3.752200	3.256500	2.494400	8.830800	2.831800	3.724600	3.178000	1.560800	4.345000	1.257700	0.000000	3.282900	3.580100	25.183700	8.541200	6.830700	6.993800
164	1.978100	0.000000	4.037100	2.660200	4.754400	6.256800	8.682700	3.212400	2.522300	1.771900	0.305600	7.441800	4.583400	5.804200	5.352600	3.731200	16.174100	20.809200	19.011100	45.886500
165	3.103700	1.554200	1.541100	0.689800	0.229300	4.642400	0.000000	1.042600	1.376300	1.572300	-0.372300	0.597700	1.909800	0.762300	3.050000	2.580700	1.373000	3.364000	0.560700	2.528800
166	1.917300	0.000000	-0.168300	1.329600	2.228000	4.606100	1.846200	0.182900	0.885500	1.097600	-0.592700	1.699200	3.237200	1.755800	3.751700	3.212400	7.621800	10.311800	2.372900	19.083400
167	1.690400	-0.362000	-0.511400	0.927000	1.841400	4.591100	16.770200	2.031100	0.557000	0.000000	3.527300	9.215700	7.725000	4.672300	3.714300	2.217900	34.588000	25.066800	14.534000	28.621700
168	2.091800	0.000000	6.064400	7.331800	10.621000	10.980500	25.567100	6.053000	0.251200	1.624400	2.412700	8.012300	3.966400	6.183100	9.827600	7.523700	36.862200	28.716700	25.050300	15.241000
169	1.301000	0.716100	-0.770100	2.042500	1.165300	3.650100	3.692800	1.602100	0.837100	1.000000	-0.305900	1.667100	0.000000	1.079100	2.834600	1.187300	0.871700	2.804900	-0.250300	1.201500
170	1.005100	0.000000	2.152800	3.483400	3.974100	3.548300	0.250300	2.485500	0.447800	1.085400	0.196000	1.560700	4.164700	2.595600	4.229400	1.759600	4.328000	5.243100	3.505000	5.266800
171	0.000000	2.658300	2.786000	4.026000	4.939600	7.283500	2.064900	4.952800	2.619800	2.640600	2.636400	2.142200	3.156700	2.496300	3.110600	2.296900	3.175100	2.539500	2.616200	2.551000
172	3.540000	1.888700	1.944600	0.000000	-0.128600	2.761400	11.685800	1.530300	2.801700	1.610400	3.006500	5.238900	5.855600	4.360000	5.849800	3.329600	27.835700	13.223100	6.313900	4.207500
173	2.643400	1.356400	0.495500	2.434200	2.436200	1.132700	1.441100	1.496600	2.012900	1.885800	-0.392600	1.202500	2.010600	1.096400	3.200100	2.512900	-0.683400	-0.035900	0.000000	1.977600
174	4.097400	2.794100	0.000000	0.798800	-0.160400	10.459400	3.353300	1.777500	3.056700	2.419800	-0.337400	3.961900	3.362200	2.444600	6.644000	5.670800	26.132100	23.905300	17.792000	28.278300
175	5.729500	3.976300	1.866900	0.968300	0.000000	6.836900	13.353100	3.815000	5.283100	3.209800	3.686900	6.781500	5.794200	5.569100	6.887100	5.326000	28.064100	19.706300	16.464500	30.932900
176	1.076500	-0.189600	-1.758100	0.897000	1.811200	5.940200	1.883800	-1.289200	0.000000	-0.933500	-1.793000	1.969500	0.334100	0.272800	2.704600	-0.434800	14.641700	18.593500	14.163900	25.166900
177	4.834800	2.978200	4.279800	1.231800	1.984800	0.000000	7.273000	2.411000	4.160400	2.597400	3.637300	4.781700	5.346500	4.455000	6.064500	5.414100	17.789700	10.446100	7.180700	7.896800
178	3.719000	2.444000	1.472300	2.952200	2.763000	2.787500	3.446400	4.423000	3.351200	2.850700	1.302900	1.467700	3.207200	2.435200	2.391300	2.425000	3.808300	-0.098400	0.000000	3.434000
179	3.036100	2.355900	0.814900	0.000000	0.149400	3.603100	14.570200	1.304500	2.447900	2.313000	3.519300	9.178100	7.552200	7.460500	5.639900	3.185300	29.253400	20.286100	15.176800	32.362000
180	0.000000	0.002100	0.429500	2.490900	10.314900	12.554000	1.274700	2.652200	0.835800	3.202900	-0.575100	0.595900	0.398600	0.803100	5.567300	4.795800	3.535500	2.717700	2.758000	1.533100
181	0.929800	-0.296900	-1.105200	0.621700	0.527200	-0.616000	0.000000	2.334800	-0.536700	0.267200	-1.445500	-0.471800	-0.539400	-0.733100	-0.452400	-0.695900	-1.073300	-0.535000	0.034700	-0.459900
182	2.394100	1.296100	2.018000	0.270200	0.000000	-0.397400	3.122400	2.174200	2.668200	1.753600	-0.045900	-0.206600	1.851800	1.009100	3.454700	3.405000	12.835700	12.512700	10.788200	9.429200
183	2.746500	1.113400	0.000000	1.744600	2.702600	2.563300	0.889300	0.697700	1.313900	1.509700	0.459900	0.263800	3.840500	1.398400	4.276000	0.663800	2.563900	1.400400	2.123600	2.735400
184	0.283800	-0.482500	-0.831100	0.078100	-0.677300	4.856100	-0.085700	0.179100	0.626900	0.474800	-0.448200	-0.262800	-0.674400	-0.361500	0.000000	0.122400	0.056400	-0.035200	-0.041900	-0.395900
185	4.880500	3.219500	2.304400	5.048300	4.619200	7.738400	4.294700	4.879500	5.004100	4.009700	1.457400	3.952200	4.213800	3.365100	4.490100	4.145300	0.000000	-0.495300	0.488300	2.596400
186	2.997100	1.264000	-0.260500	0.825900	1.828700	4.134000	0.376800	0.671100	1.700200	1.628100	-0.538400	0.298000	1.589600	0.904500	2.878600	1.281300	0.888700	0.000000	-0.379300	0.597800
187	1.955800	0.903100	-0.185800	0.715200	0.013600	4.984700	-0.983000	1.161400	1.089500	1.098200	-0.642700	0.000000	1.371500	0.942700	2.581300	1.810500	1.202400	0.935300	0.921600	1.796900
188	0.605200	0.000000	-0.471400	0.127800	-0.100000	2.790700	-0.986700	-0.317100	-0.281900	0.271500	-0.472500	-0.620000	-0.117500	-0.364100	0.397800	-0.226100	-0.022500	-0.258300	-0.322000	-0.504200
189	0.310000	0.623600	-0.153200	0.886900	0.356500	2.133100	-0.639900	1.789400	1.254500	0.761800	0.166000	-0.353000	0.772000	0.114000	0.912500	0.000000	-0.646600	-0.674400	-1.010400	-0.810100
190	-0.077500	-0.066200	-0.027200	0.958200	0.661600	5.709300	-0.979000	0.000000	0.205700	-0.032000	-0.597900	-0.256500	0.990400	-0.092300	0.644400	-0.213500	0.623900	3.891000	-0.515800	-0.322900
191	0.385600	-0.019600	0.076000	0.323000	0.126500	-0.510200	0.167000	-0.044000	0.517600	0.336700	0.178000	0.147900	0.255800	0.279400	0.000000	0.496400	0.280100	-0.218800	-0.380400	0.477500
192	1.589000	0.961400	0.230800	0.525800	0.016000	1.189400	0.130200	0.812000	0.728400	0.594500	0.317200	0.000000	1.302100	0.139100	1.448700	0.450600	0.892800	0.639800	0.707800	1.179300
193	1.370500	1.210900	0.956400	1.693700	1.370000	0.829800	0.137100	1.649200	1.336600	1.308500	1.392500	0.000000	1.420800	0.947800	1.767400	1.586600	1.717900	1.049800	1.131800	1.578000
194	0.064900	0.057400	-0.162000	-0.075600	0.020900	1.667300	-0.327300	-0.266300	-0.003800	-0.003500	0.026300	-0.346100	0.000000	-0.203300	0.113300	0.042400	-0.370200	-0.298600	-0.283500	0.087000
195	4.489000	3.709500	2.542600	2.727900	3.453000	5.022200	1.520400	3.320200	4.021400	3.586400	2.002500	2.976200	5.689300	4.060400	6.341800	4.875400	1.159900	0.000000	0.484200	3.445200
196	0.428000	0.000000	0.067000	1.521000	0.987900	-0.870100	-0.060700	0.852100	0.455800	0.467800	0.070200	-0.103700	0.369300	-0.002200	0.375600	-0.335800	-0.140100	-0.139500	-0.176100	0.202600
197	1.476200	1.135200	1.942900	2.602500	2.476600	0.000000	1.058100	1.249600	0.661300	1.757400	1.589200	1.003700	0.973500	1.480000	1.899400	2.231400	1.737700	2.279800	1.973600	2.630400
198	0.298200	0.000000	-0.168500	0.526600	0.397200	-1.257300	-0.118300	0.619400	0.491300	0.463900	-0.293900	-0.335300	0.111600	-0.301900	0.802000	0.071800	-0.167100	-0.412100	-0.459900	0.792700
199	0.743300	0.492400	0.319800	0.612700	0.032600	0.681800	-0.064100	0.137000	-0.229300	0.339600	-0.096500	0.246300	0.000000	0.159900	0.333100	0.393700	0.276500	0.163900	0.164200	0.625100
200	2.419300	1.387500	0.590100	-0.295000	1.372000	9.579200	2.009800	0.192700	1.319700	0.820400	0.020100	3.005000	-0.290900	3.390300	0.000000	-0.326400	6.611700	3.251300	3.326900	4.047700
201	4.566900	3.345100	2.218600	2.686300	2.327300	0.000000	3.179200	3.748700	3.608100	3.469400	2.518000	3.510800	3.488300	3.715900	4.367300	4.548700	9.216800	9.171800	8.795900	50.062900
202	0.000000	5.395500	17.919100	19.126100	24.510400	7.993500	28.183400	14.851600	7.617400	9.938500	20.769000	29.073900	19.793700	13.724800	25.067500	16.627100	49.990900	34.600000	25.276500	51.040100
203	2.763200	1.388100	3.221700	0.000000	0.416200	2.494900	0.176200	0.531500	1.474400	1.556300	-0.162600	0.925400	4.259500	2.494000	5.136100	2.289400	4.278500	1.520300	0.706600	3.186600
204	0.513200	-0.194200	-0.638000	0.000000	-0.474500	4.171600	-1.230000	-0.378100	-0.094100	0.414000	-0.408700	-0.830700	0.073400	-0.579000	0.369800	0.086500	0.290900	-0.076500	0.223300	0.496100
205	-0.056600	-1.361100	-2.784100	-1.934300	-2.420000	3.210100	-2.452600	-1.213400	0.000000	-0.881600	-3.143400	-2.595900	-0.499400	-1.767700	0.127900	-1.267500	-1.818100	-3.156700	-1.992200	-1.730100
206	4.057700	2.309500	0.546400	0.000000	0.637600	4.621100	11.377300	1.968800	3.494700	2.324200	1.352700	3.763700	3.976300	3.088700	4.300800	2.714000	18.459700	10.512200	5.834800	4.590700
207	1.125600	-0.270800	-0.956400	-0.555300	-1.283700	3.454500	-1.716700	0.111900	0.000000	0.158800	-1.143800	-0.782300	0.008000	-0.170400	1.343700	0.706700	-0.588200	-0.565800	-0.623700	0.733300
208	1.082800	0.319500	-0.441900	0.458100	-0.242300	3.425000	-0.138200	0.340700	0.412000	0.679900	-0.761400	-0.027500	0.000000	-0.267600	0.668500	0.767700	-0.693500	-0.451900	-0.533300	0.570700
209	5.069500	3.092300	0.966000	0.965200	0.000000	5.970900	1.604500	2.668000	3.612800	3.091100	0.488900	2.811400	5.008800	3.080500	5.206400	3.086300	2.349400	0.383500	0.017100	2.548500
210	4.446700	2.783800	0.173100	1.112900	2.045400	7.603300	3.594400	2.895800	4.537700	3.096800	0.519100	1.509100	4.240900	2.999700	5.442000	3.468100	0.167300	0.000000	-0.357300	2.212300
211	0.982600	0.088000	-1.155800	0.084200	-0.892800	3.612800	-1.288100	-0.121200	0.189600	0.544500	-1.285300	-0.691400	0.329800	0.000000	1.125400	0.058700	-0.421400	-0.638000	-1.100900	-0.058900
212	3.599600	2.176100	0.326900	2.350400	1.393400	4.969900	2.189900	2.131900	2.377000	2.576700	-0.578600	1.869700	2.588800	2.288300	3.533100	2.936500	-0.870500	0.000000	-0.767700	2.181500
213	6.316900	4.770200	1.658900	3.178600	1.836100	9.401600	4.987500	4.321300	5.412700	4.946400	1.588000	3.845200	6.223900	5.271200	6.838700	4.350900	12.136100	0.000000	0.371500	2.749800
214	1.964300	0.606300	-0.672400	0.623900	-0.084400	3.109100	-0.963000	1.425000	1.537600	0.797600	-0.572700	0.000000	1.284200	0.602500	1.882200	-0.673100	0.886300	-1.290800	-0.183700	1.391100
215	0.491200	-0.685300	-1.578100	-0.524500	1.989400	5.276300	-0.809600	1.097600	-0.169100	-0.005300	-1.662100	-0.938200	0.000000	-0.956500	2.084700	0.744500	4.199900	4.568700	4.728600	0.596600
216	1.319500	1.001600	-1.533400	1.641200	1.395700	4.034900	-0.326900	1.291300	1.485200	1.016900	-0.567700	0.118800	0.139100	0.316200	3.537500	0.309300	5.741200	-0.492000	-0.898400	0.000000
217	0.000000	2.615500	2.351300	5.457900	6.893800	8.970500	1.622200	5.487200	1.969900	2.479400	2.040400	1.645900	2.557200	2.016300	2.577900	1.656400	2.967000	2.470600	1.855500	2.541100
218	2.882400	1.706700	0.552900	0.833300	0.231800	6.265800	1.759600	1.773200	2.462100	1.844500	-0.187500	1.541200	3.734000	2.474800	4.049700	0.510800	-0.045900	0.000000	-0.808400	2.072700
219	-0.214700	-0.154800	-0.269100	0.492600	0.297900	-0.622100	-0.520200	0.280400	-0.207300	-0.188900	-0.529900	-0.407800	0.000000	-0.179900	-0.004500	-0.235500	-0.750100	-0.158700	-0.574900	-0.026200
220	2.660400	1.011400	2.413200	-0.306800	0.290200	0.229600	4.069300	0.000000	1.660800	0.999800	5.177100	3.840400	5.391900	4.360700	5.490700	4.058000	22.802500	19.529400	16.931600	22.253600
221	2.824500	1.405900	0.797300	0.000000	0.264900	3.405600	1.742100	1.679100	2.706000	1.812100	0.854800	1.135700	2.367800	1.320800	2.277300	0.510300	1.218900	-0.033800	-0.279600	1.064300
222	4.673900	2.998800	-0.629700	0.000000	-0.760600	2.300700	3.067400	2.290200	3.936900	2.005300	0.251400	3.331500	5.496700	4.936200	4.471100	2.343700	18.628100	14.550500	8.683400	26.539900
223	5.445400	3.468600	0.295800	2.433900	4.079100	10.937700	3.340000	3.184300	4.885000	2.859000	0.000000	2.929900	5.147900	2.290500	5.575600	3.581700	23.741700	25.877200	18.936100	33.244900
224	0.000000	-0.352200	6.799800	4.917300	5.640100	1.254300	12.701500	3.194200	1.108700	1.485200	5.677100	9.837100	11.035400	10.982300	6.399500	5.560700	17.068900	15.208600	15.286600	17.734900
225	1.154700	0.000000	3.920300	0.777800	6.454700	6.124100	2.785300	1.791100	0.364100	0.625100	0.027800	0.838600	3.019700	1.543300	2.396500	1.235400	9.245500	7.810600	6.555500	3.115900
226	-1.295200	0.049900	-0.670800	-0.902800	-0.804500	2.381500	0.246000	-0.775900	0.000000	-0.934200	-1.069300	-0.261700	-0.146400	-0.008500	0.137600	-0.713100	-0.939900	-0.341100	-0.594100	0.178700
227	6.100100	5.174000	2.370700	4.076400	3.780300	5.661600	7.746300	5.219700	6.044600	4.643700	1.555500	3.622300	7.010100	4.592000	7.468700	5.338300	3.316800	2.601900	0.000000	3.653800
228	0.707200	0.791100	0.187700	1.059700	0.846400	0.443000	0.000000	1.031200	2.133100	0.868300	1.896500	-0.206900	1.514200	0.370200	1.760300	0.271000	1.719700	1.143100	1.047000	2.814300
229	-0.073800	0.414000	1.463000	1.993400	1.847600	4.382100	0.061800	0.368100	-0.738100	0.433200	1.213300	-0.121100	0.656900	0.629900	0.256500	0.000000	0.783700	0.312200	0.135900	-0.020300
230	1.885500	0.826100	-0.270700	0.565900	0.000000	-0.383000	2.113400	0.662200	1.581400	1.459400	0.442600	1.501900	0.733100	1.477600	0.910900	1.060800	1.352600	0.900900	0.736400	2.014200
231	0.000000	-0.716500	-1.899400	-0.210500	-0.420200	-1.052000	-1.280400	0.826000	-0.005100	-0.063600	-1.879700	-1.675800	-0.786800	-0.134800	-0.220200	-0.238400	-1.515000	-1.106300	-1.387500	-0.614200
232	0.436600	-0.785800	-1.832300	0.612300	0.157000	-2.903500	-0.562600	-0.445400	0.281200	-0.087700	-1.870300	0.440500	0.000000	-2.407000	0.803000	0.292700	1.860300	0.295200	-1.268700	0.316300
233	5.315600	3.571600	0.127200	1.138500	0.000000	3.926600	10.137300	3.226100	4.797500	3.409400	1.723400	4.612300	5.117800	2.610400	5.391400	3.251700	15.660600	9.982700	6.777800	21.524000
234	3.656400	2.739000	0.000000	1.859000	0.258500	5.228000	2.203600	1.953300	2.904300	2.547900	-0.733900	1.694800	2.767600	2.413900	4.047200	2.254500	3.805700	3.126000	2.570100	3.891300
235	0.391500	-1.105700	-2.396700	0.309800	0.829600	3.338400	-0.341900	0.701000	-0.559700	-0.470800	-1.778900	-0.813900	0.000000	-0.318000	0.896700	0.128400	3.570200	3.764800	2.674700	15.380200
236	4.757500	4.318500	0.000000	4.222000	3.153900	8.243100	5.942400	3.295800	4.109100	3.812900	0.483800	3.051600	6.232300	3.463400	6.217200	3.007500	16.482700	15.234200	7.601800	3.499500
237	1.354000	0.000000	0.246500	-1.124100	-0.399600	4.043200	5.523400	-0.776500	0.106100	-0.381300	0.370200	5.515300	4.306300	3.447700	5.452100	1.196700	13.508600	9.519700	8.041000	7.431000
238	0.000000	4.151400	7.314400	12.446000	13.801500	15.412700	7.192300	10.955200	6.444000	5.584700	5.567600	8.674400	8.530700	7.684000	7.783600	8.675400	12.155300	10.033900	12.587800	75.031080
239	2.089200	-0.115000	-2.574700	-0.390300	-1.258400	5.992600	6.654400	0.256300	0.853900	0.000000	-0.953300	4.492800	3.773200	2.914000	1.134400	0.683900	19.342700	8.408400	7.485900	21.445300
240	2.407800	1.477400	0.740600	1.368300	2.013500	0.289300	2.255900	2.547400	2.524900	1.489700	1.777000	1.834200	0.908300	1.550100	0.000000	1.041300	1.943800	1.649400	1.433100	1.603900
241	2.650500	1.235100	0.651100	1.966200	1.875200	5.254500	0.000000	2.720600	2.202100	1.144000	-0.720000	-0.288400	3.997800	0.769500	6.024500	3.857300	2.459000	3.911900	3.534800	4.586000
242	5.772800	3.826700	0.000000	1.533900	0.485900	7.259300	6.346000	3.322100	4.606200	3.191500	0.154900	2.807400	5.030400	2.996500	5.587400	3.251400	20.045400	14.551200	7.401900	13.982800
243	2.051000	0.592800	1.228400	1.917500	2.156500	2.858000	1.827000	0.000000	0.987700	1.464500	-0.213000	1.552900	3.355400	1.653300	4.469800	2.581500	13.572900	17.784000	16.889900	52.422600
244	6.052500	4.224700	0.066700	1.271200	0.000000	8.892000	4.035900	3.468600	4.572400	3.593300	-0.124300	2.262100	5.084800	3.104400	5.087500	4.436900	6.861500	10.929100	6.455900	6.181600
245	0.745100	0.000000	-0.465600	0.222300	-0.273600	-2.159300	-1.188100	0.288100	0.577000	-0.098600	-0.489400	-0.145800	-0.935100	-0.293900	-0.846400	-0.525000	1.079200	-0.507300	-0.621700	-0.496100
246	2.813100	2.557600	1.781600	2.404200	1.933700	0.000000	2.570200	2.551200	2.599400	2.892600	1.662900	2.007700	2.173600	2.354900	0.643800	2.212900	2.783700	1.737900	1.603700	3.455700
247	0.630500	0.000000	-0.152300	-0.062000	-0.406700	-1.138600	-0.045200	0.151900	0.372700	0.279400	-0.513900	-0.243200	-1.371800	-0.721000	-0.986300	-0.083900	-0.221400	-0.186300	-0.259100	0.338700
248	3.160900	1.857000	0.000000	1.562000	1.505400	1.257500	1.713200	2.621000	2.756400	2.072200	0.588400	1.060900	1.074600	1.540100	1.884800	3.025700	1.748400	0.368900	0.710000	2.776000
249	5.521800	3.713900	0.000000	2.844600	1.955200	5.880800	6.631700	3.863200	4.312800	3.765500	0.183900	4.372200	4.374600	2.902300	4.973200	4.415100	8.976600	3.630400	0.641800	6.683300
250	1.312600	0.268500	-0.170600	0.940300	0.651600	5.966500	0.244600	1.176900	0.275300	0.707400	-0.425400	0.000000	-0.259800	-0.455100	-0.410000	-0.642100	0.594300	0.604900	-0.427900	0.248800
251	1.458700	0.288100	-0.595400	0.115900	-0.722700	2.749300	0.146900	0.854700	1.136400	0.947000	-0.918000	-0.196700	0.000000	-0.160900	0.661800	0.830200	-0.229000	-0.208800	-0.425500	0.570500
252	5.769400	4.230600	0.000000	3.710100	4.480200	7.159100	6.522700	3.246000	4.845100	3.963700	-0.140500	4.668400	5.258700	3.830000	6.302500	3.676800	10.045700	11.254600	5.150000	3.116500
253	1.428600	0.000000	-0.683100	0.791400	0.583200	5.700500	-0.519000	0.774200	0.398400	0.833700	-0.705000	-0.807100	0.574300	0.049100	1.695900	0.860800	0.162900	-0.731300	-0.931400	0.941400
254	-0.421500	0.087900	-0.899500	-0.057400	-0.421800	1.370200	-1.047200	0.403200	-0.466600	-0.228600	-0.733900	-1.130000	0.000000	-0.561000	0.708300	-0.742100	-0.276900	-0.333900	-0.280600	-0.375500
255	1.148200	0.579900	-0.822000	0.300100	-0.458600	3.665200	-0.254100	-0.734700	0.000000	0.205600	-1.149400	-0.624200	0.204200	-0.349900	0.252500	-0.871400	-0.071400	-1.226200	-1.057200	-0.645500
256	0.808800	0.609700	0.387400	1.189800	1.206200	-0.568700	0.134900	1.216200	0.536900	0.832000	0.152700	-0.091900	0.000000	0.431500	0.725700	0.876800	0.978800	0.645400	0.633800	1.059000
257	0.000000	2.578500	2.840800	4.100500	4.028600	7.583500	2.898900	3.657900	2.579700	2.806000	2.667500	2.754200	2.248300	2.214300	2.651800	2.553600	2.953100	2.989000	2.965700	2.796900
258	-0.012300	0.000000	-0.154100	0.280900	-0.123100	-0.369500	-0.023900	-0.260900	-0.042200	-0.073800	-0.282500	-0.040400	-0.428600	-0.251300	-0.564600	-0.168300	0.305000	0.062400	-1.083200	0.245200
259	3.292100	2.449900	-0.999900	1.157600	0.000000	3.875100	2.446500	1.944300	2.655300	1.787200	-1.596600	2.573400	3.124200	1.596700	3.770300	2.968800	0.592300	3.065100	2.721600	2.820500
260	0.467500	0.387600	0.277700	0.608700	0.365300	0.241900	0.344500	0.564300	0.430700	0.472000	0.661500	0.077800	0.000000	0.134400	0.141900	0.314800	0.329100	0.341300	0.251400	0.721500
261	1.620100	0.415900	-0.584800	-0.299600	-0.773500	0.337400	0.000000	1.091500	1.451800	0.278800	-1.036500	-0.793800	0.467900	0.163300	2.670100	0.828200	0.951700	0.844100	0.799200	1.906200
262	1.190400	0.643100	0.291500	0.143000	0.318600	4.194000	0.075300	0.846200	1.310200	1.055800	0.303700	0.000000	1.194000	0.082700	2.018600	0.138800	-0.034400	0.485500	0.146100	-0.656900
263	4.576500	3.444200	0.000000	2.345200	2.241100	5.256200	0.539800	4.181500	4.216700	2.798300	-0.044600	1.708000	3.837900	2.272000	3.944200	2.879100	6.521200	6.911100	2.658700	6.585800
264	-0.317900	-0.615500	-0.855500	-0.480400	-0.693300	0.723400	-1.344100	0.129100	0.000000	-0.325000	-1.088000	-1.727800	-0.228200	-0.384600	-0.188500	0.128300	-0.639400	-0.989000	-1.038100	-0.275500
265	4.670600	2.433400	0.557500	0.951100	1.090100	3.774400	2.309300	2.114300	2.725100	1.627300	1.154400	2.129400	4.230000	2.164700	4.074500	2.328000	1.825400	0.000000	0.568300	1.686900
266	-0.192100	-0.132600	-0.243600	0.053000	0.156600	-0.762700	-0.193100	0.000000	-0.139600	-0.042400	-0.012000	-0.151900	-0.637600	-0.455600	-0.128000	-0.191800	0.273500	-0.297800	-0.165100	-0.009100
267	0.000000	2.205500	2.002200	4.411900	4.277400	1.551500	1.819900	4.609900	1.986400	3.417400	1.809400	1.781300	2.490700	3.181500	1.798100	1.533900	3.434800	2.095700	2.095600	2.364100
268	0.084300	0.289400	0.269700	0.637600	0.625300	-0.058400	0.134800	0.564700	0.248500	0.283800	0.572300	0.217900	0.000000	0.049100	0.481200	0.470100	0.572800	0.291400	0.173600	0.514300
269	0.049800	0.010200	-0.138100	0.000000	-0.234100	-0.621500	-0.861200	0.120700	0.206800	-0.039900	-0.747000	-0.529600	0.156100	-0.604100	0.328800	-0.138200	-0.268200	-0.461500	-0.426900	-0.457300
270	0.671100	0.537200	-0.183200	0.574800	0.348200	3.754100	0.211400	0.822300	0.671600	0.444300	0.039300	0.000000	0.873500	0.430700	0.818100	0.649200	0.535500	0.085000	-0.299300	0.800100
271	0.228100	0.000000	0.227000	0.260400	0.295100	-0.937400	-0.492300	-0.156100	-0.195900	0.096000	0.163500	-0.259100	-0.214500	-0.052400	0.244700	0.333200	0.062400	0.028800	-0.031400	-0.016100
272	1.769600	1.155800	1.113400	1.131700	0.790200	0.201600	0.000000	1.202000	1.586200	0.976200	0.514800	0.499500	0.768200	0.412700	1.780200	1.024600	1.671700	1.466500	1.468700	1.764200
273	0.408700	1.026200	0.942200	2.625700	2.406800	0.000000	0.719400	2.829400	0.928900	2.509200	0.124100	0.658900	0.690100	2.371900	-0.121000	0.369200	2.190600	0.998300	0.865900	1.336100
274	0.034100	0.000000	0.084500	0.404300	0.356600	-0.761600	0.231000	0.305400	0.151600	0.275300	0.194600	0.067000	-0.038100	-0.084600	0.164600	0.306800	0.126800	-1.060300	-0.044900	0.281600
275	2.087700	1.618500	1.051000	1.576300	1.133600	1.260400	0.000000	1.663100	1.755800	1.466900	0.882000	0.251500	1.732900	1.104800	2.007600	1.853700	1.212000	0.602700	0.919100	0.884700
276	3.514700	2.150700	0.420200	0.983800	0.000000	2.702400	3.223600	2.312200	2.867000	2.288700	-0.560300	2.816100	2.777300	2.950600	4.030000	3.735300	4.486700	2.061100	1.750900	4.388100
277	-1.118700	-0.293300	0.570300	1.222800	1.264700	-1.685600	0.875900	0.000000	-1.244300	1.013300	0.929900	0.719200	-1.075800	0.718800	-2.811700	-1.162800	0.346500	0.214800	0.085600	0.250800
278	2.044100	0.920400	-0.306700	0.746100	0.287700	-0.805600	0.740300	1.220600	1.727200	1.106200	-0.112000	0.273900	0.000000	0.481900	0.216400	1.394400	0.957100	0.905800	0.803400	1.166100
279	-0.652900	-1.145600	-1.126600	-0.721500	-1.001800	-1.248400	-0.988400	-0.543400	0.000000	-0.270900	-1.227000	-1.084600	-2.751800	-1.436300	-1.351000	-0.555700	-1.499100	-1.070700	-1.183100	-0.634900
280	2.169000	0.950100	0.313700	1.502100	1.237200	0.712000	1.016500	0.951300	1.472400	1.685500	0.279300	0.904300	0.000000	0.812700	-0.087100	1.128800	1.136800	0.774700	0.668900	1.176500
281	5.816600	3.819200	2.154100	3.439500	4.938200	10.806700	4.415400	4.122700	5.876000	4.333900	0.850000	4.271700	5.220900	4.215000	5.651500	4.034000	0.738200	0.299700	0.000000	3.490600
282	1.716300	0.957700	0.000000	0.964900	-0.026900	5.585000	1.032800	1.028800	0.980100	1.208600	-0.285900	0.502300	0.629000	0.876200	1.326900	0.663900	-0.537000	-0.242700	-0.292900	0.834900
283	1.015700	0.189900	-0.137900	0.465700	-0.027200	5.825200	0.208200	0.724600	0.949300	0.993500	-0.302700	-0.036100	0.199500	-0.371900	0.576500	0.384800	0.000000	-0.135500	-0.286300	0.461200
284	2.217900	0.907000	-0.341300	1.554700	0.745800	7.201600	0.578000	1.941800	1.891900	1.435600	-0.817900	0.347400	0.815600	0.000000	1.929300	1.515400	-0.052100	0.239200	0.164700	1.249200
285	2.914900	1.427400	-1.348800	0.348400	-0.305500	8.323900	1.281000	0.545000	1.903400	1.387300	-1.282700	0.044000	1.998700	1.345500	1.972900	0.878000	-1.250000	-2.565400	-2.268100	0.000000
286	0.513600	0.777800	-0.740500	1.521400	0.751700	2.601500	-0.345500	1.485400	0.362300	0.424400	-0.999100	-0.501900	0.508200	-0.260500	1.338600	0.000000	-0.713800	-0.736300	-0.901600	-0.531700
287	0.394700	0.092700	-0.633500	1.313000	0.913900	8.561800	-0.309300	0.251100	-0.397700	-0.504700	-0.647000	-0.492800	0.217500	0.000000	0.715600	-0.169600	0.388300	0.682400	0.624500	0.787900
288	4.781800	4.422700	3.442000	3.982400	3.950600	9.176500	4.907900	3.809600	4.495100	4.906800	3.914500	3.871600	2.311700	3.672400	0.000000	2.515500	3.657400	4.078900	3.455400	3.908800
289	2.467600	1.728400	1.512700	1.956300	1.803400	0.000000	1.505500	2.256000	2.337600	2.523300	1.396800	1.494000	1.101700	1.405100	1.964500	2.306800	2.011800	1.783000	1.680900	2.474700
290	4.043500	2.394700	0.236000	1.975200	3.500800	2.956700	1.372700	5.053800	3.176300	2.642000	0.000000	1.329000	3.712800	2.958100	4.789700	3.841500	9.222900	8.286900	6.298400	5.932300
291	1.871000	0.000000	13.393300	5.770000	10.623200	2.753500	10.614400	6.714200	2.429100	4.436500	8.395500	10.997000	14.727000	14.292900	12.197700	9.477100	36.606600	20.286400	19.673600	25.170300
292	1.346400	0.381200	0.148400	0.000000	0.425700	5.608100	-0.322000	1.328000	1.039000	1.051200	-0.088300	-0.604900	0.870200	-0.028200	1.320800	0.134800	0.648000	0.646800	0.602100	0.120300
293	1.640200	0.607200	0.462800	0.751100	0.351200	3.503900	0.699500	1.275700	1.700100	1.489500	0.384500	0.511900	-0.021300	0.410500	0.000000	0.653900	0.994200	0.777900	0.776400	0.140900
294	1.987500	0.449600	-1.456400	2.964500	3.039200	2.570900	-0.797200	-0.136600	1.123200	0.796600	-1.253800	0.000000	1.435900	0.259900	2.168900	1.016500	0.575200	5.072000	1.949100	1.843600
295	4.008100	2.650600	0.000000	1.809300	1.253900	6.982800	2.016400	1.544600	2.523500	3.069800	0.660900	1.777500	2.561200	2.913400	4.055400	3.625400	3.638600	5.452600	6.441200	3.491300
296	0.556200	0.000000	-0.423700	0.292200	-0.363900	0.413300	-0.820700	-0.016100	0.040200	0.636300	-0.992600	-0.110200	-0.226600	-0.575200	-0.257000	-0.146000	-0.593100	-0.400900	-0.529100	-0.204100
297	1.185900	0.084700	-0.350600	0.417000	-0.181800	3.670400	-0.218300	0.098500	0.348700	0.829800	-0.548200	-0.093700	0.000000	-0.194600	0.465300	-0.277300	-0.364500	-0.017600	-0.077900	0.427600
298	0.000000	-1.348100	-1.811200	-0.026700	0.371500	1.620800	1.815000	-0.182600	-0.810800	-0.946500	-2.906700	0.614300	1.120300	0.134800	-0.251400	-1.120800	7.917300	5.609000	9.141500	0.466000
299	4.179600	2.967900	1.171800	1.146300	0.000000	3.660300	1.517100	1.814600	3.392000	2.746000	1.279500	2.929100	3.030200	2.475300	4.377900	3.837500	3.739600	3.969400	3.516600	7.776100
300	1.527600	0.427500	-0.204000	0.411700	-0.111800	3.608200	0.000000	1.032400	1.040300	1.258500	-0.130000	0.035700	0.461500	-0.170500	0.969400	0.558400	0.048900	-0.009300	-0.071200	0.567400
301	1.396100	0.474700	-0.164700	0.691300	-0.052300	2.544900	0.147700	0.430400	0.630700	0.870900	-0.624700	0.000000	0.575800	0.175300	1.220900	0.372200	0.113000	0.127000	-0.010100	0.366500
302	4.619200	3.345000	1.077100	4.365100	3.918500	5.262800	3.530100	4.444100	3.926400	3.737100	1.568000	2.560400	4.841200	2.790000	5.874200	3.039100	4.183100	0.779800	0.000000	1.672000
303	1.634300	0.000000	0.523300	-0.128700	-0.783900	4.100900	-0.632500	1.173600	0.428300	0.499200	-1.709500	-0.404000	0.791300	-0.304800	3.705500	1.798500	4.773200	5.603300	2.085800	3.528100
304	1.699800	0.779800	0.170900	0.915100	0.000000	3.888100	0.810300	1.339800	0.995300	1.376800	-0.071900	0.587900	0.745000	0.613300	1.241300	0.846300	0.932800	0.104500	-0.079900	1.076100
305	1.966100	0.192500	-0.093700	1.575100	0.317800	2.492100	0.400500	-0.164200	0.794900	0.871900	-1.333000	-0.212000	0.460500	0.257200	0.000000	0.680900	1.426600	-1.735700	-2.010900	0.172600
306	2.024700	0.439000	-1.302600	-0.889800	-1.570200	3.186600	-1.066400	0.724300	1.791000	0.869000	-1.483100	0.302600	1.494000	0.000000	2.289200	0.644000	-0.520300	-0.797600	-0.866600	0.320500
307	1.608300	0.526800	-0.247500	0.522400	-0.292800	2.761800	0.380100	1.179200	0.811500	0.957300	-0.694300	0.029600	0.000000	0.295000	1.018800	0.472000	0.554600	-0.278000	-0.605800	1.362300
308	2.146400	0.819900	-0.297800	0.295000	-0.457600	4.094800	-0.000300	1.068500	1.873100	1.395700	-0.240500	0.000000	0.865200	0.176000	1.584600	0.666800	0.066400	0.525400	0.367800	1.138100
309	4.898700	3.311900	0.000000	1.336700	0.331800	8.180400	1.314500	3.165700	4.834900	3.601300	0.315400	2.005400	4.653700	3.084700	5.634200	4.358700	3.377200	3.499800	1.711000	6.926300
310	1.217200	0.078900	-1.675500	0.331000	-0.047700	2.429200	0.561200	0.024000	0.351500	0.537600	-1.704200	-0.042500	0.000000	-0.424300	2.285100	0.563800	0.611800	0.484000	-1.093500	0.692200
311	0.848800	0.069400	-0.011000	0.478900	0.062800	4.895900	0.002600	0.684700	0.803200	0.895300	-0.153700	0.000000	0.154100	-0.129200	0.639800	0.721600	0.268900	0.183300	0.028800	0.737200
312	3.688400	2.734900	0.851300	2.545200	1.519600	6.270200	1.864300	3.052100	3.678000	3.242100	0.000000	1.410900	2.811100	1.870200	3.481600	3.330600	1.243700	1.170400	0.212900	2.612700
313	5.118600	3.414100	-0.198300	1.228400	0.000000	7.172400	6.303100	2.394300	4.012600	3.256400	-0.456000	2.603800	5.488700	3.635200	6.055300	3.035900	8.394100	4.403300	0.529000	1.963100
314	0.000000	-1.043100	1.822600	-0.473400	3.084200	4.696500	-0.913100	-0.638100	-0.732100	0.607700	-2.247200	-1.225400	-0.690900	-0.730000	4.764800	0.139400	1.487900	1.073100	0.952000	0.721600
315	0.045500	-0.106100	-0.934500	0.439100	-0.003300	0.446600	-0.643000	-0.697100	-0.418900	-0.860500	-1.232600	-0.702800	-0.224400	-0.523700	0.000000	-0.448000	-0.234800	-0.723300	-0.722800	-0.374400
316	3.004900	2.036600	0.000000	2.515500	1.014600	4.384000	0.739600	1.584100	1.686900	1.787500	0.259600	0.744100	2.056800	1.485200	2.283200	1.563200	0.802200	0.568300	0.263000	1.196800
317	3.337200	2.844700	0.000000	1.863600	0.854400	3.499500	3.513300	2.110900	3.230200	2.149000	-0.522100	2.729400	3.997700	2.443100	4.627300	2.389300	4.257900	2.338600	-0.628800	2.058100