SITE	GLY	ALA	LEU	VAL	ILE	PRO	ARG	THR	SER	CYS	MET	LYS	GLU	GLN	ASP	ASN	TRP	TYR	PHE	HIS
9	3.388000	2.496000	0.000000	1.147000	0.704000	2.360000	2.596000	2.659000	3.103000	1.993000	-0.372000	2.625000	2.706000	2.324000	3.238000	2.649000	3.790000	10.688900	4.667000	3.024000
10	2.282000	1.440000	1.225000	1.314000	1.158000	0.000000	1.382000	1.618000	1.922000	1.941000	1.426000	1.371000	1.185000	1.686000	1.319000	1.894000	1.025000	1.157000	1.272000	1.834000
11	0.501000	0.000000	0.113000	0.654000	0.242000	-0.474000	0.167000	0.756000	0.577000	0.668000	-0.246000	0.352000	-1.078000	-0.293000	0.353000	0.546000	0.723000	0.456000	0.393000	0.899000
12	0.213000	-0.347000	-1.242000	-0.286000	-0.894000	-1.228000	-0.731000	0.281000	0.000000	-0.204000	-1.048000	-1.114000	-0.745000	-0.534000	-0.152000	0.014000	-0.743000	-0.198000	-0.569000	0.156000
13	4.121000	3.338000	3.074000	1.493000	0.000000	1.482000	4.559000	3.505000	3.735000	2.747000	-0.392000	1.360000	3.965000	3.328000	4.525000	3.811000	12.427600	14.937000	19.973400	33.093300
14	5.627000	4.664000	2.551000	4.050000	3.683000	5.393000	5.743000	4.183000	5.587000	4.695000	1.608000	5.258000	5.314000	4.175000	5.210000	3.410000	0.625000	0.823000	0.000000	2.958000
15	1.448000	1.342000	0.960000	2.576000	2.233000	3.869000	0.000000	0.919000	0.685000	1.819000	0.797000	0.505000	2.090000	1.608000	1.920000	1.724000	1.220000	1.138000	1.698000	2.630000
16	1.342000	0.000000	-1.516000	-0.804000	-1.192000	-1.259000	0.013000	-0.642000	0.394000	0.045000	-1.538000	-0.500000	-0.191000	0.262000	0.078000	-0.024000	-0.202000	-1.235000	-1.494000	0.187000
17	2.157000	1.614000	0.685000	1.086000	1.069000	1.878000	3.143000	0.852000	1.573000	1.629000	1.055000	1.271000	2.057000	2.046000	1.830000	1.609000	1.240000	0.000000	-0.001000	2.255000
18	-0.746000	1.881000	0.266000	2.950000	2.591000	3.676000	2.975000	4.673000	2.048000	1.605000	-0.029000	1.728000	0.286000	1.522000	0.000000	1.506000	1.046000	-0.669000	-0.114000	1.648000
19	6.945000	5.065000	0.711000	1.272000	0.000000	4.888000	9.945000	4.220000	5.599000	4.178000	0.778000	4.923000	4.898000	4.709000	5.958000	4.036000	13.230300	12.054700	7.887000	9.063000
20	1.189000	0.721000	-0.825000	0.981000	0.539000	5.063000	0.000000	0.121000	0.363000	0.318000	-0.822000	0.416000	0.710000	0.812000	1.736000	0.665000	4.491000	3.037000	1.876000	1.961000
21	0.000000	1.314000	8.398000	7.687000	9.820000	3.604000	17.655600	8.523000	3.416000	3.028000	8.871000	19.621600	8.870000	8.635000	8.405000	7.511000	34.689600	36.027000	29.859600	66.530200
22	2.522000	1.538000	-0.305000	0.000000	-0.551000	2.379000	0.150000	0.025000	1.124000	0.615000	-0.110000	0.056000	0.252000	0.618000	1.041000	-0.577000	2.888000	2.300000	14.300700	2.224000
23	3.202000	1.634000	0.506000	0.000000	0.826000	2.643000	1.637000	0.226000	2.040000	1.108000	-0.370000	0.888000	2.084000	1.889000	2.714000	1.758000	0.594000	-0.536000	-0.781000	1.379000
24	0.000000	2.713000	2.847000	3.978000	3.870000	7.232000	2.797000	4.035000	3.046000	2.980000	2.467000	2.889000	3.152000	2.561000	3.206000	2.970000	2.499000	2.793000	2.768000	3.035000
25	0.031000	-0.003000	-1.148000	-0.062000	-0.662000	1.296000	-0.991000	0.262000	-0.437000	-0.027000	-1.226000	-0.697000	-0.938000	-1.465000	0.000000	-0.169000	-0.883000	-0.773000	-0.822000	-0.927000
26	0.752000	0.087000	-0.926000	0.984000	0.817000	-0.719000	0.006000	0.000000	-0.316000	0.047000	-0.909000	-0.357000	-0.290000	-0.420000	0.129000	0.086000	-0.480000	-0.557000	-0.584000	0.239000
27	5.932000	4.096000	0.000000	1.301000	0.863000	9.021000	7.544000	2.948000	4.811000	3.145000	0.187000	4.923000	3.872000	3.551000	3.862000	3.489000	9.402000	8.909000	4.206000	2.521000
28	0.664000	1.124000	0.802000	0.821000	0.896000	2.107000	0.575000	0.000000	-0.242000	0.940000	1.482000	-0.440000	0.522000	1.410000	-1.723000	-0.337000	1.029000	0.909000	0.553000	0.832000
29	1.015000	0.000000	0.325000	1.053000	-0.183000	-2.019000	0.712000	1.439000	0.596000	1.013000	0.237000	0.396000	-0.699000	0.168000	-0.548000	0.516000	0.490000	-0.505000	-0.780000	1.251000
30	2.108000	1.481000	0.940000	1.588000	1.139000	0.283000	1.508000	1.507000	1.593000	1.702000	0.429000	1.255000	0.000000	1.067000	0.825000	1.786000	0.817000	0.986000	0.781000	1.570000
31	2.772000	1.243000	-0.475000	1.704000	0.173000	1.731000	1.283000	0.000000	0.569000	1.784000	-0.121000	1.169000	1.200000	1.657000	0.949000	1.981000	2.456000	-0.676000	-0.951000	1.465000
32	2.098000	0.000000	5.868000	0.591000	2.260000	2.442000	13.007100	2.142000	1.352000	2.760000	5.361000	13.068400	4.993000	7.139000	4.761000	4.013000	23.326500	13.595200	12.178600	14.424100
33	6.118000	4.883000	3.368000	6.083000	6.049000	12.235300	3.831000	4.993000	6.087000	5.549000	3.467000	4.224000	5.188000	4.777000	6.889000	5.352000	3.462000	0.000000	2.462000	4.609000
34	3.109000	1.530000	-0.229000	1.607000	0.654000	4.785000	0.632000	1.688000	2.323000	2.018000	-0.353000	0.644000	1.172000	1.237000	2.271000	1.570000	0.000000	0.578000	0.316000	1.083000
35	5.445000	3.633000	0.443000	1.162000	0.000000	6.087000	7.026000	2.432000	4.088000	3.566000	0.636000	5.274000	4.127000	3.846000	4.846000	3.259000	9.240000	9.891000	7.050000	5.341000
36	0.000000	1.567000	22.314300	14.642700	22.744800	8.221000	33.247500	13.316700	5.987000	8.388000	18.093200	28.531900	25.841700	21.948300	22.446500	21.580400	69.475100	64.399400	59.305700	60.324000
37	4.419000	2.434000	0.849000	1.099000	0.561000	6.793000	0.000000	3.115000	3.879000	2.803000	0.455000	1.232000	5.094000	2.199000	5.101000	3.137000	6.875000	2.461000	1.752000	3.435000
38	1.958000	0.000000	6.562000	3.897000	4.053000	7.330000	17.007500	2.918000	0.693000	1.982000	2.132000	10.799800	7.795000	6.276000	9.488000	8.803000	30.092800	36.255200	26.601200	33.074400
39	6.322000	4.233000	2.279000	1.466000	0.000000	6.645000	7.847000	3.102000	4.904000	3.935000	0.626000	4.467000	5.588000	4.538000	6.019000	4.766000	10.863300	7.905000	4.713000	6.205000
40	0.000000	1.336000	15.258000	9.943000	14.404600	10.512600	20.151000	9.126000	3.215000	0.810000	12.290200	15.266400	18.534800	13.275100	14.160000	11.577200	58.133400	50.742200	42.438600	38.860500
41	2.131000	0.539000	5.016000	2.097000	4.059000	6.541000	2.312000	-0.388000	0.000000	1.355000	0.544000	1.973000	4.625000	2.587000	4.585000	4.679000	5.377000	5.403000	3.948000	33.359800
42	2.494000	1.029000	-1.002000	1.065000	0.448000	6.297000	1.807000	0.915000	1.140000	1.288000	-1.004000	1.176000	0.000000	-0.903000	0.708000	0.172000	0.203000	-0.603000	-0.738000	0.111000
43	1.361000	-0.512000	2.479000	-0.049000	0.982000	2.687000	7.014000	-0.834000	0.000000	-0.555000	-1.237000	2.013000	3.505000	1.846000	4.144000	2.472000	18.715700	13.381000	8.948000	8.332000
44	2.367000	1.576000	0.000000	1.367000	0.488000	5.147000	0.483000	1.300000	1.648000	1.989000	0.188000	0.539000	1.801000	1.239000	2.533000	1.337000	1.058000	1.372000	0.021000	1.813000
45	0.361000	0.000000	0.162000	1.066000	0.959000	3.502000	0.366000	1.036000	-0.035000	0.417000	-0.005000	0.209000	0.184000	-0.236000	0.828000	-0.034000	0.635000	-0.410000	-0.219000	0.393000
46	2.028000	1.397000	0.463000	1.761000	2.008000	2.930000	0.000000	1.280000	1.095000	1.129000	0.096000	0.584000	2.026000	1.072000	2.139000	0.475000	-0.376000	-0.369000	0.088000	-0.097000
47	0.000000	2.659000	2.765000	4.993000	5.002000	6.747000	3.462000	3.502000	3.975000	4.014000	4.058000	2.439000	3.043000	2.598000	3.130000	2.459000	2.726000	2.599000	2.584000	2.705000
48	2.993000	1.525000	1.837000	-0.147000	-0.241000	7.257000	0.823000	1.364000	1.910000	1.130000	0.276000	0.797000	0.000000	0.910000	0.776000	-0.340000	1.342000	1.368000	1.441000	1.634000
49	1.829000	1.463000	0.742000	1.281000	1.345000	0.000000	0.247000	1.833000	1.821000	1.141000	0.689000	0.407000	1.697000	1.140000	2.411000	2.000000	2.425000	2.146000	2.344000	2.405000
50	1.136000	0.513000	-1.386000	-1.274000	-1.724000	0.990000	-0.522000	-0.456000	0.579000	0.000000	-1.307000	-1.053000	2.346000	0.359000	1.606000	-0.706000	-1.049000	-2.457000	-2.183000	-0.633000
51	3.368000	1.434000	-0.314000	0.000000	0.166000	5.848000	5.843000	2.304000	4.186000	2.151000	-0.080000	1.552000	5.564000	3.698000	5.094000	2.390000	13.370100	9.386000	4.408000	15.416100
52	1.832000	0.000000	-0.518000	-1.262000	-0.726000	0.602000	8.803000	0.615000	1.312000	0.219000	-1.441000	1.360000	4.039000	1.396000	5.427000	2.764000	16.738000	10.071500	9.335000	10.021700
53	5.575000	3.574000	1.107000	0.000000	0.851000	7.923000	11.812200	2.625000	4.742000	2.625000	2.224000	6.882000	7.266000	6.857000	5.975000	4.094000	16.696500	12.652500	9.357000	9.684000
54	0.000000	1.693000	11.741700	7.757000	13.099600	11.223900	22.915100	6.234000	3.303000	4.328000	12.169200	14.727600	14.806000	15.622700	11.233700	8.340000	39.592700	31.320000	23.550300	65.565000
55	2.883000	1.632000	-0.487000	-0.003000	1.618000	2.472000	0.000000	0.890000	1.732000	1.087000	-0.575000	0.373000	3.127000	0.956000	4.518000	1.805000	3.558000	3.935000	2.753000	1.412000
56	1.946000	2.357000	6.829000	2.995000	5.584000	2.538000	9.427000	3.970000	3.173000	2.056000	2.781000	10.116000	2.681000	1.638000	0.000000	3.230000	23.091900	14.939400	10.146000	28.095000
57	0.000000	-0.074000	3.665000	0.253000	0.581000	1.904000	2.775000	1.018000	1.855000	-0.637000	1.399000	2.400000	3.424000	2.882000	4.316000	0.030000	18.055600	13.698600	11.776400	19.050100
58	3.513000	2.973000	1.756000	2.511000	2.716000	6.738000	0.000000	2.448000	2.879000	3.264000	1.338000	1.756000	5.773000	2.974000	5.327000	2.311000	8.704000	0.218000	0.706000	2.043000
59	1.237000	1.027000	0.000000	0.840000	0.322000	-0.534000	0.079000	1.116000	1.298000	1.054000	0.136000	-0.168000	1.038000	0.699000	1.356000	1.323000	0.706000	0.737000	0.174000	1.362000
60	1.387000	0.838000	0.030000	0.590000	0.914000	0.489000	0.987000	-0.018000	0.000000	0.080000	-0.016000	1.758000	3.297000	1.356000	1.379000	0.969000	-0.139000	-0.242000	-0.028000	1.303000
61	0.000000	1.079000	6.278000	4.465000	5.797000	9.009000	4.673000	4.006000	1.559000	3.269000	4.492000	5.473000	9.005000	7.341000	11.371200	6.437000	11.630700	10.663000	10.621000	42.408100
62	2.480000	1.906000	1.428000	2.320000	1.800000	0.000000	1.947000	2.328000	2.274000	2.519000	1.571000	1.791000	1.483000	1.681000	1.954000	2.337000	1.808000	1.913000	1.818000	2.366000
63	1.279000	0.857000	-0.563000	0.539000	-0.089000	0.185000	0.254000	0.228000	0.868000	1.342000	-0.390000	-0.209000	0.000000	0.209000	0.479000	1.179000	0.322000	0.458000	0.102000	1.091000
64	5.539000	3.866000	0.000000	3.014000	1.760000	6.699000	4.527000	4.713000	5.395000	3.748000	0.388000	3.681000	4.733000	3.945000	5.734000	3.487000	4.372000	5.667000	2.085000	3.210000
65	3.283000	1.579000	-0.481000	0.000000	-0.502000	6.769000	3.190000	2.146000	2.784000	1.748000	-0.331000	-0.406000	2.513000	1.546000	4.241000	2.885000	18.144000	8.989000	5.236000	3.741000
66	0.970000	0.407000	-0.119000	0.741000	0.143000	1.947000	-0.006000	0.555000	0.727000	0.916000	-0.235000	0.000000	0.421000	0.248000	0.854000	0.520000	0.204000	-0.154000	-0.207000	0.642000
67	1.549000	-0.048000	-1.421000	1.672000	3.605000	0.776000	-0.226000	1.541000	0.511000	0.389000	-1.355000	-0.703000	0.099000	0.000000	1.185000	0.364000	-0.381000	-0.863000	-1.069000	-0.123000
68	5.703000	3.810000	0.000000	2.918000	3.571000	9.665000	6.028000	4.322000	5.107000	3.953000	0.574000	3.796000	5.429000	4.255000	5.614000	3.883000	15.973700	11.552600	6.471000	5.375000
69	4.069000	2.528000	0.088000	0.755000	0.000000	5.854000	2.134000	1.888000	2.942000	2.756000	0.257000	1.605000	3.317000	2.552000	5.028000	2.953000	3.505000	4.785000	4.920000	10.910100
70	1.584000	0.477000	-0.219000	0.810000	0.050000	3.826000	-0.172000	1.211000	1.403000	1.119000	-0.673000	-0.099000	0.717000	0.000000	1.243000	0.319000	-0.023000	0.038000	-0.226000	0.255000
71	0.000000	3.825000	29.803800	18.574700	25.273300	15.783200	45.015600	16.533800	8.905000	10.583000	23.515600	31.258800	34.118900	34.103300	23.169800	20.254200	78.702800	56.202200	54.101400	80.197700
72	5.246000	3.238000	0.000000	2.802000	1.720000	6.077000	8.900000	3.759000	4.869000	3.511000	0.148000	4.755000	5.875000	4.083000	6.026000	3.362000	11.353200	7.909000	3.969000	2.181000
73	2.027000	0.679000	0.094000	0.000000	2.064000	5.004000	0.842000	1.972000	1.145000	1.488000	0.040000	0.272000	2.080000	1.342000	4.017000	1.498000	5.817000	2.866000	2.447000	3.397000
74	1.324000	1.153000	2.875000	3.543000	3.830000	6.236000	2.492000	1.951000	0.579000	1.362000	1.763000	1.967000	0.532000	1.648000	0.000000	0.575000	3.079000	2.929000	3.631000	2.097000
75	0.874000	-0.223000	3.498000	1.646000	2.598000	1.530000	9.166000	1.335000	0.234000	0.000000	3.903000	10.113000	5.723000	7.179000	4.217000	2.254000	30.564300	26.602500	20.662700	22.234100
76	0.000000	3.607000	4.484000	6.452000	5.982000	12.573900	3.823000	7.509000	4.385000	4.155000	3.754000	3.925000	4.391000	4.227000	4.889000	4.469000	4.494000	4.574000	4.446000	5.241000
77	2.080000	0.486000	-0.153000	1.222000	1.222000	3.764000	6.664000	2.350000	0.791000	0.000000	-0.567000	1.254000	5.208000	2.008000	4.579000	0.169000	20.112300	17.429400	6.660000	29.732900
78	0.727000	0.319000	-0.670000	-0.405000	-1.147000	0.294000	-1.066000	0.076000	0.710000	0.133000	-0.610000	-0.817000	0.382000	0.000000	0.415000	0.045000	-0.279000	-0.666000	-0.702000	0.136000
79	4.827000	2.908000	0.419000	0.000000	-0.023000	6.161000	10.120000	2.803000	4.048000	2.486000	3.246000	7.141000	7.711000	6.153000	6.930000	3.616000	27.200900	20.015100	14.686600	15.043500
80	1.042000	-0.131000	-2.754000	-0.819000	-1.258000	2.189000	-0.972000	-0.273000	0.000000	-0.609000	-2.274000	-1.288000	0.372000	-0.506000	0.608000	-0.548000	-2.350000	-3.174000	-3.334000	-0.429000
81	2.636000	1.627000	-0.123000	0.441000	1.448000	3.752000	2.177000	2.026000	2.545000	1.330000	0.078000	1.676000	1.516000	1.444000	0.000000	1.670000	1.170000	0.269000	-0.629000	1.339000
82	2.938000	1.516000	-0.433000	0.000000	-0.768000	3.541000	6.706000	1.474000	2.264000	1.651000	3.068000	2.492000	5.221000	3.594000	4.672000	1.454000	15.185500	4.733000	1.765000	1.896000
83	0.000000	3.676000	4.281000	5.617000	5.287000	8.630000	3.258000	5.571000	3.997000	4.292000	3.886000	3.866000	3.954000	4.129000	3.545000	3.796000	4.601000	4.550000	4.144000	4.257000
84	3.369000	2.511000	0.830000	2.161000	1.219000	2.243000	1.641000	3.249000	3.113000	1.823000	0.000000	1.549000	2.052000	1.400000	2.108000	2.376000	2.659000	2.618000	2.647000	3.083000
85	2.646000	1.498000	1.337000	0.000000	0.517000	6.638000	1.300000	1.562000	1.806000	1.046000	-0.399000	-0.871000	3.046000	2.008000	4.016000	2.790000	7.467000	2.819000	2.865000	3.938000
86	4.468000	3.275000	2.873000	4.124000	4.072000	0.000000	9.850000	4.343000	3.913000	3.704000	3.017000	6.674000	5.976000	6.491000	7.419000	5.583000	26.517400	23.930700	17.959900	47.131700
87	0.663000	0.913000	0.736000	1.367000	3.537000	5.384000	7.275000	0.000000	1.745000	1.413000	4.971000	4.413000	5.388000	2.106000	3.389000	1.063000	16.928100	16.183100	12.636100	7.733000
88	2.524000	3.109000	8.161000	6.006000	7.380000	0.000000	15.877300	6.623000	4.038000	3.714000	6.501000	9.261000	7.959000	4.910000	9.655000	5.700000	26.579400	15.521300	12.783000	28.609300
89	3.985000	2.392000	0.091000	0.000000	0.306000	2.100000	7.054000	1.051000	3.715000	1.248000	6.766000	6.159000	4.095000	4.936000	4.334000	3.946000	25.037900	11.777100	10.668100	7.707000
90	4.247000	2.797000	0.000000	3.712000	1.909000	5.315000	4.864000	3.920000	3.377000	3.114000	0.158000	4.000000	4.602000	3.648000	5.255000	4.065000	8.052000	9.605700	5.287000	6.865000
91	4.338000	2.926000	0.931000	4.299000	3.674000	6.047000	3.247000	4.326000	4.288000	3.469000	0.767000	2.393000	3.732000	2.749000	4.538000	3.792000	0.268000	0.000000	0.469000	2.501000
92	5.464000	3.842000	1.348000	4.673000	5.810000	9.886000	4.091000	4.290000	5.784000	4.269000	1.163000	4.286000	5.474000	3.067000	5.886000	5.118000	5.797000	0.000000	0.165000	3.305000
93	2.023000	0.000000	0.682000	-0.429000	2.827000	4.716000	7.246000	1.163000	0.909000	2.143000	2.115000	3.991000	8.973000	4.638000	7.813000	5.940000	16.171000	13.307600	9.169000	28.153700
94	0.589000	0.000000	-0.187000	0.927000	0.555000	2.622000	3.246000	0.658000	0.104000	-0.060000	-0.933000	2.421000	3.119000	2.384000	5.654000	2.431000	7.075000	5.454000	10.234000	5.356000
95	1.408000	0.374000	-0.441000	0.523000	0.291000	3.036000	0.181000	0.154000	0.015000	-0.079000	-0.677000	0.040000	0.769000	0.125000	1.326000	0.000000	-0.909000	-0.097000	-0.432000	-0.329000
96	2.235000	1.786000	0.468000	0.000000	-0.210000	5.573000	1.162000	1.028000	1.777000	0.769000	0.803000	1.149000	2.101000	1.784000	2.492000	1.268000	1.614000	2.729000	2.883000	2.793000
97	1.946000	2.339000	0.000000	3.662000	2.940000	4.643000	0.671000	2.934000	2.267000	3.289000	1.029000	1.104000	4.141000	2.886000	2.954000	1.583000	3.253000	1.785000	0.118000	2.161000
98	-0.009000	-0.312000	-0.368000	-0.154000	-0.625000	-0.854000	-0.711000	-0.254000	0.079000	0.102000	-0.290000	-0.489000	0.000000	-0.254000	0.200000	0.021000	-0.497000	-0.840000	-0.243000	-0.098000
99	0.000000	3.824000	15.510600	15.187500	17.228400	2.410000	14.795100	11.174200	7.370000	5.253000	6.786000	9.617000	9.769000	8.729000	13.111700	9.243000	19.555800	21.474200	15.949600	42.504900
100	0.859000	0.528000	0.046000	1.062000	0.773000	2.180000	-0.222000	1.707000	0.835000	0.758000	0.063000	0.000000	0.743000	-0.112000	1.377000	0.007000	1.054000	-0.210000	0.519000	0.398000
101	1.160000	-0.260000	1.642000	1.420000	4.555000	1.544000	11.824000	-0.338000	0.000000	-1.086000	1.008000	4.532000	6.067000	6.998000	6.631000	2.999000	21.579100	14.109800	7.622000	12.519100
102	0.000000	0.275000	3.721000	4.414000	6.960000	7.350000	10.161700	5.008000	1.784000	1.224000	2.224000	8.428000	8.625000	5.642000	8.686000	4.958000	23.447500	18.772000	15.605100	31.738900
103	6.239000	3.898000	1.122000	0.000000	-0.631000	5.257000	9.657000	2.514000	4.736000	3.011000	3.342000	6.727000	6.945000	4.339000	5.950000	4.140000	20.156400	15.186900	10.329000	15.316200
104	4.167000	2.416000	1.617000	0.851000	0.253000	6.597000	7.256000	3.057000	3.799000	1.707000	0.000000	1.245000	5.862000	2.726000	5.410000	3.511000	13.469500	8.692000	8.471000	8.062000
105	5.366000	3.879000	0.000000	2.195000	3.270000	5.932000	10.558100	3.341000	5.346000	3.205000	0.648000	5.058000	5.377000	3.072000	4.151000	1.782000	16.472000	8.043000	6.274000	4.081000
106	2.052000	1.311000	3.051000	1.772000	2.970000	5.710000	4.279000	0.000000	0.813000	1.543000	4.381000	4.648000	10.333000	3.501000	5.783000	4.789000	18.498300	17.587300	15.637200	8.054000
107	0.000000	5.860000	16.939300	13.027800	18.213100	8.363000	32.723700	15.495600	6.532000	9.898000	16.470100	21.795700	17.827700	18.468300	12.896600	14.076900	58.251700	53.016900	46.349700	85.698600
109	-0.259000	-0.719000	0.678000	0.656000	0.488000	-0.493000	0.126000	1.512000	-1.343000	-0.389000	-0.858000	0.149000	0.626000	-0.466000	1.187000	-0.013000	-0.758000	-0.858000	-1.146000	0.000000
110	1.695000	0.574000	-0.679000	1.693000	3.742000	1.235000	0.642000	1.993000	0.600000	0.809000	-0.851000	0.565000	0.984000	0.236000	0.832000	0.000000	-0.555000	-0.221000	-0.422000	0.793000
111	3.123000	2.279000	2.104000	4.206000	3.762000	0.000000	1.906000	3.995000	2.591000	3.146000	2.014000	2.017000	1.031000	2.693000	2.373000	4.033000	3.862000	2.535000	2.717000	6.602000
112	3.483000	2.735000	2.489000	2.920000	2.510000	0.000000	2.216000	2.359000	3.325000	3.380000	2.748000	2.266000	1.783000	2.938000	3.793000	3.752000	3.035000	3.499000	2.988000	3.594000
113	0.919000	0.234000	-1.080000	-0.086000	-0.643000	-1.081000	-1.359000	0.713000	0.343000	-0.283000	-1.057000	-1.281000	-1.215000	-0.775000	0.000000	-0.203000	-1.025000	-1.103000	-0.534000	0.221000
114	3.260000	2.281000	1.197000	0.442000	0.172000	2.631000	1.796000	2.095000	2.902000	2.198000	-0.081000	1.726000	1.715000	1.985000	2.493000	1.883000	-0.267000	0.000000	-0.285000	1.021000
115	2.503000	2.224000	-0.779000	2.631000	2.632000	4.306000	8.572000	1.477000	1.159000	1.465000	0.395000	4.494000	4.394000	3.467000	1.266000	0.000000	19.840600	11.659900	10.245000	11.188100
116	0.000000	7.032000	10.818900	15.354300	14.840400	18.293300	27.283800	16.419900	8.209000	8.772000	6.830000	16.056500	16.256200	13.646100	17.320200	14.403300	38.160200	30.374900	24.672600	87.081200
117	7.787000	5.639000	1.301000	3.455000	2.858000	7.238000	6.045000	5.849000	6.116000	4.625000	1.308000	4.791000	6.240000	5.037000	7.086000	5.799000	4.443000	3.662000	0.000000	3.751000
118	1.948000	0.934000	-0.575000	0.053000	-0.266000	3.002000	0.314000	0.548000	1.024000	0.860000	-0.315000	0.000000	3.572000	1.417000	1.398000	1.314000	3.057000	0.999000	0.917000	0.380000
119	7.299000	5.154000	2.199000	1.344000	0.000000	4.569000	11.340000	3.816000	6.149000	4.031000	1.124000	5.650000	6.462000	4.868000	6.578000	4.909000	15.826400	14.227100	9.300000	44.867800
120	3.551000	2.311000	-0.147000	0.000000	-0.452000	3.171000	0.866000	1.913000	3.165000	1.695000	-0.228000	0.195000	1.076000	1.223000	1.434000	1.713000	0.539000	3.512000	-0.147000	1.570000
121	3.008000	1.217000	-0.499000	0.000000	-0.844000	4.480000	6.961000	2.300000	2.343000	0.495000	0.801000	3.741000	5.154000	2.229000	2.410000	0.946000	18.203200	16.224900	6.744000	25.131000
122	-0.002000	0.000000	-0.724000	1.019000	2.338000	5.330000	-0.418000	1.448000	1.004000	-0.217000	-0.442000	-0.767000	-0.003000	-0.530000	0.653000	-0.238000	0.008000	-0.609000	-0.847000	-0.111000
123	0.000000	2.668000	2.663000	4.235000	3.663000	6.779000	2.076000	4.948000	2.998000	3.007000	2.318000	2.179000	3.057000	2.392000	3.669000	3.358000	3.073000	3.041000	3.170000	4.035000
124	3.132000	2.411000	1.269000	1.905000	1.468000	4.104000	1.989000	1.982000	2.760000	1.900000	1.032000	1.456000	0.000000	1.865000	1.095000	2.284000	1.331000	2.003000	1.845000	2.446000
125	2.197000	0.702000	-1.090000	-1.120000	-0.445000	-2.039000	2.010000	0.000000	1.124000	0.652000	-1.686000	0.410000	-0.078000	0.469000	0.070000	0.671000	-2.161000	1.968000	0.498000	-0.826000
126	5.120000	3.481000	0.000000	2.957000	2.099000	4.575000	2.111000	2.820000	4.547000	3.432000	0.121000	1.912000	4.612000	3.519000	5.180000	4.333000	9.521000	0.344000	-0.429000	5.145000
127	1.429000	0.000000	1.467000	1.589000	2.762000	3.446000	3.224000	4.137000	0.751000	1.368000	1.964000	1.834000	3.803000	3.224000	2.352000	2.216000	4.917000	2.992000	2.530000	2.025000
128	-2.116000	0.407000	-0.581000	0.983000	0.403000	4.223000	0.438000	1.106000	-0.107000	0.500000	-1.009000	-0.333000	0.425000	0.210000	-0.557000	0.000000	-1.378000	-0.662000	-1.403000	0.068000
129	1.556000	0.996000	0.767000	1.465000	0.922000	-0.531000	1.211000	1.538000	1.253000	1.503000	0.855000	0.950000	0.000000	0.843000	0.817000	1.367000	0.535000	0.761000	0.702000	1.454000
130	2.904000	1.773000	0.944000	2.793000	2.159000	3.389000	2.477000	2.341000	2.669000	2.580000	0.601000	1.715000	1.391000	0.000000	2.919000	2.556000	2.351000	1.213000	1.757000	2.430000
131	3.019000	1.984000	0.102000	0.996000	0.000000	0.985000	7.528000	2.313000	3.363000	2.575000	0.131000	3.042000	4.507000	3.508000	4.310000	3.311000	14.500800	7.153000	6.185000	5.059000
132	0.637000	-0.089000	-0.539000	0.025000	-0.476000	1.653000	-0.090000	0.229000	0.013000	0.514000	-0.474000	-0.299000	-0.432000	0.000000	0.180000	0.510000	-0.399000	-0.074000	-0.297000	0.376000
133	0.872000	0.000000	-0.581000	1.260000	0.863000	4.910000	-0.079000	0.907000	0.132000	0.693000	-0.628000	-0.649000	0.364000	-0.298000	0.601000	0.140000	-0.050000	-0.020000	-0.372000	0.910000
134	4.807000	3.163000	0.000000	2.821000	1.590000	3.866000	8.580000	2.377000	3.666000	3.236000	0.868000	2.412000	4.852000	2.980000	5.371000	3.723000	13.376900	4.502000	1.991000	4.094000
135	1.233000	0.008000	-1.329000	1.370000	10.978100	3.208000	0.000000	2.907000	0.198000	0.547000	-1.552000	-0.503000	0.946000	0.356000	1.665000	1.129000	-1.137000	-1.663000	-1.522000	0.233000
136	1.247000	0.144000	-0.483000	1.397000	0.976000	4.351000	0.439000	1.136000	0.357000	0.924000	-0.455000	0.013000	0.000000	0.243000	0.612000	0.472000	0.130000	0.401000	0.287000	0.832000
137	3.446000	1.745000	0.538000	3.425000	3.040000	4.664000	0.000000	2.461000	2.781000	2.586000	0.548000	1.165000	4.185000	2.215000	4.498000	2.705000	1.113000	0.607000	0.678000	2.088000
138	3.917000	2.703000	0.649000	1.249000	0.000000	4.740000	2.907000	1.781000	3.026000	2.692000	-0.273000	2.620000	3.490000	2.770000	4.550000	2.643000	1.465000	2.059000	1.617000	3.219000
139	0.819000	-0.187000	-0.692000	0.006000	-0.436000	2.225000	0.142000	-0.418000	-0.060000	0.420000	-1.288000	-0.038000	0.000000	-0.341000	0.404000	0.283000	-0.311000	-0.059000	-0.099000	0.435000
140	0.660000	0.680000	0.028000	1.841000	1.169000	2.859000	0.386000	1.319000	0.363000	0.756000	-0.052000	0.000000	1.122000	0.573000	1.515000	0.064000	0.296000	0.160000	0.054000	-0.310000
141	-0.162000	1.318000	0.056000	2.038000	2.298000	4.343000	-0.106000	1.524000	0.849000	1.179000	-0.134000	-0.424000	0.770000	-0.113000	0.746000	0.000000	-0.333000	0.120000	0.094000	0.845000
142	1.396000	0.502000	0.033000	2.006000	1.572000	5.774000	0.828000	2.181000	1.141000	0.959000	-0.246000	0.137000	0.601000	0.377000	0.000000	0.651000	0.439000	0.114000	-0.053000	0.914000
143	3.310000	2.064000	0.000000	0.283000	0.140000	5.750000	4.256000	1.858000	2.773000	2.117000	0.543000	2.839000	4.116000	2.895000	3.839000	3.103000	5.382000	3.623000	4.855000	3.171000
144	1.015000	0.000000	-0.868000	-0.315000	-0.536000	3.848000	-0.455000	1.012000	0.305000	0.268000	-1.172000	-0.512000	0.111000	0.149000	0.958000	-0.122000	-1.140000	-1.011000	-1.453000	0.333000
145	0.429000	-0.164000	-0.257000	0.267000	-0.321000	1.528000	-0.505000	0.282000	0.000000	-0.142000	-0.366000	-0.700000	-0.682000	-0.673000	-0.481000	-0.155000	-0.284000	-0.183000	-0.248000	-0.291000
146	0.000000	3.707000	4.631000	6.788000	7.708000	12.389300	4.589000	7.387000	3.193000	3.499000	3.662000	4.809000	4.869000	4.999000	3.292000	3.260000	6.468000	5.782000	5.246000	4.939000
147	1.829000	0.119000	0.093000	0.000000	-0.004000	1.469000	-0.272000	-0.071000	0.069000	-0.141000	0.009000	-0.260000	0.086000	-0.153000	-0.085000	-0.199000	-0.062000	-0.156000	-0.092000	-0.202000
148	0.000000	8.635000	33.797100	25.003900	33.577600	17.153700	36.925900	24.738500	14.796500	16.323500	26.898200	34.966900	37.314200	33.731600	32.132300	29.006700	90.672000	72.405300	60.573800	67.647000
149	0.115000	0.043000	-0.386000	0.062000	0.034000	3.289000	-0.495000	-0.040000	0.000000	-0.066000	-1.006000	-0.532000	0.124000	0.100000	0.025000	0.355000	-0.020000	-0.442000	-0.662000	0.420000
150	2.596000	1.728000	1.016000	0.000000	-0.586000	2.889000	0.771000	1.403000	1.968000	1.132000	0.320000	0.529000	1.811000	1.219000	2.179000	1.909000	1.156000	1.327000	1.374000	1.657000
151	1.179000	0.704000	0.044000	0.253000	-0.068000	3.814000	-0.129000	0.460000	0.829000	0.427000	0.015000	-0.054000	0.000000	-0.211000	1.026000	0.812000	-0.289000	-0.174000	-0.299000	0.698000
152	0.555000	0.615000	0.572000	0.725000	0.366000	0.090000	0.378000	0.748000	0.785000	0.687000	0.049000	0.374000	0.730000	0.000000	0.909000	0.660000	0.318000	0.231000	0.376000	0.663000
153	2.986000	1.510000	-0.382000	0.000000	-0.297000	5.668000	0.574000	1.221000	2.196000	1.148000	-0.068000	0.382000	1.682000	1.212000	2.507000	1.579000	0.732000	-0.107000	0.076000	1.085000
154	0.985000	1.117000	0.460000	0.924000	0.711000	0.710000	0.948000	0.850000	1.150000	1.072000	0.054000	0.587000	0.381000	0.770000	0.000000	0.574000	0.351000	0.053000	0.010000	0.747000
155	3.556000	2.821000	0.104000	0.948000	0.000000	2.647000	3.854000	2.595000	3.136000	2.436000	0.299000	2.544000	2.460000	2.526000	3.117000	2.759000	7.016000	5.210000	8.439000	6.983000
156	3.974000	2.933000	0.000000	1.667000	0.508000	1.585000	1.677000	2.797000	3.804000	2.486000	-0.218000	0.952000	2.150000	1.589000	3.501000	3.163000	5.150000	4.850000	4.447000	4.320000
157	2.427000	1.935000	1.322000	2.026000	1.228000	0.000000	1.708000	2.157000	2.250000	2.435000	1.151000	1.913000	1.407000	1.609000	1.622000	2.214000	1.196000	1.986000	1.827000	2.274000
158	1.413000	0.464000	-0.450000	0.403000	-0.647000	-0.291000	0.000000	0.164000	0.334000	0.704000	-0.947000	-0.282000	0.145000	-0.021000	0.453000	0.639000	-0.318000	-0.103000	-0.222000	0.697000
159	7.164000	5.129000	2.814000	5.048000	5.134000	8.093000	4.547000	5.803000	6.192000	5.741000	2.353000	5.094000	7.634000	6.495000	7.171000	5.324000	7.390000	0.000000	1.744000	5.221000
160	3.874000	2.691000	0.607000	2.100000	1.539000	8.473000	2.348000	3.670000	3.830000	2.981000	0.733000	1.837000	2.233000	2.462000	3.804000	3.429000	1.133000	1.324000	0.000000	2.925000
161	0.943000	0.249000	-0.243000	0.552000	-0.088000	2.969000	-0.203000	0.199000	0.243000	0.493000	-0.434000	0.000000	0.226000	0.052000	0.799000	0.103000	-0.280000	-0.135000	-0.216000	0.345000
162	1.915000	0.633000	-0.119000	1.525000	1.235000	5.359000	0.487000	0.830000	1.366000	1.262000	-0.160000	0.185000	-0.291000	0.000000	-0.134000	0.739000	0.637000	0.360000	0.126000	0.391000
163	5.341000	3.595000	0.327000	1.094000	0.000000	6.603000	6.298000	2.357000	4.205000	3.647000	0.701000	4.067000	5.883000	4.438000	6.079000	4.687000	18.035300	21.778100	12.770900	11.420000
164	2.581000	1.185000	0.185000	1.116000	1.288000	7.082000	0.000000	1.400000	1.933000	1.528000	-0.049000	-0.073000	1.944000	0.854000	3.481000	1.829000	0.584000	1.081000	0.942000	0.993000
165	-0.924000	-0.660000	-1.337000	-0.086000	-0.617000	0.734000	-0.853000	-0.871000	-1.016000	-1.118000	-1.511000	-1.130000	-0.578000	-0.935000	0.000000	-0.668000	-1.309000	-1.051000	-1.176000	-0.618000
166	0.609000	0.510000	-1.128000	-0.199000	-0.979000	2.761000	-0.809000	0.109000	-0.130000	-0.400000	-0.931000	-0.425000	-0.800000	-0.163000	0.000000	-0.344000	0.496000	0.274000	0.219000	-0.215000
167	5.761000	4.199000	1.261000	1.358000	0.000000	6.859000	6.195000	2.048000	3.974000	3.545000	1.369000	5.612000	6.176000	4.911000	7.037000	3.326000	20.991200	11.120900	8.460000	3.957000
168	1.388000	0.000000	-0.099000	0.198000	0.060000	3.191000	-0.877000	0.070000	-0.055000	-0.289000	-0.202000	-0.332000	0.225000	0.092000	0.084000	-0.125000	-0.134000	-0.710000	-0.190000	0.030000
169	3.664000	3.075000	-0.078000	2.864000	2.103000	1.258000	4.283000	1.876000	3.314000	2.548000	0.000000	2.820000	5.611000	3.243000	5.733000	3.610000	9.893000	6.106000	5.722000	4.970000
170	0.466000	0.000000	-0.368000	1.557000	1.246000	1.748000	-0.054000	1.554000	0.467000	0.173000	-0.333000	-0.126000	0.234000	0.150000	0.285000	0.094000	0.157000	0.113000	0.070000	0.366000
171	2.167000	2.106000	2.083000	3.794000	3.242000	7.817000	-0.044000	2.586000	1.559000	1.667000	1.782000	0.000000	2.388000	1.956000	2.678000	2.369000	2.960000	2.532000	2.432000	2.905000
172	0.907000	0.743000	0.517000	0.796000	0.705000	0.000000	0.455000	0.853000	0.918000	0.946000	0.377000	0.341000	0.474000	1.068000	1.084000	1.071000	0.535000	0.802000	0.842000	0.963000
173	4.124000	3.275000	0.525000	2.210000	1.728000	5.098000	2.040000	2.899000	3.799000	2.746000	0.000000	2.861000	4.761000	2.618000	6.168000	3.176000	2.892000	3.540000	2.008000	3.274000
174	2.705000	1.878000	-0.187000	0.809000	0.477000	3.527000	0.385000	0.982000	2.207000	1.462000	0.176000	0.000000	1.877000	0.773000	2.408000	0.848000	1.530000	1.265000	1.194000	1.789000
175	6.298000	3.892000	1.099000	0.000000	-0.259000	6.900000	14.867100	2.863000	5.190000	2.876000	2.050000	8.703000	8.302000	6.657000	6.728000	4.413000	17.288000	9.358000	8.060000	10.168000
176	4.349000	2.098000	1.445000	0.000000	-0.028000	2.695000	8.995000	2.760000	3.641000	2.456000	1.169000	7.600000	7.404000	5.075000	6.710000	4.111000	11.928700	9.533000	7.798000	10.446800
177	5.932000	3.734000	0.125000	0.000000	-0.604000	6.783000	7.585000	2.893000	4.824000	2.735000	-0.186000	4.593000	6.336000	3.753000	4.866000	3.878000	17.775100	9.828000	5.911000	5.844000
178	3.294000	1.954000	-0.490000	0.808000	1.147000	6.647000	1.564000	1.822000	3.338000	0.833000	0.611000	1.211000	2.423000	1.420000	0.000000	-0.412000	18.767900	16.560000	18.373400	20.749600
179	2.317000	1.182000	0.776000	1.020000	2.205000	3.250000	12.983100	2.444000	2.656000	0.000000	1.840000	10.228000	6.733000	4.741000	3.623000	2.135000	28.111600	20.710100	10.355000	40.062100
180	0.000000	4.938000	9.551000	11.886000	15.401900	12.931600	7.971000	11.305500	5.537000	5.906000	6.421000	5.514000	13.387800	11.891900	11.580700	6.145000	13.688400	7.411000	7.034000	3.551000
181	1.087000	2.120000	-0.393000	4.450000	6.571000	6.704000	-0.768000	3.077000	2.093000	1.344000	0.200000	1.276000	2.475000	3.202000	3.077000	0.000000	2.303000	1.685000	1.056000	0.227000
182	0.000000	3.854000	16.784000	10.919000	13.507800	9.752000	16.891900	9.344000	4.308000	5.328000	11.297000	15.968400	14.462800	15.838500	10.747000	8.522000	36.867200	28.683300	28.583100	33.134600
183	2.400000	1.297000	0.513000	0.000000	0.855000	2.821000	6.077000	1.761000	2.396000	1.031000	1.785000	5.757000	7.201000	5.840000	4.703000	3.165000	18.523700	16.936500	17.497000	11.968200
184	1.927000	0.000000	3.253000	0.326000	1.650000	-1.383000	13.544000	1.542000	1.601000	1.746000	10.176000	8.812000	9.404000	6.835000	6.152000	4.030000	29.092400	21.542000	12.908000	27.614400
185	0.000000	0.681000	11.653400	7.223000	9.930500	5.361000	8.441000	6.787000	2.923000	2.996000	5.110000	6.314000	7.416000	6.416000	7.641000	6.725000	14.399600	11.419800	11.770900	22.591400
186	2.942000	1.633000	0.338000	0.000000	0.413000	4.538000	1.234000	1.311000	1.910000	0.969000	0.337000	0.620000	1.280000	1.548000	2.228000	1.778000	3.929000	2.513000	1.569000	2.185000
187	4.588000	3.883000	0.450000	0.936000	0.000000	7.199000	4.302000	2.985000	3.803000	2.866000	1.262000	3.465000	4.604000	3.968000	3.903000	3.796000	14.811200	13.950600	6.654000	6.671000
188	2.188000	0.000000	5.402000	1.041000	2.822000	3.543000	12.097100	2.591000	2.445000	0.796000	2.660000	8.150000	8.310000	8.324000	4.223000	5.103000	31.575400	27.803100	23.156200	9.974000
189	4.614000	3.240000	2.553000	1.632000	1.386000	0.000000	3.136000	3.038000	4.349000	3.024000	2.280000	2.470000	3.315000	3.128000	2.439000	3.443000	2.401000	2.949000	2.491000	3.772000
190	1.546000	0.606000	-0.063000	0.505000	-0.328000	-0.747000	-0.072000	0.832000	0.889000	1.114000	-0.313000	-0.075000	-0.269000	0.000000	0.576000	0.986000	0.010000	0.168000	0.090000	0.565000
191	6.132000	4.092000	0.000000	3.275000	1.872000	12.893900	4.582000	3.821000	4.469000	3.906000	0.420000	3.310000	5.228000	2.735000	5.543000	3.320000	11.430000	10.047000	5.946000	5.862000
192	5.438000	3.793000	-0.069000	1.302000	0.000000	5.762000	7.542000	3.549000	4.764000	3.526000	0.171000	3.432000	4.994000	3.728000	5.816000	4.419000	10.476000	4.519000	1.513000	3.428000
193	1.067000	0.109000	-0.773000	0.542000	-0.332000	3.809000	-0.622000	0.258000	0.213000	0.388000	-0.951000	-0.261000	0.000000	-0.448000	1.260000	-0.070000	0.314000	0.249000	0.204000	-0.116000
194	0.826000	0.000000	0.834000	2.741000	1.611000	3.541000	0.206000	1.698000	0.013000	0.851000	0.080000	-0.319000	0.872000	0.802000	1.451000	0.035000	1.561000	-0.090000	0.790000	-0.346000
195	5.008000	3.441000	0.000000	2.229000	1.423000	5.035000	5.617000	2.946000	3.722000	2.790000	0.029000	2.405000	5.978000	2.845000	6.289000	3.257000	8.624000	7.598000	2.968000	3.340000
196	0.000000	2.409000	2.747000	4.648000	4.757000	7.939000	2.417000	4.458000	2.848000	2.669000	2.374000	2.339000	3.082000	2.857000	3.072000	2.919000	2.423000	2.298000	2.186000	2.834000
197	2.729000	1.431000	0.451000	0.260000	2.451000	2.629000	12.164400	0.059000	1.287000	0.000000	2.552000	7.335000	7.340000	7.084000	4.142000	-0.310000	25.184900	16.853000	12.193800	10.322000
198	0.614000	-0.407000	-1.296000	-0.684000	-1.186000	0.225000	-0.941000	-0.566000	0.000000	-0.411000	-1.676000	-1.531000	-0.315000	-0.681000	0.134000	-0.152000	-1.122000	-1.221000	-1.310000	-0.109000
199	4.472000	3.019000	1.733000	0.000000	0.611000	4.113000	2.761000	1.899000	3.993000	2.357000	1.452000	2.602000	5.269000	3.397000	4.968000	2.776000	6.065000	7.914000	7.819000	6.328000
200	3.511000	2.428000	0.438000	1.043000	0.000000	3.765000	1.684000	2.103000	3.138000	2.000000	1.183000	1.287000	2.929000	1.709000	3.400000	2.115000	2.860000	1.377000	1.524000	1.523000
201	1.680000	1.225000	-0.353000	0.492000	0.274000	0.000000	0.437000	0.786000	1.797000	0.747000	-0.439000	-0.049000	0.521000	0.366000	1.537000	1.387000	1.348000	1.185000	1.169000	1.547000
202	4.566000	2.811000	0.000000	0.644000	0.573000	5.992000	1.911000	1.566000	2.726000	2.260000	0.464000	1.930000	3.307000	1.613000	4.176000	0.369000	6.363000	2.869000	3.054000	29.895700
203	3.384000	3.871000	3.314000	7.593000	7.930000	7.415000	3.720000	8.881000	5.029000	3.614000	3.083000	2.572000	4.665000	3.459000	5.594000	3.182000	2.912000	0.000000	0.589000	2.548000
204	1.569000	0.789000	1.388000	-0.623000	-0.967000	0.635000	0.113000	0.438000	1.485000	0.000000	-0.684000	-0.035000	1.219000	0.421000	1.239000	0.834000	0.447000	0.639000	0.082000	1.029000
205	0.254000	-0.039000	-0.295000	-0.061000	-0.246000	-0.005000	-0.420000	-0.031000	0.106000	-0.013000	-0.308000	-0.654000	0.000000	-0.090000	0.080000	0.045000	0.061000	-0.263000	-0.315000	0.199000
206	2.040000	1.097000	0.044000	0.000000	-0.643000	0.133000	0.724000	0.884000	1.810000	0.669000	-0.652000	0.340000	1.321000	0.979000	1.503000	1.552000	0.162000	0.411000	0.484000	1.491000
207	3.001000	1.242000	0.177000	0.571000	-0.066000	7.507000	0.700000	1.238000	1.639000	0.953000	-0.062000	0.290000	0.978000	1.318000	0.000000	0.269000	1.300000	0.483000	0.361000	1.147000
208	0.000000	1.219000	2.631000	5.907000	6.946000	-1.129000	1.924000	4.682000	1.715000	1.591000	2.059000	1.798000	1.875000	1.948000	3.158000	2.313000	2.132000	1.932000	1.139000	2.519000
209	0.883000	0.295000	0.318000	1.357000	0.763000	1.138000	-0.257000	0.378000	-0.329000	0.699000	0.252000	-0.019000	0.515000	-0.149000	0.815000	0.000000	0.422000	0.528000	0.448000	0.388000
210	4.025000	3.106000	0.657000	2.650000	1.976000	7.942000	3.055000	3.920000	3.373000	2.823000	0.579000	2.478000	4.025000	2.776000	4.693000	2.562000	6.074000	1.032000	0.000000	2.173000
211	2.226000	2.063000	1.928000	2.249000	2.010000	0.000000	1.158000	2.852000	2.172000	1.976000	1.822000	1.333000	2.267000	1.279000	2.437000	1.749000	2.315000	1.932000	1.909000	2.526000
212	-0.186000	0.744000	-0.197000	0.501000	1.275000	2.277000	-0.069000	0.149000	-0.470000	0.256000	-0.540000	-0.174000	0.523000	0.368000	1.143000	0.000000	0.091000	-0.403000	-0.476000	-2.177000
213	2.339000	1.990000	0.630000	1.615000	1.001000	1.955000	0.382000	1.318000	1.797000	1.718000	1.208000	0.942000	2.119000	1.403000	3.117000	1.829000	1.200000	1.318000	1.102000	0.000000
214	1.159000	0.563000	-1.704000	0.505000	0.017000	-1.088000	-0.439000	0.994000	0.941000	0.060000	-2.210000	-0.529000	-0.741000	0.130000	0.785000	0.629000	-0.874000	-1.218000	-1.556000	0.000000
215	3.504000	2.293000	8.338000	5.749000	6.948000	0.000000	9.869000	5.792000	3.174000	4.866000	4.720000	10.238000	6.346000	5.821000	5.046000	4.796000	29.264900	18.602700	7.196000	51.707000
216	2.152000	0.418000	0.029000	-0.669000	-1.198000	6.218000	1.681000	0.364000	0.650000	0.128000	-0.111000	0.535000	1.312000	0.695000	0.000000	0.416000	1.045000	0.620000	1.385000	1.269000
217	2.861000	1.933000	3.297000	1.815000	2.456000	0.000000	10.487000	3.400000	1.765000	1.652000	2.558000	5.582000	4.520000	5.218000	5.992000	2.482000	19.665500	21.127300	16.144700	30.175600
218	0.000000	-0.042000	-0.127000	2.554000	0.444000	4.799000	1.288000	1.010000	1.118000	0.765000	-0.835000	0.637000	1.996000	1.570000	1.631000	1.306000	-1.839000	-0.898000	-0.544000	1.092000
219	1.824000	0.929000	0.590000	1.061000	0.791000	2.283000	0.579000	0.903000	0.290000	1.223000	0.658000	0.000000	1.232000	0.458000	0.589000	0.398000	0.569000	0.881000	0.655000	1.053000
220	2.206000	1.628000	1.706000	1.859000	1.564000	0.000000	1.212000	2.076000	2.301000	2.162000	1.810000	1.585000	0.986000	1.574000	1.139000	2.561000	2.207000	2.084000	2.041000	2.759000
221	1.064000	0.488000	0.008000	0.596000	0.355000	-0.653000	0.116000	0.913000	1.119000	0.777000	-0.210000	0.035000	0.000000	-0.160000	0.776000	0.724000	0.282000	0.522000	0.295000	1.274000
222	1.067000	0.240000	-0.580000	1.065000	1.572000	0.086000	0.489000	1.023000	0.078000	0.357000	-1.153000	-0.010000	1.351000	0.747000	1.815000	0.000000	0.903000	-0.752000	-1.261000	-0.216000
223	3.547000	3.139000	0.000000	1.694000	0.950000	4.434000	2.500000	1.306000	2.286000	3.141000	0.290000	2.374000	4.458000	2.719000	3.328000	1.940000	4.953000	7.857000	4.856000	3.614000
224	0.614000	0.053000	-0.194000	0.310000	-0.237000	3.440000	-0.264000	-0.197000	0.275000	0.586000	-0.338000	0.000000	-0.026000	-0.333000	0.170000	0.252000	0.098000	0.038000	-0.089000	0.161000
225	2.710000	1.711000	1.823000	1.283000	0.751000	0.499000	1.650000	1.423000	1.727000	1.712000	0.954000	1.250000	0.325000	1.170000	0.000000	1.953000	0.872000	0.715000	0.487000	1.867000
226	4.774000	2.838000	0.000000	0.986000	0.917000	1.493000	6.798000	2.016000	3.770000	3.323000	0.573000	3.660000	5.576000	4.985000	6.198000	4.650000	26.856800	25.192300	16.045700	10.294000
227	2.993000	1.808000	2.032000	0.925000	0.000000	4.890000	0.212000	1.358000	2.032000	1.824000	-0.176000	0.571000	2.054000	1.273000	3.260000	2.745000	5.503000	6.341000	6.773000	10.847800
228	0.625000	0.000000	-0.831000	0.284000	-0.422000	2.913000	-0.078000	0.336000	-0.016000	0.640000	-1.146000	-0.224000	-0.188000	-0.334000	0.170000	-0.130000	-0.312000	-0.704000	-0.640000	0.106000
229	2.629000	1.086000	-0.607000	-0.112000	-0.468000	5.122000	0.069000	0.305000	1.614000	1.426000	-0.507000	0.000000	1.669000	0.868000	2.695000	0.829000	0.015000	0.018000	-0.082000	0.069000
230	3.123000	1.518000	0.830000	0.000000	1.121000	5.496000	8.186000	1.684000	2.356000	1.794000	3.323000	8.665000	6.371000	5.182000	5.685000	2.488000	33.997400	30.026000	20.116500	17.364600
231	1.242000	0.433000	-0.002000	0.571000	0.245000	5.420000	-0.071000	0.215000	0.376000	0.757000	0.079000	0.000000	0.723000	0.587000	1.507000	0.701000	0.739000	0.825000	0.776000	1.024000
232	0.904000	0.000000	-0.110000	0.726000	0.228000	2.763000	-0.612000	0.294000	0.132000	0.705000	-0.130000	-0.162000	0.350000	-0.063000	0.862000	-0.081000	-0.107000	-0.064000	-0.118000	-0.161000
233	0.170000	-0.379000	-1.367000	-1.675000	-0.661000	2.699000	-1.004000	0.010000	0.460000	-0.118000	-1.369000	-1.322000	0.000000	-0.651000	0.628000	-0.269000	-0.629000	-1.280000	-1.261000	-0.065000
234	0.594000	0.870000	1.068000	1.975000	2.985000	4.865000	-0.244000	1.049000	0.638000	0.868000	1.211000	-0.455000	1.189000	0.263000	1.266000	0.000000	2.493000	0.860000	0.868000	-0.142000
235	1.563000	0.000000	3.964000	4.283000	4.378000	4.222000	6.753000	2.643000	0.481000	2.129000	1.843000	2.980000	6.680000	4.022000	4.843000	2.874000	12.790200	19.554000	13.021400	35.615100
236	1.730000	0.921000	-0.483000	1.061000	0.569000	2.988000	0.340000	1.007000	0.959000	0.496000	-0.319000	0.097000	0.670000	0.176000	0.000000	0.312000	0.529000	-0.485000	-0.171000	0.349000
237	4.859000	3.735000	0.000000	3.026000	2.385000	7.818000	4.228000	2.603000	2.688000	3.300000	1.069000	4.676000	3.953000	2.954000	4.272000	3.189000	8.308000	8.413000	4.925000	26.337100
238	0.000000	1.438000	15.198200	7.583000	12.966900	8.663000	26.369800	6.832000	5.042000	3.416000	15.578400	23.806700	20.541500	18.797300	12.557900	11.264000	56.698400	48.900000	37.758800	59.183400
239	6.829000	4.789000	0.000000	0.939000	-0.008000	6.902000	5.249000	3.649000	5.817000	3.890000	0.138000	2.679000	5.526000	2.654000	6.473000	4.190000	11.169500	5.407000	2.555000	3.329000
240	1.928000	0.000000	-2.422000	-1.103000	-1.028000	3.766000	5.112000	0.493000	1.341000	-0.051000	-0.511000	3.925000	4.970000	1.077000	4.340000	1.562000	9.048000	1.859000	1.805000	1.301000
241	7.008000	6.117000	2.880000	5.264000	4.816000	6.516000	5.935000	5.653000	6.425000	5.583000	2.123000	2.591000	7.416000	4.812000	8.210000	5.273000	2.378000	1.688000	0.000000	3.727000
242	-3.002000	-3.174000	1.997000	0.176000	2.459000	-1.169000	3.162000	-0.480000	-3.149000	-2.687000	0.190000	0.961000	4.481000	-0.753000	0.000000	-5.157000	13.984900	15.182800	13.702400	13.225900
243	0.000000	-1.103000	-0.254000	-1.718000	-0.583000	3.428000	8.147000	0.472000	-0.259000	-0.617000	-2.582000	6.558000	6.445000	-0.967000	2.047000	-2.253000	16.057600	11.468200	9.466000	7.388000
244	-2.986000	-2.823000	-1.636000	-2.083000	-1.237000	-2.098000	1.168000	0.050000	-2.643000	-2.071000	-1.365000	0.937000	0.600000	-0.979000	0.000000	-4.154000	6.351000	1.470000	1.453000	-0.399000
245	0.000000	5.156000	15.609600	11.048000	15.269700	12.011000	24.061800	10.417000	7.535000	8.011000	13.923000	21.695100	19.950900	17.934500	16.381400	13.838000	25.381500	25.964000	19.627100	44.823400
246	-6.114000	-6.620000	-5.562000	-4.350000	-3.907000	-2.208000	-0.655000	-5.976000	-6.586000	-6.778000	-5.362000	-1.966000	-2.654000	-3.613000	0.000000	-3.629000	-2.055000	0.309000	-2.311000	-3.147000
247	3.174000	2.547000	2.722000	2.020000	2.289000	10.175000	0.000000	1.834000	2.403000	2.182000	1.431000	1.702000	6.110000	3.381000	7.383000	4.491000	12.919100	10.954000	10.083000	8.751000
248	4.131000	2.916000	-0.582000	0.000000	-0.132000	4.962000	5.314000	2.905000	3.052000	2.235000	-0.304000	2.323000	4.850000	3.493000	5.337000	3.948000	5.467000	2.813000	1.722000	18.579000
249	0.000000	-0.286000	-0.073000	1.800000	1.449000	7.907000	3.090000	1.051000	-0.254000	0.253000	-1.021000	2.396000	0.954000	-0.776000	3.719000	1.960000	4.817000	3.029000	2.613000	5.297000
250	5.284000	3.590000	0.656000	0.000000	-0.461000	3.932000	11.688900	1.833000	3.681000	2.856000	2.299000	5.412000	5.064000	3.665000	5.839000	4.151000	7.395000	2.804000	2.770000	4.180000
251	4.708000	3.194000	1.050000	0.000000	-0.275000	6.243000	10.124600	2.874000	3.721000	2.574000	0.399000	7.549000	6.807000	4.837000	5.739000	4.043000	19.069400	6.234000	12.175600	29.043200
252	3.270000	2.532000	2.655000	3.591000	8.964000	3.034000	9.245000	0.000000	0.250000	2.849000	3.183000	6.025000	7.727000	3.934000	3.861000	1.568000	9.803000	14.438800	11.540800	8.319000
253	2.122000	1.408000	1.614000	2.474000	1.951000	0.144000	1.106000	1.596000	1.503000	2.077000	1.634000	1.148000	2.749000	2.239000	2.924000	0.000000	3.752000	1.189000	3.087000	2.620000
254	-0.429000	-0.606000	-1.286000	-1.208000	-1.060000	3.127000	-1.602000	0.000000	-0.397000	-0.477000	-0.827000	-1.360000	-0.423000	-1.033000	-0.468000	-0.744000	-0.429000	-1.052000	-1.255000	-0.471000
255	0.000000	3.855000	4.047000	6.807000	7.518000	5.950000	4.337000	6.747000	5.694000	4.963000	5.842000	3.955000	5.954000	4.871000	7.434000	5.126000	8.339000	8.256000	8.391000	18.700900
256	1.278000	0.344000	-0.395000	0.431000	0.271000	3.015000	-0.596000	0.000000	0.234000	0.729000	-0.411000	-0.874000	0.902000	0.176000	1.494000	0.148000	-0.400000	0.097000	-0.229000	0.418000
257	2.799000	1.911000	0.257000	0.694000	0.000000	0.986000	1.339000	1.444000	2.267000	1.540000	-0.200000	1.109000	1.479000	1.508000	2.221000	2.422000	1.567000	1.635000	2.229000	3.146000
258	4.725000	3.198000	0.411000	0.763000	0.000000	5.710000	2.818000	2.981000	4.503000	2.537000	1.564000	2.942000	3.956000	3.461000	3.758000	3.238000	6.848000	11.395300	7.409000	3.234000
259	1.462000	0.730000	-0.128000	1.008000	0.413000	-1.235000	-0.128000	0.259000	0.205000	0.535000	-0.227000	0.827000	0.872000	0.495000	1.402000	1.245000	-1.091000	0.000000	-0.116000	0.949000
260	3.322000	2.268000	1.796000	2.563000	2.307000	0.000000	5.850000	2.979000	3.798000	2.529000	1.020000	4.694000	5.173000	3.797000	6.102000	3.573000	10.747000	9.337000	8.449000	11.036800
261	1.757000	0.066000	1.099000	0.742000	0.061000	-1.524000	4.135000	-0.007000	1.820000	1.002000	-0.808000	2.451000	0.670000	1.064000	0.000000	2.071000	3.868000	0.378000	-0.305000	2.394000
262	2.717000	2.182000	0.021000	1.554000	1.378000	3.289000	0.000000	1.215000	1.668000	2.055000	0.242000	1.160000	3.008000	1.618000	3.657000	2.274000	3.965000	1.404000	2.628000	2.739000
263	4.691000	3.804000	0.000000	2.146000	1.129000	5.013000	2.780000	2.559000	3.887000	3.687000	0.062000	3.623000	3.968000	2.787000	3.584000	3.050000	2.490000	10.905000	6.131000	3.555000
264	4.618000	3.559000	0.000000	2.736000	1.599000	5.973000	7.506000	3.777000	3.653000	3.546000	0.156000	4.362000	4.721000	3.211000	4.950000	3.222000	15.335500	9.263000	5.251000	4.957000
265	5.400000	3.903000	0.826000	2.764000	1.509000	3.537000	5.118000	3.407000	4.423000	3.813000	0.000000	3.538000	4.512000	3.084000	5.344000	5.001000	9.728000	11.554900	7.572000	4.768000
266	4.842000	3.262000	0.000000	2.733000	1.770000	3.815000	3.063000	3.390000	3.713000	3.446000	0.265000	3.323000	3.743000	2.403000	3.887000	3.876000	5.314000	3.215000	2.387000	7.537000
267	6.705000	4.949000	1.557000	4.519000	3.341000	6.085000	5.081000	4.769000	5.682000	5.120000	1.452000	4.669000	5.909000	4.754000	6.459000	5.813000	5.621000	3.953000	0.000000	4.266000
268	2.003000	0.000000	3.349000	-0.471000	1.170000	5.351000	12.000600	-0.775000	0.897000	1.129000	1.240000	5.360000	2.786000	1.739000	2.905000	1.604000	22.493000	13.255400	11.987000	15.487500
269	2.008000	0.661000	-0.400000	1.172000	0.937000	5.706000	-0.205000	2.281000	1.306000	1.524000	-0.509000	0.000000	0.802000	0.267000	1.445000	0.491000	-0.250000	0.020000	-0.033000	0.141000
270	2.211000	0.978000	0.114000	0.922000	0.210000	4.160000	0.872000	1.907000	2.558000	2.313000	0.265000	1.206000	0.260000	1.625000	0.000000	0.043000	0.228000	-0.697000	-0.723000	1.247000
271	4.686000	2.691000	0.983000	0.000000	1.130000	5.661000	13.387500	2.292000	3.761000	2.667000	1.453000	7.841000	6.323000	4.370000	6.237000	3.594000	28.923700	19.437800	12.566800	17.797600
272	2.856000	1.326000	-1.762000	0.000000	-1.125000	4.442000	7.333000	0.456000	2.348000	1.489000	-1.349000	2.298000	3.754000	2.408000	4.365000	1.585000	14.479200	14.779900	8.055000	15.173200
273	0.382000	0.325000	-0.139000	1.403000	1.056000	3.309000	0.410000	1.032000	0.000000	1.002000	-0.314000	-0.008000	0.892000	0.353000	1.401000	0.294000	0.821000	0.164000	-0.160000	0.085000
274	3.463000	3.283000	2.936000	4.074000	3.654000	4.468000	0.000000	4.017000	3.493000	3.503000	2.888000	2.166000	4.050000	3.019000	4.158000	2.755000	3.327000	1.713000	2.657000	2.415000
275	4.008000	2.129000	1.801000	2.491000	1.984000	6.057000	1.230000	2.558000	2.557000	2.052000	0.860000	1.291000	2.775000	2.077000	3.944000	0.000000	1.369000	1.728000	1.530000	1.297000
276	1.554000	1.162000	1.004000	1.382000	1.461000	0.000000	0.540000	1.312000	1.228000	1.526000	0.967000	0.333000	1.249000	1.091000	1.529000	1.547000	0.974000	1.027000	0.948000	1.394000
277	0.000000	2.977000	2.218000	4.407000	3.995000	5.441000	1.986000	3.976000	3.013000	3.104000	1.976000	2.582000	2.696000	2.483000	3.077000	2.400000	2.672000	3.023000	2.996000	2.401000
278	1.971000	0.000000	2.565000	-0.552000	0.710000	2.168000	1.752000	0.061000	0.892000	-0.103000	1.385000	1.696000	3.111000	3.468000	4.772000	4.581000	10.641500	12.334800	13.278600	22.800300
279	0.692000	-1.013000	-1.606000	-1.649000	-2.327000	-2.793000	-0.818000	-0.284000	0.487000	-0.764000	-2.572000	-1.741000	-0.714000	-1.067000	0.000000	-0.599000	-0.858000	-1.422000	-1.068000	-0.028000
280	6.568000	4.795000	1.030000	0.999000	0.000000	8.140000	6.841000	3.389000	5.372000	3.574000	2.142000	7.688000	5.990000	3.248000	5.997000	3.773000	9.125000	7.362000	0.742000	3.284000
281	5.140000	3.453000	1.111000	0.884000	0.000000	4.644000	16.899900	3.533000	4.243000	2.862000	1.560000	4.366000	7.053000	4.359000	6.358000	4.309000	23.672600	14.296200	10.691300	7.198000
282	5.987000	4.475000	1.581000	3.199000	2.796000	4.963000	5.322000	4.981000	4.955000	4.520000	1.255000	5.637000	5.969000	4.913000	6.597000	4.785000	5.776000	1.784000	0.000000	2.699000
283	2.289000	1.814000	4.259000	1.545000	1.663000	0.891000	5.876000	2.628000	1.794000	1.334000	2.346000	5.296000	1.734000	3.881000	0.000000	0.565000	37.036600	27.927400	21.073400	27.787600
284	2.765000	1.595000	-0.732000	0.000000	-0.029000	1.862000	9.400000	2.477000	1.867000	1.243000	-0.496000	2.342000	3.805000	3.034000	4.163000	1.337000	15.455500	3.400000	2.947000	4.614000
285	1.593000	0.720000	-1.898000	1.653000	1.324000	0.028000	-0.839000	1.650000	0.506000	0.648000	-1.233000	0.000000	1.831000	-0.107000	2.532000	0.345000	3.337000	7.872000	2.238000	3.879000
286	2.494000	0.765000	1.462000	1.765000	2.477000	5.478000	5.811000	0.079000	1.336000	0.000000	-0.414000	2.508000	4.900000	3.610000	6.163000	2.610000	18.762600	17.124700	14.952700	11.300500
287	4.629000	3.523000	4.048000	4.191000	4.407000	9.365000	4.499000	0.000000	1.823000	3.794000	4.765000	6.480000	10.018000	6.100000	6.033000	6.406000	6.039000	6.125000	5.248000	5.359000
288	1.476000	0.785000	0.150000	1.351000	0.839000	3.380000	0.000000	1.052000	0.691000	1.371000	0.376000	-0.170000	1.440000	0.485000	2.137000	1.122000	0.202000	-1.331000	-0.266000	0.794000
289	1.345000	0.251000	-1.123000	-0.662000	-0.716000	3.144000	0.000000	-0.500000	0.215000	0.412000	-1.704000	0.001000	0.598000	-0.152000	1.570000	-0.038000	-1.222000	1.281000	0.646000	1.948000
290	5.198000	3.489000	0.000000	2.611000	2.050000	6.512000	8.007000	3.217000	4.405000	3.115000	0.313000	5.181000	4.519000	3.109000	4.893000	2.851000	19.587100	9.584000	6.861000	10.609200
291	1.817000	1.140000	-0.366000	0.758000	0.000000	0.547000	0.492000	0.417000	1.301000	1.498000	-0.168000	0.325000	0.815000	0.241000	1.529000	1.667000	0.226000	0.373000	0.176000	1.326000
292	0.642000	0.000000	-0.210000	0.565000	-0.353000	-0.584000	-0.188000	0.350000	0.221000	0.724000	-0.509000	-0.162000	0.125000	0.055000	0.316000	0.647000	-0.387000	-0.286000	-0.671000	0.494000
293	4.406000	2.887000	0.000000	1.665000	0.714000	6.108000	3.417000	2.802000	4.149000	3.163000	0.605000	2.333000	1.448000	2.283000	3.380000	2.778000	2.668000	3.388000	1.829000	5.423000
294	5.376000	3.675000	1.552000	1.294000	0.000000	6.829000	11.131700	3.757000	5.510000	3.636000	1.290000	6.772000	4.920000	3.825000	5.627000	4.018000	11.513600	9.558000	5.810000	7.753000
295	0.986000	-0.079000	-1.229000	0.159000	-0.738000	2.735000	-1.163000	0.256000	0.000000	0.334000	-1.214000	-0.843000	-0.282000	-0.979000	0.814000	0.040000	-0.255000	-0.157000	-1.365000	0.064000
296	0.000000	-1.207000	-1.499000	-0.334000	-0.834000	3.442000	-1.304000	0.067000	-1.145000	-0.394000	-1.855000	-1.595000	-0.806000	-1.447000	-0.273000	-0.560000	-0.881000	-0.956000	-1.004000	-0.569000
297	1.845000	1.503000	-0.443000	0.210000	-0.078000	1.861000	1.383000	1.072000	1.491000	0.885000	0.437000	1.257000	2.338000	1.524000	2.791000	0.438000	1.380000	0.000000	-0.356000	0.746000
298	0.000000	2.902000	2.269000	4.100000	3.933000	6.344000	1.592000	3.666000	2.810000	3.327000	2.177000	1.451000	2.819000	2.054000	3.331000	2.327000	2.826000	2.283000	2.231000	1.961000
299	0.000000	-0.203000	6.710000	5.085000	9.392000	6.778000	16.903400	4.887000	1.292000	2.420000	3.523000	10.527000	8.281000	6.116000	10.220600	7.289000	41.840000	30.030300	21.823500	60.885300
300	2.622000	2.206000	1.126000	1.514000	1.036000	5.157000	0.000000	1.747000	2.122000	1.815000	1.404000	1.158000	2.085000	1.384000	2.378000	0.606000	2.042000	1.286000	1.108000	0.949000
301	3.307000	1.894000	3.294000	3.563000	5.033000	0.000000	2.907000	5.084000	3.202000	1.973000	2.138000	3.372000	2.934000	2.517000	3.473000	2.644000	1.402000	1.209000	0.934000	2.803000
302	3.308000	1.304000	-0.761000	0.000000	-0.648000	5.927000	-0.228000	1.196000	0.857000	0.621000	-0.134000	-0.097000	1.335000	-0.052000	2.020000	-0.400000	1.078000	-0.072000	-0.486000	-0.693000
303	3.140000	2.000000	-0.082000	1.301000	0.531000	0.827000	1.190000	2.044000	2.853000	1.954000	0.000000	1.360000	1.626000	2.045000	2.812000	2.617000	1.701000	1.988000	4.531000	3.378000
304	0.100000	-0.419000	0.642000	0.510000	0.383000	4.915000	2.050000	0.551000	-0.274000	-0.690000	-0.939000	1.764000	-0.086000	1.954000	-0.615000	-0.859000	0.000000	-2.226000	-2.815000	2.192000
305	3.024000	1.773000	0.521000	0.966000	0.610000	4.006000	-0.061000	2.703000	2.138000	1.852000	0.711000	0.000000	2.659000	1.489000	4.770000	2.024000	4.543000	6.632000	5.531000	5.070000
306	1.220000	0.996000	2.000000	0.669000	3.066000	-0.015000	2.393000	0.000000	0.155000	1.382000	0.443000	1.302000	3.194000	5.213000	2.866000	1.063000	2.725000	0.341000	-0.733000	1.793000
307	0.000000	6.785000	11.211200	13.771900	13.382200	18.736000	14.724800	13.282000	10.973400	12.609800	11.608300	13.960300	11.723800	12.933000	11.259400	12.143700	18.546700	27.187500	20.431100	32.972900
308	3.533000	2.663000	2.155000	5.212000	5.219000	0.257000	6.478000	2.866000	2.381000	3.240000	1.906000	4.437000	2.975000	2.937000	2.510000	2.739000	1.975000	1.274000	0.559000	0.000000
309	1.111000	-0.328000	5.419000	2.904000	3.403000	3.860000	7.865000	1.123000	0.000000	2.055000	1.126000	0.929000	4.881000	2.148000	3.833000	5.481000	17.139800	11.963000	6.902000	18.956800
310	3.286000	1.949000	0.000000	1.420000	0.656000	1.237000	1.777000	2.067000	2.515000	2.542000	0.229000	1.835000	1.369000	1.569000	1.991000	2.293000	0.889000	0.635000	0.667000	3.014000
311	3.482000	2.089000	0.103000	0.528000	0.000000	5.307000	4.884000	1.810000	2.729000	2.119000	0.234000	2.206000	5.694000	2.355000	5.544000	2.242000	25.097400	13.006400	5.569000	4.030000
312	3.584000	2.311000	1.417000	1.873000	1.390000	6.952000	2.263000	2.209000	1.867000	2.914000	1.171000	0.000000	4.003000	2.236000	4.440000	2.945000	0.609000	1.936000	1.352000	2.833000
313	2.921000	2.043000	1.013000	2.116000	1.172000	4.846000	0.912000	1.732000	2.082000	2.599000	1.163000	0.000000	3.452000	2.044000	3.847000	1.330000	2.801000	2.289000	2.041000	3.045000
314	2.465000	0.770000	0.485000	2.103000	1.456000	5.266000	0.179000	2.944000	1.365000	1.081000	-1.583000	0.000000	2.696000	1.080000	3.411000	1.703000	-0.299000	-0.668000	-1.262000	0.759000
315	3.433000	2.132000	-0.132000	0.807000	0.218000	5.175000	3.132000	1.239000	2.499000	2.371000	0.000000	2.124000	3.732000	2.490000	5.170000	3.125000	4.536000	3.873000	3.746000	3.909000
316	1.519000	0.768000	0.449000	1.015000	0.493000	1.648000	-0.257000	0.596000	0.672000	1.341000	-0.083000	0.000000	0.975000	0.441000	1.403000	1.258000	0.811000	0.433000	0.465000	1.311000
317	0.880000	0.010000	-0.493000	0.298000	-0.324000	2.007000	-0.390000	0.289000	0.288000	0.463000	-0.611000	-0.273000	0.000000	-0.222000	0.651000	0.030000	-0.793000	-0.472000	-0.709000	0.129000
318	2.107000	0.974000	-0.105000	1.496000	1.665000	4.662000	-0.351000	0.000000	1.110000	1.031000	0.139000	-0.259000	1.730000	-0.838000	2.225000	-0.914000	1.181000	0.635000	1.360000	-1.076000
319	0.000000	3.531000	3.333000	4.832000	5.294000	6.821000	0.742000	4.290000	3.403000	3.592000	3.519000	1.637000	3.772000	3.088000	3.782000	2.645000	3.784000	3.479000	3.424000	2.108000
320	1.496000	0.000000	5.871000	5.990000	8.158000	3.292000	18.742700	3.878000	0.628000	2.867000	10.201900	14.294000	9.777000	8.209000	9.834500	7.495000	30.974200	27.208300	23.591200	41.196500
321	2.649000	1.614000	0.000000	1.603000	2.027000	2.413000	0.680000	3.033000	2.834000	1.755000	0.228000	0.189000	2.659000	1.318000	3.362000	2.298000	0.959000	0.352000	0.385000	1.637000
322	6.030000	4.300000	0.000000	3.044000	2.640000	8.765000	7.433000	3.623000	4.865000	3.782000	1.899000	4.855000	5.224000	3.265000	6.085000	3.698000	19.524600	12.418700	7.204000	4.167000
323	1.310000	0.000000	7.843000	4.378000	5.294000	5.456000	16.790200	4.572000	2.915000	2.018000	5.512000	10.679900	10.246300	6.872000	8.696000	5.215000	25.410600	30.173200	17.905900	29.257700
324	0.000000	-0.394000	-0.814000	1.361000	3.191000	7.603000	4.338000	-0.180000	-0.447000	-1.174000	-1.630000	3.799000	3.445000	1.765000	3.247000	2.019000	15.311800	4.165000	3.430000	16.464600
325	2.043000	1.110000	-1.223000	0.023000	-0.639000	4.252000	2.300000	0.220000	0.744000	0.587000	-0.890000	1.838000	0.000000	0.720000	3.188000	0.970000	10.909800	12.013500	10.398200	10.721800
326	2.841000	1.573000	0.233000	1.478000	1.337000	6.491000	1.877000	3.041000	1.685000	2.060000	0.000000	1.722000	2.171000	1.535000	3.060000	2.345000	0.160000	0.541000	-0.062000	1.360000
327	1.115000	0.259000	-0.320000	1.223000	0.880000	-0.023000	0.311000	-0.264000	0.000000	0.458000	-0.382000	0.177000	0.215000	0.174000	0.453000	-0.258000	-0.473000	-0.169000	-0.021000	0.806000
328	0.000000	3.967000	8.807000	10.808300	11.926900	13.023400	10.076000	10.240000	6.134000	6.548000	5.196000	8.777000	9.051000	7.536000	10.475000	9.229000	11.725900	9.337000	9.808000	14.338000
329	2.832000	1.844000	2.248000	5.241000	5.184000	1.428000	0.590000	2.062000	3.544000	2.130000	2.100000	1.390000	5.373000	2.907000	8.003000	1.885000	0.439000	2.186000	1.572000	0.000000
330	4.508000	2.927000	-0.782000	0.000000	-0.911000	3.368000	5.941000	1.753000	3.539000	2.148000	-0.761000	0.914000	3.399000	1.899000	4.032000	2.214000	5.724000	6.304000	0.900000	0.872000
331	6.093000	4.150000	1.361000	4.942000	3.995000	7.298000	4.999000	6.360000	4.565000	3.642000	0.951000	3.455000	7.842000	5.095000	7.389000	3.936000	13.206400	3.201000	0.000000	5.004000
332	6.448000	5.362000	1.319000	3.233000	3.107000	3.627000	4.752000	4.768000	4.893000	4.477000	1.729000	5.643000	4.716000	4.784000	5.028000	5.375000	6.427000	2.602000	0.000000	4.168000
333	1.820000	1.394000	0.206000	2.844000	3.006000	4.224000	-0.227000	2.040000	2.021000	1.810000	0.145000	0.000000	1.611000	1.036000	1.852000	1.673000	0.503000	1.086000	1.144000	1.493000
334	4.379000	2.573000	0.415000	1.904000	1.995000	2.994000	2.298000	3.322000	3.455000	2.429000	0.760000	1.156000	0.000000	2.875000	1.981000	2.069000	0.812000	-0.564000	-0.823000	2.432000
335	2.675000	3.625000	2.155000	4.298000	4.836000	9.413400	0.000000	4.687000	3.597000	3.272000	2.038000	1.996000	3.762000	3.464000	4.129000	2.579000	2.216000	1.729000	1.473000	3.053000
336	3.799000	4.575000	4.032000	8.092000	9.262000	13.686900	5.623000	5.979000	4.675000	3.677000	1.422000	4.602000	6.201000	5.913000	3.979000	3.957000	0.000000	-0.465000	0.166000	3.723000
337	3.335000	2.864000	1.416000	3.813000	3.316000	5.944000	1.384000	3.491000	3.281000	2.493000	0.705000	1.161000	2.708000	2.082000	3.806000	3.086000	1.179000	0.127000	0.000000	2.452000
338	0.000000	3.224000	2.141000	4.793000	5.609000	6.869000	5.281000	5.459000	4.319000	4.263000	2.012000	5.058000	5.859000	4.428000	5.827000	4.946000	4.409000	9.181000	9.398000	9.733600
339	3.713000	3.269000	1.713000	2.502000	2.087000	3.585000	3.410000	4.243000	3.934000	3.066000	1.509000	2.828000	2.811000	3.311000	4.252000	3.091000	3.041000	0.722000	0.000000	2.341000
340	-0.332000	-1.352000	2.202000	-0.255000	6.647000	-0.614000	5.563000	-0.929000	-0.353000	-0.992000	0.561000	2.849000	-0.197000	-0.415000	0.000000	0.508000	9.756000	4.540000	3.381000	72.381900
341	5.510000	5.549000	11.662100	8.415000	9.599000	8.936000	26.464200	5.414000	4.423000	4.965000	9.277000	20.342800	11.016900	11.447700	0.000000	3.469000	52.180200	31.263800	25.739600	24.984500
342	0.000000	1.541000	17.364400	15.264400	20.768200	10.632000	30.152100	14.108600	3.793000	4.871000	18.187400	21.707200	19.442000	20.053000	11.921000	9.105000	53.851300	38.865300	32.244800	82.418800
343	4.690000	3.360000	0.163000	1.308000	0.000000	3.311000	9.709000	3.164000	4.877000	3.387000	0.651000	3.229000	4.387000	2.969000	4.837000	3.174000	16.289000	8.544000	5.460000	4.987000
344	5.797000	4.461000	2.144000	5.951000	5.148000	11.733600	4.757000	6.353000	5.696000	4.659000	1.400000	5.516000	5.995000	3.885000	6.816000	5.328000	1.659000	0.000000	1.095000	4.182000
345	1.278000	-0.730000	0.683000	0.414000	1.651000	1.546000	6.043000	0.255000	0.000000	0.036000	-1.507000	3.925000	5.839000	3.250000	2.224000	2.714000	10.528000	13.524200	5.407000	21.606400
346	2.153000	0.000000	4.091000	1.371000	1.039000	6.345000	12.333400	3.308000	0.613000	1.890000	2.108000	6.816000	7.307000	4.283000	5.451000	3.503000	24.228000	20.980800	14.094600	47.136000
347	2.040000	0.000000	0.679000	1.533000	2.263000	2.540000	8.437000	1.236000	0.802000	0.315000	0.408000	4.030000	6.150000	2.230000	5.044000	2.617000	16.924200	12.944800	8.288000	32.194200
348	7.527000	5.669000	3.169000	3.888000	3.210000	8.969000	0.000000	5.218000	6.386000	6.026000	3.042000	4.154000	7.385000	4.881000	7.846000	5.516000	4.042000	6.924000	4.459000	5.457000
349	6.827000	4.929000	0.000000	4.706000	3.753000	12.497100	7.132000	5.526000	5.578000	4.602000	1.607000	5.271000	5.299000	4.193000	6.240000	5.208000	13.881800	11.495800	5.576000	4.573000
350	5.772000	4.185000	0.000000	3.638000	1.676000	6.858000	8.372000	4.179000	4.701000	3.806000	0.787000	3.496000	5.831000	4.143000	6.467000	3.432000	8.650000	5.152000	2.444000	3.289000
351	4.051000	2.660000	1.708000	3.058000	4.013000	8.269000	3.011000	4.732000	3.670000	3.219000	1.517000	3.159000	0.000000	1.771000	2.793000	3.316000	3.051000	2.211000	2.333000	3.812000
352	3.177000	1.807000	0.205000	1.032000	0.000000	4.156000	0.980000	1.296000	1.999000	2.157000	0.296000	0.817000	2.832000	1.154000	3.727000	1.502000	-0.646000	0.961000	0.010000	1.945000
353	5.263000	3.662000	0.000000	2.503000	1.224000	5.809000	4.792000	3.374000	4.233000	3.421000	0.074000	3.160000	3.114000	3.636000	4.162000	2.133000	10.949800	3.107000	0.625000	2.982000
354	1.939000	0.942000	8.861000	6.066000	9.858000	8.876000	13.618900	4.923000	0.000000	3.266000	7.226000	9.816000	12.272900	10.303500	11.106500	4.593000	42.390800	24.826500	20.498000	21.979100
355	0.896000	0.724000	0.284000	1.124000	0.708000	5.066000	-0.681000	-0.151000	0.165000	0.389000	-0.121000	-0.129000	0.911000	0.000000	1.509000	0.755000	0.258000	0.663000	0.694000	0.605000
356	2.117000	1.331000	-0.518000	0.383000	-0.875000	3.018000	0.729000	0.698000	1.283000	0.704000	-0.853000	0.222000	1.381000	0.347000	0.000000	0.576000	0.162000	-0.785000	-0.424000	0.402000
357	0.479000	0.281000	-0.245000	0.349000	0.147000	-0.518000	-0.212000	0.387000	0.361000	0.327000	-0.257000	-0.295000	0.106000	0.000000	0.371000	0.404000	-0.276000	-0.395000	-0.441000	0.370000
358	2.522000	1.628000	1.062000	2.709000	2.535000	2.720000	0.000000	1.824000	1.713000	1.927000	0.704000	0.939000	2.371000	1.402000	2.839000	1.323000	1.591000	1.239000	1.272000	1.552000
359	5.313000	5.537000	5.573000	6.511000	6.606000	4.240000	5.771000	6.242000	5.513000	5.863000	5.638000	5.399000	4.685000	5.258000	0.000000	3.972000	5.748000	4.895000	5.851000	6.551000
360	0.041000	-1.583000	-0.109000	-3.416000	-2.424000	-3.947000	0.650000	-1.294000	0.000000	-1.338000	-1.815000	2.172000	1.512000	-1.214000	1.213000	0.351000	11.770000	15.367900	4.064000	3.846000
361	2.006000	0.625000	0.279000	2.383000	2.786000	2.142000	-0.456000	0.560000	0.997000	1.261000	0.116000	-0.030000	0.000000	0.969000	1.867000	1.737000	0.582000	0.224000	-0.237000	1.462000
362	0.913000	-0.174000	-0.534000	0.362000	-0.025000	2.594000	-0.482000	-0.157000	0.083000	0.690000	-0.477000	-0.401000	0.122000	-0.676000	0.673000	-0.539000	0.179000	0.234000	0.159000	0.000000
363	3.220000	1.628000	-1.517000	0.000000	-0.787000	2.734000	1.990000	0.904000	2.164000	1.973000	-0.199000	1.364000	3.110000	1.060000	3.496000	1.151000	5.502000	-0.119000	-0.937000	2.117000
364	6.474000	5.637000	2.135000	4.214000	3.271000	7.717000	4.911000	5.980000	6.333000	5.430000	1.702000	4.025000	6.428000	4.664000	6.759000	5.063000	0.050000	2.456000	0.000000	3.064000
365	0.162000	0.064000	0.456000	0.943000	0.730000	3.352000	-0.799000	1.138000	0.000000	0.475000	-0.021000	-0.362000	0.793000	0.134000	1.326000	-0.210000	1.041000	0.502000	1.292000	0.709000
366	0.625000	0.000000	-0.531000	0.316000	0.345000	1.684000	0.254000	-0.906000	-0.916000	-0.363000	-1.150000	-0.132000	0.056000	-0.996000	0.648000	0.015000	-0.332000	-0.275000	-0.453000	0.529000
367	4.357000	3.385000	0.961000	2.708000	2.313000	3.666000	3.020000	2.869000	3.484000	2.932000	0.829000	2.094000	3.740000	3.007000	4.544000	3.479000	1.257000	0.834000	0.000000	2.335000
368	2.323000	1.827000	2.047000	2.665000	2.458000	0.000000	2.341000	2.757000	2.321000	2.522000	1.911000	2.382000	1.811000	2.262000	2.558000	2.618000	1.417000	1.436000	2.446000	2.597000
369	0.246000	0.286000	-0.154000	0.025000	-0.491000	1.850000	-0.346000	-0.001000	0.000000	-0.049000	-1.045000	-0.404000	0.114000	-0.320000	0.061000	-0.639000	-0.539000	-0.609000	0.735000	-0.308000
370	-0.215000	-0.677000	-2.247000	-1.281000	-0.125000	0.565000	-0.581000	0.045000	-0.060000	-0.633000	-1.105000	-0.803000	-0.609000	-1.775000	0.000000	-1.864000	-0.389000	-2.520000	-3.059000	-0.428000
371	2.127000	1.042000	-0.257000	0.849000	0.000000	1.853000	0.707000	1.214000	1.688000	1.114000	0.070000	0.366000	1.423000	1.047000	1.726000	1.292000	1.163000	0.359000	0.306000	1.174000
372	1.169000	0.717000	1.104000	2.093000	3.257000	1.130000	-0.291000	0.103000	0.000000	0.823000	0.736000	0.828000	1.841000	1.313000	1.651000	1.507000	0.933000	0.317000	0.346000	1.184000
373	1.985000	1.036000	-0.709000	0.737000	0.203000	1.575000	0.734000	0.000000	1.165000	0.773000	-0.746000	0.424000	1.380000	0.682000	2.262000	1.060000	1.535000	-0.714000	0.421000	0.305000
374	1.115000	0.996000	0.845000	1.393000	1.087000	0.000000	0.580000	1.127000	1.115000	1.011000	0.641000	0.950000	1.002000	0.794000	0.941000	0.889000	0.808000	0.672000	0.197000	0.853000
375	1.679000	1.285000	-0.570000	0.391000	-0.052000	0.049000	1.021000	0.847000	1.571000	1.019000	-0.177000	0.303000	0.000000	0.390000	0.580000	1.753000	0.859000	0.934000	0.368000	1.408000
376	4.438000	3.356000	1.079000	1.252000	0.000000	6.129000	3.014000	2.661000	4.275000	2.808000	1.636000	2.535000	3.291000	3.272000	4.705000	3.916000	1.947000	1.227000	0.599000	3.373000
377	2.076000	1.339000	-0.170000	0.902000	0.285000	2.630000	0.817000	0.873000	1.654000	1.093000	0.165000	0.618000	1.196000	0.783000	1.573000	0.000000	1.563000	1.283000	1.287000	1.663000
378	6.089000	4.474000	2.233000	1.326000	0.000000	6.167000	4.149000	3.911000	5.596000	3.662000	-0.066000	3.586000	5.872000	5.016000	5.981000	4.697000	10.480000	8.035000	6.437000	6.921000
379	0.629000	0.259000	-0.713000	-0.271000	-0.560000	-1.042000	-0.315000	0.000000	0.392000	0.057000	-0.610000	-0.838000	-0.278000	-0.321000	0.124000	0.111000	-1.139000	-1.339000	-1.477000	0.126000
380	2.516000	2.220000	0.513000	0.000000	1.019000	5.342000	2.379000	2.242000	3.294000	2.966000	2.024000	2.203000	4.932000	4.188000	5.374000	3.135000	4.613000	7.541000	4.806000	4.977000
381	0.966000	1.057000	0.907000	1.115000	1.369000	2.819000	0.905000	0.000000	0.330000	1.122000	1.026000	0.132000	0.866000	1.082000	0.691000	0.886000	0.779000	0.903000	0.931000	1.192000
382	1.198000	0.749000	0.315000	1.070000	0.686000	-0.874000	0.684000	1.091000	1.211000	1.150000	0.205000	0.571000	0.000000	0.385000	0.218000	0.344000	0.348000	0.367000	0.035000	0.681000
383	0.552000	0.670000	0.541000	0.922000	0.844000	1.061000	-0.020000	0.962000	0.599000	0.695000	0.548000	0.625000	0.439000	0.601000	0.000000	0.362000	0.634000	-0.413000	-0.579000	0.781000
384	0.440000	0.866000	0.107000	0.464000	0.507000	2.585000	-0.072000	-0.115000	0.000000	1.017000	0.123000	0.025000	0.644000	0.454000	-1.293000	0.335000	-0.182000	-0.397000	-0.792000	0.775000
385	1.341000	-0.160000	-0.700000	-0.279000	0.009000	2.301000	2.312000	1.593000	1.257000	0.097000	-1.577000	0.000000	2.348000	0.654000	0.974000	1.437000	14.482300	12.924600	8.979000	25.632500
386	0.618000	0.024000	-0.395000	0.620000	0.191000	0.060000	0.250000	0.487000	0.490000	0.679000	-0.782000	0.208000	-1.168000	-0.048000	-0.500000	0.132000	0.153000	-0.181000	0.000000	0.982000
387	0.680000	0.000000	0.014000	0.612000	0.202000	-0.610000	-0.052000	0.049000	-0.141000	0.761000	-0.468000	-0.196000	0.140000	-0.086000	0.494000	0.481000	-0.696000	-0.013000	-0.075000	0.629000
388	4.086000	2.586000	-0.363000	0.937000	0.000000	4.511000	0.530000	1.996000	2.850000	2.261000	-1.190000	0.575000	3.229000	1.631000	3.993000	2.500000	1.577000	-1.170000	-1.916000	1.299000
389	4.194000	2.788000	-0.616000	1.521000	0.000000	4.510000	3.784000	2.027000	3.250000	2.938000	-1.132000	3.200000	2.968000	2.553000	4.225000	2.712000	12.534800	11.541900	10.696000	13.581500
390	1.072000	0.256000	-0.506000	0.639000	-0.038000	3.500000	-0.266000	0.956000	0.218000	0.829000	-0.592000	-0.107000	0.000000	0.057000	0.628000	-0.134000	-0.169000	-0.278000	-0.376000	0.565000
391	1.356000	0.000000	-0.728000	0.439000	-0.526000	2.752000	-1.019000	0.564000	0.333000	0.556000	-1.175000	-1.166000	0.843000	-0.158000	1.625000	0.094000	-0.876000	-0.298000	-0.312000	-0.069000
392	5.566000	3.751000	0.000000	2.330000	0.914000	5.797000	6.549000	2.419000	4.083000	3.734000	-0.550000	3.942000	4.656000	2.964000	5.912000	3.324000	5.573000	4.730000	2.345000	1.595000
393	1.640000	0.513000	-0.098000	0.265000	-0.449000	4.535000	0.325000	0.884000	0.587000	0.634000	-0.824000	0.054000	0.940000	0.000000	1.663000	1.174000	0.713000	0.789000	0.705000	1.606000
394	1.289000	0.618000	0.327000	0.969000	0.705000	6.025000	0.000000	0.571000	0.910000	1.032000	0.393000	0.262000	0.933000	0.473000	1.424000	0.499000	0.754000	0.589000	0.463000	0.213000
395	-0.312000	-0.567000	-1.237000	-0.868000	-0.701000	3.440000	-2.678000	-0.762000	-0.410000	-0.573000	-1.197000	-2.045000	-0.398000	-1.705000	0.000000	-0.899000	-1.359000	-1.605000	-1.689000	-1.354000
396	1.133000	0.000000	2.402000	2.601000	5.090000	6.165000	2.063000	1.915000	1.391000	1.111000	0.729000	6.094000	7.233000	5.103000	5.012000	3.756000	20.836000	24.000600	20.356000	49.806300
397	1.135000	0.744000	0.443000	0.190000	0.174000	2.616000	-1.037000	0.125000	0.623000	0.644000	0.431000	-0.636000	0.765000	0.000000	0.864000	0.681000	0.259000	0.362000	0.218000	-0.027000
398	7.186000	6.248000	3.150000	4.761000	5.918000	5.831000	4.207000	6.158000	6.987000	5.654000	2.354000	4.616000	6.743000	5.000000	7.020000	6.006000	0.000000	2.479000	2.519000	4.910000
399	0.000000	2.060000	2.939000	4.887000	4.243000	4.275000	1.929000	4.852000	3.813000	3.394000	2.379000	1.565000	3.305000	3.405000	3.636000	3.079000	2.650000	2.847000	2.781000	3.413000
400	1.039000	0.795000	0.688000	0.759000	0.788000	0.370000	0.671000	0.719000	0.894000	0.832000	0.359000	0.662000	0.000000	0.396000	0.580000	0.829000	0.469000	0.432000	0.397000	0.812000
401	0.000000	3.917000	15.902800	11.636200	16.734300	9.001000	12.977600	10.673000	8.390000	6.523000	8.836000	13.031200	14.073000	11.321800	13.417800	12.423900	35.938400	35.374300	30.330700	24.599500
402	0.524000	0.288000	-0.260000	0.128000	-0.150000	1.648000	-1.181000	0.125000	0.447000	0.206000	-0.613000	-0.077000	0.130000	0.132000	0.066000	0.000000	-0.682000	-0.467000	-0.303000	0.201000
403	2.474000	1.788000	0.693000	0.516000	0.000000	1.766000	0.526000	1.496000	2.271000	1.095000	-0.577000	0.437000	1.764000	1.303000	2.160000	2.004000	1.881000	2.071000	1.275000	2.023000
404	1.099000	0.193000	-1.662000	-0.833000	-1.650000	3.691000	-0.995000	0.000000	0.714000	0.069000	-1.822000	-0.683000	0.030000	-0.241000	-0.740000	-0.026000	-2.270000	-2.248000	-2.858000	-0.035000
405	0.608000	0.052000	-1.835000	-0.112000	-0.489000	0.996000	-1.554000	0.000000	0.576000	-0.193000	-1.603000	-2.041000	0.024000	-0.661000	0.249000	-0.242000	-0.259000	0.147000	0.078000	0.113000
406	2.810000	1.884000	0.000000	1.630000	0.358000	2.427000	1.405000	1.976000	2.524000	1.795000	0.465000	1.467000	1.883000	1.947000	2.148000	2.265000	1.585000	1.666000	1.604000	2.360000
407	3.110000	1.351000	1.718000	4.745000	4.818000	4.057000	3.701000	2.986000	0.259000	1.641000	1.151000	2.008000	1.818000	1.482000	0.000000	0.556000	2.617000	2.441000	1.023000	0.985000
408	0.000000	9.031000	32.021300	25.420400	29.650000	16.162900	26.849900	22.772300	15.216200	16.865500	22.936000	27.922200	30.382700	26.798200	28.842700	28.190100	61.042100	50.146800	48.352000	61.141600
409	5.823000	3.627000	0.599000	0.000000	-0.620000	4.790000	3.879000	2.252000	4.086000	2.629000	0.304000	2.457000	5.245000	3.357000	4.651000	3.837000	6.022000	4.412000	4.350000	11.966700
410	7.965000	6.249000	3.236000	4.821000	4.291000	8.084000	0.000000	6.098000	6.796000	5.498000	3.581000	4.105000	7.457000	5.919000	8.455000	6.110000	7.949000	7.049000	5.953000	6.921000
411	4.832000	2.761000	0.854000	0.000000	0.099000	5.323000	7.959000	2.629000	3.849000	2.237000	1.521000	4.778000	6.365000	6.809000	5.035000	3.976000	17.638600	18.681200	14.508200	28.348700
412	3.636000	3.168000	0.774000	1.394000	0.788000	3.993000	2.669000	2.825000	3.515000	2.263000	1.048000	2.168000	1.405000	1.744000	0.000000	0.362000	2.301000	1.997000	1.697000	2.166000
413	5.517000	4.851000	3.455000	4.369000	4.318000	5.804000	7.234000	3.286000	3.856000	4.411000	2.112000	4.187000	5.872000	3.972000	5.623000	4.712000	4.063000	0.000000	0.255000	3.201000
414	2.438000	1.872000	1.761000	1.994000	1.791000	0.000000	1.840000	2.049000	2.194000	2.395000	1.773000	1.754000	1.337000	1.483000	2.009000	2.224000	1.788000	1.961000	1.888000	2.334000
415	1.668000	1.380000	0.047000	2.122000	0.558000	1.731000	0.178000	1.870000	1.446000	1.128000	0.598000	0.000000	1.520000	0.590000	1.350000	0.782000	0.061000	0.267000	0.160000	0.805000
416	0.000000	8.334000	16.652700	21.229000	21.687900	15.975900	31.866700	16.794000	10.008300	11.447600	17.744400	22.113200	25.578500	25.640000	21.687800	18.513200	74.589000	54.465700	54.778000	70.591000
417	4.051000	2.931000	3.384000	5.010000	5.076000	6.632000	6.116000	3.137000	3.384000	3.965000	2.089000	5.002000	5.622000	4.761000	6.695000	4.722000	0.000000	2.282000	1.166000	3.890000
418	0.000000	3.149000	7.241000	5.438000	8.448000	6.207000	21.973000	5.039000	2.775000	3.756000	8.372000	10.311000	13.294300	12.024100	9.005000	11.843800	28.501100	20.607700	15.448200	35.808100
419	4.605000	3.160000	0.000000	2.428000	1.947000	10.110400	10.370500	2.891000	3.258000	2.725000	0.060000	4.865000	5.025000	3.589000	5.256000	3.686000	15.441900	15.563100	8.196000	6.202000
420	5.746000	3.760000	0.262000	0.000000	-1.088000	6.503000	5.032000	2.517000	4.583000	2.841000	0.627000	4.156000	4.452000	3.217000	5.209000	3.912000	14.179000	16.680200	9.884000	5.932000
421	2.587000	1.840000	-0.084000	1.145000	3.113000	3.856000	0.000000	0.853000	1.700000	1.728000	-0.315000	-0.476000	4.603000	1.683000	2.434000	1.391000	4.058000	4.706000	3.491000	3.281000
422	1.606000	0.000000	-1.431000	0.156000	1.663000	-1.399000	1.004000	-0.593000	0.633000	-0.072000	-0.078000	0.785000	2.061000	0.260000	1.765000	0.722000	0.873000	0.267000	-0.438000	1.389000
423	0.916000	-0.176000	0.544000	1.777000	3.268000	3.884000	1.275000	3.099000	0.000000	0.448000	-0.342000	0.379000	-1.027000	-0.088000	-0.772000	-0.130000	1.381000	0.079000	-0.095000	4.976000
424	-0.349000	-0.430000	-1.610000	0.307000	0.272000	-0.492000	-0.507000	1.293000	0.074000	-0.271000	-1.542000	-0.930000	0.268000	0.059000	-0.987000	0.000000	-0.285000	-2.670000	-1.644000	-0.054000
425	0.459000	0.316000	-1.101000	-0.159000	-0.631000	2.470000	-0.452000	0.000000	0.154000	0.111000	-1.137000	-0.772000	-0.358000	0.057000	0.771000	0.139000	-0.249000	-0.283000	-0.687000	0.823000
426	1.029000	0.169000	-0.155000	0.487000	0.343000	4.140000	-1.043000	0.000000	0.049000	0.191000	-0.931000	-0.761000	-0.373000	-0.370000	-0.566000	-0.253000	-0.015000	-0.498000	-0.093000	0.413000
427	1.728000	1.499000	1.343000	3.290000	3.290000	0.000000	0.624000	5.159000	2.099000	1.613000	1.199000	2.385000	0.997000	1.810000	1.689000	1.584000	1.792000	1.056000	1.506000	1.640000
428	3.011000	1.776000	0.958000	0.000000	-0.162000	6.760000	0.928000	1.172000	2.221000	1.701000	0.228000	0.127000	1.245000	1.402000	2.178000	2.350000	3.393000	3.890000	3.416000	2.712000
429	6.253000	4.483000	0.000000	2.982000	1.051000	5.459000	3.688000	4.515000	5.801000	4.140000	-0.614000	3.211000	5.208000	3.728000	6.164000	4.171000	3.764000	10.282000	3.706000	4.014000
430	3.461000	2.060000	0.185000	0.000000	-0.064000	4.197000	2.774000	2.120000	3.393000	1.934000	0.915000	1.753000	2.011000	2.654000	2.462000	2.473000	2.940000	1.213000	0.559000	4.296000
431	5.750000	4.210000	0.000000	3.631000	3.120000	6.815000	9.655000	4.902000	3.895000	2.920000	1.217000	4.599000	4.599000	4.033000	5.937000	4.254000	11.198300	6.898000	4.183000	3.738000
432	4.312000	3.603000	1.951000	2.186000	2.067000	4.733000	0.000000	3.534000	3.920000	3.134000	1.607000	1.912000	5.349000	3.316000	6.278000	3.662000	0.336000	1.406000	1.241000	3.208000
433	6.828000	5.247000	3.104000	3.027000	1.969000	7.552000	6.781000	4.413000	5.727000	4.523000	1.146000	4.414000	5.150000	4.533000	6.340000	5.184000	6.514000	1.269000	0.000000	3.907000
434	2.237000	1.121000	0.446000	1.439000	1.483000	6.244000	2.852000	2.909000	1.032000	1.306000	0.532000	2.069000	0.000000	0.283000	3.763000	1.537000	10.676700	10.703800	8.467000	5.052000
435	0.830000	0.000000	9.673000	7.401000	9.330000	5.413000	17.180300	3.101000	0.133000	2.987000	8.363000	12.695200	12.827000	11.332300	8.420000	6.771000	19.521200	17.728500	16.508300	38.454600
436	0.532000	-0.409000	-0.948000	-0.281000	-0.467000	1.891000	-0.579000	0.233000	0.268000	0.312000	-1.039000	-0.714000	-0.578000	-0.835000	0.000000	-0.380000	-0.374000	-1.169000	-1.459000	0.122000
437	1.054000	0.905000	1.187000	0.680000	0.914000	1.429000	0.582000	0.000000	-0.010000	0.632000	0.579000	0.369000	2.501000	1.226000	0.494000	0.728000	0.711000	1.043000	0.735000	1.231000
438	1.298000	0.635000	-0.091000	1.020000	0.228000	-1.093000	0.287000	0.960000	0.840000	1.238000	-0.253000	0.066000	0.000000	0.215000	0.940000	0.933000	-0.347000	0.145000	0.099000	0.828000
439	1.540000	1.069000	1.061000	1.462000	1.206000	-0.143000	1.350000	1.006000	0.986000	1.717000	1.032000	1.248000	0.000000	0.892000	0.670000	1.552000	1.069000	1.346000	1.273000	1.652000
440	3.202000	1.662000	2.270000	0.488000	0.320000	3.637000	3.255000	1.248000	2.139000	2.117000	-1.008000	2.823000	0.000000	2.147000	1.909000	2.259000	3.471000	0.255000	-0.181000	2.714000
441	3.842000	2.526000	0.000000	2.613000	1.556000	8.486000	2.777000	3.213000	3.141000	2.910000	0.378000	2.230000	3.412000	2.587000	4.612000	3.805000	5.113000	7.348000	5.211000	4.935000
442	0.756000	0.074000	-0.195000	0.574000	-0.032000	4.234000	-0.121000	0.231000	-0.011000	0.676000	-0.206000	-0.293000	0.000000	0.089000	0.553000	0.129000	-0.119000	-0.255000	-0.275000	0.577000
443	2.977000	2.270000	1.807000	2.784000	2.380000	4.696000	0.000000	3.079000	2.393000	3.093000	1.100000	1.824000	2.603000	1.983000	2.989000	2.570000	0.489000	1.437000	1.132000	2.202000
444	4.624000	2.801000	2.130000	0.754000	0.000000	5.087000	11.126500	1.723000	3.287000	2.769000	0.852000	4.364000	6.929000	3.839000	4.829000	4.445000	9.389000	3.157000	2.644000	8.827000
445	2.165000	0.963000	0.056000	0.553000	0.040000	4.074000	0.255000	1.318000	2.254000	1.230000	-1.145000	0.000000	2.335000	0.740000	3.230000	0.945000	5.824000	8.701000	7.475000	5.900000
446	0.773000	-0.095000	-0.137000	0.378000	-0.225000	3.232000	-0.316000	0.000000	-0.065000	0.639000	-0.973000	-0.338000	-0.371000	0.052000	0.515000	-0.112000	-0.261000	-0.116000	-0.362000	-0.006000
447	2.072000	1.006000	-0.341000	0.000000	-0.426000	4.097000	0.536000	0.929000	1.719000	1.518000	-0.159000	0.335000	1.068000	0.686000	2.062000	2.004000	0.706000	0.792000	0.481000	1.245000
448	6.001000	4.323000	1.513000	2.379000	2.504000	7.196000	4.875000	4.089000	4.850000	4.370000	0.801000	4.312000	5.333000	3.394000	5.675000	4.049000	4.875000	1.038000	0.000000	2.786000
449	1.953000	0.708000	-0.302000	1.583000	1.448000	7.740000	0.000000	2.439000	1.240000	1.276000	-0.110000	-0.312000	1.357000	0.855000	3.367000	1.743000	0.441000	-0.048000	-0.160000	1.092000
450	0.903000	0.029000	-0.483000	0.679000	0.073000	4.707000	-0.051000	0.033000	-0.602000	0.130000	-0.707000	-0.197000	-0.056000	-0.107000	0.660000	0.000000	0.294000	0.303000	0.073000	0.376000
451	1.074000	-0.391000	-0.918000	-0.964000	-0.020000	2.993000	-0.144000	-1.012000	0.289000	-0.257000	-1.500000	-0.273000	0.439000	0.000000	2.775000	-1.431000	6.021000	7.290000	5.024000	10.869800
452	4.550000	3.048000	0.000000	1.966000	0.750000	5.615000	3.590000	2.682000	3.408000	2.814000	-0.283000	3.427000	3.728000	2.413000	5.017000	2.752000	5.204000	3.623000	-0.134000	1.798000
453	3.064000	1.942000	0.722000	2.100000	1.299000	4.453000	2.225000	2.049000	2.361000	2.361000	0.568000	0.000000	1.883000	1.778000	3.289000	1.974000	2.416000	1.072000	0.569000	2.470000
454	0.924000	0.000000	-0.302000	0.883000	0.330000	3.307000	-1.452000	0.697000	-0.027000	0.708000	-1.333000	-0.741000	0.179000	-0.240000	1.116000	0.102000	0.126000	0.084000	-0.040000	0.315000
455	2.893000	1.333000	-0.077000	0.000000	-0.718000	3.179000	1.068000	0.271000	1.798000	1.680000	-1.019000	-0.150000	3.123000	1.326000	3.807000	2.254000	2.110000	2.188000	0.479000	1.642000
456	2.169000	1.593000	0.525000	1.139000	1.232000	3.978000	0.159000	2.225000	1.089000	1.111000	-0.028000	0.273000	1.986000	0.863000	0.000000	0.210000	1.374000	0.731000	0.586000	0.910000
457	0.891000	0.403000	0.276000	1.082000	0.555000	-1.446000	-0.956000	0.538000	0.000000	0.554000	0.374000	-0.434000	0.414000	0.616000	0.910000	0.141000	0.363000	0.383000	0.266000	0.366000
458	1.449000	1.461000	1.374000	2.635000	2.418000	3.137000	0.931000	0.622000	0.000000	1.442000	1.541000	1.292000	1.555000	0.882000	1.582000	0.976000	1.718000	1.486000	1.407000	1.406000
459	4.924000	3.498000	0.000000	1.903000	0.968000	8.553000	2.518000	2.663000	3.825000	3.029000	-0.388000	2.267000	4.361000	2.909000	5.128000	2.949000	2.544000	3.893000	0.967000	3.473000
460	2.258000	1.645000	1.084000	1.784000	1.119000	0.000000	1.419000	1.911000	2.243000	1.496000	0.662000	1.234000	1.239000	1.305000	1.749000	1.624000	1.671000	1.919000	1.749000	2.049000
461	4.154000	2.175000	1.907000	0.000000	0.380000	3.393000	5.037000	1.659000	2.195000	1.139000	2.982000	3.595000	4.680000	4.816000	3.441000	2.867000	5.717000	4.255000	4.096000	4.250000
462	2.647000	2.320000	1.945000	3.768000	3.353000	0.000000	2.042000	4.471000	2.762000	3.612000	1.019000	2.066000	2.520000	2.345000	2.545000	2.432000	2.746000	2.049000	1.972000	2.442000
463	5.990000	5.446000	2.584000	5.164000	4.787000	5.982000	6.499000	5.723000	6.598000	4.895000	1.449000	6.354000	6.521000	5.487000	6.546000	5.980000	2.992000	1.560000	0.000000	4.470000