SITE	GLY	ALA	LEU	VAL	ILE	PRO	ARG	THR	SER	CYS	MET	LYS	GLU	GLN	ASP	ASN	TRP	TYR	PHE	HIS
11	0.043600	0.180300	0.215900	0.350700	0.432000	0.611900	0.000000	0.279800	0.241100	0.207000	-0.038900	-0.005000	0.137400	-0.070400	0.251200	0.208400	0.001000	0.265700	0.204400	0.295900
12	0.933600	0.866300	1.141300	1.848800	2.187300	0.000000	1.317100	2.047800	0.953200	1.438300	1.244800	1.302200	0.832100	1.349700	-0.044000	0.544200	1.649600	1.203700	1.128000	1.573300
13	3.022500	2.649100	3.459100	2.938500	2.469400	1.068100	0.000000	2.195300	3.164700	2.663800	1.965900	0.652500	2.598400	2.816900	3.836000	3.565500	3.675100	3.574600	3.312200	3.722500
14	5.159700	4.696100	2.365400	4.441800	3.806400	8.980400	5.077300	3.659800	4.172500	3.847600	0.849600	3.949400	5.662000	3.816900	6.138400	4.735700	3.586100	2.605100	0.000000	3.330600
15	1.527700	0.084400	-0.633700	0.384800	0.115100	4.956200	-0.300000	0.612900	0.000000	-0.128300	-0.514100	-0.532900	-0.224100	0.144900	-0.163900	-0.023900	0.121300	-0.146100	-0.198100	0.105500
16	5.349100	3.979600	1.712800	2.558100	1.530700	4.851400	4.874600	3.639100	5.063700	3.349600	0.882000	2.849800	5.555000	4.340100	5.165700	3.834400	7.390300	1.078200	0.000000	3.421500
17	0.206400	0.154300	-0.024500	-0.023900	-0.308400	3.405700	-0.591800	-0.164300	0.000000	0.198000	-0.133500	-0.179500	0.226200	0.095500	0.321500	0.291300	0.086300	-0.108100	-0.222800	0.318900
18	2.827700	2.036500	0.842800	0.534800	0.000000	1.364100	2.448300	1.949200	2.784600	1.562600	0.672900	2.334100	2.503600	2.236400	2.422500	2.307500	2.372200	2.030900	1.857500	2.876400
19	0.387600	0.000000	-0.474700	0.165000	-0.277800	2.397200	-1.200700	-0.293300	-0.179900	0.301400	-0.612200	-0.590600	-0.086200	-0.511700	0.175300	0.268800	-0.070800	-0.274900	-0.331500	0.322200
20	0.440000	0.000000	0.513800	1.316400	1.065000	4.359300	-0.632200	1.028000	0.517500	0.242200	0.146300	-0.904200	0.535300	-0.235600	1.178100	-0.030000	-0.216700	-0.152600	-0.307100	-0.645300
21	0.974300	0.680000	-0.271700	-0.130500	0.237500	1.955500	0.000000	-0.028000	0.657700	0.345100	-0.596200	-0.197700	0.329500	0.299800	1.278100	1.160900	0.500800	0.706100	0.711600	1.017700
22	4.408300	2.700100	1.261300	2.627000	2.675600	7.496400	1.744700	3.328700	3.072900	1.991200	1.494800	1.309700	0.000000	2.336700	2.418200	2.667200	2.856700	1.864400	1.829000	2.245500
23	0.000000	4.011300	4.052300	4.929500	4.430600	6.427900	3.065100	4.643100	2.939800	4.239700	3.626400	2.138200	4.400800	4.000100	4.514600	4.260900	4.095600	3.993200	3.248900	4.211600
24	0.929300	0.665200	-0.699200	1.043000	0.554100	0.180900	-1.908100	0.959800	0.816900	0.496900	-0.627500	0.000000	0.556800	0.088800	0.907300	0.030700	-0.039200	0.229800	-0.956400	0.516000
25	1.498800	0.000000	6.697800	2.973600	4.191000	1.535900	6.475900	3.018400	1.085400	3.256900	3.077000	6.250400	7.111100	5.080200	9.707100	10.224700	25.530900	12.909900	12.051600	43.049460
26	2.818700	2.018000	0.643600	3.023900	2.527700	2.690000	0.000000	2.952600	2.370500	1.765400	1.157500	2.412500	5.007400	2.402300	6.106500	1.883000	6.630100	7.991900	3.489900	3.526100
27	3.216800	1.705100	0.584400	-0.172300	1.014400	5.723100	1.402600	0.000000	1.763300	1.501800	-0.031600	1.082500	2.732000	2.222200	4.611000	2.016700	1.578000	1.011700	7.407000	1.074700
28	0.000000	6.278800	19.837000	17.985300	24.006600	9.602000	29.441900	17.084500	9.336700	7.849800	16.406800	18.690700	16.919700	14.659700	13.612600	12.377300	19.549700	19.519600	16.573800	61.701300
29	1.023000	-0.052700	-0.748900	-0.387300	-0.684200	1.375400	-0.685000	0.000000	0.512900	0.028300	-1.043200	-0.970500	-0.205600	-0.155800	1.406100	0.862400	-0.124200	0.091900	-0.182600	0.599100
30	6.349900	4.846800	0.217100	1.177600	0.000000	6.558000	3.889300	3.592200	5.641100	4.005600	0.528100	4.451300	4.928900	3.980000	5.099100	3.760200	7.566400	8.606600	6.669500	6.196200
31	1.118700	0.387400	-1.170200	-0.843600	-1.496000	1.579400	-0.731500	0.066700	0.980200	0.291200	-1.255500	-0.700100	0.000000	-0.069500	1.047400	0.572800	-0.730700	-1.586300	-1.229900	0.122700
32	4.157300	3.195100	1.317100	0.781200	0.762400	6.151400	3.299900	1.294900	2.645400	2.347000	0.000000	1.625200	4.582100	1.797600	5.269700	3.300100	10.637400	7.381100	4.952100	4.396100
33	2.402500	2.035400	1.356900	1.781200	1.346300	0.308300	1.234400	2.087500	2.485600	2.130700	1.386900	0.000000	2.479900	1.839000	2.760100	2.234500	2.309500	2.183100	2.121400	2.583200
34	1.552100	1.184000	0.639300	1.211800	2.977200	0.501300	0.000000	2.222400	1.049700	1.166200	0.763800	0.472100	2.254200	0.648500	3.400000	0.590200	1.446700	0.629400	0.426200	0.109900
35	0.000000	3.663600	5.340500	7.048500	8.267100	12.936800	5.199000	6.766400	4.212800	4.235400	4.689700	4.771000	4.892700	4.893400	3.355300	4.550000	6.453500	4.740400	4.567000	5.937900
36	1.651000	1.269200	0.085300	0.000000	-0.376800	1.279100	0.749400	0.415200	1.580200	0.849100	-0.162300	-0.059200	1.030400	0.453000	1.766000	1.261900	1.505900	1.200700	1.054500	1.635700
37	6.342300	4.727500	1.960400	1.257000	0.000000	6.480000	7.311200	3.794900	5.629000	3.845100	0.645300	5.229400	5.726700	3.993900	6.134400	4.763600	9.870300	12.403300	7.657100	8.766900
38	2.006300	1.084200	-0.127100	1.452400	0.499100	2.353300	0.000000	0.462100	1.066600	1.203900	0.198800	0.364300	0.734100	0.813400	1.618000	0.663800	-0.086400	0.223600	0.156900	0.115400
39	2.195200	0.511900	-2.952500	-2.031500	-2.418100	4.356300	6.434700	0.000000	0.499200	-0.571000	-2.692000	2.727900	2.669500	0.828500	2.882200	0.106400	9.390800	5.673000	4.325300	2.119400
40	5.300600	6.638600	11.456700	7.633100	9.160200	0.000000	17.432400	9.237100	7.708200	7.965500	11.521600	10.854700	12.986100	11.063300	10.731700	10.215900	32.286200	22.003300	18.281200	35.033800
41	1.486700	0.000000	-2.228800	-2.012800	-2.331400	5.588400	6.148800	-0.500300	0.863400	-0.265900	-1.335400	1.596600	1.020400	0.391100	3.497900	-0.070800	13.543500	12.476000	6.835200	7.516400
42	5.521300	3.951200	1.849900	2.631300	2.569200	5.843800	4.732800	4.361000	5.023600	3.701000	1.051400	2.014700	5.205600	3.848900	5.803300	4.778400	2.437800	1.666400	0.000000	3.480400
43	5.085000	3.847500	1.467500	4.413000	3.670000	5.170500	8.442700	4.795700	3.734100	3.286600	0.000000	3.602100	5.946100	3.175300	6.256900	4.174900	13.416500	8.043800	4.246500	29.837300
44	4.602100	2.744900	1.227400	1.938700	2.002700	0.000000	10.089000	3.340200	4.200200	2.783400	2.507900	8.833700	2.537500	3.202500	4.819600	3.758700	15.522000	8.643700	7.421200	17.011900
45	2.374200	1.644000	0.284600	0.000000	-0.241700	0.350600	1.445100	1.556500	2.529800	1.066400	0.801400	1.538300	3.424000	1.170900	3.964100	1.258400	12.122300	6.732400	8.656100	6.193500
46	0.000000	-1.406600	2.757200	-0.327300	-1.572000	2.792400	6.506600	-0.108900	0.002800	-0.281300	1.702600	5.002100	3.924900	3.795200	3.720900	3.749900	6.186800	6.962800	4.244900	4.650000
47	1.137500	0.176600	-0.940000	-0.002900	-0.543600	-0.929800	0.101200	0.000000	-0.282400	0.231000	-0.390400	0.343900	0.471800	0.044400	1.159500	0.782700	0.251400	0.795400	0.420500	1.227500
48	-0.055600	0.000000	-1.426200	0.988100	0.509800	-0.358100	-0.351700	1.167700	0.456900	-0.250300	-1.407500	-0.456600	-0.196000	-1.088800	-0.786800	-0.379500	-0.865300	-0.363300	-0.678200	-0.305900
49	-0.745200	0.000000	0.507500	1.537800	1.992200	5.048700	1.172600	2.438300	2.054600	0.873800	0.696900	1.348300	2.712200	2.217600	3.267500	2.563900	3.160900	4.939900	3.122400	7.510900
50	0.251600	0.074900	-0.158000	0.740700	0.110300	4.424000	-0.111400	0.000000	-0.787600	0.186800	-0.606900	0.245200	0.339300	0.225100	0.789100	0.195100	-0.090200	0.224900	0.014900	0.361900
51	4.052200	2.826600	0.172600	0.000000	-0.932100	1.003100	3.779000	2.078700	4.036200	1.962400	1.098400	4.058400	3.002700	2.349500	4.262100	2.427200	6.693800	10.521300	6.259900	6.447200
52	-0.673800	0.062400	-0.619800	-0.406900	-1.040000	-2.447800	-1.654200	0.598300	-0.577900	0.267200	-0.893600	0.000000	0.250400	-0.724600	-0.779800	0.432100	-1.535900	-0.056000	-0.143100	-0.542600
53	-0.791700	0.000000	-1.797900	1.202500	2.232200	3.664200	-0.060700	1.311600	0.738900	-0.271600	-1.013200	-0.844800	-0.462100	0.349400	0.179100	-0.611100	-0.158400	-0.434100	-0.751700	-0.982300
54	4.536800	3.316100	0.000000	2.423100	1.922600	10.810300	2.568400	2.466100	3.650800	2.827600	0.026500	3.346400	5.589200	3.239500	5.752800	3.366800	18.621700	20.272200	11.293500	9.512300
55	0.561400	0.054900	0.020700	1.009000	0.821700	-1.293600	-0.043300	0.397300	0.058000	0.428800	-0.057200	0.000000	-0.030200	0.314700	-0.149400	-0.339200	0.366400	0.330600	0.435400	0.522400
56	2.757100	2.304500	1.422000	2.315000	2.305200	0.000000	3.791200	1.113800	2.090000	2.726500	0.253200	2.877500	4.322200	3.614300	4.878800	2.933400	10.457200	8.188000	8.799900	13.905400
57	1.791700	1.241500	0.767800	1.241200	0.780800	-0.136900	0.780300	1.647500	1.614600	1.684000	0.487200	0.927300	0.000000	0.715900	0.448500	1.544400	0.844700	0.736500	0.480800	1.437100
58	0.845100	-0.436300	-1.029300	-0.640200	-0.682300	-0.326100	-0.803200	0.000000	0.006200	0.207000	-1.028000	-1.271100	-0.345300	-0.755100	-0.672200	-0.266200	-0.627200	-0.247800	-0.379100	0.549100
59	4.587300	2.573700	-0.328200	0.000000	-0.650500	1.201400	4.934600	2.352500	3.939000	2.403300	0.680500	4.077200	4.240600	3.150100	4.660400	3.175500	15.778200	18.566400	12.620900	16.021400
60	0.306900	-0.530300	-0.287100	1.355000	0.032400	5.918000	0.000000	-0.002700	-0.654200	0.485200	-0.776200	-0.245600	0.096300	0.138000	0.822900	-0.134400	0.188500	0.445700	0.975100	1.390900
61	0.245500	0.000000	0.358500	1.858100	1.520900	5.873600	0.417900	1.566600	0.368100	0.942300	0.026000	0.309600	0.525800	0.175900	1.127800	0.697800	0.404000	0.658300	-0.002800	1.224200
62	2.666700	1.209400	0.006300	1.002700	1.531900	2.849200	3.284300	0.000000	1.162600	1.027800	0.163900	3.318700	5.047100	1.796100	4.616200	1.898200	4.721300	4.829300	2.411500	2.230800
63	0.000000	3.524500	3.346000	5.412600	5.012800	7.733100	3.401400	5.319600	3.935500	3.477400	2.751300	3.243800	3.875600	3.310500	4.061600	3.944500	2.860600	3.705100	3.312500	4.126400
64	1.567600	0.000000	2.035500	0.643200	1.647700	3.138500	13.349400	1.742500	0.512300	-0.265100	5.397100	8.051100	10.730100	8.817400	3.655200	3.424900	16.868200	7.465100	6.799900	29.488400
65	2.187800	1.611000	1.399400	1.314800	1.894900	0.771200	2.385900	2.876100	2.395000	1.877000	1.698500	1.541100	0.494600	1.772300	0.000000	1.741900	2.342500	1.875700	1.144200	2.614000
66	4.056100	3.027400	1.246500	0.939400	0.000000	4.062000	9.177200	2.516900	3.322500	2.225800	-0.178300	4.288500	5.209800	3.507100	7.038500	5.029100	16.016300	9.661700	4.638400	27.528300
67	4.883500	3.624200	-0.283900	0.817600	0.000000	4.918400	3.476000	2.093200	3.523600	2.616800	-0.201800	2.301500	4.833800	3.335600	6.142400	4.020300	10.262700	6.720800	5.899900	10.686100
68	3.927300	2.781700	0.000000	1.046200	2.274100	6.501300	0.360800	2.898900	4.206400	2.597600	0.654200	0.462100	6.791800	2.165000	6.894100	3.699400	8.549900	11.968900	7.239400	4.282900
69	0.000000	-1.963200	-4.100200	-1.775700	-2.842300	3.180300	3.433000	-0.228300	-0.449900	-1.859400	-4.296600	0.686300	1.351900	-1.311800	1.176800	-0.200300	4.808400	2.134400	1.156200	39.147400
70	3.128700	2.680200	0.614100	0.650200	0.182200	2.762800	1.253600	2.021100	3.650600	2.353500	0.680600	1.935800	1.520000	2.087000	0.282600	0.000000	0.964200	-1.114400	-1.386500	2.870400
71	2.479500	1.002800	-0.458400	0.267000	0.866200	2.795200	7.489500	0.000000	1.706400	1.047700	-1.064700	2.180100	4.248000	2.610400	4.237900	2.397100	24.813800	10.065800	11.841100	8.774500
72	5.587500	4.086500	2.038000	6.359200	5.473200	3.926500	6.519100	3.911600	5.205400	4.522400	1.708200	4.296300	5.570700	3.749500	6.247400	5.618600	4.600700	0.000000	0.879200	3.974200
73	1.081800	-0.196500	-1.811300	-0.958700	-1.597700	-1.692400	-0.255000	0.044200	0.998100	0.304200	-1.823000	-0.921700	-0.329800	0.216100	0.808900	0.681900	-1.655900	-1.706400	-2.106500	0.000000
74	4.226100	2.792300	0.000000	3.333800	3.233600	4.744700	2.627200	2.514000	3.323300	3.142500	0.305500	2.126800	4.592900	2.947300	5.117700	2.914400	8.807100	10.786500	6.913600	4.812100
75	2.806300	2.159700	0.088500	2.567100	2.559600	5.777100	3.878100	2.089000	2.372100	2.268100	0.000000	3.803300	2.858000	2.962800	3.487400	3.516700	2.785800	2.657200	2.267500	2.311800
76	2.499600	2.166100	0.000000	0.455400	0.401800	6.084300	3.782200	0.864700	2.420200	1.686200	0.190900	4.086900	1.613600	0.010600	2.506100	2.079200	3.866700	9.221200	5.439900	4.306500
77	1.866000	0.861400	-0.190500	0.117900	0.032300	3.994600	0.000000	0.304100	0.644600	0.328900	-0.605500	-0.077000	0.349800	0.274100	0.584900	0.457400	0.495000	-0.578800	-0.528500	0.491200
78	1.587900	2.469100	1.923000	2.151800	1.849200	0.000000	2.338000	3.133800	2.766700	2.354300	2.194100	2.196600	2.275000	2.267200	1.897700	2.173600	2.228800	2.035400	2.191300	2.392500
79	0.000000	3.218400	4.436600	5.077300	5.235900	7.258600	4.032600	4.054000	2.903800	3.651600	3.176700	3.966500	1.878200	3.516100	0.539000	2.888200	4.599100	3.755900	3.994700	4.586200
80	1.940800	0.000000	4.524300	0.735800	2.861900	-2.174500	14.534500	1.232000	0.797800	1.648700	2.686400	8.067100	1.616900	4.954900	2.632200	5.051800	4.055000	8.183500	9.730100	18.298900
81	3.948700	3.110400	2.377600	3.322400	3.038900	2.498200	3.261200	3.919400	3.768900	3.726900	2.310400	2.918700	0.000000	3.055200	1.424200	3.367300	2.774200	2.696500	2.362200	3.488300
82	1.210300	0.209700	-0.715900	0.234800	-0.261500	-1.211500	0.000000	0.677100	0.870600	0.770600	-0.785900	-0.303000	-0.402800	0.151900	0.448000	0.772200	-0.499000	-0.522400	-0.588800	0.595200
83	5.509600	3.576100	-0.268000	1.251900	0.000000	6.022400	7.388400	2.861600	4.340400	3.753500	-0.033300	4.405100	4.834700	2.727300	5.130300	3.148400	10.422900	3.549700	2.584100	3.071800
84	1.338200	0.000000	-0.885500	1.519400	1.183900	6.477000	-2.119700	1.175100	0.395200	0.273600	-1.021000	-0.857700	0.224800	-0.170500	1.280700	0.051800	-0.336700	-0.178600	-0.251400	-0.816800
85	1.223600	0.203300	-0.052500	0.490900	-0.097800	2.770800	-0.518100	0.916700	0.344400	0.815000	-0.260600	0.000000	0.066000	-0.093500	0.724500	0.112800	-0.123000	-0.120100	-0.142500	0.267600
86	1.312400	0.989500	0.000000	1.750100	0.895400	4.540500	1.292000	2.290600	0.705500	1.280900	0.337000	0.950600	1.427700	1.259500	1.857200	0.599200	0.881800	1.208700	1.130500	1.261000
87	0.000000	3.522000	3.836500	5.782500	5.783200	7.669700	2.856000	6.653300	3.764500	3.686300	3.793300	3.059000	3.347700	3.310800	3.247000	3.687200	3.972800	3.747400	3.740900	3.540400
88	0.000000	3.357700	3.149200	6.461100	5.757400	6.991500	1.773400	4.338500	2.823600	3.533500	2.966800	1.585900	4.230500	3.801100	4.908400	3.171700	3.721700	3.104700	2.958300	2.632300
89	5.657000	3.912700	0.000000	2.525800	1.298000	6.721500	3.033700	3.949000	5.364000	3.715000	0.015100	3.691600	4.828900	3.492800	5.817700	4.559600	4.494600	5.830500	2.976700	3.369500
90	0.575800	-0.071400	-0.063400	-0.168900	0.360000	-1.733200	1.646800	0.038200	0.547000	0.524800	0.870300	0.048900	0.988200	-0.820500	1.210100	0.530400	3.143500	1.297000	1.298500	0.000000
91	0.029400	-0.459400	-0.420900	-0.009700	-0.294800	-1.173300	-1.127100	-0.006200	0.000000	0.100400	-0.314700	-0.972000	-0.131100	-0.411200	0.209000	-0.129100	-0.149400	-0.177000	-0.203300	-0.230100
92	3.347400	1.701000	-0.441100	0.979100	0.759400	8.517800	1.132300	3.256500	3.159800	2.147400	-0.006900	0.821700	2.157900	1.017900	3.333900	2.524600	0.976300	0.343500	0.000000	1.741000
93	3.207500	2.579500	1.057300	2.255900	1.878200	5.094800	3.074900	2.335700	2.639200	1.693900	0.000000	2.851000	3.923900	2.528800	3.735800	2.225300	2.768900	1.012700	2.043700	3.894300
94	0.000000	3.396200	3.199400	4.873500	4.458800	7.923400	0.730100	4.503200	4.238500	3.986800	3.464700	0.965500	4.664200	3.261800	5.127900	2.735300	3.659200	3.335700	3.263400	1.393200
95	6.405600	5.119800	3.018100	3.073300	2.944800	9.140300	5.403400	5.129800	5.935700	4.394200	2.188300	4.495300	5.602400	4.510400	5.160300	4.267600	0.000000	2.571400	1.405400	4.048200
96	0.065400	0.216900	-0.000600	0.453600	0.370200	-0.646900	-0.042700	0.363000	0.139600	0.432000	0.151000	-0.105100	-0.249600	0.059300	0.000000	0.063500	0.338000	0.151900	0.114600	0.566600
97	0.344600	0.468100	-0.838800	1.989100	2.012200	-0.815700	0.000000	2.540500	0.837900	0.605500	-0.279500	0.042600	0.782300	-0.114900	1.250200	0.243000	-0.629200	-0.227700	-0.620100	0.547300
98	4.454300	2.613000	2.718300	1.245600	2.673200	0.000000	12.357600	3.619600	4.567200	2.897500	2.882100	8.543300	5.889100	4.572600	7.047600	3.979400	27.433800	17.016300	18.113100	35.633800
99	5.813800	4.020300	0.069800	0.824500	0.000000	8.665900	5.169500	3.354300	4.836400	3.378600	0.200200	2.088800	4.682500	3.800600	6.611300	4.539300	6.989300	6.015600	7.553900	7.136500
100	5.744600	4.009500	0.000000	2.552700	2.880000	10.209300	7.939900	3.430000	5.521200	3.390000	1.733600	4.133000	5.752100	3.212800	6.808600	3.637400	18.354400	11.943300	7.023800	9.904200
101	4.094700	2.523400	0.898100	2.345300	2.162800	6.175900	9.203100	0.000000	1.938100	2.050000	1.396600	6.809700	5.959200	3.289300	5.564500	2.145500	10.878900	9.357000	3.676000	5.266100
102	3.019200	3.362700	0.744700	2.599200	2.568700	2.700400	2.425600	3.064800	2.814300	3.033100	1.461100	2.319300	3.252700	3.046400	0.000000	2.277400	-0.168200	9.278800	2.589600	2.759500
103	0.974200	-0.252900	0.829000	2.622300	3.059700	-1.396900	6.819600	1.585800	0.000000	-0.723200	0.690300	5.142300	0.976300	0.407400	1.395900	-1.931200	15.670500	4.214100	2.789700	52.606020
104	0.000000	4.209900	11.358400	9.946000	12.854500	14.650300	19.615900	10.787000	6.327700	6.074000	9.419800	17.143200	14.415600	14.894300	13.594700	13.706800	48.621920	32.567700	34.421400	32.066200
105	0.000000	-0.798700	0.284000	-0.437500	-0.684400	1.451000	4.425200	-0.689200	-0.044500	0.130300	0.250300	4.885700	3.132400	0.565700	4.057600	2.466700	5.353500	8.152000	4.365400	5.250400
106	2.454500	2.011800	1.349300	2.128800	1.478000	1.010800	0.973000	2.334200	2.624300	2.736800	1.368900	1.355500	1.747500	1.598900	2.311800	2.545800	1.098500	0.000000	0.379500	2.369200
107	1.887600	0.714100	-0.259300	2.050500	1.168600	0.009700	0.854500	3.634400	2.098800	1.423300	-0.044700	0.453000	0.393100	0.000000	0.633900	1.195900	0.589900	-0.173300	-0.110400	0.950400
108	3.988200	2.051300	4.884100	0.000000	0.738700	5.950100	21.453000	1.982400	3.057500	1.727300	3.531200	8.744100	9.945200	9.820400	8.257500	3.642100	32.524500	21.194300	18.932400	19.367800
109	2.041300	1.757100	0.764300	2.414900	1.748600	4.340300	1.423900	1.634500	1.076500	1.695000	0.000000	1.269500	1.552500	1.414200	2.232000	1.442200	0.644200	0.305400	0.026200	1.234000
110	0.929100	0.824900	-0.561200	0.196600	-0.125800	3.510700	-1.520600	-0.010000	0.000000	0.631600	-0.333200	-0.970300	0.012300	-0.762300	0.411500	-0.511000	-1.232200	-0.941800	-1.069500	-0.287500
111	1.724400	1.581800	0.000000	1.586600	0.810300	4.643000	0.263700	2.222000	1.785200	1.675700	0.581000	0.280000	1.281900	0.780900	1.798800	0.941600	0.791100	0.621200	0.480900	-0.015300
112	1.184900	0.821400	9.301500	8.192400	9.741000	8.721900	14.727300	5.206500	0.000000	3.324800	10.399900	13.288100	13.860400	12.450400	9.735500	6.959300	46.044730	31.854800	21.691800	52.424270
113	0.097900	-0.561000	-1.590800	-0.604100	-0.881300	0.315400	-0.782300	-0.332100	0.000000	-0.588100	-1.315300	-1.165200	-1.231000	-1.215100	-0.760600	-0.708100	-0.735800	-1.542200	-1.521300	-0.460000
114	0.218500	-0.959000	0.000000	-0.495500	0.177700	0.911400	-1.431300	-0.561500	0.385800	0.110900	-1.514600	-0.032700	-1.042200	-1.421100	-1.055800	-1.346200	0.116800	0.166300	0.074500	-0.727200
115	1.098700	0.061900	-0.777400	-1.098300	-0.781300	-0.934500	0.088800	0.000000	0.937800	-0.166400	-0.711800	-0.680800	0.693600	0.112700	0.903300	0.733800	0.029700	-0.055100	-0.084000	0.569400
116	1.860600	0.743300	-0.120300	0.419200	-0.255400	5.982800	-0.006900	0.556500	0.678900	0.052400	-0.522500	0.000000	0.237900	0.042100	0.290200	0.400400	-0.734900	-0.203100	-0.535700	0.451800
117	1.334300	0.842100	-1.365100	0.112000	-0.909100	0.193600	0.447400	0.343400	1.212800	0.622400	-1.088900	-0.095800	0.749100	0.000000	1.084300	0.289000	0.111100	0.087900	-0.056600	0.926400
118	0.970900	0.622700	0.501700	1.999500	1.930800	5.602100	1.206100	1.106700	0.000000	0.097300	0.040500	1.033700	0.620400	0.987200	0.182100	0.254800	1.133500	1.225800	1.219400	1.496500
119	0.662700	0.053400	-0.476300	0.569600	-0.310100	-1.429800	0.536700	0.634300	0.394100	0.514500	-1.216800	0.141700	0.000000	-0.087600	-0.538100	-0.502500	-0.153000	-0.259500	-0.472300	0.800200
120	0.813900	-0.671500	0.162300	0.611600	0.264200	0.575100	0.251900	0.791100	0.741300	0.210400	-1.134700	0.065100	0.000000	-0.719900	-0.717300	0.515800	-0.592800	-0.764000	-0.965000	0.748100
121	0.000000	7.586300	11.894900	14.586000	15.983800	10.190300	11.101200	15.818100	9.675300	8.266100	8.887800	11.656600	12.173400	11.655500	10.673500	10.595700	15.959300	13.224600	13.127100	14.800700
122	4.117100	2.711300	1.031800	0.000000	-0.312000	5.826100	3.443100	2.016800	3.474300	2.325900	0.104300	3.212900	4.966600	3.027000	4.714700	3.566100	3.606200	4.006800	3.130300	4.252200
123	1.230300	0.107700	-1.576700	-1.173600	-1.625600	1.354600	-0.272200	0.000000	0.161500	-0.141800	-1.155700	-0.718400	-0.480500	-0.174400	1.198500	-0.539400	-1.458300	-0.112700	-0.837800	1.136700
124	4.253300	3.337100	4.320400	4.591500	6.085500	5.780900	7.819300	5.613900	3.529900	3.084200	1.046800	4.826100	5.818000	4.640800	5.419400	3.666000	3.168000	1.175200	0.000000	3.504700
125	1.155700	0.598600	-0.373100	1.662400	1.196200	2.832600	0.448900	1.959100	0.515300	0.583300	-0.087200	0.000000	0.637100	0.652100	1.368300	0.807400	0.401400	-0.045200	-0.064800	0.879700
126	0.219800	-0.725300	1.334400	1.276600	1.113300	4.878800	2.930900	0.911100	0.000000	0.207900	-0.120000	1.826100	2.528900	2.216900	1.227800	1.880400	20.546000	9.694300	8.231400	22.351200
127	0.628900	0.749200	-0.757700	2.568600	2.263700	-0.103800	0.017800	2.570600	1.811400	0.272000	-0.938100	0.522300	0.619500	0.151200	0.744900	-0.101500	1.396200	-1.367200	-1.305600	0.000000
128	1.716900	1.482900	0.000000	1.173200	0.640500	6.643700	1.246000	1.578500	1.675000	0.818400	1.134600	1.006600	1.464000	1.293800	1.243500	1.152200	2.532400	1.589300	1.087800	1.526500
129	-1.409500	-0.092400	0.142900	0.526200	0.447900	2.029500	-0.588300	-1.195800	-0.363000	-0.086800	-0.693900	-0.321000	-0.128000	-0.015100	0.000000	0.170100	0.123600	0.089900	-0.007000	-0.163500
130	0.000000	3.814300	3.871600	5.282900	5.101500	5.196100	3.759700	5.290700	3.940800	3.811600	3.746100	3.744700	3.849200	3.831800	3.698900	3.821700	3.809700	3.716100	3.434000	3.907100
131	-3.448100	0.130900	1.064900	4.232100	5.229700	0.187700	1.506600	6.590700	0.000000	0.404900	0.250000	1.094600	0.327300	0.951100	0.438100	1.339000	1.379800	1.199800	1.073600	0.178100
132	0.455700	0.353400	-0.914200	0.275100	0.055900	-0.697800	0.000000	0.224000	0.417600	0.153900	-0.951500	0.055200	0.247700	-0.359800	-0.209900	-0.523800	-0.346200	0.027200	-0.324100	0.181100
133	-1.443700	-0.541000	-0.414200	1.349800	1.029700	-0.967900	-0.294800	1.439200	-0.241800	-0.172200	-0.433500	-0.627300	-0.347000	-0.248800	-0.363900	-0.104700	-0.546100	-0.546700	-0.726200	0.000000
134	1.694100	1.072800	0.151900	0.628000	-0.254600	2.146000	0.066700	0.940400	1.311300	0.981000	0.000000	0.186700	0.438900	0.662500	0.182200	0.926900	-0.651900	0.232300	-0.094400	1.130300
135	5.402000	3.754300	0.000000	5.465100	2.625900	12.653500	10.529000	4.444200	4.178200	2.682700	-0.108300	3.015800	3.792800	3.248300	4.035600	3.576400	19.235100	7.750800	4.673600	32.402600
136	0.689800	0.872800	-0.525800	1.258600	0.899400	1.168300	1.065900	-0.219300	0.000000	0.746700	-0.285000	0.259500	0.925000	0.540100	-1.357100	0.368200	0.808700	6.098600	5.549100	3.099500
137	4.202500	2.515300	12.417700	4.214500	5.238300	0.000000	8.026000	2.932900	2.740400	3.881900	8.700400	15.616600	9.406300	11.266100	6.802200	7.922200	7.456900	7.255400	9.824200	58.608960
138	3.193300	2.590200	1.891000	2.627500	2.299300	1.606500	2.316600	2.782800	3.091900	3.011500	1.688500	2.206600	0.000000	1.707900	1.174600	2.502600	2.786500	2.380800	2.234000	3.293300
139	2.679500	1.629900	1.073000	1.486100	0.787300	0.716100	0.000000	1.484000	1.982300	2.234900	0.875700	1.540500	1.556800	1.253800	1.304000	1.870500	1.896500	1.377400	1.225800	1.503700
140	1.151900	-0.520400	6.838900	0.524000	4.518100	4.722500	14.110300	1.120700	0.000000	2.053300	3.261400	9.218200	8.354800	8.457200	6.774300	4.363300	32.502600	17.199200	15.160400	40.066300
141	4.286400	2.800600	0.697500	0.831300	0.000000	5.285400	6.540600	2.033000	3.335300	2.644100	0.325000	1.405600	3.914900	2.859400	3.620100	1.895800	12.783000	8.786600	8.031000	8.913800
142	1.735400	0.564100	-0.465300	0.510500	0.477900	4.373500	0.822400	0.967400	1.238700	1.346700	-0.222400	0.683700	0.000000	0.187700	1.172300	0.747900	0.704700	0.410100	0.378700	1.226500
143	4.770600	2.925800	0.741600	1.177100	0.000000	7.833400	4.650700	3.330900	3.897800	3.433900	0.581700	4.064200	3.401300	3.013800	4.463900	4.480100	4.122200	2.829400	4.263100	8.119300
144	4.658700	2.763800	2.255500	4.079700	4.348100	5.734500	7.502900	3.386800	3.848600	3.103400	1.512700	3.045300	2.689100	0.000000	4.261500	3.307200	18.379500	23.206000	11.883700	8.850700
145	0.658600	-0.676000	-2.060500	0.858900	0.270100	3.583400	-0.950500	0.661900	0.244200	-0.017100	-1.994100	-1.140000	0.184700	-0.512800	1.014400	0.240700	-1.558400	-1.761900	-1.790100	0.000000
146	3.549300	2.054000	0.000000	3.409300	2.269800	5.832000	1.554300	3.369900	3.390400	2.553200	0.086100	1.259900	2.391400	1.656100	3.713800	2.026500	1.792000	0.653600	0.291700	1.660500
147	6.031400	4.124100	0.000000	3.308500	2.082000	7.285100	7.923000	3.339600	4.990100	3.972200	0.280200	3.032800	5.523700	3.387900	6.397000	3.849200	13.484200	5.598400	1.551800	3.545500
148	0.000000	4.188700	3.554600	5.176700	4.829100	11.094600	2.133800	5.312800	4.529200	3.964400	3.566700	0.700900	4.960800	3.360900	5.957900	2.994300	3.650300	4.025800	3.888300	1.058400
149	1.082400	-0.604800	6.677400	2.468400	3.795200	1.702100	15.064500	2.063400	0.000000	1.119300	3.365300	8.872500	10.166200	7.350200	9.015500	5.431800	21.360700	16.572000	14.846900	13.961600
150	1.861900	0.912300	-0.322100	2.215200	0.887300	-0.521700	0.961300	0.569700	0.267300	0.969100	-0.909400	0.272000	1.953200	0.664200	0.000000	0.743400	5.457400	7.403700	8.024900	10.115400
151	6.044600	4.380600	0.386200	1.176700	0.000000	5.815000	7.119900	3.638300	5.437300	2.812100	0.148700	4.712400	5.204400	3.212900	5.922400	4.565100	11.441000	12.076700	8.008100	8.931000
152	3.932500	2.342400	0.516100	0.000000	0.652900	3.838000	7.740700	1.683900	3.629500	1.912900	0.690900	3.268700	3.918900	5.211500	4.755600	3.997700	18.758700	8.819100	7.359500	3.412400
153	4.706200	3.550500	-0.195700	0.922800	-0.008800	5.247200	2.573900	1.675600	3.332300	2.512900	0.000000	4.691300	5.187000	1.840800	5.550300	2.770600	11.374500	7.907500	3.574600	4.749200
154	1.609400	0.000000	2.329900	-1.185300	-1.516700	2.905500	4.911600	0.223300	0.527900	0.310300	-0.103200	1.034300	1.515700	1.381200	4.086600	3.225700	24.507200	14.259200	12.037500	36.054600
155	5.177400	3.752700	2.549200	4.095000	5.038300	3.642600	3.049200	4.012700	4.640200	3.767800	1.157900	3.519200	4.269900	3.863400	4.553200	3.901400	6.048200	2.228400	0.000000	2.709100
156	0.897900	1.673400	-0.006900	-0.700500	0.324900	0.074200	10.595000	0.695300	0.858500	-0.235500	-0.102100	2.248600	1.855400	0.522300	0.000000	2.011900	8.966600	3.662800	2.288700	1.169400
157	2.137300	0.248200	-1.309600	-0.544700	1.867400	4.742400	0.887700	0.037200	1.039600	0.118800	-1.307800	0.730500	0.000000	-0.357300	0.698700	0.632900	0.375700	0.126600	-0.354600	0.985800
158	0.716500	-0.043300	-1.615100	-0.696500	-1.402700	-2.094800	-0.805000	0.441600	0.792200	0.000000	-1.635300	-0.755700	0.206500	-0.538800	0.629200	-0.191900	-1.446900	-0.799800	-1.143400	0.291400
159	1.248500	0.406000	-1.328300	-1.122000	-1.797400	-0.737200	9.046200	0.000000	0.853000	-0.056200	0.960200	2.280800	2.007000	1.083100	2.145900	0.314600	11.981400	10.569700	6.976700	11.737800
160	1.190000	1.117900	0.949200	1.680900	1.652800	0.000000	0.669100	1.610000	1.285700	1.097400	1.170700	1.297100	0.931300	0.972200	0.611500	1.140600	1.102300	1.122100	1.014000	1.795100
161	3.826000	3.038800	0.729500	2.245900	1.751600	5.799600	2.455500	3.654600	3.969500	2.693000	0.540100	2.456900	3.562300	2.176500	4.809800	2.722600	-0.076600	0.000000	-0.285300	2.676300
162	1.137600	1.838000	1.191200	2.018800	2.100600	0.000000	0.990000	1.949800	1.821200	1.794500	1.191000	0.925800	1.082200	1.428400	1.150600	1.677500	1.548600	1.057600	0.761200	1.811400
163	1.410100	0.000000	3.101100	2.262300	3.320600	0.617500	6.179700	1.110700	0.516200	1.862400	0.897000	9.374800	5.879300	5.704000	5.820500	4.286000	18.998400	3.981900	10.000200	36.858100
164	-0.473800	-0.274500	-0.559200	0.158600	-0.076500	-2.149300	0.021200	0.000000	-0.830200	-0.167900	-0.414400	-0.085400	-3.154100	-0.403500	-4.109500	-0.776800	-0.021600	-0.220200	-0.878600	-0.586400
165	1.590400	0.832200	-0.573900	0.249100	-0.308200	0.000000	0.842300	0.695600	1.479200	1.020800	-0.768600	0.256600	-0.560000	0.289400	-0.080000	0.789300	-0.287400	-0.331200	-0.480800	-1.196900
166	0.214300	-0.375700	-1.067600	-0.713900	-0.981500	-2.545600	0.009800	0.039900	0.000000	-0.295800	-1.002800	-0.823900	-3.051500	-1.092600	-1.003500	-0.338400	-0.316000	-0.771000	-0.984300	-0.327300
167	0.229000	0.102300	-0.836400	0.187700	-0.137600	-0.097800	0.000000	0.256400	0.970900	0.829300	-0.711100	-0.174700	-0.269500	-0.208200	-0.709900	0.753900	-0.124000	-0.356200	-0.732100	0.663300
168	2.048600	0.000000	8.938800	2.868600	5.927800	5.572300	17.574300	1.756600	1.417500	3.284100	8.633100	14.713200	10.126600	9.812800	5.237500	6.224800	37.573400	23.401500	21.660300	42.417090
169	1.331200	0.000000	-0.791800	0.826000	0.025300	8.281000	0.460200	0.392400	1.201600	0.756200	-0.669100	0.012300	0.281100	0.473400	1.676100	1.286100	0.401500	-0.485500	0.558200	0.786800
170	0.671500	0.098700	-0.034000	0.478000	0.059700	2.842100	0.161500	0.127200	0.000000	0.398000	-0.183700	0.198900	0.017000	0.016600	0.269900	0.026000	0.417200	0.209800	0.109900	0.358600
171	1.294200	0.108000	-1.108700	-0.302100	-1.017300	3.219600	-0.608300	0.081700	0.000000	0.616100	-0.612700	0.666100	1.759300	-0.383600	2.903400	1.110400	0.016200	-0.285900	-0.868400	-0.260900
172	4.642600	2.718400	1.686400	2.997500	5.234100	7.272700	3.638100	2.177500	3.481100	2.874500	0.000000	2.667100	4.702500	2.897000	3.684200	3.131700	10.213600	7.424600	7.074200	8.459800
173	1.189100	0.289800	-0.822700	0.503800	-0.531000	3.850700	-0.149300	0.605600	-0.301900	0.839000	-0.984600	-0.247500	0.000000	0.209300	0.661000	-0.032700	-0.502800	-0.646600	-0.834400	-0.141800
174	1.238900	0.006800	-1.204400	-0.400500	-0.924900	3.151400	0.000000	0.162100	0.625300	0.386300	-1.656600	-0.082400	0.975700	0.241300	2.016900	-0.279100	0.662200	-0.265400	-0.681800	-0.178300
175	1.883800	0.345600	2.205200	2.084900	4.373500	3.829500	23.094500	-0.329300	0.000000	1.711000	1.436700	5.522500	4.300500	3.868000	8.058200	3.277800	13.369900	7.639800	6.480000	15.709900
176	4.224300	2.931000	1.173600	2.197200	1.035300	7.151800	2.715700	1.810900	3.162100	2.961500	0.000000	2.410200	3.240100	2.665500	4.538600	3.624200	4.191600	2.843900	3.646500	3.693100
177	0.556100	-0.296500	-0.786100	-0.043900	-0.669500	1.350900	0.000000	-0.146300	-0.066300	0.462800	-0.831400	-0.460200	-0.292400	-0.771800	0.215400	0.036100	-0.688900	-0.758600	-0.879400	-0.102000
178	4.947800	3.483500	1.810500	5.178200	4.745500	6.713800	4.249700	5.396600	5.023400	4.187800	1.658700	4.310200	4.969700	3.951200	4.495600	4.874600	0.000000	7.383400	4.265700	3.101300
179	1.967400	0.000000	-1.183300	0.663600	0.907000	3.780200	4.719600	2.256000	1.493800	0.628200	-0.141700	1.100900	0.913300	0.522100	3.117400	1.550100	9.347000	5.233000	2.040700	3.335400
180	2.070400	1.024500	0.002300	0.632200	-0.063200	4.025400	0.304200	0.547500	1.117700	1.378600	-0.349600	0.000000	0.912700	0.665600	1.786400	1.507900	0.484800	0.735900	-0.038900	1.525700
181	2.774400	1.678300	1.246600	1.437300	0.734700	3.514400	0.000000	2.185400	2.098900	2.233500	0.850700	1.183800	1.671900	2.146300	2.444600	2.341400	0.870900	1.058300	0.850900	1.739100
182	1.004300	-0.552700	6.669400	2.155100	7.310700	5.029400	17.946100	1.355000	0.000000	0.952800	7.178500	11.233700	10.915800	9.332500	4.706900	1.754400	37.691400	26.318900	22.817600	21.714200
183	4.123900	2.647500	1.876000	3.696800	3.325100	9.119300	0.000000	3.581800	3.437600	3.364900	1.497300	0.539900	4.260200	2.461800	4.902600	2.919300	2.091600	2.134900	1.734900	3.048300
184	0.183700	-0.578600	-1.242500	-0.374800	-0.948600	2.819800	-0.669900	-0.570300	-0.669800	0.093100	-1.295300	-0.823200	-0.589600	-0.761200	0.000000	-0.620500	-0.861000	-0.344200	-0.380100	0.135100
185	1.440900	0.000000	1.221600	0.011000	0.304100	2.576900	-0.426300	-0.610900	0.641700	0.312000	-1.456300	0.109700	0.460300	-0.380600	2.806500	0.814700	6.399700	7.114000	6.370200	6.214200
186	5.480100	3.653100	2.007700	2.474100	3.455200	9.125900	4.426700	2.874900	5.076900	4.132700	0.890100	3.497900	6.357300	4.769100	6.824600	3.736400	2.198900	2.360200	0.000000	2.443000
187	0.742800	-0.153000	-0.632900	0.895000	0.630000	4.706400	-0.144900	0.801400	-0.024500	0.211000	-0.521900	-0.308200	-0.099600	-0.241100	0.000000	-0.407300	0.290100	-0.425400	0.102100	1.244700
188	0.580700	0.362800	0.255100	1.010900	0.874500	2.268700	-0.461000	0.470000	0.000000	0.943200	0.261400	-0.024200	0.577000	0.299100	1.216200	0.385100	-0.045200	0.012700	0.015700	0.011800
189	0.865300	0.685300	-0.529500	-0.155500	-1.082800	4.454000	0.000000	-0.048800	0.659000	1.192900	-0.937200	-0.415400	1.895700	0.347300	-1.611300	-0.610900	-0.561600	-0.667700	-1.024600	-0.713600
190	1.113500	0.599000	0.640100	1.519200	1.363100	0.306900	0.297200	1.444700	1.367500	1.499200	0.536500	0.000000	0.641600	0.587000	1.330200	1.058700	0.964200	1.094400	0.981400	1.361700
191	1.844300	1.449600	1.441700	1.562900	1.601000	-0.160300	1.192500	1.603100	1.667500	1.819600	1.537300	1.508900	0.000000	1.068600	0.424700	1.336200	1.355200	1.762300	1.740100	1.613400
192	1.178200	0.087600	-2.770400	0.284400	0.494400	-0.379400	-1.793900	0.108900	1.356700	0.438000	-2.712500	-0.321400	0.970300	0.000000	0.977900	1.155100	7.662500	1.913800	0.300000	1.832700
193	1.348000	0.000000	-0.386100	0.430200	0.730700	7.249200	0.106000	1.562100	0.907300	0.991100	-0.087700	-0.868100	1.549600	1.075100	2.422500	1.378200	0.890800	0.081300	-0.129100	1.832100
194	0.805800	0.385900	-0.351500	1.296900	0.983000	5.658200	0.131500	0.868400	0.049000	0.191700	-0.114700	-0.048700	0.000000	0.203600	0.631600	0.179600	-0.181100	-0.170400	-0.313200	0.387500
195	1.421000	1.425300	0.894900	1.816100	1.401400	4.872800	0.411900	1.550300	0.926100	1.468000	1.566900	0.686300	1.747900	0.667100	2.427400	0.000000	1.980500	1.203100	1.001900	1.358400
196	-0.265600	0.000000	0.412800	3.194800	3.481100	1.671500	-1.514800	1.436000	0.156500	-0.232900	-0.343500	0.749200	4.128000	1.772000	3.352600	1.102000	3.019900	0.219200	-0.288000	0.654000
197	1.404400	0.000000	3.873600	3.377100	5.522400	2.142300	9.322700	2.389500	1.400000	1.247200	5.151700	9.363200	8.337400	11.912100	5.894200	4.332600	18.035000	23.255400	20.761000	47.174800
198	4.814900	3.408500	0.000000	1.022100	0.357800	4.570100	11.041900	3.343200	4.637600	2.852100	0.491200	5.628000	4.072400	4.076300	4.743100	4.054800	15.292700	9.580400	3.110100	3.066300
199	6.224000	4.823300	1.278400	2.285600	1.609500	7.183000	4.782400	4.498600	5.452000	4.273000	1.175500	4.522100	6.019100	4.945500	7.012400	5.269000	2.906100	0.966000	0.000000	4.193900
200	0.000000	3.914500	19.830500	10.920400	15.965100	14.757400	22.047000	11.636300	7.054400	6.718700	12.487800	19.717200	13.726400	14.178700	12.525000	16.247400	54.194780	34.368300	28.505900	66.075300
201	4.835700	3.771700	1.236300	1.041600	0.000000	2.529400	3.071600	3.224500	3.993000	3.041300	1.820300	1.641400	6.215100	2.282900	6.347600	3.447900	10.209500	20.445000	14.156400	5.825000
202	2.937400	1.194800	-0.227500	1.351400	0.547200	4.336500	8.101600	1.876200	2.019500	1.072900	-0.847500	2.164800	-0.497900	0.000000	3.395000	1.784600	28.999300	19.175900	17.749400	30.628000
203	-0.057400	0.723800	-1.183000	-0.909800	-0.774200	0.789800	3.785400	0.566200	0.062400	0.014200	-1.415200	-0.986000	-1.940400	0.000000	-0.208900	-0.671500	12.817600	6.578500	2.829700	6.528700
204	0.000000	8.201500	31.042200	26.443300	33.733700	16.426400	42.132250	24.442300	14.557300	16.834300	26.591600	37.438700	34.495400	33.879200	29.067500	26.531700	64.813900	66.351800	56.490020	79.480100
205	-1.173700	0.559200	-0.860400	1.185600	0.493500	0.291900	5.185100	2.160600	0.000000	-0.587200	-2.663700	1.870500	2.829700	1.979600	-0.257600	-0.402000	8.114800	3.815800	1.962900	13.012100
206	1.549700	0.785900	-0.997600	0.000000	-0.464600	1.621100	-0.093400	1.440900	1.419700	0.897700	-0.019100	-0.169700	0.658000	0.708700	0.210000	0.323600	1.224400	0.944800	2.655400	2.608800
207	3.433500	3.160200	0.722000	2.883600	1.328800	3.013700	3.245400	3.024300	2.326300	3.189900	0.524300	2.406600	2.669800	2.924200	1.483200	1.596400	0.975700	-0.056000	0.000000	2.774800
208	2.472000	1.303200	0.833300	2.146400	1.714200	-0.763000	1.520500	2.641100	2.230500	2.046100	0.635300	1.196400	0.000000	0.757600	0.753200	1.864700	1.131600	1.308700	1.378100	2.117400
209	0.506300	-0.090300	-0.738700	-0.094600	-0.515800	-0.486600	0.184000	0.073800	0.331000	0.257400	-0.997100	-0.317200	-1.503300	-0.506700	-1.582100	0.000000	-0.892000	-1.569600	-1.221100	0.282400
210	3.961200	2.470000	0.000000	1.619800	1.683000	1.751600	3.077700	3.714100	4.057400	2.977600	0.187700	2.526600	2.102000	2.887400	3.287500	3.028000	1.084100	1.126200	0.477900	1.928900
211	2.948200	1.372700	1.273600	2.100500	2.298600	5.151700	0.000000	2.313600	2.614900	2.094300	0.436800	2.254100	4.567500	4.699200	3.606100	1.709500	7.136400	4.066800	4.337600	5.402500
212	1.108100	0.088000	-0.706300	1.396900	0.721800	7.962700	0.134200	0.013700	0.740200	0.949400	-0.714200	-0.338100	-0.243000	0.000000	0.862700	0.923500	0.081100	-0.160900	-0.339100	0.283800
213	1.696300	0.652500	-0.172900	0.533300	-0.361700	3.241800	0.179000	1.279300	1.331600	1.182100	-0.521500	0.067100	0.411800	0.000000	1.045200	0.447400	-0.559700	-0.019100	-0.102600	0.846900
214	0.919500	-0.668200	4.966200	3.076200	5.945300	6.479500	6.577200	2.360200	0.000000	1.947800	0.438500	3.847500	4.827600	2.282100	6.935800	5.473500	25.883600	10.331500	8.296400	23.839400
215	1.655300	0.000000	6.518200	3.386600	4.755000	7.636000	4.727500	3.344500	0.851900	2.808000	3.617800	4.913300	8.570600	4.183500	6.228800	4.711800	15.017100	10.238600	9.474600	17.621700
216	0.213400	-0.816700	-1.069100	-0.639800	-1.153100	3.589300	-0.728200	-0.110800	-0.052900	-0.070600	-1.215000	-0.962800	-0.657600	-1.046800	0.000000	-0.303900	-0.745400	-1.014800	-0.781300	-0.130900
217	1.757500	0.000000	-1.364400	-0.996700	-1.711000	4.332200	-0.153200	0.363800	1.396200	0.500900	-1.403500	-0.620400	0.399900	-0.463100	1.350600	0.805300	-1.179300	-0.928700	-1.272500	0.379200
218	4.447700	2.850700	0.000000	3.305700	3.124300	7.840500	6.691400	4.097500	4.359300	3.286900	1.007800	5.116500	4.023900	4.044000	4.849800	2.968300	16.261900	16.117800	10.028400	6.771000
219	0.840100	0.000000	-1.250900	-0.155900	-0.892100	4.094600	-0.803000	-0.044000	0.043100	0.235200	-1.082500	-0.675800	0.208100	-0.463800	0.775100	0.452700	-0.354900	-0.366400	-0.402300	0.214900
220	0.725200	-0.230300	-0.488300	0.121100	-0.335400	2.896700	-1.194100	0.416100	-0.203900	0.364000	-1.081400	-0.526400	0.000000	-0.459500	0.604700	-0.186900	-0.554300	-0.509300	-0.438600	-0.262000
221	4.028400	2.307000	1.018400	0.855200	0.000000	5.216800	1.051200	2.494900	3.896200	2.861600	-0.311200	1.507600	4.092300	2.740800	4.437700	3.089500	1.630900	0.264600	-0.188800	2.798100
222	0.000000	2.771700	2.855500	3.672500	3.222100	7.712800	-0.579700	3.684300	2.491100	2.772500	2.534200	-0.048200	3.628300	2.455900	4.123400	2.558800	2.593400	2.896000	2.868100	1.575500
223	6.390300	5.007700	1.834200	6.132800	8.339500	7.834900	5.952500	5.300900	5.057000	4.591800	1.258600	4.268000	6.341500	5.696100	6.418100	5.415200	2.313100	0.986900	0.000000	3.537200
224	3.574000	2.279600	2.075600	6.296900	6.467100	4.241200	3.948900	4.198500	3.768500	2.666000	2.036600	3.285800	0.790300	2.504100	0.000000	2.277600	3.402400	2.482500	2.462800	2.352400
225	0.000000	5.209200	12.950200	15.251400	18.438500	18.165600	17.762600	9.903700	8.319400	9.879300	13.481000	17.628500	16.892300	16.025400	16.986800	15.993600	48.881960	50.275260	37.061300	35.316300
226	6.277000	4.354700	0.590100	1.078500	1.596100	4.975300	3.744900	3.629900	5.072000	3.453100	0.428600	3.377700	4.734300	3.562400	5.262900	4.431900	3.397000	0.000000	-0.344000	3.097800
227	1.948800	0.000000	8.195000	1.790500	4.856800	3.067000	9.728700	3.716400	1.010900	2.804600	11.588000	6.511400	13.574300	13.628600	7.977300	8.010200	22.674200	13.730900	29.286900	24.950000
228	4.690100	3.311900	-0.641700	0.000000	-0.867700	4.833000	11.620700	2.540200	3.926800	2.303000	1.944600	6.386600	3.938900	2.389400	1.459800	2.102500	13.488800	8.395700	6.372400	6.915300
229	0.000000	1.512000	4.745600	7.059900	7.027000	7.930700	5.973400	8.697100	2.830100	4.742700	5.036000	5.938600	7.228500	8.479200	6.083300	5.714500	9.167700	13.982500	7.344900	9.006700
230	0.000000	4.244500	6.023000	5.700900	6.568300	8.551600	10.245600	6.076500	5.071400	4.839000	5.035800	9.374900	4.187400	8.007300	2.383900	6.586100	21.078900	25.863200	18.586300	12.032800
231	4.189600	3.356700	0.000000	2.657600	3.272000	4.393700	2.238900	3.805300	3.078300	3.123500	0.417800	2.413100	5.141600	2.969700	4.713600	4.105200	15.972800	10.738000	6.218300	37.953900
232	-0.885300	0.000000	-0.622000	1.247200	1.998300	5.634700	-0.078800	1.129200	0.476900	-0.297600	-0.350700	-0.599000	0.768400	-0.804700	1.469000	-0.105900	1.573700	-1.403500	-0.434400	-0.116400
233	0.872900	0.631800	0.068800	0.000000	-0.522600	5.309000	-0.750000	1.033000	1.089500	0.303300	0.015600	0.068900	1.186500	0.241600	0.926700	0.571000	-0.317200	0.379500	0.069300	0.303900
234	0.000000	3.139700	2.985200	4.417700	4.312400	5.589100	2.242400	4.559000	3.479300	3.317900	2.428300	2.397400	3.334600	2.854400	3.455500	3.280200	3.023400	3.136900	3.104000	3.338200
235	2.739300	1.277900	-1.531300	2.144600	1.907200	1.771800	4.885500	3.214900	2.132000	1.027600	-1.435100	1.799100	0.000000	0.075200	2.719600	2.137200	7.310800	6.427600	6.239500	4.014000
236	0.000000	3.271300	4.484800	4.770900	4.925000	7.393100	2.762300	3.819900	3.585400	4.201800	4.690000	4.271500	2.601900	4.154100	0.148300	2.005600	4.491900	3.769000	3.683700	2.810200
237	2.460300	1.892200	1.044300	1.935200	1.565500	0.681700	1.669900	1.261000	1.525200	1.759000	1.313300	1.585900	1.659400	0.000000	1.522200	1.655300	2.306400	1.602200	1.413900	2.895800
238	1.213300	0.787200	0.636500	0.975700	0.800500	-0.053300	0.701800	0.689200	0.998800	1.195400	0.234900	0.647100	-0.678400	0.424100	0.000000	1.240500	0.326700	0.495000	0.425500	1.166200
239	2.187200	0.936500	-0.378700	0.020800	-0.250600	0.803400	0.422400	0.689700	2.161700	1.161400	-1.093400	-0.294900	0.000000	-0.681600	0.787700	0.916900	-0.752100	0.595200	-0.303200	0.995800
240	4.910800	3.410100	-0.155700	2.985400	2.629600	10.441500	1.562300	2.660800	3.617400	3.510700	0.000000	2.370100	5.571300	2.691300	6.376200	3.564800	10.024000	11.818600	9.265400	6.106400
241	3.386200	2.180600	0.457200	2.844400	2.358400	5.669200	2.851500	2.499900	2.470300	2.592600	-0.139400	1.720800	2.432200	2.750200	3.195200	2.411900	1.394600	1.413100	0.000000	2.672500
242	1.153600	0.096100	0.036600	0.554700	0.057900	3.147000	0.000000	0.845500	0.341500	0.858100	-0.550600	0.191800	0.376800	-0.517400	0.814900	0.280200	0.034100	0.268400	0.196600	0.386900
243	3.873500	2.146400	1.161500	0.000000	0.256700	5.264100	6.793800	1.695500	2.746800	2.035900	1.827100	5.914700	2.971700	4.498300	0.714000	3.245900	10.585000	10.072400	7.239600	12.525000
244	5.932100	3.850900	0.000000	3.080100	1.978200	7.222200	9.838000	4.667000	5.224100	3.645000	0.605900	5.581000	5.250100	4.153900	6.141800	3.731900	12.734800	11.581700	5.983600	4.853200
245	1.254200	0.382500	-0.019600	1.027100	0.517300	6.130600	0.562100	1.699700	0.821300	0.793000	0.232900	0.501500	0.088500	0.333300	0.000000	0.394200	0.565000	-0.221200	0.154300	0.701700
246	2.789700	2.330200	0.821600	2.044700	1.623900	2.506200	2.034600	2.440400	2.226400	1.981700	0.878600	2.013100	1.961900	1.997300	2.203400	2.586000	2.108600	1.958200	0.000000	2.544500
247	0.082800	-1.678600	2.834900	1.887500	4.480500	11.143900	14.277900	2.056300	0.000000	0.317400	1.057300	10.272900	4.439300	4.631200	3.823800	2.989000	33.264700	21.849800	17.078000	50.891767
248	2.710500	1.843000	1.149500	0.000000	0.643100	3.589000	3.716100	1.748600	2.662900	1.472100	0.173600	3.253400	2.724000	2.791700	2.411300	2.831600	4.617100	4.817700	4.146600	3.469800
249	2.000800	1.821400	1.815400	2.273900	1.717100	0.000000	1.948700	2.347000	2.082400	2.022800	1.602400	1.758400	1.649200	1.706500	2.087500	2.314900	2.389700	2.501000	2.327900	2.610700
250	2.652700	1.528400	0.070400	2.356600	1.761700	3.719800	0.557500	1.749000	1.065500	1.575100	0.000000	1.064700	2.341500	2.095600	3.178500	2.786500	2.229500	0.356800	-0.070800	2.258600
251	4.481900	3.396400	0.000000	3.029200	2.795700	3.157800	5.430300	2.799500	3.366800	3.088900	0.135300	3.571800	3.980000	2.473600	4.193500	3.645500	13.659200	6.374300	0.912900	3.040600
252	3.720800	2.536300	1.556500	2.105300	1.520500	0.000000	1.335300	2.714900	3.035700	2.618000	1.619100	1.691400	2.200600	2.371800	1.930900	2.594900	1.833900	1.870300	1.798900	2.390900
253	1.131900	0.699900	0.671300	1.067000	0.652900	-0.223200	1.097000	1.221500	1.147800	1.315400	0.252800	0.578900	-0.235000	0.417400	0.000000	1.142000	-0.011000	0.860100	0.965500	1.314900
254	0.363500	0.404100	0.004700	1.054200	0.509100	-0.345700	0.002000	1.296400	0.586000	0.454400	0.128000	0.144400	-0.163000	0.262400	0.000000	0.150400	-0.082800	-0.184300	-0.151000	0.687400
255	2.499600	1.380200	0.214400	0.914400	2.815500	3.250200	-0.542600	1.038800	1.433700	1.495800	0.527600	0.000000	2.155700	0.753900	2.713300	1.272000	1.079900	0.844100	0.658600	0.794400
256	4.809800	2.955500	1.482800	1.265800	2.464400	0.000000	7.807800	2.029100	3.157000	3.218300	3.417800	7.805200	4.463200	5.509100	5.183600	5.044100	17.469900	27.710300	16.106500	13.209200
257	3.401500	1.832300	-0.617200	-0.928400	-1.828600	5.361900	-0.569800	1.000700	2.469400	1.208000	-0.534700	0.693900	3.142700	0.336000	3.372000	0.654300	0.362200	6.210500	1.120000	0.000000
258	6.642900	5.195300	1.101900	2.104600	3.045100	7.868200	3.494900	4.470500	6.059400	4.383900	1.295000	2.752100	6.491900	4.987200	6.980800	5.226200	6.083800	0.000000	0.775700	3.009800
259	5.627900	4.184200	0.000000	4.501100	4.169800	10.859000	4.361600	4.521300	5.427700	3.098600	0.456900	3.746300	5.622800	3.307500	5.324400	3.913600	14.547400	12.521700	6.255200	4.725700
260	3.584900	2.739200	0.254600	1.856800	1.027000	1.464400	1.342600	2.948700	3.556100	2.656900	0.000000	1.453800	3.781600	2.359300	5.012300	3.559700	1.571900	0.595300	0.256200	2.355700
261	0.000000	2.224800	1.497000	3.387500	3.605000	7.710200	0.269600	3.289700	2.112400	2.251700	0.764900	1.056900	2.198100	1.602300	2.434900	1.757300	0.575100	-0.543600	-0.146300	2.014400
262	3.417400	2.180600	1.128300	0.000000	1.187900	5.442600	2.313300	1.848100	3.225100	1.860400	3.708600	4.053400	6.186700	3.708200	5.659600	3.212700	8.540300	10.031700	8.197400	4.808000
263	0.000000	2.553700	13.771000	7.313800	10.277200	5.480400	11.157100	7.340700	5.220800	6.150800	8.490300	11.982000	12.143900	13.541800	9.408900	7.930000	19.190900	14.907500	15.416000	36.694600
264	-1.200600	-0.571500	-0.962900	0.241700	0.698000	-2.681700	-0.916600	-0.202800	-1.106200	0.396500	-1.068400	0.000000	0.052300	-0.009800	-0.213300	-1.776200	-1.723500	-1.167300	-1.129200	-1.175200
265	5.418100	3.590200	2.155900	3.802800	3.218800	0.000000	9.441300	3.862200	4.268700	3.841000	3.805600	8.462500	2.478400	2.218200	2.906300	4.040300	18.282200	11.182900	9.596600	9.578700
266	0.482400	-0.727200	-0.671100	-0.679000	-1.081000	-1.634400	0.634200	0.604200	0.237600	-0.198900	-0.801500	-0.403900	-1.636600	-0.787600	0.000000	0.075000	1.448200	-0.635300	-0.555300	0.147900
267	1.299600	-0.317400	-2.140500	0.474400	-0.535700	0.211200	-0.350800	0.807800	1.226000	0.148900	-2.277800	-1.199500	-0.687900	-0.825600	0.000000	-0.448000	-0.802900	-1.834600	-3.108100	0.478600
268	4.467500	2.509200	0.093300	0.998400	0.000000	5.518600	6.177800	2.161200	3.280900	2.129300	0.418700	3.757300	3.887000	3.158500	4.606300	3.586900	16.217000	11.226200	8.752100	5.477300
269	3.316500	1.867700	-1.604400	0.000000	-0.375000	3.974000	2.562200	0.870500	2.422000	2.024900	0.475300	2.982000	2.643800	1.788700	2.321000	1.573600	12.369100	9.774900	8.028200	3.519300
270	0.000000	2.374500	1.344500	6.234200	5.007100	3.375500	0.725700	5.035800	5.784000	5.439400	3.983700	5.690600	5.194600	4.955600	1.339700	0.737400	5.107800	5.883500	5.415100	6.420000
271	1.649500	0.000000	3.253100	4.175400	5.418300	7.032600	17.303800	3.922400	1.084200	1.967300	3.571000	5.575600	8.025400	6.303200	6.462000	3.381000	26.233600	10.363100	7.302700	5.529600
272	3.680500	1.695400	1.767100	0.000000	-0.279300	5.937000	7.307900	1.775700	2.879100	1.884400	2.326400	3.483900	5.442400	3.013600	5.276700	3.717400	21.449000	23.981100	10.405200	16.868400
273	1.060600	0.044300	-0.389900	1.130300	0.559400	4.960600	-0.257100	1.231000	0.834700	0.710000	-1.122000	-0.264100	0.000000	0.150600	1.006300	0.758000	-0.505800	-0.740300	-0.600200	0.955300
274	2.839300	2.708700	0.157100	2.291000	1.363700	5.293700	0.000000	2.243500	2.813800	2.286000	0.259700	0.173800	4.381900	1.703700	4.638800	0.888700	1.408400	0.346900	-0.169700	0.488600
275	0.000000	4.716700	4.800700	9.036000	9.238900	10.661000	5.790500	11.087300	5.903400	5.093200	3.471200	5.331100	6.188300	5.585800	6.446200	6.580300	8.637700	12.245900	10.114300	19.152600
276	4.949500	3.160600	-0.445800	0.891800	0.000000	2.218200	11.229800	2.521500	3.857500	2.821600	-0.161200	6.298500	4.861500	4.078400	5.349400	2.565900	13.927200	6.356300	3.557600	6.366500
277	5.316700	4.708900	2.883800	6.270600	7.651300	7.890300	11.721100	6.080100	4.984900	4.114100	4.838400	5.505900	5.335700	2.557100	0.000000	2.770600	10.786300	9.952300	7.372500	11.704600
278	4.923500	3.419000	0.381000	1.376300	0.396300	7.617400	3.612100	3.165100	4.357800	2.906600	0.000000	3.262200	4.201900	2.803100	5.503700	4.088000	4.563500	5.458100	1.465600	2.829900
279	5.765300	4.310900	1.706700	3.305000	4.621600	7.132900	9.112900	3.683600	5.039400	3.591700	1.103100	3.826400	6.034500	4.483800	6.736900	4.313700	5.533500	2.033500	0.000000	2.807600
280	1.658700	0.884100	4.558900	1.490200	2.520300	5.366800	3.262800	1.168600	0.836100	0.604700	1.616400	2.894300	2.428400	3.579200	0.000000	0.266200	4.048600	2.955000	4.392000	9.013900
281	-1.250600	-0.006800	1.939600	0.784400	1.281700	6.288500	1.030300	0.724600	0.136600	0.000000	1.302700	0.480800	1.558000	1.143700	0.832400	0.359500	1.105300	0.129800	-0.245300	0.297200
282	-0.417100	-0.187600	-1.364100	0.000000	-0.526300	-1.422500	-0.221400	-0.248300	-0.370900	-0.445900	-1.274300	-0.597200	-0.452000	-0.481900	-0.056200	-0.777300	0.234800	-0.172100	0.144500	0.829200
283	3.006300	2.231400	0.000000	2.253600	1.857700	3.444600	1.982700	2.413700	3.060000	3.120800	0.526700	1.402900	2.059500	1.464400	2.488100	2.334400	1.280500	1.397100	0.059900	2.586900
284	3.968000	2.630600	4.477300	5.488400	7.675600	0.000000	19.809300	4.793200	4.766600	2.863100	3.797400	6.814900	5.227100	3.880800	4.444900	4.086200	38.962900	37.344600	26.204800	6.483400
285	2.218100	0.872800	-0.979000	0.751600	0.051300	0.755200	3.383900	0.000000	1.292100	1.004100	-1.937700	1.343200	-0.424400	-0.528400	2.973800	1.913300	8.534800	6.580300	3.390100	4.164500
286	1.123700	0.656400	-0.443800	0.309700	-0.160000	8.619600	0.000000	1.126000	1.069000	0.823000	-0.139600	-0.237900	-0.380000	0.101600	0.613000	0.745600	-0.009600	-1.136000	-1.335400	0.837700
287	0.608600	-1.109500	-1.535700	-0.528900	2.528900	3.258100	-0.254600	-1.071900	0.000000	-0.022700	-1.841100	-0.691900	0.453800	0.241300	0.886900	0.608600	-0.727600	-0.896700	-1.188800	0.364300
288	0.000000	2.156500	21.659200	12.138500	15.368100	9.350400	22.273900	10.084500	4.198300	7.470700	14.064100	18.743800	18.948800	21.796200	15.178100	15.051900	41.007590	28.050800	25.944500	84.367200
289	0.405600	0.327600	-0.829800	0.201100	0.199400	0.811000	0.000000	-0.133100	-0.306800	0.276500	-0.755300	-0.109200	0.412100	-0.410700	0.245900	-0.590600	0.095800	0.014700	-0.620400	0.414100
290	0.874600	0.537000	-0.107200	1.564600	0.979800	2.722700	0.669300	1.069400	-0.007700	0.046300	-0.059300	0.289500	0.151900	0.070300	0.473600	0.000000	0.528000	0.214600	0.146500	0.533300
291	0.000000	3.788000	9.095500	7.499400	9.161600	8.846500	7.136200	7.870700	6.486100	5.537400	7.945200	6.835600	5.699200	7.221300	7.363800	9.302300	14.305000	12.024000	11.989100	12.633700
292	1.863800	0.851100	-1.760300	-0.632700	-1.297100	3.888600	-0.201900	0.157000	1.486600	0.148700	-1.720300	-0.636000	-0.008700	0.000000	0.670000	0.261900	-0.693600	-1.254500	-1.440200	0.631600
293	1.810800	0.000000	-0.460400	-0.345500	2.808800	3.636400	13.161600	1.803200	1.826700	2.228200	3.981700	12.392700	7.895600	6.880000	6.381400	5.069800	23.190000	14.426100	20.911700	26.692300
294	6.490500	4.574100	1.554100	3.306500	2.542800	4.548900	4.127800	3.781100	3.989400	4.246100	1.583500	4.151500	3.831500	4.058600	5.701600	4.508500	2.531500	1.977600	0.000000	3.373900
295	2.343700	1.764800	1.670100	1.466700	1.725100	3.826500	2.071800	0.000000	1.087700	1.590800	0.910400	3.495800	5.231400	3.926700	6.352500	3.171000	15.904300	10.299700	7.529100	7.687800
296	3.450600	2.762700	1.606500	3.099800	2.624800	4.820900	3.480600	3.737200	3.264500	3.388000	1.486300	2.949300	3.064500	2.908700	3.544400	3.553700	0.000000	1.959400	1.159700	2.856300
297	0.076000	0.484700	-0.309600	0.970400	0.317400	1.136000	-0.730700	0.126800	0.091900	-0.035600	-0.537200	-0.417600	0.146700	0.101100	0.000000	-1.132300	-0.668100	-0.385400	-0.612600	-0.041500
298	0.000000	3.122400	4.123900	5.136900	5.111900	9.408800	2.840100	4.379200	2.781600	2.448700	3.116200	3.248600	3.961400	3.575100	5.197000	2.801000	5.051600	3.962900	3.748100	3.615400
299	1.991100	1.536000	1.083600	2.240100	1.781100	0.000000	1.538000	2.291900	2.238100	2.016200	1.100600	1.419200	-0.016900	1.653000	1.233700	2.162200	0.965900	1.078600	1.472900	2.136400
300	3.201300	2.210700	-0.681400	0.949600	0.000000	4.072800	0.873600	2.789500	2.337100	1.695100	-0.755800	0.395500	1.719500	1.271500	2.857200	2.138800	1.873500	1.258500	0.820600	2.162600
301	1.753400	1.347200	-0.302600	0.285000	-0.395300	1.441100	1.034200	0.393900	1.442900	0.484500	-0.158900	0.445200	0.223500	0.816500	-0.913300	0.000000	0.184000	0.391900	0.273000	0.910800
302	5.242600	3.085700	-0.106000	1.114800	0.000000	3.598700	8.579400	3.189500	4.486500	3.045100	0.262900	4.295700	3.982000	3.058300	4.722100	4.112300	15.850900	11.084900	3.624800	6.403400
303	2.564500	1.421600	0.387700	1.387300	1.062800	2.366800	0.000000	2.357400	1.986200	1.607800	0.588400	0.638300	1.216100	1.260400	2.739700	1.606900	2.356100	1.853400	1.761000	2.520100
304	1.394600	0.257400	0.012600	0.558600	0.168900	2.560600	0.780200	0.292800	0.379500	0.826700	-0.207400	0.442900	-0.100600	0.368700	-0.720700	0.000000	0.120700	-0.090800	-0.163700	0.651500
305	0.547300	0.000000	-0.181700	0.463700	0.139600	-1.769300	-0.260800	0.494400	0.459200	0.570400	-0.007400	-0.481600	-0.612100	-0.263000	0.043200	0.128000	0.330900	0.229000	0.110000	0.879700
306	1.509100	1.030800	-0.019200	0.862800	0.186200	2.058100	0.000000	1.650200	0.955500	0.956800	0.049300	0.064800	0.306100	0.028100	0.930200	0.737200	1.243200	1.016000	0.945600	0.860000
307	4.374800	3.076800	0.634200	4.116500	3.371500	5.421300	2.837400	3.238700	3.891900	3.258300	0.872700	2.932600	4.311700	2.875000	4.101800	2.689300	1.345200	0.565300	0.000000	2.296200
308	0.543000	-0.154800	-0.199000	0.389400	0.090200	6.466700	-0.143900	0.514500	0.000000	0.357200	-0.253700	-0.147100	-0.113300	-0.550200	0.728300	0.210200	0.683500	0.316600	0.247900	0.585500
309	0.157300	0.008700	0.092600	0.381500	0.269500	1.786300	-1.176000	0.329200	-0.027300	-0.013300	-0.125600	-0.446900	0.000000	-0.467700	-0.121300	0.047700	-0.111000	0.004200	-0.054200	-0.233800
310	3.522100	2.830800	3.148200	2.444400	2.242000	9.354800	2.804000	2.480800	3.388400	2.690500	2.458300	2.352700	2.342200	2.854000	0.000000	1.926900	5.470500	3.735000	2.723400	2.819800
311	0.165500	0.367200	0.000000	0.983100	0.814500	-0.442900	0.689400	0.920100	0.427800	0.371700	0.182000	0.192700	-0.337100	0.196700	0.202400	0.312700	0.595000	0.309400	0.525100	0.841800
312	0.996500	0.275300	0.096200	1.099800	0.807600	1.434900	0.010000	0.208400	0.132500	0.633800	0.095700	0.000000	0.333900	0.069300	0.448500	-0.358000	0.419000	0.380200	0.349200	-0.059600
313	1.458200	1.407700	3.135700	3.276100	4.028800	0.000000	2.523900	4.864900	1.197900	2.652000	3.394700	3.296300	2.217100	2.661600	4.340100	2.356500	5.515300	4.155500	4.086000	4.888100
314	4.479200	3.139700	0.000000	1.556500	0.362100	-0.658800	7.147700	3.656300	4.639900	3.138700	0.130700	4.943300	4.303000	3.806700	4.839300	4.066400	13.896400	10.197800	5.312500	4.327800
315	3.410600	2.219000	1.174000	2.225700	3.537500	7.037700	3.466500	2.557300	2.597500	1.636900	1.135700	3.004800	0.700800	3.498700	0.000000	2.651100	7.430600	10.415300	6.606500	24.173400
316	0.477600	0.065200	0.401700	1.009500	0.411000	-1.449500	0.756400	1.224500	0.000000	0.307200	0.176800	0.168600	0.433300	0.485600	0.486700	0.537200	0.785400	-0.399200	0.189100	0.727900
317	0.837100	0.674600	0.412500	1.700800	1.154100	4.446900	0.638900	0.576200	0.300700	0.913300	0.519800	0.639900	0.000000	-0.666800	0.694300	-0.238100	0.874100	0.548100	0.711600	0.226200
318	1.275800	0.320800	-1.528900	0.822800	0.162300	7.377000	3.740200	1.475100	1.174100	0.000000	-1.520400	2.133900	2.342500	1.524600	2.031600	0.910500	13.455300	13.724500	6.445500	4.743200
319	-0.442300	-0.077700	-0.408500	0.005000	-0.020700	-0.826800	-0.549900	-0.035500	-0.060900	-0.146400	-0.300000	-0.176600	-0.280700	-0.310500	-0.259400	-0.427000	-0.279800	-0.443100	-0.584400	0.000000
320	1.619700	0.682200	3.215200	1.696100	1.512400	3.036600	5.588000	0.342000	0.862400	0.000000	1.883500	3.684800	3.506300	2.819000	2.598100	2.428200	2.973300	7.507600	3.409800	25.255800
321	0.861200	0.000000	0.073500	0.835300	0.273200	-1.223100	-0.506600	0.505700	-0.038400	0.924600	-0.124400	0.022200	0.267800	-0.100500	0.852300	0.918800	0.356100	-0.228100	-0.254600	0.964900
322	4.123200	2.174900	1.740800	0.000000	-0.026100	1.870300	6.118000	2.446900	3.581900	2.421600	1.030400	4.941000	6.461800	5.218500	4.926800	3.376600	13.018100	20.054200	5.953800	29.275700
323	1.780200	0.588000	4.036600	0.061400	2.018000	2.527700	10.473400	0.789400	0.979100	0.000000	3.571300	7.195900	4.399400	5.146700	1.884300	2.472400	17.630300	14.307100	17.823600	28.515500
324	0.476600	0.031100	-0.475200	1.105800	0.650500	3.296700	0.226500	0.365500	-0.110700	-0.129800	-0.293700	-0.171500	0.118200	0.000000	0.252700	0.326400	0.573800	0.365800	0.369700	0.470100
325	1.485600	2.309800	0.353800	0.665800	1.556900	6.049800	0.581800	0.690900	0.844300	1.091900	-0.089500	0.000000	0.603100	1.651200	0.902700	0.583800	0.294000	0.525200	0.465500	0.781000
326	4.669500	3.554400	1.616200	1.859800	2.587100	6.857000	3.204600	3.805300	3.816100	3.249000	1.105100	3.128400	2.961300	2.730900	4.432200	3.830400	0.000000	0.451400	0.557400	2.922700
327	0.661100	0.641300	0.717700	0.949700	1.538300	-0.983500	0.943600	0.056200	0.000000	-0.033600	-0.296900	0.335600	-1.122700	0.282000	-2.515100	0.431800	0.811900	1.058600	0.205300	1.421900
328	3.639400	2.263100	0.796800	3.323300	3.097000	6.567400	0.000000	4.364500	3.701600	2.748200	0.850100	0.064700	5.209200	3.717400	5.913400	4.780500	10.453500	10.478400	6.843300	18.980200
329	1.194000	0.000000	0.656700	0.848800	0.774600	6.977600	0.269500	0.627900	0.567700	0.772100	-0.227000	0.524200	-0.184200	0.723200	1.239000	1.283100	2.495900	1.079200	2.430900	1.269700
330	2.904500	1.648000	-0.375100	1.472400	0.843700	1.677100	1.272700	1.480700	1.596400	1.965700	-0.901000	0.831400	0.904400	0.750800	0.616000	1.798200	0.369000	0.000000	-0.667000	1.448400
331	5.234700	3.406100	-0.035700	1.119000	0.000000	4.634300	6.648100	2.657500	3.966100	3.459000	0.289500	4.740900	4.262600	3.322200	4.870100	3.387800	9.230600	9.355200	3.052000	4.289000
332	1.689400	0.192700	2.339500	2.811400	3.298900	8.095500	1.935300	0.148900	0.840100	1.056700	-0.422800	2.504700	1.971500	1.805900	3.172800	0.589900	0.690100	-0.238700	-0.696900	0.000000
333	0.718800	-0.216900	-0.900000	0.006200	-0.697600	4.531600	-1.916700	0.531100	0.506600	0.596200	-1.082100	-0.718200	-0.441100	-0.589000	0.189200	-0.127100	-0.772300	-0.856500	-0.927200	0.000000
334	4.402800	2.439700	0.000000	3.854000	3.385800	6.871600	3.550900	2.740200	3.326200	3.076200	0.955900	3.006700	3.753700	3.522200	4.505200	3.137300	3.403700	2.260200	0.757200	4.322000
335	3.520600	1.946300	-0.143300	0.667300	0.000000	4.893700	3.970600	1.687800	2.426500	2.124100	0.153700	1.351000	3.148500	2.544800	3.212300	1.972800	15.417700	16.767500	9.810600	6.362100
336	1.942500	0.930300	-0.110900	1.117800	0.358700	4.032100	0.000000	1.340100	1.218600	1.136200	0.118100	-0.095400	0.876000	0.465400	1.696500	-0.083400	0.925400	0.790300	1.047900	1.738400
337	0.060700	0.000000	0.138700	1.426400	1.506900	4.952900	0.576400	1.010500	0.279900	0.544500	0.094100	0.365300	0.519600	0.551700	0.732400	-0.547900	0.954900	0.380000	0.134700	0.843000
338	0.000000	1.839600	1.911600	3.090000	4.260400	6.241800	1.219600	2.989100	2.044400	1.860800	1.929200	0.900800	1.979100	1.688900	1.961200	1.593100	2.152200	1.947300	1.876300	1.526500
339	1.652900	0.522700	-0.418100	0.429300	-0.418200	6.276400	-0.080700	1.184800	1.075500	0.504000	-0.258300	-0.017900	0.000000	0.120600	-0.331600	0.206200	0.558800	-0.044600	-0.134000	-0.066400
340	0.206800	0.401300	0.238700	0.697300	0.000000	0.538700	0.822100	0.174400	0.189500	0.972700	-0.103200	0.653400	0.459800	0.169100	-0.532700	0.153700	0.578100	0.273000	-0.081700	0.915300
341	3.001700	1.594700	0.000000	1.097900	0.999500	0.781700	0.888300	2.315500	2.786600	2.007300	-0.032500	0.357000	0.598800	0.902000	2.404600	2.264600	0.819600	0.255000	-0.188700	1.473200
342	0.000000	0.781900	11.345500	9.282100	9.631400	9.821800	8.862200	6.188400	2.058900	3.475200	4.811400	7.119100	7.122800	11.320300	9.254400	7.873800	24.196000	13.867500	13.175400	73.859000
343	1.297600	0.000000	-0.719700	-0.166200	-0.393300	-1.257200	0.928400	0.298000	0.575600	0.934500	-0.567300	0.783700	0.873700	1.085900	1.371800	1.223000	0.326500	-0.210200	-0.768500	1.268000
344	2.444600	1.132000	0.009400	0.610900	-0.160100	5.434600	0.835300	2.142700	2.549300	1.784700	0.000000	0.507300	1.247500	1.199300	2.721300	2.068100	1.251400	0.350900	0.566300	1.349000
345	5.051200	3.001400	0.000000	3.191700	0.855600	6.030600	4.204100	3.395300	3.688200	3.533100	0.189800	3.890700	4.541800	3.555300	5.605100	4.268100	4.768000	1.538600	1.906800	3.392300
346	5.165300	3.719400	0.391900	4.385200	3.690400	6.258500	11.113200	4.292400	4.635800	3.625100	0.000000	4.992800	5.120800	3.983700	5.671600	3.516500	17.855200	12.290200	4.827400	3.816500
347	1.897800	0.184000	-0.958000	-1.040500	-1.770400	3.308400	1.443100	0.000000	1.562700	0.240900	-0.347900	1.363200	3.379300	3.255700	2.761900	1.302800	8.822700	15.639400	12.647400	6.913300
348	1.364100	0.057100	-1.110600	-1.272200	-1.753400	3.594300	-0.307400	-0.610900	0.495900	0.338600	-1.823800	-0.892000	0.000000	-0.557700	1.952700	1.145400	1.977100	-0.975100	-1.653300	1.167600
349	3.629000	1.934500	2.463100	1.805300	3.991900	8.089000	7.360300	2.135600	2.598900	2.110800	-0.992100	1.807900	4.236500	1.365400	3.853700	2.649600	10.602500	3.082400	1.025500	0.000000
350	3.344400	1.787700	2.896600	3.815000	4.249200	6.596300	14.518600	4.108200	2.789700	2.371800	3.604500	8.119100	6.559900	6.799500	2.593600	0.000000	37.980900	20.436400	16.100200	39.427500
351	5.196100	3.578800	-0.275700	1.326100	0.000000	6.857400	10.047000	2.432300	3.968000	3.205500	-0.343800	3.385200	2.723900	2.664100	5.077400	3.026000	10.159500	6.057800	3.364400	5.282300
352	1.449700	0.000000	1.783000	2.608500	3.570000	6.304900	2.615100	1.287100	0.756000	1.149400	0.427000	0.269600	2.870800	1.398100	2.999700	1.705100	1.154100	1.217600	0.784200	2.680900
353	5.527700	4.148500	1.967000	3.930200	3.281300	9.554100	3.435400	4.630800	4.860600	4.619900	1.219800	3.048800	5.573700	3.619500	6.100600	6.847600	-0.797500	0.051400	0.000000	3.541800
354	5.723700	3.709200	0.352600	4.265000	3.385800	6.252000	3.767100	4.296800	4.140900	3.178800	0.428600	3.260300	4.234600	2.799900	4.987500	3.283700	5.670700	0.000000	-0.397100	1.754600
355	1.305700	0.049400	-1.925500	-0.427400	-1.307700	2.353800	1.777600	0.645600	0.947800	0.050300	-2.068800	1.006700	1.131800	0.000000	2.367800	0.467300	4.662900	4.061200	3.657600	3.176800
356	1.092000	-0.122700	-0.891900	-0.168800	-1.008200	4.366700	-0.458900	0.518600	0.174400	0.600900	-1.534300	0.130900	0.352900	0.000000	0.996300	0.180000	-0.026800	0.078300	-0.619100	0.538900
357	5.657300	4.020100	0.000000	2.430600	3.313300	7.460100	8.369400	3.620600	5.241600	3.953700	0.282500	3.414600	4.045300	2.593400	4.980600	4.683400	14.296000	2.775400	1.832700	3.000600
358	4.665800	3.432100	0.588600	2.818400	1.648900	6.114000	8.743100	2.874800	3.596300	3.545700	0.000000	5.453300	4.542300	2.917200	5.070800	4.046900	14.400500	12.152900	8.322900	11.988000
359	1.971300	1.097300	1.347400	1.893200	1.222500	5.148200	1.593800	2.180400	1.282100	2.019000	1.120400	1.179100	1.219000	0.000000	1.375000	1.261700	2.277500	2.132800	2.062400	1.519700
360	1.886500	0.620700	-0.321900	0.399700	-0.409000	3.775500	0.162600	0.939900	0.941400	0.996200	-0.522200	0.000000	0.329800	0.147700	1.040900	0.394200	-0.209800	0.073800	-0.031500	0.279200
361	5.550300	3.856400	0.340200	1.260700	0.000000	6.242700	6.489900	3.468300	5.055800	3.646500	0.178600	4.549000	4.668000	3.452800	5.375200	3.570500	14.530500	10.032900	9.028800	6.068700
362	3.545400	2.502400	2.040800	2.338200	1.577600	6.808600	0.000000	3.035800	2.931800	2.800900	0.901900	2.278500	4.146300	2.476300	5.769900	3.066300	5.633800	4.411800	5.379100	3.795900
363	0.996200	0.200600	0.256700	1.205400	0.881300	5.106700	0.223800	0.490400	0.394600	0.918700	-0.025300	0.341600	0.036400	0.305700	0.000000	0.513200	0.817400	0.281700	-0.133600	1.124100
364	0.983200	-0.595200	0.346500	1.370500	3.591000	2.805900	-0.900300	-0.043200	0.000000	-0.176700	-1.990300	-1.076900	0.645600	-0.751600	1.016000	-0.976500	0.954700	0.380200	-0.114100	-1.103100
365	4.266600	2.711100	0.828300	0.872300	0.000000	6.902300	9.069700	2.091200	3.874000	3.314700	1.741500	5.993400	5.026500	4.018600	6.206200	3.946600	18.302100	18.435100	13.084700	36.542500
366	0.864400	-0.177500	-1.204400	0.707000	-0.020900	5.050600	-0.693000	0.445500	0.000000	0.332900	-1.187000	-0.877200	-0.084900	-0.492600	0.879000	0.402800	-0.017600	-0.121800	-0.283900	0.498500
367	-0.166800	-0.126400	-0.884700	0.551500	-0.513500	2.738100	-1.503000	1.142900	0.022100	0.021800	-1.019300	-0.850400	0.000000	-0.634900	0.210600	-0.627600	-0.418500	-0.710500	-0.811400	-1.017900
368	0.000000	2.365900	2.346600	3.713800	4.432900	6.592500	1.537600	3.610000	2.403200	2.632700	2.260300	1.053600	2.739100	2.138300	3.213500	1.796100	2.577200	2.238500	1.929300	1.858500
369	0.657400	0.654300	0.414300	0.844700	0.352500	6.253200	0.000000	1.460100	0.491100	1.010300	0.985200	0.315600	1.246900	1.150800	0.147200	0.533100	1.313900	1.005100	0.832100	0.534200
370	5.624200	4.299200	2.541900	5.242200	5.286400	6.463400	4.178600	6.016700	4.777400	4.275800	0.736300	3.441400	6.241200	4.205600	6.806400	4.153600	3.753900	0.241300	0.000000	2.968800
371	1.108500	0.719800	0.444200	0.885700	0.532700	1.496600	0.457900	-0.009800	0.000000	1.088400	0.127000	0.697000	0.713900	0.145100	0.858800	0.423100	0.728600	0.640300	0.097200	0.733000
372	0.745900	0.031500	-0.007500	0.686300	0.138400	0.025900	0.219900	0.189300	0.277300	0.644800	0.027200	0.167100	-0.116600	0.000000	0.061000	0.284800	0.365000	0.324400	0.303100	0.538700
373	4.509500	3.454200	1.780100	4.340900	3.578900	7.264500	2.902900	4.336000	3.817100	4.075300	0.649400	3.078700	3.843200	3.071900	4.763400	4.020500	0.352200	1.101400	0.000000	3.336600
374	1.537400	0.000000	-0.395800	0.831900	2.729700	5.058200	0.793000	0.424900	0.481800	0.674100	-1.175900	0.029700	1.064300	0.688300	2.469200	2.279000	1.595400	0.202800	0.901200	0.951300
375	1.059800	0.283200	0.089300	0.789900	0.231300	2.624400	-0.092900	1.005600	0.927700	1.033300	0.114900	0.232700	0.390700	0.000000	0.734200	0.291700	0.373300	0.300700	0.266200	0.329900
376	0.848900	-0.024000	-0.699900	0.104600	-0.472900	4.047100	-0.073100	0.098900	-0.093400	0.479400	-0.845700	-0.233300	-0.270300	-0.345400	0.000000	0.432100	-1.454100	-1.024200	-0.461300	0.429800
377	6.287900	4.511300	1.243300	4.910800	4.179400	10.226000	4.181400	3.966100	4.930400	4.889000	1.128500	4.454900	5.154700	4.463100	5.311300	5.286400	1.380100	0.849200	0.000000	3.715800
378	1.546500	0.586800	-1.114600	0.694300	-0.387400	3.957600	0.000000	0.931700	0.825100	0.908200	-1.641000	-0.175000	0.235900	0.273500	1.187000	0.199200	-1.134000	-1.912400	-1.873400	-0.305800
379	0.937800	0.000000	-0.251300	0.505400	-0.068500	3.538900	-0.083100	0.928500	-0.019100	0.727700	-0.512500	-0.361900	0.219700	0.005700	0.798300	0.612900	0.031000	0.151500	0.092000	0.739500
380	1.788700	0.935500	0.246500	1.006300	0.285100	3.729600	0.000000	0.878300	0.832300	0.538000	-0.761000	0.220300	1.098500	0.505700	1.346800	0.747700	0.954800	0.809600	0.698400	0.432700
381	4.448500	2.785500	-0.014700	1.379600	0.654200	7.436300	2.989000	2.964000	3.257800	3.172400	0.233400	2.356000	3.592500	2.281200	3.458800	2.436200	1.416400	0.000000	-0.659200	1.456800
382	1.345600	1.333000	0.546400	1.411500	0.911500	3.051900	0.805800	1.132500	1.377200	1.064100	-0.027500	0.753400	1.198400	0.790800	1.421800	1.064200	0.869900	0.736800	0.000000	0.983300