SITE	GLY	ALA	LEU	VAL	ILE	PRO	ARG	THR	SER	CYS	MET	LYS	GLU	GLN	ASP	ASN	TRP	TYR	PHE	HIS
3	3.781900	3.490900	3.291100	3.574800	3.494400	4.018800	2.803200	3.038300	3.111400	3.487800	2.370200	3.221200	3.858400	3.292200	4.079400	3.024400	0.000000	2.487100	2.316200	3.236000
4	1.304200	0.736200	-0.081600	0.523200	0.346000	1.828500	0.371800	0.532700	0.874200	0.648200	-0.130700	0.000000	0.336900	-0.092000	1.100500	-0.014000	0.733300	0.310100	0.028500	0.370900
5	4.477600	2.882500	2.678400	2.736200	4.442200	2.800300	4.849200	3.823500	3.900100	2.967500	3.423600	4.598700	3.246800	2.316800	3.155800	0.000000	3.968600	6.524200	10.429200	3.623300
6	2.021400	1.724300	-0.392600	2.077800	1.613500	5.698100	2.190600	1.223800	1.217400	2.303500	0.563600	2.542500	2.683300	1.991600	1.987200	1.522500	0.398700	0.434300	0.000000	2.523200
7	0.000000	2.765600	27.239630	15.378600	23.234250	8.463600	34.326010	15.209900	7.211700	8.054700	19.299870	27.160340	25.179239	25.568998	20.253000	21.360390	68.380400	71.035000	58.874500	81.831500
8	4.376500	3.254300	1.269700	3.551200	3.086400	0.850200	2.678700	2.522800	3.352200	3.523900	0.525500	2.276100	2.702400	2.252900	3.712800	3.679300	1.293100	1.556500	0.000000	2.521300
9	2.192700	1.380700	0.834000	1.636400	0.856300	0.092800	1.274100	1.516900	1.605700	1.890200	0.736200	1.268400	0.000000	1.050700	0.961000	1.217000	1.465800	1.264200	1.171600	1.739200
10	3.850000	2.422000	-0.132300	1.050100	0.000000	5.756100	3.010900	1.686800	2.786200	2.449600	0.457300	0.855600	2.324700	2.387200	1.026600	2.448600	5.580700	4.092200	2.421900	3.683400
11	5.558900	3.699300	0.580500	1.683300	1.139300	6.932000	7.469700	3.568000	4.342000	3.784500	0.718500	5.016000	3.840800	3.766000	4.563200	3.691900	1.475800	1.128000	0.000000	2.380100
12	0.000000	-1.012200	-0.287800	1.310900	2.537000	7.098900	0.008200	2.131100	-0.446900	0.271400	-1.251500	-0.623200	0.836500	0.378200	3.178500	1.934900	2.486900	0.923100	4.654400	0.111600
13	1.264000	0.461200	0.437900	1.456400	1.066000	3.484500	0.437200	1.280500	0.408000	1.159300	0.206200	0.497100	0.000000	-0.067700	1.103800	0.745700	0.498300	0.913000	0.833100	1.323400
14	2.335900	1.250600	-0.485300	0.961800	0.612600	4.108900	0.264800	1.290400	1.257600	0.585000	-0.352100	0.000000	0.520500	0.256800	0.754600	0.634800	0.711000	0.564900	0.284500	0.391400
15	2.486700	2.042900	0.433800	1.101400	2.256300	2.985200	1.186300	2.364400	2.316900	2.068200	0.797800	1.373700	2.456700	1.643700	2.958600	1.341400	1.566900	0.000000	-0.254800	1.065200
16	0.000000	3.215500	4.569500	6.339500	7.001900	5.460300	3.768100	4.124400	2.767600	4.092000	4.481600	4.028500	3.403000	4.273400	2.086100	2.755900	4.642300	4.170600	4.113700	4.091900
17	1.145900	0.580000	-0.005900	0.607000	0.097000	-0.780400	0.582800	0.733100	0.974500	1.009100	-0.513000	0.139700	0.086200	0.000000	0.695000	0.806400	0.007300	0.456000	0.325700	0.904700
18	2.091700	1.673700	1.687800	1.807600	1.628300	0.109300	1.889300	1.882100	1.945300	1.919800	1.314100	1.703500	0.000000	1.307800	0.765400	2.005300	1.466800	1.181700	0.953400	2.062300
19	1.701100	0.681600	-0.875900	0.377900	-0.094500	0.277900	-0.491600	0.843400	1.541300	0.982800	-0.915100	-0.030100	0.000000	0.288400	0.803800	0.289500	-0.077200	-0.822000	-0.808100	0.660100
20	4.450400	2.923800	0.000000	2.912000	4.210800	7.462700	3.640800	3.505800	4.667200	3.192900	1.155000	2.938200	3.328600	3.070100	4.445700	3.355600	5.169600	6.304900	4.865300	3.551500
21	0.966200	0.262700	-0.430600	0.471700	-0.311300	2.489500	0.261000	0.217000	0.237300	0.786100	-0.613900	0.110400	0.000000	-0.120700	0.475900	0.712900	-0.260900	-0.055800	-0.288500	0.712000
22	0.900700	0.065900	-0.134600	0.647400	0.098900	4.744100	0.186800	0.666800	0.947200	0.967600	-0.221200	0.000000	0.272400	-0.051500	0.558400	0.235600	0.051400	0.200000	-0.049400	0.363800
23	2.466500	0.997500	0.014100	1.522000	1.238000	4.119600	0.000000	1.273100	1.765100	1.316100	0.085000	0.161700	2.550200	0.570000	3.185800	1.076000	0.512600	0.053400	-0.196200	0.466700
24	3.551200	2.311400	-0.412500	1.119700	0.000000	4.865500	1.281400	2.261900	2.462100	2.275700	-0.227400	0.927300	1.688700	1.132700	1.844900	1.061500	3.258900	3.255200	4.139000	4.113100
25	1.332900	0.538800	0.294400	0.910300	0.362800	3.885600	-0.035300	1.170200	0.672300	1.031800	-0.084100	0.000000	0.593200	0.383700	1.055800	0.377600	0.341700	0.371900	0.226100	0.466800
26	0.103600	-0.997600	-1.527300	-0.717300	-1.314800	4.714000	-1.125200	0.169400	0.300000	-0.132600	-0.994500	-0.844000	-0.832500	-1.227900	0.000000	0.044100	-0.407500	-0.439200	-0.517400	-0.362900
27	3.576700	2.270700	1.355500	2.086800	1.955200	4.311400	3.522400	2.198500	3.209600	1.992300	1.060200	2.414000	0.000000	1.974000	0.498400	2.441700	12.676800	12.709400	10.461600	32.507190
28	1.611800	1.627300	-0.329300	2.103500	0.862200	3.800400	0.077700	1.091000	1.369400	1.717400	0.010700	0.157000	1.811800	0.892500	2.381900	1.003600	0.219100	-0.033900	-0.390800	0.000000
29	2.033800	1.043900	0.543100	0.618100	0.099900	6.709000	-0.598900	0.000000	0.024500	0.507900	0.226600	-0.443600	1.118700	0.044900	1.064700	0.032700	0.099200	-0.099200	-0.361600	0.195000
30	3.001000	1.968600	1.867600	2.326900	1.684400	0.000000	0.073400	2.259700	2.199400	2.360400	1.174200	1.415200	1.261400	1.402100	2.503500	1.954000	1.796200	1.708700	1.674100	1.081100
31	2.469600	1.966400	1.377200	2.263700	1.619900	0.000000	1.132500	2.487500	2.460300	2.222200	1.095100	1.649700	1.468700	2.053100	3.344000	2.449700	1.823500	0.213300	0.822500	2.114000
32	0.872800	0.732000	0.900300	1.128900	1.130900	0.000000	0.112600	1.066200	0.900000	1.028100	0.810200	0.769700	0.357900	0.475700	1.139300	1.010400	0.887400	0.910800	0.910700	0.992900
33	1.042100	0.601900	0.120600	0.615400	0.178600	-0.125100	0.073400	0.767800	0.898400	0.568700	0.172600	0.326300	-0.188700	0.151500	0.000000	0.566900	0.562000	0.636600	0.743600	0.961600
34	-0.023300	-0.711900	-1.300600	-0.428500	-1.027800	1.495200	-0.615600	0.012300	0.000000	-0.457500	-1.319000	-0.825700	-0.609100	-0.592500	-1.047400	-0.804500	-1.358200	-1.370900	-1.434900	-1.082400
35	1.302000	1.174400	1.399300	1.944600	1.723800	0.000000	1.164200	0.956500	0.494400	1.579300	1.515700	1.223200	1.365900	1.104200	1.704900	1.495000	1.364600	1.532700	1.518700	1.819000
36	0.338200	0.336100	-0.347200	0.000000	-0.160900	3.318100	0.090600	-0.217400	0.253900	1.618900	-0.388100	-0.143600	-0.094500	0.051700	-0.313800	0.134300	-0.457000	-0.503000	-0.548200	0.126900
37	0.355000	0.633900	-0.256600	0.655200	0.176800	0.816200	0.579400	0.224000	0.157200	0.659600	0.055600	0.047500	0.106300	0.487200	-0.346300	-0.105400	0.702000	-0.080800	0.000000	0.691300
38	0.000000	2.851700	13.753300	14.145300	18.879850	7.844200	13.160700	13.286100	6.010800	6.502000	10.217700	12.832500	13.554700	12.753300	10.580400	9.817400	17.692590	18.862000	14.708300	34.446670
39	0.000000	-0.293700	-0.733100	0.178700	-0.054600	-1.358300	-0.815400	-0.116100	0.311200	0.307200	-0.693300	-0.622600	-0.737200	-0.818300	-1.074400	0.069200	-0.599100	-0.213200	-0.418900	0.060300
40	2.032300	0.974900	0.000000	1.137200	0.494600	-0.889000	0.892500	1.335700	1.274800	1.531300	-0.227100	0.548600	0.358500	0.396300	1.296600	1.441100	-0.348900	-0.067800	-0.173100	1.147700
41	2.413400	0.937900	-0.793300	0.946900	0.184800	3.746000	0.501700	2.345000	1.963200	1.420500	-0.657200	0.000000	0.849600	0.784300	1.911500	0.645600	-0.216600	-0.352900	-0.620600	0.361700
42	3.368100	1.905900	0.000000	2.386100	1.896800	9.871600	1.736200	2.000100	3.098700	2.114000	-0.520500	0.733000	1.926500	1.439100	1.947400	1.976500	2.114700	5.595400	1.605500	2.627300
43	1.191100	0.272600	0.025800	0.603400	0.034400	3.067300	-0.066300	0.929400	0.247600	0.980500	-0.282100	0.000000	0.239000	0.101000	0.892900	0.488200	0.398600	0.188800	0.098900	0.813400
44	2.327000	1.523600	0.000000	1.192900	0.587900	3.963300	1.300400	1.426300	1.758400	1.561000	0.170800	0.893000	1.400000	1.448800	2.143800	1.507400	1.083200	0.922300	0.852300	1.632500
45	2.573600	0.736300	-1.114800	0.378000	-0.612200	5.336300	1.085000	0.967800	1.183400	1.125100	-0.784500	0.000000	1.542000	0.388000	1.382100	-0.328500	1.583800	-0.949200	-1.053300	-0.154600
46	2.187700	0.913300	-1.002200	0.528700	-0.162300	3.750000	0.462700	1.351400	1.332300	1.049100	-0.877100	0.000000	2.011600	1.138900	3.387900	1.829600	2.226900	5.373400	3.548500	4.130600
47	0.877600	0.122500	-0.322600	0.492600	-0.097800	2.306500	-0.319000	0.015300	0.092500	0.745800	-0.647800	0.035500	0.000000	0.125200	0.445900	0.537800	-0.047100	-0.361200	-0.431100	0.469700
48	1.121000	0.039800	-0.546500	0.084800	-0.690300	4.167800	-0.212400	0.743700	0.571700	0.896100	-1.064600	0.000000	0.122100	-0.173200	0.588000	-0.036200	-1.051500	-0.378900	-0.587500	-0.263000
49	4.938000	3.248400	0.837800	2.660800	2.059600	6.823700	2.176700	3.475700	4.359300	3.614100	0.647800	2.981200	3.768400	3.424700	4.351800	3.225100	1.845000	0.068900	0.000000	2.273100
50	1.896600	1.007200	-0.192800	1.408400	0.941900	3.310100	0.063300	1.918800	1.378200	1.180300	-0.975700	0.000000	1.271900	0.314600	2.943300	2.142900	8.881500	5.344000	7.717500	4.034800
51	0.023400	-0.460900	-0.800900	-0.254300	-0.869100	3.797000	-0.790200	0.000000	0.365000	0.329600	-1.125100	-0.706100	-0.456500	-0.776000	-0.091700	-0.298200	-1.166000	-0.984800	-1.103500	-0.252400
52	2.945100	1.599900	0.000000	1.270900	0.751100	4.703600	1.395900	2.506800	2.848800	2.400600	-0.661600	1.094000	1.674900	0.982700	2.317200	1.292000	0.460700	0.347900	0.125400	0.669200
53	3.135300	1.987600	0.039800	2.455100	1.667600	3.812700	1.513100	2.368100	2.426800	1.739500	-0.116100	1.061500	1.475000	1.633700	2.194200	2.084800	-0.627400	0.317900	0.000000	1.680300
54	0.659000	-0.741500	1.155300	0.945800	2.617700	5.837600	-1.021100	0.000000	-0.279900	-0.173300	-1.495300	-1.114800	-0.264300	-0.514400	1.561700	0.989200	-0.269600	0.835700	-0.451600	0.287500
55	1.591200	0.694300	0.000000	0.739800	0.105500	3.119800	0.421900	1.339700	1.028700	1.098900	-0.074900	0.265900	0.642900	0.236400	1.209600	0.606100	0.043500	0.140100	0.059800	0.734500
56	0.000000	-1.305800	-3.550700	-1.384300	-1.974500	1.777800	-1.741400	-0.798500	-0.262000	-0.986400	-3.293100	-2.181800	-1.360300	-1.512000	-0.538000	-1.312600	-4.066400	-2.807600	-3.392900	-1.045500
57	2.297100	0.572500	-0.700700	-0.366700	0.029900	4.538900	2.943500	0.000000	1.315800	0.655100	-1.592900	3.230000	1.567200	1.351200	2.262700	1.265800	6.746900	4.997800	2.581400	3.326800
58	0.579400	-0.654900	-2.051600	-0.753100	-1.557400	3.151600	-1.208600	0.000000	-0.116200	-0.140600	-2.150900	-1.440600	-0.896000	-1.003900	0.282400	-0.908700	-1.582000	-1.997600	-2.284700	-1.002700
59	1.201500	0.346200	0.000000	1.131300	0.659100	4.079500	0.246400	0.644800	0.099300	0.649100	0.114100	0.154200	0.543600	0.268100	1.066100	0.318500	0.371300	0.347600	0.305300	0.159300
60	1.547900	1.522800	0.637500	3.823200	4.099700	4.748600	-0.369900	3.304800	1.894900	1.962400	1.264300	0.000000	2.445200	1.485200	2.900200	0.197900	1.196700	1.772300	1.412200	1.854900
61	0.000000	6.343700	12.581200	12.715700	14.737400	11.853300	10.385700	12.835100	8.414400	8.076600	10.088300	9.308500	10.324800	10.131600	11.065500	9.239700	11.637900	10.939200	10.710000	10.723100
62	0.339300	2.954900	1.885400	4.247800	4.543300	4.632000	2.232100	5.589800	3.535900	2.544500	0.607000	0.921700	3.818700	2.639600	3.876700	2.566200	0.083800	0.404200	0.000000	2.502400
63	0.282100	0.600600	-0.457800	1.311400	0.942300	3.872800	0.000000	0.816000	0.555100	0.784100	-0.293100	0.279100	1.440100	0.245800	-0.868400	-0.436800	4.297200	1.248900	4.031500	2.270300
64	-1.542400	-2.262100	-2.292400	-1.120800	-1.145000	-4.269900	0.000000	-0.686000	-1.277300	-1.384500	-2.359300	-0.028200	-3.502300	-1.299400	-2.367800	-1.502600	-2.052100	-1.879000	-2.181400	-0.559200
65	1.528500	0.000000	-1.089600	-0.738600	0.661200	-2.621000	1.624300	0.305200	0.929900	0.369200	-2.517900	0.709800	-1.979900	-0.077900	-0.681900	-0.257100	-0.673500	-3.076500	-2.619200	-0.266800
66	0.584200	0.340300	-1.348500	-0.287800	-0.467400	1.883800	0.000600	0.000000	0.315100	-0.240700	-1.383500	-0.358700	-0.274600	-0.247700	0.463800	0.351700	-1.745600	-0.878500	-1.334300	-0.187600
67	-0.388900	0.780600	0.322900	2.097900	2.386100	6.040000	1.446600	1.671600	1.462700	0.381200	0.289900	-0.286200	0.305200	0.696500	-0.039600	0.648600	0.903200	-0.769000	-0.236600	0.000000
68	2.499000	1.511800	0.335900	0.433900	2.070700	1.090200	1.186700	0.000000	1.330900	1.916000	0.328900	2.024000	1.879300	1.909400	1.579600	3.461800	9.712500	7.770800	6.391300	4.748700
69	2.115900	1.538400	0.302600	0.000000	0.500600	0.599000	1.996700	1.810200	2.094100	1.122300	0.616100	1.448800	0.680500	1.157400	0.723000	1.576700	1.532900	0.623400	0.271700	0.931800
70	0.000000	3.708500	7.135500	9.908300	11.516200	3.774400	10.591500	9.253100	4.857900	5.125600	4.424400	9.033900	7.539500	7.364200	9.964100	11.159400	8.327900	4.756500	3.700800	78.455700
71	1.367200	0.510600	0.620600	-0.351300	-0.353600	2.699100	0.821100	0.000000	0.563900	-0.082200	-0.518200	0.939600	0.270500	0.385500	0.547900	0.290100	2.290900	2.771800	2.392900	14.709900
72	0.000000	8.598600	22.033180	22.103270	27.284970	15.213000	29.021950	21.672360	12.973100	12.950200	17.323930	22.387280	21.919560	23.905740	19.419960	19.918360	49.717100	46.628900	39.629100	68.002800
73	0.000000	6.787400	18.937940	14.787400	20.840780	9.522300	22.350990	14.362100	10.377400	10.194600	14.904700	19.155660	22.943550	23.411090	17.723970	18.110940	34.458950	32.771340	26.938670	84.872800
74	2.815300	1.481600	0.487300	0.015500	0.000000	3.481700	0.869500	1.314100	1.328800	1.041300	0.784000	0.002000	2.595500	1.846800	3.645400	2.701600	2.283500	3.013600	2.452200	3.179800
75	0.000000	7.140200	24.317355	24.236870	28.578510	10.969400	29.339310	22.470200	12.230700	11.770200	15.577790	24.454965	20.868780	21.177880	20.263360	20.198720	47.475900	37.222100	32.574890	35.420400
76	0.657200	0.193200	-0.841000	-0.384400	-0.966100	2.943600	-0.559400	-0.132700	0.280400	-0.038800	-1.035600	-0.680800	0.000000	-0.313400	0.711000	-0.070000	-1.316300	-0.821700	-0.859000	0.139200
77	6.023300	4.156800	-0.127100	0.900500	0.000000	8.129800	6.431600	3.318800	5.389400	3.357100	0.925200	5.972500	4.900600	2.912500	5.004100	3.767200	12.857000	8.803600	5.474400	5.545500
78	0.943100	0.197200	-0.842000	-0.734800	-1.754600	1.925200	-0.580600	0.000000	0.535700	-0.345800	-1.405300	-0.686000	-0.160800	-0.878100	1.144400	0.410500	-0.094000	-0.118200	-0.032100	0.610700
79	4.279300	2.563800	0.408300	0.393100	0.000000	2.251300	12.502600	2.958600	3.797000	2.257900	0.509900	5.899800	4.323200	4.474200	4.263500	2.983500	8.949200	3.397500	2.732300	5.430300
80	1.570800	0.748900	-0.861300	0.000000	0.191000	2.373700	1.090500	0.359300	1.039900	0.468600	-0.406000	0.761400	1.327700	1.263800	0.603800	0.887200	1.528400	-0.204300	-0.553600	0.840200
81	0.049300	-0.167700	-0.362800	0.140600	0.081400	-1.203400	-0.112400	0.105200	0.027700	0.120300	-0.168700	-0.369100	-0.392000	-0.314000	-0.015100	0.000000	-0.153300	-0.198600	-0.253600	-0.069100
82	0.240900	0.012200	0.161000	0.492100	0.597000	1.150300	-0.418900	0.359000	0.181400	0.281900	0.259700	0.043400	0.094200	0.130300	0.000000	0.090500	0.176000	-0.097400	-0.284300	0.197500
83	3.248400	2.204500	1.936600	2.772800	2.665700	0.000000	3.259500	3.680700	2.984300	2.097200	1.711600	2.503800	4.004000	2.581000	3.667200	2.793600	4.104800	2.059000	1.807400	2.667600
84	1.065900	0.680200	0.297200	0.276900	0.154900	-1.086600	-0.058500	0.960800	0.820400	0.404300	-0.234300	0.000000	0.126700	0.084900	0.557800	0.560900	0.371100	0.410700	0.372700	0.824400
85	4.746700	3.277100	0.721100	4.580500	3.395700	2.049300	3.735000	5.033100	4.499200	3.275900	0.666600	3.945700	3.584800	3.337400	4.806800	3.698100	2.822100	-0.331500	0.000000	2.740000
86	3.398700	2.205600	2.376300	2.034800	1.958900	0.000000	3.108300	3.286900	3.333300	2.938400	2.729500	3.482400	3.351700	2.771400	3.207600	4.210500	8.428200	7.045800	6.804600	6.999800
87	1.482500	0.972600	0.977200	0.982000	0.649700	-0.482900	0.853100	1.397900	1.301200	0.802000	0.791100	0.364600	0.000000	0.230100	0.889600	0.938000	0.319400	0.884700	0.584900	1.184000
88	4.562700	3.096300	2.342200	4.244800	4.003000	5.265500	12.568600	2.433900	3.393900	2.358900	1.016300	7.856700	2.787300	3.275200	2.442800	1.353800	25.473775	9.643400	7.477100	0.000000
89	0.815300	0.229100	-0.199300	0.296800	-0.241300	-1.535300	0.413000	0.568900	0.694400	0.655800	-0.351200	0.170600	0.000000	0.067500	0.434700	0.791500	0.412500	0.830800	0.790900	0.932400
90	5.151900	4.124900	2.012400	2.632500	2.415100	4.791500	3.340300	3.890700	5.027200	3.967000	1.004000	3.322300	3.488600	3.529200	4.527700	3.128400	3.080200	1.205800	0.000000	2.724500
91	6.793900	5.697300	1.419900	4.360300	3.665800	8.973100	6.527200	8.767100	6.606000	4.862300	1.257000	4.744000	5.540400	5.718900	6.147000	5.598400	7.940500	-0.094900	0.000000	3.969200
92	0.665700	-0.228400	-0.357500	0.877900	0.746300	2.264300	0.232600	0.000000	-0.193800	0.337000	-0.492900	-0.032400	-0.526600	-0.099500	0.068900	0.505900	-0.384500	-0.234100	-0.332300	0.307100
93	0.954900	0.000000	-0.010800	1.621500	1.380100	-1.505800	0.170500	1.205100	0.627400	0.542000	0.349200	-0.116300	-0.115900	0.093000	0.343800	0.398800	-0.268900	-0.100100	-0.152700	0.324400
94	0.000000	3.033500	2.823200	4.894800	4.611100	6.145000	2.825900	4.217400	3.108000	3.004200	2.678300	2.766200	2.914500	3.076900	3.287500	2.873300	3.635500	3.812300	3.720200	3.101100
95	1.339200	0.517900	-0.021500	1.219500	0.687500	7.239200	0.000000	0.835500	0.885300	1.023500	-0.312800	0.325200	0.163600	0.597300	0.248400	0.807200	0.647600	0.238000	0.206000	1.055800
96	0.444300	-0.096600	-0.755400	-0.267200	-0.627800	-0.016200	-0.861400	0.000000	-0.294400	-0.470600	-0.393600	-0.995900	-0.313800	-0.824000	0.425900	0.188700	-0.871800	-0.348700	-0.357000	0.218900
97	5.316300	4.097000	1.978500	2.984000	3.447900	7.230700	1.250200	4.536200	4.327800	3.720400	0.827600	2.901400	4.152000	2.931000	4.755700	3.649700	1.304200	0.970200	0.000000	2.632500
98	1.430500	1.102200	0.449600	1.433700	1.226400	0.000000	0.643400	1.399300	1.441800	1.356000	0.247500	0.645500	-0.057500	0.939800	0.961500	1.238400	0.816600	0.499500	0.422200	1.528100
99	0.315700	0.000000	0.310300	-0.133900	1.153500	8.270900	9.397700	-0.130400	0.404100	-0.578200	-2.005300	4.135200	3.181100	2.734500	3.566800	1.842800	21.061750	13.714700	13.695500	32.828800
100	6.094400	4.584700	2.446500	2.018300	1.339900	8.195600	0.000000	4.413400	5.507600	4.113800	2.099000	0.719100	6.904100	3.816600	6.808800	4.607500	6.151200	5.428600	3.769800	5.132400
101	4.736200	3.154700	0.000000	1.900300	2.269700	8.891300	13.637100	2.562700	3.899900	2.699300	1.248300	6.313200	5.119600	4.988800	5.048400	3.625700	22.398060	14.489000	11.585000	23.997630
102	-0.358400	-1.792900	-3.390500	-3.705300	-1.818300	1.885700	0.000000	-2.030300	-1.246000	-1.977100	-2.513900	-0.524800	-0.869700	-1.031000	-1.609100	-1.567000	-0.232100	1.986300	0.293600	-0.624800
103	5.238500	3.342900	-0.420200	1.577200	3.798800	4.365800	8.676200	4.128600	3.637100	2.589300	0.173400	4.491200	1.510400	1.231600	4.352400	2.596400	14.736100	5.473900	3.491700	0.000000
104	0.279500	0.000000	4.399500	5.482800	6.826500	1.645400	8.172300	5.399400	0.087300	2.982600	2.314500	5.873200	2.958700	4.375100	3.477900	7.748000	12.589200	9.077300	7.848700	55.387600
105	3.856600	2.792300	1.336600	3.474500	4.104700	2.698900	11.032800	5.208900	2.596000	2.297900	2.195900	6.001700	4.345800	3.747000	4.432300	0.000000	18.136550	16.822350	12.788100	11.214300
106	2.811600	1.946200	0.000000	2.318100	2.735600	7.187700	1.757500	2.917200	3.133600	2.128400	0.200700	1.940600	1.841300	1.845400	2.220400	2.796800	-0.409100	-0.814500	-1.018500	2.243100
107	2.718400	1.999200	-0.433700	1.051500	0.275100	8.049000	-1.095200	1.872600	1.573900	2.264000	-0.566700	0.000000	1.477900	0.662800	1.923700	1.704200	1.926200	-1.076700	-0.470800	0.967300
108	3.713700	3.237300	1.499400	2.349200	1.554200	6.339600	2.218000	2.047000	2.930400	2.597700	1.292800	2.426500	2.695800	2.300400	2.651600	2.710400	0.722500	0.000000	0.492800	2.924600
109	1.506400	1.194900	0.223800	1.043100	0.708000	0.000000	0.901600	1.179100	1.062100	0.877300	0.380400	0.615000	0.085500	-0.190500	1.117100	1.111600	1.222500	1.033900	0.589800	1.316700
110	3.935400	3.313800	2.647300	2.889200	2.383600	2.575600	3.079200	3.256300	3.645000	2.711300	2.970800	2.658900	2.182500	2.563200	0.000000	2.340900	2.379200	2.556300	2.532800	2.543100
111	6.043600	4.488400	6.190400	4.881400	4.050100	6.752600	9.997500	7.227200	5.628400	5.104100	4.113000	6.596100	5.520500	8.451000	0.000000	5.844100	12.516200	9.270500	6.984800	8.143500
112	1.418400	0.000000	2.912300	2.048600	6.733900	3.849200	8.305000	6.703200	1.874700	1.407900	0.012500	3.624900	10.642600	12.244600	4.205700	2.630300	41.040100	26.235110	10.946600	33.392770
113	0.000000	1.496500	1.001300	0.655000	2.590400	0.951900	1.306200	2.148400	1.580400	1.064600	0.799900	1.533100	2.974500	1.988900	5.077100	2.611400	9.438300	13.207600	12.604500	66.432300
114	1.565300	0.000000	1.036300	1.306000	3.921900	3.556200	6.764800	1.776300	1.684300	0.722200	-0.038200	5.430300	5.176500	4.887700	2.862000	3.472600	5.960000	34.146950	27.399530	6.322500
115	4.379100	3.900200	6.184900	6.396200	6.486100	12.825200	11.645100	4.958200	4.809700	3.335700	3.946300	8.855300	9.739000	9.327900	0.000000	6.099700	14.346600	15.666100	13.115000	41.555600
116	1.544300	0.000000	-0.342400	0.134200	-0.263300	-1.020800	-0.731400	1.467400	0.688200	0.535200	-2.365400	1.833500	1.224600	0.660100	2.765600	1.256800	2.992100	4.636500	2.024200	0.933600
117	6.692500	5.323300	3.551200	5.407500	5.044700	6.965900	0.000000	6.805500	6.335100	4.900300	2.340100	2.989300	7.389500	3.454900	7.638300	5.444700	10.328800	6.013100	5.598800	5.611900
118	0.256100	-0.109900	-1.106200	-0.265900	-0.443500	2.463000	3.768500	0.710200	0.000000	0.120700	-2.902700	1.950500	-0.051600	0.759600	1.414600	3.070600	15.067700	20.480570	14.644700	35.288810
119	6.443000	5.224100	1.860200	5.706500	4.467700	15.463900	7.185200	6.766700	5.786600	3.960600	0.752700	5.370400	5.100800	4.947400	5.359600	4.857400	2.418000	1.221800	0.000000	3.365100
120	0.910600	-0.768200	-2.854000	-1.786200	-1.903000	2.754700	1.666900	-1.409200	0.000000	-1.107500	-2.998600	0.446700	-1.433300	-1.261800	-0.433900	0.297500	1.313100	2.405100	1.211100	0.472900
121	5.360700	4.255100	1.357400	1.388200	0.000000	4.974300	9.552600	2.882500	4.710900	3.295300	-0.297100	5.782600	4.214000	3.313100	5.799500	4.853700	17.795550	12.176200	9.812400	17.385780
122	4.236000	3.073100	0.900500	2.118600	1.678100	7.199700	5.548500	1.349200	2.413900	2.590500	0.645500	0.000000	6.635800	2.732000	8.002500	3.301100	25.020280	12.655800	9.034100	8.020000
123	5.550500	4.441700	1.011400	5.171900	4.361700	5.925500	6.393100	6.067100	4.686600	4.363100	0.011800	3.923100	4.923400	4.426500	5.470800	3.302100	4.262100	1.088200	0.000000	1.739500
124	0.306700	0.000000	-0.780300	-0.484500	-0.702900	6.346200	-0.889800	0.588300	-0.674300	-0.187500	-0.773500	-0.977800	-0.299500	-0.571900	-0.290900	-0.549800	-0.849300	-0.772900	-0.669200	-0.415100
125	3.011500	1.805600	0.197900	1.554000	0.807800	1.940600	0.854900	1.851100	2.896500	1.679000	-0.371900	0.517600	0.114500	0.727200	0.000000	-0.490300	2.994200	2.876100	2.156800	0.864000
126	0.502300	-0.115800	0.349800	0.053800	-0.051000	5.350400	-0.572200	0.408100	0.000000	0.003100	-0.507500	-0.134500	-0.404400	-0.121000	-0.184200	0.281300	0.001700	-0.037300	-0.190800	0.118300
127	2.159300	1.196500	0.886700	1.108000	0.732600	-0.268100	0.485100	1.705300	1.867900	1.704000	0.381000	1.252800	-0.730600	-0.274900	0.000000	1.006600	1.855600	1.193600	0.987300	1.213500
128	0.479000	0.262800	-0.331000	0.032900	-0.109700	1.790100	0.020900	0.132000	0.000000	0.048100	0.382700	-0.037000	0.183400	-0.142500	-1.050800	-0.709700	-0.127400	-0.441800	-0.828000	0.356600
129	-2.592500	0.600700	0.682600	1.658600	1.513200	1.939600	-0.305000	0.831000	-0.331000	0.595800	0.458100	-0.887100	0.225700	0.097400	0.000000	-0.441600	0.637200	0.441600	-0.041500	0.552200
130	0.000000	4.066500	10.559500	10.732500	12.191600	13.179900	13.690500	9.706600	5.998400	6.094800	10.128300	13.195600	15.578880	13.369500	13.079600	11.330800	35.076610	40.095300	27.880010	57.898400
131	1.601200	1.189400	0.507800	0.893300	0.582100	0.000000	0.865000	1.439400	1.209200	0.457600	-0.014900	0.675200	0.559500	0.907400	0.994900	1.192100	0.736000	1.012100	0.766300	1.243900
132	4.142400	3.323600	0.000000	5.118500	6.265900	9.112800	5.669300	5.070600	4.323000	2.770800	0.315100	2.446500	3.257600	4.610400	5.045700	2.752200	10.663700	2.165600	0.852400	2.114600
133	4.858000	3.145700	6.584200	0.867900	3.247200	4.895900	15.036700	1.678100	4.071200	2.525700	4.042300	11.586700	3.828700	6.031800	0.000000	2.107800	25.202810	22.104940	13.895400	7.378000
134	5.945400	4.154300	0.318700	1.252900	0.000000	4.366600	5.365500	3.397600	5.019700	2.423800	0.402900	5.800200	4.489900	4.095700	4.405600	2.802000	9.382400	8.977300	4.213900	4.683200
135	1.969600	1.439000	-1.232800	0.000000	-1.138700	1.429900	3.793100	1.460500	1.700900	0.593200	-0.505800	3.032300	-0.712600	0.723000	-0.070600	1.114900	0.684900	0.647400	-0.206000	1.285800
136	4.506400	3.472200	1.856800	5.173200	8.624700	6.695400	9.571300	2.315800	3.288400	2.946700	0.000000	5.230000	4.273100	4.034900	5.493400	4.859600	15.918600	19.116260	12.384400	37.571000
137	0.727000	0.268800	-2.086600	-1.364600	-1.930500	1.623800	0.046600	-0.532000	0.284300	-0.782500	-1.710400	-0.708400	0.250400	-0.280500	0.301100	0.000000	-0.432800	-1.499200	-0.969000	0.934400
138	3.130200	1.647000	5.383800	2.978100	8.278700	4.609800	34.105640	0.000000	1.128200	1.536700	8.431400	21.407110	8.846000	9.726500	4.086800	2.832500	37.648070	33.668820	25.527470	43.931700
139	0.000000	3.592300	8.588600	7.922100	10.056800	14.870800	9.028000	8.261300	4.125100	4.922700	5.080300	9.299900	10.036800	9.989800	9.371300	7.327100	26.697057	16.035400	14.877500	38.504700
140	0.457600	-0.631900	-1.431100	-1.295800	-1.579900	-3.148200	-1.303900	0.055900	-0.021300	-0.575700	-1.694100	-1.847800	0.000000	-1.474800	1.534400	0.593800	1.551200	-0.789900	-0.625800	1.529400
141	1.077900	0.000000	1.182500	1.148200	0.469000	1.519900	3.362100	2.012400	0.501300	1.045800	1.856700	2.459300	2.728600	2.520500	3.196100	2.585900	12.109700	12.999700	10.679500	60.894200
142	1.660600	0.953100	0.052800	3.179600	3.117600	4.886900	2.765800	3.173600	1.221700	0.942000	-0.109500	3.191500	2.042000	1.201500	0.851600	0.000000	2.168400	2.487400	2.722400	2.368900
143	3.239000	1.979700	1.308400	0.403000	0.000000	0.618600	2.628800	2.383700	2.778700	1.371600	-0.340100	1.952000	0.797000	1.231700	1.526900	1.393500	0.662700	-0.272500	2.538200	3.438200
144	5.124300	4.004100	1.802800	2.129700	2.346600	4.654900	6.129500	3.303900	4.506200	2.999500	2.343200	4.799200	3.718400	4.592900	5.918200	5.092600	3.172000	-0.417000	0.000000	4.297500
145	2.377600	1.819000	2.996100	2.769700	3.752100	1.761900	4.448500	2.176800	2.241200	1.722900	1.916500	2.225700	4.715900	3.818300	3.768900	2.486700	0.000000	1.557500	1.126500	3.106500
146	2.888700	3.859100	5.335900	6.380200	6.429100	11.087100	4.709600	4.254900	3.936100	3.573600	2.504800	5.361900	6.768400	6.394100	0.624500	0.000000	9.049000	11.693100	13.456800	8.864900
147	0.326300	-1.336800	-3.572300	-3.174100	-2.699800	2.581900	1.709000	-1.288700	0.000000	-1.470100	-1.565500	1.057700	1.433000	-0.351300	-0.508700	-1.112600	3.459200	6.441200	3.178600	2.131700
148	3.283600	2.930700	2.627300	2.311800	2.027400	0.000000	2.626400	2.615300	2.882100	3.041200	2.385800	2.027000	3.133800	2.635100	3.084100	3.413500	3.218900	3.448200	3.299200	3.667300
149	2.129700	0.713600	9.326700	5.976300	7.733800	5.513400	12.168900	6.206400	0.000000	4.245600	11.386300	7.623900	31.759120	23.621730	10.626300	7.843400	17.838070	14.180300	14.322300	13.003600
150	3.979700	2.387100	0.000000	3.216900	2.692800	7.785600	2.479500	2.581600	2.916200	2.746300	-0.147500	2.205900	1.825500	1.615200	3.113300	2.639300	-1.646100	0.260000	-0.228200	1.425600
151	0.498000	0.269900	-1.077400	0.590500	-0.046200	3.591400	-0.100300	0.776600	0.129700	0.228000	-1.312900	-0.152700	0.000000	-0.185200	1.018100	0.695200	-1.113100	-0.137400	-0.804300	0.815000
152	1.761000	0.671200	0.771100	0.404100	0.390400	1.323100	0.377000	0.917500	1.185900	0.897400	0.406500	0.131600	0.848700	0.343800	0.000000	0.033200	2.401600	0.997100	1.987600	1.013600
153	3.275800	2.269100	1.148400	1.126200	1.813800	5.315900	2.753500	0.945500	1.626000	1.296600	0.216100	2.285600	2.582400	2.570100	3.228400	2.077000	-0.682700	0.663700	0.000000	2.661600
154	1.151600	0.571700	-1.461500	0.000000	-1.045300	3.459700	0.138300	0.218900	0.800100	0.035600	-1.895900	0.005200	0.337500	0.099700	1.030300	-0.078900	-1.095900	-0.569900	-1.241000	0.345000
155	1.008400	1.019300	0.685300	1.367800	1.094000	0.000000	0.237100	1.531500	0.996900	1.155900	0.415900	0.645400	1.030100	0.899400	0.991500	0.898000	0.667900	0.753300	0.219700	1.205800
156	3.096900	1.749000	-0.105800	0.000000	1.434900	7.518900	3.051900	1.257900	2.311000	1.717100	-0.452400	3.073900	1.338900	1.388800	2.043900	1.836600	10.777200	9.655200	7.279100	9.215500
157	0.309000	0.184500	0.597900	0.258000	0.482700	2.988400	-0.196100	0.015000	-0.224600	0.311200	0.214700	0.061500	0.000000	0.228200	0.130300	0.399200	0.339400	-0.077000	-0.315900	0.385700
158	3.680200	2.948200	2.648700	2.133800	1.829500	1.382400	2.960500	3.038700	3.037500	2.731700	1.902700	2.437900	0.000000	1.935400	2.501900	3.619300	3.347100	2.715800	3.099600	3.070300
159	0.000000	2.726600	3.118500	5.968300	5.555800	7.725400	2.761200	5.179300	2.498600	2.818400	2.708700	3.143500	3.179400	2.902900	2.446400	2.782500	3.242800	3.129000	2.471200	2.956300
160	1.139600	1.327000	1.849600	1.949800	1.824300	-0.020100	2.014700	1.539800	1.521400	2.541700	1.775100	1.894000	0.780700	1.623700	0.000000	1.154300	1.991100	2.006100	1.849800	2.319900
161	0.921000	0.000000	-0.023300	0.913500	0.480000	0.750400	0.353400	0.856000	0.672800	1.150300	0.065200	0.174100	1.051000	0.145800	1.360300	0.569000	0.063600	0.238000	0.216700	0.309500
162	1.539100	0.000000	0.737400	1.440800	2.996300	5.351400	5.248300	2.781400	2.040700	1.070900	0.623000	6.433100	4.110200	3.587700	3.582300	3.089200	14.960500	12.207000	9.262500	46.086800
163	1.286700	-0.024700	-0.837500	2.140900	3.212700	9.637600	0.100000	1.159700	1.010700	0.898100	-0.733300	-0.296800	0.000000	0.283000	1.112300	1.193200	-0.048200	-0.315700	-0.661900	0.715200
164	0.663300	0.024100	-0.021400	0.391000	-0.127000	3.048000	0.081800	0.048800	-0.057100	0.699800	-0.286300	-0.097900	0.000000	-0.422000	0.312400	0.188500	0.178600	0.083200	0.041400	0.421400
165	4.686600	3.450500	2.326200	3.816300	2.513500	8.681300	6.002000	3.395100	4.839600	3.504700	0.054700	3.583000	4.711100	3.867000	5.350900	3.693300	-0.625700	0.000000	-1.014700	2.707400
166	3.813100	2.472500	2.217900	0.000000	0.795400	6.289400	11.472300	1.735100	3.420000	2.132400	2.450900	6.521300	6.858000	5.659200	4.467400	2.602800	22.154170	11.185100	7.942400	20.694370
167	2.928400	2.759700	0.412400	2.457700	2.223900	4.466000	2.561900	2.536200	2.645700	2.604000	0.287700	2.392900	3.746600	2.955900	3.819500	2.171600	2.071300	0.000000	0.041900	1.663200
168	2.023200	1.212800	0.299200	2.124000	1.469300	7.347100	0.517100	1.954700	0.881700	0.667800	0.291400	0.000000	1.474700	0.507600	1.928800	0.599400	0.392200	0.198700	0.206200	1.101500
169	3.416100	3.035400	1.423400	2.529200	2.664400	8.268000	3.377500	2.125900	2.980100	2.296100	2.205200	2.632000	2.466400	4.314500	0.831900	0.000000	3.002700	2.114100	2.571100	4.528700
170	5.834700	3.484200	3.783800	5.797100	8.029000	0.000000	15.340520	5.912600	5.750200	3.676600	4.497100	8.006200	5.904400	6.238000	5.063300	5.596900	27.248740	25.747124	19.191650	27.188920
171	3.855200	2.347300	0.194300	1.706100	1.067800	4.332800	1.587000	2.957900	3.648300	2.696000	0.137600	2.338000	2.664300	2.617500	3.445300	2.880600	-0.656500	0.000000	-0.563500	2.050500
172	5.112000	3.590900	2.412800	4.923600	5.451400	4.344500	6.095900	4.580800	5.395900	4.489100	2.109800	2.096100	6.960000	4.829300	5.663800	4.660900	11.477800	0.000000	1.344200	3.956900
173	6.419100	5.232800	2.136700	6.239800	5.098500	10.940500	4.647500	6.033400	6.115300	5.430600	2.023000	4.384600	6.344500	4.596800	6.769100	5.273100	10.298200	0.000000	0.989800	4.809100
174	2.571600	1.028600	-0.785500	1.425200	1.092100	4.685300	-0.058300	1.016700	1.652400	0.770800	0.406800	1.407200	0.155800	0.915700	1.556200	1.012200	0.433400	0.000000	0.009800	0.116300
175	1.681600	0.181200	-1.738800	2.437700	1.877100	5.496100	1.450500	1.250200	1.742100	0.394800	-1.521000	1.688700	2.428900	1.209900	2.196800	0.000000	3.659600	4.274400	2.941300	1.257000
176	4.850400	3.366800	0.000000	2.459100	2.869900	10.554700	3.200700	3.212100	3.709200	3.311600	-0.086000	2.966600	3.311000	2.077200	4.489200	3.807900	-0.160200	0.211300	-0.571200	2.638700
177	3.598700	1.849000	2.241300	0.000000	0.048400	5.753500	7.895700	2.062900	3.559200	1.974800	4.707100	4.441900	5.304000	4.241100	5.054200	2.885800	30.391460	20.735140	13.281100	21.606490
178	3.091700	1.597400	0.109800	2.098300	1.216600	5.094100	1.989800	2.292300	2.633500	2.212400	0.448500	1.322700	0.000000	0.052300	1.863200	2.441000	0.898100	0.884700	0.349300	2.429200
179	1.735000	0.000000	-0.670300	0.594100	-0.096400	4.023800	1.821400	0.634900	0.523300	0.360400	-1.849100	0.258400	0.545900	0.209300	4.557000	0.945000	6.004600	8.407500	6.583300	6.678100
180	4.721800	3.480700	0.000000	1.962700	0.920200	5.278500	3.582900	3.126400	3.822800	3.465700	0.213400	3.434900	4.788400	3.905500	5.678300	3.114500	4.407700	1.432100	0.741400	2.469200
181	6.414400	4.246200	0.772500	2.741700	2.516600	7.312000	0.000000	4.416800	4.988200	3.678300	1.566000	1.558100	6.964600	4.806300	6.225900	3.078500	9.390900	7.254300	4.169500	4.087300
182	3.961100	3.132000	0.827100	2.280100	1.675200	3.673000	0.000000	3.122800	3.799500	2.752600	0.722700	1.746200	4.617700	2.490000	4.622900	2.949200	2.416000	1.850900	0.373700	3.362400
183	0.381100	0.000000	1.126500	1.717900	1.334100	6.822100	0.468400	1.921100	-0.100700	0.877500	-0.305100	1.004800	2.728100	0.870400	2.314000	1.321900	5.206200	3.669700	3.520000	2.284900
184	4.351400	3.201300	4.358100	3.864100	5.576100	0.000000	22.900830	3.001000	3.462600	3.603200	5.228200	12.808400	3.919900	7.289400	4.980900	5.424600	32.822550	23.565630	20.702620	31.716720
185	0.742300	0.600400	-0.556600	0.416800	0.017900	0.082600	0.133600	0.559100	0.356100	0.227600	-0.271300	-0.165900	-0.428100	0.020000	0.000000	0.536900	0.146200	0.215600	0.037100	0.708600
186	1.037900	0.851500	0.107900	1.120200	1.147900	2.142500	2.355700	0.000000	0.795300	0.831400	1.766200	2.093100	2.150400	2.205400	0.278300	2.177300	5.396100	6.204000	2.278000	1.478300
187	5.839900	4.061800	1.749000	2.676200	4.424100	0.489700	4.633000	4.705500	5.024900	4.283500	1.026700	4.546500	4.616900	3.504400	5.753200	3.894600	6.118800	2.622300	0.000000	3.001700
188	1.959100	0.000000	0.528500	1.477000	0.773400	2.341000	0.422700	0.693400	2.115700	1.455100	3.337700	1.072600	2.389800	1.511200	2.933300	2.908000	2.263200	3.809200	3.754900	4.208700
189	1.539800	1.031400	-0.213300	0.744800	0.219000	4.317200	-0.292000	1.175200	1.566400	0.633400	-0.769100	-0.362300	0.363100	-0.090300	1.475700	0.922100	-1.168400	-1.582600	-1.620700	0.000000
190	2.949500	2.308400	0.000000	4.293600	3.989300	3.602400	6.314500	5.406800	2.165200	2.039800	0.531900	3.022600	3.758700	2.010300	4.353800	2.450000	17.838930	13.235100	6.873900	6.502800
191	5.006800	4.313600	1.290100	3.497100	1.484300	9.405700	5.172800	4.526500	5.942600	3.743800	1.740400	4.184600	4.404300	4.108900	4.326200	5.370000	5.766300	0.000000	0.700700	5.555200
192	5.532300	4.075400	3.501500	3.132800	3.671100	6.930800	5.727500	4.076300	5.567900	3.937900	1.529300	2.592600	5.845000	4.265000	6.063600	3.990100	3.659400	0.000000	0.414600	3.945500
193	4.030100	3.434900	2.207300	1.889100	2.457600	6.686900	4.815500	3.159600	2.978800	2.658400	1.403100	3.025400	3.325000	3.330900	2.904400	3.332400	1.154300	0.000000	0.567800	3.530400
194	1.152300	-0.021100	-2.559400	-0.454400	-0.504600	7.885700	1.617000	1.113100	0.000000	-0.223700	-2.551800	1.171400	-0.390300	-0.107800	-0.117300	-0.771700	7.793700	6.447400	-2.345900	2.165800
195	-0.291500	-0.885900	-1.582800	-0.476400	-0.851600	4.467000	-1.454100	0.922600	-0.547000	-0.350100	-1.618400	-0.941900	0.162800	0.000000	0.189800	-0.089000	3.902300	3.550600	2.312200	3.759000
196	1.113900	0.307300	-1.451800	0.000000	-0.953200	1.223300	0.624500	0.561200	0.943800	0.209200	-1.998800	0.922400	0.442200	0.149000	0.925000	0.928000	-0.769900	-2.334600	-2.009700	0.727300
197	5.208800	3.845900	4.927600	2.931700	3.214400	2.067700	11.505600	0.000000	2.053700	3.447200	3.726300	11.451400	6.691000	6.307500	6.098300	4.921300	28.885980	18.845180	16.616300	19.094750
198	2.770500	2.454900	-0.160500	1.041000	1.683800	7.588700	2.201500	1.953100	2.007200	2.031600	0.000000	1.639800	2.808900	1.547300	4.054000	2.492900	-0.858900	1.171400	0.416800	2.339900
199	3.198200	2.429200	1.595800	3.381400	2.582900	0.000000	1.713800	3.975200	3.401600	2.970200	0.883400	2.107100	2.895200	2.858700	3.734700	3.194100	3.017900	2.303200	1.649500	3.433600
200	6.897300	5.103100	2.167300	4.964300	5.118700	15.826300	6.286200	5.692000	6.125700	4.350400	1.219600	4.769500	5.496400	4.828100	5.423900	4.800300	3.787200	0.192900	0.000000	3.604400
201	1.404400	1.285800	0.548600	1.275600	0.370100	2.661300	0.301700	1.430200	1.388600	1.451000	0.465000	0.000000	1.110800	0.817000	0.825100	0.684400	0.676300	0.454300	0.278600	1.181900
202	1.109900	0.000000	3.378100	3.174500	5.440700	-1.067600	9.139400	3.756700	1.733500	2.357500	5.921700	6.083400	8.575500	7.166700	8.251400	2.684000	12.609200	30.873930	25.044897	8.751100
203	1.415500	0.518400	-0.058600	0.627500	0.273400	4.321600	0.310300	1.625500	1.118800	0.967600	-0.040000	0.000000	0.906600	0.632500	1.259300	1.001000	1.024200	0.942800	0.896500	1.410600
204	3.411000	3.305100	2.961500	3.496200	3.468000	3.255900	3.324700	3.534600	3.536400	3.791300	2.743700	3.236400	2.973800	2.788600	0.000000	2.766200	3.332500	2.890600	3.356200	3.454200
205	0.000000	3.173100	3.049300	4.724000	4.525900	7.876700	2.780900	4.262900	2.970500	2.973500	2.932000	2.836000	2.988300	2.932800	3.370600	2.678100	3.842200	3.753500	3.711400	2.930300
206	1.228700	0.285200	-0.300400	0.646100	0.227900	3.525000	0.170000	1.078600	0.937300	0.798200	-0.364300	0.000000	-0.070300	0.251700	0.418800	0.817300	0.721200	-1.236000	-0.378800	0.861800
207	1.332100	0.613300	-0.427000	0.000000	-0.372200	-0.510700	-0.624700	0.160400	0.786500	0.367900	-0.506300	-0.826100	0.022200	-0.230000	0.296700	0.499400	-0.046200	-0.494700	-0.491300	0.610300
208	4.449300	3.118400	1.687900	2.578300	3.523900	6.318900	0.000000	3.094200	3.166600	3.026400	0.533600	1.275600	5.093200	2.938100	7.645300	4.003400	6.589400	8.695300	6.864000	7.679200
209	4.737600	3.757900	0.599400	1.682100	0.723100	6.703700	3.134600	3.049900	4.537400	3.236100	0.706200	2.740400	4.317400	2.965500	5.245600	2.366500	0.275400	0.000000	-0.509300	2.162700
210	1.249600	-0.063400	0.253800	0.472000	0.443300	2.386200	5.534000	1.207200	1.485600	0.000000	-0.367800	3.380700	3.226300	1.971700	2.462300	1.369400	9.880900	5.246500	3.298700	3.027500
211	3.092200	2.178400	0.932200	0.733600	0.444500	8.063600	0.000000	1.810400	2.535300	2.187800	0.718500	1.120300	2.898000	1.874600	2.174700	1.731800	11.680700	20.198140	11.302700	4.965800
212	4.522000	3.581300	0.774000	4.023900	3.841500	3.383400	3.505500	3.952400	1.932600	2.268400	0.374000	3.040400	3.958400	3.627100	3.862400	2.189500	-0.579800	0.000000	-0.740600	2.107000
213	4.713900	3.908300	4.772500	3.039400	3.531200	7.408900	0.000000	4.286000	4.562200	3.631300	1.518500	4.288100	5.477900	4.516000	6.894500	4.875500	16.581800	23.625920	18.649620	9.953300
214	1.646700	0.000000	2.596800	-0.706300	1.301100	6.603800	7.828100	0.487200	0.510100	-0.763000	0.287500	7.912600	2.939000	2.486200	1.177800	1.762500	18.819140	12.183200	9.335800	10.261900
215	3.554600	2.389200	0.000000	0.105100	0.008700	4.239600	2.957000	1.813300	2.834100	2.215800	0.792800	2.358700	1.899400	2.987700	2.957100	3.413500	9.680400	8.972700	5.026000	8.783700
216	4.217500	3.036300	4.604300	2.453900	2.502700	0.000000	6.436400	3.212800	3.021700	3.055800	1.667800	11.585300	2.351400	6.204200	6.019100	4.209400	11.650700	8.109300	6.638500	9.020900
217	0.000000	-0.871600	-1.549800	1.552800	3.457100	10.967400	-0.387300	3.545800	-0.116000	-0.842600	-0.121600	-0.502400	0.809300	0.559600	0.059700	-0.264400	-0.151400	-0.714700	-1.418400	0.079800
218	-0.362700	1.307800	2.981600	3.531100	3.154400	3.868600	2.598400	3.182000	1.454100	2.767100	2.743500	2.925400	2.231000	2.644400	0.000000	2.467200	2.703000	2.261700	2.147900	3.101700
219	2.056500	1.290200	0.662600	0.000000	-0.236700	5.001900	0.181600	1.063400	1.478000	1.248800	0.545600	0.151000	1.414300	0.698100	2.106100	1.686900	1.310200	0.882800	0.703800	1.316800
220	0.685100	0.677900	0.699100	0.732700	0.669900	1.894800	0.711800	0.663800	0.734200	0.583900	0.631100	0.525100	0.453100	0.496000	0.000000	0.309500	0.509000	0.653300	0.627900	0.654300
221	2.959900	2.045100	0.227700	0.939800	0.000000	4.383200	1.270100	1.951900	2.621900	1.837500	0.476000	0.917300	1.198400	1.604300	1.690800	2.240900	1.033100	0.785100	0.599900	1.768300
222	1.159300	0.396600	-0.059000	0.928000	0.679700	-0.317100	0.119900	0.825500	0.545400	0.524900	1.058200	0.000000	1.502400	0.688700	1.631000	0.528900	0.782800	1.276700	0.152300	0.996700
223	2.161900	0.897000	-0.035900	1.048600	0.617300	-0.997000	1.465300	0.714200	1.410200	2.074200	0.027600	0.194600	0.000000	1.128000	2.343400	2.329000	0.450500	0.503100	0.225800	2.287200
224	0.835500	0.034700	-0.368900	0.328400	-0.053200	-0.011500	0.027600	0.732100	0.738100	0.688600	-0.473800	-0.200300	0.000000	0.145000	0.534700	0.628700	0.211000	0.203300	0.164400	0.683600
225	0.447100	0.276300	-0.321500	1.352300	0.812600	0.380200	0.001800	0.733400	0.351900	0.467700	-0.184000	-0.184900	0.059800	0.136700	0.000000	0.155200	-0.120400	-0.378400	-0.462700	0.404500
226	3.270200	1.782000	1.169500	0.958500	0.798000	9.289900	13.078000	2.738800	2.222100	2.303300	3.801300	7.211900	0.000000	3.278600	1.117400	2.141900	25.117540	25.314080	18.242550	25.992890
227	0.848400	0.132400	-0.585300	0.013400	0.280900	-1.400600	0.469200	-0.500000	0.000000	0.373100	-0.708600	0.068100	-0.063300	0.227300	0.196800	0.306900	-0.924800	-0.593000	-0.697500	0.101500
228	0.000000	4.230200	21.919870	20.223120	24.513600	13.359300	24.998500	17.430120	9.809200	10.888400	22.071740	24.784940	26.509556	27.949878	19.659100	19.992450	58.967600	41.297300	37.803400	85.207700
229	3.807600	2.568800	0.872200	1.782800	3.229600	2.641900	0.000000	2.421600	3.077700	2.749800	1.088700	1.941800	4.939600	2.841500	5.354600	3.460500	5.964100	0.464500	0.397900	3.296900
230	4.280400	2.701400	0.000000	1.982900	1.619300	0.322900	2.289400	3.142100	3.926000	2.882800	0.166200	2.531700	3.456900	2.036000	4.867200	3.644400	4.131800	7.034400	4.479200	2.306200
231	-0.103700	-0.047800	0.766700	1.945400	2.211300	1.074200	0.333600	0.000000	-0.618300	0.158300	0.879200	0.775300	-0.299200	1.229500	-1.498700	-0.192700	1.075100	0.245000	-0.020100	1.050400
232	2.066800	0.978600	-0.056400	1.166900	0.725600	-0.772500	1.451400	1.170200	1.093700	0.328000	0.353400	0.825900	0.000000	0.011500	0.625600	0.528900	6.971500	2.218500	6.160300	3.117900
233	1.528100	1.127100	1.003200	1.480400	1.139800	0.908900	1.225900	1.322900	1.496900	1.846500	0.936900	1.028100	0.000000	0.812200	0.546900	1.580800	0.800700	0.908400	0.844400	1.573600
234	3.516700	2.262000	1.294500	1.680900	1.127600	1.941600	3.567000	2.191800	2.903400	2.558400	0.976500	3.041200	0.000000	1.674100	0.476000	2.109400	1.632600	0.958100	0.687400	3.460000
235	5.339500	3.298400	2.389300	1.248700	0.592100	7.518100	7.607800	3.375200	4.011900	3.682400	1.469100	2.456900	3.293500	0.000000	6.315700	4.837100	21.209630	15.798100	12.472000	16.599150
236	0.383500	0.503000	-0.676200	1.183500	0.641000	3.456200	0.000000	0.070700	-0.176600	0.220200	-0.967500	-0.375700	1.229900	0.352300	1.705800	0.008800	-0.622500	-1.585200	-1.250000	-1.097500
237	1.082800	0.511300	0.441700	0.890700	0.410500	4.136300	-0.518100	0.281400	0.645500	0.290900	0.128100	0.000000	0.881400	-0.082700	1.156600	-0.173700	0.258100	0.314200	0.279400	-0.489000
238	4.355900	2.979900	0.363700	1.452900	0.000000	5.333500	10.081700	3.934100	4.515100	3.035200	1.657200	6.310300	5.005100	3.796200	5.627900	5.137700	12.915000	12.077200	12.332900	42.366200
239	2.850700	1.905300	0.985600	2.986600	3.078600	2.295000	1.726900	5.845900	3.014400	2.113800	0.589600	1.593900	2.691400	1.829600	3.464500	1.181600	0.000000	0.396700	0.033700	1.355900
240	2.196500	1.869200	0.422800	0.779300	0.000000	7.021200	1.117200	1.176100	1.393200	1.266900	1.019600	0.682800	1.210600	1.154500	2.057500	1.036800	0.652500	0.434300	0.259900	1.127600
241	5.036000	4.109400	2.277400	3.385100	3.562000	5.067600	3.210300	4.944200	3.951800	4.515400	2.375100	3.462600	4.240300	4.166600	4.358400	3.968900	2.471800	0.673800	0.000000	3.251000
242	1.266100	0.828800	0.506700	1.483700	0.937900	1.922000	-0.507300	0.707900	0.000000	1.101400	0.607400	0.380900	1.130400	0.573700	0.874100	0.836900	0.873400	0.757700	0.672300	0.989700
243	5.783000	5.020200	4.514900	5.049500	4.563200	3.587000	0.000000	5.908900	5.668100	5.207500	4.348300	4.556000	5.270900	5.399600	6.381900	4.908300	5.606200	4.772000	4.700000	4.576800
244	0.862800	0.092800	-0.058500	0.416100	0.212100	-1.391700	-0.261400	0.708700	0.702700	0.445700	-0.483700	-0.110100	0.237900	0.000600	1.152200	0.571200	-1.162900	0.529700	0.281400	0.000000
245	0.783200	0.412800	0.359400	0.511400	0.347300	-1.097000	0.238800	0.527600	0.635200	0.852700	0.417200	0.426300	0.000000	0.248900	0.558300	0.763100	0.664000	0.406800	0.313600	0.857000
246	0.056900	0.053100	-0.548500	-0.221600	-0.499800	-0.055100	-0.559700	0.033100	0.110800	-0.216100	-0.884200	-0.606900	-0.160200	-0.256900	0.262700	0.000000	-1.234800	-1.150000	-1.281700	-0.265600
247	2.444300	1.282100	-0.814600	-0.385500	-0.904500	4.542100	-0.605500	0.576700	2.290600	1.103200	-0.469000	0.562700	0.000000	0.572100	0.311600	0.950300	0.714100	-0.288000	-0.638400	0.614400
248	0.210100	0.327300	-0.005400	0.381700	0.034700	-1.051200	-0.296100	0.375300	0.245600	0.378300	0.255300	0.000000	0.297000	0.159400	-0.034600	-0.171900	0.071300	0.101000	0.005000	0.319900
249	2.157700	1.051300	0.618700	0.888800	2.158300	0.230700	0.000000	1.534400	0.809900	1.528500	0.538100	0.773600	1.333400	0.809000	1.780700	0.738100	1.049300	1.032400	0.872200	0.925200
250	1.762600	1.318600	1.445800	1.802100	1.734000	0.000000	1.151600	1.228200	1.598500	1.655300	0.864800	1.289900	0.656400	0.873900	1.782500	0.922900	1.521300	1.560800	1.541200	1.575100
251	0.050500	-0.696900	-0.936100	-0.132900	-0.515800	-2.783800	-0.959600	-0.428800	0.057600	0.314800	-0.891700	-1.191600	-1.447400	-0.952600	0.000000	-1.024000	-1.072300	-1.203100	-1.275200	-0.081100
252	1.038700	0.838000	0.909100	2.123800	1.616600	1.908300	2.222400	2.573600	0.890000	1.268000	1.409100	2.375300	1.398200	0.947900	0.000000	0.258000	1.548500	0.990900	0.729900	1.243200
253	2.562400	1.379200	0.462000	0.118000	-0.354700	4.842900	0.822200	0.805700	2.201000	1.194500	-0.217100	0.580800	1.472000	0.820300	1.857100	1.071900	0.030400	0.000000	-0.603200	1.584500
254	4.460900	2.839900	0.000000	4.971700	5.079300	6.679800	12.104100	3.840400	4.714300	3.271100	0.979900	6.289300	3.381300	2.721400	4.654900	2.974900	18.166230	18.037120	11.175400	3.900600
255	3.134800	1.888200	-0.240400	1.919100	0.997300	6.154400	0.000000	1.421700	2.347400	2.436400	-0.310700	0.819300	3.158800	1.584200	4.465500	3.004800	4.440800	2.713800	1.710100	2.756300
256	1.051000	0.234100	0.015100	1.147600	0.661100	4.002600	0.182200	0.238500	0.411000	0.853400	-0.244100	0.000000	0.970200	-0.007900	1.392100	0.426500	0.710300	0.722900	0.541200	0.387000
257	1.404000	0.463200	-0.046000	1.002700	0.268900	4.804100	0.068900	1.076300	0.756500	1.217300	-0.163100	0.123000	0.000000	0.159800	0.554000	0.716100	0.650900	0.545800	0.447900	0.484900
258	6.211600	4.740900	1.507700	3.618300	2.466800	7.505500	4.299200	4.553600	5.716100	4.890800	1.225700	4.841900	6.250900	4.367400	6.761700	5.595700	1.874400	0.000000	0.428500	3.844100
259	1.100700	0.188600	-0.759600	0.000000	-0.682000	0.638200	0.187900	-0.148000	0.331400	0.272000	-1.065200	-0.128700	-0.339700	-0.334000	0.554500	0.174400	0.060400	-1.138100	-1.502200	0.601100
260	0.404600	-0.414200	-0.728300	0.309900	-0.274600	2.531800	-0.557000	1.315800	-0.076600	0.422400	-0.818500	-0.574300	0.000000	-0.135500	0.576200	-0.497000	-0.749300	-0.612600	-0.733700	-0.060300
261	2.605300	1.391800	-0.063600	1.418800	0.481800	6.094200	0.000000	1.275700	1.507800	1.850000	-0.666200	-0.413900	1.811000	0.646000	2.517900	1.078500	0.580700	0.724200	0.448700	1.388300
262	4.477600	3.192800	0.000000	2.647000	2.663700	7.301500	8.213900	3.244800	3.766100	3.041600	0.726900	4.679800	5.476200	3.337600	5.720500	2.809600	27.239170	16.705850	12.080600	21.285730
263	0.896600	0.901100	0.043500	1.145700	0.578100	3.134500	-0.009900	0.887400	0.180200	0.269500	0.092900	0.118600	0.718700	0.000000	1.303700	-0.047700	-0.019200	-0.121500	-0.157500	0.112000
264	0.936100	0.752600	0.475600	1.668800	1.298100	3.635400	-0.479800	0.390200	0.131300	0.585500	0.228500	0.000000	1.138300	0.291300	1.147100	0.237200	0.380800	0.334700	0.206800	-0.156100
265	0.000000	2.493100	2.010800	2.833600	2.322400	5.602300	1.637000	2.487200	2.161400	2.246900	1.518300	1.619700	2.311700	1.877400	2.513500	2.337100	1.722300	1.785400	1.710700	2.083800
266	1.707500	0.852100	1.431400	1.113200	0.633000	0.000000	0.757200	2.297500	1.538100	1.332000	0.671700	0.655800	0.714900	0.947300	1.960600	1.720800	1.772500	1.192200	1.016100	1.774000
267	4.581600	3.136200	0.323700	0.000000	0.561900	5.347100	3.035400	2.721900	4.101100	2.323500	1.612000	2.740700	3.526200	2.735600	4.236300	2.610200	6.571100	8.942900	7.894600	20.842080
268	2.438200	1.770800	0.443100	1.050900	0.696900	1.145800	0.890700	1.467000	2.389800	1.561300	0.669000	0.865200	1.082800	1.251800	1.004500	0.000000	1.725400	0.672100	0.483900	2.657700
269	8.214900	7.099100	3.878000	5.803400	6.159500	9.531700	5.527900	7.135800	7.585900	6.354300	3.776300	5.538700	7.493500	6.416700	8.416700	6.327400	6.689000	0.000000	2.499600	5.897900
270	2.904500	1.863000	0.111500	0.321400	-0.271300	4.165500	0.000000	1.529300	1.401100	1.536500	0.901000	0.494000	2.234400	1.196400	2.689200	1.420000	0.131900	0.752600	1.019300	2.108600
271	5.790100	4.264100	0.000000	2.506900	1.546800	5.992200	9.158500	4.189300	5.404300	3.443600	0.337900	5.673300	4.931700	3.468200	5.060000	3.939700	14.108800	11.960300	4.927900	7.110800
272	3.987900	3.232800	1.228000	2.403200	5.002200	8.595900	3.506300	4.058400	3.569400	2.980800	1.891400	3.106400	2.886200	0.000000	5.536700	3.164000	6.034800	2.505200	2.203600	4.724900
273	4.120500	2.507200	-1.168300	0.786000	0.000000	4.731500	7.085400	2.156000	2.326500	1.806000	-1.372300	4.414500	3.451700	2.568600	4.135000	3.448700	25.741285	24.726890	17.249240	18.385170
274	0.850800	-0.172100	-1.008700	0.230200	-0.270000	4.945900	1.477800	0.235200	0.078900	-0.431200	-2.409300	0.934700	0.460500	0.000000	3.321400	2.697200	15.205300	14.636900	17.065780	6.972600
275	3.585500	2.755700	-0.844200	0.675500	0.000000	3.523800	3.191100	2.111000	3.219300	1.925400	1.187900	3.176600	3.266700	1.680500	3.853700	2.113100	6.840600	3.376200	3.122300	2.455200
276	4.556300	2.874200	0.507900	2.732500	2.467100	9.644100	1.495600	3.043600	2.698500	2.704900	0.948800	1.312500	3.861600	3.682900	3.569600	1.260200	2.776100	2.838700	2.083600	0.000000
277	1.740000	0.809400	-0.311600	-0.255300	-0.601600	-0.621800	0.382200	0.560900	1.094600	0.554200	-0.150600	0.132100	0.000000	-0.017600	0.393400	0.931200	1.277300	1.257600	1.243100	1.637000
278	0.566700	0.000000	-0.781200	1.119000	0.060100	5.240800	-0.441600	2.079900	0.816000	0.409000	-0.940100	-0.586500	-0.222100	-0.163000	0.129000	0.485400	-0.343000	-1.744100	-2.125200	-0.118500
279	1.397400	0.753400	0.596600	1.658500	2.068300	7.138500	0.127700	1.655600	0.000000	0.857100	0.458900	0.649600	1.331500	0.627600	1.568100	0.624800	1.536600	0.881200	0.870300	0.643500
280	0.810000	0.810600	0.890700	1.176600	1.016100	0.000000	0.896200	1.120500	0.853900	2.596300	1.031900	0.887600	1.009700	0.800800	0.959200	0.769600	2.566400	0.638300	0.607400	1.025900
281	0.208600	0.071400	-0.325100	0.404000	0.139000	0.036600	-0.520300	0.562900	0.144800	0.002700	-0.384000	-0.443900	-0.201900	-0.059000	0.000000	-0.018000	-0.214600	-0.531800	-0.603000	0.141700
282	0.854900	-0.017900	0.713000	1.146400	0.720200	2.947400	0.538900	0.242500	-0.216700	-0.179200	-0.471100	-0.622800	-1.301700	-0.656700	0.000000	0.731200	2.303900	0.698700	0.518600	2.189400
283	1.255300	1.281100	0.434500	0.597800	0.715100	1.463900	-0.420400	0.000000	-0.052100	1.035600	0.654400	0.084000	1.098400	0.567800	0.940800	0.776400	0.826600	0.669400	0.268100	0.562200
284	0.866200	0.000000	-0.810400	0.942500	-0.202500	-1.207600	-1.623200	0.381600	0.239200	0.454500	-0.686300	-0.744800	-0.434000	-0.611800	0.196800	0.147500	-0.150600	-0.083400	-0.411600	0.254700
285	1.082600	0.168900	-2.461900	-0.628200	-1.106600	-1.195000	-0.090400	0.000000	0.913500	0.473800	-1.107900	-0.064200	0.026000	-0.025500	1.201900	0.449200	0.670100	0.151800	-0.032900	1.169000
286	3.370700	1.943400	1.016700	1.174500	0.000000	1.708100	2.593500	2.600700	3.017500	1.101700	0.155300	1.883400	3.315900	2.563800	3.538600	1.769500	2.673700	2.727800	2.337300	2.360000
287	4.683700	3.570400	1.048100	4.563400	3.573100	7.588700	2.942500	4.273900	3.738500	3.148000	0.981800	2.322100	3.599200	3.028300	3.411400	3.087400	1.934500	-0.341400	0.000000	2.087600
288	4.473500	2.774200	0.518500	2.189000	2.457800	9.461500	5.757300	1.668400	3.668200	2.208800	1.015000	1.857300	4.340100	3.159500	2.815300	1.102000	27.519150	26.230308	25.366481	0.000000
289	1.076600	0.000000	-1.759400	0.995400	0.272200	-1.418200	4.540200	0.288100	0.445900	0.525400	-1.995800	-0.620900	-1.357200	-0.969800	0.630300	1.157300	10.021600	2.313500	1.270000	1.302500
290	0.000000	-0.177800	8.625500	6.598700	7.894500	6.426300	24.780060	6.219300	2.228500	3.296900	8.857800	12.474500	13.858600	12.726900	8.106700	8.401800	57.196100	39.133900	33.514020	32.218590
291	4.328200	3.731800	1.000400	1.953100	0.000000	11.351000	3.936300	3.289300	4.073000	2.973400	1.481600	3.320900	2.395900	2.868500	2.455700	3.029700	2.030500	3.318400	3.014600	4.368700
292	0.756000	0.500900	0.000000	0.783500	0.439200	-0.876400	0.493800	0.888800	0.541900	0.926700	0.274200	0.201300	0.537000	0.960700	1.161900	1.331600	-0.680200	-0.601100	0.232100	1.251500
293	3.973300	3.281900	2.382300	3.060100	5.333200	1.924500	5.676100	4.287300	4.406700	3.532900	1.920100	4.024500	3.839600	3.999000	3.502300	3.756800	0.000000	3.078100	1.364400	3.365500
294	1.999700	1.569500	1.608100	2.111200	1.922900	0.780800	1.524400	2.072900	2.006400	1.878300	1.956000	1.522300	0.828000	1.598700	0.000000	1.033800	1.655100	1.593700	1.573200	1.944900
295	0.063400	0.253400	0.201100	0.510400	0.462000	-0.748600	0.063300	0.367600	0.315200	0.685300	0.565900	0.000000	0.387200	0.459200	0.541400	0.294200	0.232500	-0.102400	-0.151400	0.617700
296	0.040800	-0.120100	-0.055400	0.387900	0.136400	-1.021600	-0.091800	0.375600	0.232400	0.379400	0.061200	-0.186800	0.000000	-0.116700	0.159500	0.250700	0.225300	0.207500	0.202600	0.405400
297	-0.448400	-0.499100	-0.460100	0.794000	0.506600	0.424400	-0.760400	0.000000	-0.326000	-0.310300	-0.118200	-0.675800	-0.500400	-0.384700	-0.734900	-1.355000	-0.165400	-0.499700	-0.511900	-0.760400
298	2.908500	2.187200	2.243700	2.867000	2.663300	5.440200	2.890200	3.021400	3.056400	2.178300	1.178800	2.138000	6.068000	4.077700	5.253000	3.100700	8.428400	4.622200	4.242900	0.000000
299	1.541900	1.350100	1.379900	2.320900	1.954100	0.000000	1.087300	2.181000	1.639500	1.803600	1.329500	1.331200	1.250700	1.877200	1.023900	1.790500	1.649200	1.706700	1.133300	2.086600
300	2.987800	2.210900	0.672400	2.065600	2.036200	1.598700	2.967100	2.409300	3.054900	2.265400	0.798200	2.534100	1.957800	2.583900	2.514500	2.875800	0.000000	1.963300	0.809600	2.824600
301	3.284700	2.334800	0.655100	1.057500	0.225900	5.605600	2.023500	2.144700	2.686100	1.806200	1.152400	1.167800	2.936000	2.335300	3.583200	2.263800	0.514600	0.543200	0.000000	1.922100
302	2.029800	1.267600	-0.643700	0.637700	0.255600	0.302400	0.698500	0.928700	1.765700	0.887900	-0.793800	0.276000	-0.005700	0.580400	0.000000	0.813400	1.518900	-0.544500	0.139900	0.750800
303	5.163500	3.975000	0.000000	3.624800	4.212900	13.578400	8.959900	4.059200	5.680700	3.783200	0.625600	4.390200	3.538300	2.641700	4.171000	2.827600	17.812130	12.048000	9.383700	53.548300
304	0.224300	0.000000	0.750100	2.993000	4.024200	8.007400	15.725800	3.237200	1.276200	1.329000	-0.167500	13.473500	6.977800	4.106600	4.280700	4.590500	22.511860	29.746680	27.208340	62.272000
305	1.614400	0.921300	-0.527900	0.480100	-0.389500	2.501400	0.282300	0.716500	1.184700	0.895800	-0.604800	0.000000	0.825100	0.357600	1.142000	1.078600	-0.449900	-0.674500	-0.324600	0.784500
306	5.519500	3.511900	-0.542400	0.000000	-0.752500	5.472000	7.614800	2.735200	4.654700	2.632800	0.149800	4.826000	4.538100	3.893400	4.353900	3.500500	12.170300	6.208700	3.113000	3.121500
307	1.976800	0.282300	-1.156700	-0.928000	-1.199900	3.194400	-1.225000	-0.084900	0.000000	-0.176500	-1.135500	-0.936800	0.055900	-0.706800	1.894300	-0.424700	0.680500	2.073800	0.696000	0.365600
308	5.317200	3.273000	1.584300	1.056000	0.000000	5.416700	8.450500	2.755300	4.766300	2.550200	0.470100	5.405600	4.812200	4.430600	4.949500	3.284200	17.110680	27.955650	18.490450	31.823150
309	1.627200	1.344600	-0.063200	0.451700	0.341000	4.893200	-0.330800	1.133700	1.433200	1.138200	0.202900	0.000000	1.285600	1.432500	1.773200	1.420700	1.561300	0.893700	1.059700	1.575300
310	1.326300	0.540100	-0.673900	-0.470600	-1.048800	4.484800	-1.137400	0.000000	0.383400	0.239200	-0.747300	-0.870300	0.062000	-0.780400	0.624700	0.509600	-1.292800	-0.851400	-0.905800	-0.280900
311	2.451000	1.585800	0.476700	1.085000	0.431100	0.000000	1.394900	1.789400	2.171600	1.547000	0.053200	1.106800	1.587800	1.359200	1.887000	1.722800	0.525800	-0.242200	-0.767900	1.068200
312	5.008200	3.744400	0.000000	1.988000	0.963600	4.045200	3.856400	2.976500	4.189700	2.985900	-0.108800	3.412100	2.896800	2.788700	3.789000	3.805600	7.540800	8.020600	5.175000	4.421900
313	-0.056000	-0.413100	-0.124600	0.619200	0.430800	-2.184300	0.217900	0.263100	0.000000	0.731700	-0.232200	0.126400	-1.338300	-0.003200	-3.805100	-1.477800	-1.023000	-0.276500	-0.414000	0.251400
314	1.762800	1.421800	1.566400	1.847900	1.624900	0.000000	1.738200	1.766700	1.824700	2.110100	1.465200	1.694400	0.471600	1.329200	1.202100	2.028300	1.083700	1.626400	1.584100	2.044700
315	0.826200	0.239400	-0.544000	0.234900	-0.404600	-0.491900	0.349600	0.485600	0.708100	0.602000	-1.084100	0.097000	-1.276200	-0.358800	0.000000	0.690200	-0.213500	-0.291100	-0.458200	0.738100
316	1.396600	0.667500	0.101200	0.000000	-0.158700	0.219000	0.123300	0.903900	1.206900	1.040200	-0.076100	-0.151800	0.096300	0.565400	1.203800	1.097600	1.345700	1.194600	1.021500	1.119400
317	2.518100	1.849400	0.000000	2.286500	1.515000	7.283800	3.296600	2.770800	2.197100	2.342000	-0.228100	2.938700	1.950900	1.999100	1.999500	1.970700	10.558500	9.777800	9.123200	6.057000
318	1.109000	0.256200	-0.253800	0.969800	0.423100	1.943900	0.325400	1.192400	0.377700	0.882000	-0.980100	0.403600	0.000000	0.539600	0.509600	0.432500	0.288100	0.401400	1.217800	0.649000
319	0.964400	1.078700	0.054400	0.108000	-0.302700	2.443700	-0.225700	1.353200	0.729500	0.719600	-0.194600	0.000000	2.211000	0.347600	2.589700	1.008500	0.383300	-1.134700	-0.479700	1.572800
320	4.956900	3.056700	3.805700	2.367700	2.289000	6.347000	10.925700	0.000000	1.586600	2.830300	2.482500	9.062200	4.309200	5.184400	4.398100	3.274800	30.449560	22.355860	17.105730	12.676100
321	0.874300	0.000000	-1.788600	-0.638400	-0.390500	3.860900	-1.649300	-0.060500	0.090800	-0.569500	-2.051000	-0.513700	-0.641100	-0.954900	-0.853200	0.541600	-2.281400	-1.697600	-2.613700	-0.571100
322	4.905400	3.885500	1.455700	2.598800	2.129600	2.846500	5.178000	2.880100	4.096600	3.474800	0.965000	2.892000	2.684300	3.463700	3.874000	4.227600	1.834800	1.057900	0.000000	3.643400
323	2.645800	1.628200	-1.007400	1.231700	0.971200	2.684700	-0.690700	0.635000	1.283300	0.847600	0.010000	0.183500	0.489100	1.609900	0.538300	0.000000	6.866600	9.995500	4.427600	3.826800
324	2.861800	2.087500	-1.260500	1.148700	0.000000	-0.540100	3.099100	2.918700	2.722600	2.027000	-0.544800	1.823200	0.793600	1.584300	2.957200	2.361300	2.443600	1.279200	1.112500	3.289900
325	1.293000	0.000000	-0.629700	0.365600	-0.404800	3.057100	-0.378200	0.918300	0.815800	0.423500	-0.396600	-0.575000	-0.165700	0.018000	0.651700	0.522200	-0.491400	-0.045800	-0.134300	0.489000
326	1.510500	0.851100	-0.439300	0.348400	0.131900	5.142000	0.719400	1.496000	1.142800	0.614800	-0.549100	-0.070800	1.774300	0.837300	2.860100	0.000000	2.035100	-0.057400	-0.980900	0.049000
327	1.984200	1.079400	1.256200	-0.192600	0.471200	9.128100	1.317700	0.611000	1.519000	0.627700	-0.283100	-0.956400	2.196700	0.000000	3.595800	2.346800	2.625800	2.170600	2.039800	0.930800
328	3.697600	2.664600	2.271900	1.994000	2.373000	0.000000	2.911900	2.755000	3.076300	2.669400	2.363200	2.580000	2.732900	3.053000	2.491100	3.093900	3.136900	2.483900	2.263000	3.320800
329	0.033400	0.000000	0.021500	-0.007900	-0.031900	-1.512400	-0.185200	0.026900	0.090100	-0.038200	-0.319000	-0.158100	-0.312800	-0.106200	-0.004200	-0.049300	-0.332900	-0.288000	-0.398300	0.043700
330	0.988400	0.036500	-0.914000	0.728500	2.247600	-1.039400	0.283800	1.550700	0.000000	-0.169200	-1.023500	-0.196000	0.268400	-0.106500	1.574000	-0.298900	-0.230000	-1.094200	-1.314700	0.595600
331	3.035700	3.123100	0.000000	1.609000	0.960800	4.976700	5.564600	3.465100	4.391600	2.794100	0.713900	3.029200	2.781100	3.186400	3.014700	2.211000	10.088200	6.903300	4.332500	4.216300
332	0.000000	2.814300	2.949100	5.480000	4.869100	9.580800	3.026700	5.788200	3.644200	3.388100	2.721800	3.011200	3.137200	3.133800	2.696900	3.270800	3.237100	3.119700	2.838600	3.383900
333	3.487600	3.010200	0.000000	1.377600	0.422000	4.288700	1.363800	2.122900	3.192300	2.302600	0.251600	1.812900	3.463800	2.164700	3.737900	2.627100	1.818300	2.126600	2.004300	2.871200
334	3.193900	2.443600	0.000000	1.637700	0.776900	0.436400	1.330000	1.725300	2.520000	2.236500	0.637200	1.634000	2.586200	2.631500	3.164300	2.375500	1.738200	0.736100	0.642300	2.420600
335	0.182700	-0.012000	-0.235900	0.254400	-0.029100	-0.603700	-0.545300	0.184700	-0.168600	-0.026200	-0.275800	-0.296600	0.000000	-0.335300	0.418500	-0.425600	0.271200	-0.079900	-0.192800	0.282700
336	1.150900	0.000000	5.584300	4.238400	9.159700	1.492300	13.062400	8.747000	0.811300	1.031100	6.760300	7.450000	6.965000	8.443800	7.334400	5.008100	22.910320	24.326590	8.992100	47.734900
337	0.710300	0.987600	0.366100	0.883700	0.864200	2.832800	-0.076200	0.718400	0.523500	0.948400	0.574500	0.000000	1.377700	0.287000	1.408200	0.160500	0.888100	-0.332400	0.264500	0.260300
338	1.069300	1.094300	0.087400	2.844200	3.976900	5.455200	-0.644000	2.313100	0.000000	1.070900	-0.097800	1.317900	3.221400	1.186900	5.149600	2.559900	4.981900	5.642200	5.248600	5.008100
339	3.651200	2.194900	1.846800	2.809900	2.900200	0.000000	3.957200	4.269200	3.894000	3.090200	2.485700	3.569400	3.295600	3.085400	4.424000	3.543500	4.202500	2.018900	1.967600	4.100100
340	1.504000	0.688800	-1.018800	1.162900	0.477600	0.722100	0.077400	0.864500	0.457400	0.394900	-0.486100	-0.402400	0.000000	0.269600	0.794200	0.685100	-0.705800	-0.474200	-0.441000	0.481700
341	4.495500	3.975100	3.423200	3.623900	3.647300	8.733900	4.534000	3.373000	4.279500	4.443500	3.127800	3.993200	3.200400	4.441300	0.000000	3.950600	3.797300	3.342300	4.717600	4.627100
342	3.845100	2.438400	1.940200	2.667000	4.647900	0.262000	3.197500	3.814800	4.050000	2.874600	0.280900	3.477700	3.526000	2.450400	4.981000	3.580500	5.144900	0.000000	-0.348300	2.730400
343	0.841400	0.165000	-1.786800	0.326800	0.288000	1.599100	-2.905000	0.491000	0.399600	-0.066000	-1.828700	-2.033300	1.803700	-0.302400	1.686400	0.000000	9.847000	11.138300	6.963100	6.159900
344	-0.095000	-1.665100	0.801000	-0.659400	0.240300	9.329500	9.001100	-0.713400	0.000000	-1.654800	0.434600	2.469400	0.461900	0.104600	2.498600	0.172600	6.111900	7.158900	6.470100	14.668700
345	2.262000	1.375400	-0.364400	0.964300	0.000000	0.435700	3.462100	1.632300	2.483600	1.679700	-0.673800	1.964500	1.308100	0.728300	1.417700	1.483800	8.802700	4.139100	3.390800	9.272300
346	0.000000	-1.702900	-4.662900	-2.204400	-3.513300	-2.611300	1.047100	-2.671500	-0.943400	-1.323600	-4.063200	-2.807800	-1.701700	-0.908300	0.925000	-1.253300	10.513700	-1.224400	1.367400	-0.030600
347	0.823300	-0.468300	-0.863800	-0.085500	-1.061500	-1.918400	0.112400	-0.708000	-0.498200	0.054600	-1.114400	-0.197000	0.000000	-0.577200	0.411200	-0.194800	0.160100	-0.004900	-0.225200	0.635700
348	4.499600	2.839400	0.000000	1.307300	0.019200	6.108500	4.194400	2.708600	3.312300	2.950100	-0.210500	1.909100	2.546300	2.413100	3.804700	2.748800	-0.443100	2.184000	3.772000	2.371300
349	1.680600	0.241600	-1.428500	0.222500	-0.430600	2.235900	0.000000	0.460000	0.695000	-0.054400	-2.004400	-0.848100	0.303900	-0.202000	0.974600	0.945900	-1.800300	-0.975400	-1.432700	0.575100
350	1.836300	0.902300	0.664800	0.000000	0.319600	3.271400	0.530400	-0.191900	1.355300	1.649600	-0.419000	0.001500	0.834200	0.823700	1.683600	1.769900	1.324100	1.014200	0.953500	1.626800
351	1.326000	0.000000	0.047500	1.323000	-0.170400	3.264300	1.219700	0.656300	0.696800	1.162400	0.339700	0.832300	-0.139900	0.390000	0.361500	1.673200	2.175500	0.997100	0.859700	1.055500
352	3.332000	1.674900	0.760600	0.000000	-1.096700	4.649600	3.004500	1.752500	3.625300	2.305000	-0.383200	1.777200	1.780700	1.981400	2.745700	2.881000	2.099000	4.175900	2.597800	3.276100
353	2.382300	1.132800	-0.154400	1.194500	0.264800	4.389500	0.748400	0.891900	2.464900	2.009700	-0.543400	1.425000	1.033100	0.873100	1.136800	2.062100	-0.263500	0.000000	0.639100	0.543400
354	-0.148300	-0.802500	-1.344400	0.132200	-0.501900	4.086600	-1.242200	0.000000	-0.357200	-0.697000	-1.385400	-1.392900	-0.934000	-0.961900	-0.591100	-0.314700	-0.786700	-2.114100	-2.402800	-0.224300
355	2.144200	0.952000	0.360200	2.300900	2.391200	5.536200	1.102800	2.402400	1.609000	1.861700	0.145800	0.654800	1.318600	0.762200	2.211700	1.424600	0.000000	0.230100	-0.038800	1.173600
356	3.467300	1.975100	0.145300	0.000000	0.888800	6.873600	4.478700	2.252300	2.903600	1.774900	0.971900	4.462100	2.346000	2.935400	2.777600	3.205900	24.524170	18.733700	12.690600	8.062100
357	1.559800	0.635800	-0.921300	1.136200	0.092100	5.746900	1.187000	1.314600	1.214700	0.857600	-1.106600	0.647700	-0.311200	0.000000	-0.271700	-0.824900	0.131100	-0.833300	-0.879700	-0.679000
358	0.605000	0.131300	-1.151200	0.226000	-0.392500	2.791800	-0.224700	0.372400	0.198000	0.544200	-1.471100	-0.675100	-0.183900	-0.105700	0.532900	-0.016100	-1.033500	-0.916900	-1.101700	0.000000
359	3.453400	2.443500	0.000000	0.465000	-0.302300	5.410000	1.128300	2.524000	3.641900	2.483900	0.602500	1.262600	2.602300	1.765600	3.533600	2.933600	0.593800	0.010400	-0.012000	2.098000
360	0.282500	-0.491200	-1.368600	-0.698300	-1.500500	3.274400	0.000000	-0.994300	-0.492200	-0.079200	-2.447400	-0.359900	0.617400	-0.471900	1.429400	-0.153500	1.943200	0.694800	0.099400	-0.317500
361	1.337800	0.349200	-0.195200	0.580500	-0.232100	4.384500	0.051200	0.938200	0.435800	0.963500	-0.711900	0.000000	0.625100	-0.172400	1.012400	0.325400	-0.643700	0.046800	-0.492800	0.603600
362	1.972100	0.894200	0.000000	1.267600	0.768900	5.522700	0.730300	1.468300	1.114100	1.424000	-0.436500	0.585200	0.595700	0.658500	1.565400	1.055100	1.356900	1.424900	0.591600	1.666900
363	1.696100	1.552000	0.228200	1.569600	3.344700	3.540000	0.590200	1.701900	1.204100	0.947800	-0.221500	0.000000	2.010600	0.900100	2.565800	0.539200	0.398900	-0.152700	-0.416800	0.188300
364	1.042600	0.688700	-0.382100	0.562000	0.000000	2.812100	-0.529900	-0.140200	0.110100	0.282000	-0.248700	-0.561100	0.784000	0.084900	0.632100	-0.015800	-0.116500	-0.004100	0.156000	0.108200
365	0.000000	2.294500	1.815400	4.599400	4.432400	6.536300	1.932400	2.857200	2.281200	2.079800	1.762100	1.767100	2.008100	1.914100	1.881200	1.663500	1.809400	1.565100	1.478800	1.878000
366	-0.264400	-0.546400	-0.132600	0.764600	0.551900	4.305300	-0.888500	0.434400	0.000000	-0.429600	-0.251100	-0.613300	-0.245100	-0.791900	-0.261400	-0.562100	-0.175700	-0.216200	-0.504800	-0.480900
367	0.713300	0.484800	0.000000	1.174800	0.802200	0.149700	1.427600	1.062500	0.691200	0.857800	-0.165400	1.089600	1.006200	1.180100	1.308300	0.863900	-0.088900	0.054600	-0.638000	1.098200
368	-0.305800	-0.351100	-0.670100	0.000000	-0.250100	2.644700	-1.164700	0.328300	0.016700	-0.285000	-1.374700	-0.863700	-0.455600	-0.441000	0.044200	-0.064800	-0.902000	-0.632800	-0.700800	0.026000