SITE	GLY	ALA	LEU	VAL	ILE	PRO	ARG	THR	SER	CYS	MET	LYS	GLU	GLN	ASP	ASN	TRP	TYR	PHE	HIS
20	2.518850	2.061730	1.188100	1.869500	1.762850	2.341560	1.541200	1.929260	2.529410	1.782880	-0.159800	1.875780	1.322100	1.579600	2.405330	1.630600	1.721360	0.781400	0.000000	1.208200
21	1.455000	1.128400	0.508100	0.734700	0.554500	1.033400	0.214100	0.683600	1.264900	0.830900	0.714300	0.485200	-0.172500	0.679900	-0.557700	0.000000	1.153300	0.764000	0.611900	1.005800
22	6.433290	5.758450	2.574480	5.931380	6.122230	4.782170	5.993230	5.662980	6.968990	5.119340	2.663700	4.920490	5.086930	5.128800	5.004970	5.519680	3.689140	0.000000	1.710560	4.632350
23	2.593230	1.885090	1.672700	2.675560	1.935620	1.566200	1.476600	2.297390	2.026290	2.509930	1.248100	1.364100	1.290400	1.234900	0.000000	-0.575700	1.597800	1.839410	1.603700	1.592300
24	3.971870	3.077590	2.066650	3.336570	2.869590	6.477950	2.292660	3.653120	2.959000	3.239230	1.975590	2.181490	0.959800	0.000000	2.314790	2.071680	1.351400	1.984850	1.657600	2.945690
25	1.979000	1.219000	0.213500	1.160700	0.587600	0.000000	0.735200	0.689000	0.833300	0.805600	0.071400	0.775600	0.223500	0.968300	1.040600	1.061400	1.534600	1.138400	1.093600	1.222900
26	0.349900	2.070000	0.522000	4.724380	4.485100	4.016090	1.715400	3.996700	1.704700	1.746800	0.121300	0.720500	2.697870	1.664000	2.520170	2.039200	0.675300	0.000000	-0.453600	1.966100
27	7.685900	6.077190	3.016080	6.843880	8.352580	16.888680	0.000000	4.915160	7.640490	5.496750	3.417630	6.010530	7.066190	5.012440	7.194600	5.611650	6.906290	8.104660	5.220440	6.264320
28	0.000000	0.219200	1.314600	0.219700	3.366630	-2.771800	5.711540	0.562700	1.661100	0.589100	0.212600	1.427900	0.718900	0.968600	1.678900	1.199100	3.736230	3.249900	2.930800	2.293500
29	3.161630	2.555490	0.659800	2.089030	3.309060	4.377550	2.149240	3.239860	2.949120	1.927520	0.673300	2.310880	2.722170	0.000000	3.099830	2.085670	3.857540	2.188180	1.040300	3.022960
30	5.569500	4.074300	2.344400	1.828800	1.138700	6.077030	5.545590	4.408480	5.208150	3.002490	1.401200	2.721400	7.950810	4.417210	8.170060	2.879400	4.102310	0.000000	-0.812900	1.881300
31	3.756080	2.806470	0.876600	1.811300	2.081000	7.170700	3.102810	1.137800	2.360080	2.210700	0.706400	2.021800	8.280540	2.588580	8.475170	2.941980	13.275270	3.254140	0.328900	0.000000
32	5.682870	4.386950	2.809280	5.895160	4.392740	2.692530	7.097330	4.533210	5.408500	3.927390	1.409300	4.134440	6.675620	4.873270	6.470620	5.033750	6.987300	3.778370	0.000000	3.617920
33	1.438700	0.300100	2.923900	2.439100	4.532110	2.619300	7.174350	1.890900	0.000000	1.395200	1.608500	6.059400	1.587500	0.828900	2.276900	2.513700	25.453000	18.952200	12.159151	41.549100
34	3.696470	2.307960	3.995240	2.626030	2.776830	0.000000	2.822450	3.978860	4.087550	2.953190	2.072000	2.832600	6.372350	3.543700	4.424750	3.675150	6.065600	5.238290	4.778360	4.750400
35	1.449700	0.099200	0.512800	-0.310900	-0.763600	0.176300	-0.773600	0.507200	0.486100	0.775400	-0.962600	-0.475900	0.399400	0.000000	0.846200	0.508700	1.782770	-0.711100	-1.317900	1.833450
36	1.367400	0.979200	0.019200	-0.017900	0.159400	1.661100	0.136900	0.244800	0.496300	0.473700	-0.140600	0.000000	0.220400	0.291500	1.827650	1.029600	0.112800	0.337800	0.307500	1.372800
37	-2.693400	0.088700	-1.191600	5.257320	4.006030	3.706640	-0.077100	3.889180	0.364900	-0.159300	-1.354100	-0.857200	0.872800	0.229100	0.645300	0.000000	-1.294700	-1.104500	-1.380100	0.310200
38	5.346370	3.917330	2.545690	5.615700	5.250150	8.778070	5.001310	7.892540	4.971940	4.539820	2.264230	4.645450	6.158990	4.916090	6.508320	4.436550	0.000000	2.212610	1.249600	3.563140
39	4.095150	2.610800	0.805700	1.072700	0.669600	6.295720	7.473820	2.581390	3.226380	1.881800	0.000000	1.597100	4.566630	2.173100	6.949210	5.820370	15.293480	11.850747	14.528200	19.558370
40	0.846600	0.554600	1.882100	3.762330	4.611370	4.058340	1.511000	2.968630	1.093300	0.344900	1.064400	1.343000	4.188030	3.321840	1.851000	0.000000	6.027900	6.797040	3.309240	3.811730
41	0.417300	-0.593200	-0.162800	-0.312100	-0.236200	-0.361100	-0.383000	1.109600	-0.736600	-0.184600	-1.694000	-0.611600	1.933300	0.164900	0.000000	0.178800	-0.337600	-1.943200	-2.105100	1.667100
42	3.584290	2.132300	8.236360	2.570700	5.712150	0.000000	17.725020	2.315300	4.397810	2.728400	7.125840	8.581480	10.637700	9.790950	9.814190	6.048040	18.575390	24.398300	30.646700	31.114700
43	0.751800	-0.558400	0.015100	3.602550	3.008780	6.683460	10.391240	1.829800	0.489700	-0.986700	7.355440	9.378160	4.277610	5.198470	-0.143800	0.000000	27.471400	15.715760	11.392745	9.913930
44	0.000000	4.412430	9.442910	10.957790	17.671310	16.432640	20.220290	11.521890	6.569710	6.544370	12.191039	14.958940	14.140710	13.869140	11.905038	9.878750	25.546300	22.771900	18.286230	77.036600
45	4.174960	3.140580	0.000000	2.055700	5.711550	2.361880	8.710090	3.466310	4.472340	2.269570	1.835900	4.809610	4.077800	2.997840	4.753100	2.736300	19.991760	11.061610	5.588350	7.738120
46	5.186860	3.654270	0.000000	2.864290	1.931700	8.797050	4.023620	1.813600	3.320700	3.112080	-0.197000	2.327400	5.214180	3.773910	5.555730	2.948060	8.466280	6.959690	3.478040	3.386510
47	3.222490	1.704900	1.131500	-0.043600	2.918910	3.940040	0.981900	0.688200	1.913000	0.783600	-0.042200	0.574000	1.763500	1.751100	2.756400	0.919100	1.106900	0.000000	-0.377200	0.847900
48	1.964790	0.676700	-0.634500	-0.737100	-1.129200	3.665770	-0.499500	0.053900	0.151500	-0.073700	-1.048400	-0.818300	1.040900	-0.215000	1.952980	0.955800	0.009700	-0.995400	-1.628800	0.000000
49	0.357000	1.035300	0.983000	1.585600	2.824880	6.936720	0.781600	1.392200	1.198200	0.880200	1.087800	0.499800	0.960800	0.543800	0.820000	0.000000	2.781060	0.794100	0.685800	0.688300
50	0.000000	2.755420	2.492320	4.657480	4.513210	4.846970	1.889080	3.585670	2.762650	2.643040	2.631450	1.803700	2.410980	2.303760	2.386850	1.845940	2.704250	2.564050	2.583860	2.402890
51	2.440030	1.575900	-0.493100	-0.137400	-0.504200	5.188710	0.782400	0.000000	1.672400	1.139900	-0.211900	0.144600	1.831080	1.609000	2.821030	1.640700	-0.273700	-0.019400	-0.172100	0.596000
52	4.792640	3.474370	0.579500	2.859390	3.903450	4.725310	2.659550	3.873770	3.806220	2.909800	0.162900	2.214900	4.429050	4.121890	4.569470	3.833620	-0.340700	0.000000	-0.515500	2.792840
53	1.254200	-0.170300	-2.475000	3.045450	2.191000	2.208700	-0.816600	-0.986100	-0.182100	-0.049000	-2.231200	-0.189500	1.271700	0.681700	1.116200	0.307000	1.578800	-2.643100	-3.029900	0.000000
54	5.017930	3.419230	0.000000	3.011100	2.511600	8.414990	7.293090	3.766730	4.737110	3.124600	0.259700	4.524290	5.056260	3.873260	5.466530	2.689600	14.490890	10.084560	3.265900	4.104920
55	4.525570	3.618740	2.350760	6.394300	8.728430	3.025450	4.367040	7.205720	2.489130	3.072000	1.232600	2.989050	5.826520	4.555700	6.154710	3.384770	4.710170	2.038300	0.000000	2.526700
56	3.707090	3.361740	5.865450	5.345510	4.735840	5.624410	6.627290	4.720600	4.433420	3.133790	1.516300	5.885390	5.755670	4.724670	5.876510	4.716580	5.019250	1.048500	0.000000	3.365060
57	0.918400	-0.175100	-0.240300	0.081300	1.028300	2.730640	-1.237400	1.421200	0.568800	-0.224600	-1.272000	-1.240500	2.174820	0.000000	1.352500	0.479000	9.235000	18.897570	9.738640	6.959480
58	3.708920	2.913980	0.962900	2.452930	2.569970	12.148288	2.755250	4.239700	3.658720	2.811880	0.895700	2.602460	4.003690	3.208280	4.803000	3.508310	0.958500	0.000000	0.216600	1.813200
59	2.185000	1.580200	5.118140	3.085150	5.690240	6.746460	3.002290	2.351800	2.487440	2.107800	3.285240	4.328440	5.553490	5.675530	2.873790	0.000000	13.727420	12.385341	11.567513	5.345990
60	4.853970	3.573610	2.165850	3.025840	5.033060	0.000000	3.013550	5.179300	4.446240	3.822250	2.281110	2.626000	3.489450	3.194790	4.069110	3.813210	2.559590	2.885820	2.862540	3.454980
61	0.000000	0.194400	-0.451200	2.873460	1.635800	6.466740	0.183800	2.379400	0.696200	0.475400	-0.342600	-0.056800	0.647200	0.665200	0.058000	0.141400	0.347200	0.147700	0.135700	0.603400
62	0.000000	2.214600	2.601650	5.000730	5.005120	4.736860	2.647650	5.145470	2.700890	2.442030	2.562270	2.461690	2.210060	2.440990	1.211100	1.743610	2.965890	1.751820	1.716030	3.199990
63	1.170000	0.758700	-0.613500	0.806800	0.000000	0.031300	0.889600	0.611400	0.406000	0.799800	0.337000	0.281300	-0.291700	0.130900	0.207100	0.435800	1.017900	-0.095300	-0.362900	0.715000
64	0.576300	0.614200	-0.405000	-0.044200	-0.308600	1.392700	-0.521400	0.080800	0.444300	0.393300	-0.078000	-0.061700	0.000000	0.215200	-0.068400	0.277600	0.164400	-0.290400	-0.454000	0.472000
65	2.501400	1.463500	0.182600	1.476500	0.681800	0.161400	0.760300	2.081820	2.133110	1.540800	0.040500	0.546200	1.429200	1.431300	1.892840	1.941410	0.000000	0.527000	0.321800	1.428200
66	0.000000	2.433870	2.578330	5.281520	5.319070	10.354410	2.346280	5.820190	2.690490	2.626980	2.323370	2.478910	2.833690	2.846700	2.109750	2.342990	2.931630	2.376890	2.183760	2.449880
67	0.335000	0.565000	-0.337300	1.482800	1.860430	1.233800	-0.022600	4.541770	1.787470	0.719500	-0.268400	-0.505700	0.718200	0.891900	1.248000	0.000000	1.513900	-0.439200	-1.283200	-0.355000
68	3.316870	1.771200	0.785600	0.340400	0.000000	4.235620	9.357720	2.736730	2.781760	2.102820	0.809800	1.421600	3.767330	-0.134100	3.933060	1.705000	21.667520	24.659000	17.429060	21.968940
69	2.854880	1.998700	7.884180	3.621030	5.565320	11.067760	21.774350	3.520240	0.000000	1.674400	9.299830	11.211020	9.708340	8.556170	9.174970	7.771660	51.615000	28.107900	23.319600	29.782800
70	7.078360	5.547740	2.585280	4.463040	3.670660	5.966610	4.835370	6.424800	5.902310	5.047370	2.569840	4.119290	6.415300	4.340450	5.762450	4.924390	0.000000	7.680530	3.988670	3.531910
71	0.000000	4.264110	10.137550	15.548830	19.498030	17.913020	10.373950	12.710909	6.666560	7.488830	7.279450	9.693670	10.172540	9.929980	9.173650	8.910380	15.682510	10.161680	11.138870	63.462500
72	4.045280	2.510990	-0.531300	1.865800	1.347400	2.712040	4.291520	4.500160	3.613940	2.206300	-0.872100	2.101200	4.764670	2.327930	4.533270	2.135200	0.863300	4.738830	3.058380	0.000000
73	1.465900	0.000000	11.906054	2.366410	5.216120	7.300020	16.265290	3.075610	0.162800	0.883500	7.929230	15.063370	15.241110	11.025510	8.260070	8.672380	38.070000	29.031000	26.048700	42.843600
74	2.606680	1.558600	0.243300	0.014200	0.000000	3.617180	1.271100	1.327100	2.191530	1.294100	0.080500	0.757700	2.136190	1.600900	3.905430	2.545080	0.198100	0.560300	0.804600	1.551000
75	0.632400	-0.204400	9.561080	3.914800	8.776620	3.032500	16.269420	1.235800	0.000000	1.194500	10.472780	16.331070	9.247280	7.011580	13.115020	9.190810	18.718840	12.507190	10.998240	67.101900
76	-0.087500	-0.029700	-0.631700	0.232700	-0.068300	-1.003600	-0.730000	0.118000	-0.359900	-0.001700	-0.516300	-0.638500	0.000000	-0.185200	0.181000	-0.525600	-0.623400	-0.736300	-0.887500	-0.303200
77	0.316700	0.403800	-0.037300	0.240200	1.035200	3.501900	0.488200	1.288200	0.540000	0.298500	-0.037600	-0.210100	0.180000	0.242200	0.000000	-0.350100	-0.167000	0.032000	-0.020600	0.297100
78	2.497800	3.567990	0.000000	4.576430	4.720090	6.791140	3.891570	4.455780	3.133710	1.945500	0.849500	2.775070	4.504410	3.469620	4.772650	1.580300	17.468590	12.130453	13.192000	38.549400
79	2.847870	2.733720	0.930400	4.380680	3.031380	10.804290	11.855241	0.000000	1.743700	2.476340	3.848700	13.705710	8.434790	4.266380	7.098170	3.749930	26.577700	9.080650	11.531879	40.359900
80	2.626600	2.602000	1.613200	2.413700	1.363400	4.007720	0.549800	1.726300	2.273900	2.558700	0.999500	0.934600	3.211770	1.560300	3.184420	1.578400	1.239000	1.145200	0.284500	0.000000
81	4.907180	3.650230	1.754000	2.942600	3.035000	3.225600	3.085000	4.258830	4.903090	3.422200	0.979100	1.235200	5.214810	4.176520	5.699660	4.375710	0.000000	0.451500	0.132600	3.529800
82	0.595400	0.126600	-0.728400	-0.214500	-0.947200	2.799560	-0.916500	-0.157100	0.088700	0.023900	-0.726600	-0.414400	0.000000	-0.263300	-0.039000	0.033300	-0.709600	-0.481200	-0.648400	-0.631200
83	2.170110	1.967100	0.693300	1.207400	0.917400	-0.156400	2.281560	2.831130	2.898090	1.359000	0.804000	1.945400	0.000000	1.646400	2.236050	2.228860	1.583000	1.303600	0.813900	2.513910
84	2.141650	1.347000	-0.638100	0.150100	-0.197700	5.018160	0.139600	1.384300	1.795900	0.549800	-0.891700	0.000000	1.955000	0.739400	2.899900	1.692300	-0.914000	-1.557900	-1.509600	0.620800
85	1.327900	1.269400	0.984500	1.323700	0.864700	0.000000	0.599200	1.351900	1.376900	1.251100	0.403700	0.654700	1.021100	1.289200	1.166300	1.077900	0.741100	0.967000	0.850300	1.474400
86	2.667130	1.425900	0.662300	0.000000	-0.590200	0.527900	1.007600	1.237500	2.296070	1.282700	0.117400	0.607800	1.066800	1.172500	2.138800	1.841700	-0.047300	0.532700	0.469200	1.270000
87	1.133700	0.000000	7.433320	2.470420	5.613500	3.347300	9.009270	2.460360	0.514400	1.697600	0.121400	6.682580	6.333700	5.539580	5.962830	4.574370	42.824400	30.463000	26.541200	39.752000
88	6.153330	4.106470	0.000000	4.339450	1.359300	5.041700	2.867970	4.061320	3.824060	3.259720	0.241900	3.957820	4.486380	1.740500	4.534180	2.574990	7.524900	6.721660	2.654140	2.837390
89	3.288630	2.505540	0.000000	1.608400	0.793200	1.557000	1.290100	1.718500	2.829230	1.652300	-0.496900	0.815900	1.388300	1.424200	2.669590	2.172330	2.926940	3.241180	3.204990	3.777170
90	2.040910	0.000000	3.097890	1.856400	3.030540	1.137200	18.543190	2.181410	1.461000	1.348100	4.494670	7.695650	8.155530	7.555230	4.269660	5.462150	32.088300	24.275500	20.766590	66.425000
91	3.432490	2.356760	1.892600	2.290110	2.508910	4.354910	0.000000	1.726600	2.004100	2.500880	2.099800	0.919600	2.337320	1.777600	3.120820	1.902400	1.948200	2.026400	2.016400	2.419860
92	0.000000	4.134420	4.658350	8.750660	9.097490	9.833460	4.280610	8.541500	5.139710	4.874780	4.054200	4.539010	4.798890	4.442830	5.681260	4.574390	5.674050	4.727770	4.769940	4.805020
93	3.428310	2.290970	0.386300	1.963410	1.026300	3.213300	2.015880	1.632900	2.190080	2.297510	0.594000	1.873700	2.432980	2.476250	3.243110	2.946300	0.976600	0.860000	0.000000	2.319880
94	0.000000	3.620480	3.204720	4.697100	4.243100	8.038860	2.881520	4.797980	3.739380	3.535980	2.711230	3.200770	3.258930	2.767500	3.389290	3.474040	2.479790	2.708230	2.644730	3.412420
95	-0.542500	1.221700	-0.050700	0.466500	1.734690	3.764110	1.008400	0.091000	0.000000	1.176100	1.190300	-0.210300	1.276000	1.247700	1.181000	1.242500	1.290300	1.206800	1.163300	1.330000
96	0.215900	0.231900	-0.176900	0.091400	0.044300	0.786900	-0.227100	-0.011500	0.255100	0.000500	-0.310800	-0.268300	0.074800	-0.285500	0.000000	0.080200	-0.271700	-0.387000	-0.530500	0.181600
97	2.619030	1.512300	0.288700	0.000000	-0.072800	1.080200	2.159400	1.484900	2.315800	1.157300	1.096800	1.242300	1.989910	1.713800	2.622620	1.772500	1.668900	1.621500	1.579100	2.991040
98	0.573700	0.379500	-1.497200	-0.560400	-1.093400	2.535610	-2.068200	0.000000	-0.000500	-0.080700	-1.511500	-1.194900	0.108300	-1.052600	0.929900	-0.271400	-0.108600	-0.798100	-0.794700	0.159900
99	3.742840	2.455080	0.578900	2.460810	1.764900	7.244890	3.674980	1.579500	2.464330	2.312190	0.685600	3.497180	0.000000	0.869200	2.360000	1.544000	12.458272	12.208236	11.261185	9.909120
100	3.927190	2.263100	0.586100	3.450140	5.930220	3.421740	2.243700	2.998300	2.695270	2.161000	0.000000	1.871500	1.930100	1.530600	3.605820	3.164750	2.681270	4.401510	3.331390	4.548030
101	3.970810	2.799740	0.910800	1.886800	0.572000	4.399550	2.052900	4.252480	4.394520	2.803320	-0.249800	1.715500	5.145990	3.092140	4.933740	2.539160	4.830220	0.000000	-1.506600	0.536000
102	2.788080	3.248120	1.329800	3.669450	3.252940	4.075850	1.386900	5.116840	3.056350	3.443180	0.778600	2.117000	4.340100	3.389310	3.407370	1.864000	1.651100	0.789800	0.000000	2.577970
103	0.903400	0.185100	4.050530	1.859100	2.640620	-0.972000	-0.759800	0.637800	0.000000	1.021700	2.368520	-0.201700	8.576020	3.564310	6.158990	4.635670	15.925810	9.386860	7.811190	8.057510
104	0.000000	10.011630	35.277000	26.785700	36.132800	21.299180	44.980400	27.824300	17.616510	18.543310	32.767800	42.109500	37.871400	39.224800	33.243200	31.613700	95.664500	74.129800	68.052100	89.664000
105	2.715210	1.738600	3.808190	2.510130	2.086100	7.614260	4.690790	0.847200	0.000000	0.992500	0.719500	4.321220	3.640670	1.861300	3.209700	2.295300	6.959360	6.852550	5.867800	22.161690
106	1.875600	0.000000	-1.670400	-1.041000	-0.282500	6.577300	7.399210	-0.251000	0.442200	-0.486500	-0.110100	3.610600	3.289300	2.878600	4.001700	2.567900	22.078710	26.623800	19.036220	17.987680
107	4.101660	2.773400	-0.914500	0.000000	-0.491000	4.451990	3.082600	2.173700	3.782270	2.043800	0.910800	3.742600	2.087800	4.046070	4.143310	3.325290	6.442390	5.045930	4.691810	9.599860
108	1.483000	0.000000	0.074400	0.048600	1.721700	-1.271000	0.093800	1.077600	1.298000	-0.128000	-0.811800	0.060000	1.342900	-0.061400	0.827400	0.445600	9.683530	-0.376300	-0.962300	1.352200
109	4.052820	2.339000	5.323990	1.383600	3.535950	2.907580	11.893063	3.907700	3.848020	2.284100	4.330450	12.507540	7.192010	9.209610	0.000000	2.259100	13.793431	21.750120	20.978520	8.485180
110	0.259100	-0.328600	-0.702100	0.000000	-0.220600	-0.564200	-1.091400	0.163300	0.166200	0.314600	-1.166600	-0.673200	-0.622200	-0.722300	0.140600	0.215200	-0.911300	-0.389900	-0.601300	-0.040200
111	0.407100	0.293400	-0.579700	0.620200	0.728000	-0.238400	-0.432700	0.925300	0.339400	0.579400	-1.037900	-0.560300	0.459900	0.131900	0.307200	0.000000	-1.516800	-0.740400	-1.032600	0.293700
112	0.645900	0.855500	1.853700	1.911000	2.000100	5.533210	0.748200	1.803000	1.701200	0.417200	0.385400	0.315000	1.389100	0.846600	1.204400	0.000000	4.429030	3.507310	4.026810	3.504600
113	1.254900	0.366400	-0.390100	1.433100	0.916400	2.898990	0.288500	0.000000	0.041500	1.045700	-0.679900	0.425200	1.471600	0.797600	2.175300	0.414800	-1.073700	-0.233400	-0.488700	0.804000
114	1.876100	0.964400	6.014220	1.782000	4.807790	6.923490	15.117060	-0.341800	0.000000	0.432800	6.899110	11.563520	9.007300	9.880930	4.940030	4.244390	29.693500	18.709610	11.472960	22.513300
115	0.000000	3.509180	3.340610	5.220160	4.946170	8.438660	2.800000	4.760300	3.523730	3.823970	3.334790	3.296770	3.278240	3.018300	3.636070	3.218050	4.171270	3.304910	3.335800	3.610730
116	5.072400	3.935010	2.264500	5.139300	5.794520	6.737400	4.466130	6.181170	4.076230	3.522810	1.887000	3.895170	4.506200	3.627330	4.954300	3.507650	6.569580	1.061000	0.000000	2.481400
117	0.000000	-0.052700	1.707600	4.150850	4.401390	2.606900	2.417800	4.909570	2.163100	1.637900	0.981900	1.540400	2.905880	2.744340	3.068760	3.969860	4.116390	2.494700	2.388500	4.564730
118	2.136460	1.139400	0.743800	1.160400	0.684000	4.011330	-0.393700	0.964600	0.703700	0.758100	0.064400	0.000000	1.151200	0.394400	1.467100	0.630900	1.140600	0.714200	0.725300	0.348000
119	-0.258500	0.481700	0.163200	1.173500	2.790790	4.267950	-0.204100	0.608600	0.467000	0.172200	-0.125200	-0.332600	0.112600	-0.038500	0.000000	-0.063800	-0.674500	-0.310000	-0.595900	-0.216300
120	0.000000	2.307160	3.944160	4.630240	4.638280	5.625060	2.193370	2.632540	3.914090	2.276160	3.847190	2.222100	3.914210	3.873190	2.440970	2.259080	3.825920	3.833190	3.842120	3.887140
121	0.718300	0.034300	-0.018400	0.598500	0.356600	1.981060	-0.482200	0.532900	0.548800	0.400700	0.088000	0.000000	0.800300	-0.019900	0.751400	-0.059500	0.621900	0.423400	0.408400	0.018900
122	0.343300	-0.511500	-1.550200	-0.485100	-1.546100	-1.305600	-1.306500	0.000000	-0.045000	-0.758300	-1.104800	-1.588300	-0.074200	-0.766900	0.805000	0.174100	-2.035800	-1.849200	-1.369700	-1.632400
123	3.776750	2.172800	5.042010	0.741100	2.091400	0.000000	15.386870	1.942700	3.520440	1.648000	4.972700	10.202120	6.304410	5.802150	7.890950	3.586490	28.146700	24.753400	15.655990	40.215400
124	3.932730	2.265950	0.000000	0.736000	-0.026200	2.407390	3.794800	2.570380	2.858060	2.140810	-0.329500	2.602790	4.029560	2.945260	4.778880	2.098430	6.644570	4.413700	2.121170	3.419540
125	5.324110	3.619110	-0.390600	0.000000	-0.009700	6.377700	8.323400	2.790790	4.210450	2.758000	1.890400	5.559330	6.113980	3.646330	5.519090	3.222090	20.966200	12.706031	8.795560	14.568900
126	1.713600	0.000000	-1.499800	-1.052300	-1.145200	5.649820	10.446190	-0.065800	0.796200	-0.228500	-1.473700	4.785670	2.111100	-0.666900	4.031170	2.070200	20.744560	14.216410	7.947200	30.289700
127	5.966250	4.068360	0.384400	0.736900	1.190800	4.156220	5.723960	3.281200	4.803690	3.270100	0.000000	4.387400	5.741810	3.974640	6.211230	4.469330	12.936601	4.334310	3.613200	4.691250
128	3.406240	2.091100	0.038100	3.282840	4.890130	4.594470	4.090010	3.853330	3.133720	1.689200	-0.621400	2.357620	4.773760	2.886440	4.380410	2.970430	1.105600	0.000000	-1.085800	2.120070
129	4.227460	2.532800	4.585820	3.600190	6.046580	9.072150	13.879184	0.000000	1.529000	2.141700	4.725310	12.066400	6.518800	5.408600	6.067420	4.342380	44.653300	31.939000	23.699700	39.008500
130	1.053200	-0.319200	5.010790	-1.178100	5.018080	2.746120	7.229370	0.585100	0.000000	1.064800	0.785500	4.247900	6.945380	3.357390	3.042320	3.936610	9.721720	6.794950	14.882290	22.867600
131	5.178520	3.734910	2.384880	4.184820	3.582330	11.628746	3.392990	2.453710	4.040720	3.483890	1.491600	3.238140	4.444270	3.033880	4.131010	3.241320	1.567600	0.000000	0.665300	2.078200
132	4.986770	3.881020	1.105300	2.306450	2.458440	6.092700	2.614680	3.514170	3.923080	3.277960	0.478400	3.212080	6.179370	4.193320	5.824670	3.239310	-0.103200	0.000000	-0.769800	2.185860
133	3.934880	3.091410	1.798400	3.484090	2.774350	0.000000	2.844210	3.104170	3.667090	3.664000	2.003600	2.624390	3.595150	3.021340	4.473370	3.502330	3.350110	3.157560	3.102460	3.373040
134	0.874000	0.593800	-0.842400	0.000000	-0.301200	1.098000	-0.631900	0.068300	0.521900	0.285600	-0.468200	-0.456300	0.645900	-0.233700	1.203700	0.640700	-0.137700	-0.223500	-0.439900	-0.250000
135	0.682100	0.000000	-0.030100	0.342000	0.417000	-0.961200	0.338300	0.313500	0.061800	0.507700	0.127100	0.114900	0.462200	0.237900	1.202800	0.694100	0.664200	0.500600	0.424400	0.552500
136	1.984020	1.817260	1.703800	1.256700	0.827300	6.790190	1.725200	1.224500	1.696000	0.490400	-0.195600	1.172400	2.306520	0.000000	2.174230	1.654500	1.172000	1.743540	1.809110	2.418300
137	0.543100	0.233900	-0.685000	-0.111900	-0.391500	-0.108700	-0.866700	0.000000	0.379300	0.077400	-0.413800	-0.729600	-0.077800	-0.689500	0.316800	0.127100	0.059300	0.327700	0.349700	0.602600
138	3.981790	3.092110	0.000000	2.630590	1.808500	2.571380	1.716200	2.649420	3.551460	2.545480	0.549200	1.719200	3.345130	2.665690	3.399900	2.778870	1.976900	0.697100	-0.689400	47.071100
139	1.894700	1.506100	1.365600	1.967500	1.704300	0.000000	1.212700	0.933000	1.008000	1.902260	1.241600	1.134600	1.734600	1.245000	1.883300	1.837920	1.106000	1.467800	1.525300	1.936240
140	1.909000	0.415200	2.649640	2.174300	3.955810	2.341500	3.829140	3.450300	0.000000	1.056000	3.059790	3.578070	5.171070	3.882370	3.322520	2.291700	7.198190	6.527360	6.426200	5.269720
141	0.000000	3.022520	3.472960	4.520220	4.464400	7.959580	3.134110	4.530130	3.416920	3.015490	3.196210	3.301320	3.305570	3.222190	3.364400	3.048630	3.269740	3.308520	3.276210	3.442010
142	1.363100	0.294700	-1.614700	0.181000	-0.754500	3.651390	-1.352200	0.757300	1.105700	0.341400	-1.002000	-1.204300	-0.225500	0.000000	0.662400	0.675100	-0.843200	-0.988400	-1.573200	0.371400
143	0.529700	0.108000	-0.485300	-0.110400	-0.489800	0.081400	-1.164600	0.000000	0.246400	0.003300	-0.596300	-1.123000	-0.623300	-0.459400	-0.484800	-0.066000	-0.628000	-0.731600	-0.951300	0.293600
144	4.116130	2.669000	2.948500	0.000000	1.156500	4.398980	1.925400	1.156100	2.980600	2.177900	0.452000	1.556200	3.263000	3.696340	4.932890	2.573500	19.925450	15.908250	8.324400	9.622500
145	0.892400	0.304300	-0.082200	1.382100	0.711300	0.825000	-0.232500	1.546900	0.242600	0.673300	-0.539800	-0.008900	0.498400	0.000000	0.926700	0.819000	0.576900	0.403600	0.352700	0.666700
146	0.700300	0.271500	0.077300	0.235300	0.327300	-1.538500	-0.055700	0.183000	-0.456300	0.506400	0.254800	0.037400	0.000000	-0.018600	0.548800	0.549200	0.244300	0.158900	0.100000	0.495400
147	-0.113800	1.779700	1.172300	3.028650	3.522130	4.806070	1.346600	2.971070	1.078200	1.162700	1.367400	0.885600	0.248700	0.738400	0.000000	0.161000	1.623900	0.206000	0.088500	0.794000
148	1.943300	0.554700	-0.534800	1.907300	2.893200	5.721570	-0.055200	0.732500	1.800700	0.895600	-0.882600	0.741600	1.001600	0.000000	3.215800	1.375700	4.665040	4.072520	2.239500	1.642100
149	2.779000	1.357200	-0.450100	1.002800	1.263000	5.174910	2.145600	0.013300	1.919700	0.971900	-0.817700	0.890600	0.353600	0.000000	3.023200	1.163800	5.138760	4.574540	3.888850	2.113200
150	1.738000	0.110600	4.419520	3.363800	8.348760	4.900210	4.492350	0.652000	0.000000	1.623100	3.905300	5.499750	8.115450	7.022340	5.491490	4.974120	21.303480	21.420200	16.590190	16.454940
151	5.146630	3.208750	0.144200	0.136200	-0.429300	3.949040	11.933633	3.748420	4.635460	2.616400	1.311100	2.556800	2.954550	0.000000	4.180580	3.146900	26.378900	10.212910	6.902510	1.426400
152	0.179100	-1.046900	1.491500	3.062040	7.198230	5.917940	1.998600	4.887190	0.000000	1.187400	1.508300	2.028700	5.525700	0.443200	3.534980	2.169200	23.546600	18.910450	17.857850	18.923960
153	5.271010	3.909290	1.729400	1.191600	0.000000	5.644860	8.241800	3.072450	3.634850	2.936640	0.241900	5.409840	4.997120	3.682740	6.271990	4.954680	12.823397	14.112620	9.212170	8.544330
154	1.488900	0.000000	3.816160	1.853600	2.699330	1.555600	12.412112	3.026640	0.296900	1.004500	4.490630	10.734100	9.386170	7.872580	6.636500	4.790440	32.783200	20.988290	19.081260	39.302000
155	4.270130	2.659290	3.184640	2.713820	2.332500	4.827280	1.618700	1.816100	2.796460	2.582100	0.122100	1.964100	3.343340	2.924470	4.552810	2.301000	-0.994300	0.000000	-0.478100	1.359400
156	3.270800	1.940200	13.952946	6.893030	9.530950	8.291550	23.467620	0.757400	0.000000	4.493500	13.082050	21.954460	23.621570	22.223040	12.127250	11.813390	22.757760	23.823250	21.965220	23.533240
157	2.549140	2.366440	0.000000	2.052340	1.033000	1.931810	1.094300	2.048750	2.482370	1.846810	0.076600	1.140600	2.505520	1.374200	2.887130	1.575700	2.141140	2.176400	2.209450	2.462440
158	2.435100	2.565000	2.312400	2.851600	3.205400	4.273600	2.342100	2.877800	2.798500	1.559400	2.549400	2.243000	2.508700	2.505200	0.000000	1.910300	2.463300	2.185700	2.135100	2.548300
159	-0.725200	0.438000	-0.317500	2.156570	2.663090	3.634620	-0.071300	1.264700	0.404700	-0.000900	-0.479800	-0.291700	0.369800	-0.265700	0.000000	0.124000	0.955900	0.650700	0.362300	0.341600
160	0.000000	3.690460	8.211820	6.068670	6.648920	7.154020	12.983028	8.194560	5.150100	3.717790	2.951880	10.912820	8.443190	8.581590	6.165740	6.753720	17.463930	15.484490	12.136731	10.995380
161	0.516500	0.269500	0.000000	0.880500	0.419600	3.731930	-0.684200	0.570000	0.758800	1.036100	0.125600	0.149500	1.081300	0.341800	1.823810	-0.256500	0.687800	0.292800	0.111900	0.308000
162	0.937300	0.970600	0.390200	0.886100	0.799400	3.941440	-0.305600	0.000000	0.005500	0.760500	0.076300	-0.165100	1.035400	0.118400	1.663700	0.336000	-0.033800	-0.279900	-0.405200	0.477800
163	6.492150	5.166410	2.541100	4.315600	3.775900	7.209910	4.217400	4.993230	5.450400	4.865900	2.113500	4.336400	6.340350	4.590700	7.806230	5.429320	0.000000	2.304000	1.544000	4.119900
164	1.438100	0.722400	-0.662200	-0.103300	-0.869300	3.637360	-0.786300	0.000000	0.660300	0.152400	-0.683000	-0.756900	-0.295400	-0.040400	-0.371200	0.026900	-0.186600	0.208000	0.005700	0.060600
165	3.525580	2.615260	1.887400	2.155200	1.789200	1.025800	3.277080	0.000000	1.127600	2.256800	1.507900	3.005210	2.088300	2.589540	3.525060	2.938700	2.476200	2.320100	0.366400	5.050160
166	4.401270	3.049830	1.528700	3.389680	2.471220	8.950520	2.720550	4.827190	4.307780	2.866680	0.554500	2.108740	4.268130	3.448000	3.646000	3.277380	1.362300	0.000000	-0.322300	2.360630
167	1.538100	0.840700	0.127700	1.049000	0.554800	0.892000	0.905100	1.274600	1.463200	1.210400	0.067000	0.811500	0.201300	0.564000	0.000000	0.898500	0.994400	0.907100	0.850900	1.810200
168	0.571100	0.000000	-0.390800	0.324900	-0.213200	-0.728700	-0.413400	0.368500	0.436500	0.527800	-0.496900	-0.616000	-0.800300	-0.330700	0.265100	0.197200	-0.210800	-0.081800	-0.103100	0.320100
169	0.856600	0.000000	-1.474700	0.210000	-0.335700	1.688300	-1.408700	0.696600	-0.238600	-0.007300	-1.506600	-0.906400	-1.573400	-1.331500	-0.717300	-0.035500	0.308900	-0.615700	-0.765000	-0.961600
170	2.499830	1.624600	-0.100400	1.278600	0.909700	5.390520	-0.863800	2.751990	2.186400	0.933200	-0.522900	0.427500	2.458790	0.406100	2.978770	0.000000	6.721720	0.988000	-1.021700	3.184480
171	5.003940	6.707180	11.184880	9.783040	11.019430	0.000000	17.402910	11.246140	8.410070	8.752060	11.468480	16.424580	10.977890	13.665760	8.905320	10.453680	28.804300	21.344500	19.106140	72.768200
172	3.404580	2.124300	0.971100	0.000000	1.066100	1.424800	-1.320500	2.492900	1.883500	1.458200	-0.372700	1.108600	4.019460	2.541800	4.394370	2.223900	11.965570	19.242110	11.624140	10.212240
173	4.964780	3.115220	0.436900	1.349900	0.000000	7.594450	2.539510	3.422750	4.002400	2.357380	-0.086700	1.470000	2.771390	2.537750	3.863460	2.429020	8.977890	6.504270	8.861790	13.980790
174	2.923520	2.170560	1.808100	2.285320	1.548000	0.000000	1.049100	2.611570	3.080150	2.323990	1.351400	1.512000	2.506360	2.118450	3.561240	2.627950	3.485400	3.202780	3.218290	3.213840
175	1.104600	0.581500	-0.987200	-0.007400	-0.426700	2.554200	-0.409600	-0.261800	0.153200	0.068100	-1.279000	-0.726100	-0.120400	-0.368800	1.024200	0.000000	-1.254800	-0.773000	-0.851800	0.064800
176	4.362880	2.647100	7.020220	2.937300	7.055130	0.000000	13.920238	5.701260	3.568050	3.161380	7.543180	11.900340	10.318500	9.226600	7.195400	6.067700	45.875500	39.131200	30.155100	56.122800
177	3.648010	2.779210	1.035800	2.132980	1.353700	0.000000	0.935600	2.143960	2.758910	2.769650	0.552800	2.532920	3.348280	2.676170	2.503060	2.927930	2.663680	2.382550	2.312000	7.835950
178	0.542600	0.235200	0.042800	0.342600	0.356600	-1.410700	0.136500	0.368000	0.000000	0.478700	0.039200	0.107500	-0.363300	0.057000	0.427200	0.451900	-0.225400	-0.201900	-0.272800	0.566800
179	0.075500	1.215200	0.972000	1.293300	1.398700	0.000000	0.928300	1.319400	1.390400	1.056400	0.995300	0.908000	0.993100	1.011400	1.058900	0.936000	1.054500	0.976400	1.033100	1.133800
180	2.791840	2.336400	0.899500	1.633500	3.575430	3.522550	1.997350	2.524480	2.265750	2.006790	0.887900	1.774100	3.413850	0.080900	3.494470	0.840300	0.730800	0.000000	-0.012500	0.928400
181	0.408200	0.102300	-0.499400	0.708600	0.075000	-0.047200	0.461000	0.771600	0.485500	0.841500	0.352200	-0.131100	0.000000	0.576600	0.596600	0.627200	-0.269900	0.451300	0.325100	0.737800
182	0.189900	0.000000	0.349800	0.763600	0.764400	-0.350200	0.059900	0.642400	0.189500	0.549300	0.380400	-0.098500	0.300300	0.381200	0.481200	0.433300	0.469300	0.501500	0.502800	0.560600
183	0.013300	-0.515500	-2.948400	-0.555700	-1.249000	4.000880	-1.127300	-1.028800	-0.271100	-0.795800	-2.178100	-1.306900	0.000000	-0.810400	0.979600	-1.664700	4.409430	8.972400	6.868910	7.845570
184	2.892200	2.105600	0.829400	1.943500	1.084100	2.105800	1.372300	3.132900	2.134300	2.492800	0.863200	1.424800	2.590000	1.872500	3.516160	2.350100	1.505900	0.000000	0.571300	2.050200
185	0.448000	-0.009600	-0.733200	-0.052000	-0.024500	0.562800	-0.436700	-0.048400	-0.263700	0.112200	-0.642600	-0.268400	0.202200	0.000000	0.400600	-0.546600	1.248300	0.481000	3.204640	0.251900
186	2.131770	1.033700	0.389100	1.230800	3.590080	3.864120	0.772000	2.941460	0.206800	0.767300	0.055900	1.259600	1.516800	0.202200	0.798600	0.000000	0.488000	0.334900	0.772600	-0.351300
187	6.902450	5.923890	3.215800	5.749210	6.063770	8.891170	5.969510	5.632030	6.006350	4.964000	1.889700	4.021080	5.550080	4.498050	5.377040	5.026000	6.024720	2.759100	0.000000	3.278370
188	3.707140	3.723100	2.810100	5.576200	5.359190	7.285000	0.000000	5.690510	4.566860	3.342300	2.990300	2.304700	7.931810	3.615720	8.067620	3.056800	4.494990	7.254730	5.593770	2.298600
189	-2.399100	-1.259100	-2.198000	0.008700	0.119000	6.122380	-1.504800	0.981900	-0.481100	-1.247100	-2.328600	-2.008000	0.586600	-1.749800	0.000000	-0.686800	8.914790	-1.449900	-1.299600	-2.452500
190	4.708120	2.779450	6.790440	2.365730	6.602180	0.000000	16.191090	4.591050	4.084590	3.490880	8.308700	9.916700	8.839400	8.487650	9.488100	10.138550	25.320800	21.971280	20.263940	26.867600
191	3.117430	2.408380	0.550000	2.225110	1.602500	6.114630	2.832990	2.432970	2.934780	2.066160	0.555100	2.219390	2.873800	1.959590	2.767990	2.430130	-0.138500	0.480200	0.000000	1.991450
192	4.881290	3.213350	1.051300	0.000000	0.494400	3.373280	8.778140	2.438800	3.948800	2.717700	0.348400	3.210750	5.283670	4.397770	6.068760	3.619810	17.995230	22.446640	12.036070	8.552970
193	5.045360	4.422450	2.529420	4.360880	3.837910	7.040280	3.028230	3.664930	3.990730	4.303950	1.290500	3.853730	5.238710	3.862800	5.050130	5.285760	0.471600	1.440700	0.000000	3.378520
194	3.510810	2.484700	1.146800	2.793510	2.183600	1.362000	1.663700	3.340700	2.877270	2.370000	1.123700	1.639400	2.897110	2.230900	3.484500	2.400500	0.000000	0.936000	0.430300	2.428800
195	1.979000	0.942500	0.086600	0.627500	1.330300	4.418010	1.410300	1.755900	2.118200	1.056200	-0.756700	1.381500	2.021200	1.667600	0.797600	0.587700	1.858900	-0.717400	-0.842900	0.000000
196	0.557000	0.102400	0.067900	0.511900	0.191800	-2.130800	-0.043600	0.418600	0.356400	0.632100	0.345700	0.019800	-0.124500	0.027700	0.000000	0.597600	0.365000	0.164600	0.180500	0.742200
197	0.072800	-0.084000	-0.400000	0.130200	-0.484900	-1.019900	-0.478600	0.111400	0.132600	0.007200	-0.935600	-0.345900	0.000000	-0.058000	0.099200	-0.009800	-1.181900	-0.402900	-0.635700	0.054000
198	0.681500	0.266900	-0.487000	0.848600	-0.139000	2.295200	-0.737600	0.488500	0.000000	0.588100	-0.694600	-0.336600	0.551600	-0.446600	0.603700	-0.128800	0.841800	0.145900	0.073700	0.812400
199	-0.038200	0.138700	0.282300	1.818000	2.129400	4.720580	-0.072300	1.115300	0.315400	0.184500	0.562000	-0.295300	0.206600	0.000000	0.369800	-0.545600	2.126900	0.009100	-0.065500	0.259300
200	2.203830	1.398300	0.973700	0.265800	0.392000	6.812320	-0.136500	0.250400	1.261400	1.172100	0.645000	0.000000	2.024580	1.384800	3.253740	1.708700	0.598700	1.061400	0.894800	0.757900
201	6.220900	4.452120	1.933900	4.452460	7.405200	5.853350	3.885630	6.913960	6.589270	5.159170	2.357000	2.954440	6.954990	5.335700	7.808520	5.208000	0.000000	0.298400	1.050300	3.567610
202	5.202040	3.404530	-0.154000	0.000000	-0.868000	7.372830	7.453510	2.332430	3.874870	2.464710	0.086200	2.667380	4.840160	3.503450	4.967590	3.084750	13.256921	11.803678	8.185430	6.405090
203	5.348490	3.202120	2.909600	0.000000	2.865860	10.068110	7.611160	2.945370	4.945970	2.774790	1.929200	7.866320	7.335930	4.992160	6.476370	4.791710	18.557160	15.944650	14.917880	20.793790
204	5.540570	3.647210	-0.650400	0.000000	-0.688300	5.362050	4.587260	2.616000	4.770730	2.776650	-0.838600	3.838910	4.469030	3.260950	5.197620	3.794120	3.681480	4.014570	0.460200	19.558430
205	2.145400	0.943800	-0.200900	-1.566300	-0.591800	3.102680	16.974810	0.000000	1.297100	0.076400	4.314220	5.805180	3.338170	2.834930	3.642140	1.996900	10.834780	14.748040	9.088310	7.148190
206	0.477100	-1.290200	1.249300	-1.726600	-0.876800	2.312100	12.266719	-0.771800	0.000000	-0.866600	1.156800	4.949240	7.180310	5.747560	3.353100	1.887400	25.088800	7.509390	5.815300	26.292800
207	5.128940	3.779540	-0.028900	1.612800	0.000000	2.924160	4.505600	3.767180	4.810940	3.786560	0.179500	3.911810	4.899600	2.609110	4.995470	4.017480	7.899800	9.737180	4.633880	4.360150
208	1.916600	0.000000	5.174080	0.727800	1.831100	1.083200	7.736430	2.829010	0.571900	1.478600	3.945790	12.055226	13.902290	12.243512	5.706940	2.909710	27.655000	19.430680	17.827990	36.532500
209	0.424900	-0.181600	-0.860500	-0.692400	-0.272200	-1.034400	-0.471500	-0.285300	0.267800	-0.208100	-0.950300	-0.591300	0.000000	-0.128600	0.470900	0.403700	-0.369400	-0.424000	-0.566900	0.374800
210	2.270710	1.564300	0.000000	2.146270	1.267000	3.064500	1.313300	1.789180	1.708880	1.706200	0.108600	0.698200	1.790320	1.496800	1.994870	1.698900	1.633300	1.142600	1.031700	1.997420
211	0.123100	-0.019200	-0.635800	2.362170	2.565500	3.328350	-1.205700	2.223160	1.057100	-0.218000	-0.395900	-0.883300	0.928500	-0.076900	1.897200	-0.504900	-0.006400	0.508400	-1.134100	0.000000
212	2.157540	1.290100	0.079900	0.129600	0.229800	6.716560	-0.013400	1.285200	2.293110	0.758700	-0.935700	0.000000	2.581510	0.383700	4.882860	2.278860	16.595920	10.542530	9.253620	7.904620
213	5.010450	3.663910	0.000000	1.905700	1.866600	5.065810	6.107130	3.245980	3.776880	3.188780	0.259000	3.418060	4.260060	2.665520	5.526580	2.736530	8.088240	3.057410	1.425800	1.794600
214	1.834800	0.000000	-1.939500	-2.125000	-1.951000	1.111800	-0.055200	-1.326700	1.235500	-0.398900	-2.793100	-0.934000	2.447340	0.250600	2.676690	0.810700	1.840600	1.608800	-1.645300	1.701200
215	5.477490	4.058930	0.393300	1.174000	0.000000	5.621440	3.097020	2.989800	4.518000	3.230360	0.474500	3.335870	4.520330	2.881100	5.459830	4.158920	5.745420	2.981700	0.619700	3.178160
216	5.149280	3.702890	0.663200	6.545080	5.912810	4.855930	3.706270	8.750740	4.775650	3.268650	0.493200	3.385190	5.350890	3.815810	6.052540	4.359740	-1.190600	0.000000	-0.858600	2.329070
217	3.076060	1.592300	-1.733300	-1.085800	-1.202800	4.617190	1.231700	0.000000	1.348400	0.250100	-0.390400	0.045300	2.104600	1.620200	3.958390	1.304300	4.915800	1.595800	4.033650	5.997320
218	0.115600	-0.782500	13.290825	2.905900	7.738670	7.815400	14.562420	1.051700	0.000000	0.597300	11.049390	13.488442	14.161400	12.106357	11.764640	9.296560	38.872600	36.207600	31.095500	52.079100
219	0.227900	0.152600	-0.417300	0.353800	0.184700	-0.850100	-0.159100	0.387400	0.047000	-0.023300	-0.215800	-0.086600	-0.071300	0.040300	0.000000	0.231800	-0.406300	-0.051400	-0.241200	0.185200
220	1.874800	2.080900	2.195160	2.473210	2.724490	3.614860	1.175100	2.785160	1.356900	2.131800	2.582860	1.564900	2.505070	1.915300	2.362300	0.000000	2.748910	2.292040	2.298920	1.523300
221	3.294200	4.769760	0.000000	4.724600	3.813520	6.952440	4.214400	6.194960	4.233480	3.268800	-0.355500	4.197980	5.899170	3.895170	6.371440	3.930250	7.253610	5.954490	2.908900	5.882140
222	4.083800	3.003400	1.519100	0.945000	0.744600	8.099100	1.182700	1.933700	3.074600	2.459800	1.449700	0.000000	2.073800	0.783000	3.222200	3.073100	3.068400	1.786400	1.537100	2.532800
223	2.241800	2.288800	1.513600	1.697100	1.477800	2.706500	1.499900	1.337100	1.495600	1.474000	1.167200	1.413700	0.645200	1.072400	0.000000	0.855200	1.778600	0.895600	0.727900	1.560600
224	6.746090	5.432130	2.773820	4.327030	3.177160	6.473080	5.523970	5.018350	6.544580	4.976730	2.024800	4.145330	7.129280	5.408610	7.536300	6.156500	0.000000	-0.295700	0.187900	3.930340
225	1.730730	1.343000	0.258700	0.848200	0.513600	4.381700	0.207300	0.815100	1.302900	1.066800	-0.186500	0.000000	0.721400	0.503900	1.009600	1.003300	-0.033000	0.073200	-0.148000	0.579800
226	2.959910	2.128360	0.000000	2.040500	0.734900	1.257100	1.259200	1.984270	2.448890	1.577900	-0.197300	1.080700	1.669500	1.731000	2.232300	2.223670	0.044200	0.765900	-0.060100	1.832860
227	3.300940	3.316000	1.491000	0.000000	-0.250600	8.823400	2.236120	1.449800	2.680310	2.008290	1.300300	1.952800	3.127040	2.083620	2.841370	3.102050	3.912150	3.115150	3.478500	3.402000
228	1.798900	1.291200	3.809810	2.615710	3.446940	7.996410	2.678870	2.095120	0.000000	1.309300	2.446730	1.728400	1.731400	2.398400	1.349400	1.183700	2.427520	2.103270	1.784600	2.909690
229	1.463800	1.056200	-1.770500	-0.221500	-0.615700	2.673570	0.033000	0.240200	0.756900	-0.137500	-1.564500	-0.213600	0.000000	-0.071500	1.472500	0.511200	0.624900	0.839200	0.723500	0.461700
230	7.628010	6.207980	3.170200	3.851830	3.540340	8.569570	6.586420	5.380310	6.577550	5.240400	1.627600	5.284270	6.243790	5.577580	6.899670	5.774610	9.485710	1.871400	0.000000	4.000230
231	0.000000	5.843940	9.790360	12.169873	14.803360	17.830420	23.198200	10.643450	11.233150	6.532050	12.325414	18.870380	13.610700	11.802002	9.821090	10.409050	24.840800	19.142640	19.863320	47.703900
232	2.093050	3.244310	4.047330	4.038460	9.743430	0.000000	3.561460	5.550220	4.369050	3.822180	4.019040	3.515370	4.610720	4.935900	4.902660	3.834730	5.315030	3.952210	4.260940	5.405490
233	3.623380	2.434190	1.353600	0.865600	1.838700	2.465400	1.047500	2.855620	2.835640	1.996100	0.266300	0.567500	2.077600	1.475100	3.262520	2.808840	0.807200	0.000000	-0.421900	1.753900
234	0.524600	1.383400	0.493800	6.395760	6.028150	2.287200	11.856972	4.972580	1.449800	0.583900	-0.021000	-0.446500	3.063270	3.287260	1.207300	0.000000	42.031400	14.323740	13.192747	13.019305
235	1.729200	0.000000	2.965380	2.143600	4.996230	2.445650	-0.511500	2.887450	0.767200	0.235400	0.911800	1.506900	2.831190	2.695240	5.015380	3.965260	9.561820	9.327400	9.020620	16.420490
236	0.600300	0.083400	-1.433200	-0.194000	-0.435800	5.027120	-0.291400	-0.237400	-0.412200	0.420800	-1.589700	-0.367700	0.949900	0.000000	1.006800	0.407400	3.720560	2.535230	5.531180	8.072240
237	0.000000	0.010800	-0.564500	1.483400	0.444200	-0.558000	-0.173200	1.772700	0.231500	0.176100	-0.289800	-0.178300	-0.017400	0.065900	-0.154300	-0.047000	0.452600	0.111700	-0.293000	0.543100
238	0.000000	10.251310	44.398600	35.297900	42.683400	22.955100	40.172100	31.692400	19.656960	21.564510	31.421400	35.047200	34.558500	32.981500	42.426500	37.998600	81.958900	77.316300	76.036100	80.973800
239	1.056100	0.123700	-0.364900	0.000000	-0.306800	0.553200	0.309400	1.060100	0.877100	0.591400	0.045600	0.062900	1.138600	0.469500	1.944580	1.234500	0.130600	-0.309500	0.074100	0.964100
240	5.846200	4.746380	2.773880	3.580560	3.037210	6.932320	3.817660	5.148150	6.003710	4.722800	2.367970	4.894590	6.078420	4.647630	6.305950	5.789330	0.000000	6.179620	3.766500	4.273040
241	2.507190	1.908400	1.094200	2.742490	1.960000	7.112410	-0.534000	2.353350	1.326000	1.423200	1.179900	1.138300	0.000000	1.739300	2.473590	1.146200	3.763080	3.503070	3.037720	2.139660
242	1.163500	1.010200	-0.511900	1.241500	0.756300	4.896220	-0.330200	1.759800	1.823300	0.000000	-0.718000	-1.940200	2.921070	-0.311800	4.115940	-0.043000	8.660700	9.105940	4.182890	1.815700
243	4.271100	2.596200	8.250800	3.022120	4.719480	0.000000	17.480560	3.023670	3.704510	2.784630	6.057010	10.654480	10.726130	7.904090	6.840430	5.180780	32.633400	22.606490	19.736820	8.535020
244	0.000000	-0.776400	-0.318300	-2.129000	-1.270500	7.206400	0.777500	-0.278200	-0.895100	-2.381900	-1.144900	1.240300	0.120100	0.287700	-0.405000	-1.856700	8.214250	7.627460	8.667240	6.046570
245	5.537290	4.129340	0.000000	1.512600	0.388200	4.089860	5.649270	2.740200	4.109340	3.178300	-0.527500	3.923010	4.204750	2.852000	5.131260	4.055080	9.654920	15.018270	9.952910	6.966560
246	1.617900	0.921400	-0.027200	0.000000	-0.138000	3.624960	0.776800	1.003700	0.810200	0.390200	-1.958700	2.029980	1.147600	0.876600	2.999890	2.405030	1.619400	3.836340	0.003600	3.498640
247	2.717260	1.607400	-0.254100	0.436700	0.047700	1.302100	0.414300	1.865940	2.204690	1.226800	0.180700	0.000000	1.599200	0.818000	2.011600	1.529300	1.666600	0.611200	0.508200	1.794200
248	6.017800	4.356390	0.000000	1.694800	2.704280	8.261710	6.729350	3.334430	5.116410	3.656340	-0.078800	3.396730	5.770060	4.044740	6.474840	4.625500	9.007240	5.701750	3.012060	4.625410
249	3.404750	2.282420	1.621000	2.131800	1.675900	0.000000	0.987900	3.399300	3.416000	2.807110	1.658100	2.174280	3.360400	2.981710	4.148150	2.966330	4.591080	3.751890	2.727710	3.132300
250	3.668570	2.491400	0.000000	0.217100	0.749600	6.409410	0.101100	2.438400	2.613600	1.751500	0.191100	0.443600	2.878870	-0.279300	3.951230	2.211000	2.940330	5.463970	1.957200	2.919580
251	-0.402900	1.225800	0.826500	2.126300	1.621400	5.912470	0.219800	0.764200	0.418300	0.794600	0.313900	-0.631900	0.729700	0.724100	0.000000	0.375400	1.472400	0.932400	0.835500	1.366900
252	0.042300	0.088400	-0.281100	-0.021200	-0.012400	0.361000	-0.472400	-0.013000	0.000000	-0.037200	-0.099000	-0.353600	-0.007500	-0.347800	-0.099600	-0.390100	-0.025900	-0.200200	-0.217700	-0.089800
253	0.000000	2.515380	1.074100	2.777830	2.697300	2.232990	2.403740	3.097180	1.309400	2.637040	2.555120	0.947500	2.647440	2.464110	1.234000	2.639280	2.587010	2.526400	2.050030	2.723670
254	0.087800	0.081900	0.003500	0.138700	0.294800	-0.083600	-0.181700	0.090600	0.057200	0.152700	0.163600	-0.009900	0.057200	0.088400	0.052900	0.000000	0.369600	0.044600	0.035600	0.108600
255	-0.031700	-0.317800	-1.073100	-0.190700	-0.760100	-0.159600	-1.002800	-0.042800	0.000000	-0.482800	-1.067300	-0.857900	-0.168100	-0.455500	-0.206100	0.090300	0.053400	-0.368000	-0.766500	0.187000
256	1.783400	0.782200	1.077400	0.188300	0.093600	2.855970	0.570000	0.000000	1.146200	0.250000	-0.008000	0.600100	1.486300	1.352800	2.140090	1.517200	0.874100	1.006400	1.162900	1.783400
257	1.082000	-0.039000	-1.647600	0.164600	0.328700	2.795590	-0.931900	1.422300	0.043100	-0.073600	-1.674800	0.000000	0.863100	0.079900	1.707300	-0.377200	-1.736000	-1.545600	-1.874900	-1.233300
258	4.653180	3.227240	1.044800	2.610990	2.490100	2.624700	3.734710	4.579250	4.633760	2.928390	1.056300	2.828790	4.461130	3.810090	4.705800	3.837750	0.000000	0.769000	0.269900	3.255540
259	5.996890	3.684660	-0.645900	0.000000	-0.644100	7.041490	8.088060	2.542720	4.171890	2.715880	-0.292100	4.258300	4.613400	2.698510	4.923630	3.298730	19.863070	8.870730	8.034440	8.121010
260	5.626360	3.969080	0.613900	1.250600	0.000000	8.394230	5.726720	2.244500	3.987050	2.160100	-0.654100	3.346560	3.741540	2.367100	4.466030	2.914990	6.836750	4.406990	2.488900	5.376510
261	3.317420	1.904300	-0.801600	-0.703100	-1.514800	2.378620	10.638350	0.000000	2.051700	1.191500	-0.379500	3.599620	3.539880	2.489160	3.826440	0.983300	4.526550	4.543690	1.014800	4.571080
262	1.532500	-0.151200	-3.561900	-2.893500	-3.280000	1.111700	7.212120	-1.381000	0.000000	-0.815800	-1.928900	6.482780	0.649000	0.768900	1.596100	0.933600	30.399600	20.070800	10.269440	9.732270
263	0.000000	2.101900	7.706710	3.906000	8.410870	1.314700	15.832510	4.753790	2.572510	2.879470	6.850970	6.138310	9.311250	6.259310	7.015300	6.948430	46.859500	36.808500	26.875800	41.337300
264	3.536830	2.578210	0.000000	2.237000	2.316900	4.489670	12.721598	1.728600	2.580010	1.999600	0.446900	5.213360	3.867170	3.055210	4.869050	3.053970	23.804600	19.911540	10.368220	8.443930
265	1.487600	0.000200	-1.620900	-1.529100	-2.109800	1.985240	-1.365900	-0.118200	0.641400	-0.471000	-1.999700	-1.465000	0.015500	-0.954200	1.273700	0.000000	-1.340400	-2.160900	-2.439300	-0.669300
266	-0.059900	2.782150	3.141400	3.831600	3.889560	0.000000	2.755140	3.629680	3.599780	3.284300	2.986050	2.549610	3.300820	3.192050	3.775330	4.033190	3.486780	3.164580	2.949760	2.908740
267	0.000000	6.186760	13.121540	13.553470	16.729850	15.472850	12.255759	12.758100	9.556980	8.476890	11.466090	11.052891	11.133153	11.144324	11.970057	10.998033	17.897190	16.284660	16.445720	18.307370
268	0.000000	4.647940	14.883840	14.054600	16.538700	8.254140	21.633370	12.378116	6.249020	7.621960	13.187555	16.056990	16.015480	14.554550	12.344536	8.355690	51.835400	29.690100	31.507000	32.925700
269	4.391120	2.683220	9.099840	4.674890	5.806850	0.000000	8.244260	5.311500	3.320240	2.816720	6.106800	6.675590	8.833670	8.848450	8.333350	4.101710	15.788240	12.546507	11.702610	14.240200
270	2.238750	1.993100	1.894960	2.133900	1.964770	0.000000	1.993840	2.123030	1.999370	2.280740	2.064380	1.874370	1.451800	1.760720	1.951140	2.122460	2.145860	1.889220	1.406400	2.191860
271	0.000000	2.028960	3.341310	5.188000	4.896190	5.769400	3.339240	5.310950	3.751600	2.063620	3.090630	3.326170	3.082090	3.353930	2.899770	1.994820	2.665760	2.058620	1.831200	3.582490
272	2.456000	1.637500	2.261200	0.145900	0.391500	3.686080	10.886350	0.000000	1.552400	1.030900	2.177600	2.672500	6.951780	6.293810	2.908100	-0.011400	21.227820	20.100000	10.798670	13.480777
273	1.079500	0.595600	-0.195000	0.000000	-0.281300	1.648300	-0.587500	0.104000	0.618800	0.332000	-0.203700	-0.545700	0.514800	0.125100	0.492400	0.261800	-0.115600	0.001100	-0.203300	0.366600
274	0.000000	8.893270	29.407300	22.726600	28.296900	16.465530	25.653100	22.179860	15.364790	15.589950	19.785990	25.272000	22.276860	22.199280	28.232100	26.731300	43.060700	35.338400	34.144400	66.946100
275	0.619100	-0.430300	4.843950	1.579800	4.490390	0.840400	20.777330	3.093480	0.000000	-0.468100	6.225430	14.396830	9.551540	5.066350	3.806650	4.410030	51.109000	38.185600	24.614800	26.885600
276	0.000000	4.700300	11.127820	10.382860	10.426100	14.491250	22.352400	9.060500	7.538190	6.861030	8.386820	13.146274	13.779830	9.295490	12.911805	8.392080	41.699300	38.111800	31.264800	36.393500
277	3.150010	1.733500	-1.287400	-0.979900	-1.276000	3.041240	3.536550	0.000000	1.874000	1.199400	-1.257400	-0.773900	2.455810	1.213500	2.553800	1.323000	9.271760	4.140440	1.664000	2.231520
278	2.464690	1.565900	-0.181300	0.029500	-0.737700	1.247300	9.137400	0.421700	0.949100	1.024500	-1.534900	2.187400	2.072600	0.000000	3.511030	2.168800	11.749442	11.203750	-2.101400	1.167500
279	4.906750	3.776020	1.218300	4.380950	3.515130	4.946570	4.436360	4.166700	3.936090	3.494710	1.006100	3.960660	5.141940	3.902650	5.977180	4.309400	2.104500	0.000000	0.887200	3.577700
280	5.805330	4.258320	2.036500	2.949250	2.318500	7.557860	4.914070	4.282280	4.942180	4.021280	1.639400	2.653860	4.055820	3.740810	5.397750	4.860990	0.203800	1.018400	0.000000	3.818770
281	3.493100	2.228400	-0.405000	0.000000	-1.056100	3.028000	4.028380	1.679400	2.843500	1.596900	0.751200	4.129280	4.181330	2.373200	4.034890	2.505600	6.237370	10.269650	2.921800	5.207240
282	0.000000	9.186730	31.378800	25.199200	31.590100	21.221660	32.287700	25.463600	14.288800	17.954590	27.951900	30.080200	32.561800	28.939700	28.725700	28.519600	72.302100	55.441900	47.385600	74.870700
283	0.139700	0.164600	-0.390000	-0.072800	-0.350000	2.525050	-0.427700	-0.097300	-0.115800	-0.023900	-0.441100	-0.623900	0.000000	0.094700	0.582600	0.282900	-0.065600	-0.113000	-0.378100	0.644000
284	7.067120	5.390210	2.217800	4.445690	4.672520	14.537980	7.169060	5.679820	6.763150	5.055300	1.504600	5.432410	7.414260	5.768970	6.752780	5.035330	5.735300	2.205000	0.000000	4.015840
285	1.858920	2.275060	1.914090	2.664020	2.257020	3.101290	2.016720	2.890530	2.070250	2.391270	1.888270	1.995670	2.332760	2.213740	0.000000	0.724100	1.852030	1.330700	1.860580	2.496280
286	0.000000	4.209320	12.369628	8.030240	12.942890	8.030110	12.179477	8.742200	5.408650	5.073200	6.985740	9.368060	7.049940	9.841970	11.151256	10.774120	15.741670	15.148940	14.152900	9.956750
287	0.295900	-0.030100	-1.748900	-0.598200	-0.694100	2.633480	-0.453100	0.000000	0.627900	-0.198000	-1.879700	-0.754700	-0.598300	-0.280300	0.356400	-0.156600	0.112300	-2.007800	-2.083600	-0.381700
288	1.575900	1.175400	0.738500	0.857400	0.614600	4.320550	0.004100	0.000000	0.499800	1.051400	0.832800	0.376000	1.131700	0.526000	1.930190	1.034400	1.451600	0.865200	0.734000	1.084500
289	6.758530	5.197340	3.278340	2.740000	2.223000	3.404270	8.129530	4.818910	6.260790	4.212960	0.984100	4.105090	6.084420	5.239170	6.432770	5.116560	3.410350	1.772000	0.000000	3.434290
290	0.662000	0.332900	-0.693400	-0.283000	-1.054100	3.069480	-0.628600	0.000000	0.376500	0.129700	-0.766900	-0.604700	0.059100	-0.314500	-0.005200	-0.287900	-0.446600	-2.092300	-0.670600	-0.347000
291	3.325250	1.811300	2.634730	1.983200	2.549600	0.000000	2.497760	3.569470	3.605920	1.964900	1.434000	2.887840	2.073000	3.030160	3.224650	2.338400	6.438650	3.477060	2.687690	2.923360
292	0.841800	0.091100	-0.009100	0.415800	0.292600	6.099570	0.605400	0.448900	0.425600	0.504400	-0.473300	0.458600	0.420400	0.423200	0.000000	0.402600	0.444700	-0.191400	-0.260200	0.259100
293	0.030900	0.000000	0.074400	0.065300	-0.066800	-1.146300	-0.359100	0.059200	0.124300	0.134700	-0.343300	-0.077300	0.114400	-0.330300	0.299400	0.036400	0.178200	0.143200	0.093200	0.293000
294	-0.101000	0.016300	-0.041800	0.329700	-0.131700	0.380600	-0.309100	0.160400	-0.947300	0.355600	-0.061200	-0.334600	0.424300	0.279700	0.000000	-0.555200	-1.475300	-1.821800	-0.850600	0.269400
295	3.710300	2.350100	4.579290	1.820100	1.795900	5.346350	5.574150	0.000000	1.539800	2.082400	2.492800	4.958240	5.150600	4.433050	4.900220	5.740000	17.552430	19.201240	17.146280	30.128300
296	3.236150	2.068260	-0.120800	0.000000	-0.266800	4.491550	1.751500	1.400700	3.036040	1.455100	0.889300	1.493400	2.265190	2.223540	3.237740	2.523480	2.055760	1.733100	1.336300	2.834500
297	1.557500	1.052300	0.684300	1.519800	0.249100	5.185010	0.713500	1.030100	1.329700	1.265000	0.291900	0.679600	1.086500	1.008800	1.685000	1.490600	0.841600	0.000000	0.297400	1.332200
298	1.063600	0.780900	0.826700	0.870300	0.888200	0.000000	0.955100	0.850800	0.868100	0.963100	1.048800	0.787900	0.850900	0.877800	0.829800	0.974300	0.834900	0.816000	0.869700	0.832100
299	0.000000	2.277970	3.945950	5.244710	4.837800	6.196750	3.693880	5.165950	4.047110	3.667700	3.645890	3.773120	3.529420	3.793410	3.045620	3.697770	3.991830	3.959180	3.753410	4.291890
300	0.179700	0.123400	0.253600	0.346900	0.093400	1.354400	-0.675100	0.456700	0.406600	0.326000	-0.295600	-0.637300	0.194500	-0.201400	0.126000	0.000000	0.132400	0.065700	0.097000	0.005700
301	-1.328100	0.215600	-0.949300	-0.613900	0.350200	0.169000	-0.021000	-1.064200	0.000000	0.246400	-0.071800	0.050100	-0.063100	-0.019500	-0.223100	-0.956400	-0.702400	-0.243400	-0.227300	0.209900
302	0.549200	-0.143400	-0.740300	-0.007700	-0.118600	-0.792400	-0.762900	0.000000	0.240500	0.046800	-0.936200	-0.568800	-0.600600	-0.832200	-0.044700	0.229300	-0.909600	-0.716000	-0.770900	-0.213600
303	1.161700	0.000000	10.760980	5.709470	9.105110	4.576650	20.311200	3.518890	-0.548400	3.202440	11.845880	13.708404	5.302390	9.876550	8.545410	7.386190	32.563700	20.820050	16.469110	33.259600
304	2.014800	1.213100	-0.002700	2.440600	4.224220	0.617100	-0.552700	1.894000	2.018500	0.827600	-0.307600	0.543200	0.841800	0.697700	1.438600	0.000000	1.421000	0.368300	-0.244300	3.330400
305	5.973700	4.733130	2.351610	4.106570	3.637780	3.984590	3.831670	5.597990	5.907390	4.458750	2.292810	4.514460	4.856570	4.162050	6.181590	5.316740	0.000000	3.460620	2.719820	4.867140
306	5.962820	4.644690	1.582100	2.592670	3.310180	8.330180	7.288460	4.861820	5.965930	4.498240	0.000000	5.422730	5.486150	4.556200	7.295660	6.194000	12.632799	9.980280	7.153360	7.085350
307	5.606850	3.626870	6.835920	3.044900	6.327790	5.649260	14.968310	3.699070	3.597610	3.156030	7.701750	11.533660	9.674960	9.433980	0.000000	4.399000	35.242700	17.482880	17.282550	29.678000
308	2.909530	2.246400	0.419200	1.259700	1.942400	3.165620	1.938400	2.815410	2.908610	2.576960	0.498500	2.120100	3.205580	2.242400	3.742330	2.332600	0.000000	0.488300	0.151600	2.194200
309	0.000000	5.724150	16.998760	17.678620	20.123390	14.771900	23.977600	16.520620	7.678380	7.297390	11.845020	16.244200	15.402880	14.441980	14.751240	12.992447	43.067800	35.772000	25.624800	57.533300
310	3.977720	2.880580	3.084960	5.932640	9.544130	0.000000	12.167092	5.346450	2.856380	3.992410	4.892050	5.480510	3.397410	7.117370	5.206730	4.885290	22.553770	35.357300	16.842990	26.815600
311	4.873410	3.440480	7.995200	8.430910	9.335480	8.750940	24.272200	7.379740	4.080430	3.205590	7.387410	13.232450	7.813580	6.661810	0.000000	3.944310	35.177400	24.049900	19.232300	63.696200
312	6.376750	4.964460	2.348800	5.700790	4.509980	6.864260	6.202780	5.907680	5.003570	4.303480	1.361000	5.545860	6.392380	4.951730	6.565750	3.972620	1.773200	1.677600	0.000000	3.717560
313	4.970710	4.241340	4.282980	3.741850	4.596220	8.656770	6.302610	3.617230	4.387540	3.762010	3.477810	4.340830	7.427310	5.626110	6.524840	5.164260	7.905260	0.000000	1.366400	5.425480
314	-0.463500	0.000000	5.342270	4.132640	6.363160	10.500290	1.019200	5.146220	1.635500	2.120480	2.595600	1.605400	10.339940	4.534850	7.132780	2.349320	10.848130	7.574800	5.684080	7.271440
315	2.346100	0.000000	3.807250	1.065100	3.126370	0.004100	15.221680	0.086600	0.936000	1.593800	3.243000	10.599410	7.139270	8.932620	5.290490	5.609990	35.282000	30.839200	12.942305	32.144200
316	0.450600	0.000000	-2.246500	-0.769900	-0.472400	5.932330	-2.500000	-0.773700	-0.190600	-0.329400	-1.950000	-1.206100	0.406600	-1.113000	1.091500	-0.371700	-1.005500	-2.189400	-1.865800	0.522000
317	0.000000	-0.329100	-1.906900	0.909000	-0.733100	-1.950700	0.044400	0.011200	0.530500	-0.548000	-0.345800	0.007800	1.273900	1.907700	2.150900	0.452500	3.348680	6.021810	4.571190	3.683470
318	4.451450	2.328980	-0.303300	1.203400	0.413900	4.615370	2.926920	3.371120	2.893330	2.051700	-0.327100	2.531200	4.870410	3.487760	5.222670	3.916690	4.849050	0.000000	-1.200900	2.904730
319	3.026810	2.227800	0.314400	1.612400	1.247400	3.196400	2.563900	1.755100	2.256800	1.449400	1.337800	2.441200	1.901600	2.666100	2.803400	0.000000	1.856700	0.972500	0.308800	1.949800
320	0.000000	5.029940	8.708550	11.974284	12.520606	10.754200	7.717700	12.530704	6.434030	5.991620	6.205280	9.229460	8.294110	7.481590	9.785510	8.670420	16.039310	14.401180	17.095830	19.401480
321	3.602600	2.696940	0.000000	1.376800	2.848770	4.043060	1.456100	2.040500	2.967950	2.153100	0.582000	-0.286400	2.394300	1.925300	3.203810	1.339400	3.481310	3.351680	2.349000	2.870250
322	0.623800	0.767400	1.053500	1.926640	1.812320	-0.210600	0.782700	0.788100	0.000000	1.162000	1.126200	0.847500	1.266000	0.935900	1.049500	0.863500	0.934000	1.110700	1.085500	1.193400
323	2.066180	1.717420	0.000000	1.481700	0.765000	1.633300	0.226000	1.542700	2.213960	1.655500	0.535900	0.757400	1.359800	1.326600	1.696120	2.279460	1.669700	1.788450	1.635500	2.239400
324	0.493500	0.428300	-1.073400	0.638500	0.445300	-0.145000	-0.599300	0.789200	0.379900	0.457200	-0.910400	-0.457700	0.047000	-0.198100	0.267300	0.000000	-0.653200	-0.887200	-0.838600	0.209400
325	1.118500	0.923300	-0.315800	1.141400	0.529000	4.212700	0.005700	0.990800	0.809000	0.634100	0.094900	-0.107900	0.621800	-0.041700	0.000000	0.359200	0.701100	0.003200	0.102900	0.428000
326	1.035600	-0.253000	-2.066400	-1.509200	-1.638300	-0.871300	-0.169800	-0.289100	0.359500	-0.120200	-2.130300	-0.702100	0.316000	-0.301300	0.983700	0.835600	-0.307500	-1.202400	-1.744400	0.000000
327	5.288710	3.197410	3.594720	0.000000	-0.402700	3.293300	3.648160	1.728500	3.724110	2.214100	1.028100	1.364900	2.621430	3.300770	4.894130	3.169200	5.447900	2.402700	1.753900	2.386000
328	2.623560	0.957200	-1.697800	-0.752700	-0.423700	6.799270	5.606780	1.069400	2.481700	0.800200	-0.635000	0.903700	2.865750	0.790700	3.298000	1.708700	10.633180	-0.212700	0.191500	0.000000
329	5.176380	3.840920	-0.124300	0.839300	0.000000	5.646660	1.984900	3.146200	4.921650	3.155500	0.555300	2.560300	3.203100	2.199500	5.473920	3.707160	10.302480	2.911200	4.340100	15.077780
330	0.000000	3.011750	19.939940	13.648820	18.199660	4.241860	27.471100	6.955630	4.306340	8.693790	9.434110	18.640830	14.190450	14.683730	18.770450	17.621910	39.694100	27.821200	22.932200	50.978000
331	5.552400	4.331350	2.268970	3.923200	4.948240	8.300630	5.296030	4.680200	5.485090	4.464200	2.032980	4.882820	7.080710	5.477490	7.040280	5.333070	0.000000	9.049910	5.820630	4.228930
332	2.758100	1.830000	0.090600	3.792010	3.571350	10.747100	3.238930	5.312740	2.576500	1.960700	0.000000	3.339790	4.907430	3.954380	5.835800	2.060400	14.548810	12.403300	5.523600	2.714100
333	3.323920	3.907650	3.652370	7.351450	9.688050	10.597730	13.131077	4.199390	3.359020	2.915570	6.510990	8.251870	9.920820	3.638530	4.565590	0.000000	22.252830	18.058720	17.342180	30.116000
334	4.202350	2.611900	4.088480	4.001590	7.396890	11.832810	7.904190	3.378390	2.905730	2.448000	1.189700	2.782500	6.259450	4.744080	2.919300	0.000000	27.428800	20.214470	17.911370	21.657430
335	2.039800	1.266700	-0.100600	1.211000	0.731500	0.608400	0.785800	1.444000	1.871100	1.552000	-0.045400	0.661400	1.181200	0.713500	0.902500	1.470700	0.000000	0.608900	0.127400	1.886710
336	1.600400	0.526400	-0.017700	0.918900	0.767800	3.530100	-0.258400	1.045000	1.476100	0.789000	-0.230600	-0.246200	1.565500	0.000000	2.956420	0.912000	1.161300	0.727400	0.705400	0.982400
337	5.874230	5.212660	4.011070	6.887690	6.322100	5.360200	4.535160	7.377910	6.052040	4.690030	3.066050	4.653800	8.409910	6.402350	7.491330	5.670750	3.579520	0.000000	1.465100	4.920170
338	0.000000	0.641100	6.599860	6.257160	10.761920	5.010400	6.126050	5.416650	2.762200	1.606400	2.281600	6.216350	8.502690	6.934550	6.714740	4.736810	14.887310	10.973120	9.940760	36.092800
339	0.705500	0.000000	-0.855000	0.373100	0.054100	-1.232900	-0.845500	0.265200	0.383700	0.384600	-0.851100	-0.574500	-0.082100	0.063200	1.005900	0.748600	-0.178400	-0.339700	-0.811500	-0.614000
340	0.741400	0.514900	-0.381300	0.950000	0.470200	3.314230	-0.291500	0.316700	0.263900	0.593600	-0.075500	-0.128600	0.242500	0.025200	0.073800	0.000000	0.210500	-0.031500	-0.068200	0.435100
341	2.847100	1.350200	1.066800	0.093500	0.000000	2.299300	5.177620	1.621200	3.092500	1.383200	2.076400	4.474540	2.105500	4.130320	2.250500	1.864800	23.695800	17.931340	11.844800	21.790100
342	2.769720	2.757610	2.457800	3.089830	4.701410	0.000000	2.291460	3.254340	2.275710	2.479150	2.499100	2.551820	2.951000	2.334530	2.861100	2.482270	3.321810	2.808500	1.976400	2.985540
343	2.201500	0.994600	0.484200	0.363100	5.700040	4.090050	3.145900	0.000000	1.545200	1.293000	-0.492600	1.359500	1.094200	1.044900	3.204000	2.750700	9.209630	13.417040	8.344650	6.685620
344	1.136300	1.104800	0.522000	1.249600	0.799100	2.520370	0.816000	0.467000	0.245900	0.752700	0.056800	0.417400	0.598700	0.707200	0.890700	0.688800	0.132400	0.000000	-0.043200	0.684400
345	2.452910	3.575400	3.052530	4.493850	4.472930	0.000000	3.269760	4.340780	3.617120	3.711130	3.177050	3.186780	2.948230	3.195640	2.771550	3.104850	3.308840	3.084140	3.374970	3.578870
346	3.441120	2.458300	2.100400	2.819400	6.126460	3.223970	7.964380	2.516600	3.446210	2.499200	1.120100	4.192450	2.643800	2.988570	2.236400	3.511200	0.000000	-0.065200	0.078300	3.113540
347	3.262220	1.523700	1.552400	0.066800	0.392200	7.710890	0.000000	0.975500	1.466700	0.816300	-0.667500	-0.820200	4.079670	1.223200	3.817300	0.983000	10.523710	6.257800	4.287560	6.581020
348	-2.358300	0.914400	12.864561	5.394480	9.129970	5.746460	25.684300	5.690100	0.000000	1.785500	14.998910	18.725280	19.580480	14.899330	7.041290	8.750980	51.831400	38.673000	29.753000	49.215200
349	0.864100	0.000000	-1.223000	0.034300	2.891600	-0.364300	2.235600	1.826800	0.461100	0.319900	-1.078500	-0.071500	-0.326900	0.867500	1.068300	0.758600	8.101170	1.533700	1.185700	3.918500
350	3.243900	2.234900	0.331900	1.051100	0.278000	4.239420	3.785910	2.589300	2.720900	1.485700	0.000000	2.136700	4.962570	3.034200	4.716450	1.968500	18.236080	2.296800	0.876300	2.202000
351	1.870900	0.000000	5.449080	0.454200	1.834200	4.057330	16.355790	2.433200	1.620500	1.358000	8.677720	10.366040	7.381450	11.517980	1.199100	5.287000	34.567700	22.410540	20.181080	35.889800
352	5.219530	3.474240	0.499000	1.188500	0.000000	5.925890	9.937920	2.550520	3.297390	2.790720	0.637100	5.959620	5.954900	4.235490	7.113960	4.534530	28.410500	18.502170	12.299945	14.689600
353	4.219490	2.305700	5.953940	2.828120	4.225020	0.000000	8.704640	5.704900	3.331870	3.274060	5.648130	8.724070	9.206220	5.875850	7.667520	2.508900	18.940180	15.959420	9.347530	13.915830
354	8.428030	7.172410	5.360660	7.558340	7.094940	10.107810	0.000000	7.247790	6.999870	6.431480	4.026730	4.422930	9.791210	7.530600	9.325290	7.258750	5.933940	4.899620	4.665980	6.556040
355	1.281600	0.038400	-0.737700	0.412100	0.298900	2.730740	-0.715300	0.997100	1.131700	0.639600	-0.898200	-0.477000	0.540800	0.589200	1.214400	0.972700	-1.901600	-0.790600	-1.128800	0.000000
356	5.363290	4.034170	0.040300	2.451400	1.524300	9.459750	4.239270	3.616030	4.456260	2.962580	0.000000	3.905660	4.443050	3.030190	4.228210	3.770900	2.962610	3.102180	2.830430	25.206600
357	0.755700	0.000000	-0.284000	0.927300	0.924200	2.541120	0.662800	1.209800	-0.366300	0.146800	-0.068500	0.209300	0.871200	0.729200	3.720900	2.116060	9.528710	7.886500	6.927110	15.015500
358	6.398830	4.500160	0.000000	1.341400	0.567600	7.028620	6.670980	3.348790	5.576550	3.730020	0.194800	4.573240	5.885590	4.080770	6.836760	4.267670	11.186490	4.990300	1.321400	3.707670
359	2.751470	1.514900	0.163000	0.141400	-0.178200	6.088710	0.271100	1.693600	1.488200	1.373000	0.119500	0.000000	2.595950	1.376700	4.025760	1.069200	1.153300	0.042000	-0.104700	1.876300
360	1.598600	1.244400	0.145200	0.431000	-0.283200	-0.325200	0.011500	0.000000	0.566200	0.944800	0.266600	0.232500	1.074200	0.356500	1.932300	0.047800	0.070600	-0.479700	-0.372500	0.666400
361	3.844110	2.689210	0.131600	1.148300	0.000000	7.323480	1.019000	1.558000	2.740050	1.798700	0.667600	1.304300	3.036170	1.524100	2.859780	1.752700	1.577300	0.995600	-0.299300	0.118400
362	0.000000	1.324700	0.839400	1.767750	2.821240	6.010790	0.296600	1.512900	1.263400	0.947500	0.485700	0.138800	0.997300	0.783300	1.053800	0.692800	1.140400	0.950100	0.620100	0.793200
363	-1.797700	0.136900	-0.339500	2.282770	2.234930	3.160450	-0.450000	0.664700	0.000000	-0.183300	-0.223900	-0.339700	-0.124000	-0.254700	-0.247100	-0.574200	-0.297600	-0.351200	-0.332700	-0.370400
364	0.320900	0.465600	-0.413300	0.113700	-0.324900	4.612560	-0.344100	0.225900	0.152300	-0.037200	-0.614900	0.000000	0.730500	0.017100	1.248100	0.585000	-1.448600	-0.048800	-1.303200	0.389200
365	1.585800	0.000000	-0.304900	-0.997400	0.919600	-1.465700	-0.836800	-0.006400	1.207200	-0.722400	-1.708000	-1.339200	-0.384000	-1.194900	1.583700	0.474400	0.668500	0.788900	-2.401600	2.035300
366	2.571700	1.271900	-0.574200	-0.595900	-0.547600	8.883600	-1.123600	0.000000	1.185400	0.678200	-0.364000	-0.110500	0.744100	0.085900	1.473100	1.127700	-0.341100	0.229200	-0.154700	0.412900
367	6.311360	4.720830	0.000000	3.147520	2.229700	9.125200	7.704260	4.568270	4.889400	4.093390	0.487000	4.598710	5.053400	3.175230	6.115920	3.992970	11.973920	11.364870	6.724180	6.905470
368	4.412960	2.867950	2.214280	0.000000	-0.153000	6.796830	2.219740	1.588500	3.117270	2.122470	1.246300	2.909870	4.363230	3.967160	6.186540	3.963100	8.934840	7.085740	9.112510	5.932150
369	4.923430	3.635790	-0.234600	2.064000	1.789700	5.592060	1.964800	3.479650	4.171730	3.042140	0.348100	1.685400	3.398670	0.000000	5.627740	3.496090	3.770120	3.761860	1.094200	2.899040
370	1.574700	1.091600	-0.114500	0.275100	-0.326700	3.201280	-0.084400	0.768900	0.819200	0.751600	-0.232500	0.006000	0.570300	0.000000	1.306100	0.647500	-0.435500	-0.304800	-0.447600	0.395100
371	3.300500	2.098000	7.575810	4.051060	5.510770	0.000000	7.967260	4.097500	2.397300	2.479300	2.751200	7.928020	3.941810	4.510110	2.326500	4.229550	19.953250	21.662650	17.162000	18.888080
372	1.413800	0.395500	-0.902300	1.089700	1.559800	7.961660	-0.298300	1.056900	1.242700	0.583000	-1.049000	-0.925500	0.044300	0.000000	0.689800	0.253200	0.683500	-0.952500	-1.133300	0.331600
373	-0.313700	-1.669400	-2.680200	0.308000	0.182700	2.325600	-0.695700	0.812500	-1.317400	-2.528900	-3.943700	-3.800100	0.000000	-2.500900	2.208200	-0.727300	7.838290	4.965910	4.943570	43.031500
374	0.570900	0.000000	-0.589800	1.061700	0.581100	4.335370	-0.257800	0.704000	0.406600	0.332000	-0.854000	-0.933400	0.467800	0.045500	0.240400	-0.116900	-0.117400	-0.386000	-0.458800	0.178300
375	4.606670	4.031530	2.359600	4.126900	3.116330	3.175830	3.373510	4.329730	4.561630	4.261790	1.783700	2.927730	4.466750	4.015300	4.380800	4.453920	0.000000	3.644320	1.703200	3.734610
376	0.022600	-0.168900	-0.380000	-0.086300	-0.277300	-1.144000	-0.516700	-0.022400	0.000000	0.002400	-0.745400	-0.563600	-0.514800	-0.368100	0.014200	-0.051700	-0.618100	-0.632000	-0.669900	0.002000
377	1.899400	0.987500	0.716900	1.906300	1.453400	2.661340	0.823200	0.695100	0.000000	0.339700	0.818500	0.392900	1.021900	0.719600	0.829800	0.229100	1.172000	1.229300	1.214800	0.926600
378	4.546420	3.653840	1.380100	1.504300	0.000000	6.395870	1.728400	3.792860	3.597500	3.213940	1.677900	3.544910	5.048070	4.149710	4.446530	3.496120	5.085540	5.563690	12.225551	5.793190
379	1.507900	0.099600	-0.530400	1.276100	1.391500	7.897690	0.846300	1.603700	0.000000	-0.453300	-2.115300	0.466200	1.614700	0.107200	3.088000	1.328700	8.146320	2.043400	7.066520	32.908100
380	1.156200	0.962500	0.703100	1.491800	1.119400	0.064100	1.018200	0.819800	0.689700	0.864900	0.525300	0.981200	0.686800	0.677000	-0.326800	0.000000	0.938800	1.272000	1.178500	1.469300
381	0.073700	0.235100	0.024400	0.556000	0.389800	-0.538700	0.080300	0.510900	0.111700	0.141600	0.042500	0.000000	0.147000	0.207100	0.178400	0.121000	0.100900	0.123100	0.107000	0.298400
382	1.074500	0.904700	0.420400	0.718800	0.514800	0.214900	0.000000	0.056800	0.572300	0.793900	0.577800	0.143300	0.622300	0.440600	0.508100	0.176200	0.393500	0.239200	0.082500	0.414000
383	1.934400	0.800800	3.926530	2.670150	3.099510	0.000000	8.490860	3.336780	0.962600	1.948500	1.383000	5.867670	2.577010	1.908200	3.074930	2.680530	19.343680	18.590060	19.149800	73.449500
384	2.329230	1.539300	-0.606600	1.155600	0.000000	1.596600	1.741810	1.308100	1.666200	0.556500	0.014700	1.593100	1.714890	1.519800	0.878400	1.469200	1.519100	1.610200	1.553600	2.103760
385	3.321910	1.661100	0.430400	0.646100	0.911200	6.049350	0.869800	0.327900	0.695800	1.577900	-0.727500	1.150200	1.070600	1.262600	0.612800	1.759100	-1.332000	0.000000	-0.432900	0.435100
386	2.137500	1.172200	1.058000	0.949700	0.602900	0.910800	-0.145300	-0.004500	0.000000	0.728400	0.286400	0.068200	1.001900	0.165900	1.482600	0.270200	0.721100	0.583300	0.627400	0.124100
387	1.456800	0.381800	0.669700	-0.728600	-0.258100	3.409660	0.000000	0.385900	1.001000	0.338300	-0.228200	-0.229700	0.105400	-0.552700	0.918800	0.369400	0.320100	0.250500	0.140400	0.485200
388	0.300700	0.227800	-0.758100	-0.137100	-0.589900	1.384900	-0.822900	0.000000	0.094900	-0.290600	-0.909200	-0.523500	-0.193900	-0.238900	0.576400	0.276200	-0.405900	-0.868000	-1.331300	-0.509200
389	4.960070	3.227320	1.311100	1.629600	4.837950	5.406510	2.629710	4.505250	3.553880	2.416290	0.343600	2.381940	3.195460	2.197160	3.503450	3.187050	1.076000	0.096000	0.000000	2.135130
390	0.365000	0.110000	0.151400	0.303700	0.218700	-1.626300	-0.201500	0.294800	0.328800	0.638700	-0.049800	0.000000	-0.648200	-0.205900	0.206900	0.386800	0.191500	0.317400	0.277500	0.493500
391	2.323440	0.989000	0.294700	0.165100	-0.119400	2.107290	-1.200200	0.000000	0.001200	0.223100	0.105300	-0.658500	0.547500	0.240100	0.787200	-0.781800	1.486300	-0.113200	-0.200300	-0.595600
392	5.624970	3.897520	0.000000	5.377270	4.487700	8.644590	4.106560	5.098460	4.868550	3.333970	0.335700	3.140100	4.226440	3.390730	4.555660	3.119100	6.011260	4.313470	1.929300	4.169340
393	0.084800	-0.235900	-0.449400	0.164500	-0.119400	-1.737200	-0.482600	0.233900	0.000000	0.139200	-0.599300	-0.310600	-0.669800	-0.340600	0.102500	0.173300	-0.793600	-0.466900	-0.528700	0.238300
394	0.409100	-0.256700	-0.003600	0.279800	-0.021800	-1.462500	-0.057700	0.631300	0.281900	0.228300	0.034900	-0.256100	0.000000	0.082700	0.140200	0.288500	-0.023400	-0.031400	-0.040100	0.176100
395	0.000000	2.488420	4.022870	6.103290	5.713550	7.922730	3.712850	6.686340	3.745530	3.771880	3.887580	3.673970	4.077740	3.710450	3.713350	3.969160	4.144060	3.933260	3.866540	4.218570
396	-0.075600	-0.577200	1.336600	0.157000	-0.450000	0.191700	0.284200	0.208600	0.000000	-0.366500	-0.422900	0.318900	-0.637400	-0.036000	-1.036100	-0.216300	-0.170100	-0.444700	-0.569000	0.074500
397	1.630500	0.949800	-0.317200	1.150100	0.832400	1.671100	1.000700	0.000000	0.611400	0.615300	-0.596200	0.658000	0.731000	1.062300	1.117100	1.406300	1.309200	-0.028800	0.431100	1.367900
398	-0.178200	-0.298900	-0.279500	0.209800	0.059500	-0.860300	-0.230000	0.098600	-0.133200	-0.007600	-0.256600	-0.156100	-0.503800	-0.055400	-0.583600	0.000000	-0.354500	-0.407100	-0.447300	-0.039400
399	0.698100	0.151600	0.169500	1.078600	0.909800	-0.786400	0.210600	0.000000	0.016000	0.675900	-0.050200	0.065500	-0.012400	0.507700	0.576000	0.758200	0.556500	0.393600	0.308600	0.700900
400	1.479100	0.719700	-0.205300	-0.904300	-1.117000	1.171900	-0.001400	0.000000	1.068200	0.015900	-0.521600	-0.491200	0.518700	0.137200	1.262200	0.995700	-0.223100	-0.217900	-1.319700	0.353700
401	0.743200	-0.101100	-1.280900	-0.492000	-0.835000	0.082600	-1.093500	0.000000	0.375500	-0.421900	-1.218300	-1.258200	-0.696900	-0.632600	-0.758400	-0.438300	-0.251100	-1.286800	-1.843300	0.455700
402	1.837000	0.970400	0.226900	-0.862500	0.510900	2.794900	9.906010	0.000000	0.890400	0.525600	1.912200	5.609210	3.044780	3.398780	2.611900	1.850100	15.927300	10.950360	7.138930	14.673000
403	0.000000	2.876620	2.832070	5.362400	4.844430	3.829190	2.709910	4.373840	2.813390	3.442460	2.521100	2.535300	3.436170	2.823530	3.529050	1.981600	3.108820	3.249480	3.183530	2.785490
404	1.817100	1.155000	0.738800	1.236800	1.523300	0.444100	1.097400	2.040600	1.839900	1.056300	0.511300	1.089200	0.000000	0.738800	0.763900	1.662400	1.951900	1.206500	1.303900	2.199200
405	1.311900	0.002300	-1.023000	-1.060800	-0.907200	0.331100	0.313900	0.000000	0.490400	-0.341600	-1.824700	-1.033700	-0.058300	-1.779400	1.538500	0.480900	4.344790	10.344500	10.353930	15.698490
406	5.468200	4.950690	4.730860	5.549570	5.036880	5.770340	5.656330	6.468430	5.872980	4.437580	1.472500	4.612680	7.082020	5.556540	6.981590	5.189920	6.282890	0.235500	0.000000	3.654320
407	2.940480	1.368600	-1.153400	0.739300	0.910400	4.703090	-0.932800	0.922200	1.450300	0.208200	-0.728400	0.000000	2.520420	0.682700	4.543500	0.465200	9.753190	13.790830	8.328070	17.292020
408	5.816870	3.766080	1.246600	0.000000	0.367500	5.900120	8.730140	2.840730	5.112200	2.714380	3.722290	5.567480	7.974220	3.887560	5.808510	4.008110	1.811300	8.208610	5.604820	4.779030
409	2.480700	1.693500	0.623700	0.877000	0.422400	2.899010	0.997500	0.896700	2.394830	1.586900	0.343500	0.737800	0.620000	1.366100	0.000000	1.517200	1.290700	0.910900	0.335600	1.499200
410	5.685640	3.976840	0.000000	1.897400	0.391000	5.674450	1.621300	3.398470	4.940160	3.224450	-0.017100	2.784480	4.434970	2.981880	5.578730	3.558520	14.065730	8.258290	4.191530	3.241530
411	1.194300	-0.006200	-1.073400	-0.695200	-0.858700	2.415940	-0.838800	0.327500	0.000000	-0.302700	-1.438700	-1.084400	0.134700	0.032200	2.558850	1.826710	0.883100	0.293300	-0.479600	1.250400
412	5.836420	5.288830	4.059470	5.906410	6.064790	7.356640	7.857890	5.786930	5.163420	4.661570	1.241300	5.420360	6.505300	5.364340	6.796800	5.432130	3.478860	1.049700	0.000000	3.729430
413	1.347600	0.149000	-1.219800	0.993100	1.617000	4.086690	-0.538100	0.518400	0.000000	0.702000	-0.735000	-0.697400	1.423900	-0.058500	0.467900	-1.163800	0.093100	-0.681300	-1.119900	1.436700
414	1.169400	0.000000	0.136500	-0.414200	-1.369000	4.533380	0.117300	1.252100	1.333200	0.475100	-0.629700	-0.210600	0.609100	0.443000	1.657400	1.067900	0.268800	0.244600	-0.285900	0.991400
415	0.572400	0.261600	-0.148800	0.418400	0.225000	0.514500	0.594200	1.257300	0.807700	0.457600	-0.290800	0.000000	0.973500	0.773600	0.427600	0.149100	0.024800	-0.199900	-0.392800	1.209700
416	2.384840	0.930000	11.981619	5.705130	9.192330	6.755500	24.188500	3.419570	0.000000	2.459520	9.764460	19.066740	12.912608	11.360143	10.418680	6.822180	51.787100	40.925000	30.176000	76.224400
417	0.670800	0.566800	0.653700	1.233400	1.126700	-0.153400	-1.178000	0.132100	-0.698800	0.531200	0.834400	0.000000	0.760200	0.113200	1.013000	-0.065400	1.036900	0.701500	0.552900	0.059300
418	1.330600	0.000000	13.556938	6.693280	12.170285	5.631920	35.660800	2.981570	2.059300	6.557430	15.756960	22.543650	18.452260	16.646220	10.094730	9.316120	73.052700	54.564000	40.307300	45.364500
419	-0.074700	-0.647800	-0.758400	-0.211300	-0.576500	0.290100	-2.029000	-0.044000	0.000000	0.346000	-0.853800	-0.785600	-0.527900	-0.872800	0.100300	0.073800	-0.439500	-0.864700	-1.038900	0.088000
420	1.096700	0.144500	-1.117800	-0.534600	-0.997200	2.200000	-0.980900	0.000000	-0.274100	-0.452300	-1.694500	-0.957300	0.308800	-0.294200	2.244400	-0.724800	2.381500	0.884900	-0.328600	0.179700
421	6.971410	5.412320	2.740600	4.263070	3.549700	10.224730	5.644020	5.559420	5.395930	4.741880	1.755400	5.099730	6.360130	4.213760	5.620160	4.693680	4.424230	0.989900	0.000000	2.834200
422	1.143500	0.000000	-0.551100	1.777400	3.035030	3.079810	-0.498400	2.497200	1.480300	1.124200	-1.238400	-0.701100	1.536900	0.283500	3.655660	1.833200	8.409410	4.578420	3.344800	21.761810
423	6.736630	4.896980	0.831000	1.268700	0.000000	6.280470	5.051990	3.845470	5.896400	3.980090	0.776000	4.881410	5.198410	4.375410	6.267890	6.097520	9.954680	2.995680	2.197600	5.367500
424	1.522100	0.000000	-0.517100	-0.118200	-0.501800	1.437500	2.046100	1.398600	1.402000	-0.153700	-0.355500	0.751800	1.254200	1.535800	1.308100	1.579300	2.591100	3.514330	2.574400	1.781200
425	5.842200	4.224140	0.000000	2.551300	1.460600	8.535380	9.655670	3.236900	5.385790	3.484940	0.615000	4.599230	5.151310	3.096500	5.777780	3.663200	18.044550	10.152570	6.615340	5.338410
426	4.840420	4.302310	2.136400	5.499800	6.616630	4.420370	0.000000	5.190350	3.847350	4.001120	1.465400	1.288000	5.401770	3.329580	5.523010	2.972500	11.599820	9.766710	6.420710	18.255770
427	1.092400	0.000000	6.239180	4.468270	7.105240	7.777300	19.993500	3.875330	1.594600	1.018900	5.309020	11.985880	8.895330	9.722880	9.244840	7.658440	45.223300	42.650800	35.796000	30.684500
428	-0.156400	-0.787400	-1.424600	0.476600	0.260200	1.627600	-1.647800	1.060900	0.000000	-0.162800	-1.190700	-1.126300	0.081500	-0.749500	-0.288500	-0.301000	-0.576700	-1.168400	-1.021700	-0.075000
429	0.346400	0.000000	-0.059500	0.364400	-0.002100	-1.516000	-0.513800	0.392200	0.347800	0.469700	-0.374600	-0.611600	0.096900	-0.484900	0.390100	0.416600	0.010100	-0.018600	-0.013400	0.475900
430	0.397400	0.463900	0.367000	0.633300	0.427900	0.651700	0.265200	0.884700	0.493300	0.639000	0.437300	0.324700	0.213300	0.183200	-0.525500	0.000000	0.401700	0.343000	0.315100	0.588500
431	1.515100	2.832910	1.330900	4.813090	5.058740	6.393760	4.833450	3.992010	2.529800	2.378350	0.753800	1.671400	3.806380	3.214850	3.796340	2.305960	3.097170	2.609860	0.000000	2.610450
432	0.220000	0.103600	0.064200	0.350000	0.124400	0.722800	-0.749300	0.000000	0.015400	0.371900	0.000100	-0.095100	-0.281100	-0.234200	0.265700	0.341500	0.093200	-0.151200	-0.083600	0.622500
433	0.822700	-0.030200	-1.336700	-0.907900	-1.411600	0.699100	-0.268500	-0.696400	0.262100	-0.163700	-0.997800	-0.452400	0.000000	-0.274400	0.243000	-0.380200	-0.155500	-0.366500	-0.374500	0.060500
434	-0.656700	-0.115900	-1.223800	0.230600	1.749200	2.172900	-1.687800	-0.229400	-0.048200	-0.761000	-2.453800	-1.081900	0.946000	0.000000	0.963100	-0.367300	-0.332700	-1.196000	-1.260700	-0.222800
435	2.795900	1.044600	-1.406100	-2.212700	-0.999800	0.998900	9.883410	0.000000	1.772100	0.100100	-0.720900	6.371380	3.330320	4.303120	2.342300	1.412500	11.430760	6.625210	4.473450	2.259200
436	3.448800	2.140500	0.000000	1.711200	1.460600	2.380300	1.219400	2.360400	2.679400	1.740500	0.128400	1.131100	1.785800	1.468800	3.743320	2.381900	1.300100	1.193200	0.809500	3.063300
437	6.117040	3.950100	1.527300	0.000000	0.173700	6.108420	16.158720	3.017100	5.272580	3.027800	1.552100	5.614730	7.611240	4.283700	5.895690	4.093100	17.812310	14.957537	12.281900	9.684500
438	0.000000	8.712570	31.494100	24.084600	33.261200	21.026030	27.690200	22.873820	12.183730	14.284202	23.364770	26.907800	28.987100	30.062200	27.700100	26.635300	58.886800	59.448400	57.632400	79.108000
439	8.044230	5.900850	2.102900	4.098830	2.852080	9.997070	4.948920	5.271640	6.453330	5.086530	1.899100	3.946320	7.423960	5.478560	7.531780	5.172080	3.167860	0.000000	1.146900	3.833110
440	2.910050	1.662900	-0.425100	-0.469900	-1.057800	3.190630	1.488200	1.607300	2.573800	1.228900	-0.046200	0.850400	1.354800	0.606600	0.000000	1.111700	1.884700	-0.588300	-1.057500	2.870490
441	3.736910	3.063500	1.059400	2.703590	1.747500	3.494360	2.884920	2.641220	3.304230	3.333460	0.741900	2.016340	4.109530	3.006300	5.299880	3.309710	4.322210	2.577010	0.000000	3.193830
442	0.332200	0.000000	0.006100	0.385000	0.033100	-1.847700	-0.309500	-0.433500	-0.480600	0.295600	-0.196900	-0.132500	0.308600	-0.303400	0.609700	0.194700	-0.059800	-0.161600	-0.240100	0.174500
443	1.236800	0.940200	0.494200	3.277000	2.160030	2.188930	0.132900	1.846160	0.773500	0.717100	0.680800	0.000000	1.151700	-0.004500	1.430800	-0.208500	1.245900	0.780900	0.650400	0.258700
444	1.057200	1.018900	0.335600	3.464090	3.707950	6.549680	-0.067000	3.125060	1.205900	0.710800	0.069100	-1.185800	0.931100	0.000000	1.686600	-0.112800	1.548100	0.377400	0.203100	0.412300
445	1.942900	0.765800	-0.782000	0.117900	-0.327000	6.207180	-0.539600	0.327200	-0.084900	0.698400	-0.752400	-0.785900	1.589400	0.000000	2.818280	0.682200	0.605300	-0.386200	-0.642000	0.261100
446	5.750740	4.165170	0.598400	1.905300	0.000000	4.168560	7.181910	4.354340	5.129320	3.900430	0.185300	3.195700	5.969320	4.347220	6.444500	4.942100	15.899330	11.676040	7.127740	7.583210
447	3.688110	3.581000	1.533900	3.665440	2.765400	6.908990	2.245100	4.242350	3.687230	3.309700	1.367900	1.964500	3.965630	3.108900	5.926870	4.344450	2.337700	0.791500	0.000000	2.628000
448	6.460650	4.491020	0.000000	0.747100	0.664000	6.231020	7.381070	2.925300	4.957280	3.363200	0.590600	1.821800	5.011110	3.862010	5.215090	4.150750	12.800383	6.572300	4.341940	4.159720
449	4.422120	3.118700	1.410400	1.976200	0.963800	6.257230	1.969600	3.454480	4.047250	2.716100	1.594100	1.673800	2.051800	2.175900	0.000000	0.658500	4.165460	5.070770	4.038900	4.970580
450	7.191150	6.344820	6.362680	4.946420	4.093750	9.436920	0.000000	8.051730	7.149560	5.713200	3.878760	4.428070	8.587750	5.416710	8.645560	6.629260	21.761510	27.396300	20.844250	10.017800
451	1.512900	0.789800	0.316900	0.917000	0.551600	4.686040	-0.578500	0.000000	0.461800	1.210100	0.464100	-0.093900	1.097800	0.373400	1.791330	1.565800	1.336100	1.206700	1.034900	1.980210
452	0.978800	0.589100	0.723500	0.632000	0.835800	1.779400	-0.425800	1.124100	0.666100	0.118500	0.150400	0.146100	1.105800	0.244400	0.729900	-0.171400	0.730900	0.570000	0.536300	0.000000
453	0.849500	-0.217800	5.356390	4.000170	5.565440	5.598410	21.103040	3.355260	0.000000	-0.284900	4.020430	11.287240	6.891970	3.646800	2.665300	-0.202400	34.360600	19.223380	14.388180	43.377600
454	0.000000	6.970160	21.760730	20.904960	24.272900	17.402160	18.892510	18.465790	11.248370	12.969328	15.235100	18.093650	16.888170	16.611720	19.521120	21.187520	32.644000	33.997400	33.010500	29.614600
455	2.840750	2.478440	1.937100	2.320710	1.984800	3.951390	2.015600	2.439280	2.930250	2.090100	1.642700	1.512100	1.374200	1.970100	0.000000	1.057200	2.305340	2.656610	2.624110	2.420070
456	0.913200	0.555700	0.713200	0.000000	-0.308900	2.444290	0.796200	0.537600	1.181800	0.287500	1.247100	0.457100	1.531900	1.279600	1.098900	0.477900	0.867800	0.689100	0.591000	0.843700
457	1.078200	1.036100	0.666300	1.391500	1.100400	0.914900	0.374700	0.447000	0.000000	0.945000	0.305800	0.416000	0.991300	0.667600	1.286400	1.231100	1.353000	1.197200	1.128700	1.375800
458	4.191550	3.892700	2.989700	3.388100	2.228550	4.533990	2.788450	2.857820	3.951760	3.282620	1.231600	3.006450	4.305620	2.878470	4.635530	2.940850	2.783340	2.225340	0.000000	2.886200
459	2.137990	1.166500	0.914000	2.095670	2.224080	6.209540	2.942300	2.220060	2.002510	0.972800	1.164700	1.894500	2.195810	1.768700	0.000000	1.214400	9.595500	11.764288	10.850340	20.709410
460	0.245400	-0.034300	-0.237000	0.342900	0.068800	-1.106200	-0.472300	0.379400	0.145800	0.208600	-0.308100	-0.371400	0.000000	0.014200	0.220400	0.187100	-0.126600	-0.240300	-0.323200	0.439700
461	1.250300	0.799400	-0.134500	0.726000	0.007700	2.387270	0.061300	0.000000	0.820700	0.997400	0.167000	-0.037800	1.254400	0.725800	1.501300	0.456800	0.062900	-1.050600	-0.970200	0.502200
462	4.757610	3.239260	1.645600	2.096800	2.321800	6.704200	3.557800	3.400380	3.936180	3.375090	0.090600	2.774830	3.137940	3.918600	3.513850	2.773010	5.753270	2.808520	0.000000	2.167500
463	0.803400	0.000000	0.464600	2.901700	2.480780	-0.305300	0.193800	1.815380	1.096400	0.787500	-0.250600	-0.239600	0.443200	0.410200	0.965700	0.464900	1.072000	0.506400	0.446400	1.270300
464	0.314800	-0.179700	-0.452100	0.963600	1.190800	6.249740	-0.273400	0.241800	0.000000	-0.003300	-0.950700	-0.464900	-0.226200	-0.031800	0.228900	-0.560100	-0.145600	-0.311000	-0.098900	0.497700
465	1.893200	1.234900	-0.342400	0.000000	-0.302700	1.861500	-0.076900	0.764300	1.619000	0.890300	-0.310900	-0.121200	1.471800	0.297900	1.499900	0.971000	1.350300	1.195100	1.341500	1.964200
466	4.710280	3.773180	1.506700	2.550050	1.137300	5.429540	6.405660	3.413630	3.965400	3.142330	0.846100	2.489860	3.611590	3.198490	4.562280	3.817050	1.982700	0.000000	0.460700	3.490320
467	0.710200	0.292300	-0.794200	-0.350400	-0.322900	1.412200	-1.022300	-0.186100	-0.137700	-0.277600	-0.951800	-0.625200	0.178900	-0.293200	1.469000	0.050300	-2.241600	-1.298700	-1.420300	0.000000
468	0.000000	2.151100	6.143160	5.937210	7.215040	2.592180	11.891006	4.564520	3.880560	3.200640	3.973780	8.397670	11.126870	9.079350	9.223210	7.524950	29.186200	23.239100	18.704700	48.673700
469	2.842570	2.148810	1.649100	2.148700	1.714900	0.000000	1.861800	2.445950	2.519260	2.448000	1.585100	1.795500	1.837500	2.267740	2.102620	2.477060	0.680100	1.545800	1.173900	2.318380
470	4.087500	2.929500	0.000000	3.691950	3.176300	8.490760	4.720950	3.203500	3.249120	2.186400	0.481900	1.950200	4.817850	1.618600	4.819770	2.932300	5.884250	1.754000	3.084700	2.973800
471	0.053200	-0.186500	-1.089500	-0.157700	-0.725700	-2.196700	-1.335600	0.000000	-0.060900	-0.174600	-1.178000	-0.929000	-0.229900	-0.851000	0.025100	-0.299600	-1.094700	-0.752400	-0.963200	-0.656300
472	2.463660	1.543000	2.918070	3.082580	3.884870	0.000000	2.604150	6.005620	1.937000	1.571100	1.010500	1.904500	2.596640	2.263100	3.280890	1.686400	2.985440	1.922100	1.624100	1.326000
473	1.676700	2.840630	2.059300	2.474310	2.195100	2.403020	2.549520	3.105220	2.601940	2.921930	1.635000	2.171400	2.460530	3.319880	0.000000	0.848300	4.150670	4.228500	3.529120	3.497900
474	0.071400	-0.236900	-0.183800	-0.098600	-0.252300	-0.529000	-0.704300	-0.022200	0.000000	0.028600	-0.766800	-0.746900	-0.054600	-0.243200	0.187700	-0.035600	-0.355600	-0.554200	-0.673500	-0.012200
475	-0.423800	-0.593500	-0.790700	0.123900	-0.035700	-0.570300	-1.062600	0.000000	-0.512300	-0.381200	-0.838200	-0.894200	-0.379500	-0.668600	-0.392600	-0.703500	-0.425800	-0.693600	-0.697100	-0.378200
476	0.000000	2.527000	1.461200	4.120910	3.760360	5.701750	3.268630	3.857540	3.274570	3.268810	1.775560	2.659250	2.952830	2.389910	3.388400	2.651780	2.075330	1.633500	2.163950	2.669870
477	1.726900	1.204500	-0.347300	0.000000	-0.517800	4.515390	0.200200	0.188200	1.833300	1.101000	-0.201300	0.329400	1.618300	0.813100	2.851540	0.861800	1.467400	0.385800	0.237600	-0.044500
478	5.510440	3.170990	-0.528600	0.000000	0.120500	4.104330	10.992080	2.899490	4.687770	1.622800	1.547400	5.554890	4.298540	4.249400	4.614650	3.792520	15.339920	18.011560	14.333030	14.374610
479	2.502140	1.628700	0.644000	0.758300	0.239800	1.448900	-0.560500	0.768800	1.268400	1.403700	0.421100	0.000000	1.922500	0.602000	3.097990	1.725500	1.992500	2.000800	0.377900	0.804400
480	5.729610	4.168130	0.000000	1.404100	0.440500	5.584040	3.499230	3.395330	5.024460	3.308200	0.118400	3.393160	5.024570	2.558100	5.646850	3.488360	13.990960	5.549060	1.839700	3.021520
481	2.099500	1.178200	-0.231400	0.703000	0.152000	3.225210	-1.139700	0.079200	0.000000	0.931300	-0.567500	-0.029300	2.000600	0.021000	2.847090	0.094900	0.856400	-0.314500	-0.821200	-0.460900
482	8.115720	5.857000	1.100800	1.664300	0.000000	8.354050	10.961090	4.529710	7.043930	4.774970	1.122200	3.866670	7.113880	5.145400	7.485020	5.631620	15.497750	15.356720	8.283930	7.313820
483	6.448820	4.807290	0.991100	3.819990	4.832720	6.413880	4.933860	4.034700	4.528020	3.970390	1.173900	3.382350	5.869130	4.359350	6.127670	3.621860	0.942000	0.726900	0.000000	3.669860
484	5.249070	3.267850	1.871300	0.000000	-0.129700	3.709390	10.637110	2.726600	3.564850	2.350300	1.996700	7.302220	4.732830	3.660060	4.282840	3.076130	20.737960	10.742860	10.136150	17.235350
485	5.099200	3.940410	10.040060	5.162090	9.155480	5.985120	13.456478	3.217990	3.984680	3.714260	7.417230	10.246280	7.870360	11.094760	0.000000	7.153610	24.784900	12.843636	18.190320	36.283600
486	3.424870	2.080900	0.210400	3.625380	4.374380	4.903740	0.000000	5.169770	2.815150	2.349080	0.850100	1.340300	2.634880	2.254200	2.967230	2.281400	1.355900	1.536600	-0.259800	3.339030
487	0.272000	0.059600	1.602300	4.550050	5.666610	-0.136900	3.368300	2.445800	0.000000	-0.132700	0.357400	1.851700	3.260700	3.127600	1.904400	1.659700	6.165870	2.993400	0.984000	3.967190
488	0.453400	0.339300	3.496600	0.059200	0.547000	3.172000	4.405490	2.432800	0.000000	1.465600	0.040200	4.647770	3.291700	5.513880	4.970080	3.859800	11.179640	8.353640	8.344070	20.091640
489	6.275440	3.804200	2.835600	0.000000	0.760900	6.913540	10.624070	2.369200	4.701490	2.964000	1.556500	8.851580	5.953560	4.405730	6.019210	5.266680	27.832300	14.848480	11.028880	10.147440
490	6.599500	5.265130	3.605460	2.119900	1.895800	7.784470	12.340017	4.610650	5.770660	4.821750	5.030460	12.223942	0.000000	1.772200	4.079890	5.422600	21.898780	13.916367	10.773870	10.570190
491	6.373960	4.087140	0.738600	0.000000	-0.463800	5.540550	8.949830	3.031900	5.441070	3.227900	1.237500	5.587730	6.493630	6.786100	6.069620	4.189680	13.294747	10.721500	9.061700	17.663680
492	6.031170	5.091670	1.711500	3.067000	2.053700	6.640160	4.268370	4.262930	5.549770	4.173190	1.784600	3.412920	5.438760	4.800080	5.583250	4.278880	3.444320	1.091900	0.000000	2.863830
493	0.000000	-1.278900	-2.106200	1.015400	2.834000	-0.361700	8.710440	1.840700	0.413500	0.302700	-0.242200	6.879100	6.306060	4.191680	4.544830	1.655500	23.851400	20.392590	15.235240	64.645700
494	0.000000	3.604220	2.060200	5.916330	4.519870	10.944690	2.390600	6.061130	2.668200	3.083270	1.729100	4.774520	6.538980	3.104510	5.351230	2.930700	6.579910	7.508920	5.310620	4.224610
495	0.788400	0.129300	-0.553400	1.294700	0.276800	0.390100	-0.936600	0.966100	0.469000	0.470000	-1.099600	-0.816800	0.500300	0.000000	0.454300	-0.230600	0.012700	-0.196400	-0.337000	0.127700
496	0.000000	4.929600	11.499856	12.792602	15.383950	8.188120	9.433450	13.003697	8.170930	6.531040	7.356480	8.383370	10.202530	9.316080	11.285362	10.028410	11.682415	10.157800	9.958120	75.101600
497	2.000000	0.469500	-0.907200	1.984000	0.773100	0.600200	-0.025500	2.285100	1.687900	1.048100	-0.777500	-0.001100	0.000000	0.418600	2.333000	1.324300	2.489800	3.823540	1.053000	5.300420
498	4.640590	2.733620	2.004000	0.839000	0.650200	4.158350	3.124890	0.000000	2.596570	1.725100	0.972700	2.225190	5.118860	3.115440	4.601420	3.230600	3.803210	3.874900	3.460290	7.650950
499	2.991900	1.464400	0.858200	-0.547900	0.465400	0.887300	7.629790	0.000000	1.584700	-0.172800	3.684020	5.081740	5.314960	3.440600	3.683170	3.121200	18.185050	25.577900	16.311140	12.439580
500	6.355970	4.303580	0.000000	0.994600	0.060600	4.054810	9.737510	3.580750	5.056250	3.471310	0.550100	4.156670	6.284510	4.607250	6.223760	4.461840	19.026210	10.529260	7.967450	5.478240
501	4.798820	2.819900	4.197290	2.620400	6.460000	7.027240	16.004230	0.000000	1.502800	2.394200	5.094680	11.252250	10.601950	5.005500	7.365040	4.200850	32.183700	20.244140	15.831630	19.087420
502	2.517100	0.000000	2.733400	1.179800	1.722300	3.501000	13.853030	2.799400	1.506700	0.771400	1.161100	7.402630	4.729740	4.302590	5.185980	2.891100	27.442300	16.822050	13.114080	42.120400
503	0.779700	-0.420900	-2.439300	-1.504700	-2.041800	3.874540	-3.835600	-0.066000	0.098900	-0.511600	-2.311500	-1.918800	1.642200	0.000000	2.465700	-0.349000	3.561500	1.747500	0.470600	1.622400
504	3.796580	2.312900	1.327200	0.936100	0.000000	4.431910	11.864872	2.256900	2.643560	1.709100	1.538500	5.997840	3.341090	2.957020	5.287320	4.438220	15.470760	16.834610	10.597510	6.695630
505	5.135430	3.324260	1.903900	4.095530	5.522580	4.302680	3.654860	4.714350	4.354590	1.957200	1.126500	4.081960	5.126870	3.296270	4.897020	2.818800	3.614360	3.137800	0.000000	1.832100
506	2.932700	2.321400	6.081020	2.524500	6.396330	0.000000	18.031140	4.026900	2.593200	2.462500	6.693570	7.178140	7.029130	6.258160	5.721940	4.232980	34.825200	27.703000	17.485560	15.652760
507	-0.152000	0.001100	0.246300	0.577900	0.639300	-2.053900	0.209200	0.836300	0.000000	0.150900	0.047400	0.350400	0.751100	0.610600	0.661400	-0.843700	0.527300	0.185200	-0.035900	-0.177900
508	-0.111700	0.166200	0.132600	-0.171300	-0.374400	-0.969400	-0.445000	-0.586700	0.000000	-0.212700	-0.804400	-0.399600	-0.415200	-0.383700	-0.039600	-0.175500	-0.865800	-0.671900	-0.700000	-0.339600
509	0.169900	0.262800	-0.217400	0.485000	0.510000	0.335500	-0.679700	0.626800	0.171000	0.395600	-0.249300	-0.615700	-0.416200	0.202900	0.000000	0.732300	0.428900	-0.238800	-0.317500	0.481800
510	1.381300	0.000000	-1.098700	3.236400	3.777420	3.739530	2.138800	2.846800	0.493400	2.841900	-0.256000	1.328100	3.616410	-0.510100	0.660700	1.259700	9.092320	4.188330	3.396710	2.360600
511	1.577000	0.642400	-0.245300	0.000000	-0.460300	4.754540	-1.059000	1.197600	1.702900	0.724400	-0.043200	0.008800	1.369800	0.798800	2.126200	0.809600	3.516650	2.498800	4.215800	2.018200
512	0.973800	0.227000	-0.890400	0.939200	1.053800	2.262970	0.283500	2.877760	1.184200	0.334800	-0.984800	-0.491300	0.431200	0.263100	0.773800	0.093100	-0.539700	-1.627100	-1.975200	0.000000
513	1.600900	0.000000	2.487700	0.852300	-0.240200	5.288730	3.482940	1.120100	-0.104900	0.050100	-0.085700	5.057990	2.985600	4.835900	5.171380	4.688770	14.881940	18.481260	3.609100	26.199600
514	-0.064400	-0.885700	0.263400	1.009200	0.734700	1.020600	0.000000	1.189700	-0.912800	-1.146500	-1.674100	-0.044600	0.668600	0.136300	2.992160	1.385400	4.519410	4.359020	4.298170	2.089800
515	4.945370	3.699000	0.000000	2.865800	1.968100	4.387770	5.226620	4.557430	4.783570	3.192600	0.652800	4.189840	1.819200	2.413200	3.837490	2.909400	4.990240	5.562370	2.803900	2.378000
516	1.496000	0.000000	-2.084400	-1.738800	-2.194500	2.996000	-0.904700	-0.262300	0.393500	-0.483700	-1.802500	-1.040400	0.110400	-1.064800	0.314800	0.018300	-0.070400	-1.164800	-1.725400	0.206100
517	0.703200	-0.018900	0.623000	-0.422400	1.693000	1.395800	8.386950	-0.038000	0.000000	-0.611300	4.419680	5.766030	6.496840	0.704900	0.348200	1.131100	23.302050	23.074680	20.214650	45.599300
518	1.058300	0.325400	-0.658300	-0.502400	-1.506500	3.339340	-1.185700	0.000000	0.381200	0.283300	-1.374100	-0.696600	-0.152100	-0.464900	0.106200	0.134000	-1.682500	-1.063400	-1.316700	-0.090100
519	0.000000	4.882140	5.116850	7.321970	6.839800	10.396390	4.325670	6.936760	5.244280	3.651940	4.717980	4.837540	5.095470	5.127600	4.967630	3.771170	4.912890	4.985320	5.076000	5.895610
520	0.000000	3.895250	4.446570	8.229480	9.189010	8.507830	3.588170	6.096560	3.769350	3.560230	3.746170	3.486990	4.242210	3.817860	3.751380	2.729610	3.960500	3.275250	3.351990	3.935710
521	-0.068800	-0.411400	-1.002200	-0.194500	-0.386800	-1.698200	-0.606500	0.000000	-0.591800	-0.353200	-0.523500	-0.941200	-0.616200	-0.621700	1.222200	0.344600	0.083100	-0.511000	-0.628100	0.321000
522	2.729900	0.604300	3.291250	-1.627000	0.147000	6.674040	19.874650	0.000000	2.233400	-0.171800	5.938270	10.134560	7.138540	6.204500	3.410690	3.135300	14.965670	14.087356	21.955680	28.417200
523	1.068400	0.307200	-0.772500	-0.517100	-0.914600	1.237900	-0.093400	0.765600	-0.347000	0.415900	-0.592900	-0.337800	0.000000	-0.410200	0.954500	0.751000	-0.253600	-1.056800	-1.389900	0.737000
524	-0.097300	0.006100	-0.825800	1.257300	1.251400	3.484820	-0.214700	1.312500	0.592600	-0.137500	-0.667000	-0.655700	-0.251200	-0.502300	0.000000	-0.712900	0.460500	-0.885300	-0.936100	-0.535100
525	4.365200	2.253800	-1.211900	0.000000	1.661100	5.406610	7.162360	2.537200	3.966470	1.812300	1.990600	6.155140	3.786610	3.895380	3.663200	3.345100	7.754900	5.355450	2.355500	7.774560
526	2.118700	1.470600	0.777000	0.760700	0.336800	4.983680	0.000000	1.132900	1.252100	1.134800	0.168200	0.256000	1.674200	0.460400	2.590350	0.859500	0.130700	0.237700	0.091900	0.696100
527	2.208800	0.000000	0.033900	-2.151200	-2.494500	1.392500	4.262050	-0.688900	0.964200	-0.606700	-0.493100	2.625500	2.951400	1.502600	2.143800	0.757900	10.382910	6.784390	4.269360	6.493530
528	1.845190	0.226400	-1.225500	-0.609600	-0.290400	2.218850	-1.121000	0.517900	0.240300	-0.021800	-1.140800	-1.125000	-0.090400	-0.850500	0.000000	0.131700	-1.008800	-1.004200	-1.421000	-0.270400
529	5.616560	4.165450	1.005500	0.888700	0.000000	6.651030	5.434090	3.374950	5.493540	3.553610	0.546100	3.720580	4.456600	3.797800	5.741570	4.486420	7.954160	5.897470	5.044910	4.973170
530	3.605330	2.706270	1.240000	2.248190	1.989430	5.627560	2.840670	2.684200	2.519110	2.274800	1.105000	2.484700	4.188540	2.501780	4.781930	2.600090	1.621800	0.000000	0.021100	1.584800
531	2.115700	1.406000	0.688900	1.640500	1.385500	-0.765400	1.020400	1.771500	1.753300	1.742300	0.797100	0.000000	0.737600	1.181300	2.180100	2.071300	0.744900	1.220100	0.881000	1.628900
532	5.312630	3.508510	0.291300	0.792400	0.000000	7.933550	6.313700	3.037390	4.080990	2.974510	0.378600	2.874620	5.350660	3.107110	5.437380	4.486510	7.318300	3.196610	2.165200	3.077830
533	-0.088400	0.000000	-0.259500	1.042700	0.370100	0.135500	-0.489200	0.814800	-0.584500	0.552700	-0.035600	-0.821500	-0.707600	-0.348600	-0.978300	-0.431700	0.062600	-0.276300	-0.372400	0.358600
534	0.578800	0.515000	1.004500	0.814500	0.413200	-0.506700	0.157600	0.093800	0.000000	0.518500	-0.239300	0.100100	0.061900	-0.023400	1.486300	0.534400	0.503100	0.478800	0.379000	0.718900
535	1.870600	0.813100	2.803400	-0.241700	0.055200	2.917800	8.493950	0.000000	0.944400	0.464900	1.814000	2.149000	5.759460	4.840510	4.660250	2.062400	21.370970	10.956810	10.838510	27.962600
536	4.071840	3.465980	2.218390	3.293680	3.410360	4.015840	2.538210	2.740550	3.347840	2.795160	1.893780	3.345860	3.844370	3.371670	4.372820	2.886670	0.000000	2.456830	1.355300	2.452110