SITE	GLY	ALA	LEU	VAL	ILE	PRO	ARG	THR	SER	CYS	MET	LYS	GLU	GLN	ASP	ASN	TRP	TYR	PHE	HIS
1	0.171800	0.170000	0.257300	0.885700	0.132900	0.238400	-0.129500	0.212200	-0.007600	0.180300	0.000000	0.001500	-1.217300	-0.147300	-0.849800	-0.194700	0.118300	0.517100	0.487600	0.285800
2	-0.301300	-0.009000	0.000000	0.167600	0.050500	-0.194800	-0.337200	0.127200	0.003100	1.529400	0.037300	-0.162300	-0.997700	-0.317200	-0.288500	-0.340300	-0.187600	-0.313700	-0.358300	0.041200
3	0.880600	0.000000	-0.921700	-0.346900	-0.958600	2.454400	0.206900	0.510500	0.531600	0.323300	-0.810400	-1.111900	0.661300	1.058900	1.697000	1.211000	-0.687000	-0.907000	-1.207700	2.147400
4	2.358700	0.650500	-0.619800	1.567100	2.642100	1.730800	-1.243300	2.263800	2.068100	0.875900	-0.319400	0.000000	1.265200	0.835300	2.388900	0.666100	1.792100	0.039200	0.104600	0.737200
5	3.362200	2.546400	1.263400	2.282200	2.169700	3.107400	0.000000	3.092900	3.021500	2.710000	1.723300	1.545600	3.508300	2.307700	4.368800	2.331200	2.048000	1.598700	1.397700	2.215300
6	5.645900	4.361100	0.620600	1.099400	0.000000	5.202300	12.816800	2.810300	4.892100	3.453200	0.547300	3.946600	4.875700	3.887600	5.051600	4.299400	19.494900	15.568800	6.845100	14.975700
7	5.429200	3.564200	0.078400	0.838400	0.000000	7.219700	1.264400	3.406900	4.885000	3.122400	0.062400	2.464800	6.503800	3.771600	7.116200	3.172700	6.622100	15.966200	6.178300	4.042800
8	1.435300	0.000000	5.516700	0.805300	1.840000	6.496400	12.627100	1.816300	1.749700	-0.937800	7.571900	13.674000	7.235800	9.553500	2.467200	3.039300	38.367600	25.497600	23.252500	25.030600
9	1.745400	0.463100	-2.395600	-0.271900	-0.533600	5.118200	-1.161400	1.705700	1.719700	0.000000	-1.419900	-0.958600	1.021200	-0.609800	2.429300	-0.757200	11.194200	7.374300	9.142600	8.889400
10	5.904400	4.272900	0.000000	0.406200	-0.800400	6.032100	8.262500	3.079100	5.142600	3.241600	0.620300	4.157400	4.253000	2.821300	4.015700	2.846700	12.308600	8.846300	4.742300	3.906500
11	0.941200	-0.152600	-2.303700	-0.857300	-2.009700	-2.099900	-1.009000	-0.452800	0.311400	-0.494600	-2.035300	-1.490900	-0.976000	-0.866500	0.000000	-0.729600	-2.165100	-1.721400	-1.878900	-0.467200
12	4.260800	3.038900	-0.804000	0.000000	-0.043500	6.557200	4.134600	1.949300	3.339700	2.066800	2.523200	3.806100	4.504600	2.555500	5.418700	2.361600	14.442300	17.743600	11.805600	21.985200
13	2.088100	1.270500	0.052700	0.917500	0.637900	3.572700	0.040600	1.035900	1.635500	0.984200	-0.137000	0.000000	1.196300	0.208100	2.482400	1.138100	1.284400	0.843200	0.722100	0.232500
14	-0.472200	0.046700	-0.675100	1.152800	1.464800	4.342100	-0.559600	0.650500	0.230900	-0.184100	-0.911500	-0.892800	-0.200900	-0.405500	0.000000	-0.370300	-0.583000	-1.253500	-1.361100	-0.501400
15	0.000000	2.379900	0.897700	3.359400	3.329600	4.415100	2.224100	3.474100	2.557900	2.101500	0.245700	1.598600	3.087900	1.892000	3.194600	1.975500	3.402800	2.532900	0.576800	1.080400
16	1.070900	0.988400	0.537000	0.943000	0.864900	4.683400	0.000000	0.921300	0.967500	0.770000	0.700300	0.386200	1.113000	0.694800	1.942900	1.126200	0.836900	0.624200	0.318200	0.580800
17	4.276400	2.810400	0.177000	0.000000	-0.230400	6.098200	7.392800	2.542500	4.079700	1.862200	0.188900	3.313000	2.873400	2.534700	3.615700	2.821900	14.915400	16.668000	8.424400	3.382100
18	1.796100	0.964300	-0.432000	0.000000	-0.291300	5.508400	0.559000	0.782500	1.264800	0.751700	-0.184800	0.440200	0.552200	0.631700	0.609300	0.761600	0.034900	0.102100	0.016600	1.158200
19	-1.153200	0.911000	0.033300	3.409800	3.060300	5.365000	0.044900	1.733300	0.166100	0.240300	-0.091700	0.000000	-0.119600	0.236200	0.210900	-0.400500	1.268300	1.371300	1.339600	-0.110500
20	0.000000	2.571900	2.678800	4.569400	3.853200	6.217400	2.301200	4.202400	3.519800	3.150100	2.488100	2.151100	3.032300	3.162400	3.055200	2.917100	2.876700	2.219300	2.649000	3.520400
21	4.277300	2.780400	6.191900	2.019700	5.285800	5.859100	16.653400	0.000000	1.644100	2.216300	7.652100	13.524900	7.325100	8.758700	6.104500	5.048900	35.304500	25.850500	18.820700	24.980400
22	1.127800	1.099300	0.015800	1.564400	1.033600	3.840500	-0.624000	1.881600	1.546200	0.846300	0.045400	0.082100	0.530200	0.106800	0.914800	0.000000	0.619400	-0.367400	-0.571300	-0.141100
23	4.596600	3.348400	1.416700	1.711100	0.948700	5.165200	3.007900	3.382300	4.131600	3.338100	0.693800	1.588600	3.332500	1.942700	2.728100	1.500200	1.222600	-0.314400	0.000000	2.284100
24	-0.096700	-0.187900	-0.006400	0.293400	0.259700	-0.402700	-0.235500	0.215600	-0.062900	0.173700	-0.099700	-0.079300	0.000000	0.119200	0.073500	0.138700	0.082600	-0.006300	-0.045000	0.224300
25	0.137100	-0.240700	-1.524300	-0.358600	-1.111200	-0.877600	-1.097600	-0.160200	0.009100	-0.306600	-1.267600	-1.203600	-0.776500	-0.794700	0.131400	0.000000	-0.563100	0.045700	-0.211000	0.230300
26	3.901400	2.581900	0.000000	4.644100	2.124300	1.266000	0.776200	2.600500	3.927200	2.704700	-0.107000	1.654800	4.061300	2.530600	5.194500	2.401500	8.696300	15.998100	7.895400	2.504400
27	0.860100	0.411100	0.562800	0.941400	0.904500	0.438900	0.000000	0.851900	0.670200	1.095400	0.580900	0.296700	0.904800	0.070100	1.309300	0.930800	0.863800	0.605700	0.563400	0.930900
28	2.191900	1.243100	0.601700	0.796100	0.222500	5.176500	-0.089100	0.636600	0.790400	0.694400	0.254300	-0.303300	0.389700	0.799800	0.000000	0.417800	1.321500	0.397200	0.239700	0.363700
29	0.644600	0.106700	0.091600	1.554100	1.375300	-1.356700	0.230300	1.951000	0.000000	0.693500	-0.155800	0.044300	-0.002600	0.016100	1.009200	0.558800	0.672100	0.331200	0.307000	0.441800
30	0.000000	-0.329100	-0.906000	0.048700	-0.142200	2.775900	-0.507200	-1.612300	-0.016300	0.016100	-0.638600	-0.730700	-0.329400	-0.681800	0.157600	-0.049900	0.996200	0.125000	1.426600	0.610800
31	3.975600	3.654900	2.328600	5.005600	5.145900	11.668300	3.063400	3.693600	3.558700	3.155100	2.269000	2.549900	1.378900	2.954800	0.000000	2.037800	2.722500	1.920900	1.901000	2.879700
32	4.128400	2.014700	1.571100	3.425600	3.453200	0.000000	5.137400	4.848600	3.778000	2.831100	1.216800	2.488200	3.854200	3.839100	4.345300	3.592900	11.615500	6.639900	5.364000	12.504800
33	1.645200	0.977800	0.923000	0.000000	-0.848700	-0.775800	0.375000	0.033900	1.393300	1.217600	0.310400	0.730300	2.613500	0.612300	3.608600	1.627200	1.035000	1.118700	0.730900	0.648600
34	2.093200	1.035600	-0.480700	0.607700	-0.090300	1.440200	1.283600	0.880400	1.692600	1.424100	-0.516400	0.527000	0.000000	0.910500	2.309000	1.181300	0.725900	0.752300	0.512100	1.289400
35	5.886600	4.153500	0.000000	1.336800	1.710800	6.060500	10.572600	3.056400	4.797300	3.984700	0.711200	6.409200	4.214900	3.107900	4.672800	3.644200	20.041500	14.233700	8.915500	6.545500
36	0.000000	-1.770600	2.098300	0.892700	1.661400	5.414400	13.411800	2.164100	-0.964800	-0.062200	0.647800	5.121200	5.811600	4.255600	5.905300	5.240500	26.450100	22.249500	18.002200	39.869800
37	1.766400	0.587800	-0.303600	0.862400	2.059200	3.099200	-0.734300	1.256700	0.966500	1.391800	-0.159500	0.000000	2.103900	0.928500	3.184100	1.332600	0.262200	-0.544900	-0.481200	0.144100
38	4.789100	3.378700	0.699400	3.002000	2.933700	7.930400	2.777700	4.282000	4.640400	3.681800	0.555700	2.453900	3.946400	2.359300	4.927900	4.149200	-0.353600	0.284100	0.000000	1.944000
39	7.128900	5.196300	1.507900	5.673600	5.795400	9.253100	6.750200	4.129000	5.852800	5.003200	1.580600	6.216900	5.845200	5.496800	6.848200	4.796300	4.101400	0.000000	1.146100	3.744200
40	1.182800	-0.607000	-1.225500	-0.818600	-0.137000	2.113800	-1.180200	-0.364400	0.000000	0.096000	-1.600000	-0.790100	0.891500	0.155700	2.331600	0.690400	0.710200	5.079600	5.629500	2.874100
41	-0.191700	-0.436800	-1.016300	0.163600	-0.413100	2.653000	-0.901600	-0.349600	-1.489400	-1.484500	-1.012300	-1.164100	0.000000	-0.720500	0.438700	-0.129000	-0.666000	-0.413500	-0.432600	-0.944200
42	2.623900	1.883300	0.972000	0.708800	0.000000	4.828400	1.265000	1.658300	1.685700	1.474200	0.017600	1.047100	1.991100	1.716100	2.214700	1.659100	1.475400	1.076700	1.003100	1.873200
43	0.000000	2.719300	2.042200	5.590300	6.550500	7.095700	3.953100	6.694300	4.097500	3.168200	2.371000	3.004600	4.557900	4.302100	4.593300	4.094800	3.890400	2.558000	3.179300	4.917600
44	5.219200	3.125100	0.860200	0.656300	0.000000	4.042100	6.494700	3.268500	4.215700	3.114100	-0.016700	4.839100	4.410100	3.456400	5.213000	4.270200	10.508900	6.780100	5.038200	4.892700
45	2.273500	1.582200	1.808000	1.069500	1.552000	3.245100	1.942200	2.300800	1.358200	1.555200	0.824400	2.980100	0.712000	2.252400	0.000000	0.656200	1.499200	1.738100	3.485200	0.547200
46	0.915400	0.053300	-1.576500	1.857200	1.281800	2.194200	0.604100	1.296600	0.257400	-0.435200	-1.272500	0.810900	0.000000	0.404300	1.901300	1.143300	1.726900	2.374900	2.334300	1.762700
47	6.150600	4.363100	0.000000	1.563400	0.546300	5.597300	8.776800	3.976200	4.354800	3.661700	0.701100	3.994400	5.516100	2.884400	6.056700	3.480900	18.995000	12.570200	5.799600	3.515800
48	5.198800	3.095400	-0.560500	0.000000	-0.742100	6.513800	1.677300	2.217300	4.059600	2.622800	-0.565000	1.202000	3.772300	2.642300	4.883300	3.072800	2.774400	-2.300200	-2.108300	2.224600
49	7.470100	5.931600	1.674300	3.148900	2.412000	7.548000	3.998000	5.178800	6.697100	4.972300	1.532600	4.160600	6.307300	5.196900	6.890800	4.819500	1.394300	-0.242900	0.000000	4.294800
50	2.930100	2.038000	0.000000	0.827900	-0.271200	2.840500	0.325600	1.621900	2.256600	1.470500	-0.572300	0.343500	1.859200	0.760900	2.507800	0.904800	-0.649100	-0.802500	-1.123000	1.190800
51	3.251500	2.321500	-1.081800	-0.484500	-0.337600	2.166300	4.168300	1.613400	2.183000	1.217000	-1.513900	3.419600	4.590300	3.133200	0.000000	0.473700	7.504800	1.775900	0.707700	3.218300
52	0.760400	0.452900	0.064200	0.363300	0.000000	3.203900	0.257900	1.288800	1.038900	0.169900	-0.988800	-0.094700	0.652400	0.105700	0.728900	0.798200	-0.290000	-2.008700	-0.652500	-0.685600
53	3.979100	2.561000	2.726800	3.950400	6.626400	3.867100	3.123300	0.000000	1.609400	2.713000	2.080600	3.049100	5.278300	2.582100	5.347100	3.364500	5.509500	3.494900	3.301600	4.416400
54	0.361200	0.000000	0.108500	0.371500	0.014000	-1.235600	-0.175500	0.347800	0.301400	0.263000	-0.509300	-0.501000	-0.400900	-0.008300	-0.405800	-0.054100	0.285500	0.199100	0.118700	0.589300
55	0.024900	-0.311900	-0.404600	-0.127100	-0.337600	-1.508300	-0.357000	-0.119800	0.000000	0.050300	-0.490600	-0.435000	-1.170700	-0.895300	-0.147500	-0.010600	-0.416000	-0.158100	-0.187100	0.064600
56	0.222200	-0.098400	0.011700	0.000000	-0.284400	-0.454100	-0.359700	0.129000	0.258900	0.195400	-0.259500	-0.225600	-0.025100	-0.144400	0.295300	-0.153100	0.000200	0.047100	-0.097200	0.283600
57	-0.379700	-0.144000	-0.654800	-0.020300	-0.599800	-0.410900	-0.182500	-0.272900	-0.547000	0.024900	-0.461700	-0.438400	0.000000	-0.428900	-1.014300	-1.422300	-0.370300	-0.625500	-0.682900	-0.074300
58	3.086800	2.240300	1.323800	2.911700	2.684700	8.834200	0.551600	4.478700	2.538700	2.624900	1.232200	0.000000	3.998200	2.246900	4.051800	3.181700	5.049700	4.884300	5.053500	7.685900
59	1.080000	0.621700	-0.362100	0.621900	-0.488100	0.601000	0.000000	0.642800	1.265300	1.061300	-1.142300	-0.153500	0.410100	-0.035500	0.898800	1.209500	0.193800	-0.730100	-0.697000	0.256000
60	0.855600	0.177100	0.032600	0.567100	-0.034500	-0.041900	0.195000	0.675600	0.684700	0.875200	-0.272200	0.000000	0.284000	0.048100	0.885700	0.651300	0.274800	0.404000	0.319000	0.775100
61	0.846100	-0.437700	-1.442400	-0.616600	-1.053700	4.149700	-0.274200	0.000000	-0.064300	0.012700	-2.358300	-0.623000	1.582500	-0.386600	2.491700	-0.850100	-0.031800	-2.073500	-1.315900	-0.550400
62	4.330800	2.860300	-0.074900	2.153800	1.228700	5.720000	2.931400	2.417500	3.343400	2.592600	0.000000	2.211700	4.256600	2.671400	5.679300	3.262900	11.791000	7.284900	1.700700	4.601500
63	2.406100	2.133700	0.000000	1.591500	0.541700	3.726300	2.739800	2.533900	2.396900	2.431900	0.658200	2.274800	3.396600	2.328600	4.129100	1.990300	2.795600	4.251200	3.514300	2.479300
64	0.587600	-0.210900	-0.746600	0.538300	-0.256000	2.442500	-0.436600	-0.682300	-0.615500	0.296000	-0.872600	-0.410800	0.000000	-0.087300	0.613100	-0.254300	-0.476100	-0.409900	-0.515900	-0.172900
65	4.592900	3.461100	0.000000	2.160600	1.100900	6.584300	1.508200	3.264500	4.312200	3.450900	-0.011800	2.134200	4.162500	2.398600	5.061400	3.361200	8.931800	3.968600	4.686700	2.651500
66	4.133000	2.098300	1.111500	0.000000	-0.406000	5.635200	5.505500	1.252200	2.798000	2.059800	-1.331800	3.760200	4.686800	2.951700	5.019600	2.730400	18.050400	18.081300	14.555100	32.169600
67	0.609700	-0.405300	-0.743500	0.390900	0.157600	5.171400	-0.665500	0.065900	0.392900	0.621300	-0.960200	-0.671500	0.000000	-0.569300	0.480200	0.285200	-0.532100	-0.380300	-0.618800	0.243900
68	1.979900	0.729200	-0.040000	1.100000	0.369400	4.177600	0.193700	0.877700	1.276600	1.421400	-0.672500	0.000000	1.317000	0.682200	2.266600	0.439000	0.538000	-0.374400	0.025600	0.059300
69	4.391700	2.328100	0.553000	0.000000	0.307100	6.472400	6.787100	1.062800	2.970100	1.804300	0.022700	3.535600	4.369600	2.623300	4.468400	1.850500	14.353300	11.952400	4.155100	4.579700
70	0.997400	0.000000	0.044100	1.018500	0.771700	8.236500	-1.274300	0.639600	0.266400	0.677700	-0.188800	-0.343800	1.189800	0.280900	1.714000	0.832100	0.301100	0.360600	0.418600	-0.100200
71	-0.517600	-0.492300	-0.564900	-0.162300	-0.694900	1.683100	-0.925500	-0.430600	-0.511400	-0.791500	-0.764200	-1.107700	0.000000	-0.538000	0.847700	-0.569800	-0.244400	-0.396700	-0.612800	-1.235900
72	0.868600	0.206800	-0.920700	-0.788200	0.483000	3.608900	-1.462300	-0.693800	0.082900	-1.014900	-0.625600	-0.882800	1.252600	0.000000	1.761000	-0.733800	-0.450200	-0.330700	-0.601300	-1.820400
73	3.655800	2.893700	1.510000	0.930300	0.000000	5.445800	2.408000	1.799400	2.747100	1.994900	0.591500	2.130400	5.830200	3.628700	6.491600	3.447200	19.228500	13.944900	8.388500	5.074200
74	-0.332900	-0.054600	-0.544700	-0.291600	-0.326800	-0.776800	-1.409500	-0.279000	-0.278900	-0.354400	-0.370200	-0.713100	-0.120300	-0.783300	0.000000	-0.360500	-0.996400	-0.719900	-0.753400	-0.704800
75	2.906500	2.132800	-0.538900	1.036400	0.000000	0.701400	1.351600	1.931000	2.494400	1.415600	1.765600	0.784200	3.517700	2.196000	3.987500	1.937300	2.603200	1.970400	1.969000	1.462900
76	2.316500	1.517900	0.987400	1.322100	1.041200	0.000000	0.987500	1.549200	2.169500	2.033800	0.760900	1.028800	2.165500	1.726400	3.021700	2.199100	1.138800	1.194900	1.309300	1.701200
77	6.143400	4.867000	3.773400	3.920700	2.243800	5.673000	1.895400	4.570000	5.409500	4.484200	1.074000	3.697100	7.100800	4.971600	8.027400	5.103400	5.385500	3.052100	0.000000	3.443500
78	3.173400	1.505700	-1.010100	-1.459800	-2.490500	3.153000	2.988900	0.000000	2.177100	0.517100	-1.352000	-0.773200	3.415400	0.372300	4.057200	2.660100	0.558600	5.983900	9.914900	6.098800
79	4.706900	3.091700	-0.573000	0.000000	-1.109100	4.692100	2.835200	2.482800	4.195800	2.554700	-0.785200	0.977600	4.991000	2.426200	5.330800	3.378000	3.240600	0.704700	1.010800	3.897600
80	0.000000	1.788100	7.339300	6.092200	6.549400	7.801000	5.074500	4.522800	2.893600	2.404300	3.208900	5.251700	7.998100	5.033600	7.131000	4.177500	9.267700	4.981700	4.568300	12.719600
81	0.000000	4.948100	8.035200	12.618700	12.771700	12.457100	7.841600	12.272600	7.106700	6.550900	6.820600	7.919600	8.303300	8.243200	10.564400	9.834000	16.942800	12.583300	12.523500	20.745700
82	0.000000	3.189900	2.519500	4.095700	4.562300	5.599200	2.644900	3.951800	3.002900	2.972200	3.480300	3.483400	2.646900	3.899800	2.668900	2.489300	3.611200	2.524300	2.501100	2.840300
83	5.255900	4.239000	0.338800	1.370600	0.000000	4.253700	7.137300	2.187900	4.356800	3.011000	0.387500	4.562100	6.110000	4.299300	5.581700	3.112900	7.126200	6.289600	2.656200	5.062500
84	0.419700	0.685800	0.010800	0.550700	0.684000	-0.169800	-0.059800	-0.046200	-0.016200	0.353600	-0.187000	0.084200	0.437900	-0.168100	0.303600	0.194900	-0.382400	-0.841700	-0.051200	0.000000
85	3.151300	3.908700	4.589100	5.550800	6.138900	6.045900	4.710100	3.412300	2.807200	4.127400	4.617700	4.700400	3.131900	4.474500	0.000000	2.106200	4.220500	4.655500	4.681200	4.766600
86	3.632800	2.326900	1.003000	1.935600	1.017300	0.296700	1.985000	2.928300	3.508200	2.748800	0.144000	1.940600	2.449200	2.757300	4.180900	3.536000	0.331500	0.379300	0.000000	1.605400
87	1.727100	1.194500	0.825200	1.579200	1.143100	-0.620800	0.780200	1.724900	1.610200	1.815900	0.874100	1.126300	0.000000	0.823400	0.836500	1.448600	1.050800	1.245700	1.172200	1.567300
88	2.354400	1.326100	-0.122600	1.059900	1.066000	0.583500	2.365900	0.000000	1.405300	1.843000	-1.131100	1.679700	2.211000	0.265800	3.010400	1.264900	-0.162700	-0.539300	-1.660100	1.407500
89	2.292500	0.000000	2.840900	0.864800	2.009400	5.447500	11.069600	2.479100	1.197200	2.281500	2.082000	7.359500	5.335400	5.525500	6.643500	3.774800	19.029300	16.255300	7.907200	17.675800
90	0.716900	-0.857700	-1.559700	1.192700	0.981900	5.478300	-1.332400	-0.233300	0.000000	-0.137400	-2.232800	-1.695500	-0.647600	-0.760300	1.164100	0.150200	4.032500	-0.012300	-0.383800	2.800500
91	1.185200	0.144900	-0.945000	0.436700	-0.504900	3.470700	-0.145600	0.148500	0.395700	0.077300	-1.150500	-0.065300	0.000000	-0.206600	0.663700	0.699400	-0.035000	-0.235300	-0.426500	0.609800
92	5.832600	4.097900	0.000000	2.866700	1.533600	6.236400	2.863600	3.572900	4.494900	3.936300	-0.032000	3.073900	4.626700	3.717600	6.309800	3.391200	5.155000	1.183800	1.053500	2.324500
93	4.378800	2.842100	-0.510000	1.213800	0.000000	5.616400	2.193800	1.652400	3.225600	2.732400	-0.547900	0.887300	4.001200	2.033800	4.886200	2.801600	1.816400	2.177900	1.630700	2.806200
94	1.446300	0.625300	0.000000	0.742300	0.206600	3.963000	0.350300	0.813000	0.740200	0.876700	-0.131800	0.086800	0.585600	0.431000	1.281100	0.373000	-0.054600	0.069100	-0.144200	0.760900
95	1.864300	0.633200	-0.337800	1.128000	0.779000	4.271500	0.000000	0.846300	1.168900	0.892900	-0.332800	-0.293000	2.044400	0.852400	2.986300	0.390500	-1.315400	-0.939000	-0.846700	-0.738100
96	0.000000	3.949000	7.537900	10.837600	12.985300	13.005300	6.310900	11.060200	6.350200	5.079600	5.759700	6.573700	7.126100	6.370400	9.225800	7.425700	10.316200	8.943700	8.707100	18.010600
97	1.867900	0.000000	6.534700	0.945100	4.436900	7.071600	13.057400	2.139200	1.720100	0.933900	3.003000	11.218900	8.217600	7.146800	7.656700	4.133400	20.851400	18.601400	16.003000	41.446800
98	1.614300	0.878800	-0.245000	0.769400	0.756700	1.008900	0.116800	1.145400	0.829200	0.663500	-0.076900	-0.244900	0.553700	0.130500	0.000000	0.463500	0.062300	0.159700	-0.020500	0.481900
99	3.655200	2.541300	2.298700	3.485300	3.602400	5.111200	-1.106500	2.331400	2.775100	2.576900	1.129000	0.000000	4.410700	0.657100	6.233000	3.839700	4.357100	2.332600	1.796300	2.412300
100	5.295100	3.553000	0.581100	0.000000	-0.555900	4.559600	10.341800	2.808000	4.839800	2.690200	2.534100	8.950500	6.165000	4.410900	5.928100	3.260900	13.306300	5.921600	4.102800	15.875300
101	0.328300	-1.096000	-1.905400	-2.964500	-4.060900	2.383600	-1.902200	-0.753900	0.000000	-1.814800	-3.858500	-2.417700	-0.538600	-1.655500	1.753800	0.288000	5.830700	2.430500	2.991400	12.366100
102	4.734800	3.633700	-0.064300	1.051500	0.000000	4.942100	8.425300	2.665300	4.151500	2.778800	-0.037300	4.626200	5.026800	3.554300	4.201200	3.619200	15.543800	10.282500	6.637700	5.325000
103	0.826300	1.851900	1.727300	2.261800	2.519400	0.954800	1.886100	1.317500	0.880600	1.860800	1.656400	1.805700	1.337000	1.857300	-0.520100	0.000000	5.209700	2.256100	3.092800	1.041800
104	2.814300	1.594100	0.760500	0.891900	1.138600	0.554900	2.033800	0.000000	1.123200	1.859600	0.362100	1.087600	1.319100	1.557200	0.613200	1.355600	3.021900	4.139800	2.952000	3.328200
105	1.207400	0.000000	3.068000	2.139000	2.590600	-1.134200	3.686500	1.797600	0.800900	1.391800	1.168400	2.654300	3.254700	2.161100	2.922700	5.433700	10.286500	8.882600	8.779300	11.129200
106	2.019800	0.000000	2.028200	1.910600	2.448900	1.377300	12.459800	1.537600	0.998100	2.128200	4.031000	7.960600	7.580600	6.785800	3.810000	4.469400	21.233200	8.624400	5.980700	6.561200
107	3.557600	1.983100	-0.047300	0.000000	-0.444500	4.646700	1.916100	1.135900	2.545400	1.971400	-0.109100	1.618500	3.301700	1.211500	3.963400	2.472500	2.442100	0.765300	0.310700	7.522200
108	2.025100	1.222500	0.089200	1.523700	0.908800	3.794800	0.727500	0.922500	1.368000	1.252200	-0.602300	0.207900	0.000000	0.453900	1.415600	1.013900	-0.484200	1.290300	0.463300	1.102200
109	1.729900	0.617100	0.183900	1.104600	0.479300	4.458400	-0.416000	1.054500	0.451900	0.311900	-0.438300	-0.479600	-0.391000	-0.091300	-2.093300	0.000000	-0.069700	-0.000200	-0.160300	0.222900
110	3.145400	2.062900	1.870300	2.970900	3.613400	0.000000	1.982600	4.011800	2.915700	2.880900	2.697700	2.350000	1.999400	2.447800	2.897800	3.177700	3.174400	2.846300	2.822400	3.372900
111	1.145900	0.594500	0.486600	1.355000	0.832800	-1.356600	0.839800	0.471000	0.000000	1.216100	0.607800	0.518800	-0.079200	0.662700	0.498200	0.913200	0.450400	0.539400	0.408300	1.164300
112	3.722500	2.516700	0.000000	1.612700	1.000500	8.102100	2.587200	1.787000	2.519900	2.759500	-0.220100	2.552400	2.211900	2.393200	2.525400	3.362800	2.555800	0.972000	0.786000	3.109300
113	4.899400	3.343000	0.763700	0.911700	0.000000	1.952300	5.257500	3.033700	4.552700	2.952600	-0.300000	2.952400	4.951400	2.313500	5.014600	4.347800	16.893200	10.311700	4.899600	47.829400
114	1.989000	0.984800	0.779500	2.156000	2.123500	1.532900	0.525000	0.000000	-0.095400	1.538400	0.685600	1.101100	1.225800	1.313600	1.798400	1.216400	1.932800	1.697300	1.492300	1.631800
115	2.035300	0.768500	-0.055700	0.818400	0.064300	5.245100	0.606200	1.287400	1.246100	1.495200	-0.152600	0.332300	0.536800	0.000000	1.256800	1.135900	0.626700	0.280300	0.235100	1.185200
116	6.130800	4.078300	0.641500	1.183700	0.000000	6.126900	7.529400	3.159600	5.123900	3.763100	0.520500	6.038500	5.331700	4.188600	6.024900	5.063000	3.706100	13.074800	7.344100	8.011400
117	1.530700	0.000000	4.316100	2.894700	5.047800	6.411400	1.216800	2.512100	0.916800	0.752200	-0.513200	1.055600	2.791500	1.810000	3.259800	2.014600	6.081900	1.936900	3.287600	33.816200
118	0.360000	0.154100	-0.448700	1.013100	0.923800	3.182500	-0.071900	0.378000	-0.018800	0.532000	-0.472400	-0.250600	0.400700	0.000000	1.109000	-0.048400	-0.345300	-0.040200	-0.084000	0.176000
119	0.498300	-0.165300	-1.111300	-0.756700	-1.216200	0.359100	-0.567200	0.000000	-0.604300	-0.739100	-0.989700	-0.964000	-0.543100	-0.476800	-0.225000	-0.197100	-0.819600	-0.879700	-0.973200	-1.251700
120	4.792700	3.754900	1.423200	3.779200	2.680200	6.326000	3.161800	3.766300	4.393800	3.528500	1.048700	3.185500	4.291200	3.201100	5.004900	3.186300	1.638100	1.664400	0.000000	2.573200
121	0.000000	2.595400	2.743000	3.846300	3.567000	4.797300	1.722700	3.436000	2.715800	2.961100	2.589000	2.390800	2.301000	2.445300	2.363800	2.563700	2.800500	2.767200	2.717500	2.609000
122	-0.249200	-0.774900	-1.122900	-0.357500	-0.833300	-2.317700	-1.880500	0.061700	0.000000	-0.132300	-1.252700	-1.181800	-1.401300	-1.145000	0.172300	-0.125900	-0.645400	-0.896700	-0.958900	-0.362200
123	0.440400	-0.083000	0.050400	0.600400	0.215100	0.007500	-0.617100	0.666000	0.317900	0.532800	-0.397000	-0.403500	0.092300	0.000000	0.622100	0.498700	-0.583000	0.167300	0.029200	0.613600
124	1.391900	0.000000	0.384500	1.039400	2.172200	-0.200800	0.145300	1.372600	-0.023300	-0.650400	2.503200	-1.051500	1.951400	1.411100	2.138500	1.025600	1.684000	0.546000	0.165000	1.018000
125	5.171100	3.418700	-0.906300	0.000000	-0.269600	7.006000	7.249100	1.872800	4.219500	2.398700	-0.161500	4.139500	5.160100	3.491700	5.112600	3.223300	11.934800	6.125400	2.354200	46.281960
126	4.529700	2.760100	-1.190200	0.000000	-0.722400	3.853200	1.018800	2.110400	2.650800	1.986400	-0.673300	0.800000	2.902900	1.700100	3.249000	1.215700	3.616700	5.277800	4.841300	5.014400
127	5.451800	3.638900	-0.383500	0.000000	-0.341800	4.310100	14.315000	2.677900	4.894400	2.732200	1.052600	2.703500	3.889600	4.325000	4.776800	2.742200	15.553800	11.800400	7.381500	6.408700
128	1.498600	0.000000	-1.705500	-1.371600	-2.054000	1.294900	-2.585600	-0.246400	0.474500	0.062200	-1.803700	-1.859700	0.076400	-0.709900	2.248200	-0.636200	-0.288800	1.456300	1.191900	-1.059500
129	6.722500	4.992600	1.300200	1.355100	0.000000	7.218500	7.607100	3.959400	5.815100	3.915100	0.586300	5.213600	6.032200	4.220400	4.994500	3.724000	22.318400	18.938200	12.554500	12.311700
130	0.579800	-0.512000	-2.656000	-1.299700	-1.762700	-1.677100	-1.366800	-0.405500	-0.224200	-0.679500	-2.731800	-1.765000	-0.394500	-1.230700	0.000000	-1.651800	-2.569500	-1.926000	-2.206800	-0.447500
131	1.655000	0.000000	4.007500	-0.332700	3.105800	3.863900	13.028700	1.944100	0.410800	0.159100	3.341600	9.508300	6.215300	6.049300	6.145900	4.747900	23.728400	18.897600	14.099800	20.800300
132	2.828200	2.094700	0.884500	3.327500	4.464100	5.979600	0.269900	2.563100	2.331500	1.855600	0.807400	0.000000	3.300500	1.403000	4.910500	2.801000	1.690300	2.275900	1.979400	1.341400
133	4.272700	3.387800	2.376000	2.998600	2.348800	2.688000	0.000000	3.027600	3.976600	3.549200	2.127100	2.800900	3.892400	2.963100	4.308900	2.738100	6.498200	2.964100	2.900700	4.053000
134	3.063500	1.701900	0.438600	0.000000	-0.360400	5.568100	0.693300	1.396300	1.818100	0.862500	0.070000	0.377400	0.917500	0.137900	1.516900	0.723400	1.026700	0.765800	0.795900	1.339300
135	-0.043000	0.563300	0.093300	0.930200	2.407400	4.003600	-0.152700	0.501500	0.526400	0.191000	-0.116500	-0.343300	0.027700	-0.093300	0.000000	-0.179000	-0.475000	-0.409900	-0.392200	-0.277400
136	0.000000	2.398700	2.275000	4.776700	4.725500	5.760600	2.194800	3.078900	2.413500	3.974700	2.273800	2.432400	2.427300	2.204100	2.553000	2.090200	3.990500	2.183600	2.191500	2.136600
137	1.225100	0.497700	-0.672100	-0.517000	-0.291500	4.398200	-0.244400	-0.168500	-0.040700	-0.319800	-0.614800	-0.562100	0.000000	-0.074200	0.807600	0.410600	-0.927600	-0.614000	-0.899300	0.075200
138	5.780700	4.256800	1.120300	2.293100	2.096200	2.898900	3.085500	3.633200	5.066900	3.371700	1.113700	3.080500	2.693000	2.716100	4.370900	2.982000	1.259400	1.072900	0.000000	2.044000
139	3.857100	2.409400	-0.410000	0.184100	-0.448200	7.188000	1.076900	2.033600	2.639700	1.898700	0.000000	0.533500	2.230600	1.251000	4.902600	2.323900	1.643200	-0.394500	-0.982800	1.537400
140	4.480600	2.354800	-1.442700	0.000000	0.511700	4.288700	7.084300	2.398600	3.961200	2.136000	-0.748300	2.463200	3.287900	3.174000	4.880600	2.557500	16.448600	7.418400	3.596200	3.578100
141	4.407100	2.994300	0.530500	2.755200	2.473100	7.037400	1.784500	4.532200	3.661600	2.768100	1.020300	1.518200	4.241600	3.129700	4.607100	2.850800	1.145400	-0.263400	0.000000	1.585700
142	1.817400	0.494300	0.394300	-1.388900	-2.439800	3.215100	0.421100	0.000000	0.761100	-0.058900	-0.626800	0.108700	2.269500	1.015600	2.434500	1.733600	4.611800	6.660000	9.378900	43.110400
143	1.961900	1.979300	0.868700	3.036400	2.950300	8.472200	1.403400	4.136300	2.353900	1.756100	2.084900	0.919300	1.407700	0.905000	1.635200	1.215200	2.591700	0.000000	0.549600	1.044400
144	0.304800	0.795900	0.995000	1.684800	2.930100	2.473500	0.531900	0.379300	0.000000	0.722300	0.927400	0.416100	0.651100	0.577800	0.542900	0.383000	1.965300	0.747800	0.480300	0.428000
145	0.000000	2.517800	2.899500	3.860400	3.312100	4.619900	2.514900	3.672300	2.966200	2.638500	1.305400	2.099100	3.084200	2.250200	4.724300	2.907400	3.178300	4.452800	4.521600	0.891400
146	1.022800	0.560800	0.276000	1.660500	1.450600	3.894900	0.074000	1.083200	0.605500	0.932400	0.166500	0.000000	0.418600	0.146200	0.683100	0.362400	0.878000	0.775700	0.753500	1.062600
147	2.198500	1.138900	-0.319800	0.069400	-0.244300	4.601300	-0.555100	0.848100	1.453100	0.747500	-0.296600	0.000000	0.664100	-0.083800	0.340000	0.434700	0.438200	-0.206400	-0.229600	0.236100
148	1.046400	0.452800	-1.631200	0.173300	-0.813500	-0.233300	-0.759400	-0.061100	1.137000	-0.215600	-1.583700	-1.156800	0.156000	-0.096600	0.260500	0.000000	1.114300	0.971700	-0.297700	1.544700
149	3.454900	2.049800	1.453000	2.584300	2.558100	6.274700	1.597400	0.000000	1.164100	2.001100	0.807500	1.693200	1.747700	1.724700	2.479700	1.148100	2.720500	2.619700	2.220800	3.388200
150	0.000000	3.169200	2.260200	4.228400	3.859000	7.893500	2.131200	3.650400	2.999400	2.886200	2.107200	2.121300	2.848200	2.309800	2.606000	2.177000	2.268100	2.512000	2.522300	2.600900
151	3.630200	2.467100	0.364600	1.230200	0.000000	8.022400	1.078200	1.818400	2.990700	1.706700	-0.490500	0.722700	1.997500	1.673600	2.668200	2.314700	0.724500	0.955600	0.889900	2.260500
152	0.797200	0.536800	0.000000	0.074100	-0.090500	-1.060200	1.321800	0.325500	0.349800	0.868500	-0.029300	0.732800	0.564900	0.492900	-1.587800	-0.126500	1.314700	0.106800	-0.102400	0.749900
153	5.492300	3.507500	0.000000	2.519200	3.450000	9.016800	7.786000	4.318000	5.256500	3.444700	1.792900	6.417700	4.878400	4.331800	5.627200	4.725200	12.121700	10.211800	3.529200	5.747100
154	1.577000	0.317900	-0.463700	0.173000	-0.099200	0.102300	0.000000	0.815300	1.316700	1.046800	-0.879300	-0.166300	0.095200	0.303000	1.100700	1.094200	1.084700	0.255000	0.100800	1.146800
155	0.341100	-0.043900	-0.585900	0.218500	-0.324900	0.014200	-0.113100	-0.221900	-0.106000	0.425800	-0.302200	-0.366500	-0.970500	-0.641200	0.000000	0.336300	-0.281500	-0.511300	-0.611000	0.315900
156	6.737700	4.925200	1.400400	4.282200	3.209300	10.062200	2.847400	6.079500	6.250200	4.937600	1.345400	3.528800	5.476600	3.910700	6.256300	5.296800	0.000000	1.040100	0.130200	3.735000
157	4.002600	2.304800	0.711400	0.000000	0.137500	3.764800	9.581900	1.619300	2.863800	2.271800	-0.097700	3.061200	4.114800	2.772500	4.521900	3.082500	11.586900	5.612000	2.380200	4.608100
158	0.423200	-0.357800	-0.899300	0.000000	-0.556600	0.685800	-0.952300	-0.356000	0.054400	0.104800	-0.624200	-1.392600	0.169500	-0.651300	0.673400	-0.188000	0.220200	-0.106900	-0.315900	0.005600
159	1.656900	0.408200	-1.105500	-0.026100	-0.613200	3.113100	0.003300	0.810200	1.416600	0.661000	-1.152200	-0.324000	0.000000	-0.020300	1.037300	0.435200	-0.417200	-0.190300	-0.405000	0.587700
160	4.127700	1.932300	2.553200	0.000000	0.831100	6.350800	13.493900	1.161500	2.463800	2.356400	3.074100	8.461800	7.257800	5.797300	5.281400	4.532300	31.057500	19.877200	15.097700	13.029400
161	2.792300	1.528400	0.628700	1.821400	1.626500	3.881900	0.491300	1.550100	1.801400	1.383900	0.556900	1.242200	0.000000	1.496500	2.575300	2.463700	1.277400	1.468700	1.283900	2.217500
162	1.371000	0.390300	-0.017800	0.823800	-0.148700	3.561700	-0.169400	1.126200	0.620300	1.085500	-0.004900	0.000000	0.767700	-0.086100	1.019700	0.333500	0.091800	0.093800	0.083800	0.221900
163	1.262000	0.775900	-0.219800	2.587600	3.364600	4.547300	0.000000	1.392400	0.812200	0.345600	-0.351500	-0.075000	1.886200	0.032700	3.044900	0.449200	0.595700	0.719600	0.352400	-0.428300
164	0.000000	3.528400	3.312300	6.729800	6.322400	8.679100	3.188200	7.314900	4.440100	3.902400	3.197000	3.118500	4.537800	4.065800	5.102800	4.380800	3.842400	3.771200	3.552300	3.666500
165	1.601600	0.000000	6.808800	3.128000	5.356900	6.265600	8.368800	3.301300	0.707500	1.638200	2.252200	10.809100	11.367700	7.956900	5.503100	5.636300	37.915000	29.510900	25.962000	31.623800
166	0.000000	2.830600	9.485800	7.333100	7.329300	15.797000	5.343500	8.325100	5.583800	5.651600	6.808700	4.912100	5.896400	5.012600	7.190000	5.899200	13.042200	8.096100	7.708000	78.430000
167	2.033500	0.683300	-1.190300	1.143500	0.363200	3.697100	1.010400	0.643600	0.918400	0.418500	-1.221500	0.998200	0.000000	-0.393900	2.198200	2.244300	0.744800	2.648700	2.040500	1.756600
168	6.863600	5.348800	0.893200	1.208100	0.000000	7.264800	4.333900	3.784700	6.346900	4.277900	0.721300	1.205500	6.208600	3.807400	6.987900	4.016800	18.335400	12.257400	6.680900	18.091300
169	4.798000	3.462300	0.000000	1.904700	2.138400	5.947700	0.872200	3.168100	4.384900	2.666200	-0.136700	1.712700	2.473200	2.645500	3.577100	2.759100	2.184000	5.137500	4.627300	3.366800
170	5.623100	4.588900	0.000000	2.550100	1.174000	9.895700	4.835400	3.689900	5.301200	3.318200	0.436600	3.163900	5.341500	3.782200	5.394800	4.127800	11.860600	9.482700	6.608700	4.366500
171	1.084800	0.327500	-1.691900	-1.159800	-2.093000	3.847900	-1.739600	0.000000	0.347200	-0.124200	-1.690200	-1.233400	0.281800	-0.377400	1.386600	-0.676900	4.356800	3.135800	2.209900	1.971500
172	2.805100	1.119400	4.668700	2.853600	3.229200	1.612200	6.906400	0.936100	0.000000	1.675300	-0.334200	3.807400	3.927000	4.277800	6.919300	5.756100	20.470500	13.233600	2.910900	35.144900
173	2.373900	1.254500	-0.535800	0.905200	0.000000	3.401000	0.637500	2.186000	2.006500	1.495100	-0.603400	0.073700	1.689300	0.956900	2.358300	1.829900	1.406600	1.130700	1.057600	2.021700
174	3.124000	2.109000	1.757800	2.197300	2.044500	0.997700	2.683700	3.275700	2.989000	2.187800	1.545900	2.011800	1.199200	1.965300	0.000000	0.342500	2.839200	1.652900	1.524100	2.640200
175	1.930000	1.198000	-0.159300	2.301600	2.985500	4.968600	0.000000	3.174700	2.282200	1.331600	0.141800	0.313000	2.884100	2.259200	4.008900	1.641800	2.958400	0.791300	0.490500	1.036100
176	0.665400	-0.379100	-0.969600	-0.437100	-0.711300	5.415700	-0.629800	-0.227400	0.217000	-0.213300	-1.259800	-0.534900	-0.306100	0.008400	0.000000	0.308100	-0.536500	-0.495400	-0.821400	-0.041100
177	0.000000	2.423800	2.708300	5.068400	5.126300	8.222700	2.390300	3.385500	1.885900	2.587100	2.483700	2.565800	2.549900	2.227800	2.635000	1.775100	4.106500	4.048200	4.029000	2.369400
178	0.454900	0.522800	0.211000	1.203600	0.776000	4.531300	0.489800	0.000000	0.145900	0.780300	0.624600	0.510300	0.525400	0.204100	0.269500	0.592400	0.626700	0.515400	0.497200	0.770900
179	0.097100	-0.107400	-0.065700	0.547700	0.766500	1.107800	0.104200	0.490800	0.197100	-0.024800	-0.529600	0.000000	0.091900	0.085800	0.066900	-0.157500	-0.215600	-0.058700	-0.368000	-0.153500
180	-0.122400	-0.194300	-0.552700	-0.127100	0.005000	1.120500	0.035700	0.395500	0.000000	-0.457400	-0.377700	-0.156200	-0.447600	0.027900	-0.328500	-0.033200	-0.092700	-0.301100	-0.315100	0.141600
181	0.000000	3.092900	3.887000	4.181900	3.822200	5.680600	3.173300	4.672100	3.552700	2.961200	2.706700	2.090400	4.541200	3.456900	3.891200	3.327700	7.636200	7.432300	7.399100	7.883000
182	5.213800	4.150000	2.638300	2.785800	2.890900	1.905400	3.633400	4.564600	5.113600	4.120200	1.555400	3.034300	5.538700	4.653300	5.156300	4.518300	6.189600	0.000000	0.706700	3.866300
183	7.987100	6.903300	8.085700	9.098500	8.978000	6.207800	11.450100	9.971800	7.006700	7.389900	5.172300	10.272300	5.978000	6.967500	0.000000	6.460100	9.341400	7.076700	6.613000	8.143800
184	0.816000	-0.270700	-1.021800	-0.352800	-0.754700	-1.247300	0.397100	0.000000	0.792500	-0.009000	-1.872600	0.035400	-0.611800	0.206200	-0.092200	0.547500	0.052500	0.164700	-1.579200	0.887900
185	1.400000	0.730300	0.352600	1.094700	0.727300	-0.192200	0.851500	1.136100	1.190600	1.294600	0.030200	0.506400	0.000000	0.050500	0.381800	1.119000	0.389600	0.223100	0.162200	0.913000
186	5.133300	3.370100	-0.072800	4.090200	3.085100	6.330000	3.445000	3.296000	4.061400	3.372700	0.000000	1.114600	5.516000	3.547900	5.534000	4.145700	17.083700	15.577600	8.607100	25.981400
187	4.728600	3.222800	0.039100	1.209400	0.000000	5.199600	4.066000	3.317500	4.630900	3.379300	0.315000	2.691200	4.532000	2.789300	4.884400	3.453100	8.340000	1.628400	0.549300	2.799300
188	1.954000	1.016000	0.241900	1.422300	0.902500	4.557700	0.000000	1.522700	1.033400	1.553300	0.284300	0.124800	0.916100	0.467500	1.411600	1.362700	0.856200	1.454200	0.677000	1.463800
189	3.545600	2.265200	0.825900	2.139000	1.754200	5.447900	2.265100	2.659800	2.703000	2.578300	0.041400	1.812100	1.852300	1.352600	2.604600	2.150900	1.741900	1.302900	0.000000	2.426400
190	4.788100	2.519800	0.418600	0.000000	-0.087100	7.658200	8.348100	1.495300	3.044500	2.392100	0.600300	4.104200	4.647100	3.412300	5.059500	3.671100	19.520200	17.147400	13.904000	18.351700
191	4.935400	3.854800	3.521100	3.683400	4.592300	9.951700	0.000000	3.640300	4.243400	3.825800	3.439200	3.532000	4.672400	4.047400	5.408000	4.793600	3.747400	3.839600	3.759400	4.584600
192	1.978300	1.791400	1.131000	1.803600	1.531000	0.000000	1.051500	2.313000	1.774800	1.697800	1.205100	0.769900	1.641200	0.973400	2.091700	1.945700	1.765900	1.795100	1.710400	2.075500
193	3.370200	2.095200	0.000000	2.733600	1.874800	3.453000	1.567300	2.080500	2.508200	1.552500	-0.049100	2.026700	2.786100	1.376600	3.627600	2.513400	1.858000	1.325900	1.053400	2.006400
194	4.481600	3.554200	2.125700	2.335600	3.388500	4.885300	7.696600	0.000000	1.782900	2.963400	3.449900	8.642500	8.148600	6.636600	6.862700	3.999000	19.770500	13.988200	8.583400	34.012100
195	0.669000	0.702700	0.692700	0.975500	0.653200	1.406000	-0.589100	0.000000	-0.470900	0.371500	0.279200	0.192800	0.984200	0.152400	0.826400	0.143000	1.090500	0.807500	0.843700	0.441000
196	4.145700	2.560100	0.000000	1.505700	4.067100	5.017500	0.108800	2.021800	3.078700	2.679100	-0.282100	1.613400	5.380200	2.952100	5.778900	2.923600	5.652800	5.285900	4.093300	3.988300
197	3.161100	1.927600	1.245600	2.712200	2.678000	0.000000	1.668500	3.804500	2.927200	2.601100	1.250900	1.678600	2.361100	2.177100	3.257800	3.015500	2.027400	1.773600	1.705100	1.881900
198	6.171200	4.614600	-0.253600	1.302300	0.000000	7.809700	9.993100	3.858000	5.675500	3.667700	0.401500	4.127000	5.039700	4.488800	5.624600	4.001000	15.633800	8.400300	5.914200	5.672800
199	5.089500	4.547500	0.427200	1.175400	0.000000	4.716100	1.105400	3.271600	4.936400	3.660000	0.163100	3.974000	5.917000	3.598300	6.475200	4.393300	4.534600	2.716500	4.851800	4.844600
200	2.210700	0.000000	2.034400	0.887500	2.903600	3.724300	7.689300	1.534900	1.761300	3.024500	1.446100	4.541200	4.722500	4.427800	2.264700	1.725300	24.517300	18.970000	7.873600	21.610600
201	1.013100	-0.690800	-2.437900	-1.646200	-0.118600	5.766800	-1.818800	0.044600	0.000000	-0.636700	-1.785000	-1.864400	-0.070300	-0.934300	-0.156600	-0.636200	-1.198900	-2.489000	-3.197600	-1.728200
202	0.000000	2.777300	10.139300	9.577800	14.903000	7.536500	6.270800	10.506600	4.431300	5.134800	7.809300	7.702900	9.670400	8.962400	9.767300	8.462200	17.997100	11.557900	11.108300	10.168600
203	0.000000	7.477700	25.807200	19.345000	25.017800	16.239700	26.343500	21.203000	12.070600	13.596300	21.082900	25.525500	24.435500	26.777800	23.366000	22.201500	40.857700	35.287600	32.075300	50.469700
204	1.657300	0.000000	6.472700	1.964800	5.970500	-1.274000	6.381800	2.305600	1.525800	1.230000	2.435900	5.582600	2.782000	3.737600	3.525900	3.083300	15.568300	14.698400	12.545500	11.643800
205	0.000000	3.525400	7.911600	8.597800	10.173500	10.906900	6.061700	9.313400	6.098000	5.028000	5.743900	6.566500	7.470300	6.532000	5.785800	5.619400	9.303900	10.083100	10.086400	7.636400
206	0.648100	0.230000	0.771100	0.536600	0.283200	2.898600	-0.474200	-0.203900	-0.208600	0.145800	0.126900	0.000000	0.401300	0.003700	0.130200	-1.060500	0.032300	0.375500	0.350100	0.437700
207	2.855500	2.063600	0.369500	1.229500	1.032500	-0.175400	2.455800	1.466200	1.785600	1.955500	0.000000	1.503300	1.384100	1.997000	2.921800	1.463400	0.961300	-0.142100	0.070300	2.196300
208	1.818900	1.026900	0.583300	1.175100	0.851400	-0.264300	0.814700	1.578800	1.253900	1.413700	0.491100	0.838800	0.000000	0.612800	0.420000	0.953400	0.804100	1.027500	-0.188800	1.435500
209	0.891900	-0.257400	0.744800	0.492400	1.742800	-0.374200	1.247100	-0.271200	0.326900	0.215500	-0.516900	-0.370400	0.789500	0.861100	-0.550700	0.502600	3.003900	2.056000	1.543500	0.000000
210	6.376500	4.520400	3.078400	3.091400	2.216300	5.838500	6.395300	4.992600	5.403700	4.744500	1.118600	4.213000	5.325300	4.067600	5.718500	4.793000	3.784500	0.964600	0.000000	3.560200
211	3.323400	1.929100	0.000000	2.261600	3.035700	4.761400	1.399600	2.690500	2.406000	2.582100	0.434600	0.908000	2.165200	1.607800	2.924700	2.876100	0.285600	-0.820400	-0.166100	1.183200
212	1.564100	0.646800	-0.193200	1.161400	0.407300	2.692600	0.276600	0.674400	0.843200	1.088800	-0.617500	0.176200	0.000000	0.404900	0.711300	0.789500	0.122900	-0.094700	-0.218000	0.797100
213	2.231400	0.000000	1.553900	2.722000	3.281300	6.128700	14.352400	1.698700	0.866600	2.345100	4.297300	11.885400	16.365000	8.449900	4.157700	4.170300	41.617700	29.785000	23.463500	19.874300
214	5.713700	4.239200	1.732000	4.080400	2.652100	6.445000	5.705800	3.261200	4.595600	4.114400	2.259900	3.901000	5.830600	5.645600	6.332400	4.736900	4.444100	1.902600	0.000000	4.056700
215	1.764600	0.954900	0.000000	1.250000	0.622100	4.019600	0.200200	1.380200	0.905700	1.144100	-0.179800	0.251100	0.913200	0.763700	1.740700	0.850800	0.205300	0.060400	0.276400	1.428400
216	0.941000	0.000000	3.299200	3.824400	4.786900	2.676300	2.704100	2.619600	0.492400	1.479100	1.914700	2.414000	4.304700	3.498200	7.093100	5.392100	12.928000	15.506500	14.171700	38.467300
217	0.000000	4.903300	8.157600	12.356500	13.327600	9.403700	6.527600	12.179900	6.198200	6.271100	6.652500	6.697700	8.114000	7.660500	8.212200	7.348200	8.869300	8.452300	8.641200	11.175600
218	1.939200	0.000000	3.617100	2.996800	3.225600	5.577200	15.904000	4.581300	1.964300	1.735300	3.367400	9.459800	9.485600	8.509600	4.993000	2.428800	32.755800	16.902700	16.702300	56.153206
219	2.550400	2.085000	1.736000	2.573000	2.420300	2.654400	2.567600	2.445600	1.829700	1.762700	2.014000	2.217700	1.670200	2.198600	0.000000	0.905400	2.236300	2.666700	2.441900	2.085900
220	1.003800	0.000000	7.201700	4.132300	5.817600	5.011900	0.586700	3.560300	1.106000	1.406200	5.670500	10.687700	7.087700	10.035200	6.036400	10.174200	7.171500	4.283000	3.897100	3.800600
221	2.231800	0.000000	1.393000	-0.418100	2.878800	5.238500	20.906000	-0.080100	1.684400	-0.269900	2.355700	10.225700	7.348900	5.875200	2.333100	2.506700	35.961500	30.584100	17.888300	34.250600
222	5.323900	3.572800	0.000000	1.896000	2.889200	7.751500	2.271400	3.275000	4.984500	3.166800	0.380800	2.218500	3.774900	2.647400	4.846400	3.918800	12.725000	11.802000	9.859800	10.798100
223	1.312000	0.000000	2.730100	2.567600	3.874500	1.586400	2.045000	2.105200	1.364200	0.649800	2.761800	4.594100	0.722100	2.941400	2.465300	2.383500	16.010200	20.701800	16.774900	17.061600
224	-0.336300	0.000000	-0.269100	2.138000	2.171500	-0.989200	1.139000	0.987300	-0.238700	0.060100	0.176800	0.277600	-1.028400	0.958700	-2.780500	0.051000	0.651300	0.630500	1.005300	-0.375300
225	0.289200	-0.850600	-2.028700	-0.827500	-1.141500	-2.467200	-0.632500	-0.260800	0.000000	-0.401100	-2.139800	-1.029900	-2.157500	-1.336100	-0.912100	-0.154300	-1.706600	-1.065400	-1.676300	-0.164500
226	3.198900	1.566200	0.932900	0.000000	-0.926300	-0.395800	2.854000	1.830300	2.399500	1.597500	0.572600	2.367800	1.228500	2.791700	2.197500	2.210900	6.320900	6.567000	6.318700	8.684000
227	5.867200	4.041200	1.129200	4.079300	3.271100	4.930700	4.052200	3.971400	5.636900	4.364500	0.921100	2.910000	3.578700	3.064000	5.235300	4.044500	5.192100	1.329100	0.000000	3.064100
228	3.270300	1.707000	-1.113800	1.626400	1.826500	5.464700	1.068600	2.440100	2.539500	2.010300	-0.819900	0.604500	2.329600	1.181600	3.948800	2.613200	5.680100	10.727100	2.807600	0.000000
229	0.800900	1.026900	0.349000	2.560100	2.016500	3.635500	0.779700	1.612600	0.896900	1.564900	0.381700	0.328600	0.705700	0.940500	1.357300	0.862900	0.705400	0.549700	0.000000	1.733700
230	0.044000	1.860500	0.321700	2.376400	2.829600	7.595100	0.000000	2.569200	1.008200	1.371800	0.409800	-0.203100	1.495600	0.869500	1.829200	0.979700	1.262700	0.830800	0.588300	1.576500
231	1.085300	0.067100	-0.815000	0.056800	-0.812300	1.937100	-0.325000	0.697000	0.875700	0.511200	-1.004100	-0.244700	0.000000	-0.643100	0.680500	0.011100	0.511500	-0.220700	-0.381000	0.648000
232	5.847100	3.997800	0.579200	1.142100	0.000000	6.223000	3.183100	3.344000	5.131600	3.335100	0.490900	3.975600	4.863600	4.149300	5.400500	3.653600	17.564600	13.780600	9.884500	13.531000
233	3.493900	4.361900	3.178900	3.432700	3.141900	3.643200	4.486900	2.840800	3.855500	3.675800	3.064100	3.957400	0.601700	3.371900	0.000000	2.264400	2.944400	3.287000	2.966000	4.074500
234	3.633300	1.871200	-0.917200	0.000000	-0.896600	0.046600	5.372300	2.118300	3.082900	2.362400	0.061600	3.182400	1.804200	2.097300	3.437300	1.964000	6.234100	15.296500	9.045300	3.558800
235	1.087800	0.592500	0.106300	0.790700	0.072900	-1.716300	0.000000	0.161100	0.043400	1.165500	-0.283400	0.351300	1.095400	0.576300	1.536200	1.278100	0.699800	-0.185900	0.392000	1.164100
236	1.026700	0.106100	-0.602600	0.406200	0.017000	0.179900	0.120300	0.336000	0.493400	0.883400	-0.907200	-0.278400	0.000000	-0.201600	0.522700	0.876200	-0.165600	-0.087700	-0.119100	0.367000
237	6.042600	3.648600	0.000000	2.943900	4.674600	9.584200	8.269200	4.220700	5.865600	3.663900	0.880900	4.857500	3.909000	3.636100	5.390400	3.894600	17.920500	14.316900	9.401800	8.430000
238	5.247400	3.634500	1.183900	3.845800	3.306200	7.362800	3.360300	3.204400	4.370800	3.634900	1.444800	0.000000	6.180400	2.723600	6.684800	3.737000	11.814900	7.891000	4.365900	4.457800
239	1.307400	0.267600	-0.605600	0.877500	0.158700	3.174100	0.103500	2.028700	1.257100	0.848400	-0.667700	-0.135100	0.000000	0.368100	0.780200	0.488700	-0.156300	-0.551700	-0.902400	0.447000
240	3.317100	1.841100	0.492800	1.111000	0.418700	6.325100	1.982400	2.280000	3.276200	2.569200	-0.476900	1.476400	1.843100	1.898200	2.735800	1.700500	-0.575600	0.000000	-0.940400	1.939200
241	5.581400	3.753100	0.000000	4.021500	3.978100	8.670500	12.328500	2.684200	4.241200	3.474600	0.379400	6.151400	4.804800	4.316600	5.148700	3.432500	21.036400	18.076700	10.743300	29.468700
242	1.531000	0.552000	-0.032800	1.152800	1.981500	6.179100	0.135600	1.939500	0.595000	1.239500	-0.309800	0.000000	0.917000	0.325500	1.620700	0.738000	0.524200	0.652800	0.651000	1.042900
243	1.311500	0.218100	0.141100	0.773200	0.132200	3.647100	0.251200	1.179200	0.911400	0.997000	-0.007800	0.000000	0.356500	0.070900	0.924500	0.380300	0.281300	0.261300	0.077600	0.240700
244	1.514400	1.643300	-0.124200	-0.338100	0.794400	2.828500	-0.230200	1.193900	1.682600	0.855100	0.397500	0.407000	1.180100	0.612200	1.982500	0.420100	0.335800	0.412000	0.360400	0.000000
245	0.000000	3.806400	3.987600	5.027400	4.901700	7.059300	3.090000	4.846700	3.944800	2.536000	3.751800	3.342700	4.145100	3.522800	4.276400	2.647400	3.971800	3.988400	3.947200	4.050800
246	4.129400	2.080400	0.305500	0.000000	-0.477100	5.528400	2.099900	1.961700	3.570000	1.837200	-0.274700	0.812000	2.426900	1.813300	3.687600	2.918400	3.594500	5.504000	2.017300	1.430900
247	0.274700	0.069700	-0.519500	-0.000900	-0.747000	-1.304300	-0.170200	0.476600	0.650500	0.465900	-0.724300	-0.054600	-0.815800	0.108500	-0.214700	0.000000	-0.733200	-0.557800	-0.824700	0.610700
248	3.893600	2.871400	0.411400	0.000000	-0.058200	2.590200	7.223600	2.444900	3.418400	1.817900	1.366300	3.293900	4.916100	3.610900	4.589300	2.803500	14.243200	12.540500	4.920200	7.115700
249	1.009600	0.867300	0.043800	0.888900	0.175500	-0.295400	0.000000	0.850000	0.671100	0.719800	-0.189000	0.012200	1.022700	0.552600	1.037400	0.779200	0.754900	0.254900	0.503600	1.019600
250	4.451400	2.098200	0.000000	1.776700	2.338500	4.761700	2.215200	2.178900	2.671100	1.499600	0.458100	1.990000	3.377400	2.247000	2.994700	2.191200	2.674600	2.253000	0.870300	2.068200
251	-0.304100	-0.199300	0.042300	0.160500	0.134300	-0.409300	-0.211300	0.005600	-0.027700	-0.089200	-0.133500	-0.213900	0.000000	-0.114300	-0.004300	-0.055300	-0.243900	-0.069800	-0.079700	-0.033900