SITE	GLY	ALA	LEU	VAL	ILE	PRO	ARG	THR	SER	CYS	MET	LYS	GLU	GLN	ASP	ASN	TRP	TYR	PHE	HIS
1	0.222800	-0.124100	-1.184600	-0.236300	-1.114400	-0.912100	-1.155800	0.237600	0.199100	0.203700	-1.285000	-0.859600	0.000000	0.116400	0.197500	-0.352900	-1.029500	0.055600	-0.551500	-0.351900
2	1.615300	1.265600	1.232900	1.905700	1.372700	0.000000	0.721400	1.500500	1.737400	1.534900	1.212800	0.883800	1.117900	1.335700	1.607800	1.859300	0.986600	1.509000	1.426900	1.842200
3	0.000000	0.016100	-0.437600	0.024600	-0.204900	-0.996000	-0.341900	0.227900	-0.056200	-0.200700	-0.633700	-0.536400	-0.263800	-0.243500	-0.141200	-0.156400	-0.817500	-1.763300	-0.858400	-0.032500
4	0.436100	-0.314600	-1.067700	0.222700	-0.078500	5.242800	-0.331400	-0.369700	0.000000	-0.041700	-1.340200	-0.704300	-0.011900	-0.525200	0.734900	0.418800	-0.134600	-0.819300	-0.948100	0.106200
5	0.000000	2.329200	1.526400	3.328400	4.045700	7.779400	1.885100	3.265000	2.382900	2.131800	1.575400	1.473700	1.841800	2.056000	2.387100	1.878300	1.994400	1.900500	1.817600	2.620500
6	2.083600	1.436600	-0.006300	0.923500	0.000000	1.174800	1.507400	1.558700	1.929300	1.602600	-0.240300	1.402600	1.316300	0.865900	1.603500	1.643900	0.825400	1.097600	0.784600	1.782200
7	0.000000	0.619000	2.323900	1.836100	3.084400	0.055000	6.260100	3.864500	1.035100	0.629600	3.283300	5.347500	6.368300	5.309000	3.822600	1.262700	11.668300	9.068900	8.994600	19.713400
8	0.914100	0.488500	0.126800	1.302100	1.184500	2.137800	0.333900	1.178100	0.914700	0.806600	0.292400	0.279000	0.481200	0.625900	1.035800	0.937200	0.119300	0.000000	-0.042200	0.735900
9	0.511300	1.695800	1.368700	2.185800	2.068800	0.000000	0.882400	2.214200	2.207800	1.516900	1.502000	0.958200	1.248600	0.987500	1.586300	1.353600	1.279300	1.101600	1.285000	1.611900
10	2.189700	1.279100	0.184300	0.566200	0.141300	3.729500	0.802800	0.831700	1.322400	1.288700	0.430600	0.597600	2.266200	1.173000	2.231700	1.319200	-0.342700	0.000000	-0.354000	0.850500
11	2.228400	0.408500	0.849500	-0.350800	-1.046700	2.790400	0.698500	0.022300	0.308900	-0.256300	-0.172900	0.932700	2.328500	2.204000	0.000000	0.595700	15.666400	16.255700	12.359800	9.069000
12	0.174700	0.168900	-0.767500	0.434800	0.238500	-0.376300	-0.287600	0.426600	0.161800	0.207600	-0.652800	-0.241700	-0.033400	-0.132400	0.180300	0.000000	0.449700	0.176000	-0.433300	0.129800
13	1.411600	-0.030700	0.163900	0.678300	0.550800	3.542500	-0.286300	0.413200	0.177100	0.181500	0.438800	0.013900	0.321600	0.172200	0.265800	0.000000	0.108000	-0.009300	-0.144200	-0.098700
14	-0.529800	-0.605700	-1.737800	-0.407500	-0.589900	-1.335600	0.904900	0.000000	0.316200	-0.579500	-1.670700	1.521500	-0.506200	-0.376200	0.809700	0.130600	1.622900	0.932600	0.073500	2.771000
15	1.307100	0.811000	0.000000	0.964000	0.576600	6.862200	-0.313900	3.051400	1.374200	0.875100	-0.094600	-0.243400	0.698400	0.302700	1.419500	0.112500	0.021600	0.267700	0.195300	0.810700
16	2.351400	1.814900	0.817900	1.040200	1.091200	0.000000	-0.098000	1.568300	2.140200	1.862300	0.651900	1.137900	1.107900	1.054500	2.396600	2.027900	0.626800	0.977600	0.818300	1.782700
17	3.307800	2.169500	1.481400	3.255000	4.183600	5.136000	2.022900	2.330000	3.155700	2.601300	0.498300	0.863300	4.370200	2.560900	5.065500	2.964600	-1.566800	0.000000	-0.491400	2.084900
18	1.778100	0.874900	-0.450100	0.000000	-0.563600	5.062900	-0.684700	-0.166500	0.292700	0.128400	-0.526800	-0.264500	0.133600	-0.357000	0.182300	0.303400	-0.726600	-0.654100	-0.892800	-0.559900
19	1.220500	0.000000	-0.976100	0.054700	-0.503600	-1.664100	-0.428900	0.648600	0.830900	-0.119200	-1.460300	-0.205400	-0.091000	-0.278500	0.783400	0.132300	-0.386300	-0.157700	-0.317800	-0.167100
20	3.697900	2.230400	13.537000	3.353900	11.209200	0.000000	15.091700	2.820400	3.248400	2.368900	13.459300	14.340200	3.970600	5.074300	4.891100	4.568200	27.159000	18.047500	14.699800	45.116600
21	0.000000	0.599100	-0.151200	0.588400	0.727000	1.946900	-0.636200	1.151900	0.046100	0.202200	0.042700	-0.139900	0.210800	-0.421200	0.602000	0.022400	-0.068100	-0.214600	-0.368800	0.349700
22	1.432300	1.414300	1.048800	1.610400	1.403700	0.000000	1.228600	1.589300	1.636400	1.342100	1.162400	1.180000	0.548000	1.044300	1.415500	1.248200	0.932000	0.916100	0.852800	1.202900
23	-0.069800	-0.041600	-0.329500	-0.134700	-0.471000	0.345400	-0.805800	0.000000	-0.013500	-0.137200	-0.724600	-0.588100	-0.550400	-0.518300	-0.189600	-0.171100	-0.896100	-0.851300	-0.904000	-0.217800
24	1.863000	0.404700	1.513900	3.223100	4.040600	2.132800	1.584600	0.726100	0.731400	0.884600	0.215200	0.974400	-0.543500	1.897100	0.000000	0.897700	3.193000	1.187000	1.076100	0.900900
25	2.145400	0.816800	2.657600	2.611200	2.842800	7.487800	3.357800	1.761000	0.000000	0.902100	1.203800	2.347500	1.313300	3.063400	0.669900	1.815800	10.661700	7.351100	4.996500	45.084800
26	7.071400	6.385100	3.538700	4.562900	3.967000	5.326400	0.000000	6.231900	6.907100	5.773800	3.546400	3.524400	7.831700	5.614800	7.699400	6.019500	10.429300	9.975900	4.403500	7.683200
27	1.327900	0.000000	4.710400	0.951400	1.001400	2.577100	2.908500	1.776300	-0.394400	3.318000	1.264000	3.298400	4.743300	3.986800	4.602500	4.826500	34.914600	10.136400	9.298300	26.553100
28	2.632100	2.282300	3.809700	3.006500	5.446800	0.000000	4.727600	4.028600	2.678500	2.550400	3.825800	6.929100	5.387100	7.124800	7.912400	5.867700	7.581200	3.894700	2.935800	22.196100
29	1.598000	0.997400	-1.196100	-0.202300	-1.573900	5.068600	0.838200	0.165200	0.202600	0.000000	-1.554000	0.781400	-1.569700	-0.142500	-3.750200	-0.725800	-0.727600	-2.227000	-1.950000	0.057600
30	4.120900	2.520200	4.366000	1.261200	2.096800	0.000000	6.299600	3.061200	3.617100	2.944600	3.450200	4.333900	1.121400	4.091400	2.532500	1.292600	7.513200	9.526700	6.669700	5.759900
31	1.736500	0.000000	0.855900	0.343000	0.461500	-0.073400	2.413700	2.677200	2.046600	1.165500	-1.125300	0.754300	0.583000	1.530400	0.884700	1.443800	2.173200	2.042000	1.941100	7.200600
32	4.295200	2.682200	0.000000	2.192400	1.534300	1.787900	2.444700	2.892200	3.313700	3.056400	0.018100	1.968300	2.163400	2.369000	2.903800	3.229100	-0.105700	0.257700	-0.247700	2.381600
33	3.922800	2.717000	3.081100	3.672200	2.166900	5.088000	2.584500	3.634900	3.009900	2.824800	1.224900	4.491000	4.959300	3.026800	3.065100	0.000000	18.185600	16.882500	13.304600	11.012200
34	1.668800	0.000000	4.268100	0.927200	2.097500	2.694100	7.268900	0.324900	0.563800	0.683700	3.265100	7.087500	5.242100	5.317400	5.087300	6.167100	41.845300	31.274400	29.449800	31.350600
35	6.018600	4.393900	0.000000	3.410800	2.134100	6.921600	8.912200	3.611000	5.397400	4.201100	0.409400	5.806600	5.197000	3.356600	6.078500	4.839000	20.455000	11.613400	6.338900	5.166200
36	1.602800	0.000000	5.875100	2.505000	5.340000	8.316500	17.484800	2.478500	0.794900	1.930600	5.415400	11.372300	10.569800	10.897300	8.933700	7.527100	37.058000	28.873500	23.902300	44.269100
37	3.275500	1.776700	3.771800	3.007500	4.717000	6.167400	2.913300	3.180500	2.470600	2.398500	0.685900	3.593400	3.236300	2.246700	1.671300	0.000000	10.579900	3.666400	4.431300	2.777300
38	2.950300	2.665700	0.504100	4.441300	4.006500	6.328400	-0.644300	4.423400	3.351600	2.688600	0.448800	1.257500	3.488800	2.093900	4.832000	2.543500	2.282400	2.671100	1.169700	0.000000
39	0.000000	3.160600	1.808900	4.612000	3.538700	8.583700	3.315500	4.750400	4.372300	3.936600	1.975600	2.553700	3.112200	2.093200	3.313000	2.776300	3.218800	2.959800	2.538800	3.008600
40	4.443700	2.960800	1.963200	3.103400	2.764800	9.173600	6.160900	5.050100	4.683800	3.280000	1.163700	4.678500	4.413500	4.341600	4.195200	4.186700	4.485900	0.000000	0.404500	3.478900
41	5.504400	3.980900	-0.026100	0.793700	0.000000	6.021900	4.325600	3.570000	5.095500	3.326700	0.252200	3.702600	5.489200	2.808200	6.306700	4.544700	21.197000	12.427300	7.292300	7.318500
42	2.793500	2.232800	1.786900	2.729500	2.584300	0.000000	1.464600	2.536000	2.039800	1.380100	1.560700	1.803700	2.225000	1.744900	2.933600	0.881100	1.896400	1.817000	1.717000	1.417700
43	0.686000	-0.037800	-0.994900	0.350300	-0.277100	-1.782500	-1.309600	0.529200	0.198200	0.226600	-0.872300	-0.379900	-0.375400	-0.321400	0.895200	0.091900	0.576500	0.341800	-0.463800	0.000000
44	1.280700	0.976100	0.275000	1.060300	0.724700	0.512400	0.462600	1.935600	-0.122500	1.215500	0.049300	0.571900	0.204600	0.166100	0.000000	-0.288800	0.828200	0.198100	0.129100	0.438800
45	0.000000	6.889400	18.106300	18.319500	21.559500	19.566500	24.653200	19.810600	10.497600	11.261100	14.777100	24.373300	19.176300	18.094600	17.201000	19.655700	33.282600	26.156100	26.356200	90.671900
46	2.105700	1.787500	0.515300	1.496500	1.535800	5.149500	0.000000	0.004700	0.502600	1.326800	0.682200	0.528100	1.573900	0.707600	4.422700	2.428700	4.228600	2.673800	2.807700	2.152700
47	-0.364300	0.000000	-0.267700	0.209800	0.042400	1.966700	-1.161200	0.411100	-0.627200	-0.219800	-1.154100	-0.277000	-0.816700	-0.955300	-0.556800	-0.816100	-1.035300	-1.161000	-1.280100	-0.426600
48	5.647300	3.939500	0.228900	1.401400	0.000000	5.712900	5.066600	3.236300	5.229500	3.463500	0.520600	3.348800	4.945600	3.952300	5.190700	4.118300	21.652900	13.816800	11.962700	8.534500
49	1.174100	1.559800	2.111600	3.598200	3.370000	0.233700	0.684500	0.892900	0.000000	1.950900	2.757500	2.247500	1.092700	2.082300	0.731200	0.982800	3.243900	2.725000	3.747000	3.222200
50	2.874700	1.714900	0.542900	1.496300	1.272400	0.607500	0.000000	1.188000	2.654600	2.018200	0.214300	-0.299300	1.643300	0.897600	3.036600	1.054600	0.743800	3.488300	2.563700	3.576900
51	1.442200	0.821100	0.668900	1.519900	1.234800	-0.248500	0.968700	1.307200	1.153300	1.346100	0.598600	0.841700	0.000000	0.630900	0.769900	1.372400	1.266600	0.651300	0.431300	1.723600
52	1.807000	0.684400	-0.136400	0.409900	-0.157100	0.124100	-0.270700	0.000000	0.748000	0.973000	-0.583300	-0.467000	0.134600	-0.219400	-0.060300	0.356800	0.514400	0.752500	0.644600	1.170100
53	4.625600	3.048900	0.000000	1.015500	-0.208700	5.746200	2.743900	3.057300	4.480100	3.318600	-0.123000	2.404300	2.870000	2.563500	4.081600	3.756700	0.483800	0.179400	-0.976300	2.250300
54	1.415400	0.265800	-1.516700	-0.552000	-1.291600	2.927100	-0.587200	0.927500	0.955800	0.480100	-1.117300	-0.443500	0.158500	0.000000	0.576000	0.015100	-0.096600	-0.764600	-1.437900	0.097200
55	0.773400	0.103500	-0.189800	0.603700	-0.037000	3.334100	-0.002900	0.287700	0.178300	0.337000	-0.620900	-0.251000	0.096600	-0.043900	0.405400	0.000000	0.066800	0.005400	-0.049100	0.269600
56	1.830000	0.000000	6.482300	2.724300	3.221600	4.084700	6.714400	1.763800	0.850500	2.692500	3.068400	6.318700	6.713800	5.534200	7.817900	6.597100	14.172900	17.318800	16.285800	32.359400
57	6.187300	4.528300	1.457100	4.443100	3.800800	7.502500	4.072900	4.178700	5.384200	4.651800	1.148300	3.806700	4.876700	4.232800	6.166100	4.021100	0.569400	0.984300	0.000000	2.520100
58	1.554700	0.801400	0.000000	0.655700	-0.157400	3.822100	-0.382200	1.014600	1.252400	1.043900	0.023500	0.081400	1.080800	0.845900	1.761700	0.788300	0.836000	0.219600	0.410900	1.072300
59	0.479100	-0.442400	-1.095600	-0.103700	-0.670800	1.872700	-1.860000	-0.411500	-0.250300	0.067600	-1.417500	-1.698200	-0.205300	-0.860700	0.579700	0.000000	-1.420400	-1.220100	-1.019000	-1.011700
60	1.989900	1.824700	0.470100	2.324000	2.618200	3.269400	0.326800	1.096700	0.880300	0.799200	0.014200	0.026500	4.185300	1.355500	4.473600	0.735500	-0.458400	-0.486900	-0.910200	0.000000
61	5.052600	3.603400	0.116100	2.224800	2.083100	6.407000	5.190400	3.255200	3.428600	3.380200	0.000000	3.179100	4.059300	2.888700	4.826400	3.626400	5.619000	6.714900	4.716500	43.434500
62	0.000000	4.725400	13.031700	15.471700	18.761900	12.718600	8.086700	14.551800	6.996000	9.332200	8.848900	9.109000	13.141000	9.620700	14.566300	13.506300	23.624800	24.603500	23.723200	36.637600
63	6.075600	4.565700	0.549400	1.349900	0.000000	9.908700	3.739400	3.678800	5.444400	3.519800	0.089300	3.080600	4.345600	2.772400	5.140400	4.190000	8.082000	4.427900	0.633800	3.191200
64	0.923100	0.000000	-0.481200	1.904800	1.714500	4.043900	0.096500	2.722300	0.080700	0.565600	-0.399400	-0.114000	0.230900	0.212900	0.380000	0.519500	0.501400	-0.098500	-0.159700	0.779400
65	0.296600	-0.302400	-1.131100	-0.448200	-1.266300	-2.094400	-0.520200	-0.208800	0.095800	-0.194800	-1.342200	-0.834300	-0.738000	-0.725900	-0.459500	0.000000	-0.184200	-0.645300	-0.896600	0.171300
66	0.645800	-0.077300	-0.173000	0.643200	0.524700	-0.776300	0.161200	0.142700	0.000000	-0.207900	-0.253000	-0.366300	-0.122200	0.016500	0.569900	0.477000	-0.100700	0.025300	-0.117300	0.524200
67	3.560600	2.015200	-0.834200	0.000000	-0.227800	0.480800	1.969000	2.001600	3.294300	2.015700	-1.336000	1.149000	2.187000	1.804200	3.269600	2.854100	3.557600	3.814200	0.643200	2.796400
68	2.562300	2.334300	-0.678100	1.182700	0.000000	3.257700	0.777000	2.508900	2.443700	2.513000	-0.761800	1.754900	2.065000	1.772100	1.032100	0.359900	0.366900	-0.438100	-0.232100	1.940800
69	0.842800	0.490700	0.459600	0.917900	0.507200	3.991400	0.669600	-0.437400	-0.127600	0.658700	0.083300	0.699200	0.000000	0.368400	0.088400	0.723100	0.324700	0.714700	0.600200	1.193000
70	2.229600	1.661000	0.000000	1.185700	0.311300	1.427100	1.394000	1.204700	2.006400	1.942600	-0.112100	1.697300	0.678500	1.503300	0.523300	1.970500	-0.277300	1.057000	0.120400	2.159600
71	1.177500	0.000000	-1.696800	-0.281200	-0.993900	-2.096300	-1.512900	-0.165800	0.245200	0.583900	-2.650300	-0.196200	-0.609400	-0.557300	-0.109300	0.657700	-2.405500	-2.347900	-2.937700	-0.033400
72	3.814600	2.617400	0.000000	1.545700	0.678100	5.848300	3.195700	1.933700	3.223300	2.908900	0.131400	3.098400	2.522500	1.877300	3.452400	2.433900	6.166900	5.436000	0.830000	2.518100
73	0.709700	-0.300200	-1.398900	-0.597800	-1.388000	1.526200	-0.752400	0.000000	0.186000	0.310400	-1.198600	-0.996500	-0.638900	-0.968200	-0.064500	0.267700	-0.558600	-1.031000	-1.106700	-0.244600
74	1.836100	0.070000	-1.024100	-1.052900	-2.311900	2.680600	-0.851600	-0.829300	1.370400	0.074500	-2.794000	0.191500	1.118600	0.941600	1.123800	0.000000	2.313500	7.965800	4.112100	4.225700
75	1.671100	0.000000	-3.036000	-1.211100	-2.322700	2.433800	-0.112500	-0.057500	0.489100	0.258200	-3.239700	-0.934100	0.304700	-0.513500	1.185100	0.011700	-4.800900	-1.764600	-2.581800	-0.550100
76	3.498200	2.767400	0.944400	2.737000	1.885700	5.306700	2.697100	2.612400	3.075200	3.064500	0.629700	2.459900	3.037000	2.693200	4.282700	3.205700	-0.494200	0.285600	0.000000	2.345500
77	1.870300	0.545400	-0.440700	0.000000	-0.866300	2.689100	0.275900	0.795300	0.908600	0.867700	-0.738900	0.195400	1.139800	0.239600	1.928800	0.785400	0.854100	0.075100	-0.036000	0.577400
78	4.056600	2.292800	-0.445900	0.000000	0.249100	5.241700	10.571000	1.493300	2.801700	2.059000	0.931700	2.870300	4.390000	0.757500	4.517100	1.840600	29.598700	24.964100	13.489500	15.695200
79	3.924000	2.252200	1.157600	3.208700	4.549100	4.188700	9.635600	2.880700	3.016200	0.000000	4.282300	6.209300	4.855700	8.731100	5.286700	4.823200	11.095600	22.258900	9.722600	8.431700
80	0.199400	-0.530300	-0.746500	-0.828400	-1.440000	1.745700	-0.644400	-1.239000	-0.521700	0.140000	-1.286200	-0.946700	0.000000	-0.762400	1.169000	0.466900	-0.786200	-0.448300	-0.501100	0.428700
81	4.630800	2.912200	0.291500	2.602400	2.473900	5.365300	1.078700	3.541200	3.383300	2.957600	-0.196300	1.913900	5.554600	2.873800	6.009500	3.502900	0.242700	0.000000	-0.288000	2.124900
82	3.583700	2.035000	-0.446900	0.000000	0.534100	7.117600	0.772900	1.015000	1.497600	1.759200	0.050600	0.420300	2.596400	1.784000	3.924600	0.646000	-0.002200	0.280400	-0.045800	1.960200
83	0.699500	-0.251000	-2.016900	-1.123200	-2.001400	1.997300	-1.629900	0.000000	-0.450000	-0.554600	-2.430700	-1.907900	-0.490300	-0.770300	0.539400	-0.546400	-0.624400	-0.972300	-1.217000	-0.252000
84	0.000000	3.796000	3.650900	4.996000	4.597100	7.784600	1.643400	5.038900	3.950900	3.844000	3.194800	1.925300	4.750500	3.426300	5.237700	3.854500	3.133900	3.448700	3.327600	1.525500
85	0.738200	0.563200	0.191300	0.144300	0.076000	3.492400	-1.230700	0.027400	0.000000	0.423600	-0.577100	-0.902900	0.403200	-0.033800	0.770500	0.332000	-0.301500	-0.590900	-0.643400	-0.028600
86	1.504700	1.185700	1.244600	1.429400	1.521500	0.341500	1.244900	0.575200	0.895300	1.162500	0.801000	1.249500	0.331900	1.072900	0.000000	0.516000	0.566800	0.016800	-0.237800	0.888100
87	3.312800	2.193500	5.393000	3.608700	4.904300	0.795600	4.481400	4.239400	2.498400	0.000000	2.945500	7.363300	6.788400	6.258100	5.302700	2.436700	17.478700	17.428500	18.126000	26.271900
88	0.000000	2.657400	2.501900	2.818900	2.593100	7.058600	2.155000	2.579500	2.240300	2.497000	2.404600	1.830800	2.687200	2.499300	2.386500	2.149400	2.368000	2.357400	2.089200	2.542000
89	0.478000	0.982500	0.442800	1.343500	1.451200	1.497600	0.476300	0.792200	0.812000	0.533800	1.225400	0.429600	0.247600	0.468500	0.000000	-2.432000	1.039100	0.407300	0.394900	0.648200
90	0.501200	-0.503400	-0.907400	-0.572600	-1.127600	2.984300	-0.904600	-0.354500	0.000000	-0.749700	-1.509900	-1.325700	-0.573000	-1.126300	-0.342300	-0.791000	-0.781500	-0.614900	-0.649300	-0.485000
91	4.589900	3.513000	0.000000	1.699500	0.535800	5.776500	3.142600	2.079200	4.154500	2.658100	0.066700	2.438700	3.568200	1.968200	3.901600	2.664400	4.994900	4.140500	1.160900	3.196100
92	0.961700	-0.065900	-0.914400	0.000000	-0.615700	-0.498400	-0.724100	0.847500	0.838200	0.376100	-0.861600	-0.702100	-0.138700	-0.234300	0.509000	0.604900	-0.695000	-1.298700	-1.510200	0.548200
93	1.335700	0.884100	-0.070800	2.576500	3.059300	4.147300	0.575500	3.944800	1.181700	0.792500	-0.410800	0.263600	0.991100	0.516500	0.452600	0.000000	1.520600	-0.201100	-0.519000	0.218100
94	4.896000	3.785000	0.000000	4.024300	2.530900	5.689400	4.597700	4.312700	4.406100	3.223000	0.076700	3.397100	4.264900	3.698400	4.951300	3.789400	6.380600	5.030500	2.474500	4.674900
95	1.009900	0.139400	-0.508200	0.938200	0.738000	1.980500	0.419000	0.000000	0.796100	0.709200	-1.189200	-0.091300	-1.096300	0.375300	-0.193600	1.537100	5.401200	5.268100	3.909300	4.167900
96	3.610500	1.985100	0.000000	0.701500	-0.534400	3.085700	2.607200	2.121800	2.448200	1.577700	0.911300	1.909400	2.943400	2.447100	3.822900	2.396400	2.325400	0.308300	-0.146700	2.402300
97	4.320300	2.986600	0.000000	2.646200	1.234000	7.478500	2.527500	3.184900	3.223100	2.850200	0.126800	2.308000	2.767800	2.427000	3.746400	2.518100	3.329100	4.488600	1.920000	3.124600
98	0.093300	0.000000	2.235700	2.048200	5.140700	7.677400	14.218100	2.209500	0.300400	-0.314100	1.155700	16.165800	1.771000	4.556900	3.323700	1.437700	29.396700	20.292000	13.533600	37.611300
99	0.663700	-0.893200	-3.604600	-0.810500	-1.708000	3.531400	2.455700	-1.970900	-0.502300	-1.329100	-2.810200	-0.041500	0.000000	-2.053700	0.808400	-0.586000	12.163600	5.608100	4.243800	1.902700
100	4.829600	3.093300	8.611300	5.561100	3.652900	0.000000	10.625400	5.813300	3.946600	3.264400	5.841300	6.807400	7.461800	7.667600	7.607600	6.194000	21.312700	19.827000	12.205700	21.093000
101	1.275000	1.340100	0.154300	2.272900	2.950800	4.399100	-0.178200	1.473800	1.542300	1.078100	0.282900	-0.307000	1.691400	0.791000	2.030100	1.008600	2.994300	1.155300	1.132300	0.000000
102	-0.466400	0.000000	1.983000	1.748200	4.781700	7.561800	3.482400	0.357300	0.592700	-0.354900	0.292300	1.676100	5.528700	4.911600	5.511500	5.132200	14.335700	14.099100	8.069800	34.536400
103	2.360000	1.503700	-0.667000	0.982100	0.145800	2.546500	1.205400	1.237400	2.113000	0.907900	-0.501000	0.815300	1.560400	1.453500	2.131000	2.106900	-0.367300	0.541000	0.000000	1.787100
104	0.045300	-1.020100	-1.673300	-0.625400	-0.761600	0.579900	-0.731700	-1.615700	-0.963600	-0.967900	-2.283400	-0.625300	0.000000	-0.060300	-0.731000	-0.797300	0.679800	4.044000	0.915800	0.529100
105	1.875400	1.598300	0.816300	0.409900	0.002800	2.849100	-1.249700	1.475600	1.993700	1.188000	0.906800	0.926900	3.730300	1.891300	3.970200	1.726500	2.236900	2.633900	2.841600	0.000000
106	-0.606100	-1.117000	-0.904500	0.049800	1.377100	-3.186000	0.886100	-0.174900	-1.028600	-0.424300	-1.957100	1.342300	1.149000	0.146800	0.000000	-1.489600	3.265800	5.139300	2.347100	1.574800
107	2.939100	1.974400	3.677500	6.756100	8.097100	9.241800	7.592100	5.697300	2.926300	1.847500	4.026900	3.976900	6.079900	4.732300	5.268800	2.496200	8.698100	7.019100	3.088600	0.000000
108	0.267300	-0.201900	-0.217000	0.673600	1.282900	-1.869100	-0.444200	0.797100	0.000000	0.082300	-0.523900	-0.056300	-0.168500	0.650700	-0.339900	0.147100	-0.314300	-1.821100	-0.830200	-0.220500
109	4.091300	3.277300	0.850100	2.798600	2.598900	2.467700	1.230400	3.624400	3.511800	3.110700	0.795000	2.791100	2.926600	2.941700	2.925700	3.295000	0.445300	-0.269400	0.000000	3.143000
110	1.282400	-0.048300	3.076900	3.504600	5.723100	0.710300	9.403100	4.828200	0.000000	0.451900	4.251100	3.866600	3.759700	5.617900	1.245300	2.156000	15.421600	7.808900	6.010000	16.790700
111	3.371000	3.101300	2.047900	3.189800	3.486800	6.333400	0.000000	3.030800	3.199900	2.684400	1.724400	1.731600	2.263600	1.706600	3.700600	2.426000	4.444600	2.925300	0.671300	2.135900
112	1.011100	0.494800	0.223200	1.594100	2.616700	-0.950800	0.244600	1.094900	0.928700	0.519400	0.269000	0.000000	1.837200	1.001200	3.689600	1.369800	3.480500	4.446900	4.093200	1.979600
113	-3.611500	-4.148900	-2.667600	-2.376200	-1.183800	-4.578100	3.847600	-2.590700	-4.169900	-3.783600	-3.341600	2.457800	-1.072800	-3.307800	0.000000	-4.310500	14.010300	10.639200	5.777000	20.603000
114	5.075200	3.345200	2.091100	2.642800	3.566700	1.065700	4.190100	3.487400	5.013000	3.481800	1.274600	3.515800	5.661500	4.625400	5.483600	4.956500	4.649700	0.000000	0.374000	3.899500
115	3.025900	2.058200	-0.956300	2.268800	2.420000	5.595000	-0.169100	4.495900	2.434400	0.937900	-0.143200	0.000000	3.203500	0.488100	4.642500	2.507500	1.858700	5.638800	4.853700	2.470600
116	0.542400	0.120700	-1.206300	0.119200	0.755200	6.414200	-0.463700	0.393900	1.130700	-0.020700	-1.057200	-0.750500	1.679600	0.000000	2.766600	-0.142300	0.721600	-0.983000	-1.108600	0.469600
117	0.000000	1.630800	0.534600	2.590000	3.357500	9.183500	0.438000	3.083100	1.664600	1.491000	0.488400	0.396800	1.425200	0.709700	1.838900	0.993900	0.735500	1.219000	1.195000	1.553200
118	2.766100	1.647600	0.385600	0.000000	0.624700	2.015600	1.995300	1.042400	2.321000	1.538800	0.959900	1.545000	3.467400	2.231600	4.820700	3.195400	5.923500	7.175200	5.819700	4.240600
119	0.142000	0.000000	0.217400	0.365200	0.321300	-0.921500	-0.494200	0.347600	0.265400	0.342900	0.199200	-0.334100	-0.311300	-0.114700	0.389800	-0.126200	0.465900	0.452200	0.458800	0.059500
120	0.777400	0.413400	0.356500	0.577100	0.443800	2.635100	-0.062300	0.456200	0.755100	0.638400	0.569600	0.073400	0.358700	-0.011800	0.054300	0.000000	0.437800	0.339400	0.296700	0.219700
121	0.239600	-0.399500	-0.895500	-0.330800	-0.814900	-2.542300	-0.553100	0.010100	0.000000	0.060000	-1.130800	-0.729900	-0.809100	-0.742600	-0.239800	-0.091700	-0.417300	-0.341500	-0.556600	0.191000
122	0.049000	-0.013700	-0.394900	0.196400	-0.108200	0.126600	-0.242000	0.293300	-0.088100	-0.192000	-0.233100	-0.455000	-0.228000	-0.184700	-0.070500	0.000000	-0.130500	-0.419800	-0.461500	0.163900
123	0.865000	0.178200	-0.198600	0.543700	0.324200	2.692700	-0.237800	0.908300	0.670000	0.194700	-0.410300	-0.108500	0.038400	0.208500	0.000000	0.414800	0.490700	-0.391200	-0.541900	0.657600
124	2.094700	0.915400	0.899000	3.419400	3.668100	2.763200	1.524400	4.212300	1.418500	1.509500	0.630500	1.521400	2.278200	2.094200	2.635800	2.290800	0.013700	0.725900	0.000000	1.817900
125	0.232000	1.340900	0.459400	0.585900	0.000000	2.529400	-0.142900	0.544800	0.382900	0.028800	0.449800	0.364200	0.990400	0.154900	0.251200	0.357600	1.738200	0.828200	0.779100	1.214500
126	5.098800	5.020100	5.431200	4.877300	4.414600	4.416400	4.863400	5.160900	5.367400	4.364800	4.835500	4.612700	4.768500	5.239700	0.000000	3.949600	5.282800	4.812400	4.681800	5.546300
127	1.789700	1.317600	-0.852600	1.297300	1.152800	1.180100	0.145900	1.045000	1.510600	0.893800	-0.965100	1.592700	3.247700	2.648100	3.009100	0.000000	12.995000	5.196400	3.988200	3.690900
128	2.668900	2.058500	-0.008100	1.588600	0.785500	5.345300	0.000000	3.411500	2.430700	2.232100	0.373000	1.147500	3.746400	2.834700	5.518100	3.316400	3.871100	5.811800	7.564800	6.561400
129	2.717800	1.828600	1.425600	2.715000	2.227800	4.803000	3.059800	1.931400	2.559400	1.871500	1.636900	2.467200	3.061500	2.719400	3.539900	0.000000	7.708300	3.807000	3.578900	7.254100
130	4.834700	3.636500	1.791600	3.381900	4.507300	2.580800	3.094200	3.604700	4.372100	3.057500	1.198700	2.851200	4.617800	3.469800	5.154500	4.152900	1.750000	0.865600	0.000000	3.239800
131	5.202700	4.232100	3.852300	3.134300	2.740700	8.927000	3.610100	3.251000	3.126600	3.449500	3.306300	2.812600	2.406900	3.765700	0.000000	1.757100	3.953800	4.546500	4.090900	3.839200
132	0.707100	0.000000	-0.406400	0.252500	-0.175200	-1.875500	-0.399700	0.215900	0.116200	0.576200	-1.248300	-0.422900	-0.120900	-0.378600	0.072300	0.401100	-0.891500	-0.987600	-0.797500	0.282100
133	0.742000	0.356500	0.347600	0.804500	0.560700	-0.546500	0.377300	-0.222200	-0.295000	0.937100	0.125100	0.285400	0.000000	0.096800	0.373900	0.625500	-0.185700	0.313000	0.296500	0.800600
134	1.288000	-0.124600	0.217600	-0.870700	-1.435100	1.264300	0.936900	0.000000	1.354200	0.375000	-1.364700	0.906500	1.112800	0.626400	1.748400	2.387400	13.342800	2.240300	2.928000	8.337100
135	6.468400	4.787000	1.783100	4.824800	4.104700	10.024500	6.225800	6.059000	5.266600	5.047900	1.117900	5.390400	5.564500	4.202400	6.113200	5.276100	6.840200	1.090200	0.000000	3.925000
136	0.709000	0.029700	-0.586100	0.557800	0.016200	4.799000	0.003700	0.864100	0.041500	0.603800	-0.777200	-0.236800	0.195300	0.000000	0.661300	0.091300	-0.442000	-0.370800	-0.444800	0.419100
137	2.446500	1.211900	0.601000	1.647400	1.005700	1.262100	0.703600	0.000000	-0.197100	1.563600	0.630100	0.777300	1.735200	1.233500	2.441700	1.510300	0.426400	1.039100	0.999700	0.891300
138	1.164000	-0.477000	2.219600	0.046900	2.991900	1.984700	15.848300	-0.206500	0.000000	-0.103100	4.697900	10.252800	7.888200	6.973500	5.085000	4.339700	21.366500	17.633200	13.244800	27.358000
139	3.674600	2.384300	0.000000	1.928100	0.792900	4.917200	3.141200	2.085500	2.843800	2.570700	0.316700	2.573300	3.138900	2.216700	3.925800	1.592000	2.320900	2.289400	1.776400	3.363600
140	-0.677700	-0.901800	-1.317900	-0.348600	-1.070400	1.628000	-0.867500	-0.192600	-0.278400	-0.214100	-1.344900	-1.257200	-0.604700	-1.151000	0.000000	-0.422000	-0.516000	-1.120400	-1.368000	-0.214500
141	2.371700	0.966900	-0.745300	0.000000	-0.476900	-0.291200	0.371200	0.462100	2.256700	1.122000	0.172600	0.378800	2.717800	1.044800	3.837400	1.113400	3.646300	3.453500	3.446900	5.549300
142	3.290200	2.065500	0.037000	0.000000	-0.062800	2.710200	1.532700	2.389400	3.749300	1.170700	0.812000	1.558100	4.446800	2.244300	4.621600	2.831000	5.578900	7.715600	3.325300	2.969800
143	0.364500	0.000000	0.032100	0.459600	0.475500	0.907400	-0.608900	0.426800	0.097000	0.236600	-0.281000	-0.587000	0.291900	0.047600	0.508700	0.190000	-0.088200	0.117200	0.019100	0.342700
144	0.000000	2.339400	2.412500	5.028400	4.909000	6.627900	2.178000	3.294900	2.499200	2.508900	2.256000	2.315300	2.369600	2.483600	2.424100	2.098800	3.853300	3.833900	3.844400	2.075900
145	0.969400	0.694800	0.058800	1.339000	1.193100	3.110300	0.099700	0.329000	0.301300	0.723200	-0.050600	0.000000	0.852900	0.256300	1.385900	0.489100	0.638500	0.349700	0.284600	0.546500
146	0.781400	0.863800	0.287600	1.265300	1.295000	0.847000	0.966000	0.000000	-0.238800	0.582500	0.702400	0.549200	0.317900	0.920300	-0.021200	0.019200	1.195500	0.592400	0.072400	1.202600
147	1.971600	1.465000	-0.441500	0.812600	0.550100	3.339300	-0.130600	1.216200	1.530200	1.085900	-0.473000	-0.064000	1.765200	1.622800	2.385600	1.050400	0.601800	0.782200	-0.348300	0.000000
148	6.611300	5.716600	2.069100	5.126100	3.999300	5.976300	5.549600	6.585300	5.754900	5.020500	1.537400	5.323400	7.090500	5.369100	8.085700	6.397900	7.616300	2.445400	0.000000	3.550700
149	3.584400	4.686000	4.816500	4.765100	5.297600	5.956700	5.151700	4.489300	4.293600	5.508900	4.738400	4.936000	2.097500	4.835600	0.000000	3.207100	4.946100	3.959200	3.665300	4.867600
150	3.498900	2.297800	0.609800	1.604700	1.229400	0.898800	2.258400	2.460100	3.540900	2.334100	-0.363100	1.754700	2.279700	1.567400	4.564700	3.775100	0.306700	0.000000	-0.795500	2.035500
151	0.702700	0.000000	-0.091600	0.294900	0.071100	0.211600	0.230000	-0.067800	-0.196000	0.361300	1.102600	0.024200	0.524900	-0.067800	1.724800	0.763000	2.642100	1.636500	1.545700	0.240800
152	1.470300	0.079100	-0.947200	0.212400	0.036400	-0.392200	0.174100	1.889800	0.915800	0.582700	-0.888800	-0.399700	-0.181100	-0.185700	0.000000	-0.318900	-0.524700	-0.700100	-0.921500	-0.389100
153	5.732300	3.865500	0.663700	3.206200	4.440300	6.664800	4.060200	4.296600	4.388500	3.971100	0.000000	3.743100	4.238200	3.019900	4.269900	4.269000	7.343200	9.894100	7.942900	3.418000
154	2.222200	0.803300	-1.247900	0.763500	0.290500	8.006200	4.525300	1.473900	1.466000	1.182400	-0.166700	0.741500	0.747300	-1.229200	1.813400	0.000000	9.086700	4.715000	2.239300	2.855600
155	0.524400	-0.508300	-2.011600	-0.972600	-1.802700	1.316900	-1.236100	0.282300	0.336400	-0.046100	-2.065600	-0.887700	0.000000	-0.292700	0.853400	0.261300	-0.734000	-1.509900	-1.403300	-1.067400
156	5.387100	3.608000	-0.137500	1.446000	0.000000	7.664700	3.549500	3.035600	5.091200	3.493700	-0.003300	3.326600	4.409200	2.181400	4.841400	4.497600	14.454700	9.548300	8.380200	8.584800
157	5.487900	4.059600	1.791400	3.057800	2.324100	6.812300	0.000000	3.711600	4.841900	4.177600	1.923200	4.253900	4.569000	4.385600	8.661400	6.300700	5.396100	4.072900	3.149100	6.354400
158	5.001200	3.295000	0.000000	2.514400	0.835400	9.514300	4.554200	4.277500	3.789200	3.412000	-0.070500	3.425300	4.419300	3.997200	4.752200	4.145900	14.646200	9.790000	6.186000	3.958900
159	2.008000	0.561500	-0.761100	-0.149600	-0.904300	3.520300	-0.337200	0.191800	0.963900	0.822000	-0.947700	-0.425200	0.739500	0.000000	1.631900	0.290600	-0.973600	-0.635000	-0.969200	-0.427600
160	5.228200	3.602900	0.999600	3.076500	2.251100	6.030300	0.000000	2.832000	4.053200	3.623200	1.102800	2.776600	6.064800	3.278900	5.889600	3.583900	10.013800	9.119200	6.168100	5.892700
161	2.347500	0.670800	-1.624100	0.572000	0.225900	3.382900	3.237600	0.422400	1.136500	1.116200	-2.342200	1.713200	0.000000	-0.492300	2.644300	1.455500	8.154100	11.056500	8.636800	6.447500
162	0.375400	-1.244800	0.324200	1.181700	1.900200	6.117200	-0.227300	0.930000	0.000000	0.478500	-1.073100	-0.244200	1.277700	0.603200	3.115500	1.793800	-0.287100	-0.905400	1.275300	1.735200
163	2.300000	1.267300	0.000000	1.472300	0.172100	5.184900	0.782400	1.279600	2.001300	2.089400	0.241400	0.625100	1.579400	1.129800	2.402700	1.837800	0.841900	0.962000	0.898500	1.485100
164	0.959900	-0.249300	4.758800	5.635100	4.584100	3.011100	8.887400	3.990400	0.000000	1.644400	3.156700	7.511200	7.764100	6.060600	8.470500	6.642000	17.116600	14.508500	13.127200	49.290800
165	1.741800	0.206600	-0.723300	2.024900	1.921000	5.179000	-0.706600	0.220400	1.061500	0.579500	-0.864700	-0.707600	1.398100	-0.054600	2.187700	0.000000	0.624300	-0.403600	-0.646400	-0.678100
166	0.658000	-0.165400	-0.566900	-0.023800	-0.395100	3.061500	-0.847800	-0.367900	-0.352100	0.269500	-0.954700	-0.913000	0.000000	-0.544500	0.657400	0.194600	-0.375500	-0.245500	-0.319600	-0.207400
167	1.884300	1.154700	0.000000	0.810400	0.820500	4.567300	0.347800	1.527700	1.723700	1.373900	0.129000	0.090600	1.630700	0.715700	2.469600	0.922300	0.328800	0.516800	0.100300	-0.155000
168	-6.412820	-7.130720	-7.836130	-6.196610	-5.302100	-4.264500	0.407000	-7.615470	-6.114840	-6.703650	-5.368200	-2.337500	2.544400	-2.484900	0.000000	-6.333170	15.709500	7.018800	6.121400	0.827300
169	2.670200	1.459600	-0.063700	1.383900	0.989700	5.628000	1.402000	2.294300	2.533700	1.864700	0.017900	0.763300	2.082200	1.892400	2.891500	2.342600	0.276500	0.357200	0.000000	1.716200
170	1.817900	1.288100	1.077300	1.373200	1.047200	0.000000	-0.307400	1.489400	1.560700	1.118500	0.994400	0.286700	1.077900	1.020200	1.428000	1.125600	0.907400	1.022200	1.059600	1.079200
171	0.000000	3.734200	3.859900	5.120800	4.939900	5.418800	3.267800	5.278800	3.886900	3.825300	3.550000	3.685800	3.756800	3.714100	3.935700	3.784400	3.757900	3.760100	3.756500	3.892100
172	4.248600	3.450000	2.670900	2.126600	1.911100	8.539400	3.257400	2.951700	3.765400	3.491800	1.795100	3.779800	4.052700	3.885000	5.919200	4.432200	0.000000	1.671100	1.838700	2.687000
173	4.200900	3.369700	2.275700	3.678500	2.800500	2.488500	1.583700	3.963000	3.613900	3.695100	1.500900	2.689600	5.119800	3.513600	6.114000	3.673200	3.466800	0.100700	0.000000	1.962800
174	0.597200	0.494800	-0.291900	0.281500	0.221400	5.967200	-0.840700	0.000000	0.163100	0.230300	-0.319800	-0.850700	0.264400	0.175500	0.502200	0.155200	-0.113500	-0.260700	-0.304400	-0.034200
175	1.291000	0.846000	-1.598900	-0.085500	-0.892600	-0.627000	0.852500	0.687100	1.639200	0.005200	-1.172200	0.551500	0.000000	-0.027000	1.160000	0.845800	0.495800	0.633000	0.644500	1.255000
176	0.814100	0.015900	-0.605400	-0.244400	0.032200	7.032900	-1.342800	-0.130700	0.000000	0.231400	-0.493200	-0.277900	-2.251500	0.181900	-1.044100	-0.723500	-0.911100	-0.907600	-1.520700	-0.374800
177	1.462700	0.607600	-1.298200	-0.093900	-1.035900	-0.115300	0.551600	0.933400	1.324300	0.439800	-0.998200	0.000000	1.053300	0.889000	2.417600	1.068800	-1.480200	-0.021000	-0.881200	-0.231200
178	2.078100	1.110700	0.366300	2.199100	1.375800	0.000000	1.399800	2.524800	1.858700	1.555600	0.494100	1.033500	0.201800	1.338100	0.124000	1.868100	0.786700	1.433800	1.281100	2.292000
179	2.250400	1.160000	-0.324500	0.817900	0.000000	-0.167800	1.318200	1.674800	2.066800	1.564900	-0.641900	0.680900	-0.236300	0.600100	1.337400	1.797200	0.160300	-1.174500	-0.919800	1.426200
180	2.224100	0.974800	-1.230400	1.191400	0.546300	3.348500	5.401400	1.366700	2.597000	1.489500	-1.131900	0.998500	1.634900	0.000000	1.367100	1.617800	7.626000	11.143200	1.896800	0.951100
181	1.049000	0.014000	-0.690900	-0.614700	-1.010800	3.051000	3.694100	-0.772100	-0.530900	-0.487700	-2.908100	0.202200	0.219200	0.294600	0.315600	0.000000	6.845200	2.300100	0.833000	1.225000
182	1.493200	0.506400	-1.074200	0.000000	-0.655600	1.299600	0.010400	0.659800	0.620400	0.883100	-0.987700	0.226300	0.226000	0.524800	0.927300	0.437800	-1.730500	-1.617100	-1.049200	0.476400
183	1.914300	0.908900	-0.507300	1.022100	0.542000	4.322200	1.388200	1.966400	0.985800	1.505800	-1.189100	1.061400	0.000000	0.227900	0.993000	1.365700	-1.072800	0.494100	-1.333800	0.778800
184	1.292400	-0.535800	-0.492000	-0.457500	-0.520200	0.283600	4.811400	-0.014800	0.000000	-0.679500	0.224400	5.595200	2.932200	2.312000	1.595200	0.674800	9.852500	10.343600	5.934900	3.700800
185	0.000000	1.037100	14.303500	10.844300	13.770900	10.331000	15.991500	10.800900	6.599700	6.831700	9.843000	15.025800	14.007200	12.362300	13.722900	11.653600	31.015500	22.494000	26.062700	60.932800
186	4.569200	3.461200	1.153500	2.656600	1.541900	7.098200	2.815400	3.774000	4.215100	3.790700	0.390900	2.719400	3.157600	2.306700	3.982100	3.720300	-1.045100	0.650000	0.000000	2.870500
187	5.356500	3.647000	0.308400	1.288300	0.000000	6.106300	3.947900	3.295600	4.726900	3.622200	0.627800	2.593100	3.630800	3.534700	4.928000	4.282000	5.938200	0.809300	2.081100	3.394300
188	6.287600	4.768000	1.624900	3.134500	2.023200	5.277500	3.137000	3.869900	5.131500	4.830200	1.078800	2.233300	5.794900	4.897900	6.478400	5.200300	5.957000	4.071400	0.000000	3.326200
189	2.335500	0.000000	3.245500	0.304300	2.062600	6.660400	7.083200	2.248500	0.684300	1.893300	1.834000	5.567500	4.492300	5.038600	5.724700	7.186800	34.978500	20.783600	16.084300	30.976900
190	5.694200	4.162700	0.000000	1.736900	0.606300	7.883000	5.367700	3.058700	4.619200	3.767000	0.136000	4.311800	4.774800	3.209500	5.540500	4.396800	10.942900	7.907300	5.171600	5.972600
191	3.379700	2.933700	0.917500	0.000000	-0.055300	5.515000	5.255300	2.556900	3.962800	2.254500	-0.668500	3.559100	5.276200	3.822100	5.033500	2.956100	15.375200	10.150200	6.364600	3.600400
192	0.493100	-0.044900	1.462900	1.756500	2.878300	1.208700	4.125700	2.080800	0.000000	0.531300	1.023100	4.530300	4.464200	5.421800	4.232800	4.731300	8.446400	0.545900	3.970400	41.365100
193	3.281200	2.545900	2.382400	3.039700	5.054600	7.030600	3.396900	2.566800	3.698100	2.334300	3.333600	2.562600	4.372100	5.426800	0.000000	0.322100	5.316800	6.323700	3.132000	4.475200
194	2.027300	1.916600	0.844800	1.887200	1.343800	0.199200	1.615300	2.515600	1.810000	1.974400	0.849900	1.337000	2.461600	2.068700	2.374800	1.783200	2.894300	-0.177000	0.000000	2.318600
195	1.406600	1.137600	0.265200	1.428600	0.976300	1.884200	0.364000	0.390700	0.151100	0.884800	0.361300	0.558900	1.091200	0.425800	1.480800	0.000000	0.662400	-0.871200	0.221800	0.640800
196	2.317500	1.492100	0.000000	1.582100	0.553100	2.254000	0.373700	0.852000	1.476300	1.360400	-0.197500	0.491600	1.411600	0.679300	1.408500	1.747000	0.784300	0.455900	-0.035500	1.654800
197	1.389300	1.150500	1.302000	1.387700	1.385300	0.000000	0.923100	1.294100	1.447600	1.273600	1.381200	1.125500	1.415000	1.022400	1.599700	1.494700	1.291700	1.276200	1.295300	1.232500
198	0.050600	-0.093200	-0.653500	0.068100	-0.261300	-0.192500	-0.665400	0.509000	0.327500	0.127000	-0.407300	-0.445900	-0.347000	-0.244000	0.000000	-0.406700	-0.703000	-1.095400	-1.153200	-0.034000
199	1.301300	0.705600	1.144800	0.492400	-0.280400	0.165000	1.816900	1.338300	1.520100	1.222300	0.981600	0.671100	1.496900	0.890500	1.829200	0.000000	2.109100	1.006000	0.736900	0.813100
200	0.237000	-0.035900	-0.156300	0.275200	-0.041000	-0.126900	-0.017400	0.361700	0.304600	0.400900	-0.346900	-0.042500	-0.164300	-0.284000	0.000000	-0.019200	-0.139600	-0.404300	-0.016400	0.509200
201	0.080500	0.017300	-0.155000	0.113300	0.037100	1.746900	-0.350500	0.104200	0.110900	0.213800	1.450500	-0.340000	0.000000	-0.479600	-0.022100	0.117900	0.237600	-0.120700	-0.122400	0.086400
202	1.232300	-0.005100	-0.336300	0.279500	-0.111400	3.403000	-0.406200	0.290200	0.262400	0.117800	-0.883300	-0.496600	0.182600	-0.512200	0.230100	0.000000	-0.362300	-2.060600	-0.905500	-0.070800
203	3.714700	2.397100	7.391200	2.703400	4.691300	0.000000	5.559300	8.306800	3.968200	2.697700	4.258400	6.599700	5.167000	6.120400	5.274800	6.211400	22.943400	18.947000	15.353600	24.465700
204	2.404900	1.483300	0.000000	0.685300	0.341300	1.104100	-0.372500	1.346200	1.846600	0.981600	0.146900	-0.410800	1.297600	0.429900	1.948100	1.377700	0.644300	0.051300	0.057000	0.467200
205	4.707300	2.498000	1.314600	0.000000	0.710400	2.729500	12.153000	2.676800	4.269900	1.425800	1.981700	8.251900	5.995100	4.860800	4.531300	2.502900	28.026200	18.785100	16.825300	28.456400
206	1.228700	0.285600	-1.216400	-1.325800	0.875100	1.396300	0.000000	0.200600	-0.221400	0.302900	-0.937700	0.713100	-1.148000	0.457200	-3.351900	-1.164200	-0.273200	-0.934900	-0.851900	-0.016700
207	2.828000	1.945600	-0.286600	0.670800	0.000000	5.618000	2.164100	1.422000	2.547700	2.168000	-0.743100	0.825500	2.083800	2.084100	2.757800	2.658600	2.322800	2.688800	2.663300	2.383600
208	2.964200	2.239200	1.396200	2.537200	1.985100	0.640600	2.013700	2.591100	2.774000	2.642500	1.009500	1.872000	1.272000	1.657500	0.000000	2.620400	1.588100	1.414800	1.372800	2.347100
209	5.042900	3.199700	1.005900	2.849800	2.214100	1.169800	4.222400	2.750200	3.955800	3.662000	1.388100	3.820900	3.135000	4.517100	4.595500	4.666700	0.000000	4.863100	3.582400	3.742600
210	8.107200	6.280600	2.793100	6.217800	5.778700	10.025200	5.747300	6.764600	6.835400	6.292300	2.991700	5.855000	6.099600	5.724000	7.068900	6.883900	0.000000	3.261600	2.392900	4.279600
211	2.297900	1.154900	-0.437400	0.311700	-0.381900	5.495900	0.517900	0.551700	1.612400	1.327600	-0.362000	0.000000	0.811300	0.797200	2.163400	1.135100	0.347200	0.235600	0.053800	1.423400
212	5.433100	4.070500	2.575300	3.351900	3.033100	7.705700	4.092100	4.446800	5.572600	4.739300	3.082200	3.674300	4.500700	4.008100	5.553500	4.209600	2.411400	0.000000	0.719100	4.558300
213	6.364900	5.031000	2.540800	3.716400	3.547500	8.058400	5.412300	4.587900	5.426200	5.523000	2.285700	5.136100	5.634100	4.496300	6.525900	4.802200	0.000000	3.559000	1.514800	3.904900
214	6.665200	4.880100	2.430900	2.875100	1.747100	7.876700	4.697400	4.999100	6.609400	5.172300	2.261500	4.509800	4.003000	4.397900	6.066300	4.959300	5.674400	0.732700	0.000000	4.019300
215	0.961700	-0.060000	-1.371100	-0.519000	-1.316300	3.343000	-1.994800	0.000000	0.816100	0.240800	-1.420400	-0.728200	-0.035600	-0.383600	1.066000	0.364200	-0.728800	-1.262400	-1.026300	-0.156600
216	1.129500	0.512900	-1.528400	2.079500	1.766800	4.428600	-0.730800	2.117000	1.096100	-0.064800	-1.106700	-0.845600	1.874000	0.553300	2.465100	0.000000	0.904200	-1.223300	-1.566300	-0.897100
217	1.583400	1.602700	-0.089900	2.993200	3.158100	7.344300	5.115800	3.641000	2.647100	1.217700	0.196800	2.414500	0.000000	-0.391200	3.074200	1.488800	4.265500	2.957200	1.045400	-0.801400
218	3.215300	2.160100	9.217800	5.606200	10.842800	11.619000	18.971800	2.106800	0.000000	4.452400	9.621900	15.831900	13.975100	13.023100	9.705000	8.246500	38.574100	30.913600	26.514400	29.820200
219	4.871500	3.415800	1.190400	2.976700	3.623100	2.520200	2.727800	3.905100	4.444100	3.300500	0.452900	2.619400	2.173500	2.682500	4.322000	3.989900	1.034000	1.008700	0.000000	2.565700
220	4.431500	2.970800	9.244700	7.412000	6.599300	0.000000	10.340200	9.041300	4.969000	4.442300	3.014100	8.106000	6.537400	6.522400	8.073800	6.711800	26.353300	19.415200	22.503600	49.505500
221	3.056500	2.083600	0.238700	2.418800	0.978200	3.453600	1.085300	2.743300	3.026000	2.448600	0.033000	1.907700	3.283700	1.788800	3.742700	2.052700	-0.261000	0.000000	-0.555600	1.151800
222	1.807300	1.045600	0.418900	0.883600	0.236400	-0.081200	0.340400	1.537500	1.346900	1.182600	0.311700	0.039900	0.896000	0.646900	1.298500	1.524000	0.284900	0.637800	1.053700	0.000000
223	2.866300	2.082300	0.000000	2.678100	1.171900	2.415400	1.116000	3.409200	2.700600	2.256600	0.544400	0.932100	2.016600	1.220000	2.562400	0.909700	1.631500	0.484800	0.360300	0.552300
224	0.000000	3.485800	3.562900	4.982900	4.721600	7.188100	2.905800	4.985600	3.801000	3.371000	3.386300	2.780300	3.336500	3.136400	3.662500	3.456500	3.348600	3.301000	3.456900	3.651300
225	7.112400	5.687100	4.471800	6.200900	6.941500	12.738600	6.365100	6.942700	7.049500	5.857100	3.147000	4.459900	7.203700	6.382500	6.314100	6.447300	0.000000	2.215800	1.913400	4.510200
226	2.197300	1.276700	0.430600	1.303100	0.364200	2.535900	1.438600	2.856600	1.034600	0.263200	-0.416900	0.435600	1.494300	1.376500	2.582200	1.171600	1.690100	1.826600	1.565000	0.000000
227	3.823800	2.797600	2.001200	2.380500	2.286300	0.000000	1.289000	4.191400	3.209000	3.385600	1.948000	0.504800	5.259300	2.961400	5.939400	3.484500	8.800000	7.531400	8.001200	70.116200
228	3.593300	2.632800	1.601700	2.017300	2.044300	0.000000	4.256400	2.965600	3.382300	2.845400	1.897800	2.753600	2.717700	4.012600	3.277800	3.485100	4.542000	4.191400	3.556200	4.865900
229	0.700300	0.045200	-1.478800	-0.961300	-1.320000	0.916600	-2.405500	-0.333500	0.000000	-0.589900	-1.842400	-1.536600	-0.226400	-0.919300	0.038200	-0.621800	-0.572300	-0.599700	-1.191100	-0.624800
230	0.594900	1.225800	1.294000	1.779000	1.937500	0.000000	1.266600	1.665800	1.098800	1.399100	1.352200	1.312700	0.927100	1.124500	0.713700	1.083800	1.571500	1.277100	1.258500	1.430800
231	1.169800	0.000000	0.606500	-0.513100	-0.208800	-1.277900	-0.632400	0.520500	1.047900	0.351400	-0.491100	-0.443100	-0.174900	-0.109200	1.291100	0.673600	-0.407400	-0.403500	-0.623200	0.715900
232	3.908200	2.354900	0.902600	0.781600	0.484000	2.986500	0.000000	2.639200	3.077300	1.816900	0.628500	0.878900	4.303400	1.531200	4.700700	2.235100	3.530200	4.593000	3.024600	1.790600
233	0.469600	0.336700	-0.429000	0.287700	0.277500	0.050700	-0.146100	0.736900	0.108600	0.354100	0.098300	-0.060600	0.000000	0.071400	0.553500	0.304900	0.113900	-0.274700	-0.287200	0.580200
234	0.727400	0.497100	0.270500	0.738600	0.000000	0.420200	0.945600	1.044900	0.251700	1.650200	-0.404600	1.121500	1.279500	0.388700	0.528800	-0.073900	-1.265300	0.247800	-0.114300	1.817300
235	1.075600	0.684900	0.398000	0.922800	0.601900	0.869600	0.821200	1.092000	1.311000	1.453400	0.424800	0.561900	0.000000	0.280600	0.630300	1.207600	0.406400	0.555000	0.497200	0.958000
236	2.364100	1.262900	0.427000	1.800400	1.482500	0.623200	2.354000	1.384600	1.153400	1.874800	-0.343000	1.180900	2.480600	1.951000	1.380400	2.381800	1.090400	1.023800	0.000000	1.812500
237	3.561300	1.982600	-0.890700	0.000000	-0.430500	1.898800	1.125900	2.071300	2.865200	2.267700	-0.422000	1.048800	2.703500	1.497400	3.643100	2.174600	6.015900	5.017700	2.690600	2.965500
238	0.469200	-0.232000	-1.768800	-0.846700	-1.356200	2.066500	-0.652000	0.000000	0.279300	-0.110500	-2.406200	-1.156300	-0.875200	-0.694500	-0.007200	-0.003800	-1.230000	-1.493600	-1.825100	-0.385500
239	0.655500	0.019500	-0.259600	0.645300	0.127600	2.483800	-1.331800	0.050600	0.000000	0.712700	-1.008900	-0.369000	0.041200	0.001700	0.331900	-0.003600	-1.126500	-0.536600	-0.439000	0.438200
240	1.961700	0.000000	-0.250100	-1.142200	0.280300	2.902600	3.200100	-0.091500	0.556700	-0.018000	1.173500	3.957800	5.572500	4.181000	2.247600	-0.006800	8.817500	2.760500	2.356300	24.399000
241	0.293000	-1.335100	-2.588800	0.824700	0.730800	3.763800	-1.606900	0.578200	0.000000	-0.705900	-3.478700	-2.074400	-0.455200	-1.257300	1.451600	0.295900	-1.360400	1.787400	-1.017800	0.582000
242	0.619400	0.021100	-0.075200	0.652100	0.324400	4.191200	-0.014200	0.741400	0.000000	0.754900	-0.420900	-0.152700	0.072600	-0.312100	0.381800	0.465800	-0.662200	-0.078300	-0.135400	0.483200
243	1.343600	0.000000	-0.642000	4.672900	0.647900	4.143800	-0.492400	1.045400	1.046200	0.789600	-0.609400	-0.316000	0.084900	-0.300600	0.740200	0.602100	0.032100	-0.228900	-0.350800	0.568400
244	3.932900	2.250800	1.936700	0.000000	-0.532800	6.629500	11.651700	2.124600	3.106500	2.323100	1.065500	4.711600	3.768700	4.181800	4.577300	3.116000	29.376300	21.352600	13.275700	10.512900
245	2.654700	1.650200	0.000000	1.735700	1.266500	3.774800	2.614500	1.924500	2.178000	2.127700	0.056800	2.329500	0.353100	1.966700	1.461300	2.011600	9.103800	4.334000	4.134600	3.722300
246	-0.234300	0.000000	-0.730900	0.735300	0.602600	2.896200	-0.559600	0.295200	-0.618800	-0.493800	-0.248100	-0.457100	0.085800	-0.156600	0.733300	-0.311300	-0.315200	-0.577300	-0.604000	-0.935900
247	1.338900	0.000000	3.811900	2.309700	2.477300	7.843900	1.154300	3.039100	0.236200	1.118400	0.027600	0.861400	1.447200	0.637800	4.340400	1.910900	12.916600	11.055800	13.957900	28.434500
248	0.056200	-0.150100	-0.003400	0.057600	0.095100	-0.791600	-0.390500	0.004000	0.000000	0.059500	-0.011600	-0.488800	-0.708500	-0.258000	0.123600	0.164500	-0.045900	-0.333900	-0.366400	0.058300
249	1.750900	1.271700	-0.554700	0.000000	-0.583000	1.044500	1.046100	1.043900	1.942400	0.774600	0.098100	0.353800	1.089200	1.336400	0.741500	1.381100	0.419100	0.418700	0.397700	1.351900
250	-0.377300	-0.288700	-0.161000	0.046100	-0.021800	-0.675600	-0.498600	0.000000	-0.161100	-0.261000	-0.265700	-0.316700	-0.059300	-0.546900	-0.028500	-0.255000	-0.177900	-1.723600	-0.793700	-0.136100
251	1.801700	0.791400	0.408500	1.879100	1.798500	4.866100	-0.994600	0.401300	0.000000	0.253900	-0.036400	-0.311400	0.956400	0.368200	0.452500	0.284800	-0.326800	-0.032600	-0.098700	0.265800
252	1.171500	0.686400	-0.954400	-0.615200	-1.165600	-0.159000	-0.521500	0.000000	0.485700	-0.402000	-1.292300	-0.753700	-0.282200	-0.653600	0.531800	0.386600	0.520100	-0.710100	-1.165400	-0.009900
253	2.827900	1.883800	0.978400	2.374000	2.173600	0.000000	0.947700	3.248200	2.631400	2.317100	0.848100	1.486000	2.627000	2.229300	3.250900	1.881400	1.052300	0.276700	0.516000	2.136500
254	0.308100	0.565600	0.720400	1.021100	1.190200	-0.549000	0.367400	0.656400	0.000000	0.793800	0.824400	0.171900	0.169500	0.462800	-0.174000	0.196400	0.944600	0.730300	0.782600	0.849500
255	-0.506400	-0.470100	-0.842700	0.860200	1.568200	3.053400	-1.140900	0.597100	0.000000	-0.553700	-0.493200	-1.162400	-0.430200	-0.701200	-0.029300	-0.743200	-0.638200	-0.626500	-1.037300	-0.660200
256	4.761000	3.692800	0.000000	2.758000	2.265800	3.431900	3.370000	2.487700	3.968200	3.074700	0.777400	3.766900	4.770800	2.382600	4.844100	3.221800	3.803800	3.619100	3.594500	4.314800
257	3.322800	2.306500	2.168300	2.367800	1.621700	0.000000	2.006600	2.679000	3.299600	2.093500	2.342900	2.147600	2.874000	2.899100	2.966500	2.108200	2.487600	1.656100	1.459100	3.237600
258	0.122900	-0.141400	-0.045500	-0.042600	0.088000	-0.982800	-0.127500	-0.080100	0.000000	0.065100	-0.021300	-0.074300	-0.831300	-0.361500	-0.072400	0.092800	-0.084200	-0.102100	-0.117300	0.000500
259	0.000000	2.902300	2.441000	3.951400	4.362300	5.339800	2.600000	3.785800	2.676400	2.707600	2.686400	2.218400	2.380100	2.633100	2.281900	1.924600	2.744100	2.390700	2.383600	2.522400
260	2.049000	0.000000	1.835300	1.769400	3.879200	1.221300	3.788200	-0.467200	0.344400	1.091900	3.249800	2.839400	3.218100	2.742700	6.206700	2.483100	8.326300	7.568200	9.169700	40.527100
261	2.033200	1.644600	-0.458400	0.963800	0.000000	1.393900	0.307100	1.262900	1.908100	0.946800	-1.001200	-0.003700	0.672100	0.628100	1.807500	1.608400	0.630200	0.999100	0.572400	1.548100
262	0.000000	2.810800	2.583400	4.369000	3.990300	8.379100	2.486900	4.186400	2.990300	2.637500	2.418400	2.434700	2.566800	2.597600	2.637100	2.624700	2.479400	2.487800	2.481500	2.847900
263	0.704700	0.561900	-0.334600	0.865600	0.416900	0.000000	-0.135200	0.426800	0.272300	0.416200	-0.494800	0.084500	-0.096300	0.216700	0.239300	0.491200	-0.096000	-0.191600	-0.334200	0.533400
264	0.000000	-0.375200	1.710600	0.764700	1.678900	1.200800	7.114500	0.647500	0.630500	1.634300	-1.081200	5.223800	2.727200	4.111800	5.987000	3.473900	15.998400	7.144600	4.080400	42.470400
265	0.309000	0.000000	0.068700	0.620300	0.457500	-0.791700	0.178800	0.477200	0.280700	0.293000	-0.150000	0.173700	0.031500	0.216100	0.207600	0.343900	0.097000	0.184000	0.181800	0.407400
266	0.966700	0.824600	0.597400	1.137600	0.812800	0.363600	0.382800	0.775700	0.648700	0.828300	0.166600	0.735600	0.000000	0.448200	-0.012500	0.642900	-0.066900	0.314000	0.100300	0.821800
267	1.388800	0.000000	-2.336500	-0.636700	1.171000	-1.230200	1.710000	1.174500	1.172800	0.584100	-0.669600	2.961100	1.564600	0.669800	1.133400	2.129400	1.868500	1.167000	-0.073600	1.685000
268	0.304500	0.018600	-0.265100	0.000000	-0.182400	1.556400	-0.443400	-0.007000	0.084400	-0.007400	-0.382500	-0.684500	-0.288100	-0.186800	0.321800	-0.024600	-0.223600	-0.512100	-0.347300	-0.064500
269	1.930700	1.323600	1.102200	0.396000	0.352200	0.000000	0.899200	1.358900	1.799200	1.178900	0.352000	0.554500	1.087400	0.855300	1.634700	1.838000	1.383700	1.341600	1.296500	1.457900
270	3.204000	2.241700	0.000000	1.535900	0.758500	2.180900	0.201800	2.067300	3.080100	2.102000	0.607200	1.040100	2.340300	2.178000	2.861100	2.872300	2.005100	2.585700	1.335800	1.768400
271	0.809300	0.654100	0.754800	0.905600	1.003400	2.101300	0.104900	0.177800	0.000000	0.540000	0.541000	0.411900	0.422000	0.294900	0.823400	0.242700	0.565900	0.710300	0.693300	0.719800
272	5.652700	4.524400	2.452100	3.355400	2.781400	5.805900	4.166500	4.347700	5.395300	4.146100	1.403600	4.085100	5.831200	4.229900	6.018900	3.846200	1.927500	0.996600	0.000000	2.974400
273	0.565000	0.000000	-0.065600	0.267700	0.021500	-0.996200	-0.022700	-0.630500	-0.406100	0.289800	-0.559700	0.015100	-0.410100	0.204800	-1.065900	-0.219400	-0.036900	0.100800	0.009500	0.361600
274	0.032200	-0.168300	0.002900	0.227800	0.121900	-1.068500	-0.637700	0.176500	0.000000	0.117700	0.071700	-0.175100	-0.665900	-0.344800	0.170500	0.132800	0.014500	-0.159100	-0.168200	0.231100
275	0.060100	-0.270700	-0.461400	-0.128100	-0.308600	-0.071700	-0.575600	0.000000	0.006900	-0.121900	-0.605100	-0.476500	-0.684800	-0.580600	-0.068400	-0.018800	-0.019900	-0.170700	-0.176300	0.156100
276	1.894100	1.215500	0.082700	1.089900	0.626900	3.183800	0.643700	1.469000	1.576900	1.127600	0.000000	0.417600	0.947600	0.622100	1.168800	1.152700	0.569000	0.883200	0.478900	1.068500
277	0.473200	0.112700	-0.355600	0.119600	-0.017700	-0.553900	-0.686700	0.000000	0.087700	0.130700	-0.353400	-0.693300	-0.282300	-0.432500	0.494500	-0.206300	-0.292100	-0.454400	-0.555800	-0.540700
278	2.366500	1.198300	0.031500	2.647500	3.082100	0.000000	-0.735000	2.470000	1.535900	1.326800	0.774500	-0.406600	2.464800	1.266300	3.631100	0.951900	0.955000	0.479200	0.279800	0.146500
279	2.201900	1.143800	-0.005500	1.601600	3.457400	1.513600	0.043600	3.082300	1.247100	1.112700	-0.062600	0.431900	0.887900	0.509700	2.328400	0.676200	0.346900	0.312400	0.000000	0.242700
280	0.971000	0.351900	0.000000	0.264500	0.469700	-1.246600	0.099200	0.677100	0.679200	0.792600	0.062500	0.268700	-0.330100	0.300100	0.668100	0.814800	0.518200	0.308900	0.213900	0.821400
281	2.329600	1.917800	0.000000	1.412100	0.580000	0.988900	0.146700	1.800800	1.990900	1.728300	-0.146200	0.103900	1.976800	1.173600	2.495200	2.296500	0.717500	1.229000	0.234300	0.411800
282	1.077300	0.000000	1.325500	-0.742900	-1.017100	-2.118000	0.729600	-0.266400	0.453100	0.269800	-0.811700	0.702200	1.367500	1.486500	1.017700	0.771900	4.293400	5.710200	5.024400	4.848300
283	-0.001700	0.046200	-0.568200	0.091500	-0.092600	-0.518800	-0.519400	0.000000	-0.011700	0.038100	-0.781200	-0.480700	-0.274500	-0.453200	-0.340200	-0.224100	-0.744100	-0.635800	-0.721500	-0.014800
284	1.959400	1.074000	1.064400	1.280900	1.194400	0.416500	0.677300	1.809200	1.563900	1.543800	0.795100	0.885300	0.660200	1.094300	1.919600	0.000000	0.374300	0.672200	0.336700	0.658100
285	0.645700	0.000000	-0.773100	0.286600	-0.429700	-0.675600	-0.737800	0.793000	0.355400	0.211800	-1.408600	-0.568400	-0.725500	-0.350800	0.118900	0.278800	-0.183200	-0.588800	-0.761000	0.187000
286	3.573700	2.013300	4.448500	1.755800	3.384600	0.000000	6.902400	2.810400	2.859500	3.065600	2.555800	7.181000	4.613000	4.400200	4.783500	3.695900	27.699500	22.269800	23.571600	47.331200
287	2.494800	1.993300	1.509900	2.092300	1.755000	2.880300	1.226100	2.529200	2.448100	2.162700	1.337300	1.463000	2.585700	1.948600	2.958000	2.522700	1.468300	0.000000	0.705300	2.513600
288	1.695300	0.749300	-0.032600	0.225800	0.629600	1.963400	0.598600	1.019200	1.112700	1.001500	-0.559200	0.358500	2.084900	1.444500	2.446900	1.913100	0.575400	0.000000	-0.177900	1.014300
289	1.025300	0.000000	0.198300	0.372100	1.953100	-2.745300	-0.273700	0.159300	0.242100	0.030400	-0.548200	-1.269800	1.574500	-0.259400	2.489800	0.975600	1.712000	1.337600	0.222300	2.262700
290	0.525000	0.563500	0.153000	0.596500	0.329900	1.123200	-0.267100	0.061400	0.128700	0.568800	0.161000	0.027200	-0.252100	0.000000	0.542200	-0.054000	0.472400	0.363700	0.355100	0.536100
291	1.530100	0.226000	0.060300	0.333400	0.315700	4.393400	-0.073700	0.167800	0.084100	-0.089400	-0.193500	-0.029400	0.052500	0.050200	0.000000	-0.024300	0.092100	-0.088600	-0.109100	-0.138200
292	-0.290100	0.900100	0.920200	1.411900	1.533000	0.000000	0.637300	1.276800	0.382700	1.342100	1.167400	0.775200	1.123000	0.902000	0.623600	0.920700	0.993400	0.830500	0.896700	0.905500
293	-0.524600	-0.584300	-1.392200	-0.081900	-0.648400	-1.766000	-0.894600	0.000000	-0.356300	-0.464600	-1.056000	-0.955500	-0.436800	-0.595600	-0.099700	-0.193300	0.035600	-0.283400	-0.381700	-0.058000
294	2.597200	1.876600	0.000000	2.170700	1.597900	0.696700	0.976600	1.815600	2.385600	1.890200	0.600500	-0.278600	4.928900	2.107200	3.740000	2.874000	4.332100	6.746100	2.064200	3.692500
295	0.000000	0.636400	0.425900	1.842900	0.681200	1.344400	-0.191700	0.775100	-0.045800	0.769900	0.290100	0.260700	0.825700	0.339600	1.031500	0.144300	0.822000	0.691500	0.664800	0.744400
296	2.281000	1.355100	0.591100	1.394500	1.162900	0.000000	0.563800	2.120600	1.963600	1.756700	0.471100	0.609000	0.762400	0.688500	1.969400	1.067500	0.909200	0.669900	0.623600	0.934700
297	-0.192500	-0.584300	-1.028500	-0.724900	-1.206900	-0.617200	-0.271000	-0.225300	0.504300	-0.609900	-1.520000	-0.443000	-0.091200	-0.484300	1.399300	0.000000	-0.981700	-1.376900	-1.537900	-0.169900
298	2.080200	1.566200	1.018000	1.763600	2.057800	2.294600	2.103400	2.477500	1.964900	1.853100	0.892200	1.809400	1.041400	1.669900	0.000000	1.535600	0.780000	0.765300	0.543300	1.232000