SITE	GLY	ALA	LEU	VAL	ILE	PRO	ARG	THR	SER	CYS	MET	LYS	GLU	GLN	ASP	ASN	TRP	TYR	PHE	HIS
5	-0.157600	0.106400	0.448100	0.491200	0.568100	0.428300	0.229100	0.000000	-0.176000	0.239200	0.285700	0.235600	0.329600	0.287200	-0.426600	0.313800	0.293000	0.359900	0.403700	0.382100
6	0.144200	0.234900	0.126200	0.200800	0.307300	1.787700	0.012200	0.000000	0.188800	0.161600	0.208100	-0.180700	0.179700	0.041200	0.359800	0.275000	0.062800	0.033100	0.018600	0.282000
7	4.446900	3.517200	3.465800	3.242900	2.323900	3.488600	1.885100	2.367100	3.521800	2.828100	1.580500	0.000000	4.918900	3.085900	4.726700	4.067500	4.051000	4.139800	3.867300	4.732600
8	0.646000	0.000000	-0.235400	0.371500	0.263400	-1.239500	-0.578000	0.802000	0.627700	0.330200	-0.644200	-0.112600	0.390600	0.002100	0.673600	0.394600	0.031000	-0.415500	-0.252000	0.301800
9	0.148700	0.215600	0.186300	0.810100	2.256000	-0.711600	0.170400	0.739400	0.163700	0.121200	0.130600	0.287900	0.338800	0.309300	0.038300	0.000000	0.210500	0.054100	0.108300	0.183800
10	4.475700	2.944100	0.724200	0.764500	0.000000	6.961100	1.141900	2.131800	3.709400	2.035900	1.054200	0.881000	4.067000	2.500900	4.331600	2.603000	2.754600	0.271000	0.669100	2.245000
11	3.140600	1.486500	-0.157100	0.754400	0.511400	2.695600	0.114800	1.951700	2.658500	1.388100	0.118700	0.000000	1.423400	0.915000	1.564100	1.626800	0.989300	0.098700	-1.108700	0.991800
12	6.422800	4.933500	0.000000	3.009500	1.928200	8.361400	8.348500	2.313200	4.786800	3.790500	0.109200	4.436800	5.450300	3.348300	6.342600	3.516700	7.914300	7.221700	4.242100	3.972200
13	6.503600	4.728100	0.387000	1.765000	0.542500	7.161800	4.814900	3.929600	6.113300	4.138700	0.957800	5.013800	5.824600	4.568000	6.650400	4.972000	4.252100	2.443600	0.000000	3.709900
14	1.951000	0.133000	-1.521900	-0.875100	-1.479300	3.872800	4.527700	0.465900	0.000000	-0.744800	-0.344100	0.793700	-1.377700	-1.043400	2.069500	0.592100	5.122900	4.127000	3.657700	2.556500
15	7.172600	5.543600	1.592800	2.608800	1.265300	5.449600	5.090600	4.652200	6.580200	4.496000	1.246900	3.966900	6.125400	4.830300	6.606600	5.337500	3.716100	1.170700	0.000000	4.017100
16	2.947600	1.628400	0.335700	-1.281100	-0.547200	4.235100	6.641100	0.000000	1.843600	0.300600	-1.075200	2.035700	3.035900	0.947600	1.356800	0.609500	9.780000	6.006900	1.100200	19.999900
17	1.229100	0.774100	-0.602700	-0.342200	-1.038800	-1.376100	-0.154500	0.859700	1.499600	0.590200	-0.690900	-0.625400	0.000000	0.648700	-0.782700	-0.590800	-0.205800	-0.500600	-0.770500	-0.153900
18	3.205800	1.648200	-0.963300	0.000000	0.717700	3.474600	6.614500	1.302900	2.707100	1.590000	0.045700	5.074100	3.857600	3.590600	4.159600	2.812200	20.462800	11.616100	8.130400	9.116300
19	1.642700	0.941200	0.709700	0.865300	0.736200	0.668200	0.975500	1.703300	1.152000	1.310100	0.421600	0.872300	0.600900	0.799700	-0.999000	0.000000	2.598200	1.205500	1.939500	2.084300
20	0.508400	0.491600	-0.333800	0.538900	0.111800	2.199200	-0.363700	0.184900	-0.184300	0.612500	0.365000	-0.543400	-0.092800	-0.584900	0.000000	0.041500	-0.127600	-0.446800	-0.581100	0.241800
21	2.599400	1.995200	1.188900	0.666200	0.056900	5.128800	5.308000	0.000000	1.678300	1.632200	0.367800	0.907900	3.051600	2.317700	5.462100	3.010300	9.388700	6.128000	5.301800	7.985600
22	2.074500	1.424800	0.371900	1.944400	2.966700	1.407200	1.783800	1.426400	1.609000	0.434200	0.547200	1.844000	1.413000	2.500000	-0.819500	0.000000	11.448900	12.318800	8.074000	38.152030
23	5.401300	3.663200	3.083200	1.410900	1.840800	0.000000	7.277300	3.058100	4.308700	3.092900	2.756400	6.308100	3.303600	3.956600	5.887100	4.960600	18.810000	17.386700	15.750800	24.299710
24	4.132300	2.437500	0.000000	3.048300	2.403500	0.676600	0.130600	3.466900	2.928900	2.339500	0.418100	0.442500	2.148200	1.944400	4.178200	2.747700	5.318300	7.809100	6.257000	5.418100
25	2.409800	0.768100	-1.698200	-0.907200	-1.700900	2.691700	2.518100	0.981300	1.545700	0.891400	-0.573600	0.674900	0.943700	1.135300	3.557500	0.000000	5.417800	1.837600	-0.281400	0.856000
26	3.493200	1.536700	-0.787000	1.073800	1.483200	4.822700	-0.122600	1.636300	2.101300	1.425800	-0.841800	0.320100	0.592300	0.864200	1.186800	0.000000	2.814900	5.448100	1.533100	3.501700
27	2.675400	2.454700	0.000000	2.573000	1.687700	5.502100	1.655600	1.124800	1.941600	1.903500	0.500800	1.188000	3.243700	1.280500	4.118400	2.256000	3.502000	4.539800	3.865600	5.133300
28	0.874700	-0.332000	-1.382200	-0.348400	1.500800	-1.407000	0.738800	-0.897500	-0.573500	-0.472400	-1.791400	-1.092900	3.106800	1.254700	0.375500	0.000000	14.179300	10.943700	4.947300	9.564200
29	6.984300	5.353800	1.755400	2.631500	1.707600	5.816500	4.732800	4.661400	6.254700	4.698800	1.458600	2.934600	6.415800	4.475900	6.602200	4.952200	4.074200	2.363800	0.000000	4.006600
30	1.053700	0.601500	-0.890100	-0.864700	-1.208300	3.793000	-1.316700	0.000000	0.682600	-0.095400	-1.570000	-1.194400	0.020400	-0.411500	1.692100	0.283100	0.061600	-0.401800	-1.117700	-0.170800
31	5.688700	4.261100	0.000000	2.941700	3.707500	4.860600	5.972500	3.875200	5.471700	3.286800	0.567400	4.297700	3.180800	1.817700	5.528100	3.503400	17.269200	9.045400	4.484500	6.593500
32	1.536200	0.860900	-0.137500	0.883100	0.243400	5.569100	0.107700	2.103300	1.517100	1.406900	0.423700	0.000000	0.840800	0.076000	1.589300	0.968800	0.498000	0.023900	-0.209200	0.804400
33	-0.093600	-0.630600	0.081700	0.809300	0.953700	2.837400	-0.366800	0.915000	0.347800	0.343600	-0.004600	-0.507500	0.264000	0.062600	0.863900	0.000000	1.170800	0.588400	0.372500	1.039900
34	1.059200	0.014600	1.990600	0.554800	0.185600	0.768300	4.889000	-0.013500	0.000000	0.139400	-0.054400	-0.650100	4.411400	1.699900	3.767800	1.601500	16.243900	0.763100	0.513000	4.158800
35	0.000000	3.228200	2.833100	4.768200	4.417600	8.700600	2.283800	4.151800	3.244500	3.159400	2.600900	2.067100	3.105500	2.736400	3.348300	2.482000	3.338100	3.656200	3.595000	2.602300
36	1.969000	0.947000	-0.115400	1.225200	1.001100	1.706800	-0.380200	0.938900	1.111300	0.760600	-0.344000	0.000000	0.865800	0.483000	1.528300	0.720200	0.091600	0.042800	-0.184900	0.093800
37	2.586900	1.926300	0.037600	0.599400	0.085100	0.000000	2.485900	1.404400	1.922400	1.369500	0.138700	1.266500	2.180500	0.985900	2.580800	1.189900	5.077900	4.238500	2.922500	13.739000
38	5.435600	3.886300	0.000000	1.485100	1.580300	7.826000	6.290700	3.221600	5.249700	3.802900	0.183200	3.159400	4.894600	3.030800	5.414200	4.489200	14.878500	12.537300	5.617200	3.378800
39	3.650900	2.415900	0.486900	0.000000	-0.927100	1.413500	5.378900	1.364900	2.850500	1.793900	-1.031600	1.008700	2.906200	1.470100	4.268000	2.279200	3.758700	0.568100	-0.610300	0.393400
40	3.476000	2.850800	1.645000	1.993300	2.693700	5.510600	3.128300	2.110300	2.915400	2.990000	2.448600	1.785900	1.367900	1.913100	0.000000	0.574600	4.232000	2.946800	2.089100	3.185200
41	4.273800	2.484900	-0.801200	2.300400	0.148600	4.369800	2.475800	1.223300	2.500200	2.035800	0.000000	2.617500	4.207100	3.069000	4.414800	2.275000	5.829600	2.770600	2.039900	2.031100
42	5.635000	3.682400	-0.338600	0.000000	-0.091800	6.473900	10.740300	2.866700	4.971400	2.840100	1.711200	4.987200	5.137000	4.628300	4.347600	2.485000	6.349400	2.445900	1.609200	10.179000
43	5.711900	3.681000	1.408500	0.000000	-0.525900	5.011400	10.666700	2.452200	3.757100	2.634600	0.246200	3.461900	4.527800	3.951200	4.859400	2.634400	18.174000	3.968800	1.915900	4.293700
44	5.956700	4.746800	0.000000	2.904200	1.573300	5.228300	3.978900	3.803100	5.567200	3.626500	0.304100	4.030200	5.152400	3.848600	5.369600	4.179100	8.060900	4.216500	1.630600	4.061300
45	3.621300	2.363000	2.201400	0.872900	1.148900	6.858300	1.438100	1.814100	3.267400	2.155700	1.306500	1.005900	4.306400	2.906200	3.714300	2.554100	1.046300	-1.027000	0.000000	1.943300
46	-0.627600	0.964100	4.491700	4.746700	10.353000	-0.755600	4.433700	1.413200	0.000000	1.596100	1.874700	3.273700	4.935000	4.333700	4.096000	1.970100	3.410700	1.726300	1.778700	2.486600
47	1.087700	0.000000	5.193700	1.442500	0.976100	-0.762000	5.422800	2.847300	-0.140500	0.247400	0.670200	3.833700	5.062300	4.223000	5.117400	3.227000	12.341400	6.692400	9.447100	23.180300
48	0.316800	0.049300	-0.230500	1.241700	2.787300	4.056800	-0.103500	0.614500	0.310500	0.248100	-0.457800	-1.070300	1.383400	0.805300	2.649400	0.000000	-0.090400	-0.788500	-1.257500	-0.332400
49	4.384500	3.177500	1.170000	1.130000	0.000000	5.006900	7.361700	2.705600	3.938600	2.709400	0.095800	2.250500	4.590000	2.248300	5.078300	2.929500	9.724400	7.648100	3.500900	10.560500
50	0.283200	-0.147100	0.216300	0.881100	1.815700	2.527500	-1.187400	0.248500	-0.157100	-0.105500	-0.270000	-0.340900	-0.279900	-0.363000	1.617300	0.000000	6.096300	2.129800	1.935000	5.199300
51	4.968800	3.564900	1.864100	2.359000	2.062800	7.488500	3.190000	4.095500	4.822400	3.380600	1.611900	2.562400	4.509200	4.078400	5.153300	4.134800	2.066200	0.000000	1.061500	1.772000
52	2.189000	1.326400	-0.079000	0.627200	-0.344500	4.011200	0.875300	1.444400	1.972700	1.254200	0.383600	0.731800	0.916500	0.449300	0.000000	0.636900	0.816100	0.872900	0.813800	1.601900
53	0.404100	0.000000	0.155300	0.396800	0.302600	-1.566000	0.119000	0.435700	0.444300	0.565200	0.142100	-0.079800	0.244500	-0.050500	0.508000	0.523200	0.531600	0.401600	0.380000	0.816200
54	0.123500	0.000000	0.026700	0.176500	-0.009300	0.341900	-0.718600	-0.360200	-0.127100	0.159600	0.334300	-0.683000	-0.211100	-0.441600	-0.111800	-0.404500	0.147600	-0.276000	-0.313500	-0.241200
55	0.788200	0.529200	0.329200	1.626000	1.150800	0.651000	0.021000	1.721600	0.607000	0.983700	0.620500	0.133500	0.670900	0.025200	0.409100	0.000000	0.786400	0.283600	0.282100	0.314600
56	1.907700	2.335500	2.548700	3.916300	4.159200	4.998500	2.151200	2.829300	1.793100	2.049400	2.812100	1.861200	1.542700	1.849800	0.000000	1.378700	3.988700	2.663900	2.684700	2.193100
57	1.915900	1.070400	0.388000	0.615300	0.136700	4.993200	-0.161800	1.170100	1.062900	0.922600	0.160900	0.000000	1.004800	0.508500	1.557900	0.670400	0.568000	-0.338900	0.215800	0.779600
58	4.308500	2.419500	2.228600	0.000000	1.897300	1.809600	7.479000	1.003900	2.377700	1.932500	2.372800	8.898200	4.344600	4.136200	2.472200	3.533300	23.576300	22.445800	13.620900	24.930780
59	1.773500	1.263800	0.658000	1.352600	1.336900	4.107400	0.921900	1.561500	1.354800	1.262200	0.475100	0.326100	1.467100	1.602100	3.294300	2.004400	1.774900	0.319200	0.000000	1.298200
60	3.310500	2.402200	-0.806100	0.000000	-0.115000	1.434100	4.194600	1.134700	2.799800	1.583300	0.319200	1.635800	3.427500	1.489700	4.134200	2.550600	6.047000	3.281800	2.315800	2.678200
61	0.087600	-0.661900	-2.188400	0.496600	2.363800	5.196600	-0.978700	-0.249500	0.000000	-0.794500	-1.868200	-1.362500	-0.576000	-0.709500	-0.528900	-1.092700	-1.620500	-1.319900	-1.430900	-0.309600
62	2.179600	0.927100	-2.553800	-0.717000	-0.009600	1.941700	-0.149000	-0.508300	1.376900	0.163900	-1.979900	0.139600	1.346700	0.763000	1.894100	0.000000	-0.641700	0.765400	-1.320700	0.290100
63	1.839700	2.234600	2.319200	2.395100	2.642300	0.189300	1.112700	2.532300	1.769400	2.423800	1.793300	1.542600	0.751600	2.299700	-1.784100	0.000000	2.806900	2.173300	2.505200	2.641400
64	1.985200	1.529100	1.523300	1.708100	1.359900	0.000000	1.613300	1.783500	1.840300	1.980100	1.217300	1.538300	0.283900	1.097100	0.684900	1.927200	1.521600	1.019600	1.578900	2.045300
65	2.303700	0.951700	1.004000	2.563200	2.390500	0.090200	1.585100	1.836500	1.301300	1.442800	0.282800	1.215900	0.426200	1.258000	0.466600	0.000000	1.956800	0.689000	0.583600	0.891900
66	3.078800	1.803500	-1.733200	0.000000	-0.308600	0.893100	5.698400	1.838000	2.906100	1.882100	-2.319400	2.333400	3.203800	0.699000	2.712600	1.759500	7.245100	1.914100	2.763500	7.114100
67	1.308900	0.265000	-0.071100	1.315700	0.767900	6.498300	-0.120800	1.082700	0.441400	0.749500	-0.868900	-0.462300	0.197400	0.000000	-0.025100	0.660300	0.395500	0.273100	0.278100	0.705600
68	2.076900	0.937400	-0.201600	1.059600	0.577300	6.910700	0.583200	0.973200	1.518800	1.391700	-0.033500	0.194200	0.890000	0.960100	1.791900	1.039300	-0.600100	0.112200	-0.304400	0.000000
69	5.428200	3.575400	0.000000	1.310700	0.124100	5.962800	7.111200	2.430800	3.946600	3.541700	0.000700	4.830500	4.638800	3.301000	5.244800	3.583200	10.485500	4.769600	4.898900	9.969900
70	5.151200	3.608000	0.000000	3.671100	7.239500	6.173200	5.917400	2.852100	4.374300	3.672800	-0.313300	2.279200	4.480400	3.394000	5.344200	3.262600	4.422400	3.211000	-0.731800	2.613000
71	-0.173100	-0.972600	-1.257600	0.054000	-0.362200	6.993000	-1.145400	0.000000	-0.366600	-0.282900	-1.318400	-1.109600	-1.085200	-1.365900	-0.241700	-0.480500	-0.687300	-1.233600	-1.409000	-0.361100
72	1.551400	1.002900	0.033100	2.670100	2.251700	4.524700	0.320700	2.138300	2.282200	1.759700	-0.003500	0.506600	1.242500	0.603800	1.310700	0.000000	0.399000	0.018500	-0.213700	0.860200
73	1.188500	-0.035800	-0.710200	1.464500	1.771100	1.063700	0.000000	1.303400	0.132700	0.889700	-0.640700	0.049600	0.987300	0.770400	1.701300	-0.103600	-0.575800	0.255700	-0.040800	-0.082400
74	-0.248300	0.000000	-0.868800	-0.479600	-0.132200	-0.196400	-0.570900	-0.223800	-0.178100	0.228800	-0.943800	-0.689500	-0.788800	-0.790400	-0.710300	0.136200	0.175700	0.113700	0.016800	0.480800
75	2.099000	1.548200	0.596000	1.100400	0.580600	3.336900	0.293500	1.450200	2.163700	1.677300	0.950700	0.000000	0.968500	0.503000	1.520000	0.946500	1.406600	1.032100	0.888300	1.361200
76	6.123000	4.787500	3.388700	3.667900	5.779500	4.983000	4.685900	3.740400	4.851900	4.987100	2.256800	4.473400	6.051300	4.660100	6.588500	4.708600	3.190400	0.000000	1.742000	3.899700
77	4.319600	3.650800	0.000000	1.481500	0.534800	4.645200	2.468000	3.161800	4.648700	3.500900	0.186300	0.109700	4.210700	2.094700	4.341500	2.817400	4.341800	2.301500	0.152200	2.059900
78	0.697500	-0.136800	-0.791100	1.091300	0.392300	4.516900	-1.464800	1.578600	0.208100	0.637900	-0.954600	0.000000	0.141700	-0.350800	0.824200	0.813800	-0.115700	-0.282800	-0.619800	-1.104700
79	3.005100	1.930400	1.041200	2.304800	1.711000	0.000000	1.379100	3.020800	2.699900	2.509000	1.139100	1.200400	2.177400	1.722200	2.575800	2.383700	1.456000	1.816200	1.805000	2.087500
80	5.864700	4.034900	0.000000	3.704500	3.017300	1.493100	3.235000	3.450100	5.508700	4.118600	0.376600	3.121000	5.340400	2.866200	6.151800	3.962600	13.921300	15.295700	8.294300	5.898700
81	2.232200	1.511000	0.646500	1.511000	0.441200	3.420500	0.255400	1.020000	1.640200	1.619400	-0.657000	0.217800	2.405900	0.000000	3.391800	1.366600	1.919100	1.437200	1.774200	1.801000
82	0.681100	-0.375200	-0.142100	0.429600	0.429900	3.063800	0.201600	0.135200	-0.348300	0.077300	-0.766000	-0.300500	-0.349600	-0.415000	0.000000	0.168900	0.324300	0.293200	0.184800	0.616900
83	1.348000	1.221200	-0.464700	2.026800	1.823900	2.185300	-0.292700	2.068100	1.185000	1.171100	-0.097600	0.000000	1.661500	0.803400	2.066300	0.361100	0.123700	0.201400	0.139100	-0.290300
84	0.000000	2.622700	2.652900	4.865000	4.908800	6.676000	2.296900	3.487600	2.548000	3.951100	2.497900	2.201100	2.874200	1.982800	3.124300	2.358700	4.029100	2.539400	2.541500	2.445100
85	5.451800	3.799900	0.240800	1.322400	0.000000	5.414200	3.496600	2.690400	4.482600	3.192500	0.159700	0.971600	5.668700	2.662800	6.040200	4.153800	12.293400	8.149100	4.114200	5.686700
86	2.009300	0.698600	-0.412800	1.130400	0.518000	1.511000	-0.185300	2.023500	1.766000	1.245000	-0.099700	0.000000	1.880600	1.141600	2.541500	1.227900	0.757400	0.366800	0.195200	0.832300
87	5.566100	3.801700	-0.351400	0.000000	-0.598800	7.082900	6.644700	2.916400	4.814800	2.768400	-0.544800	4.683600	4.700500	3.233700	5.206000	3.261800	12.969200	4.415200	1.082700	9.153900
88	5.638900	4.216500	-0.123000	1.261000	0.000000	6.864100	7.460500	3.715300	5.373800	3.445900	0.402500	3.151500	4.134300	2.969000	6.606300	4.648800	13.329700	8.950800	4.932100	6.943800
89	5.654300	3.877400	0.000000	1.740800	0.458300	3.721500	3.917100	3.372500	4.988000	3.282300	-0.123700	2.154500	4.394900	2.943700	4.931600	3.593400	9.818600	8.287400	4.354300	4.225500
90	0.228700	-0.641400	1.609800	-0.141000	2.719200	3.703600	10.981200	3.072800	0.000000	-0.351900	3.475800	9.025800	9.671900	6.332900	6.223900	4.040000	22.067700	19.845800	12.297800	19.360200
91	5.465300	3.756700	0.334000	0.891500	0.000000	7.109300	4.228300	3.021700	4.921100	3.161200	0.530000	2.540200	5.405100	2.936800	5.472800	3.374500	4.124000	4.103600	3.101600	4.495000
92	2.538600	2.383800	0.000000	1.653300	1.926400	8.640600	2.302800	3.442900	2.258200	1.893100	0.352700	2.006800	2.566600	1.977000	4.849800	3.838400	3.227900	8.415700	6.028300	4.659300
93	0.000000	6.034200	12.444400	16.031000	17.378000	9.315200	18.638500	16.510200	9.057400	8.173700	10.628000	18.578500	15.490400	12.607100	13.693300	9.895500	30.488230	29.147420	27.168270	32.518183
94	0.298300	0.384200	1.492700	5.027700	5.368000	3.035600	1.600300	4.928200	1.755000	0.964300	0.836000	0.710000	1.497900	1.688500	1.679700	0.000000	0.315700	0.761300	1.107900	-0.199600
95	-2.028700	0.485700	0.454000	1.412700	2.393300	3.965800	-0.644400	1.122500	0.351800	0.488800	0.449600	-0.283100	0.478000	-0.306500	0.290500	0.151700	0.194600	0.138400	-0.208900	0.000000
96	4.605800	6.064800	6.237000	5.302800	5.843900	8.382300	5.088000	4.916400	4.712000	4.857400	6.121900	4.677700	4.592600	4.719200	0.000000	4.419500	5.542700	5.545000	5.512900	5.414100
97	1.853800	0.541300	-0.889400	0.308300	-0.762700	-0.697500	0.000000	1.914000	1.543700	0.702600	-0.971900	-0.170500	0.293500	0.355400	2.019300	0.518400	0.580200	0.566700	0.496900	1.381800
98	1.542300	0.124900	5.896000	0.620300	2.852900	4.599700	21.544000	2.064800	0.000000	0.040100	6.407400	14.206000	8.860100	13.225700	7.938600	5.205800	27.553450	22.975900	14.936800	41.106870
99	0.000000	6.504700	8.365000	10.898800	11.297000	14.017100	10.023600	7.350400	5.073500	7.790500	7.105900	7.184500	11.402300	7.398500	10.085600	9.097100	30.557280	31.622670	27.013060	39.300890
100	4.685100	3.112300	0.520700	1.249800	0.000000	0.618800	13.774400	3.415500	4.357400	3.171100	0.916700	3.697600	5.281500	3.030300	5.172400	3.319600	19.369200	8.883300	7.971500	8.967700
101	1.167400	0.000000	8.780800	2.238700	3.348100	4.159900	20.975600	1.758600	2.000900	1.277800	5.886800	10.412900	15.246700	12.579300	9.809900	4.925300	37.313190	25.518130	19.850500	20.176000
102	2.396500	0.957000	4.288600	3.409800	3.828700	3.373900	7.687800	4.199000	1.939200	0.876200	2.870300	2.734000	6.406100	4.958400	1.387600	0.000000	35.356990	30.098170	25.485910	41.266050
103	4.516800	3.523400	0.000000	1.355100	2.031500	2.257200	9.592000	3.424000	4.177400	2.734700	0.027800	3.268500	4.324100	2.392700	4.861200	3.286000	10.355800	8.830800	3.706700	5.240500
104	1.083400	1.355700	1.191800	2.513800	2.052500	4.094900	2.084400	1.075900	0.000000	1.206000	1.344500	1.413400	-0.048200	1.442400	-3.010300	0.491600	1.816500	1.035000	0.827500	1.397800
105	0.782200	0.006400	-0.876800	-0.273500	-0.799300	-1.333200	-0.469400	0.000000	0.537100	0.339400	-0.867600	-0.458200	-1.461800	-0.396700	-1.444000	0.138100	-0.450700	-0.798600	-0.781500	0.544900
106	0.474000	0.000000	-0.187700	0.237200	-0.115100	-0.788500	0.235400	0.119400	0.433300	0.506600	-0.181100	0.058000	-1.580500	-0.336600	-0.668300	0.494600	-0.078800	0.179000	0.103300	0.463300
107	2.983000	1.534100	-1.341600	0.580800	0.270100	1.572500	0.000000	0.372000	1.714500	1.704600	-0.616700	1.174800	1.671000	0.844600	2.035600	2.136500	1.940200	-0.170100	0.018200	1.732700
108	1.961200	0.000000	2.992100	0.254900	1.348000	5.644000	9.579500	0.851800	0.804100	0.569500	2.808100	6.163200	5.076700	5.016200	3.525200	2.384900	24.787520	9.273100	7.147500	9.114900
109	1.635400	0.673500	0.244400	0.835600	0.232100	3.921600	0.167800	1.231100	1.376800	1.322600	0.156800	0.000000	0.769000	-0.058900	1.316400	0.814400	0.745800	1.063800	0.761900	1.308800
110	0.733200	0.000000	-0.528700	0.350300	-0.302200	1.883900	-0.316300	0.592300	-0.006500	0.405100	-0.911600	-0.048600	-0.331700	-0.293700	0.024800	-0.088000	-0.360200	-0.319300	-0.415600	0.175300
111	7.137700	5.354900	2.015200	4.614800	4.044200	9.857100	5.798300	5.302600	6.039700	5.322000	1.039200	4.944900	6.430700	4.466600	7.233400	5.885900	5.722600	0.771000	0.000000	4.105400
112	1.408000	0.000000	3.979600	2.583400	3.338400	4.588800	2.482400	1.979300	0.641300	1.428900	1.376300	2.418800	6.114700	3.857200	6.873800	6.404000	16.535400	7.763200	9.174500	62.011200
113	0.766700	-0.024800	-0.417600	0.376300	-0.283600	3.560600	-0.149000	0.667800	0.125000	0.573300	-0.575200	-0.292800	-0.056200	0.000000	0.514800	0.007600	-0.244100	-0.332900	-0.523800	0.259100
114	1.240700	-0.186800	-1.279600	-0.845200	-1.264100	1.883700	0.230600	0.001000	0.730900	0.428900	-1.132800	-0.288100	0.000000	-0.544600	0.465200	0.007200	-0.162900	-0.747600	-1.148600	0.593800
115	6.322400	4.288600	0.000000	2.976500	1.734000	7.008200	6.503600	4.840100	5.258500	4.080800	0.520100	5.004700	5.155900	4.186500	6.236800	3.091300	8.411000	8.711600	2.358600	4.060800
116	2.434300	1.123700	0.173100	1.631100	3.055600	6.597100	-0.454600	2.059700	1.600900	1.552600	0.310400	0.000000	2.013300	0.898800	2.855900	1.802100	0.678800	0.673000	0.489300	1.224700
117	0.142800	-0.570700	-0.811200	-0.082500	-0.728000	3.814800	-0.709100	0.605500	-0.256100	-0.009000	-0.904600	-0.791600	-0.170800	-0.827500	0.105800	0.000000	-0.949000	-0.875100	-1.107700	-0.003400
118	1.853800	0.321500	-2.703100	-1.233700	-1.791700	3.119600	-1.254900	0.000000	1.400300	0.665300	-2.095300	-0.971400	0.377800	0.629700	2.146600	0.909600	-0.995500	1.258400	-1.142000	-0.869000
119	1.617100	-0.067200	-1.702200	-0.532000	-1.319800	2.349400	7.045700	-0.565700	0.545700	0.000000	-2.764400	0.956400	4.019400	1.889500	1.901400	-1.259100	11.131700	6.486500	-0.145400	1.157900
120	-0.448800	-1.104100	-1.337900	-0.716500	-1.165300	2.894400	-1.240000	-0.576100	-1.019300	-0.422300	-1.380500	-1.290500	-0.758700	-0.919300	0.000000	-0.852400	-1.551400	-0.764100	-0.890100	-0.726900
121	1.652300	0.676300	0.000000	0.917000	0.327700	4.479600	-0.269600	0.482700	0.851600	0.801700	-0.137500	0.238500	0.726400	0.118300	1.443300	0.689600	0.620500	0.496700	0.385900	0.373300
122	3.628400	2.800200	0.814700	2.994500	2.123000	4.567500	1.828600	3.429200	4.068900	3.033600	0.733000	2.008300	4.713000	2.991100	4.686700	2.344800	0.521300	0.000000	-0.240800	1.465500
123	-0.338300	0.857100	0.977900	2.409400	2.573700	4.478900	-0.350700	1.701700	0.949400	0.830700	0.962800	-0.404000	0.886100	0.365200	1.240100	0.000000	1.602000	0.883800	0.889000	-0.384500
124	5.031500	4.069800	0.000000	3.231500	2.240700	6.059600	6.127400	4.417400	4.053700	3.368000	-0.103900	3.891800	5.172400	3.132800	6.265000	4.585300	6.745800	2.994800	1.579800	5.413400
125	2.508500	1.775400	1.302800	2.263300	2.324900	3.632700	2.150100	4.723100	2.018800	1.268500	1.466900	1.711800	2.923500	2.274900	0.000000	0.439100	1.753200	1.502000	1.457000	1.442100
126	0.000000	8.682800	18.705700	19.165300	23.886700	14.625700	26.673760	20.339700	12.364500	11.538300	15.746700	22.310400	19.972500	20.013300	18.233100	17.373000	33.175470	40.590810	29.727840	81.855800
127	4.973400	3.280900	-0.176300	0.000000	-0.199900	3.526500	2.780700	1.161000	3.247900	2.204100	-0.484800	2.361200	4.220000	2.715800	5.254600	1.962700	-0.060600	-0.027000	-1.177800	0.897600
128	7.371400	5.489200	2.674600	3.849800	5.383600	9.050500	9.150300	3.766900	5.449100	4.702700	1.835900	3.914000	7.168900	3.954600	7.646600	4.696900	7.755900	2.456500	0.000000	3.173300
129	7.273100	5.944400	1.912800	4.142800	3.073900	6.522700	6.925800	5.021200	6.488200	5.063900	1.309400	4.011000	6.293100	4.972200	7.005100	5.719900	2.828700	0.903600	0.000000	4.198800
130	2.068200	0.314600	-2.342300	-0.761000	-1.019000	2.579800	-2.237200	0.756300	1.009900	-0.902600	-3.275000	-0.992100	-0.090600	-1.112100	0.000000	-0.362000	-0.001300	-1.473700	-1.028500	-1.317800
131	2.714000	1.620700	0.974600	1.896500	2.693500	-0.787600	4.910500	2.261200	2.351900	1.467600	1.146900	4.006400	1.893900	2.760800	0.000000	2.156800	3.730500	2.057100	1.475100	30.560290
132	1.341400	0.637000	0.354500	0.974300	3.669000	5.461000	-2.257800	1.874400	0.165400	0.230100	0.309700	-0.177200	0.000000	-0.257700	0.717500	0.783700	0.924200	0.234100	-0.507600	1.967300
133	-0.694800	1.262400	0.216000	5.280200	3.966100	8.084100	0.573100	3.677500	1.846300	1.198100	0.184000	0.164500	1.443100	0.545800	1.749300	1.617200	0.957900	0.000000	-0.447200	0.972200
134	0.330300	-0.701100	1.632400	2.009300	4.002100	-0.642400	4.081800	1.861900	0.000000	-0.088200	2.085800	5.850000	6.291500	4.413100	5.606300	-0.016500	29.471850	14.075100	8.592300	64.492300
135	-0.340100	0.000000	-0.030400	2.372500	1.309100	6.111300	-1.052400	2.260900	0.124600	0.098500	-0.097800	-0.394300	0.049600	-0.690400	-0.027900	-0.433400	1.114000	0.032100	-0.073900	0.210600
136	5.045500	4.421300	3.300500	4.475500	4.119900	3.566400	4.711800	4.536800	4.931300	4.483300	3.160100	4.599500	4.461400	4.691000	5.033100	4.931300	4.385100	0.000000	2.202300	5.011400
137	1.318000	0.678000	-0.014800	0.607400	0.144400	0.012800	0.096400	1.260800	0.624700	0.609100	-0.030200	-0.143600	0.286700	0.000000	0.314600	0.539100	0.021700	0.377400	0.296000	0.848200
138	0.750300	0.534400	-0.664600	0.034800	-0.608000	2.134900	-0.108700	0.000000	0.502000	0.323700	-0.901500	-0.342400	0.055800	-0.299700	0.102300	-0.104700	-0.952600	-0.563900	-0.677700	-0.242800
139	1.431300	2.319900	1.831200	2.485400	2.519800	0.000000	2.019000	2.426700	2.058800	2.342200	2.018400	1.840700	2.008100	2.036900	2.006500	2.011200	2.057800	1.724600	1.749300	2.105500
140	2.733500	2.115200	4.702500	3.971800	4.501800	0.000000	3.281300	4.022700	2.388800	2.506500	2.698200	3.377100	2.273600	2.699900	3.295100	2.836800	3.485200	2.083400	2.192000	3.146600
141	2.499700	2.039700	1.861400	3.068000	2.924200	0.000000	2.810700	3.599800	2.544600	2.538300	1.990400	2.689500	2.268600	2.415300	1.757800	2.198900	3.852900	2.534600	2.397700	3.026400
142	0.143400	-0.062200	-0.025700	-0.028700	0.127300	-1.572900	-0.393400	-0.084300	0.000000	0.059900	0.028700	-0.464800	-0.199000	-0.376900	-0.150300	0.090700	0.026600	-0.251200	-0.117000	-0.035400
143	0.000000	2.909300	3.939800	6.939700	6.921400	6.701800	3.730300	7.635300	2.837500	2.813300	3.306700	3.946400	3.178400	3.372300	2.461200	2.023300	4.834300	4.573000	4.845000	3.135900
144	4.684300	4.101200	1.210400	5.990400	5.588900	5.487200	5.090200	2.780400	3.804800	3.546000	1.044700	4.901300	5.254800	3.915800	5.748300	3.764900	5.994200	2.154800	0.000000	2.975400
145	0.568700	0.557400	0.296400	0.000000	0.242700	3.607700	0.701500	-0.048900	0.589000	0.379400	0.427700	0.435500	0.234400	0.126900	-0.153400	0.682100	0.527000	0.340700	0.260200	0.944600
146	0.471000	-0.094600	-0.838200	-0.123600	-0.622600	-1.625800	-1.029200	0.000000	0.105700	0.000400	-1.282400	-0.642300	-0.749000	-0.589000	-0.202200	-0.216800	-1.193100	-1.219300	-1.362700	-0.567500
147	3.373000	1.969700	2.352100	4.621400	3.936000	0.000000	2.375900	3.928000	2.535900	2.341100	1.544100	2.110200	1.680300	2.090600	1.927900	2.449700	1.723900	1.718100	1.624700	2.087100
148	1.109800	1.650000	2.103200	2.317600	2.719200	6.379900	1.446400	0.288400	0.000000	0.963800	0.554000	1.547400	0.116000	1.188400	-1.732700	1.024800	2.057700	1.722900	1.653900	2.006500
149	1.207600	0.210100	-0.373900	-0.019000	-0.377200	-1.323600	0.463800	0.851200	0.458400	0.313100	-0.254500	0.143600	-0.949500	-0.125700	0.203700	0.000000	-0.279400	-0.193000	-0.216900	0.610400
150	0.713900	-0.113000	-0.591500	0.151700	-0.310100	1.242800	-0.251400	-0.183400	-0.102200	0.410700	-1.243700	-0.487600	-1.221800	-0.247900	-1.233500	0.000000	-1.065400	-0.386400	-0.606100	0.399800
151	1.361000	0.000000	0.158300	2.113200	2.233800	-1.146900	1.368000	3.276300	0.645300	1.297100	0.623800	0.510300	-0.009300	0.738000	3.093400	2.797600	3.961600	5.631100	4.388300	7.128500
152	1.978000	0.000000	4.441700	1.996000	4.885600	6.567400	8.910700	2.662900	2.051400	1.507900	2.265000	7.429300	8.525000	6.728200	7.293600	5.893200	22.382600	18.030700	11.002200	46.921200
153	1.900200	0.000000	2.582200	3.969000	4.725600	6.831700	6.248600	1.799500	0.812500	1.856600	0.519400	6.010900	4.775100	4.753900	5.451100	6.611500	24.928700	17.266000	21.469600	16.588600
154	3.279100	2.113600	0.440100	1.345100	0.772300	6.325700	0.000000	2.545300	2.667100	2.767500	0.450500	1.415300	2.397000	1.559500	3.395800	2.303400	0.145900	0.678000	0.205800	1.889300
155	4.878600	3.269000	0.000000	1.651600	2.324000	5.356500	3.704900	2.823100	3.583200	3.233800	-0.161400	2.245400	4.011100	2.402200	4.620800	2.863300	3.476800	3.186300	0.808900	2.667800
156	2.031000	0.000000	-1.683400	-1.661700	0.345500	2.607400	8.530700	-0.365900	1.389500	-0.353000	-3.122900	1.295800	1.836100	2.346200	1.922500	1.568000	17.837400	10.520800	6.781700	3.048000
157	4.084900	2.150800	0.377300	3.263300	4.212200	9.944200	2.946300	1.972400	2.996300	2.866000	0.381600	1.703800	3.882700	2.069900	4.654300	3.582700	0.636400	0.000000	-0.416400	2.777300
158	2.930300	1.053200	-0.296100	0.846600	1.290200	5.412600	1.806200	1.665700	1.900600	1.478100	-0.549200	1.359500	0.000000	0.343800	1.708600	1.728600	0.118300	-0.192500	-0.285400	1.991900
159	3.297700	1.072300	-0.890500	0.024400	1.116400	4.395400	9.246200	0.000000	1.860900	1.213300	0.708300	5.391900	4.782100	2.006000	4.259500	2.749300	5.317300	3.208900	3.003700	11.903800
160	3.329200	2.129500	1.441300	3.533200	4.612100	7.088500	1.451600	2.395900	2.578000	2.762200	1.424800	0.000000	4.065500	1.685700	4.696800	2.895000	2.115300	1.060900	1.346000	1.335600
161	0.930700	0.125200	-0.518200	0.306600	-0.370100	2.807500	-0.814900	0.191900	0.371200	0.518700	-1.126600	-0.911800	-0.056500	0.000000	1.231200	-1.093100	-1.021700	0.133800	-0.063900	0.627100
162	0.807400	0.000000	-0.515900	1.135500	1.060300	4.104900	0.072700	1.224200	0.095000	0.771800	-0.596900	-0.165000	1.796700	0.752000	2.930500	0.387100	1.215500	-0.094500	-0.720700	-0.118400
163	4.193400	2.929400	1.132100	2.524000	1.430500	5.720100	2.572200	3.614300	3.157500	1.923100	0.000000	2.579900	4.829900	3.643600	4.183400	2.444700	8.204000	8.874700	4.685200	25.538330
164	2.668700	2.104600	1.883800	2.341200	2.207200	0.000000	1.438100	2.514800	2.223400	2.285300	1.853000	1.530000	2.296100	1.756000	2.757400	2.037700	2.205500	2.392200	2.419200	2.489200
165	0.260500	0.046100	-0.170300	-0.172600	-0.356500	0.334900	-0.484300	0.255400	0.437700	-0.106000	-0.788600	-0.672800	0.040100	-0.174900	0.195200	0.000000	-0.785000	-0.578600	-0.678100	-0.115800
166	2.295500	1.195300	-0.746300	2.324700	1.653100	3.349800	0.160500	0.877000	1.173800	1.244700	-0.306200	0.000000	2.185300	0.670600	2.906600	1.092900	0.767400	0.314600	-1.149600	0.870200
167	3.825100	2.350400	0.000000	1.840100	0.947700	3.049800	1.541000	2.744600	3.224500	2.259900	0.241200	1.534200	2.994400	2.070800	3.853700	2.132300	1.651900	0.877400	0.412600	1.393800
168	4.808200	3.217100	-0.663800	0.000000	-0.903000	6.048500	7.602700	2.333300	2.891300	2.200200	-1.086600	1.877600	4.215300	1.472800	4.389200	1.562500	11.116700	8.620800	6.871600	7.135700
169	1.945800	0.481300	-1.034000	-1.470100	-2.236000	4.546500	6.374400	0.000000	0.577000	0.468400	-0.859200	3.576400	2.671300	1.739700	4.080800	1.745900	9.666600	5.856600	3.870200	1.624100
170	4.682900	3.025100	0.334100	0.000000	0.849900	4.770700	7.380200	2.621400	4.040800	2.319500	0.346900	5.078000	4.249800	3.152000	4.601000	3.345400	8.465100	6.841700	2.968000	5.897900
171	3.977800	2.636400	1.923700	2.493700	1.615100	6.076700	1.353900	3.367100	3.943200	2.326200	0.744000	1.105400	5.658900	2.367500	5.687800	3.337100	3.706900	0.000000	-0.415100	1.477800
172	3.618800	1.655200	2.413300	0.000000	0.905400	4.461300	2.134900	2.442700	2.947500	1.688100	2.253400	2.080200	3.728800	1.142400	2.564200	1.108100	2.630500	2.589800	1.604500	5.529800
173	1.776200	1.859900	1.534400	2.368300	2.550600	9.139500	1.229200	1.805300	1.186800	1.406000	1.454000	1.475000	2.127200	1.441000	2.795000	0.310800	2.622900	0.000000	0.658500	1.807800
174	-0.582700	0.013300	-0.117900	1.577400	3.764900	2.674800	0.049800	3.764500	0.000000	0.488300	-0.071500	0.119000	0.811200	0.603500	1.931400	0.523900	1.167600	0.140800	-0.045100	0.695400
175	1.520900	0.794100	-0.514300	2.042200	5.087400	1.188700	0.000000	2.100200	0.889800	0.908600	-0.606300	-0.206600	1.605400	0.649300	2.037000	-0.136200	0.076500	0.004500	-0.198900	0.074800
176	2.704000	1.646200	-2.552000	-0.961600	0.232900	2.283300	3.880600	0.000000	1.657200	0.890600	-1.205800	2.278700	3.348000	2.287100	3.229600	1.489100	7.063500	5.286900	4.327300	38.237780
177	0.740900	-0.323400	-1.008000	0.279200	-0.558100	4.279100	-0.689700	1.353900	0.000000	0.286800	-0.416000	-0.648900	0.051300	-0.220100	1.063100	0.492600	0.635600	-0.078600	0.049000	0.670000
178	1.473900	0.529500	-0.417200	0.798900	0.259800	3.622700	-0.095000	0.022200	0.000000	0.380000	-0.502300	-0.028000	0.165800	-0.098200	1.497200	1.033900	1.260200	0.090100	-0.017300	0.133300
179	6.680100	4.975500	1.857400	4.888100	3.754400	9.156000	4.561100	6.737700	5.441500	4.346800	1.372700	1.900600	4.425700	4.257100	5.176800	5.386700	4.776300	1.602500	0.000000	3.308700
180	1.604900	1.412100	1.212200	1.853900	1.560400	0.000000	1.065800	1.897800	1.395000	1.381800	1.169600	1.331400	1.026500	1.078100	1.651100	1.340000	1.507600	1.253400	1.213100	1.520500
181	0.762700	0.373400	-0.265700	0.224300	-0.282200	1.173000	0.153100	0.000000	0.521300	0.055000	-0.801200	-0.117400	-0.117700	0.057500	-0.327000	0.129900	-0.781900	-0.507900	-0.591900	0.248700
182	0.642700	0.000000	0.139300	0.706100	0.911000	-0.906500	0.421000	1.141000	0.638700	0.726100	0.309800	0.403600	-0.718300	0.319200	0.612000	1.074700	0.716800	0.465600	0.433500	0.927400
183	3.494800	2.198700	0.184300	0.000000	-0.360200	3.223200	2.973600	1.685900	3.235200	1.966500	0.401100	1.687800	2.601200	1.511900	2.730200	2.992000	19.524100	25.267780	16.245300	10.998400
184	0.761500	1.492000	1.490200	1.947300	3.454000	4.426000	0.862900	2.026100	1.576000	1.330200	1.487500	0.949000	0.973200	0.784200	0.000000	0.002500	1.878700	1.716200	1.166100	1.401500
185	0.000000	2.340200	1.896300	2.878400	4.273300	4.874700	1.906000	2.731800	1.973000	1.963100	1.997000	1.689100	1.855800	1.972000	1.803700	1.519200	1.979200	1.806000	1.865600	2.122200
186	1.300200	0.349400	0.001400	0.000000	-0.059400	3.663000	-0.126100	0.504200	0.119000	0.512100	0.099800	-0.278200	-0.181800	-0.181600	-0.041400	0.053100	0.164500	0.071700	0.005900	0.287700
187	0.247800	-0.363400	-1.346100	-0.136200	-0.543100	-1.412600	-0.655500	0.753800	0.124700	-0.371600	-0.914700	-1.065000	-1.057700	-0.625800	0.041600	0.000000	-0.923600	-1.071500	-1.313300	-0.315700
188	1.915200	0.000000	9.656700	3.515800	5.303400	-1.570900	20.067200	0.443900	0.953700	2.992700	6.328700	10.062500	10.830200	6.818900	5.297900	8.283500	35.884260	27.750390	23.504490	28.108200
189	0.000000	2.036500	6.747900	6.644700	8.639100	9.046600	6.541300	7.144500	4.331700	3.886100	4.719000	5.574100	5.180700	7.484400	5.108200	4.075100	7.063400	5.675200	5.599800	6.746100
190	0.676100	0.049100	-1.020200	0.795200	0.053500	2.102300	-0.574500	0.730900	0.000000	-0.227500	-0.776800	-0.739500	-0.626600	-0.805400	-0.519200	-0.343300	-0.061000	-0.332200	-0.383500	-0.192900
191	5.726000	3.807100	3.298100	1.740000	0.564200	4.137700	5.314500	3.789400	4.022000	3.320600	0.420100	3.290000	4.921400	5.058100	5.433600	4.449200	0.749900	0.000000	-0.890300	2.659600
192	4.988300	3.177800	0.700600	0.000000	-0.880700	8.215800	12.268600	1.557900	3.453900	2.599000	0.816300	7.540200	4.740000	3.143000	4.178300	2.742100	13.377500	10.763100	9.921100	23.930090
193	2.582000	1.576500	1.063800	1.155300	1.085200	4.257100	1.497400	1.528700	1.979100	1.329400	1.158500	1.157800	0.366000	1.416400	0.000000	0.699600	3.746300	2.304400	1.469400	2.135400
194	4.741400	3.142500	2.680700	2.328800	2.692800	5.426300	3.242100	3.368800	3.619300	2.617100	0.977300	1.338400	4.081700	2.518300	4.905400	3.445000	2.420600	0.000000	0.077900	2.712500
195	1.920800	0.000000	2.934700	0.866100	1.071900	0.747800	14.168400	3.023400	0.118100	-0.906700	2.754300	7.904300	8.338300	4.723600	3.108800	2.537500	28.130440	19.958800	16.676500	44.458300
196	6.549800	4.689100	0.482600	1.257600	0.000000	6.025900	7.817800	3.895200	5.703300	3.773000	0.490600	4.285300	5.007000	3.403800	5.467500	4.359300	14.299900	9.794600	5.698300	4.024200
197	3.083900	1.469100	-1.082100	0.863900	1.344100	2.667500	3.774900	0.938200	1.976000	1.377000	-1.000300	3.320100	2.406000	1.222900	4.215400	1.498100	8.759000	7.164900	1.197800	0.000000
198	0.838300	0.179400	-0.562900	0.345700	0.156600	-1.597500	-0.645300	0.246100	0.048000	-0.063700	-0.827200	-0.460700	0.103900	-0.385000	0.000000	0.501800	0.941700	-0.705000	-0.917800	0.373300
199	4.159000	3.015900	1.715500	2.410800	1.288800	2.518600	2.736400	2.916900	3.191500	2.985600	1.150100	2.526000	3.400200	3.132200	4.380800	2.787300	3.168900	0.000000	1.243400	3.106800
200	0.000000	3.170300	2.437500	4.307100	3.857300	6.181000	2.236900	3.744000	2.873700	2.869700	1.631800	2.431700	2.720300	2.928600	3.068800	2.631700	3.110600	3.400700	2.465300	2.703000
201	0.000000	2.864800	2.621200	6.535400	6.927700	8.613100	2.563100	6.052300	3.373800	3.659300	2.862900	2.032000	4.147500	3.410700	4.924200	2.924000	4.726900	2.869100	2.754800	4.455700
202	1.242100	1.270900	0.490000	1.795600	1.225900	1.741500	0.481100	0.281000	0.000000	0.852800	0.204400	0.794000	1.473000	0.892600	1.095500	0.695800	1.547900	1.350900	1.513200	1.012200
203	0.574000	0.556500	0.596300	0.916900	0.456500	0.209700	0.000800	0.882300	0.535600	0.702100	0.250400	-0.222300	0.561600	0.579100	0.546300	0.830800	1.034900	0.000000	0.824200	0.939600
204	3.177300	2.643700	1.981600	2.869700	2.700200	1.524600	2.651800	2.308500	2.428100	2.628000	1.859900	2.377600	1.576800	2.057000	0.000000	2.501900	2.848400	2.947900	2.909000	3.261100
205	4.486600	3.280500	0.000000	5.216000	4.431800	4.181900	10.238600	6.768100	4.653400	3.111000	0.739200	4.748800	5.108900	3.967400	4.271800	3.848500	24.409800	17.474300	11.036800	15.340100
206	0.300900	0.000000	-0.174400	0.668700	0.198200	3.422500	-0.347500	0.188900	-0.146700	0.306200	-0.304200	-0.224500	0.536100	-0.312400	0.836800	0.129800	0.314100	-0.108800	0.193100	0.266900
207	-0.304700	-0.172900	-0.278900	0.125100	0.114300	0.039400	-0.422900	0.000000	-0.341800	-0.396900	-0.053300	-0.561300	-0.191300	-0.515000	-0.131700	-0.024100	-0.312500	-0.235000	-0.241000	-0.141600
208	1.031200	-0.182400	-1.110000	4.445400	2.146200	-0.610400	-0.837200	1.238300	0.740100	0.189300	-0.959800	-0.217800	0.061200	-0.273100	1.775500	0.000000	0.320500	0.351500	0.148800	-0.351900
209	7.789300	5.688900	1.781100	3.992500	3.721500	8.505100	3.339600	5.261800	6.394800	5.032900	1.410400	3.474200	6.589100	5.045600	6.985900	5.732000	3.563700	0.000000	0.663800	4.000000
210	3.297000	2.444000	2.513900	2.935800	2.461400	0.000000	2.729600	3.250000	2.880400	2.963000	2.889400	2.089100	2.718600	2.902300	2.757700	2.951700	2.980400	2.756900	2.614700	2.993900
211	0.000000	2.086700	3.427600	5.646200	5.379700	6.938600	3.259900	5.935200	4.224300	2.449700	3.352000	3.256300	3.641700	3.717700	4.325600	2.860100	3.650100	3.452500	3.374100	4.330900
212	4.167300	2.585100	0.000000	1.487600	1.060300	9.569500	4.077100	1.853500	3.041200	2.408700	0.085200	0.943400	4.040800	2.288800	4.420700	2.691000	18.095500	13.836600	4.874300	1.662600
213	0.001100	0.000000	0.041400	0.583100	1.002300	-1.402100	-0.517300	0.836600	-0.532200	0.207300	-0.493300	-0.210400	-0.417900	-0.220100	-0.561300	0.021400	0.344400	0.009400	0.359100	0.568400
214	1.985100	1.092700	0.338600	1.217700	0.968600	-0.245900	0.145200	1.582700	1.950000	1.507200	0.508500	0.000000	1.043300	0.878100	2.072700	1.493700	1.607900	0.717800	0.567500	1.613700
215	0.190600	-0.301500	-0.269100	0.204300	-0.182500	-1.540300	-0.407100	0.296800	0.000000	0.185600	-0.207700	-0.413900	-0.469300	-0.167600	0.117400	0.170100	-0.069200	0.065000	-0.146300	0.352800
216	0.000000	0.981500	1.908300	5.524700	8.070600	1.284400	1.973600	5.018700	1.325300	1.715300	1.199600	1.502700	3.319600	2.441100	0.830400	0.753300	2.363700	2.032100	1.869700	1.263100
217	4.521100	2.981500	0.986200	0.669200	0.006400	3.883800	2.628400	2.738600	3.964000	2.291700	0.000000	1.949900	4.099600	2.629500	4.447500	3.575400	8.792300	6.793600	4.556200	8.215500
218	5.355600	3.458700	2.738000	0.000000	0.485500	3.925600	8.679500	3.140200	4.869000	2.379800	1.552100	7.529700	5.699500	4.038700	4.254700	3.472700	11.868100	12.682900	12.758300	9.682800
219	3.654000	2.846900	-0.523700	1.594800	2.224200	4.874400	3.805800	2.593700	3.012300	2.025400	0.000000	1.852600	3.833300	2.149400	4.511900	2.149500	9.183000	2.773800	1.224700	2.705400
220	0.737200	1.020500	1.439100	0.522900	0.394100	3.444200	2.381400	0.206600	0.000000	-0.646200	-0.327900	-1.624900	0.957200	0.442900	0.433800	0.033200	2.126000	0.183000	1.082800	0.570400
221	1.201800	-0.431500	5.002100	3.591600	5.314400	-0.551100	14.755500	1.717000	0.000000	0.996500	5.780000	11.130600	8.030900	12.261400	7.319900	6.327800	39.822840	30.439320	21.675000	20.750900
222	3.301700	1.995100	0.884100	1.803900	1.558100	4.608500	2.544100	3.018800	2.301600	1.429500	-0.589000	2.669900	0.694200	0.000000	2.714800	2.467500	23.363600	16.160300	12.924500	17.859600
223	4.563000	2.584300	0.148300	3.843300	3.465700	5.934900	2.076000	4.105200	3.517900	2.230300	0.637000	2.226200	0.000000	1.582400	0.517200	0.996900	1.391000	3.107400	2.653100	2.903700
224	5.567700	4.157700	1.077100	6.218900	6.164700	5.260000	5.402400	6.097400	5.667800	4.163600	1.029700	3.907200	5.298200	4.951700	6.003900	4.854000	8.553600	1.622200	0.000000	3.946200
225	0.333300	-0.240600	-1.111600	2.403100	0.190700	3.403500	-0.875100	0.418200	0.112100	0.209000	-0.801100	-0.929200	-0.423100	-0.878300	0.091200	0.000000	0.089400	-0.630900	-0.596800	0.221000
226	1.634100	0.586800	0.432400	1.329400	0.951800	1.685300	-0.348300	1.726100	1.244100	1.033200	0.392000	-0.159600	0.876100	0.000000	1.358800	0.159700	1.197700	0.934200	0.877500	0.465900
227	0.000000	2.465800	2.332600	3.444100	3.494000	6.434200	0.878600	4.355500	2.662100	1.501900	2.069300	1.287900	2.662100	1.798200	0.301900	0.715300	5.623900	5.761700	5.260700	3.688700
228	2.023700	1.367600	-0.124200	0.801100	-0.220700	4.848500	0.000000	1.271400	1.583400	1.110500	-0.272600	-0.037900	1.118600	0.763500	0.765800	0.779900	0.621900	-0.079500	0.300500	1.033900
229	1.724900	1.426900	-0.616900	1.234800	1.002000	1.558100	0.965700	1.167400	1.203600	0.911100	-0.586600	0.641200	1.106700	0.747300	1.644900	1.833600	0.039200	0.000000	-1.025300	1.861700
230	1.524500	0.000000	2.072500	-0.867100	0.270200	4.965400	6.246700	0.596100	0.630600	-0.542800	1.466000	6.701300	2.987500	1.898000	3.316700	1.718800	30.532670	19.688600	13.654100	20.855700
231	-0.471300	-0.103900	-0.024000	1.287200	0.124200	-0.955800	0.501500	0.000000	-1.174100	-0.653800	-0.181800	-0.007000	-1.310300	-0.152700	-2.827100	-0.813700	0.325500	0.305100	0.216000	0.457500
232	0.949500	0.000000	1.055100	0.123000	0.478000	-2.000000	0.603800	1.302500	0.885300	0.842800	-0.131300	0.246900	-0.972000	-0.134100	1.385900	1.087800	2.278200	0.956200	0.770100	1.791200
233	0.909400	0.234100	0.155800	0.641800	0.203900	0.034800	0.682100	0.214400	0.189000	0.676900	0.049700	0.450500	-1.155200	0.000000	-0.925100	0.330200	0.520000	0.017900	-0.174800	0.765000
234	1.015100	0.000000	-0.271900	1.977600	1.652900	-0.441500	0.262800	1.066500	0.333500	0.743400	-0.274700	-0.683300	-0.476100	0.058300	-0.181300	-0.500300	0.312000	0.215100	0.167400	0.710300
235	5.404200	3.576000	0.000000	1.587200	0.361400	4.273000	5.572600	2.882400	4.060400	3.517700	0.189800	3.331600	3.595700	2.799100	5.403400	2.660100	10.134900	7.960600	3.323800	3.332600
236	0.774700	-0.008900	-0.216700	0.852300	0.367300	3.563000	0.000000	0.292400	0.305500	0.637200	-0.625500	-0.107000	0.069500	0.050800	1.009800	0.048800	-0.467200	-0.402000	-0.450200	0.055200
237	1.501900	0.599500	0.153200	1.143700	0.412300	3.701500	0.553400	1.139700	0.633900	1.237100	-0.734800	0.548800	0.459800	0.778000	0.958200	0.000000	0.360700	0.259600	0.227400	0.776900
238	4.005500	2.516800	0.183900	0.958000	0.000000	1.491200	5.506000	1.734600	2.833300	2.384600	0.135100	1.732000	4.662700	2.607100	4.858500	2.833000	9.331200	10.409800	4.216700	2.671300
239	0.783100	0.071600	-0.228300	0.000000	0.603700	0.428900	-0.444200	-0.625900	0.385800	0.103100	-0.222100	-0.263100	0.334500	-0.372900	0.939800	-0.440800	0.239500	0.042400	0.001000	0.675300
240	0.441100	-0.136700	-0.647500	-0.278600	-0.760300	1.926100	-0.416700	0.000000	0.160400	0.081800	-1.195000	-0.540800	-0.263000	-0.545600	0.228500	-0.315300	-0.649200	-0.291200	-0.390800	0.279100
241	1.101000	1.138000	0.119900	2.338900	1.770200	3.542600	-0.823600	3.253100	1.563000	1.007300	0.355600	0.000000	1.259200	0.408400	1.720000	0.121600	0.306100	-0.081200	0.210400	-0.092500
242	0.000000	4.059200	3.702000	5.463100	5.344700	7.718800	2.999300	5.222700	4.357500	4.382200	4.426800	2.472700	3.494900	3.143700	3.626000	3.278200	3.537000	4.521500	4.414000	2.774300
243	5.895000	3.846000	1.593500	4.911800	4.021600	4.771400	4.574000	5.468200	4.546300	4.108800	1.756700	3.843800	5.562700	4.899800	6.064600	4.783400	0.573000	0.000000	0.972400	4.253300
244	0.000000	2.461800	10.030300	9.461300	10.972300	13.846800	9.979400	10.399000	5.956900	5.136800	7.324800	8.799200	8.313000	8.042300	9.682800	8.875300	14.378600	14.901700	13.027700	52.703500
245	0.000000	3.600600	13.238500	10.973200	13.036500	6.437100	20.973200	11.673300	6.179700	7.053000	10.995200	13.338800	12.170800	10.876500	11.842400	12.728600	41.252990	27.192370	24.737430	27.766680
246	4.613900	3.124700	1.081600	1.716100	1.758500	4.755500	8.385200	2.774000	3.617400	2.241900	0.696500	4.483600	4.231000	2.876100	4.446300	3.047800	12.876100	5.949600	1.117800	0.000000
247	4.544900	3.193100	2.252000	2.107800	5.274000	5.437500	3.764900	4.446800	4.339400	2.622500	0.000000	3.009400	4.213800	3.204500	5.644500	3.461700	13.578300	17.791100	12.206300	8.479200
248	6.303100	4.483400	1.203900	1.764200	0.000000	7.979500	4.732200	2.798800	4.405400	3.531800	1.010300	4.028400	5.620300	3.596100	4.737900	4.512100	19.484200	16.277200	12.881600	7.893700
249	5.942800	4.297200	3.439800	3.409300	5.945500	10.685300	3.781700	3.736700	4.477500	3.570600	1.721300	2.326100	4.753500	3.934400	4.955000	4.429700	3.621900	-0.154600	0.000000	3.210600
250	-0.564700	0.000000	-1.614400	3.981200	6.016500	11.425300	0.361600	4.710000	1.331400	-0.139300	-0.569900	-1.237700	0.845100	0.888400	0.638400	0.432100	0.446400	3.325900	0.388900	-0.203200
251	3.933500	2.611900	-0.152400	1.592400	0.934200	0.080200	2.346400	2.926200	3.444400	2.413600	0.000000	2.016000	3.440500	2.479600	4.074700	3.492000	10.485300	5.329300	5.179200	5.341500
252	3.576200	3.080800	0.866800	4.589700	3.498200	7.917300	2.487100	1.490800	2.819300	2.385300	1.141600	1.710100	2.573800	2.570700	0.000000	0.666300	1.921400	1.668300	1.180100	2.426500
253	3.254300	2.447000	2.123700	1.952000	1.572400	0.000000	2.254100	2.721400	2.839400	2.342400	2.007900	2.708200	3.078500	2.934400	3.103300	2.853800	3.784500	2.647500	1.971300	4.765800
254	1.236700	1.243200	0.393800	2.235100	1.674900	2.847700	-0.537800	0.626300	0.407200	0.912100	0.253200	0.885900	1.010500	0.707400	1.536300	0.000000	1.653700	0.996700	0.616700	1.626300
255	2.585900	1.766000	1.111400	2.252400	1.896500	7.663500	0.000000	2.703000	2.350100	2.300600	0.969000	1.337300	2.182500	2.087700	2.658400	2.267500	1.490900	1.810100	0.812600	2.194100
256	-0.005400	-0.030300	-0.602400	-0.199900	-0.551600	-1.289600	-0.553100	-0.097200	0.000000	-0.235600	-0.649000	-0.592500	-0.796600	-0.563800	-0.177600	-0.235900	-0.792100	-0.910100	-1.039200	-0.243900
257	2.305500	2.068400	1.657300	1.997300	1.613100	2.004300	1.486800	3.291400	2.211000	1.699000	0.903100	1.251900	1.420700	1.910900	0.761900	0.000000	2.280700	1.457500	1.063600	2.334700
258	5.001300	4.102100	3.329000	3.934300	3.339700	9.472000	3.843200	5.081100	4.729000	4.100100	1.795400	4.004500	4.700300	4.348900	5.527500	4.891300	0.534800	0.472600	0.000000	3.881500
259	0.031200	-0.204600	-0.676700	-0.044100	-0.561100	-1.632200	-0.381000	0.000000	0.036600	0.185200	-1.062900	-0.583900	-0.531800	-0.556800	-0.270700	-0.017000	-1.117200	-0.501700	-0.569400	0.011000
260	-0.037000	-0.136500	-0.631600	-0.157200	-0.401900	-0.328400	-0.283400	-0.013900	0.000000	-0.106000	-0.542800	-0.628800	-0.605800	-0.349200	-0.250300	0.064600	-0.088300	-0.098900	-0.201900	0.208900
261	0.000000	1.115500	-0.251700	2.205400	0.619400	2.379700	0.372300	2.189600	1.020600	1.019600	0.112800	-0.157300	-0.341800	0.494200	1.613400	0.836700	1.074800	-0.163700	-0.338400	1.222700
262	2.617700	1.457800	-0.765700	-0.614400	-1.177900	1.965200	2.150400	1.638900	3.103600	1.615400	0.325600	0.710000	1.027500	0.000000	0.909800	2.026400	13.527400	5.337000	3.554800	5.076800
263	2.847100	2.147000	0.000000	2.011100	1.125000	8.392600	2.053100	1.769100	3.076700	2.260800	-0.118100	1.551000	1.925000	2.059600	1.491900	1.835400	0.918600	0.832800	0.015100	2.201600
264	2.738100	2.190700	2.251900	2.583400	1.802400	0.000000	2.480600	2.517500	2.388300	2.590600	1.330200	2.204300	2.005000	1.949100	2.025700	2.633100	1.386200	1.986100	1.979800	2.748100
265	1.600800	0.000000	-0.609100	1.182500	0.748600	2.165000	1.018900	1.479000	0.555000	0.248700	-1.543400	-0.067600	0.225700	0.289000	1.322700	0.442100	4.301300	5.605300	3.741400	3.182200
266	5.801700	3.651400	0.000000	1.636600	0.771300	4.938000	4.237100	2.993600	4.409700	3.856400	0.035600	3.799500	4.511400	2.533800	5.111300	3.127600	8.091600	1.804400	0.811600	2.917300
267	2.018400	1.046500	-0.462200	0.767300	-0.197700	4.658000	0.137900	0.497100	1.029400	1.112200	-0.526300	0.000000	0.568600	0.649500	1.533200	0.848700	0.255300	-0.632800	-0.753700	0.769900
268	2.574900	1.707600	0.000000	1.569700	0.860900	5.077100	1.317000	1.351800	1.767800	1.958100	-0.044700	1.021400	1.254500	1.151000	1.869700	1.492900	1.040200	1.576700	1.242300	1.762200
269	5.377400	3.645900	0.101200	1.221000	0.000000	5.601400	9.656500	3.413200	4.370200	3.774100	0.326900	4.771300	5.232000	4.055900	5.322900	4.474900	21.275700	11.694300	8.321200	12.815900
270	1.962300	0.000000	1.393600	1.256700	1.059900	3.593400	6.822400	0.717600	0.779400	0.488400	2.714300	4.354400	3.961300	3.758800	5.472000	0.515000	24.428200	15.037400	12.877400	5.423700
271	1.226200	0.697600	0.076800	0.711400	0.122500	3.654600	0.055900	1.202200	1.170300	1.105500	0.348200	0.000000	0.647700	0.048000	1.032300	0.321600	-0.298200	-0.633800	-0.074800	0.141400
272	1.889300	0.079500	-1.002400	-1.315000	-1.746000	3.422100	0.700700	-0.342300	1.097400	0.546900	-1.388400	-0.512700	0.000000	-0.092300	1.190300	0.307000	1.432900	-0.993600	-1.303900	0.330300
273	5.341100	4.226000	0.000000	1.697500	0.761900	6.067000	8.922000	4.333700	4.390700	3.246800	0.347300	3.276900	5.367700	3.034100	5.935800	4.946700	13.949600	5.550800	2.556500	5.689800
274	6.703100	5.766900	2.664600	4.580000	3.553600	6.101700	3.465600	6.001900	6.668600	5.263400	1.850800	4.462800	6.758800	4.755200	5.642300	5.174300	4.115400	0.000000	0.771800	4.223200
275	0.000000	0.417800	0.505400	1.311800	2.214100	3.431800	-0.145700	0.728300	0.521100	0.410800	0.512500	-0.545200	0.510800	-0.201200	0.429600	-0.429100	1.531900	0.170000	-0.091200	-0.451300
276	2.586900	2.738700	2.372600	1.850100	1.807100	8.470100	4.950700	3.404400	2.046300	2.045800	1.283600	1.337300	3.158800	1.618900	0.000000	1.625600	6.959300	3.335700	3.200100	5.917100
277	0.742800	0.199600	-0.807600	-0.404900	-0.832200	3.604900	-0.989400	-0.224600	-0.219600	0.139200	-0.948800	-0.578900	0.000000	-0.861600	0.307100	0.319000	-0.475500	-0.742600	-0.881100	-0.604800
278	5.115400	3.881900	0.000000	3.055100	2.042700	2.572900	6.252300	4.989300	5.126400	3.262200	0.920500	5.136800	5.146900	4.547700	5.503900	4.359500	10.810200	8.385000	7.679800	6.837000
279	2.081400	1.105700	-0.703300	0.000000	-0.702900	4.982300	-0.089900	0.345300	1.267300	0.449700	-0.454900	-0.302600	0.517500	-0.027700	1.170600	1.001600	0.423400	0.227000	-0.278400	-0.156800
280	3.536700	2.755500	-0.239900	0.279500	0.389200	1.456900	2.125400	2.183900	3.184300	2.070100	0.164500	1.355300	2.193100	2.388400	2.240400	2.199600	0.573100	0.000000	-0.435700	2.237100
281	-0.035200	-0.682200	-0.881200	0.080200	-0.547900	0.984000	-3.001300	1.023300	0.000000	0.157200	-1.069100	-1.310400	-0.261000	-0.569600	0.051100	-0.147700	-1.223800	-1.105000	-0.713500	-0.226200
282	-0.494600	1.810900	1.440700	3.212300	2.668500	6.951700	0.989200	2.542600	1.603900	0.749500	1.562800	0.650100	1.574100	1.214600	-0.282900	0.000000	1.649600	2.096200	1.444800	0.244400
283	1.265100	0.462900	-0.390500	-0.364900	-0.693100	4.258800	-0.285600	0.000000	0.923400	0.222000	-0.888300	-0.475900	-0.697000	-0.058600	0.376800	-0.516300	0.404800	0.216100	-0.677300	0.135400
284	0.908100	0.616400	0.125900	0.580300	0.257600	0.000000	-0.797800	0.579100	0.731900	0.631100	0.344300	-0.497300	0.645200	0.257000	0.686200	0.437100	0.418500	0.577400	0.506100	0.672600
285	4.245300	2.503000	0.991900	2.764100	2.698600	3.418000	1.287900	4.642000	3.401700	2.070600	0.522400	0.663600	2.464700	2.093900	3.370600	2.575500	0.544700	0.000000	-0.029400	2.027200
286	0.727400	0.435500	-0.343200	0.470700	0.233700	0.003800	-1.054800	0.474800	0.000000	0.410500	0.070000	-0.792000	0.263100	-0.237000	-0.040200	0.098400	0.379600	-0.153600	-0.459300	0.398400
287	1.427500	0.869500	0.835800	0.729500	1.120700	0.247500	0.462200	1.715300	2.007100	0.781100	0.491000	0.000000	1.868500	1.562900	1.919400	1.297000	2.695000	2.483500	2.680300	3.176800
288	0.956800	1.128000	0.999400	1.758500	1.206200	1.197400	0.953400	1.812100	1.458400	2.245300	0.156200	1.060400	0.636500	0.558000	0.000000	0.468900	0.661900	0.878800	0.710300	1.329100
289	4.994100	4.645800	5.513700	4.586700	4.462800	5.577600	4.752900	4.717300	5.294900	4.418600	2.217800	4.954200	5.156500	5.302700	4.980800	5.349300	0.000000	0.727500	0.975600	4.636600