SITE	GLY	ALA	LEU	VAL	ILE	PRO	ARG	THR	SER	CYS	MET	LYS	GLU	GLN	ASP	ASN	TRP	TYR	PHE	HIS
1	0.341358	0.000000	-0.437574	0.316333	-0.210331	0.505755	-0.106942	-0.194976	-0.357984	-0.489123	-0.873488	-0.227028	-0.362238	-0.185702	-0.374999	0.033628	-0.446606	0.550925	-1.000090	0.336216
2	0.163952	0.016941	-0.957569	-0.476199	-0.742682	0.485473	-0.758453	-0.507821	-0.231369	-0.369964	-1.028849	-0.826039	-0.611102	-0.578615	0.000000	-0.588518	-0.983205	-1.346966	-1.629524	-0.431521
3	0.000000	1.843845	10.195845	9.210425	11.323895	8.606585	23.664495	8.177255	2.566715	5.132985	7.807725	14.761695	10.201495	11.171595	9.883645	10.540095	39.262595	31.293795	31.409495	57.393395
4	1.336730	0.757260	-0.393104	0.256006	-0.147281	1.464780	0.000000	0.506660	0.812940	0.436940	-0.094176	-0.115181	0.266557	0.150118	0.985060	0.890340	-0.528127	-0.146400	-0.508581	0.438810
5	1.240952	0.150710	-3.447626	0.152282	-1.401606	3.262724	2.897524	-0.326736	0.000000	-1.009176	-3.154446	1.081491	0.831876	-0.488336	2.065544	0.086011	4.295744	6.817774	6.721864	43.098894
6	-1.058463	0.500140	-0.207100	0.365140	1.850570	2.619100	-0.418643	0.000000	-0.573298	-0.370984	0.370100	-0.337101	-0.739340	-0.519805	-0.896479	-0.656907	1.213020	0.934610	0.762990	1.473200
7	1.469163	0.594003	-0.253698	-0.565043	-0.290785	1.322003	0.000000	0.551057	0.950163	0.386374	-1.400807	0.638162	1.071923	0.319368	2.492983	1.543883	3.253833	1.250113	0.047821	0.831986
8	2.222766	2.081436	1.511556	3.380716	3.299386	5.660086	0.726996	2.809896	1.281126	2.009436	1.356216	1.483476	4.030656	2.165446	5.037656	3.038586	2.051696	0.000000	-0.212014	1.244026
9	5.111428	4.249488	0.954908	4.694128	4.446458	7.649998	2.530578	4.791838	2.710228	3.097768	1.157658	3.080768	4.338438	3.161008	4.150968	3.471288	0.000000	1.186228	0.339019	2.915238
10	1.027623	0.764059	0.624755	1.098023	1.369799	-0.445792	1.028235	4.721209	1.166705	0.972526	-0.518465	0.864161	2.308299	1.488039	0.000000	-0.126365	2.239599	3.804699	2.046749	3.198269
11	3.881914	6.040564	6.694704	7.662224	9.229314	10.930354	12.408454	7.703554	5.849964	0.000000	6.766704	8.655714	7.354584	8.176074	8.006824	6.344164	17.317054	13.421654	9.867334	12.779054
12	3.872473	3.061083	6.423143	3.956663	4.084193	7.599283	2.341783	3.108853	2.717863	0.000000	2.512623	3.973353	5.778243	2.762143	4.685573	5.316523	5.371043	4.419753	5.189833	5.151173
13	2.883172	1.518832	-0.642120	2.025402	0.801767	2.177962	0.952052	2.868332	2.193832	0.958452	-0.825503	0.000000	2.209712	1.258162	3.029102	2.304392	3.776542	4.324182	1.660262	1.079502
14	3.464062	2.142362	1.270462	1.485552	1.770732	0.000000	3.781872	3.448032	3.157592	2.551072	0.142033	2.273572	3.809482	1.789582	4.662102	3.207052	3.591132	1.805062	0.842034	3.158252
15	1.223056	-0.030794	-0.344689	1.727916	1.614636	-0.774794	0.014521	1.643216	0.000000	0.854446	-0.667867	-0.182203	0.660960	-0.211806	1.524376	-0.188355	0.187545	0.188411	0.148905	0.913716
16	5.604964	4.348954	9.773384	8.654504	8.730394	10.263284	13.293384	9.010704	7.111424	0.000000	8.305514	12.609284	12.668684	13.098084	10.487584	9.582484	34.934884	19.787584	13.972784	9.461444
17	0.000000	-0.591586	5.689934	4.290544	2.612574	6.127904	7.839574	2.254554	0.390789	-0.113955	1.443904	7.498794	6.702314	7.536704	4.719104	4.550014	18.536664	15.025364	14.212264	15.374864
18	1.064786	0.780056	0.479282	1.086606	0.529436	0.861066	0.539526	1.352346	0.382099	0.722246	0.404888	0.634056	0.549906	0.421402	1.048146	-0.447263	0.000000	-0.326996	-0.294856	0.960066
19	0.394204	0.000000	-1.286991	-0.080901	-0.286346	-2.038976	-0.498658	0.445874	0.242084	-0.057070	-1.658274	-0.882671	-0.395433	-0.212140	-0.924747	-0.163301	-1.047816	-1.480452	-1.640131	-0.092062
20	-1.229441	0.794299	0.223113	1.477879	3.031549	4.577439	0.164906	1.181679	0.512199	0.401019	0.267876	0.000000	0.295224	0.198812	0.279327	-0.050364	0.212969	-0.028583	-0.020374	0.308499
21	2.934162	2.290352	2.047152	1.592932	2.023952	4.215952	0.380165	2.786462	2.581112	2.208402	1.866362	0.000000	3.613602	2.089862	4.381992	1.585092	2.608052	2.597622	2.223582	2.841642
22	0.521383	0.000000	1.331603	-0.113533	2.834633	1.509673	11.005913	4.238453	0.129097	-0.169611	-0.956355	2.528793	3.012463	3.212433	3.600063	2.660803	22.629113	9.020823	3.759673	24.657613
23	1.305695	1.132755	1.081115	1.136275	1.386665	0.000000	1.043935	1.418215	1.541285	1.228735	0.934695	0.531045	0.761095	0.891835	0.894885	1.111545	0.864455	1.134805	1.110705	1.405375
24	2.952929	2.044519	-0.232378	0.000000	0.132548	4.416249	2.180349	1.670089	2.444769	1.289659	0.108059	1.356969	4.094179	3.462999	4.400669	3.184989	5.549739	0.625909	-0.004605	2.755719
25	1.765148	1.581438	1.477468	1.561438	1.124788	1.562948	1.127468	1.620708	1.812468	1.496528	1.083218	1.400858	1.509818	1.078538	0.057586	0.000000	1.466538	1.547548	1.345888	1.675858
26	2.518658	1.832508	0.704068	3.219648	2.989488	7.754918	1.516788	2.636638	1.980398	1.875138	0.299318	1.461568	1.475558	0.000000	2.127448	2.318138	1.536578	1.790358	1.607598	2.110468
27	3.507553	2.601073	6.044393	3.062993	9.978313	0.000000	7.925883	3.627553	3.145203	3.827213	2.828573	8.231863	3.836293	4.645413	4.313973	4.790693	23.704113	15.448713	15.510013	27.835213
28	3.612826	1.887126	3.411026	0.000000	0.883930	2.006336	6.056836	2.620386	2.980446	1.962906	3.310136	6.582886	7.080306	6.411206	4.164126	2.108786	26.871336	17.552536	11.254236	6.568036
29	3.147714	2.011594	1.108954	0.941254	1.510954	3.765374	2.769424	1.826564	2.507454	2.281214	0.904574	2.532624	2.687614	1.945514	2.498374	2.769514	0.972394	0.145128	0.000000	2.893074
30	1.009217	0.157866	-0.876907	-1.857443	-1.882973	-1.777573	5.236047	-0.155157	0.000000	-0.407708	-2.549223	2.656137	1.290087	-0.121482	1.119097	1.406237	12.646657	15.633057	4.390807	6.223297
31	4.723322	3.560512	8.403102	4.475812	5.297172	9.553942	12.500012	5.820192	3.880072	0.000000	6.453572	9.492702	7.952822	6.184952	11.933612	8.168482	19.457712	15.063312	13.500412	16.620512
32	1.486476	2.311486	1.470526	3.162726	3.093716	2.830386	1.697276	2.699456	1.782416	2.730286	1.234516	1.437346	1.500476	1.927616	0.500322	0.000000	3.271616	1.533976	1.312326	3.197886
33	0.964851	0.000000	-0.604911	0.075553	0.071238	-2.042069	-0.909633	0.936660	0.556145	0.753130	-0.294735	-0.234584	-0.400034	-0.291206	1.082380	0.833855	-0.043301	0.288722	0.237821	1.022881
34	0.408506	0.240384	-0.136761	1.168900	1.185530	0.857890	-0.050535	1.301830	0.314635	0.645032	-0.084634	-0.197328	0.299413	0.370346	0.002062	0.000000	0.051826	-0.156593	-0.182698	0.455126
35	1.320835	3.254655	1.781795	4.149015	4.371815	7.317515	3.206765	4.394645	3.424875	2.915295	1.027905	2.861585	2.784945	3.012005	2.865235	2.494415	0.900025	0.215135	0.000000	2.475825
36	0.808782	0.552166	0.115557	0.516572	0.115087	1.841217	0.142223	0.602310	0.718254	0.714495	0.455822	-0.005149	-0.058816	0.000000	0.686475	0.554487	0.793309	0.042874	-0.008463	0.765568
37	1.898898	1.524358	0.161228	0.675488	0.344688	0.274308	0.000000	1.536558	2.042218	1.037148	-0.204453	0.373948	0.922688	0.524188	1.710018	1.566818	1.196058	-0.536225	-0.423623	0.960678
38	1.672534	1.544334	-0.386858	0.745744	0.000000	5.820494	0.636539	0.518584	1.288024	1.250014	-0.714079	0.607115	0.901464	0.903984	0.553978	0.953174	0.984664	1.012344	0.961174	1.844244
39	-0.179051	-0.050378	-0.578454	0.050190	-0.155552	-0.572711	-0.533587	0.000000	-0.110760	0.069605	-0.723699	-0.405651	-0.218157	-0.023569	-0.426614	-0.295879	-1.081793	-0.518047	-0.526407	-0.064040
40	1.191028	1.015398	0.179168	0.753048	0.285798	0.732108	0.602318	0.753298	1.271088	0.947408	0.035576	0.248888	0.037710	0.746028	0.000000	0.499488	0.536858	0.342828	0.199818	1.116198
41	2.871397	2.479257	0.798877	2.329127	1.613467	1.463457	1.977087	2.789407	2.097257	1.957167	0.440207	1.453647	1.626627	1.693687	2.691267	1.880967	0.955867	1.371637	0.000000	1.829387
42	0.313031	0.310501	-0.189865	0.288731	0.029714	0.052359	-0.515069	-0.546893	-0.931954	0.354781	-0.446222	-0.120295	0.132577	-0.250235	0.000000	-0.107358	-0.368059	-0.204473	-0.273021	0.254421
43	1.494664	0.000000	-0.804944	0.307414	0.647874	3.345614	0.021258	0.785794	0.763034	0.536224	-0.429350	-0.357969	0.269784	0.434734	1.618044	1.009314	2.047194	0.087309	0.134625	0.734134
44	1.335690	0.536932	0.024987	0.256362	0.063820	-1.269248	0.344246	0.740500	0.920970	0.741660	0.119861	0.000000	-0.089821	0.599387	1.016190	1.084490	0.516974	-0.486478	0.179579	0.992430
45	0.483451	-1.045545	3.125955	-0.954900	-0.439851	-2.533735	-0.672434	0.196661	0.000000	-0.048641	-1.910915	-0.080352	-0.704745	0.642979	-0.785400	-1.610505	20.708135	6.763485	15.761835	24.522235
46	0.000000	2.324888	20.093278	9.965388	13.667178	9.833688	20.185478	9.166398	5.078528	10.335478	20.106378	21.418578	23.317678	21.848178	19.594578	19.058478	28.083778	28.636178	26.528778	40.866178
47	3.762817	3.201937	3.386797	3.671717	4.336887	3.451957	2.879267	4.035917	3.147767	0.000000	2.244697	2.311247	4.147247	2.990417	3.376327	1.537617	4.652177	3.875397	4.410767	3.932067
48	0.866525	0.317325	-0.649955	0.044402	-0.420706	2.756055	-1.187188	-0.051845	0.128212	0.370895	-0.507972	-0.786719	0.000000	-0.634117	0.559045	-0.123751	-0.746350	-0.712536	-0.767495	-0.353560
49	1.936148	1.448858	1.382388	1.256528	1.490238	0.000000	1.269438	1.227768	1.438998	1.605648	1.535458	1.315758	1.147468	1.422788	1.309278	1.620168	1.521028	1.300118	1.277348	1.433708
50	0.000000	2.405078	2.426238	4.834968	4.630958	5.976358	2.269348	3.327928	2.544738	2.566738	2.259128	2.393758	2.297398	2.451378	2.494408	2.194888	3.839578	3.867118	3.872458	2.139558
51	0.000000	4.266590	16.139960	15.656460	20.302560	10.604860	23.242960	13.338960	7.446280	7.617070	17.329860	23.381060	14.241660	22.363960	16.381160	15.366360	22.831160	46.690260	44.719960	56.317060
52	0.475567	0.617761	-0.930591	0.000000	-1.071576	0.379439	-0.788431	0.601429	0.063343	0.392204	-1.055135	-0.356105	-0.305251	-0.201659	-0.024954	-0.123776	0.605927	0.103306	0.040571	0.610020
53	1.807479	0.000000	-0.312184	1.199169	2.056739	4.709689	2.932139	2.267419	0.867259	0.983539	0.237139	4.583609	3.648069	2.454169	2.330629	1.487359	12.737739	6.979229	2.813049	8.092319
54	3.408316	2.761216	1.408426	0.947396	1.731146	5.681246	3.406646	2.285186	2.730656	2.415336	0.955216	1.150726	4.842166	2.728646	4.978966	2.306406	-0.243852	0.000000	-0.577978	1.660406
55	0.949790	-0.035840	-1.896950	-0.295261	-0.919836	3.333510	-1.398123	0.029129	0.000000	-0.028051	-2.179550	-1.845320	0.436408	0.085596	1.437440	0.265471	-1.410910	-0.207079	-2.424850	-0.684636
56	4.285553	3.214533	1.572763	2.667253	2.822473	1.044463	4.307183	4.154333	3.250213	0.000000	1.698493	4.422213	3.562843	3.639353	3.188893	3.157023	1.190763	3.379133	2.920843	3.899803
57	1.903799	0.000000	1.900289	1.597279	1.655269	-1.596375	0.678919	3.090289	1.467249	0.649319	0.538059	0.310479	1.086529	0.476719	1.717839	0.319319	1.710279	1.766789	0.986629	0.734639
58	0.696927	0.530387	-0.901057	0.267517	-0.097735	0.043173	0.421799	1.189027	0.557978	0.377019	-0.833158	0.369311	-0.454720	0.218578	0.000000	0.206055	0.238057	0.264659	-1.348192	0.817477
59	1.692798	0.790418	-2.352482	1.448208	0.620188	-0.130916	-0.733704	1.763478	0.404283	-0.522871	-2.264932	0.150215	1.247608	0.000000	1.752828	0.047364	10.577598	4.196188	1.636548	-0.475064
60	2.622333	1.760223	0.500054	0.000228	-0.484996	7.426563	0.952847	0.000000	1.785463	0.878768	-0.164506	-0.737798	1.425523	1.497013	2.780943	2.044883	3.224223	0.703704	0.450894	1.338413
61	3.277676	2.098606	1.790086	3.837826	4.594886	0.000000	7.490716	4.279086	2.721656	1.741426	2.189626	4.738446	3.246796	4.078186	4.203656	1.306134	11.124136	13.695636	10.387836	5.877496
62	2.714278	2.555468	2.219318	2.800018	2.494278	6.416518	2.406478	2.651028	2.352948	2.552728	1.502808	2.494628	2.413868	2.227358	2.838938	2.716578	0.000000	1.705098	0.921058	2.767288
63	0.883263	0.000000	-0.195528	-0.173348	-0.743680	-0.494496	-0.302514	-0.128249	0.250751	-0.201396	-1.273637	-0.548128	-0.322277	-0.405865	0.328073	0.135344	-0.111850	-0.303534	-0.257297	0.735693
64	1.773269	1.236649	-0.832441	0.000000	-0.894346	0.844409	0.289399	1.488429	1.536339	0.968739	-1.190804	-0.175586	0.020012	0.383009	-0.162668	0.272789	0.661119	0.746669	0.549849	0.432839
65	0.903050	1.665430	0.341510	1.436720	1.470910	3.049290	0.819120	1.020060	0.339280	0.882020	-0.220050	0.932100	1.264780	0.945710	0.380470	0.000000	1.509470	1.625470	1.418260	1.253840
66	0.439878	-0.051465	0.192139	0.654368	0.643318	-1.655352	0.150816	0.613398	0.209527	0.563758	0.370348	0.068840	-0.610911	-0.073141	0.000000	0.360146	0.333761	0.366978	0.378778	0.530278
67	0.598378	0.506768	-0.726134	0.601638	0.498998	1.150128	-0.655358	-0.235301	-0.195840	0.534208	-0.470036	-0.940141	0.092265	-0.045232	0.000000	-0.432570	-0.286061	-0.196776	-0.171316	0.269789
68	4.738869	3.346799	1.978239	2.761209	2.463939	4.148369	2.734299	3.263829	3.965549	3.281819	0.882892	2.299459	2.874169	2.960749	3.595269	3.431299	1.542889	0.618017	0.000000	3.070299
69	1.424729	0.000000	10.235249	3.149799	7.669809	6.076929	24.382949	2.997169	-0.899196	1.628199	9.433259	17.244249	14.774449	9.513779	9.232299	8.409209	8.699269	37.011149	32.425049	12.150849
70	5.175539	3.915809	0.000000	2.025929	1.538539	4.290419	2.969309	3.477859	4.924679	3.087179	0.372138	2.557979	4.313599	2.473079	5.646729	3.262529	-0.156432	1.004899	-0.113492	1.922819
71	0.000000	5.758683	9.641343	9.956183	12.948293	15.150693	21.312393	10.131793	6.996823	6.368643	9.706833	13.388593	12.136593	12.491093	11.661093	11.977193	45.959293	31.076593	23.418993	56.061093
72	5.042581	4.202781	1.725241	3.361921	3.301331	3.371791	4.794741	4.532061	3.519461	3.606661	1.438751	2.501021	5.948191	4.640201	6.402241	3.933641	2.635551	1.197270	0.000000	3.239601
73	1.595046	0.000000	2.584092	-0.207703	1.251820	4.343272	4.843672	2.300512	1.018086	-0.160648	-1.349708	4.112522	4.707922	2.936622	4.346242	4.179882	27.013912	14.051812	11.129412	49.324312
74	1.335677	0.000000	3.009467	1.937497	3.674327	5.869517	0.768637	3.336307	1.463157	1.559587	0.282398	0.194594	2.436727	4.706597	4.856947	4.237657	4.372527	3.887877	3.417627	5.368597
75	3.003380	1.746462	0.810506	-0.353170	0.253902	4.718800	12.149920	0.000000	0.538749	-0.495820	-1.667070	5.039280	2.505270	2.343890	2.504310	3.313600	18.631720	15.203520	12.652620	10.104320
76	1.322093	0.442393	-0.940837	-0.823635	-1.293168	3.482983	-0.971162	-0.614235	0.000000	-0.228489	-0.887246	-1.250452	-0.210934	-0.757549	0.135516	-0.221469	-0.422132	-1.373388	-0.758872	-0.256156
77	4.344783	3.196383	0.093664	0.869363	0.000000	4.198123	2.101833	2.995553	3.870923	2.458713	1.154413	2.324843	2.481023	2.688263	3.387303	2.973093	2.953353	1.894253	1.550933	2.849323
78	0.819268	0.000000	-0.085835	0.951518	0.346648	1.950978	0.323458	0.715848	0.371368	0.607248	0.314328	-0.019571	-0.189613	0.256278	0.137217	0.415798	0.435138	0.392198	0.360728	0.396718
79	0.000000	2.187048	1.848218	5.280318	4.482888	6.239028	1.210288	2.825218	2.232968	2.134508	1.829458	1.855138	1.849058	1.826988	2.048478	1.804218	3.638108	3.598208	3.586168	1.738968
80	-0.092867	0.207531	-0.546226	0.772866	0.129677	4.514806	-0.296406	0.028391	0.000000	0.190537	-0.948401	-0.352252	-0.099827	-0.105313	0.035507	-0.058171	-0.923408	-0.215672	-0.179127	0.085314
81	0.719185	0.656285	0.862585	1.474255	1.348945	1.827925	0.462425	0.728895	0.221495	0.324675	0.622295	0.660545	0.337185	0.053750	-0.179225	0.000000	0.498535	0.375685	0.297465	0.748295
82	2.989468	1.920788	0.789138	1.529388	1.047868	0.380438	1.591088	2.569068	2.774998	2.623068	1.238918	1.161228	0.000000	0.863058	2.684438	1.649428	2.282318	1.769218	1.611588	2.220138
83	0.721375	0.000000	-0.229392	0.385785	0.041070	-1.632196	-0.095093	0.077102	-0.036506	0.343515	-0.398302	-0.249244	-0.866754	-0.160247	0.675965	0.017968	-0.123026	-0.342960	-0.482157	0.382225
84	0.000000	-0.125998	-0.450808	0.625175	0.219145	-0.360796	-0.203700	0.881015	-0.182248	0.407255	-0.383054	-0.205181	-0.248573	0.049583	-0.142851	0.168720	-0.864075	-0.248441	-0.287243	0.194315
85	3.560197	2.669317	0.316288	2.310797	1.073577	2.345577	2.822847	2.519047	2.840657	2.525317	0.959027	1.065257	5.477697	4.834417	5.097147	2.441467	0.000000	4.397167	2.283627	2.449587
86	6.117133	5.425913	5.872973	6.819753	6.911823	8.632343	12.793183	7.089843	6.663043	0.000000	6.232623	6.179303	9.988783	8.874053	11.148983	9.186553	26.212183	10.734583	8.357413	9.118333
87	4.784040	7.051690	10.203070	11.107970	11.323370	11.145070	14.843970	11.973870	7.616080	0.000000	8.267910	9.636270	13.045970	12.487170	10.493770	9.358290	19.609870	17.508370	13.875870	26.231670
88	1.482533	0.000000	-0.107573	3.093783	4.887633	9.961063	2.236433	2.802113	1.018473	1.933953	-0.204113	1.626633	2.147833	1.872673	3.688723	2.582603	3.484333	3.709773	1.988173	1.435383
89	6.010612	4.601312	3.759242	5.463812	8.331152	5.780542	13.514702	6.380332	4.901962	0.000000	5.969902	9.869712	10.068662	8.622992	11.044402	7.858072	27.840402	26.934402	20.476102	62.954402
90	5.126019	3.611129	2.159729	2.401009	1.458929	5.634019	3.779499	4.098299	4.534179	3.363559	0.726979	2.867859	4.520789	3.705349	5.178769	3.586659	0.232641	0.000000	-0.342021	2.734539
91	1.915008	0.426467	-1.342172	-0.612456	0.102292	4.175348	-0.103881	0.538747	1.550938	0.238871	-0.952719	-0.590025	0.000000	0.386439	1.325108	1.058558	1.357348	0.248699	-0.264328	1.076418
92	6.784230	4.713320	0.000000	2.148690	1.115535	6.882150	6.073190	4.021570	5.988890	3.943200	0.008213	4.333890	3.973770	2.814880	5.107940	3.463700	11.291160	11.620660	7.120760	4.579290
93	0.969284	0.575044	-0.987406	-0.608868	-1.397694	1.790684	-0.985312	0.000000	0.508754	0.136244	-0.381391	-1.001204	-0.135598	-0.226475	0.704854	0.189524	-0.271452	-0.548778	-0.915783	0.051824
94	5.833630	4.222340	1.709670	4.030040	3.298560	4.161930	4.262540	5.680030	5.260980	4.450790	1.320328	4.536120	5.004750	4.692350	5.820870	4.204870	-0.356048	0.755580	0.000000	3.339630
95	-0.167576	0.011358	-1.625095	-1.026468	-1.706175	5.943430	-1.901720	0.000000	-0.299462	-0.633287	-0.791901	-1.079190	-0.211037	-1.004601	-0.444225	-0.581905	-0.305591	-1.314818	-1.478856	-0.676161
96	0.857432	0.629082	1.133202	1.767772	1.694672	4.399252	-0.410840	0.106481	0.000000	0.558812	1.013452	0.318412	0.007704	0.359682	-0.223880	0.087062	0.767642	0.706792	0.617312	1.018402
97	0.000000	2.847887	3.058177	7.101247	5.328757	6.120687	2.995207	5.301567	4.220317	3.304497	3.082007	2.740787	3.371017	3.424577	2.541497	2.896067	5.757317	5.592287	4.247757	4.839387
98	2.241118	1.801818	1.761068	2.496588	2.585958	0.000000	1.843718	3.443718	2.089008	2.332538	1.606798	1.881538	1.420878	1.689058	1.664978	1.806478	2.142398	2.007278	2.015998	2.376988
99	4.493121	2.725161	1.728861	0.000000	0.944361	2.648911	5.845901	2.852151	3.831521	2.291801	2.083661	9.580481	5.864431	4.300771	3.681901	2.141771	27.944581	25.954181	18.324281	36.536081
100	0.928930	0.000000	-0.284031	0.274780	0.200400	1.856630	-1.056789	-0.112117	0.526310	0.372520	-0.406375	-1.339679	0.009368	-0.268779	0.327010	0.584720	0.432390	-0.148108	-0.189554	0.292440
101	0.000000	2.714638	3.021868	4.104818	3.960798	6.924648	2.292468	4.094438	3.092318	3.014218	2.619788	2.753338	2.994848	2.578258	3.073278	2.992688	2.866088	2.902338	2.874328	3.059468
102	1.673802	0.346482	-0.723833	0.859562	3.343302	3.646652	-0.356569	0.532272	0.465522	0.779252	-0.952404	0.000000	2.187402	0.838722	2.535292	0.769832	0.456582	-0.040525	-0.362003	1.190252
103	2.804103	2.070373	-0.066631	0.528933	0.621643	4.213043	-0.036720	1.315683	2.153383	1.581413	-0.642963	0.000000	1.974143	1.258213	2.277273	1.878603	1.582943	1.106643	0.999603	1.856143
104	5.288685	3.714685	0.187560	1.514015	1.200994	5.441105	4.650175	3.341525	4.567065	3.369415	0.000000	3.309605	4.339455	3.312825	5.735255	4.667285	9.515135	17.356115	10.056035	5.931675
105	4.954455	3.063035	0.070540	0.000000	-0.777456	4.289485	3.908555	2.511835	4.318335	2.485225	-0.311150	2.952895	3.734055	2.814425	4.462285	2.487995	4.902725	4.023535	5.975635	3.977185
106	4.793610	3.151310	-0.447570	0.000000	-0.474750	3.672950	5.397790	2.631570	4.438090	2.578720	0.758079	2.759620	3.947650	2.780360	4.923640	3.738420	8.727280	7.104930	4.277110	6.218620
107	4.689225	2.938705	-0.037498	2.484985	1.955075	4.303975	5.385985	3.947115	4.512505	2.780875	0.101338	0.585862	3.103785	0.000000	5.336875	3.641585	23.592835	17.081735	16.226635	16.416835
108	1.378402	-0.355096	1.420081	-1.549929	-2.341118	0.108014	10.385911	-1.020010	0.000000	0.743630	-1.398838	6.188341	11.905411	4.851112	3.641112	2.681602	19.345312	22.788612	16.879112	8.077151
109	1.579751	0.532270	-2.418759	-1.927659	-2.688829	3.284681	-1.712399	0.000000	0.733771	0.036294	-1.492649	-1.089700	0.646053	0.112028	1.134291	0.572115	7.652181	2.465291	1.654861	3.902241
110	1.113997	1.523801	3.875551	3.451221	4.445421	6.031851	1.531131	4.052791	0.000000	1.499981	1.221391	2.362001	3.548681	2.405151	3.894351	2.787391	7.111551	6.767921	6.436981	9.697581
111	1.567601	1.201261	0.772401	1.375841	0.954061	2.799701	0.548337	0.000000	0.254625	1.302421	0.654971	0.676411	1.389871	1.025411	2.069981	0.872191	1.266411	0.863131	0.714841	0.823331
117	0.401228	0.113358	-0.554259	0.121455	-0.490200	-0.176965	0.106340	-0.032759	0.000000	-0.099670	-0.598060	-0.181976	-0.688797	-0.411943	-0.845457	-0.326916	0.087408	-0.078078	-0.087940	0.167730
118	2.595640	1.425020	0.306901	0.695860	-1.011967	1.523530	1.152070	0.820500	2.477460	1.184670	0.180764	1.127570	0.958130	1.197120	0.457195	0.000000	0.751440	0.490113	0.148894	0.981040
119	1.379823	0.516213	-0.066586	-0.073631	-0.562593	4.116203	-1.073367	-0.277837	0.835553	0.475013	-0.254389	-0.300251	0.593263	0.588073	1.383733	0.024253	-0.280242	0.224865	-0.016097	0.000000
120	7.132139	5.546799	1.702009	3.840299	2.854429	8.086709	5.335059	5.404249	6.212169	4.875369	1.783059	4.753739	5.577589	4.319459	5.829839	5.182599	4.987649	0.665593	0.000000	3.713909
121	1.270934	-0.081324	-2.145516	-0.746989	-1.853976	1.981274	-1.084669	0.721864	1.562604	0.103062	-1.303946	-1.469676	-0.430301	-1.121749	0.000000	-0.664949	0.041811	2.163564	4.809994	0.126103
122	4.771429	3.399629	0.000000	1.304726	0.172103	5.183869	4.281149	3.214159	4.408309	3.056139	0.176039	4.020519	3.608889	2.372829	4.687459	3.410279	6.892049	3.548079	1.039925	2.948399
123	2.492405	1.418968	-1.194325	0.702217	-0.305585	5.014675	-1.869595	1.940515	2.522555	0.954411	-0.565925	0.014032	-0.305345	1.032046	1.667222	0.000000	-0.873645	-0.637025	-1.184395	0.257169
124	5.521312	3.913372	0.339232	1.263871	0.000000	10.475262	6.682612	2.925172	3.841252	2.330892	-0.078449	5.296972	3.682252	3.995792	4.600012	3.455102	12.246062	8.455502	6.546512	6.504112
125	5.511620	3.447490	7.353100	2.038260	4.767880	0.000000	22.613980	2.983950	4.382800	3.470120	3.862770	8.386630	6.156260	7.457250	5.685320	4.081890	21.410280	11.592080	7.790810	21.223380
126	0.000000	3.862609	12.633149	11.086649	13.203149	14.429849	23.400649	12.150949	7.020529	5.045119	13.664349	17.367249	12.366349	15.697049	11.450449	12.060649	29.098549	14.395949	17.501049	20.041649
127	0.000000	-0.060818	11.334076	9.316586	14.193076	8.444486	21.384176	7.945666	1.847476	3.945456	13.159376	15.099076	4.595296	8.958786	6.579496	8.864826	33.320576	27.897076	25.459176	60.578276
128	0.000000	3.944349	8.022249	10.746809	13.090609	7.278989	6.401399	7.680969	3.902899	5.387659	5.672129	6.740429	7.071719	7.384469	8.185019	7.443279	13.783109	10.428909	10.157809	9.480509
129	1.241510	0.765704	0.007281	0.000000	0.779142	-0.141028	-0.190081	0.286229	0.851883	0.963232	-0.447287	0.120872	3.009440	0.633318	3.551020	1.659110	5.037860	6.120540	1.005827	0.943648
130	0.000000	3.150612	3.543582	4.980352	4.678992	9.011042	3.366722	5.535372	4.110912	3.913782	3.415892	2.966492	3.977502	3.767872	3.620982	4.050752	3.169962	1.445432	1.797512	3.832142
131	0.690485	0.367063	0.030085	0.397844	0.000000	-0.682156	0.078484	0.310811	0.459938	0.292406	0.099562	0.080257	-0.009617	0.288768	0.648475	0.208917	0.478324	0.272110	0.201371	0.769305
132	1.268845	0.661175	-0.360108	0.225715	-0.196654	0.994325	-1.103310	0.292515	0.649305	0.728855	-0.179712	-0.713327	0.775635	0.117088	1.347885	0.226375	-0.077250	0.094008	0.000000	0.861835
133	2.580190	2.351110	1.275110	1.773070	2.585780	3.188670	2.620290	2.646220	3.051600	1.487010	1.136687	1.656630	2.672280	2.732790	0.000000	1.061055	1.918690	2.746090	2.700200	2.522120
134	0.000000	2.569639	9.736839	7.413659	17.402229	6.636179	21.683429	6.494739	3.610089	3.327499	12.262629	17.556229	13.102929	12.532329	9.633189	6.469609	57.396429	35.671829	28.022329	28.118729
135	5.940620	4.454130	7.907300	6.175480	7.840920	7.409040	11.154980	6.514370	5.829570	0.000000	5.659750	8.930440	8.380060	9.616310	10.313880	10.331580	19.565980	14.117880	15.127580	23.982480
136	0.846682	0.119809	-0.230490	0.338775	0.113294	0.233419	-0.647794	0.000000	0.194248	0.820175	-0.321603	-0.887593	0.249401	-0.420216	0.670421	-0.359293	-0.168640	-0.171616	-0.201049	-0.243587
137	2.090368	1.554388	1.407868	1.476888	0.966365	0.000000	1.382958	1.363258	1.587768	1.330928	1.068768	0.737820	1.822568	1.597838	2.033978	1.692398	1.520688	1.830788	1.792878	1.908018
138	1.953219	-0.180964	-0.442417	1.486949	2.257759	6.098859	0.075492	1.817159	0.788703	-0.591767	-2.734921	-1.087961	1.372129	0.000000	2.135129	1.613269	27.835189	29.443189	27.619889	6.230029
139	3.712870	4.031460	1.758830	3.506480	2.904690	6.494610	2.706850	3.993470	3.343070	3.236530	1.281220	2.821800	3.679350	3.023400	3.730600	3.170910	1.911260	0.949540	0.000000	3.735910
140	0.000000	3.469548	3.620618	4.942708	4.914238	5.844048	2.795488	4.901668	3.644708	3.575348	3.504918	2.900618	3.616918	3.150838	3.638358	3.545138	3.514748	3.541288	3.553478	3.684998
141	0.000000	2.421201	2.267051	3.752971	3.577811	6.742121	1.515041	3.677991	2.288081	2.327291	1.968961	1.436441	2.991081	2.104961	3.488581	2.642311	3.084861	2.241021	2.729111	3.046221
142	4.454281	3.492701	0.000000	1.619691	1.110672	2.191951	3.359911	2.816181	4.046391	2.775641	-0.072834	2.907361	3.930041	2.613431	4.594601	2.417111	11.839711	2.976541	2.939981	7.640071
143	2.493723	1.866333	0.750653	2.519473	1.221603	0.000000	1.214143	3.151303	2.332703	2.328403	1.269553	1.309973	2.216173	1.879773	2.364903	1.992883	1.946133	1.964363	1.382663	2.557373
144	0.000000	6.227643	11.074883	13.567783	15.362283	9.570683	16.353383	11.909283	7.537623	7.393593	7.754253	12.072683	14.008083	12.111683	14.048883	12.121983	25.816483	16.665483	12.825983	28.347783
145	0.436308	-0.263158	0.074920	0.261448	0.190288	0.529888	0.159668	0.282118	0.157298	0.459848	0.011774	0.116148	-0.452072	0.000000	-0.170861	0.328478	0.230788	0.155118	0.126157	0.347028
146	1.616196	0.816116	0.164478	0.936816	0.555696	-0.391784	0.000000	1.110586	1.553516	1.066686	0.453016	0.255827	1.149076	0.270271	1.541116	0.172868	1.011386	-0.393260	0.217716	1.247696
147	0.557115	0.365695	-0.076609	-0.065161	-0.474283	1.352755	0.043347	-0.054764	0.263840	0.090869	0.222546	-0.122580	-0.123276	0.066043	-0.162976	-0.050010	-0.323025	0.000000	-0.167991	0.241426
148	0.000000	3.048968	3.025458	3.909748	3.917538	5.370818	2.971468	3.904028	3.265948	3.191538	2.620658	3.001638	2.876208	2.789738	2.829648	3.191088	3.401148	3.017098	3.178528	3.538158
149	0.000000	9.129891	30.404791	26.493191	30.376691	18.024891	32.705991	23.644791	13.069091	16.241991	24.054291	31.037191	28.636591	30.044591	22.271091	23.164691	43.365591	35.151691	34.418491	58.262791
150	2.897321	1.859601	-0.194349	0.862711	0.000000	0.800351	5.936241	2.535081	1.509871	1.759121	2.131351	7.017461	3.749051	3.969551	3.495731	2.045691	8.449601	7.136011	6.615151	4.480881
151	-0.154666	0.162730	-0.400782	-0.012643	0.148530	0.794640	-0.591780	0.037833	0.000000	0.051574	0.056351	-1.213049	-0.198464	-0.409233	-0.252430	0.042636	-0.359974	-0.443397	-0.521046	-0.117666
152	0.596744	0.738334	0.250353	0.567874	0.591804	3.659104	0.247414	-0.082961	0.000000	0.860034	0.347524	-0.054647	-0.734348	0.217986	-1.555821	-0.157605	0.938274	0.542224	0.395424	0.959394
153	1.967508	0.978468	0.256159	0.662198	0.061448	-0.859933	0.000000	1.514528	1.812298	1.359668	0.247071	0.364328	-0.008493	0.597198	1.076248	1.684678	1.462128	1.987308	2.237188	2.051648
154	0.105652	-0.373872	-0.486225	-0.014590	-0.320900	-1.614035	-0.478165	0.231183	-0.072364	-0.044012	-0.414584	-0.888568	-1.519562	-0.343373	-0.795698	0.000000	-0.087621	-0.441032	-0.525017	0.013306
155	3.112096	1.805976	1.060386	1.473296	1.245956	3.219396	1.792916	1.991466	2.444556	2.147846	1.226116	1.424816	0.000000	1.348936	0.951756	2.024846	1.652996	1.898646	1.743906	2.280516
156	4.081788	2.271308	8.905128	3.786708	3.893438	5.795478	14.489958	6.517918	3.629698	0.000000	8.743798	10.624858	11.654358	10.333858	7.241808	7.230928	25.917558	23.088558	17.489258	59.808258
157	1.485045	0.909315	0.892715	1.520035	1.355595	1.932915	0.975745	0.871295	1.259365	1.305665	0.863045	0.946215	-0.044210	0.760535	0.000000	0.906795	1.559435	0.147008	-0.105979	1.672495
158	1.186698	0.807288	0.084424	1.359408	1.082948	2.874968	0.000000	0.489608	-0.017477	1.102928	-0.053882	0.210968	0.938808	0.549818	1.076808	0.597248	0.593008	0.328958	0.253018	0.273728
159	5.473357	4.338717	0.832227	3.680937	3.347677	7.146577	3.659877	3.692697	5.163787	4.343447	1.119837	4.143627	6.356637	5.235887	6.930997	4.577187	8.056997	1.453297	0.000000	3.286497
160	4.331031	2.796431	1.417341	1.621121	1.326961	0.000000	2.190641	2.540041	3.524041	3.038261	1.519761	2.169981	2.405701	2.423591	3.324091	2.425231	2.359531	1.305741	1.912831	2.864291
161	0.635088	0.266408	0.273408	0.434088	0.302968	-1.298761	0.353108	0.503368	0.646438	0.706698	0.251778	0.209708	-0.109495	0.034478	0.000000	0.555008	0.044740	-0.015549	-0.151784	0.724828
162	1.449951	0.000000	-0.788078	-1.075797	0.666641	-1.140107	-0.190793	1.371191	1.060061	0.542881	-0.267179	-0.548951	0.611761	-0.328226	0.945731	0.083596	0.389701	-0.334246	-0.299827	0.128337
163	4.610656	3.499496	0.000000	4.343356	3.637596	4.041956	7.117156	3.838006	3.550596	3.687916	-0.079509	5.010566	3.903886	4.014676	4.365606	3.664226	5.154136	7.312666	6.210696	4.194886
164	3.024144	2.062374	1.755994	2.563564	2.551424	6.617414	0.001932	2.146924	3.038094	2.710554	1.576774	0.000000	3.185864	1.879884	5.700484	3.346084	4.190224	5.964284	5.728064	8.798624
165	2.044840	1.793330	1.479160	1.915710	1.731370	0.000000	1.727520	1.905080	2.002070	2.228870	0.992010	1.521150	0.779060	1.277020	1.258910	2.088470	1.725480	1.765590	1.515870	2.133630
166	0.000000	0.650996	10.685538	8.006428	11.206138	2.377418	16.524738	7.459898	4.704038	5.401108	8.166128	13.850538	9.590618	11.567138	11.873638	11.765738	25.523238	28.742338	25.794138	39.374738
167	3.708613	1.958763	6.170543	3.808503	7.867283	4.887373	15.671413	3.524253	2.926543	0.000000	5.679383	11.338713	9.403233	7.460873	6.220423	3.592643	34.905913	22.334613	16.495113	28.133413
168	3.041087	2.343697	1.294757	2.123767	1.632917	4.402867	2.324327	2.014187	2.705917	2.686897	1.169327	2.080187	2.216927	2.074657	3.662627	2.831187	1.261387	0.000000	0.856087	2.515527
169	5.466181	5.143761	3.339001	4.851081	4.472651	5.806631	5.860191	5.230541	5.304931	5.505931	2.433821	5.248721	6.016211	5.650191	7.314261	5.526311	0.000000	2.015731	1.086861	4.893351
170	2.177560	0.842430	-1.330617	0.708630	1.645540	2.070320	0.000000	1.859570	1.605240	1.204930	-1.239767	-0.184889	1.811890	1.041540	2.419830	0.055333	-0.613356	-2.048660	-1.474799	1.149360
171	3.384150	2.640160	0.702930	2.088110	1.045680	2.139470	2.502310	2.261700	2.361720	2.795470	0.586840	2.196990	2.657990	2.221290	3.164830	2.515390	1.506200	1.046700	0.000000	2.063600
172	0.757459	0.699319	-0.190188	0.630289	0.101722	4.694409	0.727159	0.285015	0.858939	1.013849	0.041230	0.598489	0.829619	0.874809	0.000000	-0.431599	0.069323	0.527279	0.429429	0.911999
173	5.306843	4.364653	3.240813	4.153893	3.717443	3.381423	4.685813	4.825163	5.345043	5.047963	2.266823	4.974633	5.256313	4.474523	5.323963	5.215313	0.000000	2.307363	2.150463	4.284953
174	5.822742	4.387262	1.412805	6.764032	6.830652	8.125252	4.664062	5.408762	5.512312	4.383822	1.165585	3.937502	5.243042	4.497532	5.170452	4.652742	1.398159	1.707712	0.000000	3.717622
175	0.444523	0.831553	0.080347	2.728293	1.930313	5.711623	0.380083	2.430693	1.059453	0.866363	0.222678	0.000000	0.572253	0.038242	0.439493	0.255073	0.864413	0.138869	0.503193	0.359983
176	1.071302	1.842842	2.707572	3.016022	3.128552	5.750792	1.949702	2.735072	2.087172	1.810792	1.844652	0.941202	1.414322	1.355382	0.532562	0.000000	4.088952	3.725912	3.411622	2.042472
177	2.126120	0.000000	4.269180	1.116630	3.107510	7.498790	8.915080	0.045073	1.915760	0.588800	4.641920	5.620920	7.514710	4.853250	1.971620	2.807030	25.425660	28.471560	19.196660	25.857960
178	0.819798	0.737018	0.465628	0.575798	0.365448	0.245218	0.308378	0.522348	0.895248	0.696398	0.743588	0.601208	0.325748	0.417048	0.000000	0.480398	0.548508	0.544728	0.482498	0.591918
179	1.646220	1.728850	1.659050	3.098550	3.549250	2.803810	1.366160	3.456700	1.725570	2.342000	1.156650	1.328930	1.012760	0.864620	0.490800	0.000000	4.801530	3.455870	3.920030	4.071050
180	4.117479	2.654669	2.732369	2.316539	4.082039	0.000000	5.757949	3.517769	3.539179	2.965499	3.720179	4.472509	3.408289	4.253509	6.123899	5.228299	13.620219	16.014819	13.043919	14.903119
181	0.651822	0.277942	0.087268	1.565362	1.361182	-1.024121	0.199007	0.847162	0.000000	0.489102	-0.184947	0.291432	0.276922	0.640532	-0.035869	0.214582	0.270422	0.121115	-0.026898	0.612922
182	6.027430	4.565890	1.816730	6.707320	5.895580	7.215450	6.314220	6.323140	5.811220	4.159670	1.385020	5.293610	5.747250	5.135920	6.259600	5.068950	5.573780	0.971645	0.000000	3.837960
183	0.341463	-0.188808	-1.382224	-0.905866	-1.432881	2.545403	-1.627626	-0.270511	0.000000	-0.247582	-1.253506	-1.630242	-0.775728	-0.983492	0.385913	0.104669	-1.185275	-0.047652	-0.500772	-0.348605
184	4.969405	3.438325	1.512335	2.699845	4.239075	5.501825	3.928335	3.764645	4.536215	3.271945	0.821945	3.902725	3.922995	4.037185	4.743405	4.578115	0.118492	1.841415	0.000000	3.349785
185	1.514172	1.193762	0.532672	0.637602	0.576172	3.235572	0.000000	0.605452	0.785692	0.917552	0.243622	-0.045663	0.393652	0.270874	0.886932	1.180592	0.961842	0.557632	0.547552	1.282042
186	2.373925	1.392435	-0.684354	0.582121	0.197418	0.319689	0.952185	1.159595	1.316075	0.504913	-0.720909	-0.189037	0.459061	0.000000	1.484995	2.027465	2.408085	1.985965	2.588475	2.227105
187	4.012736	2.658646	1.184596	0.000000	-0.620693	6.349126	5.578006	1.646066	2.975816	1.916956	0.703344	2.517486	4.613046	2.858346	4.862106	2.499906	4.199776	7.810426	4.711776	3.311316
188	0.794990	-0.001858	-0.323009	0.568690	0.447230	4.201710	-0.241490	0.322688	-0.034907	0.318520	-0.275661	-0.471684	0.537850	0.000000	2.338890	-0.008443	0.071228	0.736450	0.339426	-0.191843
189	5.941655	4.295105	4.783125	3.529835	4.691645	2.926345	12.140725	5.136795	4.880365	0.000000	5.567155	7.760525	6.174745	5.710665	9.168495	6.000665	31.397725	15.468825	22.102925	31.935825
190	3.469881	3.034261	1.303891	1.848751	2.583451	0.000000	2.939881	1.955531	2.601951	2.937521	1.510421	3.207831	3.572931	3.248571	2.594001	2.873801	3.161981	4.374991	3.361601	3.875661
191	0.311761	0.000000	-0.206996	0.362646	-0.080494	-1.856665	0.178625	0.346989	0.401432	0.625855	-0.313439	-0.085148	-0.789885	-0.330198	-0.218914	0.245459	-0.482209	-0.172449	-0.211345	0.497684
192	2.748495	1.579755	1.125085	1.245085	2.160985	0.311384	1.588165	2.700195	2.396645	1.755805	0.562498	1.110465	0.000000	1.052695	1.342945	2.085395	1.005525	1.515185	1.257115	2.144095
193	5.143478	3.614958	0.000000	2.482038	1.649678	2.943018	8.303618	2.289578	3.893678	3.231468	0.448611	4.051958	4.389398	3.161488	5.417308	3.474568	23.606248	15.941148	8.253378	6.174758
194	1.975375	0.861765	-0.171997	0.000000	-0.347051	0.572625	1.416795	0.596515	1.275005	1.134145	-0.149966	0.780775	0.924335	0.536545	2.365315	2.063315	1.154235	0.047810	0.123217	2.020135
195	0.113011	0.000000	0.180818	1.313742	1.172442	1.717272	0.584082	0.277731	-0.159877	0.687762	0.152536	0.431362	0.098400	0.312637	0.659782	-0.000121	0.348775	0.244722	0.226242	0.300347
196	1.477980	0.367377	-1.123048	-0.274039	-0.908732	2.689550	0.000000	0.502811	0.572360	0.205537	-0.925322	-0.338924	0.766550	0.022999	1.826020	0.489292	0.626050	-0.284375	-0.458694	-0.181818
197	3.040191	1.775431	1.904341	0.781548	3.890241	2.312971	9.846291	0.000000	0.717864	0.984388	2.356111	5.252971	5.503431	5.268081	4.094711	3.859791	23.096391	12.033191	9.384651	6.486191
198	0.000000	4.647548	4.241718	7.047358	6.815878	12.895128	5.900528	6.915728	5.181658	5.517368	4.263478	5.224808	5.170868	6.382408	5.463968	5.727938	7.623528	8.135818	7.932078	6.698488
199	6.906883	6.522383	14.728353	9.288603	10.239653	13.882953	17.165753	8.713163	7.567023	0.000000	10.763853	14.466753	17.352753	14.714753	12.567053	12.839753	33.763253	29.745153	26.981253	66.415753
200	2.334912	1.676942	-0.108415	1.453822	0.665002	3.033842	0.000000	1.264172	1.624752	1.293512	-0.144344	0.076493	1.105012	0.797792	2.895352	1.674362	-0.022205	0.298482	-0.328562	0.555372
201	4.107667	3.152727	1.781107	2.103197	1.973657	0.280519	0.000000	2.719647	3.063817	3.477737	1.736257	2.049417	4.284887	3.393777	4.402567	3.304477	6.758047	7.697897	6.382277	5.722377
202	0.110304	-0.473274	-0.403732	-0.143845	-0.700432	2.576485	-0.807100	0.160137	-0.314741	-0.069903	-0.743508	-1.011078	-0.597834	-0.421335	-0.055313	0.000000	0.242845	-0.882714	-0.928747	0.031389
203	2.552241	2.036221	1.047541	1.875521	1.203031	1.609181	1.708781	2.468311	2.381701	1.704231	1.411251	1.301701	1.269471	1.340581	0.000000	0.717781	1.911561	1.425721	1.364281	2.252411
204	1.608230	0.518411	-1.225853	0.095726	-0.190310	2.626070	1.734780	-0.032465	0.808780	0.763300	-1.387500	1.222390	-1.126857	-0.131951	0.000000	-0.508058	1.891050	0.753730	0.407817	0.765440
205	0.000000	0.069336	-0.258070	0.343408	0.264398	-0.665588	-0.289486	0.433108	0.064226	0.180508	-0.496465	-0.569939	0.053260	-0.093306	0.064364	0.070400	0.050042	-0.532838	-0.624912	0.350408
206	0.957733	0.501213	-0.056455	1.185803	0.685013	2.892283	-0.020491	1.207343	0.551653	0.526853	-0.234631	-0.111993	0.362851	0.271149	0.397263	0.000000	0.410163	0.171432	0.111901	0.382763
207	3.476507	2.550997	1.416557	1.527937	2.162437	3.762617	1.661087	2.536417	3.118027	2.542157	1.474667	1.468447	3.247117	2.174007	3.408187	2.831687	1.999207	0.387047	0.000000	3.153837
208	1.369061	1.167691	0.621971	1.496461	1.130101	0.000000	1.363251	1.460531	1.354861	1.218591	0.737321	1.478571	0.966851	1.338071	1.455061	1.607621	1.706291	1.524871	1.504251	1.772371
209	0.273088	0.000000	-0.528106	0.394398	-0.049215	-0.439891	-0.886720	0.371128	0.263558	0.086880	-0.691377	-0.385444	0.090487	0.016469	0.601908	0.264268	0.299348	0.179078	-0.420911	0.404098
210	1.454853	1.248553	-1.012137	0.000000	-0.998674	-0.245913	2.154983	0.832833	1.822843	0.671086	-0.144851	1.060953	0.957133	0.211853	1.378383	0.498946	1.531063	-0.988334	-0.829272	0.799283