SITE	GLY	ALA	LEU	VAL	ILE	PRO	ARG	THR	SER	CYS	MET	LYS	GLU	GLN	ASP	ASN	TRP	TYR	PHE	HIS
1	0.158200	-0.233000	-0.690000	-0.192900	-0.305100	0.077000	-0.607800	-0.256700	-0.405200	-0.622000	-0.486200	-0.767500	-0.311900	-0.264700	0.000000	-0.525400	-0.411800	-0.234600	-0.286600	-0.015400
2	1.717400	0.768300	-0.406200	-0.046600	-0.364100	2.570900	-1.068200	0.000000	0.928800	0.502100	-0.335800	-0.769000	0.398700	0.276100	0.562000	-0.515000	0.317600	-0.345100	-0.463900	0.564400
3	1.415500	1.051800	-0.846900	0.097400	-0.339500	0.556500	0.200100	0.000000	0.714300	0.179700	-0.422900	-0.190100	-0.365500	0.020500	0.069000	0.623800	1.096500	0.723700	0.453500	0.624700
4	3.405000	2.425700	-0.385100	0.670800	0.000000	6.587310	1.922900	2.339700	3.213600	1.962700	0.905100	2.067100	2.883700	2.794200	3.945700	2.964600	4.963000	4.920400	3.830800	4.461400
5	3.769400	4.250700	3.989300	5.290000	4.911700	3.353700	3.891500	5.251400	4.394400	0.000000	4.057500	3.644200	4.075200	4.131300	4.749100	4.460600	4.180500	4.190800	4.094800	4.330000
6	1.043700	0.321500	0.253000	1.060400	0.974300	-0.834900	0.382600	1.173800	0.653900	0.781900	0.069500	0.307500	0.000000	0.438900	0.377200	0.712600	0.224600	0.274900	0.382400	0.674600
7	1.533900	1.279800	8.496790	3.283100	2.055600	0.000000	0.278600	2.644200	1.617500	2.156400	1.137800	1.650300	0.450500	1.655800	2.046300	2.422300	8.418510	9.532650	9.294540	9.489900
8	1.305400	1.283000	0.402600	1.229300	1.387500	0.910100	0.535400	1.313700	1.604300	1.152600	0.105700	0.762900	0.995100	0.956300	0.904100	0.930600	0.087200	0.256600	0.000000	0.533700
9	0.000000	-0.027400	0.419200	3.785800	4.336100	7.131130	1.732400	3.236000	1.106800	0.998600	0.993000	0.988800	1.216800	1.516700	1.707600	1.542500	3.414900	1.264800	1.512700	2.846500
10	1.178900	0.482600	-0.371100	-0.273300	-0.488200	2.353000	-0.189700	0.000000	0.440500	0.333800	-1.248200	-0.927300	0.703500	0.535300	0.453700	0.734400	-0.420900	-1.141200	-1.376100	0.639100
11	1.413500	0.638600	0.371900	-0.356400	-0.389500	2.538300	-0.005500	0.000000	0.831500	0.098000	0.500700	0.426100	0.445900	0.535700	0.594200	0.913400	0.086800	0.456200	0.414400	0.986800
12	1.573000	0.678400	-1.065300	-0.274000	-0.683100	0.556300	-0.716400	0.000000	1.081100	0.338700	-1.041700	-0.596500	-0.076300	0.047400	1.134100	0.037400	-0.426300	-1.373500	-0.768200	0.660400
13	4.062800	3.014700	0.799900	0.569000	0.000000	4.602600	1.368600	2.461400	2.729700	2.165400	0.176100	4.334900	3.956300	2.974800	4.897900	2.766200	12.530960	16.717408	11.181960	13.021100
14	0.310800	1.132600	0.216800	2.806100	2.148800	4.295200	0.351600	1.794100	0.740800	0.956000	-0.134900	0.051300	0.793600	0.000000	0.765600	-0.044700	1.647500	0.050700	0.914000	0.882500
15	0.000000	1.407700	0.997100	2.047200	3.127700	3.158900	0.894600	1.685800	1.206000	1.330900	1.083300	0.658700	1.018300	0.756000	0.790200	0.535500	0.816700	0.740000	0.681000	1.022500
16	1.365700	0.820200	0.293700	1.033100	0.741000	6.377740	0.000000	0.989400	0.974200	-0.154000	-0.167300	0.572100	0.382400	-0.003000	0.634600	0.501800	0.396100	0.512000	0.125200	0.622000
17	5.416700	4.096500	1.039000	3.044500	5.086100	6.688300	3.812500	3.858000	4.904800	3.487600	1.558300	2.934200	4.371900	3.972800	5.437000	3.106700	1.290100	0.000000	0.516900	3.077900
18	4.084500	2.575000	0.058400	0.000000	-0.527300	5.902840	1.319000	1.921400	3.503700	2.009100	0.767600	1.031200	3.302900	2.565400	3.704700	2.527800	3.931700	1.895100	-0.160300	4.131400
19	5.158700	3.182700	1.283600	0.000000	0.532800	2.560900	8.298740	2.796700	4.546000	2.529500	1.199100	5.269100	5.017500	2.668500	4.720900	2.660000	25.131760	22.903520	12.025420	12.875380
20	2.457200	1.337500	0.778900	0.474200	0.109300	4.489000	0.875600	1.097000	1.944300	0.586900	-0.790900	0.769600	1.498600	0.000000	2.225500	1.547100	5.432000	1.946200	1.624800	5.155800
21	3.444300	1.817600	1.417700	1.379300	4.050500	2.742800	12.952530	2.991000	3.572300	2.388100	4.967700	7.011130	5.902900	5.459200	3.003800	0.000000	40.656500	27.097300	16.755358	18.577750
22	2.069900	1.523600	-0.180500	5.485400	5.956000	15.366030	0.114100	5.138300	2.889100	1.387000	0.335000	1.214000	1.774800	0.830600	3.057300	0.000000	0.935600	-0.615300	-1.375600	0.633400
23	1.220500	0.473600	-1.451600	0.390100	2.136100	6.116100	0.000000	2.378800	1.791200	0.501000	-1.295600	-0.997100	3.523900	0.808500	2.611100	0.673600	23.297840	17.574548	22.936850	3.073300
24	0.646400	0.358400	-0.350000	1.078000	0.467200	2.987500	-0.593300	1.389800	0.342300	0.300100	-0.392400	-0.405700	0.318100	-0.120800	0.457100	0.361900	0.000000	0.085200	-0.800100	0.762900
25	0.000000	0.260600	3.548300	3.481300	4.399900	4.152200	1.430600	4.911900	2.797500	2.375900	1.702300	3.123100	3.418100	2.907800	3.124000	2.077800	2.655100	1.815100	1.256800	3.176200
26	0.800700	-0.012300	-0.386200	2.078500	4.695200	5.630200	2.990900	1.542600	0.000000	-0.213500	0.073400	1.491600	1.581400	1.608200	0.679800	0.592900	12.073210	14.669220	9.887490	2.948400
27	-0.255800	-0.187800	-0.196200	0.020000	0.034300	-0.630100	-0.284900	0.000000	-0.233700	-0.120400	-0.238400	-0.273300	-0.328600	-0.283400	-0.588200	-0.403100	-0.136900	-0.378500	-0.383500	-0.165600
28	0.738800	0.000000	-0.757600	1.016800	0.403100	1.665700	-0.130300	0.644300	0.257200	0.204600	-0.518200	-0.564800	-0.111400	-0.064000	0.464900	-0.832300	-0.283700	-0.490800	-0.609900	0.528600
29	2.154000	1.415700	0.948700	1.915800	1.636500	0.000000	1.790600	2.300200	1.775400	1.732200	1.126300	1.578700	1.229500	1.815200	1.456900	2.044500	1.541600	1.773000	1.680400	2.126600
30	3.575700	3.359900	0.590700	1.567800	1.114400	8.212970	5.716400	3.151500	3.513400	2.514800	0.557700	1.745200	2.287100	0.000000	5.246700	4.266500	4.426700	9.337210	5.245700	3.557800
31	4.536200	3.571800	2.676100	2.647200	2.459900	6.851700	3.384800	4.340800	3.883800	0.000000	3.265700	4.117100	4.362000	4.540000	7.042860	6.053910	7.518090	5.928200	6.369430	13.733790
32	4.242400	2.433500	0.471800	0.000000	-0.739300	4.350900	9.890280	1.110400	2.495300	1.428100	0.699700	4.415400	5.454900	3.360400	5.496400	2.191700	21.611300	19.312730	13.477190	41.776000
33	2.374300	1.553600	-0.402500	-0.184900	0.391200	3.918800	0.090700	0.000000	1.384500	1.073800	0.043300	0.314000	0.615500	0.948700	1.538100	0.133600	2.958400	3.150100	2.733200	3.763000
34	2.023600	0.000000	3.922800	1.320200	1.623500	-0.561300	4.068400	2.005100	1.551400	1.021100	1.027400	2.546800	3.973100	3.789000	5.126900	5.852300	13.878600	9.503900	7.538680	35.853500
35	0.816600	0.806000	0.094400	1.284300	0.896100	2.722700	0.425600	0.000000	-0.292700	1.198000	0.103900	0.238900	0.918200	0.475000	0.317600	0.363900	0.025000	-0.414800	-0.547600	0.931700
36	0.180800	-0.265800	-0.400100	0.157700	-0.173500	-0.982700	-0.160500	0.492500	0.042100	0.393300	0.083900	-0.025100	-0.926400	-0.351600	0.000000	0.248300	0.668700	0.302600	0.417500	0.512700
37	0.205800	0.152500	-0.974900	-0.252000	-0.651600	1.349000	-1.706300	0.000000	-0.120800	0.936400	-0.443300	-1.400600	-0.365800	-0.057800	-0.082600	-0.617500	-0.266500	-0.338000	-0.452500	0.031400
38	0.000000	7.969860	26.408300	20.512370	24.915600	16.456569	21.114050	19.562700	12.020190	13.247150	15.737333	19.017600	17.820720	18.025410	21.302930	22.251400	36.471900	29.911400	28.960700	63.000300
39	5.688000	4.639100	1.692800	5.773900	6.141920	4.739100	9.038160	5.387300	5.356000	3.966000	1.385500	5.010300	5.893220	4.964800	6.422380	5.170300	2.805200	1.545700	0.000000	3.738400
40	1.487000	0.587000	-1.475500	-1.201700	-1.550100	2.137900	0.000000	-0.460400	0.547000	0.135000	-1.239400	-1.055400	-0.299200	-0.648700	1.764100	1.068700	1.334700	1.705200	0.655700	0.869600
41	4.245200	2.729600	-0.865000	0.000000	-0.976800	3.541000	5.746500	2.300500	4.196000	2.078300	-0.069200	3.845000	3.794500	2.338400	3.582800	2.930500	15.236460	17.873060	6.505840	11.819870
42	0.690200	0.075900	-0.879600	-1.100700	-1.624800	2.611900	-0.811200	0.000000	-0.104700	-0.297300	-1.248100	-1.016900	-1.043400	-0.834800	-0.578000	0.184200	0.164500	0.103600	-0.080600	0.334000
43	1.310000	0.534900	-0.253300	0.551600	-0.061100	4.937800	0.028600	-0.009000	0.260900	0.404600	-0.186400	-0.206800	0.804900	0.000000	1.155500	0.540500	0.523400	0.362700	0.227500	0.610700
44	1.348500	0.000000	-0.872500	3.174600	8.375150	4.232800	11.245200	1.931800	1.050600	-0.841900	2.093600	4.571700	4.601500	3.003800	1.054000	0.276500	18.432440	11.651840	8.668450	11.189720
45	1.616900	0.920600	0.414100	1.908500	1.732700	2.783200	0.787200	1.958300	1.096600	0.959000	0.280800	0.514600	0.262800	0.705900	0.000000	0.593300	1.541300	0.231100	-0.028800	0.848700
46	0.000000	3.610100	4.343500	5.836700	6.195700	9.474990	4.306700	6.291300	3.665700	4.116800	4.101100	4.200800	4.578700	4.549400	3.722300	4.038700	4.618500	4.230500	4.457900	4.782900
47	0.171800	-0.081100	-0.664500	-0.365000	-0.706800	1.416900	-0.498800	-0.254200	0.000000	-0.358000	-1.221900	-0.606500	-0.524600	-0.301800	-0.256800	-0.072500	-1.175100	-1.170200	-1.437300	-0.240500
48	1.228000	0.000000	-0.502400	1.240400	0.362200	6.148080	-0.219100	1.314700	0.745700	0.019900	-0.924500	-0.435200	0.393700	-0.160300	2.034200	0.272600	7.339660	4.191600	3.947300	2.219700
49	1.727800	1.260900	1.409900	1.567100	1.659300	0.000000	1.521400	1.574100	1.447100	1.748000	1.517700	1.469900	0.702900	1.177300	1.417000	1.736600	1.556700	1.525700	1.507700	1.662000
50	0.535400	-0.077300	-1.469200	-0.449300	-0.438500	-1.305100	-0.357500	0.000000	0.453600	-0.566500	-1.436100	-0.562000	-0.448400	-0.378500	0.302800	0.177700	-0.019600	-0.263600	-0.263600	0.253700
51	-0.129800	0.074900	-0.192100	0.297300	0.195800	-0.174200	-0.138200	0.247100	0.017300	0.105600	-0.005400	-0.127300	-0.037300	-0.027900	-0.022800	0.000000	-0.222000	-0.304100	-0.377100	0.149800
52	0.000000	0.388600	-0.043300	0.795600	1.989900	3.708000	-0.124600	0.614600	0.480800	1.510300	-0.223200	-0.064900	0.867800	1.037600	-0.039700	0.065200	-0.183700	1.082200	0.960300	0.263400
53	0.726400	0.000000	-0.528700	0.116800	-0.574900	-1.045100	-0.730600	0.492200	0.472700	-0.134200	-0.864800	-0.380600	-0.112100	-0.094400	0.347800	-0.455700	-1.120000	-0.577700	-0.728600	0.009200
54	2.599100	2.188500	6.629800	6.111500	10.838290	0.000000	5.556000	4.410900	0.566400	1.748600	4.427800	4.209800	7.611500	7.842100	7.421300	1.975600	13.281020	10.825480	12.453610	26.403120
55	0.826500	0.035800	-1.245100	1.097600	0.820000	2.535900	0.677300	-0.329600	0.949800	0.690100	-1.331600	0.000000	1.378700	0.738100	1.380200	1.037400	15.173540	4.251700	6.614100	21.528380
56	-0.792900	-0.109100	7.647300	7.320550	11.439910	5.798500	13.608090	5.907500	0.000000	2.033700	4.050400	13.900090	6.104600	6.512490	10.622290	6.144000	24.695890	26.344900	23.059700	38.941300
57	3.037600	1.861500	1.617100	3.005300	3.436400	5.873500	1.326400	2.205000	1.092200	1.734500	1.195100	1.993600	5.510200	1.885800	5.503900	2.527100	1.726800	0.000000	-0.370500	2.392200
58	4.998600	3.280800	3.137400	4.103000	4.184100	0.000000	11.182690	3.917100	5.049500	3.624700	2.043100	7.152280	3.861200	3.769100	5.445300	4.934600	16.872362	11.639410	8.063130	6.900850
59	0.430400	0.647500	2.818200	4.171400	8.970000	7.042100	10.197610	3.433400	0.000000	0.707900	1.792600	2.108200	4.726000	3.570900	5.156700	0.493500	19.365739	5.644600	4.166900	3.529600
60	5.512000	3.138700	0.574200	0.000000	-0.649200	6.831580	11.530800	2.746600	4.253000	2.480200	1.960700	4.583900	4.409600	3.255200	5.419500	3.651300	19.345190	22.745030	16.120926	13.899600
61	5.758400	4.514200	1.651700	5.272600	5.761800	6.862750	2.646100	6.073000	5.180400	4.202400	1.534100	2.958600	6.238400	4.947600	6.899860	4.577800	7.505000	3.429100	0.000000	3.321700
62	2.310100	0.999200	-1.494600	-0.241500	-0.360200	5.703500	-0.581400	1.589900	1.950800	0.670900	-1.323300	-0.018800	1.119700	-0.242500	1.666000	0.000000	0.285000	-1.742600	-2.528000	0.846600
63	0.000000	9.230780	29.920500	22.517590	28.041300	18.137240	32.738500	22.838960	17.011430	15.436000	21.301430	28.528200	27.957800	34.702400	29.837700	26.822700	55.848700	41.459600	37.886200	68.473500
64	4.512200	3.227600	3.552900	2.138700	3.172100	4.550600	3.090600	2.589300	3.437200	0.000000	3.500500	3.689900	4.899300	3.417600	5.927970	4.439600	7.967800	8.132610	7.887740	5.626500
65	1.462600	0.405800	-0.787200	-1.471000	0.760500	4.403600	0.230900	-0.984800	-0.105800	-0.487300	-1.236000	-1.952400	0.438100	0.284400	-0.350900	-0.811300	0.285500	-2.719500	-3.022200	0.000000
66	0.757500	0.521300	0.045500	1.911800	1.688300	2.035400	-0.004100	1.554200	0.900800	0.463300	0.178700	-0.185600	0.407700	-0.267100	0.445700	-0.534200	1.236800	0.000000	-0.131600	0.022600
67	-1.497400	0.377900	1.517400	1.336800	1.170900	3.881600	0.462700	0.000000	1.198400	1.272400	1.380300	0.531200	1.738600	0.827300	1.371100	0.860600	1.472600	1.464100	1.422700	1.712600
68	1.323200	0.362700	-0.887600	-0.566800	-1.072700	4.291000	-1.016500	-0.206500	1.018500	0.019600	-0.935500	-0.834700	-0.467500	-0.154200	-0.452900	0.000000	-0.472300	-0.056800	-0.218400	0.459200
69	4.005400	3.999300	4.139700	4.903900	4.635800	5.374100	3.231000	5.182100	4.467800	0.000000	3.597500	2.922300	3.903000	4.003000	4.386900	4.234200	4.014100	4.119600	4.057900	4.261900
70	1.190700	-0.342000	8.105610	2.348500	3.142900	3.343800	3.655100	0.315400	0.000000	-0.396700	4.920400	5.594900	8.634620	6.761020	6.284700	5.131400	24.342220	16.914528	21.615280	17.209403
71	2.747100	2.193300	1.853300	2.354100	2.026200	0.000000	2.102600	2.548500	2.458500	2.370500	1.999500	1.776800	2.100000	2.290500	2.353600	2.322300	2.381500	1.986400	2.092400	2.280000
72	0.000000	2.371700	1.918400	4.855400	4.641000	5.555640	2.200000	3.023600	2.384300	2.214300	1.777000	2.035400	2.221900	2.159100	2.007200	1.849200	1.830600	1.851800	1.860300	1.994200
73	2.050000	0.954800	3.425700	1.395100	3.784900	3.479500	4.289700	0.000000	0.916600	0.900200	0.092400	5.821700	3.814300	3.362200	4.550100	3.649300	17.126090	13.832670	10.251870	31.076300
74	-0.010100	0.047500	-0.610300	-0.026300	-0.962100	-0.864900	-0.144000	0.447000	0.067000	-0.245300	-1.231000	-0.212100	0.262000	0.109100	0.000000	-0.061300	0.356000	-0.328200	-0.382800	0.169800
75	5.089400	3.580600	0.000000	3.425400	5.429500	2.632700	6.690350	4.290700	3.884400	3.164100	0.273800	5.679600	6.108700	4.400800	6.207120	3.923600	6.386250	11.731070	7.864830	39.792000
76	4.173500	5.742800	14.650220	8.208020	9.735250	0.000000	14.624860	8.744370	6.501170	7.352310	10.948630	12.010810	9.756560	9.785080	9.664040	8.600400	18.237130	16.865083	16.422465	40.544300
77	3.960700	2.891500	1.338000	0.000000	0.397200	6.970600	1.960800	1.935500	3.465000	2.434800	0.958200	0.785500	2.920000	2.073700	4.668100	3.398600	5.222800	2.555300	2.388100	3.043400
78	1.357600	0.072300	0.061400	0.893400	0.249800	-1.848300	0.000000	1.109900	1.008500	0.564600	-0.468600	-0.411500	0.166700	0.104800	1.995700	0.698700	7.597920	6.503380	9.540890	15.409542
79	4.603400	3.370000	0.000000	2.940400	1.798700	8.067810	5.186300	4.069600	4.695300	3.445100	0.454700	3.316700	5.975600	4.062300	6.050900	4.242100	8.647270	6.922100	2.912500	5.012300
80	0.689600	0.770400	1.018500	1.865400	1.855000	2.619100	1.144400	1.870500	0.253700	0.846300	1.052100	1.167600	1.199200	1.215500	0.000000	-0.863500	1.617400	1.261300	1.251700	1.584700
81	0.593700	0.189500	-0.656600	0.712800	0.169200	4.209400	-0.487300	0.000000	-0.151500	0.370500	-0.499500	-0.515700	0.351700	-0.039000	0.790700	0.320700	-0.237400	-0.546000	-0.934800	0.479400
82	4.553800	2.732600	0.784800	0.000000	-1.059400	7.084800	7.669370	1.630200	3.410100	2.246300	1.019900	5.613200	6.300200	4.375000	6.405500	3.644600	18.349730	11.028110	7.495030	21.421130
83	0.023300	-0.177500	-0.284300	0.268400	0.287200	3.101400	-0.381100	0.324000	0.000000	0.237100	-0.326400	-0.587300	0.034100	-0.333400	0.354900	0.160200	-0.021300	-0.319300	-0.338900	0.125900
84	1.002800	0.000000	0.291900	0.301500	0.622400	2.822100	-1.108100	-0.610200	-0.874000	0.487300	0.692900	-0.434300	1.688100	-0.669300	3.535700	0.171900	1.819500	1.985900	1.871500	0.341400
85	2.177000	0.000000	3.933200	1.721000	1.645500	5.942600	7.204400	2.044400	1.180500	-0.478900	1.453500	5.546000	6.070200	4.330000	5.726200	2.916800	18.612923	8.036710	6.164700	19.136330
86	3.007700	2.421500	1.853700	2.440500	1.939300	0.000000	1.983600	2.677600	2.866300	2.775900	1.846100	2.003700	2.693200	2.499700	3.775400	2.820500	2.359000	2.063600	1.936300	2.733000
87	3.359100	1.911800	4.261200	2.271400	3.959500	5.852200	13.059260	1.211100	0.000000	1.370100	5.581500	11.545660	8.086460	8.545840	6.757420	6.644930	31.654300	19.795970	15.760025	28.924800
88	1.081400	0.579500	0.451400	1.296700	1.228200	2.802500	-0.383200	-0.316600	0.000000	0.668000	-0.024800	0.067800	0.491600	0.547700	1.988800	3.336500	3.079600	3.439400	1.805500	2.616000
89	4.624400	3.169800	1.576200	0.892800	0.000000	5.891200	12.514080	2.565300	3.223800	1.947200	0.980300	6.969860	4.656800	5.371200	4.298700	2.839300	41.716500	29.474700	21.559130	13.643190
90	0.801700	-0.211700	-1.325600	-1.225900	-1.565900	2.664500	-1.003000	-1.059700	0.000000	-0.547800	-0.828200	-1.092700	-0.980300	-1.166900	-1.071800	-1.018800	-0.939500	-0.967000	-1.346300	-1.085900
91	6.671240	5.259600	0.592200	3.371800	1.773700	5.260100	4.887900	3.773400	6.345150	4.476100	1.019300	3.284200	5.409600	4.810300	6.380220	4.422600	7.714210	0.000000	1.979200	3.235800
92	0.000000	-0.668000	-1.689900	-1.335500	-1.845600	1.981300	-1.973500	-1.265600	-1.599700	-0.971500	-1.668200	-2.126500	-1.447100	-1.504700	-2.447200	-1.865700	-0.819800	-1.138200	-1.173900	-0.945600
93	5.101300	4.766200	2.742500	4.480300	4.374000	4.102600	4.411000	4.489100	3.730700	4.139200	2.399500	4.077400	4.520500	4.490100	4.167500	4.569500	4.963700	-0.273200	0.000000	4.537600
94	2.282000	1.497800	1.058600	0.000000	-0.328800	2.952600	0.845500	0.859400	2.086300	1.409500	1.078500	0.941700	1.814700	1.248100	2.367100	2.069300	1.560900	2.223300	2.182500	2.264000
95	0.826200	0.719100	0.736700	0.942300	1.005700	0.149400	0.748100	0.910500	0.750500	0.851700	0.700800	0.775700	0.119000	0.380800	0.000000	0.473800	0.812000	0.820500	0.815600	0.542100
96	0.000000	2.171800	3.347400	4.348700	4.247100	5.947720	2.925400	4.127900	2.276400	3.059300	3.184300	2.940000	2.705900	2.592400	2.213800	2.326800	3.329300	3.180400	2.941600	3.002800
97	-1.816800	0.000000	-0.903900	1.232900	1.032300	2.990000	1.398900	2.669000	0.437000	0.209800	-0.046200	0.680200	2.337500	1.599400	1.155100	2.083100	1.058800	0.403200	0.598500	0.653500
98	4.375100	2.597700	0.896700	0.000000	0.500800	5.159200	1.732200	0.803600	3.112300	1.618800	1.487700	1.686400	3.127800	2.571000	2.523300	1.990000	2.679100	1.117900	1.832400	3.215700
99	4.988600	4.359200	2.978400	5.333200	5.016100	4.360700	5.116800	5.348200	5.193800	3.941200	1.455200	4.005300	6.186800	5.347100	6.420000	4.920600	-0.424500	0.000000	0.457200	3.214200
100	1.051900	0.933900	0.329100	0.752500	1.478300	4.545300	10.271430	-0.937900	1.015600	0.196200	2.482000	5.628000	6.206800	4.006600	3.873400	0.000000	29.135200	17.713163	12.598380	34.962800
101	1.600900	0.000000	4.653500	5.116700	7.936000	2.351800	7.673680	3.528500	1.949800	2.520400	2.279800	6.683450	4.686900	3.331800	4.557700	4.196600	20.636400	11.555130	8.686480	13.899350
102	0.877900	-0.112100	-0.175500	1.705700	1.096200	4.207900	0.369300	1.219800	0.000000	-0.348400	-1.989500	0.411600	6.106400	0.410700	6.639000	2.071200	11.785470	17.064646	9.078170	31.487900
103	6.634430	4.915400	1.674800	3.726000	3.860100	3.304200	4.260600	6.155600	5.137100	4.604800	1.313900	4.728600	5.722600	5.026000	6.339100	4.500700	4.302800	0.000000	0.447900	4.162500
104	-0.071700	-2.044300	-3.833700	-2.462700	-3.312000	6.343200	-3.546000	-1.534800	-1.317200	-2.509500	-3.898400	-3.784500	-1.331900	-3.797300	0.000000	-2.472400	-3.442900	-1.506600	-3.567200	-3.027800
105	6.939300	4.966200	0.718300	1.311100	0.000000	6.480600	11.265300	3.809300	6.040600	4.187100	2.340100	6.261900	5.920600	4.789700	6.675400	4.771800	11.946850	12.196830	7.791000	5.834300
106	2.879200	2.058500	0.660600	1.080400	1.712300	4.748000	1.677600	0.689100	1.738900	1.949800	1.162200	0.306800	3.555200	2.247600	4.303100	1.763700	0.000000	-0.036600	0.556000	0.809900
107	5.799300	4.636800	0.000000	2.021600	1.060300	7.097800	4.194600	3.907800	4.852500	3.638000	0.425900	2.870400	6.150900	4.109900	7.054500	3.382700	11.985460	11.990550	6.829900	6.442900
108	3.359700	2.277100	5.257100	2.889800	2.650900	5.557500	5.460600	3.546000	2.046800	2.428100	1.948500	4.503100	3.160200	4.137800	0.000000	2.983500	10.816040	3.317100	4.116700	3.840300
109	2.701400	2.190100	1.835600	2.697100	2.311600	0.000000	1.856500	3.241100	2.613700	2.540700	2.029500	1.470600	2.292700	2.223800	3.218900	2.994700	3.188400	3.036200	3.028100	3.109600
110	0.517100	0.389000	-0.540700	0.657900	0.109700	3.412300	-0.856400	0.000000	-0.050000	0.267100	-0.638800	-0.830400	0.569200	-0.528700	0.280800	0.229800	-0.313200	-0.866800	-1.004000	-0.165300
111	0.673200	0.000000	0.677500	1.925200	1.643300	-0.835400	-0.397100	2.258800	0.192600	0.466100	-0.015300	-0.109000	0.362000	0.324300	-0.055300	0.253500	0.294000	0.374600	0.469200	0.536900
112	2.461200	1.549700	1.111800	4.006700	2.713300	8.049390	0.000000	3.032600	2.130400	2.163500	1.470400	0.652900	3.062400	2.294300	5.120300	2.988100	4.709300	2.303400	1.022700	4.023300
113	0.664700	0.283300	-1.106700	-0.362900	-0.976100	0.134400	-1.077900	0.000000	0.513200	0.083700	-0.857900	-0.781200	-0.066500	-0.318800	0.236900	0.027400	-0.309000	-0.504500	-0.701600	0.202900
114	0.716700	0.202000	0.207400	0.036900	-0.058100	1.657900	-0.693700	0.350500	0.348200	0.130300	-0.542000	-0.359200	-0.031100	0.152000	0.000000	0.398700	0.094700	-0.901300	-1.254000	0.448400
115	0.000000	2.972500	3.383200	4.417700	4.172400	6.909320	2.446200	4.471400	3.788500	3.473800	3.080600	2.554600	3.103100	3.035900	2.686500	3.154400	3.344300	3.265500	2.911000	3.266600
116	0.996900	0.484500	0.048900	0.000000	-0.130800	-0.070700	-1.840500	0.348800	0.425000	0.029000	-0.186800	-0.284600	-0.975200	-0.096600	-0.457200	-0.710000	0.129400	-0.761700	-1.002800	0.603900
117	0.950400	0.011000	1.873600	2.343000	1.957100	-2.169100	1.604700	3.325700	0.742100	-0.240100	-0.252400	1.183300	0.983700	0.459300	1.148500	0.000000	0.264400	1.431500	-0.999400	3.442100
118	1.130800	0.227600	-0.728200	0.115000	-0.234500	3.319600	-0.787300	0.305300	1.021100	0.719600	-0.688900	-0.838200	0.607800	0.000000	1.253100	-0.012100	-0.190700	-0.315900	-0.343500	0.388500
119	4.188700	2.624500	0.701500	0.706500	0.940100	9.245260	4.469200	0.000000	2.435200	1.589500	0.820100	5.108800	5.879000	3.094100	5.940000	3.448200	13.664880	11.014980	4.668400	15.375970
120	-0.559400	-2.120300	-3.727100	1.280300	1.364100	4.045400	-4.920800	-0.932700	-2.278700	-2.762500	-3.103800	-2.956900	0.000000	-2.549300	2.901500	-1.352800	1.591000	5.762900	2.943400	-0.056500
121	6.403310	4.556100	1.738000	1.002300	0.000000	5.180500	7.400130	3.088500	5.179600	3.502500	0.427800	6.235770	6.077800	4.414300	4.937800	3.915200	20.480280	11.629290	8.332480	10.062920
122	1.656000	0.681600	0.069000	-0.291100	0.370900	2.781900	-2.338300	0.689900	0.428100	0.520800	0.000000	-1.939700	3.165600	-0.915800	5.591900	-0.673000	2.847600	-0.268600	-0.047300	-0.114500
123	6.478900	4.423400	0.730400	0.843700	0.000000	4.758200	11.158360	3.488300	5.595000	2.742500	0.526600	6.990320	4.478600	4.507800	5.305500	3.365300	20.072450	12.877750	9.608500	26.731940
124	4.922100	3.494300	0.063400	0.885300	-0.081200	4.565300	1.447200	2.977600	4.594700	2.547900	0.598300	2.117100	4.384100	2.940700	3.301200	2.446400	0.000000	0.188100	-0.119200	1.595700
125	5.574200	4.380500	1.474000	5.134400	4.061300	6.135830	6.659200	5.597700	5.034900	3.942000	0.779900	5.037500	5.180500	4.537200	5.588900	3.604600	6.141770	1.842500	0.000000	3.521900
126	2.043400	0.993800	1.296200	0.668000	0.015200	7.818910	0.937500	1.140500	0.993900	0.719000	-0.093800	1.243600	0.964900	2.317300	1.346600	0.000000	2.632800	0.266200	-0.547700	-0.231300
127	3.572500	2.118100	0.331900	0.305400	-0.231800	2.759100	0.000000	1.617900	2.251900	1.483400	0.183600	0.169100	1.748400	1.234300	2.373100	1.668200	1.457700	1.754500	1.183600	2.292800
128	2.132800	1.160400	-0.427300	0.000000	-0.235000	4.271800	0.408200	0.368200	1.378800	0.978500	0.074900	0.107100	1.184500	0.499900	1.822000	0.937300	1.029000	-0.248400	-0.148000	0.341500
129	0.000000	7.288950	14.256700	17.580770	18.136750	16.275350	14.907565	15.493963	9.051510	10.290770	13.571170	14.545540	14.588944	13.322180	14.663099	14.347910	16.034076	14.843477	15.816461	38.893100
130	1.763500	1.225000	1.751100	2.174800	2.174400	0.000000	1.904100	2.274700	1.800300	1.576300	1.501200	1.149600	1.533700	1.846900	0.853000	1.299200	1.529100	1.680600	1.667100	1.819500
131	4.214800	3.063100	-0.031600	0.338500	0.000000	6.060960	5.874800	2.680700	4.242500	2.496900	1.515600	5.275000	4.975200	4.816300	6.174090	4.254400	14.756890	14.653700	12.768330	11.190620
132	0.556200	0.274400	-0.284600	0.325600	-0.038900	1.876900	-0.337400	0.377500	-0.045400	-0.202700	-0.090400	-0.083800	0.140700	0.000000	0.899200	-0.307200	-0.643000	-0.289100	-0.226700	-0.100500
133	4.207900	2.890200	5.591700	5.081400	6.130100	0.000000	12.511700	5.248700	2.958900	2.267100	5.545100	10.063470	8.632590	8.475530	5.765400	5.253800	23.293210	16.231620	15.322950	35.610300
134	1.727700	0.719300	-0.051100	0.418100	0.000000	-1.053500	-0.643900	0.896600	1.297900	0.983500	0.230500	0.302900	1.210200	0.776300	1.963700	1.234700	-0.066800	0.249900	-0.057400	0.809600
135	0.000000	7.114000	18.261750	20.113330	23.033580	15.034060	15.601710	19.871980	13.795320	11.765720	14.812680	16.032176	15.429770	15.715660	18.510600	18.182300	30.952300	28.760000	28.022500	48.259200
136	0.919200	0.635500	-0.272600	0.400000	-0.267600	3.233100	-0.530600	-0.489700	0.000000	0.341300	-0.085500	-0.424300	0.256200	-0.256100	0.749700	0.517500	-0.178100	-0.057700	-0.277200	0.485100
137	2.636700	1.764900	1.749200	1.925200	3.436300	0.000000	1.301900	2.693600	1.661600	2.362800	1.614100	1.652600	1.553400	1.795400	2.454600	2.427800	1.818100	1.936700	1.867100	2.452600
138	1.639000	1.092500	-0.535800	0.000000	-0.159600	5.423100	-0.788900	-0.269600	0.554100	0.932100	-0.543200	-0.430400	0.162100	0.393800	0.403000	0.312100	0.586300	0.145800	0.029200	0.724300
139	0.000000	2.598600	2.910100	3.402400	3.290400	5.199200	1.764600	3.303500	2.358500	2.444400	2.077700	1.921800	2.488900	1.974900	2.188600	2.497200	2.891300	2.857600	2.679400	3.098300
140	0.263900	-0.103500	-0.798600	-0.087100	-0.127800	-0.183200	-0.390800	0.000000	-0.153000	-0.109200	-0.899900	-0.564300	-0.263000	-0.307800	0.165000	-0.912700	-1.011500	-0.906500	-0.941000	-0.605500
141	0.870300	0.000000	-0.257000	-0.323700	0.069000	3.518700	0.506000	0.105900	-0.013200	-0.141400	-0.089500	0.313100	-0.137500	0.281000	0.534600	2.437700	2.711700	2.164300	1.658000	2.176700
142	0.203200	-0.029500	-0.679700	-0.445300	-0.764500	-0.482000	-0.226300	-0.421400	0.000000	-0.166500	-0.636200	-0.572800	-0.727200	-0.232300	-1.227900	-0.417000	-0.375900	-1.088700	-1.261200	0.025900
143	3.876100	2.071700	0.193800	0.000000	-0.158100	6.608040	0.138100	2.079800	2.027100	0.778900	0.552900	1.598800	2.868200	2.094600	3.217100	2.686600	6.754310	7.785670	6.053300	33.776200
144	0.000000	4.926800	4.887900	7.432100	8.778290	11.003660	6.088560	8.625440	6.373790	5.044100	4.692500	5.709000	5.881000	6.179370	6.813040	4.431800	19.473070	20.847070	18.452180	19.759930
145	0.000000	2.337900	2.245900	4.681100	4.860700	6.158690	1.751500	3.128700	2.377100	2.402200	2.216700	1.917900	2.274600	1.684000	2.372900	2.023700	3.839100	2.115000	2.138000	2.059600
146	1.555300	0.593600	-1.255800	-0.463100	-1.096300	2.574200	0.000000	0.644700	0.723800	0.408900	-1.395200	-0.715700	0.282800	0.094600	1.395000	0.821100	-1.359800	-0.804900	-0.883700	0.160200
147	0.505200	-0.095100	-0.896400	-0.197800	-0.653600	-0.494000	-0.441800	0.000000	0.216100	0.123600	-0.938800	-0.599300	-0.329500	-0.237500	0.452500	0.208200	-0.032200	-0.438900	-0.694600	0.626100
148	6.895360	5.525600	3.287600	4.601000	5.401800	9.410520	6.052590	5.292300	6.626720	5.203700	2.648900	5.656500	6.687350	5.276600	7.311850	6.304030	0.000000	2.292700	1.364500	3.731500
149	1.617400	0.842000	-0.910700	-0.233000	-1.240900	1.257400	-0.287000	0.066100	1.162300	0.259500	-1.103900	-0.347600	0.000000	-0.453100	0.654400	0.699800	-0.852300	-0.928200	-1.341200	0.552500
150	3.522400	2.269400	-0.613100	0.000000	0.699100	4.578100	2.431000	2.034300	3.381500	1.636600	0.355000	2.592300	0.937900	0.878400	3.071400	1.553400	9.426630	12.630250	9.250900	15.675006
151	5.927630	4.517000	1.707200	4.054400	3.258000	6.681870	3.704100	5.810310	4.792300	4.200000	1.773400	3.658500	6.003570	4.575400	6.733740	5.093200	0.000000	0.954000	1.049200	3.178500
152	0.653200	-0.355400	-2.147800	-1.158100	-1.445200	2.728900	-1.347400	-0.298200	0.000000	-0.721500	-2.213600	-1.653100	-0.318300	-0.741600	1.027800	0.130300	-1.491700	-3.202700	-1.854300	-1.561900
153	0.000000	3.137000	7.805190	7.985950	9.399880	12.516680	5.147500	6.949990	4.148800	3.852400	5.532600	5.557570	5.948650	5.562050	4.172400	5.019500	6.634820	6.101650	5.678350	5.962570
154	0.000000	-0.312600	-0.113800	-0.430500	-0.065300	1.558600	-0.548600	-0.391900	-0.634500	-0.088600	-0.375600	-0.953500	-0.014900	-0.514700	0.481800	0.188100	-0.156700	-0.279300	-0.283700	-0.038100
155	2.071300	1.673600	0.593900	1.160400	1.089100	2.486700	0.199700	2.348300	1.991800	1.615900	0.536500	0.843000	1.813100	1.272100	1.962300	0.000000	0.331900	0.840000	0.527900	1.559600
156	0.000000	2.219200	3.855100	5.103800	4.999900	7.295340	3.051600	5.201100	3.835800	3.741200	3.728400	3.748400	3.798200	3.409100	3.821800	3.736100	3.789300	3.765300	3.755000	3.877900
157	0.439400	-0.421900	-1.576700	0.632000	-0.938900	3.309000	-1.523300	-0.292100	0.000000	0.062900	-0.910800	-1.799500	-0.946100	-1.336600	-0.734600	-0.911200	-0.986800	-1.035200	-1.062500	-0.794300
158	3.247400	2.018900	6.555800	2.811000	2.568800	6.379700	3.313300	4.093900	2.569500	1.601000	2.932000	3.808200	6.084600	5.795200	4.791300	0.000000	7.518810	5.436600	4.972400	19.873100
159	0.408000	-0.739300	-1.564000	-0.170500	-1.319900	0.243900	-1.328500	-0.235000	-0.125100	-0.285000	-1.514300	-1.361300	-0.469700	-0.683700	0.000000	-1.185500	-0.907300	-0.959800	-1.316200	-0.898200
160	3.712800	2.406300	0.470800	0.000000	-0.172100	7.050800	1.390500	2.038300	3.691000	1.804600	2.326100	1.155700	5.103200	1.595600	4.458500	2.058700	7.473100	8.377510	4.733100	2.669700
161	5.359500	3.609900	0.000000	1.536900	0.475800	5.650000	4.397700	3.550300	4.724600	3.063300	0.547800	2.865300	4.361800	3.078800	4.436300	3.157800	5.200500	2.624500	2.024100	4.259200
162	0.113200	-1.537500	-3.248000	-4.316200	-4.229400	0.559300	1.793100	-2.082700	0.000000	-1.735000	-2.619900	0.154800	0.621100	0.940400	2.282700	-0.499300	7.148900	0.771100	0.327400	-0.470900
163	7.009900	5.156600	1.805700	3.898900	5.560500	6.968300	5.021600	4.596400	6.188100	4.425500	1.211400	3.515200	5.745400	3.967200	6.065600	4.568900	2.655300	0.331800	0.000000	3.558800
164	4.140900	2.751300	-0.049200	0.000000	0.044400	5.392000	1.616200	2.127300	3.170400	2.156600	0.313100	1.756500	3.224500	2.071500	3.793100	3.054900	1.792200	0.128900	0.658300	3.196200
165	1.550200	0.000000	3.784700	1.489100	1.439100	2.328600	4.927500	2.172300	0.610400	0.887700	2.135700	4.964500	4.663200	5.336800	3.486600	4.894600	8.530680	6.313710	8.989820	19.150610
166	1.396100	0.838500	0.508700	1.210200	1.064200	0.000000	0.697700	1.243300	1.199100	1.435100	-0.159900	0.641800	0.729400	0.837700	1.122500	1.300300	1.274200	0.768800	0.597800	1.548900
167	0.248600	0.335800	0.381800	1.233800	2.053400	1.859800	0.057500	0.850700	0.000000	0.155100	-0.066500	0.017400	0.271100	0.375100	-0.324500	-0.066800	-0.162000	-0.161300	-0.199700	0.407500
168	0.768500	0.000000	-0.232900	2.076500	1.258400	-0.286900	-0.021300	0.737600	-0.140600	0.415700	-0.308800	-0.191900	-0.172000	0.241600	0.325900	0.497800	0.059300	0.023000	0.005100	0.455300
169	3.896100	3.019600	0.387900	1.398500	0.000000	5.581400	2.882400	2.061000	3.064000	2.417200	-0.025200	2.161400	3.207000	1.941200	3.173800	2.761400	2.947900	1.158100	0.372300	2.444900
170	0.200400	0.056700	-0.971200	0.261900	-0.000300	-1.328900	-0.528400	0.240300	0.000000	-0.506400	-0.691600	-0.888600	-0.783400	-0.795600	0.040000	-0.435600	0.045200	-0.091700	0.238100	0.299500
171	0.000000	-0.086000	0.125400	0.483100	0.093600	2.606900	-0.402900	-0.209700	-0.651800	-0.319900	0.045900	0.084200	-0.150200	-0.017900	-0.517400	0.238900	0.444700	0.252500	0.136100	0.162400
172	3.141000	2.862800	1.832600	3.597300	3.667500	6.747870	3.694200	4.519300	3.165900	2.678900	1.150400	3.659800	3.466900	3.218400	3.570100	2.730800	0.000000	1.751600	2.288800	3.574600
173	0.319400	-0.056700	-0.657700	-0.436500	-0.751800	1.037200	-1.045800	-0.376600	0.000000	-0.098400	-0.868700	-1.178300	-0.117600	-0.630200	0.258100	0.120100	-0.977100	-0.459500	-0.858100	0.029800
174	5.141400	4.641200	4.130500	5.254100	5.946810	7.305890	7.445690	5.146800	5.327200	3.908100	1.208400	5.140300	6.363410	5.323000	6.239480	5.140900	5.672100	1.333000	0.000000	3.778600
175	3.677200	3.129800	1.423800	2.037100	1.215500	2.802800	2.521000	2.426100	3.427700	2.271200	1.578700	1.816600	2.509700	2.413700	0.000000	0.453000	2.293500	1.639400	1.575700	2.658200
176	3.405200	2.049500	-0.063900	0.000000	-0.735500	2.851600	7.442200	1.351100	2.923000	2.143500	0.629600	4.708700	4.357500	3.948600	3.109100	1.945300	20.561550	15.574870	11.160890	18.828678
177	5.406000	4.280100	1.355800	3.508500	2.928300	5.910800	3.111600	5.167800	5.352300	4.410800	0.000000	2.765800	4.749400	2.149400	5.332800	4.192000	2.624700	2.754300	1.364700	4.524500
178	1.139500	0.084200	-0.031400	0.990500	0.314800	1.682100	0.124700	0.305300	0.543200	0.876100	-0.279800	0.090800	0.079100	0.333700	0.000000	0.919200	0.440600	0.459400	-0.901600	1.128100
179	6.542670	4.505300	1.624900	3.166600	2.984400	3.456500	6.210660	4.094500	5.391600	3.794200	0.828100	5.585100	4.898100	3.524500	5.952500	4.037700	5.125000	3.863300	0.000000	2.587600
180	4.692300	2.597200	-0.164500	0.000000	-0.503900	3.482500	2.758800	2.514600	4.321700	2.448700	1.010100	4.466300	5.718700	3.277100	4.420800	3.541800	3.068200	7.660990	5.818300	5.760300
181	0.961800	0.243400	-0.143700	0.834300	0.207900	3.580300	0.000000	0.242200	0.324600	0.986200	-0.844700	0.049300	0.660200	-0.051000	0.838500	0.219900	-0.473000	0.231400	0.095300	0.261700
182	1.663900	0.000000	-0.476800	-0.000600	-0.474000	1.833900	-0.604300	0.198000	0.921100	0.916100	-0.836100	0.019300	0.273700	-0.259100	0.865800	-1.200000	-0.065500	1.530500	0.207900	-0.128600
183	2.414700	0.271400	-2.157700	0.224800	1.979600	4.235600	12.581970	0.000000	1.178400	0.409000	0.274400	5.749100	6.489100	3.993400	4.045500	1.556900	21.266400	13.454250	11.152240	21.485780
184	1.882200	0.807700	-1.245000	0.000000	-1.099300	4.388300	1.130300	-0.167000	0.853300	0.856500	-1.463400	0.497800	1.550700	1.376300	2.357300	0.884500	2.157100	0.314500	0.084000	1.643400
185	0.436600	0.000000	0.605500	1.379800	1.424400	4.278600	1.088400	0.847700	-0.044800	1.254900	0.404300	0.892200	0.806100	0.446900	1.311000	1.170400	1.077300	1.252800	0.898600	1.544400
186	2.307900	1.748100	0.143800	2.119000	1.054600	2.831100	0.000000	1.564500	1.359800	1.514800	-0.618300	0.152200	1.951700	0.925900	2.248700	0.804500	0.642600	0.135300	-0.121100	0.285000
187	0.000000	2.726500	2.859700	5.209500	5.159300	7.293400	2.378100	3.744800	2.730100	4.138500	2.817100	2.504000	3.010500	2.742700	3.250800	2.624100	2.905500	2.769900	2.731200	2.497800
188	2.704500	1.914700	0.000000	2.153500	0.728200	4.873100	1.292000	2.344700	2.651300	1.873100	-0.159800	0.274600	3.516000	1.946400	3.607400	1.255200	2.278600	0.033500	0.278500	1.570300
189	1.327000	0.000000	1.385800	2.802600	2.980100	4.166000	5.822500	3.227700	0.729200	1.243400	2.736600	6.040500	8.862090	6.276000	9.077410	4.799500	36.081000	25.151210	20.317610	33.434500
190	0.835600	0.679200	0.524700	0.796300	0.747200	3.317300	0.308000	0.794000	0.682500	0.695100	0.534400	0.267700	0.000000	0.094400	0.969700	0.728700	0.574200	0.392800	0.363600	0.532100
191	0.205900	-0.292300	-0.934900	0.393200	0.072100	-1.872200	-0.511900	-0.342800	-0.675400	0.146800	-1.296100	-0.741500	-0.549100	-0.494500	0.167400	0.000000	-0.867000	-0.333700	-0.685600	0.078700
192	-0.578600	-0.631300	-0.790300	-0.499700	-0.904200	-0.680300	-0.983600	0.048700	-0.318300	-0.265700	-0.635500	-0.874600	-0.408400	-0.729100	0.000000	-0.415700	-0.627800	-0.777200	-1.123000	-0.079100
193	3.915700	3.742500	1.992900	5.091600	6.329130	8.694850	3.099000	4.863500	3.002900	3.560800	2.716700	4.189000	5.687000	4.824500	4.294100	3.937200	0.000000	1.264100	1.183500	3.243100
194	3.802800	2.490000	2.781400	1.541700	1.589500	4.490800	1.602000	3.521000	3.819600	2.160700	0.452000	0.941700	4.013400	2.787300	4.759400	3.231000	0.084200	0.000000	-0.403000	2.182400
195	6.259800	4.182200	0.000000	2.032200	2.269400	7.737910	6.990230	4.487800	5.557400	3.332800	-0.099200	4.348700	6.195600	4.090800	5.620900	4.425200	9.444830	8.495240	3.391700	8.960100
196	2.141900	1.416600	1.251000	-0.136200	0.105300	4.073800	7.512460	0.000000	1.482400	0.632200	2.468800	5.684300	5.857100	5.494500	3.352700	1.732300	22.340970	11.243110	13.811290	13.534300
197	1.559000	0.425800	3.201800	2.401300	4.764200	5.482100	5.127600	-0.083500	0.000000	0.146200	0.435200	2.073300	5.934900	4.434900	5.151800	3.146600	20.040610	15.626720	13.820720	14.678370
198	6.720700	3.637900	-0.246900	0.000000	-1.066500	5.702100	4.940300	1.845900	3.670400	2.473900	0.731300	1.104800	3.786000	3.291000	3.463100	2.471900	13.396060	7.518690	10.775090	4.628700
199	1.756500	0.421000	-1.212300	-0.030600	-0.118700	4.279400	1.635500	1.873700	0.759900	-0.010800	-1.474300	0.329000	3.094800	0.000000	5.683500	2.178900	19.688917	12.656630	8.563200	8.958100
200	1.736000	0.000000	9.153080	3.848100	7.759500	5.868900	26.532100	5.499600	1.991000	2.230300	9.323360	17.812340	12.467900	12.739860	7.013210	9.174090	60.500300	34.525400	28.501800	36.459800
201	0.000000	9.215620	34.990700	26.965530	33.454300	21.404280	41.093200	24.255460	12.928610	17.709082	31.543900	39.353700	33.924700	35.854100	28.898600	28.878900	75.033200	71.431500	67.011200	93.081600
202	6.053600	4.441000	1.585800	2.135500	1.347600	5.065100	7.602330	3.644700	4.257600	3.786400	0.925100	5.504100	5.677600	4.567000	6.346200	3.912300	4.898300	1.962100	0.000000	3.020500
203	1.279200	0.226600	-1.667100	0.825600	0.525700	4.784800	-1.650700	1.640700	0.529000	-0.523000	-1.633600	-1.787900	0.000000	-0.398500	1.823200	-0.625400	2.341200	0.612900	1.673800	-0.269000
204	3.384800	1.955200	1.002100	0.486400	-0.117500	0.000000	7.548820	2.569400	2.618500	2.023800	-0.216400	4.480500	2.664000	2.465600	4.606500	3.643900	13.551910	13.527280	7.406250	41.332300
205	5.939100	4.475900	2.558200	3.475700	3.256200	4.538900	3.265700	6.638900	4.545600	4.223500	2.613000	2.780800	6.115000	4.354000	6.285600	3.889400	0.000000	1.285400	1.280000	3.030600
206	1.907200	0.590400	-1.067800	-0.773400	-1.143900	3.750500	-0.320200	-0.121100	0.625900	0.161600	-0.819500	-0.537400	0.088700	0.000000	0.231600	0.706500	0.428500	-0.723200	-0.921100	0.273200
207	-1.345300	0.549800	-0.000700	1.819900	1.334900	3.179700	0.285900	1.503200	-0.119900	0.320900	-0.208400	-0.437500	0.266900	0.344100	-0.181000	0.000000	-0.014600	-0.266000	-0.053400	0.401200
208	0.000000	3.471800	6.079700	8.042060	10.115880	12.379280	18.739070	9.081100	6.137120	4.489300	6.309770	12.616090	9.554170	9.211070	8.961740	8.037150	29.341400	22.345550	16.468131	43.351600
209	0.784900	0.000000	0.232700	0.158600	0.062100	-0.874800	-0.530700	0.675500	0.672700	0.409300	-0.173400	-0.867100	0.126900	-0.345000	0.691500	0.776300	0.461300	0.061700	0.126200	0.617700
210	0.000000	3.276300	3.148100	4.818700	4.416200	7.278120	2.691000	4.928300	3.569200	3.403500	3.316800	3.255900	3.181500	2.880500	3.375800	3.327000	3.528800	3.217600	3.103600	3.416000
211	5.085500	3.282900	0.000000	3.485700	4.636900	6.957950	5.416500	2.627300	3.748700	2.840300	-0.120700	3.450400	4.084900	3.020900	4.479700	3.258900	15.965265	15.380711	9.634740	15.439121
212	0.952400	0.000000	0.208700	0.152400	-0.360300	4.361600	-1.058600	-0.370100	-0.241100	-0.701000	-0.881800	-1.284000	0.108600	-0.520400	3.056600	2.354500	5.597260	5.139800	4.752700	6.829300
213	4.348400	2.720700	2.944000	0.000000	1.135200	6.458200	16.297987	2.554700	3.820800	2.321400	4.838100	9.493840	7.414720	9.823990	3.907100	2.719500	25.887920	20.862260	14.062210	14.456190
214	-0.018300	-0.765400	-1.748200	-0.510500	-1.330700	0.540500	-1.146200	-0.244600	-0.246400	-0.218500	-1.494600	-1.455900	-0.904000	-0.998300	-0.409100	0.000000	-1.348700	-1.417700	-1.601400	-0.730100
215	0.348800	-0.239700	-0.488400	0.324500	0.024200	2.361700	-0.972300	0.584000	0.000000	-0.219000	-0.597000	-0.765400	-0.304800	-0.404400	0.420500	0.383800	1.006800	-0.459700	-0.545200	-0.025600
216	6.655600	4.859500	2.843400	2.938100	1.872100	7.635160	4.532800	4.438200	5.763700	3.865300	1.116400	2.456100	5.919200	4.146100	7.070900	5.923900	1.526000	1.903700	0.000000	3.351400
217	0.593300	0.109100	-0.557900	-0.359500	-0.743700	2.934500	-0.351100	-0.050100	0.000000	-0.023300	-1.208200	-0.611200	-0.758400	-0.357600	-0.586300	-0.065600	0.177400	-0.999600	-0.615600	0.266300
218	2.151100	0.072900	-0.483400	0.535900	-0.183800	3.683300	7.668220	0.469600	0.000000	-0.746900	-1.344600	2.589300	4.600900	2.376400	0.538500	-0.484600	23.464350	8.682460	7.346810	26.097690
219	0.840500	0.338100	-0.991400	0.011800	-0.267100	2.179400	-0.423100	0.000000	0.108800	0.137600	-0.948200	-0.809700	0.472000	-0.428900	1.174400	0.047000	-0.583300	-0.414300	-0.643700	-0.169700
220	5.827700	3.602000	0.975800	0.000000	-0.716400	3.857100	12.218820	1.354100	4.318000	1.709700	2.992800	2.843800	4.352400	3.088900	4.458000	2.174800	14.438470	6.935200	5.471200	2.324200
221	0.767700	0.516800	-0.978100	0.125600	-0.792000	1.194700	-0.489500	-0.010400	0.474100	0.338500	-1.068500	-0.902500	0.000000	-0.169500	0.879500	0.174500	-0.921600	-1.479800	-1.152500	0.320700
222	0.277200	0.422600	-0.588400	0.371400	0.230500	0.151400	0.181600	0.000000	-0.155700	0.158000	-0.700800	-0.381200	1.505600	0.686600	1.418700	0.327900	1.145600	1.133800	0.998700	1.240500