SITE	GLY	ALA	LEU	VAL	ILE	PRO	ARG	THR	SER	CYS	MET	LYS	GLU	GLN	ASP	ASN	TRP	TYR	PHE	HIS
7	1.981090	1.776450	0.000000	1.314230	1.565290	1.731530	1.427180	2.450920	1.991520	1.526340	0.576140	0.963560	2.689960	1.750570	4.057470	1.678250	4.682670	3.753980	3.575690	2.875780
8	0.296330	0.226660	0.137130	0.175860	0.079390	1.912820	-0.555430	0.084530	0.058460	0.220150	0.178760	-0.392200	0.515560	0.015210	0.688950	0.405020	0.362440	-0.060420	-0.126400	0.000000
9	1.641020	0.789160	-0.752010	1.138510	1.209910	-0.085040	-0.238550	1.081400	1.390100	0.619980	-0.311080	0.000000	1.307920	0.280540	2.366200	0.846620	0.558190	0.305430	0.033930	0.265890
10	2.236700	1.504510	0.299340	0.713500	0.096980	5.450660	1.110630	1.337570	1.535610	1.356330	0.600180	0.392300	0.000000	1.099110	1.198870	0.648220	0.986360	0.745380	0.159190	1.955100
11	1.216450	1.394180	0.693930	1.296510	0.669720	0.000000	0.978910	1.328790	1.504280	1.151060	0.365970	1.012100	0.849420	1.138010	1.348980	1.191940	0.770850	0.766820	0.659330	1.256410
12	1.801200	0.000000	3.833000	-1.106686	0.412500	4.362410	10.686450	0.906960	0.415810	-0.579560	1.884770	7.839050	6.721310	5.035040	4.749410	3.010400	21.208050	17.036850	14.559950	37.206850
13	1.822650	1.048560	-0.287830	0.157060	-0.159650	4.095790	-0.082590	0.000000	0.655350	0.784370	-0.467800	-0.102640	0.603880	0.214060	0.587520	0.603330	-0.287680	-0.041530	-0.091970	0.033300
14	3.885630	2.799490	0.000000	1.444790	0.647970	1.371880	2.066500	2.496780	3.499670	2.394720	0.465390	-0.312890	3.617040	2.301470	3.944200	3.181140	2.310640	0.765930	1.859730	2.377090
15	2.912640	2.500680	0.045710	0.669660	0.000000	6.074180	1.779040	2.825480	2.960660	2.586870	1.131490	1.365060	1.865050	1.601590	2.586100	2.512190	1.848010	1.517860	1.491740	2.229260
16	0.865670	0.806620	0.084330	1.031780	0.919020	5.450670	0.260370	0.455270	0.123800	0.517360	-0.359680	0.000000	0.252970	-0.009080	0.760870	0.587210	0.141130	0.230940	0.082700	0.666340
17	1.422605	0.000000	-0.744310	-0.441103	0.288545	-1.889343	1.178615	0.184795	1.384205	-0.207961	-0.947870	0.616685	2.216465	-0.534087	2.577745	1.211515	12.595375	8.377875	8.224325	5.722225
18	0.995860	0.949150	-0.094240	0.635020	0.000000	3.116410	0.755460	1.061370	1.235070	2.512540	0.173050	0.378550	0.593920	0.754450	1.042360	0.851920	0.769360	0.470490	0.018350	0.990410
19	-1.311890	-0.454670	-1.521152	-0.146030	-0.071100	2.583880	-1.117483	0.351530	-0.831900	-0.919127	-1.183079	-2.137155	1.522770	-0.381570	0.000000	-1.206652	3.117560	1.758140	1.435570	2.809350
20	0.000000	4.033960	20.147130	13.516630	17.429730	7.230250	24.563830	12.783230	7.474240	8.833740	14.683930	18.683430	16.354530	17.109630	20.186730	18.991230	47.375030	39.733030	32.468930	40.656530
21	0.637532	-0.168937	1.055463	-0.272239	1.013373	4.509203	2.959703	1.645953	0.088845	0.883583	0.178448	0.256721	2.436013	2.472893	0.000000	2.066143	5.462743	-0.626744	3.443893	3.462093
22	1.664880	1.014790	-0.181580	0.516630	-0.144380	5.771680	0.828920	0.000000	0.676220	0.601530	-0.488200	1.248670	0.954270	-0.079180	1.875390	0.970200	9.939200	4.377150	7.060570	2.560060
24	2.232530	1.145650	-0.399000	-0.131960	-0.616810	0.387090	0.491440	1.040750	1.477630	1.135600	-0.511910	0.000000	0.413220	0.321010	0.815100	0.723980	0.630390	0.569960	0.857770	1.949620
25	5.160330	3.979020	0.000000	3.311260	1.982020	6.392880	2.561250	4.474460	4.853970	3.376510	-0.366688	2.532970	4.260570	2.672700	5.699260	4.170700	-0.438929	-0.376444	-0.847726	2.658410
26	3.257040	2.046530	0.090390	1.559800	1.107130	7.212400	1.191860	1.791840	2.612430	1.436090	0.000000	0.756360	1.279300	1.504360	2.362350	1.803320	1.113530	1.134110	0.951900	1.633070
27	5.424050	3.926710	1.054530	1.585620	1.632520	7.669170	4.023760	3.743350	4.618960	3.221280	1.280830	3.061410	4.228370	3.039050	4.413210	4.212560	1.252210	0.000000	0.386220	3.097880
28	0.582760	1.345920	0.651300	2.111560	3.159550	9.564760	0.196320	1.058960	0.631510	0.292280	0.362000	0.000000	0.612620	0.312810	0.846350	-1.384440	0.006090	-1.021620	0.183260	-0.318730
29	0.000000	2.236830	1.931980	2.974890	4.278890	4.667430	1.818210	2.596510	1.988570	2.112290	1.989900	1.678880	1.928220	1.731800	1.704430	1.562650	1.866480	1.817140	1.760820	2.061900
30	1.875380	0.975820	0.134440	0.614460	0.375530	5.777450	-0.301260	0.782300	1.223340	0.856500	-0.178560	-0.247240	0.641660	0.000000	1.082360	0.606770	0.466570	0.005680	-0.139000	0.171110
31	3.331060	1.788060	2.905800	4.283910	15.674160	0.000000	2.732580	8.548460	3.133590	2.853470	2.019420	2.549360	2.067630	2.219170	2.864480	3.297380	2.639230	2.707800	2.944850	3.347420
32	2.559480	2.387190	0.061380	1.454670	0.972230	5.704750	1.090940	1.051300	1.607890	1.647290	0.000000	0.990000	2.001930	1.006500	1.797830	1.617330	2.715400	2.251070	2.516140	2.634760
33	1.271370	0.124510	-1.161230	-0.375020	-0.818050	-0.787410	-0.355690	0.000000	0.805600	0.395990	-1.170900	-0.751960	-0.586260	-0.159830	-0.353590	-0.466870	0.716500	-0.467450	-0.003240	0.882600
34	6.507800	5.530530	1.901750	3.593740	2.774910	4.512090	4.839660	5.163450	6.376540	4.959900	1.409170	5.462040	6.318300	4.862840	7.356200	5.911390	3.284920	0.166630	0.000000	4.115590
35	4.096450	2.664430	1.040270	1.137130	3.114530	7.762250	0.000000	2.744100	3.755310	2.757350	0.989460	0.337080	4.407530	2.806800	4.967820	3.063100	0.893760	0.779200	0.708470	2.637190
36	4.678500	3.067900	0.000000	3.927450	3.371780	3.353650	2.231940	3.905780	4.440160	3.092860	0.397940	1.960310	4.660570	3.397300	5.080160	4.063340	4.800710	0.128850	-0.486008	2.307930
37	3.141140	2.073830	0.000000	1.477070	0.942390	7.290380	2.615030	2.763200	3.369190	2.395950	0.121440	3.147720	2.876920	1.485800	3.979530	2.132570	8.465020	2.719290	1.944300	6.381010
38	3.439710	4.651990	0.000000	4.286480	3.386520	6.671690	4.972570	5.548390	5.364040	3.187280	1.755710	3.562910	6.445230	3.042630	6.057630	3.021060	23.735630	11.463230	9.211230	9.212530
39	4.426120	3.192490	3.083300	0.000000	-0.291570	5.815450	16.012550	2.781260	3.466230	2.654530	2.505040	7.121930	7.071130	5.705500	6.373010	4.206040	24.187650	14.651850	10.903550	14.348250
40	0.645890	-0.117600	-1.636982	-0.292190	-0.363120	4.686330	-2.178051	0.519380	-0.036770	-1.242157	-0.845220	-1.842531	0.342460	-0.671980	0.000000	-0.866850	-0.674080	-2.571624	-2.334395	-0.612480
41	2.666291	1.453731	1.116418	-1.614399	-0.598267	-1.982139	6.303641	0.000000	1.425211	0.760116	1.889831	3.657791	8.994061	6.696251	5.629321	0.659526	24.470631	9.540991	12.523731	33.382831
42	3.235980	2.157900	2.612620	4.274330	6.087750	0.000000	4.060520	5.210070	2.790680	2.753640	1.870260	3.973240	4.391020	3.480620	5.238680	3.841680	6.474480	4.979930	2.536060	3.891420
43	0.540200	-0.623910	-0.659110	-0.240800	0.026970	-1.661349	-1.018041	0.123680	0.397970	-0.432080	-1.211450	-1.153218	0.000000	-0.386320	0.006680	-0.227820	1.370890	-0.916637	-1.184823	0.921580
44	1.078290	0.533960	-0.368160	-0.891240	-0.825730	0.202310	0.856500	0.000000	0.051200	-0.009880	-0.058540	-0.427970	0.278810	1.150150	0.812280	0.432580	1.024070	0.926170	0.844770	0.361110
45	0.992630	0.750870	-0.266282	0.253660	0.344050	2.767530	0.040260	-0.009520	-0.088580	1.092620	0.278800	0.000000	1.833960	-0.613474	1.546510	0.192520	0.601720	0.081870	0.097210	0.046780
46	1.266080	0.300620	-0.703350	-0.115040	-0.648260	0.447350	-0.324970	0.302100	0.991700	0.175110	-1.001800	-0.549330	0.337820	-0.174030	0.375270	-0.461880	-0.371990	-0.311000	-0.314630	0.000000
47	1.707700	1.683330	1.751010	1.670690	1.536160	0.000000	1.112560	1.748700	1.809840	1.790520	0.998490	1.232250	1.385120	1.466350	1.781820	1.630800	1.456390	1.362520	1.288160	2.021620
48	1.542350	0.577870	0.453280	1.077390	1.094000	1.014460	0.342850	1.157630	1.220220	0.971610	-0.223310	0.000000	0.661630	0.516550	1.076850	1.150080	1.139990	0.926680	0.925590	1.356750
49	1.751140	1.201630	-0.156770	0.622540	0.218900	0.338960	-0.558010	1.756940	1.851170	1.132880	0.711050	0.000000	1.232850	0.042650	1.772570	0.576490	0.145160	0.211440	0.039780	0.029020
50	0.000000	2.857560	3.265190	4.264550	3.962890	6.337160	1.489050	3.895980	3.071250	3.024770	2.905760	1.973950	2.979760	2.714540	2.558850	2.793260	3.092010	3.171420	3.146560	2.970510
51	0.526920	0.235110	-0.860010	0.000000	-0.311600	-0.517410	-0.800410	0.098220	0.525670	-0.025380	-0.576490	-1.043710	-0.875340	-0.256040	0.007470	0.107770	0.637060	0.394310	0.316080	0.510660
52	1.252370	0.513970	-0.327580	0.651090	-0.031310	3.540350	-0.448720	1.888840	1.230560	0.688340	-0.199640	-0.108160	0.000000	-0.030660	0.500510	1.105810	0.697840	0.613590	0.567960	1.004510
53	0.773060	0.376660	-0.011820	0.590420	0.258080	-0.584310	0.146490	0.626510	0.531820	0.259660	-0.154530	0.000000	0.116840	-0.096010	0.640160	0.045810	-0.041220	-0.268840	-0.331610	0.372400
54	-1.554530	1.412170	0.027660	2.170280	1.978890	3.988830	0.927380	1.929840	1.966060	1.665890	-0.024860	0.941840	3.002320	1.545960	2.357590	1.052700	0.597570	0.000000	-0.104520	1.369190
55	0.000000	2.198200	17.261560	10.809760	13.175060	11.135960	18.555160	8.661560	4.518520	6.630890	10.952060	14.843860	17.905960	15.830360	14.398260	13.436960	28.232360	25.139260	24.341160	29.278560
56	2.808620	2.196720	1.968250	2.614860	1.963520	0.000000	2.205340	2.003260	1.954920	2.855120	1.760160	2.005700	2.092160	2.227630	2.383050	2.743330	2.081760	1.806600	1.656440	2.552940
57	2.525100	1.329370	0.202930	0.931890	0.349070	0.049390	0.602330	1.618640	2.155700	1.815000	0.232670	0.117500	0.000000	0.513390	1.214690	1.820880	1.004120	0.793450	0.616040	1.643350
58	1.914930	0.000000	8.200820	2.156560	4.073840	4.612400	16.793100	1.423970	0.796920	1.803570	7.800330	7.107510	11.287300	10.406300	8.708900	8.187030	41.612100	25.277800	21.803000	26.408800
59	0.958500	0.006900	5.290700	3.650500	3.775730	4.992150	3.224960	1.766220	0.000000	2.439370	1.486430	2.474530	2.654620	4.568550	5.535920	4.470430	16.435880	14.758680	13.444980	12.210280
60	0.704770	0.000000	-0.215550	1.000090	-0.210920	4.388450	0.391500	0.446350	0.033990	0.890800	-0.223780	0.068230	0.078550	-0.231510	0.425510	0.429960	0.171410	0.075440	0.003610	0.614340
61	2.931560	1.892120	0.906680	2.237870	1.603310	6.588260	1.559350	2.504910	2.554440	2.498130	0.286800	1.377390	1.882540	1.362990	2.699630	1.738180	0.927780	0.407790	0.000000	1.946860
62	2.599591	0.681876	-0.515561	1.243751	1.308471	5.061531	-0.247349	0.000000	0.927411	0.535710	-1.823949	-1.311079	2.476941	1.185021	3.034441	0.500126	-0.162097	-0.857176	-1.488399	-0.490504
63	1.288620	0.194960	-0.276560	0.253440	-0.260370	5.441780	-0.436020	0.327000	1.229360	1.066990	-0.312640	0.000000	0.729800	0.467140	2.117800	0.567470	0.808830	0.112230	0.888900	0.670770
64	0.898660	0.253560	0.023930	0.602420	0.017650	3.147950	-0.318170	0.321050	0.062860	0.845520	-0.269810	0.000000	0.057440	0.143230	0.614840	0.159700	-0.348580	0.013950	-0.056420	0.344680
65	4.323850	2.747760	0.747200	2.084750	1.451150	5.920450	2.259890	3.016930	3.207480	3.287360	0.000000	2.192080	2.466600	2.120800	3.623990	1.731610	0.646140	1.469530	1.355720	2.727030
66	3.591990	2.238720	-1.556743	0.000000	0.493540	4.875530	1.455230	2.219400	3.033000	1.742960	-1.700955	0.863850	2.445650	1.567530	3.764610	1.430150	0.599020	4.323180	1.115930	1.636890
67	0.985910	0.142900	-1.160620	0.237180	0.010310	5.659660	-0.508900	0.365550	0.723480	0.282960	-1.312400	-0.634130	0.000000	-0.537860	0.955360	-0.322000	-0.703970	-1.809752	-1.231270	-0.211270
68	0.071470	0.646110	-0.183710	1.056400	0.678240	4.647670	-0.520280	0.866400	0.348450	0.675040	-0.049160	-0.251630	0.754500	-0.317030	1.251670	0.000000	0.146050	-0.321000	-0.461030	-0.578090
69	1.508130	0.000000	6.209020	2.640910	5.294770	1.342680	3.908850	1.985470	0.375960	1.897660	3.233920	4.212900	7.995330	5.554050	7.192170	4.732960	18.003420	20.049820	15.915620	26.543420
70	1.164580	0.904600	0.782910	1.301960	1.263440	2.313740	0.191860	1.280870	1.103330	1.313020	0.874280	0.000000	1.120590	0.954590	1.392630	1.185050	1.372940	0.948260	0.765610	1.098880
71	2.322980	1.380550	0.610820	0.749830	0.453410	4.946370	-0.073550	-0.157240	0.328700	0.954910	0.372520	0.000000	1.265860	0.501200	1.798200	1.323540	0.598990	0.461880	0.135840	0.989500
72	5.162270	3.690020	-0.286810	0.973780	0.000000	3.971580	1.064210	2.723460	4.311470	3.003500	-0.344620	0.593340	4.805690	2.441340	5.734080	3.015850	1.431380	4.799930	2.193140	3.165840
73	0.813640	-0.297880	-1.915220	-0.800330	-0.566960	1.732340	-1.135430	0.130940	0.449920	-0.364400	-2.127730	-1.558900	0.000000	-0.551800	1.469970	-0.110380	-2.021870	-2.257290	-2.538099	-0.388460
74	5.583910	3.852320	-0.144350	0.000000	-0.221500	4.732250	11.879920	2.721410	5.065090	3.030000	1.712640	6.434540	5.860750	3.210710	5.740240	3.345670	23.228820	15.285520	8.208920	5.138650
75	2.866550	1.454640	-0.562520	0.440640	1.079650	7.330350	2.300700	1.062810	2.229200	0.829000	-0.950630	1.908150	0.000000	0.610660	2.542300	2.273170	12.162850	18.597750	12.195150	15.989950
76	3.328820	2.921760	2.216030	3.356950	3.196630	1.198230	3.704370	2.982140	3.555450	3.039030	1.299020	3.497310	4.497080	2.610180	4.689290	2.774770	1.717280	0.560390	0.000000	2.669680
77	3.816850	3.823610	9.209190	5.906070	10.114190	2.501740	22.665490	6.619150	4.811350	3.632810	10.459990	11.497990	13.208390	12.963890	0.000000	5.447090	38.107790	27.740290	27.613090	24.195690
78	1.537320	1.355460	0.736880	1.284890	0.728840	4.659210	-0.787780	1.626450	1.162580	0.833680	0.407350	0.000000	1.182400	0.269570	1.646140	1.303300	0.963790	1.100900	0.774190	1.622670
79	0.000000	2.478840	1.756070	4.762360	6.742560	8.704520	3.003130	5.584480	1.938850	2.008090	2.455690	2.051430	3.290880	3.313460	1.962830	3.560680	2.541560	2.059580	1.321530	2.832570
80	0.469120	0.093600	0.004940	0.283820	0.141670	-1.444156	-0.113810	0.357500	-0.080870	0.379790	-0.351540	0.263710	-0.126480	0.000000	0.077790	0.557180	-0.022490	0.072230	0.050870	0.406510
81	1.723620	1.375260	0.266010	1.400350	1.068210	0.796700	0.000000	1.588140	1.610310	1.201790	0.224300	0.550150	1.019370	0.282610	1.445120	1.235520	0.012800	0.838650	0.893920	0.661320
82	0.495500	0.247630	-0.049980	0.349340	0.465380	1.779600	-0.661480	0.000000	-0.131850	-0.097830	-0.643800	-0.607140	0.356880	-0.240010	1.191360	0.483460	0.100110	-0.449130	-0.937040	0.163530
83	2.954830	3.384550	2.385230	4.409540	3.747930	3.167920	3.464280	4.090010	3.451010	3.029980	1.686400	2.812810	3.426130	3.321450	0.000000	1.475130	1.789430	3.114780	3.122280	3.842340
84	1.086280	0.590380	0.127080	0.666840	0.238520	0.121220	-0.061000	0.850380	0.886430	0.487630	0.111480	0.000000	0.347450	0.150890	0.892350	0.667540	0.667720	0.839510	0.822640	1.069920
85	1.471190	0.931640	-0.120270	1.314370	0.917580	1.054570	0.338800	0.476990	0.103560	1.164200	0.069050	0.693150	0.858110	0.698510	0.941700	0.711580	0.557900	0.000000	0.073110	1.102690
86	0.000000	3.059810	2.834280	4.443250	4.354180	7.902070	3.047500	3.866130	3.536960	3.489630	3.346380	2.856830	3.123980	2.743550	3.192170	2.583120	2.951270	2.683450	2.648240	2.892520
87	3.406820	1.843070	-0.453610	1.509570	0.842700	3.559600	0.000000	1.250090	3.187440	1.986500	-0.238220	0.326550	3.107430	0.720570	4.574150	1.092950	-0.038610	-0.384800	-0.701341	1.564650
88	0.000000	2.096550	-0.285170	4.733990	5.401420	1.130250	3.069240	3.076810	2.137810	2.067010	0.284390	2.554580	3.189410	1.701640	1.690970	2.797940	3.620210	2.000600	4.574930	0.905020
89	2.818880	2.067360	0.000000	1.566140	0.664520	5.493110	1.011090	2.079800	2.916230	1.669950	0.108480	0.923720	2.265230	1.735200	3.133110	1.388510	-0.461020	0.420810	0.194700	2.917860
90	1.276650	0.000000	6.128830	2.504520	3.646050	5.627010	7.682100	4.964030	-0.095840	1.213730	0.751980	9.098800	8.535400	8.887300	5.947940	5.677170	35.685800	10.663900	11.021100	60.600100
91	8.470370	6.768370	3.262380	6.180690	6.433540	7.803470	7.069130	6.070090	7.536870	6.299890	2.914270	4.884180	9.660440	7.214340	8.709740	6.147140	4.134120	0.000000	1.395910	5.088350
92	5.585670	4.180860	0.111960	1.102010	0.000000	7.792150	2.588930	3.087050	4.707260	3.250530	0.247400	2.192060	4.029650	3.000600	5.629880	3.920840	8.095040	8.417940	3.634050	4.215280
93	5.325960	4.039270	2.074570	3.346770	4.680900	4.894890	3.512620	4.472780	5.225440	3.877100	1.804010	3.202950	5.353510	4.221780	6.275680	4.923830	2.202860	0.000000	0.573840	4.168430
94	2.233970	0.000000	-1.507962	-0.500470	-0.909091	1.505440	1.400620	0.406250	0.532130	-0.257830	-1.040251	2.388150	3.875210	3.507470	3.703560	1.346110	1.472160	3.619820	2.692230	9.210460
95	2.239570	2.680170	2.091710	3.653570	3.931740	7.824080	2.192030	2.899820	2.675860	1.985420	1.847340	1.782090	2.256780	2.096030	0.000000	0.068380	1.874890	2.053420	1.937480	2.071310
96	0.000000	2.523400	2.384850	4.634700	4.528180	5.149520	1.750790	3.200670	2.509880	2.545320	2.346340	2.061780	2.584950	2.324040	2.821430	2.249160	3.974340	3.909460	3.882590	2.299430
97	1.501960	0.865080	-0.361960	0.167820	-0.390430	3.100520	-0.084460	0.249870	0.549500	0.604750	-0.403480	0.000000	0.290600	-0.370640	0.752930	0.181200	0.770490	0.475750	0.427780	0.355670
98	2.726900	2.275690	-0.329020	2.497280	1.472380	0.465850	1.771480	2.116420	2.275590	1.378320	0.000000	1.499250	1.175610	2.022820	-0.902674	0.133970	5.890510	10.461050	4.349880	27.782350
99	3.734930	1.602720	-0.935934	0.000000	-0.728677	5.050580	2.402420	0.839640	2.781120	2.329660	-0.953114	2.956290	4.363530	1.716620	4.442790	3.370050	10.430460	6.675400	3.312900	43.688060
100	2.212520	0.289440	1.264120	0.188120	1.087930	-0.861857	10.590550	1.634320	1.165050	0.600920	2.812930	7.907720	0.868610	2.656750	1.622430	0.000000	36.300350	15.671550	15.626750	10.761850
101	1.804620	0.519960	-0.237540	1.912870	0.714500	3.229890	1.177100	1.395010	1.120270	1.198210	0.119150	0.703050	0.000000	1.643690	0.290580	1.352650	0.984300	0.576850	1.475540	2.747870
102	1.502540	0.000000	-0.568324	-0.012150	0.167490	2.923750	0.851210	0.910030	0.834250	1.041130	-0.725293	0.552480	0.631000	0.784960	1.064050	0.980840	-0.846221	-0.895471	0.120670	1.064080
103	4.473740	2.872440	0.000000	2.283580	1.196600	5.934420	7.145070	2.305430	3.899690	2.971640	0.352380	1.978130	5.178390	3.649370	5.480920	2.205660	13.182610	8.112150	6.853050	5.942890
104	3.874460	1.960690	0.065600	0.000000	-0.055790	4.490290	9.651480	1.531480	2.573860	2.132750	1.089780	4.295900	7.664480	3.964200	5.851180	3.218330	26.132680	24.142280	13.447280	13.461280
105	1.903440	0.940880	0.504190	2.786850	1.706450	8.065540	0.000000	2.731980	0.876040	1.811460	0.458220	0.663520	2.013890	0.735280	2.768650	0.884550	0.916370	1.015530	0.808990	0.586380
106	0.867810	0.542270	-1.044530	0.656830	0.268840	2.464530	-0.306570	0.335240	0.454030	0.275060	-1.141320	-0.582900	0.389420	0.000000	1.339330	-0.349460	-0.882350	-0.642060	-0.761010	-0.522500
107	0.000000	7.207330	26.141530	22.126830	30.194030	18.382030	25.040330	19.639730	10.909530	13.253230	21.329430	30.231530	33.916330	29.233630	26.565430	23.335530	64.337930	55.645330	52.941230	60.166830
108	4.177120	3.008780	0.000000	3.269260	3.234260	11.009940	2.397140	2.560470	3.109720	3.144460	0.859760	1.817900	4.182780	3.189590	4.555540	3.132680	1.436120	-0.152490	-0.050440	2.840580
109	1.249710	0.000000	8.384860	4.736020	4.640260	8.070170	11.965980	3.497650	0.485760	1.128190	2.140850	5.026910	10.670580	5.073430	10.650380	10.069880	31.568580	23.912280	18.862080	46.521480
110	2.356760	1.687040	-0.132340	0.744210	0.421200	2.389000	-0.034680	0.847220	1.322460	1.260730	-0.068990	0.000000	1.873650	0.460340	3.963010	2.115450	2.322580	0.159160	2.416750	1.228670
111	3.984250	2.520690	-0.362750	0.000000	-0.367490	4.091850	2.631940	1.408230	2.762210	1.744960	-0.016430	2.101270	5.016230	3.658960	4.433120	1.845850	5.844450	4.306080	2.277650	3.934320
112	0.721450	0.000000	-0.256320	1.364610	0.717340	7.841860	-1.329540	0.989530	0.012330	-0.262860	-0.362530	-0.870870	0.550430	-0.604570	0.525550	0.209880	0.020340	0.001570	-0.404650	-0.008360
113	0.134570	0.540170	0.034380	1.401890	1.894280	2.849000	0.008550	1.005490	0.517710	0.351240	-0.143370	-0.087650	0.334190	0.198640	0.350750	0.057270	1.118610	0.000000	-0.245200	0.087670
114	1.970090	1.554230	1.310850	0.000000	-0.345880	1.432490	0.939350	1.597690	1.160150	1.237080	0.533680	1.035830	2.018310	1.954550	2.211650	1.395940	2.504100	2.380560	2.395680	2.610530
115	0.303980	0.376650	-0.222740	-0.010160	-0.241440	2.062490	0.049040	-0.147960	0.158950	0.106990	-0.757750	-0.134180	0.156310	0.169360	0.050240	-0.003490	-0.112850	0.000000	-0.066630	0.643310
116	0.945930	0.734430	0.159160	0.499230	0.108170	-1.003900	-0.239870	0.673270	0.961530	0.602570	-0.274280	0.000000	0.357880	-0.137520	0.655210	0.575670	0.153510	0.117420	-0.051480	0.601050
117	1.329200	2.529600	2.352920	3.373020	2.636560	0.000000	1.044680	3.732480	2.743270	2.714850	2.796670	1.640660	2.369420	2.344980	2.044270	2.092800	2.653050	2.662490	2.811470	2.804330
118	0.253660	-0.664720	-2.276965	0.156850	-0.186840	-0.705067	-0.667274	0.837150	0.905890	-0.395300	-2.649470	-0.887876	0.687350	0.639340	1.782440	0.000000	9.292240	10.882240	4.990590	13.884540
119	2.119720	1.434170	3.264740	4.174720	3.659670	6.160900	1.159240	3.195640	1.591930	2.259610	2.171250	0.522860	2.384560	1.063480	3.106980	0.000000	1.911770	0.653440	0.532900	0.378590
120	1.720350	0.478200	-0.295210	0.173770	0.119260	7.514480	0.112540	0.000000	0.900320	0.996350	0.082280	0.082050	1.083950	0.307210	2.252160	1.481920	0.181290	0.078490	-0.034030	0.776410
121	2.199560	1.902050	-0.356690	1.384720	0.904840	1.778660	-0.030150	0.833380	1.374010	1.631270	-0.119980	-0.378830	1.335770	0.952350	0.098850	-0.368000	-0.848310	-2.027713	-1.179980	0.000000
122	2.945360	1.680460	-0.508410	1.727780	0.345660	6.783360	1.616890	1.827470	2.202570	1.989850	0.703570	1.137280	0.000000	0.833590	1.428300	1.306580	1.905090	2.331420	1.763730	0.772440
123	1.058960	0.430670	-0.022990	0.684280	-0.008820	-0.597080	0.492260	0.771440	0.844340	0.994300	-0.278330	0.230210	-0.650380	0.000000	-0.939270	0.597310	0.271570	0.281250	0.211250	0.872600
124	0.644060	-0.268700	-1.459270	-0.279710	-0.897130	-1.366570	-0.776700	-0.383250	0.021840	0.368780	-1.583910	-1.256270	-1.371700	-0.768440	-0.284680	0.258840	-1.372630	-1.043950	-1.316610	0.000000
125	5.445880	3.317850	0.000000	2.002210	0.833540	4.946200	5.598980	2.493380	3.774610	3.396730	0.453670	3.590470	4.804770	3.835360	5.359570	3.252390	15.251230	5.786550	1.767310	2.255780
126	2.109250	1.020000	-0.218600	1.025730	0.154910	5.802170	0.000000	1.937120	1.669620	1.506030	-0.168560	-0.176100	1.427830	0.410000	1.973210	0.778780	1.062220	-0.217790	-0.696850	0.818330
127	0.783630	0.120570	-0.227600	0.410130	-0.192910	2.602080	0.207100	0.003370	0.152390	0.621180	-0.300320	0.000000	0.073630	0.000990	0.535560	0.615830	0.110960	0.162000	0.050340	0.752500
128	1.776700	-0.057190	-1.195860	1.825480	1.573040	2.532730	0.491410	1.451070	0.000000	0.652240	-1.105950	0.150210	1.411400	0.013910	2.542490	2.328290	0.915170	0.004300	2.324680	1.510840
129	1.635190	0.378980	-1.312260	0.451740	0.205690	6.732960	1.023140	1.836740	0.530300	0.830190	-1.035140	0.980150	0.000000	0.372670	0.450590	1.435580	4.015120	2.888860	3.566580	16.663690
130	0.890370	0.000000	0.020550	1.857670	0.486130	4.109320	0.387560	0.952060	0.204640	0.807240	-0.215200	0.245070	0.485310	-0.290520	0.933800	-0.068940	0.179880	0.419710	0.162470	0.810030
131	1.517410	0.521030	-0.194250	0.482680	-0.103150	3.172260	0.185320	1.097720	0.602040	1.062130	-0.461780	0.105620	0.512000	0.000000	1.119100	0.421730	0.214660	-0.113260	-0.077320	0.680050
132	1.784060	0.000000	11.435350	6.139680	11.582650	5.777270	15.892050	5.377130	1.197850	4.417640	12.212650	14.019650	18.064150	15.635950	13.188750	9.535650	54.645150	51.555850	38.322550	45.225250
133	1.914880	1.190280	0.251010	0.698950	-0.107770	5.422190	0.416290	1.296960	2.128670	1.329430	-0.104970	0.000000	1.548890	0.889730	2.617180	1.769340	0.821980	0.857210	0.546840	1.638960
134	1.519680	0.555360	0.225750	1.567990	0.856140	5.930490	0.416520	1.684240	1.472560	1.414950	0.258350	0.000000	0.876210	0.910880	1.653660	0.960870	0.363100	0.420740	0.354100	1.174120
135	-0.447340	-0.403570	-1.086020	0.343420	0.073420	2.215730	-0.837290	1.419550	0.280530	0.377130	-1.361890	-0.654370	0.000000	-0.153590	0.391280	-0.042170	-0.353960	-0.610920	-0.830310	0.032120
136	1.126620	1.915910	2.273810	4.328720	4.852070	5.855750	0.681000	2.540410	1.757620	1.745380	2.309300	0.000000	2.530390	1.323000	3.148990	1.187190	2.298800	1.971130	1.752540	0.730930
137	2.079600	1.027600	0.000000	1.657600	1.168400	7.143930	0.513700	2.682750	1.578780	1.486050	0.127000	0.818280	2.040250	0.788620	2.993150	1.037020	0.483730	0.739280	0.412780	1.870080
138	1.106190	1.678260	0.619000	5.613950	5.667480	1.785110	1.376080	4.308130	2.702180	1.376400	0.119050	0.925280	1.478770	1.195000	1.803180	0.000000	0.992380	0.665900	0.546940	0.787340
139	2.732340	1.592870	-0.065660	1.030820	0.000000	4.599300	0.675570	1.871180	2.648980	2.150300	-0.198680	0.690650	2.067170	1.003950	3.051350	1.323190	0.401990	0.996850	0.648290	1.904050
140	3.345670	2.335000	1.346910	3.071500	2.610640	5.043740	2.020140	3.537660	3.109770	2.344230	0.447980	2.466710	3.722020	2.464430	4.380490	2.697300	0.000000	0.344760	-0.967480	2.344000
141	0.322880	0.245440	1.228250	1.586180	1.556370	15.794440	0.468380	0.817860	0.000000	0.563910	0.748610	0.740740	0.987230	0.712880	0.981340	0.451570	0.971550	0.945240	0.856260	0.704560