SITE	GLY	ALA	LEU	VAL	ILE	PRO	ARG	THR	SER	CYS	MET	LYS	GLU	GLN	ASP	ASN	TRP	TYR	PHE	HIS
17	0.538160	0.531850	0.126350	0.695400	0.298930	0.814240	0.000000	0.498810	0.534900	0.316960	-0.467330	-0.174940	0.178670	0.354620	0.406710	0.503440	0.207510	0.748200	0.149370	0.519430
18	-0.624390	-0.832880	-0.915200	-0.413900	-0.305130	-0.033230	-0.529560	0.000000	-0.446220	-1.107490	-1.198990	-0.838210	-0.921700	-1.188710	-1.302860	-1.048400	-0.924980	-0.981680	-1.178360	-1.048820
19	0.743380	0.495660	-0.183590	-0.316980	-0.584330	3.771230	-0.213640	0.000000	0.636180	0.177540	-0.017220	-0.389190	0.175830	-0.450710	0.520070	-0.485390	1.089130	1.138670	1.153610	1.398030
20	5.178350	3.403950	2.995460	3.448450	4.154450	8.760680	0.000000	4.182310	2.691410	3.366840	1.630370	1.802380	4.284000	2.591380	5.151540	2.635230	3.875140	1.731070	1.272400	2.935450
21	3.079710	3.452500	2.586230	3.555820	3.992260	2.651610	3.051650	3.171070	3.186020	2.829690	2.525000	2.863170	2.161170	2.719800	0.000000	2.310470	4.514820	2.534520	1.813830	3.464910
22	3.518550	2.796200	2.928200	6.483100	6.557930	7.182777	3.769770	7.566593	3.454030	3.189650	2.451450	3.371660	2.660110	2.661420	0.000000	1.464350	4.403560	4.250560	4.144880	3.503600
23	5.876980	3.993790	0.000000	1.778870	2.663630	6.600960	8.608512	4.247210	5.776030	4.264570	0.298790	3.126430	5.442070	3.193210	5.799340	5.059630	20.699540	16.533390	7.429848	9.383660
24	1.975480	1.180050	-0.323420	0.948040	0.000000	4.229400	0.401050	2.039340	1.884460	1.382200	-0.557970	0.054980	1.173850	0.642670	1.918840	1.599280	0.507550	-0.471550	-0.039260	1.189020
25	1.167940	0.631130	-0.050830	0.855680	0.126300	3.185620	0.070990	0.826810	0.094820	0.485920	-0.067110	-0.164300	0.475690	0.272150	0.872990	0.000000	0.423610	0.214230	0.110100	0.016570
26	0.000000	7.249196	12.336600	17.776650	20.038850	17.608070	23.800650	15.786800	10.169600	12.626290	18.781450	23.986750	22.297750	15.142680	20.904950	19.052450	38.712950	35.277550	31.586950	68.150950
27	0.586970	-0.141080	-0.470280	0.011140	-0.254500	-0.849960	-0.611800	0.013510	0.136900	0.084370	-0.074060	-0.557900	-0.446970	-0.226550	-0.162640	0.000000	0.063310	-0.261050	-0.082010	0.166290
28	1.085020	0.320130	0.326980	1.435050	0.804110	-0.702130	-0.493360	0.420460	0.000000	0.496110	0.441970	-0.798090	0.280870	0.494810	0.811410	0.855850	0.797400	0.676740	0.640640	0.974990
29	0.077160	0.000000	0.015910	1.047190	0.602820	-0.081240	0.024650	0.512100	-0.024060	0.063080	0.137990	0.015250	0.052120	0.089780	0.082940	0.058790	0.276410	0.166270	0.164680	0.322120
30	-0.107190	-0.195650	-0.337160	0.222450	0.303650	3.728050	-0.477140	0.230920	0.000000	0.032860	-0.252360	-0.227050	-0.352610	-0.199680	-0.283490	-0.225830	0.821630	-0.550880	-0.733820	-0.385430
31	5.099540	5.074190	4.900400	6.014320	5.973900	4.207010	4.750560	5.784940	5.044190	0.000000	4.111070	4.967020	6.281470	5.402800	6.330270	5.278210	5.777750	5.168200	5.175590	5.894430
32	-5.269420	-6.692920	3.063190	-3.600620	-1.087280	-5.218920	0.000000	-3.892520	-5.236120	-4.637320	-0.873310	2.811490	6.279310	2.238680	1.780220	1.337030	18.779880	16.869740	15.333990	16.146300
33	0.761840	0.450030	0.301200	0.780660	-0.168410	0.342560	0.278970	1.257420	0.542610	0.622690	-0.074400	0.166740	-0.166950	-0.166130	0.000000	0.757710	0.764100	0.586870	0.543590	0.598420
34	5.852650	3.584500	1.701790	0.000000	-0.502880	7.007560	3.186490	2.402240	4.520050	2.765460	0.876160	3.091800	4.571450	4.414810	4.774240	2.840510	4.952870	3.515730	2.879730	3.345880
35	5.749870	4.083130	0.593030	1.006140	0.000000	5.679410	8.228958	3.171720	5.006110	3.220780	0.618140	4.716820	5.730210	4.027280	5.388070	3.359640	15.561270	14.116360	9.710230	5.427330
36	7.562420	5.674980	1.382550	4.075700	3.481980	8.182120	6.147660	5.204040	6.811150	4.995780	1.393970	5.212220	5.754200	5.117790	6.323730	5.507470	0.559270	0.965260	0.000000	4.384810
37	6.331130	4.705110	0.315840	1.286600	0.000000	6.135890	6.833520	3.445280	5.656840	3.774080	0.152320	4.598350	4.982620	3.920070	5.420760	3.832180	9.743680	6.385380	2.524240	3.471740
38	4.989230	3.684470	1.004390	2.864160	2.135590	5.503460	5.142870	2.635160	4.078540	3.391120	0.500800	4.061620	4.068250	3.801890	4.637510	4.365830	-1.031840	0.000000	-0.903820	2.817290
39	1.641800	0.000000	3.711830	2.425690	2.552610	2.982220	23.917920	2.936300	1.979380	2.663160	3.160640	6.299470	7.526631	8.113105	7.519271	4.742600	38.493220	26.269820	28.817420	34.976220
40	0.985130	0.373340	-0.067470	4.369360	4.279270	-1.936020	0.000000	3.017020	0.918860	0.606830	-0.490850	-0.767710	1.407350	2.267810	2.821700	0.700980	10.073486	3.184640	2.175890	2.029910
41	0.000000	1.643270	6.071580	9.804070	13.945060	7.250410	5.188120	8.101776	3.799790	3.839140	3.672730	5.414690	8.483623	7.445700	6.954130	6.460020	8.699675	6.158910	5.634910	62.394330
42	2.046440	0.474910	-0.150970	2.038620	2.356880	-1.664000	1.568660	1.836750	0.000000	1.284340	-0.169020	1.829350	-0.874870	1.069410	0.457520	1.030430	0.457460	1.169440	-0.075980	2.294690
43	-1.074150	1.200720	-0.145300	1.878200	1.259270	4.725310	0.415220	0.000000	0.791930	0.767780	0.195030	0.210150	-0.194050	0.070680	0.417620	0.288780	0.741730	0.041910	0.633780	0.550280
44	3.230350	2.358170	1.568540	3.485010	3.553950	5.950220	2.651490	4.362660	3.425980	2.656080	1.569270	2.538480	0.000000	2.887280	1.395130	2.537630	3.513060	2.875440	2.455400	4.066170
45	-0.461090	-0.375970	-0.598640	-0.151150	-0.037870	-1.287370	-0.419560	0.000000	-0.732790	-0.431610	-0.502420	-0.824740	-1.349350	-0.872600	-1.460750	-0.561640	-0.355690	-0.203540	-0.311760	-0.019070
46	0.000000	7.360723	15.235150	19.814130	20.854230	11.350770	14.767970	16.708980	8.435021	10.774620	12.670090	13.200880	15.067160	15.294110	12.538510	13.452460	21.401130	20.928230	20.667530	20.230630
47	1.597140	1.771660	1.947580	0.651900	1.622270	1.313380	1.936600	2.783820	2.490380	2.576480	1.486780	0.899230	3.722520	1.907360	2.150640	0.000000	2.157200	1.520930	1.375340	2.064940
48	3.980270	3.408720	0.000000	4.141080	3.891260	7.963303	3.862330	4.467830	4.450850	2.976660	0.003320	3.142220	3.514820	2.846800	3.947320	3.791580	8.282599	6.402800	1.954160	3.715900
49	0.000000	8.775670	19.842740	18.783140	20.408740	15.936830	35.083640	18.294440	10.489040	10.884490	17.495620	23.617440	15.137890	17.097690	14.156130	15.512180	52.972440	40.551940	31.499640	62.791740
50	0.882830	0.532380	-0.027570	0.670600	-0.013140	2.006250	-0.088180	0.000000	0.372850	0.644010	-0.829270	-0.535570	0.269480	-0.089600	0.503260	0.104210	-0.139750	0.688340	0.620730	0.494560
51	3.481140	2.865300	0.000000	2.244510	1.964730	3.169120	3.108730	3.911470	3.292640	2.587160	1.686670	1.989200	3.400170	1.839650	1.961490	1.491420	1.188080	0.799580	0.859110	1.643610
52	0.000000	2.754630	11.652010	12.904000	13.867830	10.683030	18.585390	8.465173	3.723290	6.583560	7.168420	14.249730	10.415550	10.309720	8.454979	10.189130	33.140490	25.149190	21.477790	31.447290
53	3.638830	2.653050	2.266420	2.948850	2.999190	0.000000	3.191720	3.285560	3.985220	3.483380	2.557820	2.908520	2.945280	3.324470	1.655950	3.784150	3.266900	3.360980	3.034730	3.648340
54	0.653920	-0.364650	-1.366260	0.410820	-0.331580	-1.032270	0.447360	-0.344510	0.000000	0.232720	-1.457660	-0.482300	-0.837560	-0.394870	-0.077050	-0.614060	-0.974620	-0.476260	-0.633120	0.397930
55	4.949140	3.083920	-0.099430	0.971070	0.000000	3.804780	8.222657	2.159210	3.616690	3.343640	0.149550	5.471280	2.239890	3.595230	4.623950	4.012000	7.351450	8.631235	4.544810	9.765540
56	1.965970	0.000000	2.838630	1.144130	1.979110	2.563240	5.777170	0.924950	0.958200	1.244600	-0.562990	1.597170	2.022600	2.079750	2.496550	1.972640	6.918970	7.394240	6.321460	10.836120
57	0.254260	-0.595080	-0.851770	0.420190	0.155420	2.376640	-0.069060	0.216320	0.000000	0.221840	-1.001520	-0.391660	-0.407770	-0.190920	0.215410	-0.357530	-0.022160	-0.109410	-0.158130	0.338100
58	0.921550	-0.179300	-0.685890	-0.021800	-0.320900	2.033740	-1.301940	0.784160	0.783170	0.393130	-1.043910	-0.747670	0.057830	-0.144340	0.780710	0.000000	0.018590	-0.192800	-0.351830	0.563590
59	5.600970	3.478750	0.000000	2.454160	1.410390	6.887890	9.387237	2.453600	4.082480	3.395760	0.506620	3.707690	4.318370	2.822800	4.907960	3.491890	11.241980	8.814404	4.152100	4.333730
60	2.279060	1.350320	-0.175210	0.716340	0.133240	4.630570	1.519420	1.040080	1.290200	1.565410	0.193410	1.753880	0.000000	-0.429050	2.719610	1.483630	2.266650	0.049370	-0.043330	1.765920
61	0.833070	0.112420	0.063150	0.482530	0.089910	3.173570	-0.347920	0.613810	0.000000	0.717770	-0.104900	-0.497150	0.349060	-0.007430	0.870930	0.295060	0.164510	0.129270	0.053310	0.414890
62	1.522550	0.000000	-1.096990	0.954220	0.013450	3.178400	-0.627160	0.651080	0.285240	-0.290570	-0.784490	-0.655680	1.339190	-0.143330	0.882120	0.245780	1.179210	1.164230	1.051490	1.099970
63	4.574210	4.389340	1.219960	3.462760	2.008690	5.727900	3.489400	4.198300	4.804370	3.998160	0.561560	2.997450	4.923860	3.983030	5.200860	2.444700	1.583790	1.400470	0.000000	2.268970
64	0.000000	3.255200	3.450890	3.828110	3.658830	5.299900	1.627710	2.947190	3.319380	3.450660	3.304890	2.577940	3.259130	3.002640	3.229950	3.132820	3.516990	3.016030	3.302390	3.391350
65	1.029610	0.712450	0.507410	1.061660	0.626970	-0.441800	0.230590	0.997160	1.045660	1.181770	0.502160	0.000000	0.379990	0.195710	1.338690	1.093650	0.460030	0.659340	0.555130	0.594320
66	0.272440	0.618640	0.648870	1.180870	1.118630	0.004120	0.564810	1.137700	0.639160	0.633750	0.701590	0.534810	0.119300	0.169230	0.000000	0.335940	0.835770	0.599990	0.555400	0.627640
67	0.000000	1.151580	1.980090	4.644340	4.761180	2.240960	1.843880	3.744420	2.283510	1.529440	2.385710	1.719420	2.710070	1.984300	3.215880	2.873570	2.958960	2.317450	2.463060	3.206710
68	4.459700	2.959580	1.120740	0.000000	-0.444280	4.298850	12.881890	2.524960	3.776530	2.289710	1.469640	8.771918	5.186290	5.514290	5.319340	4.108570	15.729000	11.937700	9.869750	7.312940
69	-1.872320	-2.622770	-3.414370	-2.893970	-2.711670	5.466920	-0.783100	-1.886780	-0.945400	-2.047860	-4.611070	-1.129400	-2.118440	-1.298350	-0.304140	-1.058100	0.000000	-0.907040	-2.536870	19.727030
70	5.420130	3.791790	0.667420	1.053250	0.000000	4.150840	8.329266	3.146950	4.761660	2.947120	0.571910	4.088340	4.185110	4.481710	4.464770	3.724800	14.523830	5.698890	4.973680	3.885570
71	7.514690	5.383710	1.768810	4.194410	3.870010	8.556636	7.236110	3.869840	5.776310	4.695080	3.057360	3.633110	3.260180	0.000000	4.780170	4.343810	11.724920	8.081631	6.817170	40.776280
72	0.000000	7.500140	25.316700	21.247000	24.147800	10.962432	32.218800	16.799000	9.237668	10.525672	21.727900	31.536700	26.470700	24.052600	13.557250	16.405790	57.252200	45.874700	43.071400	76.681800
73	4.684830	3.143590	1.091630	0.000000	-0.346690	4.271230	5.034290	1.061180	3.667480	2.082790	3.910790	10.100870	7.104720	3.635040	3.839680	3.005110	28.710650	17.433580	12.227020	39.902350
74	0.000000	1.278330	1.775560	2.426370	2.728160	0.942030	1.257110	2.731790	2.419390	1.827760	1.126730	1.669340	2.014160	1.779280	2.418980	1.500730	2.350710	1.894270	1.158250	2.986960
75	0.000000	3.868390	3.565240	5.364520	4.189180	6.097700	3.679600	4.288110	3.558210	3.821210	3.595150	3.157790	3.877560	3.541350	4.275950	3.429070	3.064890	3.178060	2.025570	4.052560
76	0.820040	0.000000	-0.716180	1.069940	0.344060	0.313550	-0.467580	1.449090	0.029960	0.015130	-1.048670	-0.618300	-0.560410	-0.777410	-0.239850	-0.887120	-0.141610	-0.163270	-0.263320	-0.451450
77	4.389390	3.429430	1.300330	2.675990	7.133901	4.526840	6.648910	3.449800	4.621120	3.792230	1.426900	4.562760	3.863910	5.306770	3.051010	3.301710	7.983220	0.000000	0.526290	3.498460
78	0.526830	0.557250	0.486290	1.149780	1.178060	0.134760	0.000000	0.981150	0.474820	0.412390	0.362320	0.306740	-0.201000	-0.078300	-0.009000	0.117360	0.884000	0.183820	0.094140	0.575420
79	0.428900	0.000000	9.369010	5.558270	8.792602	8.434659	7.418025	5.155240	1.557380	1.732950	6.383350	7.711737	10.547470	9.708740	5.058370	7.476769	34.046520	29.756320	27.265220	33.476920
80	0.135350	0.280330	0.464490	1.160730	0.521430	0.694070	0.216710	0.000000	0.418170	0.666920	0.389220	0.065750	-2.302280	0.270680	-3.044420	-1.486540	0.588610	-1.478560	-1.680860	0.032180
81	1.156830	0.505040	0.000000	0.801570	0.102280	-1.554930	0.333860	0.897420	1.102040	0.960880	-0.092510	0.253420	-0.500850	0.307710	-0.582800	0.762640	-0.386990	0.024280	-0.159170	1.071960
82	0.000000	-0.583460	-0.677570	0.043310	-0.240810	-1.867220	-0.758560	0.049060	-0.357300	-0.001110	-0.720440	-0.704550	-2.036790	-0.805190	-1.117770	-0.259440	-0.578360	-0.410700	-0.462570	-0.189210
83	-0.095750	-0.849680	-2.055110	2.607570	0.733020	-0.244200	-0.486100	2.436340	0.170260	-0.813540	-1.737210	-0.857280	-0.255370	-0.332370	0.000000	-0.303390	-1.572320	-1.654920	-1.860290	-0.464400
84	2.270100	0.931400	-1.558980	0.557320	0.305670	3.681150	-0.049400	1.098300	1.465850	0.979850	-1.500580	1.794060	1.433000	1.045360	1.508510	0.000000	1.888810	3.315310	2.951120	4.265110
85	-0.513360	0.000000	-1.039720	0.611170	0.105390	-0.297920	-0.901140	-0.381670	-0.721250	-0.456700	-1.212960	-0.990710	0.221050	-0.575280	0.624780	-0.476070	-1.507990	-0.840780	-0.986740	-1.767250
86	0.700160	0.201400	0.000000	1.497980	1.237800	1.518260	-0.012930	1.628260	0.478230	0.337330	-0.163770	0.028780	0.389420	0.178010	0.865100	-0.131100	0.603960	0.240940	0.069900	0.923180
87	1.426000	1.057990	0.965210	1.144450	0.854230	0.000000	0.957640	1.138070	1.294620	1.237730	0.865790	0.934490	0.718850	0.930970	1.083470	1.220730	0.830600	1.023690	0.942910	1.270250
88	0.450600	0.099450	-0.586850	-0.215950	-0.245300	-0.578050	0.000000	0.636990	0.327000	-0.106670	-1.051420	-0.469240	0.205190	-0.446160	0.047420	-0.008690	-0.290720	-0.614190	-0.548800	0.277450
89	0.000000	4.102750	3.491870	8.714637	8.895202	10.170430	4.308420	8.168159	4.453010	4.809330	4.104140	4.803290	6.337520	5.389750	4.372380	3.632480	6.679340	5.153660	4.474130	6.509170
90	1.880170	1.916780	2.791460	1.160670	4.293850	3.918510	18.185640	0.000000	0.658770	1.146860	2.542310	11.501560	6.569720	5.044890	3.700490	3.684270	27.650040	21.212940	13.357440	25.229640
91	0.489610	0.820230	0.386290	2.535130	2.008250	1.481100	0.938760	0.448010	0.000000	0.955040	0.898160	0.692920	-0.503250	0.403210	-2.369310	0.060570	2.140320	0.665210	0.576100	0.323940
92	0.242230	-0.340160	-1.029090	-0.162120	-0.912060	-1.839830	-0.285150	-0.103990	0.000000	0.148560	-1.449690	-0.635030	-1.375450	-0.783690	-1.690730	0.007040	-1.074280	-0.673560	-0.876110	0.055440
93	0.762120	0.000000	-0.313250	0.968660	0.546490	-0.761870	0.106070	0.164020	0.045080	0.305820	-0.439880	-0.052550	-1.294220	-0.113130	-0.653770	0.404300	-0.196500	0.240670	-0.103530	0.337870
94	1.402770	0.000000	4.714360	3.173800	6.219870	-0.895800	5.942060	1.845490	1.011110	1.885310	2.592010	6.414840	5.496200	4.741790	2.918170	3.234420	19.816100	6.426830	5.422560	5.345420
95	3.571780	2.271950	0.254490	0.635160	0.000000	4.385270	2.703910	1.447990	2.741790	2.643230	0.517600	1.595460	3.029410	2.781690	4.250830	2.142910	5.434410	6.210660	6.590530	3.577820
96	1.040610	0.173450	-0.186210	0.433090	-0.084690	2.395050	0.000000	0.916870	0.150060	0.766610	-0.688350	-0.030370	-0.116630	0.051510	0.338980	0.163110	-0.120080	-0.123090	-0.232330	0.407700
97	1.051040	-0.195200	-1.031900	-0.223100	-0.008200	2.764600	0.317630	0.351310	0.653230	0.280630	-1.474900	-0.115400	0.000000	-0.470400	0.516660	0.523190	2.883740	2.596230	1.430120	2.281610
98	5.081380	3.284800	0.736760	2.922680	1.908030	6.800900	3.146130	3.669790	4.249200	3.166460	0.000000	3.290410	4.349810	3.573500	5.063070	4.161220	9.451460	5.233410	3.466410	3.981480
99	2.801650	1.780890	0.000000	1.400620	0.575820	4.741800	1.564280	2.297640	2.124830	2.115410	0.299920	0.785370	2.372990	1.480930	2.773680	1.889540	3.143990	2.205360	1.872910	1.789950
100	0.000000	-0.801230	-0.977640	0.448060	0.127260	2.978170	-0.715370	-0.485840	-0.924760	0.021650	-1.046620	-0.954010	-0.506440	-0.868270	-0.287720	-0.753940	-1.247330	-0.782250	-0.868530	-0.067630
101	4.143640	2.522260	0.000000	0.940280	-0.084410	3.369390	1.392170	1.834920	3.094400	2.764170	0.570600	1.862240	4.137330	2.389320	4.855850	2.211540	2.735660	0.389190	0.338510	2.095540
102	6.754550	5.102240	1.456770	3.823230	2.665110	6.814770	4.192380	4.274960	5.807440	5.084450	1.160070	4.352760	5.801930	4.656520	6.660800	5.412510	1.881790	1.155940	0.000000	3.717700
103	0.954260	0.311890	-0.809000	0.489910	-0.207360	2.492860	-0.281910	1.032510	0.223080	0.735670	-1.431190	-0.461470	0.107810	0.000000	0.962810	-0.000930	-0.504990	-0.734170	-0.893830	-0.117710
104	2.112500	0.665170	-1.078760	0.122870	-0.634990	3.391870	0.028520	0.668820	1.275860	0.990240	-0.927250	-0.350240	0.573780	0.000000	1.429290	0.626010	0.056760	-0.332180	-0.762080	0.798210
105	2.327220	0.000000	0.636190	-0.755650	-0.259630	4.341820	5.173020	1.893100	0.823330	2.506950	0.221580	6.074130	7.127960	5.723230	5.128120	3.369470	8.685081	16.696310	11.193420	13.255770
106	0.309730	-0.890240	-1.811850	-0.556900	-1.378890	1.403650	-1.056360	-0.041040	-0.540960	-0.248960	-2.120690	-1.498930	-0.340480	-1.128810	0.363550	0.000000	-1.602100	-1.780690	-2.204290	-0.439040
107	0.249220	-0.428520	-1.058900	-0.279100	-0.601660	2.563610	-0.977090	0.000000	-0.514940	-0.110500	-0.938890	-0.846790	-0.477630	-0.936800	0.023730	-0.598190	-0.564940	-0.907400	-0.919200	-0.664830
108	4.225410	2.810240	1.357570	2.578310	2.031660	6.543276	0.924510	3.930150	4.205210	3.411690	0.986810	0.000000	4.335510	2.923390	5.041210	4.034890	2.961770	3.032470	2.631680	4.235080
109	5.811500	4.782100	9.021990	4.756570	4.993710	8.632800	8.952260	6.822286	6.593010	0.000000	7.651019	10.340040	10.609820	8.516055	10.833150	6.155660	18.458410	17.335940	16.867780	30.456210
110	1.654370	1.246590	1.517480	2.110620	1.622510	0.000000	0.408130	1.680780	0.832350	1.641120	1.748230	0.849490	1.736810	1.400630	1.929810	1.646330	1.934730	1.607370	1.408560	1.991260
111	0.607290	0.577260	-0.198070	0.246990	-0.000310	-0.025790	-0.136290	0.402650	0.374660	0.562500	-0.122490	-0.252300	-0.111990	-0.250900	0.000000	0.108600	-0.329250	-0.221030	-0.677220	0.418350
112	1.566830	0.000000	3.947730	-0.578680	1.276840	0.627180	3.403440	-0.845660	0.621610	0.515540	2.613630	6.573840	3.822660	3.186290	3.922820	4.109850	30.497840	16.884010	10.834960	4.294910
113	3.110570	1.669120	-0.107600	0.843590	0.288670	3.023110	1.670450	0.000000	1.385440	1.761150	-0.139850	1.364610	1.806910	1.276750	2.400460	1.801920	1.177860	3.207480	2.593380	3.136630
114	4.794450	3.400800	0.000000	1.117760	0.447830	4.131770	2.395100	3.284540	4.483260	2.864300	0.111480	1.840840	4.267880	2.393220	4.801320	2.602730	5.128190	0.422360	-0.599440	2.918280
115	5.492810	3.882060	1.870230	0.967460	0.000000	5.601120	9.978600	3.519610	4.111610	3.016200	-0.110300	5.035440	4.859410	4.317830	6.728450	3.911260	25.564950	21.237750	12.753140	10.918940
116	1.718150	0.000000	2.693590	0.447700	3.329840	6.473300	15.728420	0.594560	0.412550	-0.594800	0.863800	6.215800	3.019940	4.044960	3.551170	2.679410	16.917100	14.725590	8.387024	7.969398
117	0.000000	2.506120	10.150300	8.117522	9.789454	10.839740	17.511410	7.095860	1.893900	5.960820	5.198920	11.113410	8.286809	8.890486	10.200460	10.157980	37.324410	28.119610	22.424910	35.368310
118	0.000000	6.087070	22.308530	19.327130	23.947430	12.100690	33.356230	16.919670	10.014020	11.346280	18.417730	26.383930	21.883430	23.227930	21.097130	19.181830	43.542730	32.102330	31.801430	39.580930
119	5.216920	3.942280	1.675140	2.500980	2.744230	5.627770	3.405410	2.687500	4.264350	3.705380	2.003540	2.742930	5.901780	4.583170	5.513480	4.754020	6.793940	0.000000	0.958390	3.926660
120	-1.533100	0.224700	0.384760	6.142490	6.137900	14.346790	2.024180	4.122790	0.000000	-0.762140	-0.257090	2.105780	1.342960	1.264030	0.502860	1.535510	1.710330	1.890990	1.947810	1.467620
121	2.097070	1.525350	0.975400	1.766900	1.186900	2.395930	5.014780	0.352580	1.281890	1.657660	0.275490	3.064610	0.216900	0.000000	2.461510	2.653400	21.224080	20.872580	16.271100	8.922491
122	0.000000	6.567210	36.412890	25.836590	34.570190	20.034390	47.217690	24.521690	14.599470	17.543700	31.381090	42.625090	35.345890	36.795190	32.578290	33.543590	93.397590	67.506890	66.273490	85.886690
123	1.334160	0.000000	12.155550	4.019150	9.894560	15.083990	30.645420	5.455070	0.654640	3.110730	14.136270	20.758320	17.463130	16.051170	11.045770	10.842050	60.780020	53.337120	46.803020	38.527820
124	1.233830	0.000000	2.203160	1.978590	3.429310	1.579620	4.417970	2.895200	0.395090	1.574650	1.892500	3.516370	3.811030	3.785180	1.542450	1.356960	10.829160	16.688660	11.110860	47.140460
125	5.645900	3.805530	0.000000	3.142870	5.385100	7.880982	13.470930	3.509280	4.723460	3.637490	1.707900	5.817160	4.607670	4.292460	5.195900	4.297830	22.951040	15.304560	11.858000	6.818240
126	1.933850	0.000000	0.563510	-0.440660	1.722370	4.032210	14.624410	0.167990	1.758180	0.347890	1.537190	6.195920	5.094020	3.638180	2.674440	1.837770	26.079550	19.258450	15.335480	14.082840
127	1.916700	0.000000	2.623280	-1.168820	0.841740	3.003990	4.174860	0.839320	0.726780	0.963950	-1.488970	3.562130	2.101870	1.665890	3.479870	3.477010	5.613640	3.407580	2.134910	20.760050
128	1.775190	0.000000	2.394860	0.753160	0.135720	3.576890	1.503290	0.610260	0.698490	1.638430	-0.760100	2.694280	2.368610	0.966000	3.897540	1.122930	12.044950	18.356990	13.574840	14.500650
129	1.190970	-0.764020	5.660200	-1.166990	3.093700	3.218200	14.417480	-1.175490	0.000000	0.608340	5.916310	14.138790	9.657040	9.615240	6.003230	3.634600	48.811880	32.298480	28.198480	20.800780
130	5.497340	3.720210	-0.191270	1.330070	0.000000	6.393420	8.186516	3.933250	5.328910	3.553770	-0.176680	3.681140	2.026930	1.096450	5.075460	3.424690	12.945220	12.493100	8.170720	5.616300
131	0.961110	-0.497780	1.578030	1.986280	3.642060	4.318120	0.116750	1.446370	1.074340	0.412420	-0.771210	-0.311240	0.000000	-0.654960	0.115600	-0.592600	0.379520	1.395940	1.318110	0.032950
132	-0.474150	-0.446700	-1.298040	0.087010	-0.368500	2.514440	-1.331900	-0.012470	-0.722330	-0.536440	-1.627700	-0.142730	-0.089610	-0.408360	0.000000	-1.427320	0.008850	-0.529510	-0.701610	0.874520
133	4.887230	3.273810	0.000000	3.157790	2.879000	12.026300	7.068470	3.847130	3.344790	2.684480	0.761880	4.658550	3.912390	2.767190	4.401260	2.711120	20.918870	13.034940	11.314460	12.629630
134	4.490130	3.867190	3.371930	4.244710	3.659520	1.961050	4.402490	3.863080	3.781610	4.472250	3.622080	3.859050	1.549180	3.819380	0.000000	3.012730	3.771840	3.733850	3.706870	4.008190
135	0.722150	0.209180	0.444060	0.682200	0.610300	-1.327970	0.607660	0.507560	0.000000	0.742320	0.397190	0.470040	-0.375720	0.087450	-0.177500	0.392940	0.653720	0.340460	0.068430	0.658360
136	0.271550	0.000000	0.075090	0.462590	0.242970	-0.345840	0.096190	0.328490	-0.518200	0.567990	-0.114030	-0.033880	-0.080850	-0.157710	0.126990	0.084310	0.271340	-0.128530	0.117260	0.021670
137	2.277100	0.867540	-1.060820	0.575820	0.000000	1.397810	1.863760	1.248160	1.621930	1.942960	-0.022640	1.371870	2.728390	2.443190	2.924140	2.717870	0.794140	1.665930	0.564110	2.487900
138	3.159550	1.889910	0.816300	2.691110	4.152250	7.238960	0.000000	2.965250	2.692310	2.164210	0.932970	1.338610	4.068340	2.619320	4.752200	2.964020	5.627010	11.709200	6.158630	6.017710
139	-0.545260	-0.228410	-0.052000	1.282610	1.031230	2.815730	0.441370	0.589450	-0.757640	0.393380	-0.382380	0.181670	-0.320470	0.116120	0.000000	-0.583170	0.137470	0.111280	0.062070	-0.110350
140	1.451100	1.000020	0.197220	1.969150	1.122020	1.046060	0.121910	1.119510	0.673900	0.646090	-0.124500	0.000000	1.379570	0.536210	1.568000	0.872300	1.177960	0.737690	0.572100	1.034790
141	4.770880	3.777990	0.025570	0.971910	0.000000	6.501370	12.189800	2.779970	4.327590	3.420410	0.743340	4.946470	3.953600	2.681800	2.986950	2.553940	9.526490	6.181010	1.429370	3.215520
142	2.040940	0.000000	1.586100	1.735620	2.627840	3.492450	3.848780	1.853740	1.072500	2.132750	0.838820	4.711500	5.179590	3.093420	4.505170	3.623640	8.091135	5.631510	4.983900	9.019650
143	0.000000	0.815190	12.173050	6.036300	5.649620	5.012960	26.379330	4.578480	3.224040	4.045740	5.538250	19.690230	13.197920	15.024320	10.938360	6.987040	51.655330	21.596530	21.649530	55.917030
144	2.416110	0.611520	-1.539000	-2.470070	-1.392880	9.391670	11.712810	0.000000	1.915470	0.157520	-0.884360	5.175360	3.996570	2.352940	2.509960	1.636090	17.413220	12.201800	5.582530	14.760080
145	4.183470	2.602790	3.056110	0.000000	-0.812440	3.748780	12.594640	2.635050	4.166890	2.160080	2.452470	8.222517	5.173410	6.558840	5.216670	3.466560	18.789270	17.084580	11.381490	17.068760
146	6.311770	4.341920	0.000000	1.205920	1.766620	5.068630	7.003980	3.488400	5.387430	3.464140	-0.069890	4.276030	4.159540	2.445100	4.930690	3.060900	11.757420	7.397228	4.931360	3.288690
147	6.894400	5.236920	1.371140	3.292760	3.789590	6.514950	6.946200	4.524860	6.298060	4.453100	1.283900	4.254260	5.622750	4.966190	6.401560	5.428610	3.582760	1.170160	0.000000	4.013180
148	0.000000	2.923770	21.787090	17.181780	20.931390	14.514120	29.590690	13.200740	7.682850	7.289800	22.276890	28.459690	23.747290	21.738290	20.444490	15.094810	56.488590	29.155390	48.662090	59.204790
149	5.956060	4.784730	1.981930	3.685500	6.599180	5.081890	5.520010	5.097490	5.959440	4.240690	1.936550	4.573240	4.432910	5.315810	4.456360	4.219340	7.025546	0.000000	1.262200	3.808410
150	-0.032420	-1.010550	-1.030560	-1.471040	-2.238940	-3.140540	1.130020	0.000000	0.095720	-0.584690	-2.091940	-0.890340	0.913370	-0.562320	1.312730	-0.013050	0.758190	-0.422820	-0.115160	-0.588030
151	1.346230	0.987520	-0.415550	2.079260	0.060780	2.713910	0.604930	1.797980	1.729920	0.921820	-0.418650	0.000000	0.628870	0.329430	1.462910	0.750220	1.008420	0.034080	-0.436580	1.369300
152	1.471800	0.069450	0.400410	3.427380	3.053350	6.619830	-0.195640	1.418920	1.394180	0.602680	-1.206400	-0.514200	0.760580	0.502260	1.466640	0.000000	-0.125410	-1.405950	-1.643670	-1.021980
153	0.656440	-0.018970	0.000000	0.958620	0.767190	-0.305480	0.401290	0.137720	0.042470	0.693590	0.047460	0.235510	0.515470	0.076670	0.751030	0.476970	0.593490	0.611430	0.494820	1.080890
154	0.477910	-0.171720	-0.295100	0.360010	-0.119540	-0.881140	0.115310	0.687180	0.578860	0.496880	-0.576930	-0.014780	-0.031150	0.000000	0.263850	0.419510	0.048250	-0.213110	-0.203880	0.347860
155	1.244940	0.576790	-0.689060	1.641910	1.348000	3.724270	0.256320	1.126080	1.005170	0.688850	-1.323200	0.047680	0.900650	0.559310	1.000280	0.000000	-0.267270	-1.697440	-1.491080	-0.270770
156	-0.483880	0.301350	0.613660	1.649020	2.971660	6.028810	0.000000	0.983590	-0.149620	-0.171520	0.647210	0.078990	0.269240	0.065370	0.107280	-0.150630	0.461300	0.417300	0.430540	0.216110
157	0.000000	2.942750	2.032570	3.956340	3.654980	5.750010	2.392580	3.664220	2.364710	2.954840	1.782260	2.523560	2.408920	1.925840	3.744390	1.618760	3.295530	2.432500	2.296460	2.801680
158	0.657800	0.817460	-0.168590	0.456610	0.025590	3.953690	0.000000	-0.383730	-0.190670	0.460280	-0.154920	0.178320	0.607440	-0.101800	0.598310	0.280570	0.721400	0.083690	0.033910	0.965270
159	6.011220	4.468860	1.233320	1.396200	0.000000	2.759910	10.603450	3.787520	5.580660	3.590050	0.179430	5.021650	4.806420	3.743410	5.042260	4.260960	19.724140	14.783990	10.425930	24.795140
160	1.957380	2.011620	2.425730	2.630530	2.493230	0.000000	2.094640	2.848940	1.746620	2.462650	2.208450	1.838540	2.321420	2.143520	2.589660	1.915630	2.715030	2.287580	2.137590	2.057810
161	-0.616570	0.441930	-0.310120	3.102110	3.799490	4.764710	-0.674730	2.376220	0.548260	0.171150	-0.018120	-0.463900	-0.225070	0.080120	-0.121330	0.000000	0.286200	-0.133110	-0.300850	0.085440
162	6.236820	4.885640	1.321020	4.449200	5.702950	13.837480	3.757560	4.260900	5.061920	4.399430	0.964660	3.543490	5.053010	4.855790	6.196600	4.637320	6.994090	0.000000	0.009330	3.022340
163	1.661600	0.986840	1.178440	1.221290	0.820150	0.000000	1.279000	0.922730	1.508230	1.244600	0.578530	1.204010	1.049440	1.153160	1.305550	0.695320	1.509660	0.808060	1.573850	1.757470
164	0.411850	0.000000	-0.411640	0.147540	-0.184560	-1.755490	0.134950	0.191120	0.386330	0.432150	-0.619650	-0.267480	-0.511320	-0.161950	0.213490	0.070910	-0.285800	0.003050	-0.106220	0.494430
165	0.378800	-0.065200	-0.223800	0.254120	-0.095070	-0.509370	-0.047240	0.683470	0.168080	0.332040	-0.105580	-0.224080	-0.759790	-0.221690	0.000000	0.275450	-0.124090	-0.464400	-0.327870	0.387480
166	2.776010	1.963430	0.760440	3.866620	7.724442	1.516150	0.000000	1.894320	2.388710	2.357080	1.284760	1.332740	3.003620	2.482750	2.988000	2.189610	1.231970	1.181280	1.078660	1.754750
167	2.206740	1.179020	-1.874380	1.030040	0.963320	6.440750	2.086940	0.000000	1.386390	0.646880	-0.405530	1.942840	2.799940	1.357660	2.631280	1.651720	10.319500	6.385240	2.617380	29.397550
168	3.591890	1.464320	-0.498110	2.100090	2.354970	5.669720	0.187180	1.396910	2.057120	1.215860	-0.217470	0.000000	0.847260	0.505910	1.086530	1.234430	1.166730	0.060450	-0.132810	0.199910
169	2.273610	1.396890	0.666250	0.000000	-0.176830	0.493140	1.041060	1.193620	2.088480	0.761700	1.120850	1.169580	1.637660	2.086850	1.880820	0.920340	0.787890	1.271650	1.259930	1.993980
170	4.681750	3.884870	2.174080	2.581450	1.743420	5.785790	4.120150	3.567280	3.853950	3.291680	1.631060	3.606620	5.025710	3.560750	5.276970	4.490150	3.216750	2.383430	0.000000	2.084360
171	4.688010	3.739640	3.588670	5.056290	4.457290	3.860340	3.621900	5.021370	4.392170	0.000000	2.707650	3.052450	4.145780	4.037240	4.180820	3.837140	3.948850	3.888430	4.124240	4.213290
172	0.986420	0.251020	-0.427010	0.717760	-0.045050	6.807120	-0.748230	1.403910	0.912880	0.527930	-0.536500	-0.050900	0.803470	0.643360	1.119500	0.000000	-0.186370	-0.635600	-0.522070	0.729600
173	0.322120	0.034110	0.083780	0.063580	0.210840	-0.745950	-0.019800	0.000000	0.136620	0.153530	0.152780	-0.023170	-0.020250	0.088240	0.121370	0.176960	0.107520	-0.088100	-0.019540	0.063470
174	0.000000	3.687100	3.289110	5.148310	4.335120	6.177560	3.143900	4.762370	3.874010	2.570750	2.864870	3.269880	3.513210	3.500360	3.711970	2.686500	3.336550	3.496470	3.034520	3.763480
175	3.851590	2.736030	8.276298	2.236300	6.531060	10.426380	19.322470	2.112230	4.158470	2.995980	7.824333	15.287870	10.876370	8.899916	0.000000	1.412450	33.148170	22.679470	18.490320	40.333370
176	1.346990	0.567430	0.000000	1.764940	1.064940	-1.256370	0.184410	1.114270	0.859970	1.246240	0.145970	0.122260	0.752090	0.692890	1.446230	0.974560	0.469930	0.452670	0.380390	1.248950
177	2.012910	1.045990	-0.679650	0.000000	1.240140	1.849640	1.346910	0.677830	1.097400	1.306020	0.008650	0.395730	2.963670	1.611410	3.765760	1.371780	6.823830	7.564940	6.639540	4.822030
178	3.092910	2.154980	4.164180	3.446880	3.384940	5.520270	3.151140	2.607860	2.223330	0.000000	2.783760	3.709260	3.970350	3.587840	6.414880	4.199880	10.228170	6.360800	7.903794	19.308930
179	-0.047020	-0.368560	-0.862250	-0.645640	-1.368990	3.202370	-0.815460	0.000000	-0.069720	-0.649330	-1.212100	-0.972870	-0.334670	-0.667560	-0.480990	-0.471920	-0.886540	-0.765210	-0.965300	-0.389530
180	0.000000	3.194190	3.487500	4.644270	4.338080	8.455142	3.259100	5.273080	3.748950	3.133010	2.568960	3.084180	3.190290	3.321900	3.380200	3.472110	4.947220	4.747930	4.709610	5.079570
181	0.658470	0.392820	-0.665310	0.409170	0.046060	3.507980	-0.047760	0.902520	0.000000	0.444960	-0.869270	-0.623790	0.334890	-0.005090	0.754090	0.521720	-0.392270	-0.406560	-0.604090	0.483510
182	1.251690	1.170790	0.000000	1.270750	0.914220	2.621640	-0.094250	1.245040	1.369430	0.926870	0.074500	0.146600	1.309770	0.745260	1.051940	1.005870	0.501520	0.828190	0.378100	0.487390
183	1.019960	0.396020	-0.168880	0.399520	0.000000	1.559410	-0.374050	0.239360	0.443550	0.432620	-0.022690	-0.184610	0.245290	-0.156560	-0.111680	0.343550	0.405580	0.139820	0.059480	0.643760
184	0.918500	0.620910	-0.768010	0.000000	-0.633940	0.221100	-0.169970	0.235740	0.853250	0.211720	-0.655080	-0.211580	-0.008480	0.222330	0.281860	0.401290	-0.880900	0.139910	-1.067770	0.529950
185	0.439430	0.000000	-1.275410	0.572310	0.498390	-1.657220	-0.597080	0.638920	0.125640	-0.279760	-1.185250	-1.193150	-0.888810	-1.006230	-0.898450	-1.160560	-0.676960	-1.138420	-1.225090	-0.624410
186	0.535150	0.000000	-0.351670	0.010930	-0.138080	-1.820750	-0.519670	0.108100	0.296280	0.379710	-0.526600	-0.508880	-0.844260	-0.461280	0.074450	0.183960	-0.741090	-0.672300	-0.753690	0.119140
187	2.871440	1.759410	1.783400	2.922100	3.855820	0.000000	1.841220	4.932950	2.657820	2.641500	1.738770	1.719620	2.007510	2.183940	3.047000	2.769950	1.921240	1.933070	1.928000	2.682270
188	3.685360	1.950930	0.107020	2.016630	2.063180	4.404870	1.111040	3.030310	1.934700	2.301670	0.287080	1.105200	3.410910	3.014800	5.744060	1.752280	1.348750	4.688590	2.745750	0.000000
189	1.333540	1.246660	0.000000	1.508630	0.880780	1.967120	0.176450	0.904080	0.598710	1.160640	0.189110	0.522430	0.966680	0.791530	0.839670	0.906520	0.544580	0.389210	0.313540	1.125770
190	0.042220	0.000000	-1.199480	0.776690	0.394350	4.031580	-0.908980	1.334130	0.303790	-0.482900	-1.072600	-0.967370	-0.390230	-0.852130	0.056560	-0.173960	-1.571090	-1.541200	-1.722580	-0.635050
191	6.448170	5.489300	3.522390	4.714740	4.741550	5.194750	9.238883	5.886900	6.610510	5.571360	3.816770	3.473540	8.078456	6.248100	7.530510	5.832180	12.051120	0.000000	2.439540	5.754360
192	0.000000	-0.514650	-1.176650	0.487160	-0.709040	-1.469410	-1.115510	0.000920	0.128050	0.100880	-1.228570	-1.091960	-0.583110	-0.821020	0.035060	0.162930	-0.653410	-0.562590	-0.885050	0.226510
193	1.442150	1.217380	1.226560	1.576690	1.339340	0.000000	1.163980	1.506590	1.524180	1.704670	1.090160	1.218430	1.205210	1.081880	1.423560	1.568080	1.035880	1.177540	1.290950	1.712820
194	1.021800	-0.758510	-1.770370	0.893660	1.318130	-1.988070	-0.820130	-0.520710	-0.089610	-0.184540	-1.915970	-1.644820	-0.873600	-0.946360	0.000000	0.163680	-1.468890	-2.594570	-1.858840	-0.735980
195	1.726580	0.000000	4.173200	1.644840	1.747770	3.162470	7.318100	2.484200	1.582810	2.427180	2.479650	4.508180	5.734240	4.625830	5.428830	3.596960	20.096130	17.486120	14.938760	43.281530
196	0.247850	0.123000	-0.272110	0.825980	0.429750	2.451440	0.000000	-0.137190	-0.686140	0.161640	-0.198690	-0.243260	-0.343270	0.019530	0.023510	0.294930	-0.192490	-0.024170	-0.079110	0.441970
197	0.000000	1.260520	1.249420	2.324510	2.058050	4.469010	0.843040	2.100670	0.605720	1.825160	1.221650	1.362690	1.656840	1.016520	0.818440	0.281460	1.252170	1.259830	1.070870	0.155790
198	2.757460	1.833750	1.696220	2.337530	2.116000	0.000000	1.466100	1.924450	1.741400	2.596860	1.525750	1.934160	2.051310	1.555530	2.562970	1.598060	2.583080	2.488850	2.505320	2.716940
199	1.858580	0.000000	7.366270	4.696180	9.854790	8.997898	16.543190	3.721150	2.499620	2.363160	6.105030	10.752400	8.746613	10.085170	5.956950	6.538270	27.252110	16.437470	11.724890	41.588910
200	4.386190	2.760850	5.764680	2.798050	3.241550	0.000000	3.644170	3.760740	4.065730	3.485610	4.283040	4.183860	5.572250	4.869600	4.536470	3.681050	4.806030	5.337930	5.407580	5.439140
201	1.188110	0.408290	0.096250	1.018860	0.340110	5.261700	0.471500	0.883950	0.826470	1.083070	-0.018280	0.185940	0.000000	0.114920	0.380660	0.365440	0.109570	0.332150	0.284700	0.796260
202	3.954620	2.636380	1.420670	2.803870	3.551700	7.037946	4.280950	2.203480	3.342690	3.231810	0.359540	3.898110	3.685220	2.863940	4.115910	3.915320	2.708220	0.668540	0.000000	3.027980
203	5.075730	3.085940	0.000000	2.279230	1.326940	5.438860	7.663748	2.613910	3.761170	3.116880	0.423040	5.465690	4.536080	2.729450	4.805090	3.927320	6.195530	13.204790	7.420348	3.343290
204	2.676710	1.610230	0.795510	0.717390	0.000000	5.132140	1.523100	1.501440	1.815450	1.888620	-0.145250	1.365280	1.903160	1.356430	2.627630	2.314250	1.745280	1.799100	2.137960	5.901260
205	0.930520	0.022980	-0.151060	0.650360	0.064660	3.208490	-0.248100	0.709170	0.144250	0.851670	-0.576530	0.005420	0.000000	-0.224900	0.591250	-0.163770	-0.092790	-0.016220	-0.036850	0.212450
206	2.560590	0.835150	-0.573520	0.580860	2.130220	3.869480	-0.250690	0.826010	1.469200	0.444820	-0.490810	0.000000	1.622590	0.475710	2.466490	-0.087910	1.615720	7.525353	4.106140	2.787070
207	4.143800	2.177820	-0.293160	0.000000	-0.149650	5.556370	2.351420	1.449590	2.731000	2.145290	0.036380	2.706670	3.459010	2.999030	4.125010	3.324130	2.743690	3.171630	2.971120	10.557500
208	2.083320	1.295500	0.197210	1.625220	0.844030	3.366430	0.000000	1.777090	1.446270	1.625710	-0.288990	0.581160	1.936030	1.248750	3.170620	1.294200	0.530540	0.596360	0.175930	1.506820
209	0.420770	0.000000	0.301950	1.532450	0.956310	3.089270	-0.179290	1.126880	0.039320	1.030050	0.103120	0.225550	0.886640	0.283380	1.365900	0.473350	0.563480	0.168180	0.259240	1.100410
210	1.189220	0.808850	-0.072890	0.000000	-0.475960	3.019480	0.113690	0.318670	0.848850	-0.072230	1.263100	-0.475500	0.481190	0.297510	0.742340	0.475390	0.424290	0.669380	0.331100	0.252080
211	2.640270	2.241200	0.899440	1.889070	0.992710	6.517750	0.000000	2.150780	1.888990	1.570910	0.326010	-0.049940	2.168520	1.339550	2.995420	0.647570	3.139460	2.944420	2.306490	2.060570
212	0.000000	3.751870	4.188320	5.080680	5.007720	6.185670	3.340680	4.402260	3.609760	3.940590	3.962120	2.057770	4.087330	3.637620	3.980320	3.735520	4.107770	4.121720	4.022750	4.212380
213	0.461510	0.441990	0.656410	0.679930	0.618110	0.974330	0.657690	0.069680	0.000000	0.434020	0.649690	0.570730	0.695250	0.627310	0.748740	0.672300	0.591920	-0.061410	-0.213080	0.858750