SITE	GLY	ALA	LEU	VAL	ILE	PRO	ARG	THR	SER	CYS	MET	LYS	GLU	GLN	ASP	ASN	TRP	TYR	PHE	HIS
1	0.379400	0.181400	-0.683200	-0.190400	-0.545200	0.626000	0.043700	0.059800	0.736500	-0.059500	-1.273800	0.030600	-0.298200	0.000000	0.178500	0.837200	0.043400	0.507800	0.600200	0.696000
2	4.033500	2.720900	0.217300	0.000000	-0.289200	1.670200	5.714300	0.783600	2.928100	1.789000	1.286600	1.789100	2.255100	1.579400	2.775200	2.335600	7.682300	9.461800	6.037100	8.460700
3	4.773000	3.964000	0.000000	2.777900	2.510000	3.372600	5.727000	4.963900	5.033100	3.388500	0.713400	4.277600	4.601100	3.309300	5.585900	4.980900	13.178500	10.017600	7.288100	4.811100
4	6.573500	5.027700	0.907800	4.674700	3.433800	11.033400	5.852000	5.310200	5.879700	4.303300	0.968400	3.569500	5.880900	4.535800	6.854200	5.264000	5.858100	1.784900	0.000000	4.020300
5	2.453800	1.504100	0.809800	-0.078500	-0.701500	3.016500	4.018600	0.432000	2.442600	0.460900	-1.384000	1.185900	1.549900	0.000000	2.434400	1.366500	15.525900	4.599600	3.369500	5.572500
6	0.000000	-0.421800	-1.306200	0.492700	2.854600	1.847600	5.365100	0.035300	1.157800	-0.753700	-0.021500	3.309700	3.754500	4.338200	1.659300	0.242600	5.571900	5.476700	3.293200	35.991300
7	5.962700	5.115100	6.114400	6.814500	7.135900	7.398000	5.168800	7.263100	5.306800	4.811100	2.477000	4.443200	6.490000	6.259800	7.290200	5.037400	8.281700	3.373200	0.000000	4.886400
8	0.604800	0.906600	-0.418100	1.559200	0.634900	-0.587500	0.309200	2.073300	1.526200	0.268800	-0.198400	-0.076200	2.119100	0.738000	1.548700	0.000000	1.492900	1.134500	0.645600	-0.285600
9	2.358500	0.974400	0.060800	1.880300	3.716900	7.107400	1.599600	1.818400	1.805600	1.753600	0.296400	1.231200	3.376000	2.160600	4.081100	1.437600	0.000000	0.735400	0.487800	1.039400
10	0.625400	0.350500	-0.554000	0.551500	0.194900	2.371700	-0.250000	-0.057700	-0.095600	0.473300	-0.347300	-0.244900	0.000000	0.114600	-0.609900	0.092600	1.191600	-0.276900	-0.285200	1.573600
11	0.573300	-0.945800	4.404200	2.338800	5.408300	4.072400	6.766500	0.376200	0.000000	1.579800	6.253200	8.653800	10.335500	9.380400	7.984000	4.138800	35.412600	29.158800	17.872600	101.039700
12	2.410700	0.852400	1.869000	2.556000	3.219800	1.279100	2.895600	2.524800	1.915100	1.366300	0.079300	1.144900	2.719600	1.943700	3.600800	2.209100	0.000000	0.104700	-0.444600	1.398900
13	1.574600	0.723100	0.267900	1.996800	1.274400	9.155500	0.421000	1.854100	0.951000	0.892900	0.483100	0.000000	0.773600	0.321600	1.293900	1.139500	0.891300	0.610500	0.689700	1.239800
14	1.535700	0.207900	-1.213500	0.810500	0.485600	4.225500	-0.117700	-0.181900	0.335000	0.437400	-0.912500	-0.801200	0.268700	-0.577200	1.208200	0.339800	-0.195700	2.614300	0.637000	0.000000
15	0.154200	-0.129800	-0.140400	-0.182900	-0.026800	-1.205000	-0.504600	-0.222700	-0.036200	-0.042400	-0.056700	-0.646800	-0.713100	-0.605800	-0.207000	0.000000	-0.224700	-0.467400	-0.465500	-0.094800
16	0.000000	3.236700	3.342500	4.355400	4.066700	5.794900	3.092100	4.105800	3.530200	3.036900	2.904900	3.131000	3.221600	3.288800	3.281900	3.030200	3.087700	3.050000	3.005800	3.417800
17	0.000000	3.114700	3.549000	6.073200	4.759100	5.793600	3.878200	5.291200	2.826100	3.606500	3.409500	3.671200	3.905000	3.895600	3.168300	3.683700	4.913400	3.632000	3.635700	4.566500
18	6.553500	5.381300	2.765800	6.397100	6.458900	4.971900	4.088400	5.714800	6.006300	5.641900	2.123200	4.902800	6.197900	4.949600	6.467800	6.129600	0.000000	5.392200	3.910500	4.158000
19	3.335000	2.009900	-0.008600	1.766200	2.214000	4.183000	3.143500	2.077700	3.124500	2.449000	-0.378100	3.125900	3.322200	2.875400	3.992900	3.527900	3.224800	0.000000	-0.867800	2.440000
20	0.628600	0.104500	0.038200	0.441000	-0.126300	-0.579800	0.036000	0.847500	0.729200	0.510400	-0.021900	0.116600	0.408100	0.091500	0.742000	0.000000	0.319600	0.473100	0.422600	0.857400
21	2.880900	1.581600	0.903400	3.071700	3.194400	7.876000	2.439300	2.931800	2.896900	2.086800	0.471300	2.056600	1.320600	1.639100	2.215600	2.697300	2.529400	0.161300	0.000000	1.253700
22	3.220300	2.376500	0.000000	2.855100	1.812000	7.737200	3.391200	2.571400	2.665900	3.004200	0.074800	1.991800	3.548900	2.331000	4.401100	2.609700	2.204300	0.667200	-0.771000	2.242300
23	1.388100	0.731100	-0.362800	0.925600	0.242900	7.111000	-0.267700	0.532800	1.292300	0.930900	0.000000	0.233000	1.107100	0.764200	1.736200	0.965600	0.570500	0.290500	0.100900	1.313200
24	0.000000	-0.404400	-0.450200	0.837600	0.223800	-0.427900	-1.238800	-0.110000	-0.696100	0.068400	-0.279800	-0.844800	-0.077500	-0.541300	0.094400	-0.132500	-0.256200	-0.377700	-0.415200	-1.110000
25	1.116600	0.520300	-1.540300	-0.189300	0.814300	-0.521200	-0.174600	-1.174500	-0.288200	-0.301300	-1.039700	0.000000	-1.021300	-0.194200	-1.554400	-1.887600	-1.359400	-2.264800	-1.182000	-0.889000
26	3.335800	2.140900	0.661200	0.000000	-0.575800	5.070200	2.093800	0.962400	2.680200	1.757000	1.062400	2.059600	3.433400	2.917700	2.855800	2.014500	6.068400	5.470900	3.477700	2.627200
27	0.044400	-0.390200	-0.858100	-0.074000	-0.655700	-1.378500	-0.601300	-0.649200	-0.776400	0.155800	-1.329100	-0.732400	-0.659900	-0.806100	0.000000	-0.038800	-1.105100	-0.425700	-0.471700	-0.014300
28	0.840400	-0.564500	-0.729200	-0.140100	-0.510600	-0.168300	0.080800	-0.133700	-0.232000	0.144200	-0.446200	-0.184300	-0.706100	-0.363600	0.000000	-0.047600	0.529100	-0.014700	-0.144900	0.173200
29	5.193500	3.432400	1.283000	1.213100	0.000000	8.020100	2.158900	2.648600	4.126400	3.500100	-0.197100	2.845500	4.004500	3.466300	4.787600	3.290000	8.100700	8.746000	6.610000	16.812900
30	1.227000	0.000000	1.203200	0.417100	1.948500	4.646400	-0.177300	0.514800	0.914600	1.000700	-0.363300	-0.224800	1.223200	0.531600	2.188200	1.166600	0.161900	0.171100	0.109100	0.986900
31	0.795600	0.000000	-0.118400	0.651200	0.256700	5.037200	-0.365700	0.734700	0.032700	0.428500	-0.069700	-0.175600	0.426600	-0.102300	0.880400	0.034000	0.313900	-0.021000	-0.089500	-0.069900
32	0.664700	0.000000	1.481400	1.159500	1.240500	2.307700	3.074500	2.317400	-0.108800	0.024300	1.030700	2.915900	4.206000	2.861500	3.758900	1.564400	6.769200	5.700500	4.293300	34.528400
33	0.000000	2.890600	2.044300	3.438500	2.647900	7.893000	1.751300	4.001900	3.471100	2.909900	2.394300	1.891900	3.476200	2.538600	2.996000	3.011900	2.672100	2.485400	2.474200	2.558900
34	4.906500	3.862600	-0.093200	1.040700	0.000000	5.054200	4.181400	3.011000	4.361100	2.732800	-0.221800	3.554200	5.401600	3.931400	5.407500	3.011200	9.521800	-0.903800	-0.645800	2.778100
35	-0.495500	-0.590600	-0.778100	1.003000	0.888200	0.199800	-1.306800	0.000000	-0.988600	-0.618000	-0.842800	-0.813200	-0.175500	-0.292300	-0.606300	0.095400	-0.238800	-0.101400	-0.656100	-0.302200
36	2.628700	0.571400	-2.081500	-0.506100	-0.936000	3.155300	-0.245200	1.955200	1.636700	0.228200	-2.126400	-0.062100	0.944400	-0.241800	1.340500	1.263000	3.755700	-1.193000	-1.932700	0.000000
37	5.291000	3.510500	0.180500	0.000000	-0.670100	5.667400	3.911300	2.551100	4.590200	2.899700	-0.459500	3.106700	4.501200	2.939100	5.935300	4.338100	20.706600	14.365800	10.092100	18.389500
38	6.618800	5.115900	1.727100	2.033000	1.212100	6.092200	4.394900	4.288100	6.196500	4.341000	1.708900	5.008200	5.209200	4.273400	6.551800	5.281900	0.000000	8.660900	7.018200	4.295800
39	4.563400	3.657500	0.000000	3.056700	1.770400	6.332100	7.269600	3.736200	4.267200	3.140800	0.352200	3.078000	4.610600	3.510400	5.129400	3.697000	4.005500	7.196400	1.711600	3.185200
40	4.171100	3.613100	14.812300	9.249900	10.362300	0.000000	19.147900	12.189300	4.034800	4.818500	9.546700	14.403500	10.736000	10.731900	6.660600	7.621300	31.467500	27.950900	18.126500	51.288000
41	4.359100	3.160000	2.892300	1.751800	5.157100	0.000000	5.988700	2.990400	3.342900	2.759400	1.859000	4.022000	4.369400	3.208100	4.718200	3.515600	15.240600	5.359500	2.865600	2.584200
42	1.244200	0.000000	-0.954500	-1.547700	-2.580500	-1.667700	3.642100	0.386600	0.411100	0.203900	-1.986600	1.488600	0.549200	0.147900	1.489500	0.049300	12.276600	7.299700	4.421000	2.813700
43	-0.731700	-0.661900	-0.750200	-0.366800	0.042600	-2.474300	1.285200	3.440700	0.000000	-0.968900	-2.494800	2.398500	0.289100	-0.415900	0.721300	-0.657700	2.852300	1.710800	1.670200	55.591500
44	0.880900	-0.254200	-0.656900	3.104700	2.549000	5.234000	-0.182600	0.102700	0.304000	0.473100	-0.631600	0.132100	-0.001100	0.000000	-0.109200	0.144700	0.202000	-0.175700	-0.446700	-0.455900
45	1.699500	1.224200	8.186100	5.138700	7.235700	3.631400	5.379900	1.227800	0.000000	4.102100	3.811200	9.337100	7.461200	8.040900	8.226900	7.142100	27.038100	11.034400	9.575700	65.349600
46	0.860000	0.019400	-0.607300	0.000000	-0.386300	1.091700	-0.317100	0.360800	0.688600	0.691300	-0.692700	-0.508000	-0.231300	-0.365200	0.250800	0.465700	-0.400800	-0.494300	-0.204500	0.218300
47	1.361800	0.000000	-1.242800	0.014500	-0.627500	3.833500	-0.650900	0.153200	0.288400	-0.026000	-1.395300	-0.792500	0.125400	-0.036300	0.302300	-0.117600	-1.044800	-1.249900	-1.304000	-0.156700
48	1.763300	0.655500	0.918800	0.793000	3.967900	-1.250900	0.581300	1.850900	1.993900	1.443300	0.869500	0.345000	0.000000	0.719300	1.518900	1.850700	0.991200	0.823200	0.805500	1.691500
49	1.432600	-0.035600	1.483600	-0.478800	-0.788800	-1.916000	0.614800	1.014400	0.731200	-0.238000	-1.329200	0.399000	-0.412800	0.000000	0.828600	0.196000	1.007700	2.248900	2.801900	2.651700
50	0.000000	4.729800	9.763100	16.134800	16.741100	13.885100	11.128700	12.730800	6.337300	6.726400	8.153800	9.629400	12.380800	11.062300	13.178900	11.891900	31.338800	33.589700	22.940300	47.669100
51	5.094400	5.116800	3.071500	4.480400	3.717500	4.416300	3.279600	5.176600	5.681700	4.569200	2.803400	4.381800	5.529100	4.300800	5.882600	3.220600	3.600800	0.000000	0.926800	3.604700
52	3.445100	2.206200	0.149700	2.807700	2.109700	7.115300	1.418200	2.831700	3.047100	2.033000	0.000000	1.214100	2.330100	1.661400	3.075200	2.545400	2.151100	2.432000	1.668700	2.151700
53	3.937100	2.876900	0.998400	1.399000	1.409000	0.000000	1.936500	2.631100	3.428700	2.775000	1.387900	3.422200	4.246000	2.929100	5.045200	3.967100	10.565800	12.808700	7.233100	5.657000
54	0.000000	0.058900	-0.713900	0.633700	0.137300	4.028300	1.037800	0.478100	0.465200	-0.216600	-0.880100	0.168600	1.937900	1.840900	2.071600	0.478400	13.528800	22.043200	12.860500	26.923600
55	1.477900	0.347500	-0.180200	2.844800	4.657100	-1.010600	0.000000	2.893500	0.785700	0.823300	-0.278200	-0.099100	3.113100	1.175800	3.500700	1.074400	0.480200	0.722200	2.026700	0.412400
56	4.355200	3.030900	0.000000	2.802300	4.402800	2.861900	2.025400	5.128900	4.450500	3.258700	0.034900	2.279800	2.231000	2.757500	3.479200	4.089800	-1.011700	-0.412700	-0.558700	2.318000
57	3.632100	3.015700	0.964900	2.865500	2.160600	6.576000	2.734000	2.809400	3.226700	2.575200	0.700700	2.361900	3.471200	2.972300	3.976200	2.493400	0.945700	0.000000	-0.158100	3.008800
58	1.093600	0.510200	-0.077300	0.932400	1.250500	7.153400	0.333200	-0.021700	0.897800	1.196900	0.258900	0.256900	0.890100	0.706700	0.000000	0.104700	0.623500	-0.397900	-0.219200	0.688400
59	3.978500	2.705200	0.000000	1.514900	0.626000	2.194700	4.194300	3.592200	3.976600	2.508300	0.021500	1.502100	4.566600	2.955600	5.084000	3.581700	12.609700	3.158100	-0.667000	2.869300
60	0.997800	0.772800	0.329400	1.016700	0.707200	0.211400	0.268100	0.162700	-0.156500	0.552200	0.108100	0.201100	0.651000	0.000900	0.000000	0.186300	0.857400	1.458700	0.954600	1.344300
61	0.358500	0.000000	-0.084100	1.808400	1.775400	1.592500	0.086300	0.898600	-0.289600	0.441000	0.137100	0.064200	0.391000	0.200800	0.449300	0.207200	0.587700	-0.395500	-0.588500	0.736000
62	0.695600	-0.336100	3.721200	3.556200	4.527900	5.517000	10.015100	2.844200	0.000000	0.818600	2.470800	6.174400	4.423700	6.540400	2.707300	3.396500	28.653400	22.180100	16.296700	28.240400
63	1.357200	0.417400	0.344400	1.023800	0.664100	-0.353800	0.516000	0.913700	0.616700	0.772800	0.314400	0.000000	0.693500	0.925800	1.357500	0.891700	0.347600	0.214200	0.251000	0.424800
64	4.548100	3.418100	1.321700	3.962800	3.462900	3.582800	2.156200	4.016700	3.361600	3.075200	1.574200	2.047300	4.365800	2.942800	4.028900	3.494600	3.352000	0.000000	0.578700	2.553500
65	0.000000	4.262100	7.422300	11.087900	12.213500	14.780600	8.437800	12.615200	6.174800	5.092900	5.876100	14.078100	7.912400	8.230300	5.467800	6.825700	14.328900	15.771000	16.012300	46.980400
66	-0.081700	0.762100	1.144300	0.894600	0.618700	0.045300	0.451100	1.811000	0.632600	1.394600	0.390200	0.327300	0.736000	0.570400	-0.790900	0.000000	2.221300	2.120000	2.113300	1.584900
67	1.247700	0.804100	-0.458400	0.743500	0.678100	0.764800	0.057500	0.893300	-0.723600	1.261500	-0.446600	0.000000	1.898400	1.195700	1.847500	1.528500	3.660600	6.951500	6.837700	2.702700
68	0.498600	0.000000	-0.028000	0.464200	0.068400	-0.437100	0.113600	0.544300	0.590500	0.726100	0.072200	0.008700	0.017300	-0.144100	0.016400	0.487400	0.189800	0.146800	0.121600	0.680600
69	0.679400	-0.316900	-0.485200	0.233400	0.391600	0.623900	-0.178600	1.292500	0.367000	0.282800	-0.508400	-0.922600	-1.573100	0.000000	0.391900	0.322300	0.072800	-0.952800	-1.121600	0.685300
70	4.734100	2.998800	0.000000	2.879800	2.016300	7.164200	6.741900	2.158500	3.823200	3.345800	0.237600	4.408700	3.472500	1.871800	3.951400	3.048100	11.583700	10.206300	3.034500	17.314100
71	1.216700	0.612100	-0.615900	0.292000	-0.367300	3.108900	-0.478300	-0.326400	0.501200	0.638500	-0.322600	0.000000	0.802000	0.626700	1.154100	0.882400	0.598000	0.940600	0.891100	1.261700
72	0.324600	-0.537700	-1.578900	-0.541300	-1.108700	2.372300	-1.254400	-0.199000	0.000000	0.092100	-1.524000	-1.175100	-0.684100	-1.151500	-0.071000	0.043000	-1.450000	-1.161100	-1.240600	-0.383000
73	5.007800	3.323800	0.000000	1.421600	2.142500	7.011900	7.168800	2.988700	4.596200	3.154100	0.484200	4.984200	4.820700	3.952200	5.990900	3.934200	10.502700	4.430600	2.387700	3.549000
74	4.438900	2.794200	-0.673200	0.714200	0.000000	7.702200	3.017100	2.587300	3.793100	2.587700	2.024200	3.130300	5.043200	3.656200	5.352300	3.709200	10.645500	5.480300	5.054200	8.155200
75	0.000000	-0.702200	-1.041000	0.486700	-0.310000	3.755200	-0.802000	-0.483600	-0.442200	0.048000	-1.162000	-0.829300	-0.585200	-1.119500	-0.261700	-0.729300	-0.805200	-0.580000	-0.695400	-0.309800
76	1.737000	0.000000	-0.901500	0.564800	0.242500	2.966300	0.100800	1.653300	1.281700	0.927900	0.191700	-0.428700	0.631700	0.420300	1.661400	0.912200	-0.230600	-1.278000	-1.236200	1.141500
77	6.052600	4.069100	0.000000	4.669300	3.062900	7.788700	4.353600	3.251600	5.144800	3.964800	-0.147700	3.501700	5.124600	3.747100	6.221500	3.861800	4.265100	0.049200	-0.895100	2.756600
78	1.639200	0.947900	-0.173400	1.129500	0.397300	6.715000	-0.192200	1.883900	0.864500	1.416300	-0.167200	0.055700	1.466200	0.571400	2.000300	0.931700	0.667600	1.307200	0.411300	0.000000
79	0.000000	-0.291700	-0.027200	3.431200	2.167300	4.903700	-0.345700	1.930800	-0.217600	0.688300	-0.134500	-0.346000	0.453000	0.192600	1.018700	0.465000	0.330800	0.278700	0.245400	-0.106100
80	1.314300	0.998200	-0.142300	0.105300	0.592000	1.345000	-0.111900	1.006500	0.852900	-0.054200	-0.017100	0.000000	1.500800	0.399400	1.774000	0.351900	0.352200	0.232700	0.003800	-0.515100
81	0.000000	2.679800	2.944200	5.104600	5.134200	5.902200	2.483200	3.548300	2.654700	2.612100	2.748700	2.601500	3.003300	2.864700	3.106100	2.533800	4.203900	4.212100	4.157900	2.579100
82	3.478300	2.449100	0.403200	0.000000	0.194200	5.182900	3.125700	2.220700	3.166600	1.833700	-0.318900	2.070600	5.049100	2.155300	5.629600	3.769700	10.972000	17.429400	11.811100	30.735000
83	1.477300	0.566000	-0.357500	4.658900	2.817300	0.142500	0.675300	4.270100	1.692000	0.849600	-0.206100	0.000000	1.800900	0.589400	2.286600	0.997100	0.814900	-0.029100	-0.222300	0.127800
84	1.667300	0.000000	-0.823200	-0.298100	-0.961000	0.567100	9.853000	1.553300	1.339500	1.184500	0.377300	3.850500	4.759100	2.715600	5.136800	2.085300	23.299100	18.030000	14.707200	23.899100
85	4.431700	3.197300	-0.235300	1.024900	0.000000	6.658800	6.269900	2.432900	3.806900	2.506600	-0.407300	4.287800	4.293400	3.220400	5.493100	4.336500	25.105000	11.165700	10.087700	12.452900
86	1.306000	0.000000	-2.611800	0.945600	3.260300	6.025700	-0.606700	3.500900	-0.078900	-0.105000	-1.973700	0.353400	1.154400	1.713100	0.953700	-0.135000	48.167100	45.833700	43.070700	0.756600
87	5.883100	4.789700	7.698100	6.387900	11.740800	6.742900	36.960300	1.848800	4.751500	3.979500	9.331300	15.509200	6.981800	10.269100	0.000000	3.345700	40.717100	35.280700	32.416200	30.897400
88	5.809700	3.879600	1.207300	0.956500	0.000000	9.019900	7.933800	3.547100	5.184700	3.030500	2.009300	7.091200	6.032300	5.872000	5.224600	4.196200	10.845900	12.290500	11.107300	15.213000
89	2.697800	1.674500	2.534900	0.000000	1.675300	2.050600	7.408400	2.323300	1.335400	1.232700	4.564000	2.964800	2.872800	2.937500	3.961300	2.766400	26.285300	13.098500	8.722900	9.336500
90	5.253300	4.468200	1.547800	1.899600	0.000000	3.163100	6.254100	3.993700	5.184800	3.914300	2.350900	5.025600	5.133800	4.444700	3.817100	4.840700	14.022700	16.808600	10.705200	19.397700
91	1.280700	0.009300	-0.013800	0.716700	1.166200	-0.883300	11.548600	2.361900	0.421700	0.829800	4.209400	9.183100	3.775500	0.979100	2.915400	0.000000	25.043300	5.084700	6.419000	22.008100
92	4.162600	3.301600	2.755200	4.330500	3.884300	5.437800	1.582300	5.233800	4.229000	3.116000	1.023300	2.579100	4.824400	3.783500	6.315300	3.355700	0.373400	1.516200	2.102900	0.000000
93	4.132100	3.215700	0.650500	1.520100	1.844300	8.357900	0.000000	2.448500	3.275100	2.492200	-0.186500	2.814500	4.566000	2.371200	5.415400	2.668600	5.342100	4.331600	2.216500	3.381500
94	1.557500	0.481700	-0.913600	-1.294100	-1.272600	1.159700	0.080100	0.000000	0.942400	0.134500	-1.398800	-0.581600	0.316400	0.018700	0.516600	0.697000	-0.716800	-0.914000	-1.096000	0.118000
95	1.161800	0.000000	12.638100	9.651900	13.688400	-1.020400	10.120700	6.487300	1.052700	3.094200	9.429800	16.822400	9.913400	10.393400	8.953400	7.696500	41.720400	28.792900	23.271800	34.953100
96	0.319700	-0.462700	-1.269100	0.286500	0.048600	-0.391300	-0.033900	0.056600	-0.576400	0.217300	-0.836600	-0.176700	0.000000	-0.035300	0.047400	0.279100	-0.180500	0.517100	0.028400	1.474800
97	0.620100	0.091300	-0.453100	0.021100	-0.295400	6.897300	-0.884100	0.545200	0.129800	0.178600	-0.909900	-0.743800	0.134100	-0.462900	0.503300	0.559500	-0.148100	-1.407300	-0.577000	0.000000
98	1.703000	1.073600	0.237900	0.877200	0.735100	-0.521500	0.116100	1.291600	1.587600	1.169400	0.407200	0.000000	0.656600	0.321900	1.623800	1.526000	1.312800	1.226700	1.228500	1.947100
99	1.857100	1.139500	0.223700	1.235800	0.855300	6.148200	0.953400	1.677800	1.827000	1.447700	0.696900	0.532800	1.604800	1.255500	0.000000	1.507700	0.937500	0.724400	0.723500	1.576700
100	0.000000	-0.022100	-0.166300	-0.223400	-0.243600	-0.527200	-0.350600	-0.287200	0.095000	-0.139700	0.168900	-0.237700	-0.590500	0.039900	-0.306000	-0.289400	0.069300	-0.193200	-0.154800	-0.135500
101	1.302300	1.397400	2.690900	3.371000	2.342400	7.485300	0.000000	2.757700	2.652300	2.263000	1.780100	1.958800	2.880100	2.721500	3.172600	2.354200	2.490300	2.638300	2.540200	2.636900
102	0.000000	3.147600	3.459500	5.409500	5.173600	6.194400	2.760100	5.432000	2.744000	3.474900	3.172600	2.716000	3.265600	2.920200	3.179000	2.852900	3.405700	3.545500	3.521800	3.653000
103	2.877500	1.993200	0.212900	-0.011100	0.000000	4.473800	1.174400	1.435900	1.834200	1.649600	0.496700	0.686100	0.928700	1.047400	2.891000	2.513600	0.798500	0.654900	0.392600	2.015000
104	0.834100	0.114200	-0.430500	1.041400	1.011000	-1.140400	-0.828900	1.222500	1.043300	0.716000	-0.799200	-0.150100	-0.103800	0.065400	0.618600	0.471500	-0.273000	0.000000	0.015500	1.045600
105	0.450900	-0.649100	4.110400	0.385500	4.135100	0.252200	13.082900	2.274900	0.096000	0.000000	5.355300	2.967500	9.901300	6.228800	4.371200	3.075300	23.424200	25.114000	23.757900	33.339000
106	2.894500	1.713800	-0.314000	0.354700	0.000000	6.250000	-0.260600	1.859100	2.216100	1.360800	0.055500	0.212000	1.310200	0.880700	1.989200	1.684500	0.752900	0.027800	-0.154100	1.185400
107	4.268600	3.318200	0.830100	8.125000	6.385600	4.094200	5.504100	6.430600	4.629500	3.337700	0.600200	3.477800	4.092400	4.305700	4.309200	3.944600	5.459100	2.860000	0.000000	2.345100
108	0.998000	0.182100	-0.856200	-0.599000	-0.745900	2.000800	-1.421400	-0.106500	-0.283100	-0.887500	-0.915000	-0.908200	0.000000	-0.048300	-0.314100	-1.125600	0.740400	-0.784200	-0.941500	-0.445000
109	0.000000	3.417700	13.832800	11.828600	16.159200	7.112100	15.220100	11.661600	5.856800	6.134800	11.678300	16.312000	12.915400	14.057400	7.345600	7.766800	27.802500	29.863900	21.702600	23.633500
110	0.000000	5.070500	16.472600	15.046200	18.527600	14.594600	12.789400	15.136700	7.730500	10.155500	11.423700	13.192000	15.236000	12.865800	15.362100	16.177500	23.929700	20.792900	20.930400	52.356400
111	0.847300	0.459500	-1.284600	-0.740800	-0.941000	1.927900	-0.916800	0.000000	1.091700	0.108200	-1.243900	-0.770900	0.126200	-0.768800	0.666600	-0.743300	-0.981700	-0.742000	-1.070900	0.127500
112	0.955100	0.734100	0.814100	0.866500	0.854900	0.000000	0.557800	0.834200	0.959400	1.014900	0.871800	0.695600	0.480600	0.367000	1.111000	0.961300	0.906300	0.738600	0.763500	1.006000
113	0.655500	1.398000	1.036900	2.704000	2.481300	1.840400	0.962200	2.520800	0.906200	2.567000	0.947900	0.938300	0.802700	2.685000	0.000000	0.438700	1.956700	0.916300	0.870100	1.321300
114	-0.017200	0.000000	-0.137200	0.399100	0.068100	0.188200	-0.325600	0.371100	0.052300	-0.095500	-0.207200	-0.288900	-0.517100	-0.480800	-0.077500	-1.201600	-0.180300	-0.302700	-0.314300	-0.334900
115	1.632700	0.965400	-1.004000	-0.026700	-0.007100	0.774100	0.000000	-0.700100	0.897800	0.786600	-0.889300	-0.131400	0.616800	1.105000	1.655900	0.938400	-0.052800	0.270000	0.135100	1.283500
116	1.450800	3.533500	0.000000	4.842100	4.457200	5.128500	5.347400	5.245300	4.624300	3.104200	0.006900	4.944500	4.061700	4.114300	4.499800	3.675000	3.913600	5.613900	4.384200	2.624400
117	0.689900	0.114400	0.039900	1.404600	1.314200	5.969600	-1.671800	1.109700	0.124900	0.094600	-0.184500	-0.580000	0.433800	0.321800	0.000000	-0.662800	1.006100	0.788000	0.290000	-0.259600
118	6.043400	4.919500	1.578600	3.391400	2.241300	7.287500	5.927400	5.436800	5.921100	4.861800	1.528300	5.590100	4.459600	5.070900	5.830700	5.615300	0.000000	4.423800	1.222000	4.050300
119	0.000000	1.266100	0.361500	0.662600	1.139400	0.272400	0.503600	1.462900	1.173800	0.924900	0.194700	0.123400	0.559000	0.628800	0.375300	0.499500	1.091400	1.322000	1.257300	1.710300
120	3.454500	2.516800	4.944400	5.227200	5.663900	0.000000	2.903900	5.547200	3.253800	3.797900	2.830300	2.930000	4.876200	3.278700	6.359500	4.526100	8.819300	4.091700	3.835800	5.096100
121	1.423800	0.664000	0.509600	1.114900	0.761400	0.055100	-0.254800	1.615200	1.045300	1.387200	0.261800	0.073300	0.881900	0.082000	2.599000	0.837500	0.587300	0.443100	0.282800	0.000000
122	2.540900	1.333800	2.762000	1.844300	2.785000	3.803000	2.760400	1.540600	1.670500	1.417700	0.000000	2.484100	0.706200	1.672100	2.013700	2.515200	2.916800	1.428900	0.056700	2.482200
123	4.286900	2.958700	0.981300	0.955000	0.000000	1.074700	7.824500	2.341600	3.373700	2.509800	1.765100	5.542600	5.628900	4.738400	5.674200	3.606700	24.493700	20.547400	10.001700	36.767500
124	0.438700	-0.740900	1.109500	0.084800	1.624200	0.398600	0.500100	1.274800	0.463000	0.000000	1.866000	1.898600	8.686800	3.149100	5.084700	0.539600	13.309900	8.611600	7.462000	5.943600
125	1.126600	0.720000	0.738800	2.594900	2.516300	11.438300	0.000000	4.286700	1.056400	1.183600	0.401700	0.512200	1.891800	0.748500	3.531600	1.814300	2.530100	3.100200	2.985600	2.153500
126	-0.121800	-0.215100	-0.632300	0.158500	-0.144500	-0.280200	-1.234300	0.189500	-0.200100	0.068000	-0.385500	-0.721200	0.304900	-0.219600	0.000000	-0.604300	0.630900	-0.034100	-0.228900	1.077200
127	-0.768600	-1.784600	-2.665500	-2.083400	-2.569300	4.378400	-2.763800	-1.185300	-1.087900	-1.500300	-2.386700	-3.915600	0.628700	-1.932800	0.000000	-1.258200	2.906900	1.062300	0.155000	-2.544700
128	1.275300	0.797200	0.205300	0.741700	0.593800	0.552300	0.000000	0.935700	1.018900	1.144900	0.247000	0.157100	0.754000	0.617400	1.129200	1.012300	0.531200	-0.376000	0.434300	0.434000
129	0.780400	1.629800	0.701700	1.431500	1.251900	0.000000	0.736100	1.908100	1.415900	1.676700	0.841800	0.727600	1.072000	0.770400	1.006200	1.090600	1.224600	1.001600	1.038500	1.429100
130	3.412100	1.841300	0.724600	2.137900	1.790500	1.696200	1.145400	1.656700	2.470600	2.281900	0.607300	0.288300	3.305900	2.653700	4.446800	2.405400	0.987700	0.000000	0.123500	1.736200
131	1.304000	0.000000	13.194000	4.910600	8.903300	10.715000	10.737100	3.899100	1.223800	3.065200	10.732800	11.608900	13.633300	12.987800	12.325900	11.160900	38.220900	21.531800	23.811500	29.697900
132	2.149900	1.911700	0.875000	1.628900	1.245400	4.031000	1.712000	2.790100	2.621600	1.767000	1.159900	1.422000	1.734900	1.823100	0.000000	0.756600	1.202000	1.454900	1.411600	2.096100
133	0.000000	1.737500	2.710600	3.381100	3.099500	3.596900	2.773800	3.022400	1.762700	2.814100	2.198100	2.544400	2.793000	2.632900	1.901400	2.711400	2.480000	2.445700	2.403000	2.858100
134	1.340200	1.253200	1.111200	2.497700	1.922600	3.015900	0.692100	0.000000	-0.579000	1.464400	1.104300	0.929800	1.402300	1.146100	1.443300	1.360800	1.466700	1.117900	1.051100	1.018000
135	0.000000	3.320600	23.990600	13.508300	19.709300	5.638100	15.173500	12.305100	6.001300	8.906600	13.634900	15.044900	19.636100	17.992800	23.679800	15.552200	50.775400	44.696400	40.363800	70.584200
136	-0.245500	-0.595000	-1.056700	-0.483800	-0.621100	1.455000	-1.100300	2.643600	0.004300	-0.380300	-1.216300	-0.938300	0.033600	-0.395200	0.896800	0.000000	-0.503900	-1.140800	-1.436900	-0.848600
137	1.502900	1.394800	1.815900	2.652500	2.896300	0.000000	0.638100	2.967600	1.836400	1.875900	1.511200	1.610500	1.451400	1.658700	2.489700	2.324200	2.430200	1.846400	1.627200	1.501700
138	-1.179300	-1.707300	-1.186500	-1.186900	-1.878000	-3.121100	-2.004800	-1.289200	-0.932400	-1.351400	-2.314200	-1.897500	-0.587800	-1.542100	0.000000	-1.620000	1.822500	-1.746200	-1.283900	-1.750100
139	0.909700	0.053900	-0.198000	-0.575600	-0.207000	-1.542900	-0.063800	0.000000	0.304500	0.040200	-1.647000	-0.327500	0.752800	0.219900	1.469500	0.613600	3.402900	0.457700	-0.038900	3.198200
140	0.000000	7.816200	16.202400	23.165600	25.772000	22.125100	12.803800	19.448000	10.128700	9.879200	12.436900	13.282500	14.417200	14.108600	14.561600	14.608200	19.998500	17.915100	17.636400	87.717600
141	0.522000	0.000000	-0.462300	1.187300	1.391000	2.003700	-0.164500	1.295600	0.501800	0.562000	-0.657300	-0.498800	0.781800	0.447500	0.944200	-0.064800	0.411600	0.080200	0.062000	0.333000
142	-0.953600	-0.893200	-1.139300	-0.621700	-0.797400	-0.640700	-1.450100	-0.653200	-0.819300	-0.876400	-0.882800	-1.434900	-0.280000	-1.099900	0.000000	-0.831400	-0.915000	-1.113500	-1.121800	-1.129500
143	2.807600	1.959600	0.518800	1.092100	0.563500	6.999000	0.844800	1.393500	2.734700	1.860000	0.564800	0.843100	2.036800	1.122900	2.270700	2.038600	-0.176900	0.746500	0.000000	1.659100
144	0.000000	0.199800	-0.791200	0.551500	0.506300	-2.220700	-0.083600	0.453200	0.353600	0.261400	0.142300	0.085500	0.197400	-0.010600	-0.655900	0.410500	0.155700	0.194100	0.020900	0.344400
145	0.813100	0.000000	-0.373700	1.023200	0.386900	-1.738000	-0.279700	1.090000	0.504000	0.602400	-0.412100	-0.427500	-0.678600	-0.230400	0.348100	0.433600	-0.238900	-0.137500	-0.213400	0.453000
146	1.425400	0.000000	-1.328000	2.855900	3.212000	5.344300	1.221400	5.278000	1.362900	0.480900	-1.371400	0.070600	1.731600	1.135500	2.406100	1.035600	2.406300	2.903900	-0.041000	2.063200
147	4.902800	3.043400	2.009500	6.676900	5.909100	0.000000	6.434500	5.157300	4.567600	3.682700	3.887600	4.698000	4.285500	4.251400	6.511500	5.038400	14.350900	13.732600	11.616700	7.570600
148	-0.994900	-1.424900	-1.943000	-2.615500	-3.208100	3.342500	-2.326600	-2.075400	-0.800400	-1.707500	-1.529600	-0.796600	1.640700	-0.820800	0.000000	-3.244800	8.679600	5.254000	6.430600	4.022600
149	3.803000	2.429800	-0.295100	0.713100	0.000000	2.139700	3.458900	2.837400	3.699200	2.545200	-0.062400	4.077900	4.128200	3.481500	4.346900	2.570300	11.980500	18.545000	9.786500	42.765000
150	0.696700	0.067600	2.552100	2.653400	4.209000	6.867300	6.018400	1.220600	0.081500	1.173500	3.229900	5.423900	2.730500	2.726200	0.000000	2.502800	10.331900	6.553700	7.393300	35.461000
151	4.062400	3.513300	0.158900	4.460400	3.433900	0.667300	5.752900	4.455800	3.521300	2.833800	0.852100	1.098700	4.351300	2.058100	2.652700	2.309100	8.493600	10.234900	2.271700	0.000000
152	1.224000	0.947600	0.000000	1.552300	1.081800	0.776200	0.062000	2.199000	0.927300	0.951200	0.061400	0.122100	0.981200	0.704000	1.384900	0.878000	0.342000	0.268400	0.154100	1.178100
153	2.218700	1.580500	0.094500	2.367500	2.413400	11.038200	3.203700	1.886700	1.264100	1.175800	0.574800	2.331000	-2.755100	1.195100	-2.258800	0.000000	4.675200	3.739900	2.478400	1.013600
154	0.804500	0.016600	0.000000	0.466200	0.287000	-0.819700	0.177800	0.671800	0.608400	0.580700	-0.264400	-0.014900	-1.309500	-0.304200	-0.483500	0.558600	0.088000	0.299600	0.199900	0.831300
155	2.354300	1.380500	0.824700	1.635000	1.087500	0.852900	0.000000	1.853100	2.231600	1.978400	0.821000	0.760300	-0.181900	0.699100	1.307800	1.996000	1.616900	1.498500	1.424100	2.053600
156	4.067400	2.353800	3.138200	0.000000	1.240300	1.876500	15.836900	2.771900	3.626700	2.727600	3.541100	5.682700	7.913300	6.873400	6.801100	4.535800	27.864500	22.595100	17.862200	23.502000
157	2.030400	0.718000	-1.306400	-0.243200	-0.978800	5.513500	-0.188300	1.306400	1.182300	0.849900	-0.978200	-0.851300	0.668000	0.000000	2.348000	-0.036300	3.584900	4.817900	1.174000	2.556400
158	0.895800	0.064900	-0.844100	0.185400	-0.688200	3.946800	-0.151000	0.779000	1.011300	0.627700	-0.882000	0.000000	-0.195600	0.011800	0.568300	0.203500	-0.584500	-0.466700	-0.705200	0.273000
159	3.234800	1.873500	0.939900	2.347300	2.178400	4.765200	2.466200	3.385800	1.889700	2.571200	1.216500	1.653300	0.000000	1.766200	1.621400	2.357000	2.130700	1.296300	1.023400	1.582000
160	5.756000	4.180600	0.000000	1.703800	0.924700	9.012900	6.024400	3.300600	5.133700	3.775600	0.570400	4.516000	4.918000	4.538800	5.221600	3.421600	16.541500	13.682300	7.696100	5.233000
161	2.521600	1.139800	0.053500	0.000000	-0.382800	3.744700	1.320400	1.012800	1.366200	1.487400	0.215000	1.598800	2.361100	1.798000	3.320700	1.423100	3.326400	4.717900	3.874600	18.676300
162	0.765700	-0.198000	-1.292700	-0.386500	-0.910300	3.506200	-0.308600	0.324000	0.563800	0.658900	-0.956900	-0.319100	0.000000	-0.442600	0.034600	0.780300	-0.624100	-0.863900	-0.978100	0.103600
163	6.828000	4.886100	1.513200	4.287300	5.182800	8.987200	4.520000	4.917800	5.572700	4.912100	1.523900	4.056600	5.732400	4.946000	6.430200	4.275500	0.000000	0.841400	0.746900	4.284100
164	5.425100	3.674500	0.000000	4.838100	3.769000	8.489100	7.092700	5.031500	5.590500	3.812400	-0.061200	5.142600	5.037400	3.269900	5.972400	4.339500	10.352600	5.129500	1.715900	3.222900
165	1.292900	0.458500	-0.677000	0.435900	-0.362100	3.192600	-1.012700	0.040400	0.511700	0.730100	-0.347900	-0.370300	0.820300	0.019500	1.364200	0.000000	0.295300	0.417100	0.388200	0.950000
166	6.346500	5.160200	4.518700	4.958700	4.588000	8.143800	5.128100	6.174700	6.379100	5.718400	2.859500	4.915100	5.868100	5.506000	6.486200	5.599600	0.000000	2.734700	2.163300	5.051400
167	3.769500	2.723300	0.000000	2.317100	2.221600	7.836900	3.118800	3.327000	4.415200	3.054400	0.000700	3.520600	4.035800	3.332200	4.858300	3.902400	26.179700	1.726900	-0.063000	3.087200
168	2.061000	1.896800	1.026500	1.790100	1.226000	4.685200	1.292300	1.211000	1.514700	2.235100	1.156300	0.000000	2.755100	2.236100	4.230500	2.002700	3.152500	3.294200	2.647500	1.605100
169	1.682700	0.000000	-0.391900	1.527200	1.010700	3.093400	-0.412700	1.861200	0.496100	1.335900	0.586800	0.552600	0.341200	0.821300	0.286600	0.839500	1.844300	-0.365400	-0.570400	0.929500
170	1.634300	0.658200	0.614300	0.644300	0.480300	1.584500	0.773000	1.081600	1.533100	1.478700	0.940000	0.676600	0.254000	0.510000	0.000000	1.415900	1.107300	0.417500	0.230800	1.248400
171	5.030100	3.130100	-0.195700	0.667100	0.000000	3.329500	5.723900	3.220900	5.005500	2.992200	1.800600	6.275300	6.006600	3.257200	5.896200	4.324000	10.108900	7.444100	4.874800	6.763200
172	0.000000	3.242600	2.926700	6.735500	6.722300	9.550400	2.794700	7.128800	4.089800	3.568100	2.620400	2.765000	3.890700	3.371400	4.165500	3.925200	2.821800	3.279400	3.373000	4.101500
173	6.010200	4.260100	1.172100	2.801400	2.236600	4.699500	4.794400	5.198300	5.684300	4.325800	1.206400	4.416500	5.897300	4.748900	6.578500	4.448200	4.211900	0.797000	0.000000	3.039600
174	1.880700	1.295100	0.221100	0.319400	0.473300	4.242500	0.949100	1.076000	1.932200	1.621300	1.450800	0.633800	1.581600	0.855100	0.000000	0.971600	2.117900	1.044600	1.417800	2.083300
175	0.000000	5.246900	17.164400	15.049100	20.441900	10.461600	20.962700	14.600100	5.951300	9.194700	12.639400	16.527400	15.843800	16.922200	14.910800	13.838100	51.158700	32.509300	30.593900	85.407400
176	7.976800	6.408400	2.377800	5.163600	4.554800	7.958500	4.478400	6.026100	6.234700	5.778200	3.146400	5.370200	7.076800	5.074100	7.993400	6.740900	0.000000	4.169900	1.991100	4.567500
177	6.016800	4.358800	2.954600	0.833400	1.643400	7.313900	0.000000	3.452700	5.452600	3.373400	1.237300	1.002900	8.174600	4.707500	7.085700	4.375100	10.299900	5.072300	4.097200	3.988500
178	5.068100	4.284500	0.970300	4.664700	2.630900	4.449500	3.900100	6.571500	4.336200	3.817300	0.844200	3.445400	4.205400	3.353600	4.694800	2.628000	0.665900	1.185500	0.000000	1.483400
179	0.033000	-1.664800	-1.886300	-0.493100	0.907500	1.869300	-1.765500	-1.351400	-0.706800	-1.449700	-3.872500	-2.173400	-0.864500	-0.809700	0.000000	-0.639100	-1.694700	-3.710100	-4.159900	-2.599900
180	1.746800	2.249100	1.319400	3.293200	3.159800	7.187300	1.051600	1.471700	1.643900	2.061900	1.150900	0.900400	3.171100	2.100900	3.550700	1.159100	2.961600	1.200200	0.000000	1.166100
181	1.404700	0.000000	2.343700	0.599200	0.428000	5.512300	12.994800	0.494800	1.239000	0.603600	0.986500	5.965800	0.971600	2.871300	2.541200	3.025400	25.858000	13.385800	11.857400	9.122800
182	1.869800	0.701100	-0.265100	0.846000	0.234900	-0.015400	0.507000	1.065100	1.459900	1.209200	-0.019000	0.000000	1.074800	0.706200	1.618300	1.394100	0.809800	-0.834600	0.636200	1.100700
183	0.000000	3.388800	20.519500	15.758900	17.533900	15.997500	27.061200	15.240700	9.123800	8.422400	16.595500	15.641600	25.008700	23.173200	16.626100	14.097500	38.934600	21.090400	32.365700	20.561500
184	4.625400	3.549900	1.561100	2.189200	1.578800	4.726700	1.182600	4.132300	3.904000	3.218700	0.783300	3.394300	5.387000	4.167700	3.972800	2.156500	1.561000	0.000000	0.083000	2.722600
185	1.443700	2.046500	3.165600	3.606000	2.950900	5.154000	2.523100	1.313200	0.000000	2.108000	1.213600	2.873400	1.472800	2.583600	-0.766300	1.912900	4.176200	3.649600	3.552800	3.066500
186	1.762600	0.000000	2.118400	0.476300	1.164800	-1.434700	1.718100	1.977100	1.797000	0.981800	0.680700	0.879900	0.868500	0.323400	2.176800	1.437800	1.132000	1.588300	0.706700	26.658900
187	1.747400	1.057200	0.812700	1.378200	0.860300	1.293500	1.129700	1.145600	1.178300	1.684100	0.055900	0.835500	-0.016700	0.793000	0.000000	1.397200	-0.026900	0.605400	0.516900	1.489000
188	3.310600	1.617100	0.591000	0.000000	-0.540100	1.840000	3.215000	2.184400	2.724700	1.981200	-0.260200	2.264200	3.267400	2.880400	2.054200	3.028000	7.579900	8.154700	5.453100	11.062500
189	1.964700	0.000000	-0.140100	-0.305500	1.205500	6.182300	15.914100	-0.141100	0.780500	1.199700	1.893300	8.150600	2.063900	2.492400	1.476600	0.149500	32.028100	17.051000	18.950500	21.287500
190	2.864000	1.624900	0.743200	2.683100	2.495300	9.209600	-0.082900	2.629900	2.053900	2.037900	1.040000	0.000000	2.560700	1.270500	3.467900	1.663300	1.472800	0.918900	1.059700	0.873100
191	1.672700	0.605200	-0.243600	0.494700	0.000000	1.815600	0.364100	0.392800	0.707100	1.176500	-0.658100	0.374600	0.867800	0.459800	1.404500	1.480700	0.089300	0.240100	0.040000	1.345100
192	6.531800	5.275600	1.999800	4.472200	3.584900	5.216800	4.836000	4.089100	5.253500	4.819100	1.804100	3.422200	6.132800	4.625900	6.874200	4.978100	7.280200	0.000000	0.759900	3.261300
193	4.166200	2.634000	-0.322300	0.650400	0.000000	6.191700	1.627000	2.642000	4.185700	2.836900	0.331300	1.591800	3.788000	2.754300	4.505500	2.740600	6.248900	5.782100	1.592800	3.492700
194	0.371600	-0.636700	-1.389700	-0.401900	-1.034300	3.929600	-0.766400	0.440100	-0.027100	-0.036500	-1.978000	-0.948400	-0.521400	-1.020800	0.000000	-0.073300	-2.183600	-0.758100	-1.289900	-0.102800
195	1.468900	0.800700	-0.315900	2.008600	1.075100	3.541600	0.000000	1.459300	0.966100	0.664200	-0.415000	-0.228800	0.525500	0.341000	1.271200	0.107600	0.069100	0.014800	-0.060400	-0.061100
196	1.808000	0.411500	6.314600	2.712900	4.097000	2.123500	18.193600	1.563900	0.000000	1.983500	6.863300	14.178500	9.104600	8.575300	7.107400	6.960800	34.882500	28.723700	24.019600	32.762700
197	-0.700100	-0.330100	-0.290100	1.053700	0.605700	5.262600	-1.378800	-0.058900	-0.721500	-0.091000	-0.972500	-1.286700	0.000000	-0.503500	0.462400	-0.962700	-1.169100	-0.261800	-0.615000	0.055800
198	3.388100	2.561100	10.670400	3.318200	5.026200	0.000000	14.716300	5.322400	3.820300	2.853700	5.468800	9.817200	8.742600	8.902800	8.384300	6.118000	30.422400	18.678000	13.111600	51.423900
199	0.021500	0.032600	0.445500	1.667900	1.517800	1.397200	0.437400	0.474500	0.000000	0.232800	0.531200	0.410000	0.654300	0.556200	0.550000	0.118500	0.753700	0.808000	0.773900	0.848200
200	4.093000	3.719500	1.730500	3.074300	2.174000	5.988800	4.754800	2.943500	3.697000	3.352400	1.232500	3.934000	3.464200	3.769900	4.774900	4.498300	0.593500	1.107400	0.000000	3.314000
201	2.050600	0.000000	-1.549800	0.326900	1.676200	2.957000	20.936800	1.770700	0.932300	0.171000	0.993000	6.226900	4.866900	3.849000	6.570600	5.769900	8.408000	13.559800	25.546100	22.612800
202	5.293300	2.872900	2.694700	0.000000	1.233600	5.218600	10.152300	1.890800	3.825700	2.280700	0.162800	5.852600	4.255300	3.927000	5.387800	5.937200	20.578200	14.336700	10.196500	18.276200
203	1.268500	0.000000	1.696900	-0.131900	2.202300	1.967400	5.424200	0.046300	0.056500	0.306100	-0.308900	13.316300	1.984000	1.925700	3.372800	1.717800	7.757100	3.944300	0.439800	1.654300
204	0.870300	0.011300	-1.604000	-0.773500	0.832200	1.488200	0.136200	-0.294700	0.863800	-0.247200	-1.698100	-0.474100	0.000000	-0.515900	-0.395400	0.275600	4.618700	6.526200	5.495200	3.724800
205	3.932400	2.753400	-0.267300	0.674600	0.000000	2.291000	2.456100	2.809500	3.699100	2.183700	0.909700	1.837000	3.006900	2.465400	3.591900	2.226100	1.998800	6.429700	3.490800	6.200000
206	4.159300	3.000800	1.277300	2.604800	1.806100	2.157900	1.405900	3.361400	2.572000	2.454300	0.648300	1.627500	2.998500	1.885700	2.792500	2.419200	0.000000	1.434600	1.046500	2.408400
207	0.885000	0.673200	-0.110400	0.024200	-0.168200	0.356900	0.845000	0.000000	0.256100	0.656900	-0.570200	0.649600	0.659200	0.171200	-0.170200	0.546200	1.353200	0.900300	0.709300	1.391600
208	0.851600	0.644800	0.643300	1.138300	1.050000	0.100400	0.554700	0.214400	0.000000	0.934800	0.291800	0.447500	-0.005300	0.864700	-0.136700	0.863500	0.356000	0.852000	0.866000	1.116600
209	3.907600	3.010900	0.000000	2.452800	3.125200	0.805500	4.264700	3.635500	4.304400	3.180500	-0.003700	3.758500	3.320800	3.292300	3.305600	3.053900	5.791300	16.454300	6.090800	2.988800
210	0.777800	0.000000	-1.041400	-0.394400	-0.873400	0.899900	-0.213700	-0.222600	0.225600	-0.470300	-1.305600	-0.364500	-0.669000	-0.167000	-0.039500	0.148300	-0.406100	-0.649800	-0.722200	0.356100
211	2.543300	1.947900	0.637300	1.371300	0.317700	3.497000	0.795000	1.872800	2.395800	1.788900	-0.166100	0.504500	1.616200	1.230300	2.067900	2.063100	-0.173000	0.000000	0.046300	1.671700
212	0.000000	0.770000	0.874700	2.913600	2.868300	0.393600	1.125200	2.211100	-0.180200	1.062400	1.097300	1.027200	0.580300	0.839500	0.560700	0.498600	3.357800	1.331000	1.295300	1.556100
213	0.000000	-0.214000	-0.178700	0.404500	0.277500	-0.481000	-0.111800	0.265000	-0.006300	-0.095200	-0.209500	-0.296200	0.088800	-0.087600	-0.322700	-0.190600	-0.171800	-0.184800	-0.221600	-0.117500
214	-0.953000	0.845600	0.438900	1.161600	0.778300	3.729500	0.597000	1.411400	0.639500	0.066100	-0.553900	0.433000	0.453500	0.357500	0.000000	0.464100	0.642300	0.636500	0.572000	0.746500
215	0.000000	3.224300	2.830300	4.228200	4.193700	6.312300	2.173200	3.816800	2.985700	3.548000	2.767900	2.476700	2.976700	2.378200	3.192500	2.537800	3.488300	2.715900	2.709600	2.601700
216	2.405700	1.712300	-0.104600	1.000700	0.637500	5.886200	0.311000	1.403800	2.061900	1.459900	-0.189600	0.000000	1.420800	0.120300	1.837500	1.446300	0.243800	0.523700	0.538600	0.833700
217	4.726800	2.809900	0.024900	0.934600	0.364900	0.000000	4.416100	3.249800	4.152100	2.811000	1.271300	4.416700	1.782600	3.816700	3.467400	4.225800	8.338100	2.907900	4.389100	5.930600
218	0.245700	-0.086400	-0.590000	0.839500	0.605200	0.939000	-0.527900	1.329000	-0.147900	0.373500	-0.528700	-0.345900	-0.079200	0.167500	-0.689600	0.000000	0.659300	0.052200	0.284900	0.254800
219	1.733600	1.296800	0.000000	0.984500	0.612600	0.188900	0.140500	1.552500	1.795200	1.465500	0.575600	0.809800	0.546900	0.863400	1.163400	1.758600	1.499900	1.017900	0.922300	1.776100
220	3.091800	2.377600	1.461800	1.745900	1.164700	2.972700	2.320200	2.429300	2.819600	2.392600	1.747500	1.697500	1.386000	1.536200	0.393400	0.000000	3.079700	2.615100	2.574400	2.503900
221	2.005800	1.754400	-1.268700	0.925900	1.437600	1.696100	9.171000	1.409600	2.549400	0.921500	-0.631100	2.514700	0.180700	0.000000	-0.499700	0.488900	11.884700	12.136200	5.193800	2.048200
222	3.681400	2.843700	2.722700	3.622800	3.298100	5.467600	2.968400	2.545700	2.948900	3.133800	2.262700	2.729200	1.783800	2.595100	0.000000	1.409300	3.454100	3.529300	3.400300	3.881200
223	0.449100	0.123100	-0.409100	0.163800	-0.262200	-1.208700	0.380400	0.281400	0.401900	0.236000	-0.313200	0.079700	-0.935700	0.000000	-1.066400	0.110500	-0.229100	0.232200	0.197500	0.477600
224	1.271500	-0.014200	-0.862300	-1.083100	-1.079800	-0.797300	1.492900	-0.257600	0.765000	0.268900	-1.453800	0.091000	-0.452700	0.041200	2.126800	0.406000	7.213500	1.900900	-0.651300	0.000000
225	5.401900	3.819300	6.429600	4.605200	6.031500	6.869100	0.000000	5.853300	4.643900	4.338900	2.520300	2.820100	7.142800	4.563700	8.414700	7.194200	19.908800	29.159900	17.692300	58.532800
226	0.915700	-0.009400	-0.833900	1.305900	0.987900	5.152900	-0.153800	0.242400	0.640100	0.553000	-1.077600	-0.119600	-0.185900	0.000000	0.542900	0.582600	-1.003900	-1.195600	-1.418100	0.786000
227	1.471300	0.761100	-0.072800	1.157100	0.558900	1.363600	1.087500	0.646400	0.764200	1.327600	0.084100	0.793400	0.000000	0.480300	1.014400	1.462900	0.851000	0.521400	0.240800	1.334100
228	3.023000	1.489400	0.000000	2.045900	2.068600	1.352200	2.640700	1.348300	1.919200	2.169700	0.361600	2.153600	1.037600	1.290300	3.188300	1.621200	8.115100	2.045900	0.386500	1.630100
229	3.186100	1.673400	-0.831100	0.000000	-0.655800	4.799200	0.928800	2.565900	2.951300	1.767600	-0.251800	0.871800	1.802900	1.606500	3.339100	2.227800	2.356200	2.313500	2.554900	3.104900
230	0.207400	-0.730100	-1.472500	-0.216100	-0.456200	4.362800	-0.538100	-0.664800	-0.445600	-0.205800	-1.382300	-0.982700	-0.723500	-0.582100	0.047200	0.000000	-0.544700	-0.800300	-0.879300	0.099700
231	5.638100	4.567700	2.394500	3.431300	2.782200	6.258100	2.463800	3.510800	4.696100	4.933700	1.895100	3.922300	5.068000	4.753500	5.022100	4.622000	0.000000	1.188100	0.869900	3.153700
232	1.916300	0.054100	0.009500	0.000000	0.306000	2.753500	15.727500	0.079700	1.247200	0.052400	2.862800	6.983800	6.882900	1.986200	1.450200	1.128400	35.622400	23.472600	14.671300	22.494800
233	0.498600	-0.838900	-1.960800	-0.152300	-1.130600	6.496700	-1.867100	0.761800	0.409700	-0.077200	-1.800800	-1.583300	-0.846100	-1.299600	0.000000	-0.139200	-1.081900	-0.979100	-1.552700	-0.331600
234	1.351100	0.294600	-0.089000	0.791600	0.300900	4.374800	0.222200	0.768400	0.976200	0.924200	-0.508100	0.000000	0.752100	-0.041900	1.379500	0.192400	0.619500	0.410600	0.257900	0.346900
235	4.422900	2.089100	2.797900	0.000000	0.832300	8.029600	8.527400	2.844400	3.108000	1.829300	3.329200	8.613600	6.242000	4.812400	5.360300	3.588800	34.932700	20.722400	19.442300	21.062700
236	0.000000	1.834800	2.135300	4.955200	5.088800	9.242600	2.898400	5.412500	2.997700	2.629500	1.439200	2.038600	3.560600	1.849900	3.634700	2.739400	4.031800	3.222000	3.772800	3.499000
237	0.000000	-0.891000	-1.127300	-0.355000	-0.571200	-3.511200	-1.093500	-0.022800	-0.749600	-0.153200	-1.169500	-1.128800	-0.732400	-1.068700	-0.004800	-0.151500	-0.579300	-0.587400	-0.724300	0.123100
238	0.344000	0.336500	0.263200	0.373900	0.320700	0.508600	-0.040600	0.362000	0.310700	0.371200	0.370100	0.000000	0.419900	0.364900	0.209900	0.155500	0.418100	0.133100	0.072400	0.371700
239	0.000000	0.990600	-0.344000	2.364200	2.101900	3.353100	0.206800	-0.358900	-0.823600	1.391600	-0.422600	0.078300	2.575700	1.012800	1.905000	-0.332500	0.869200	-0.717300	-0.485500	0.292900
240	1.576700	1.142400	0.865600	0.535800	1.152700	0.000000	1.093100	1.936600	1.787600	1.139500	1.080200	1.004000	1.857400	1.096800	3.059200	2.101200	2.436100	1.506600	1.972500	2.375400
241	1.944900	0.000000	3.306600	0.584800	-0.539000	0.347200	8.584900	5.173700	2.274100	1.140700	0.170800	7.081800	4.929700	5.560900	5.043700	1.913700	23.589900	12.021900	8.462400	30.109400
242	0.892300	0.029400	-0.450400	-1.245600	0.499300	5.087400	-0.792400	0.000000	0.692600	0.108900	-1.227600	-0.221800	1.408900	0.526700	2.476000	0.928600	2.007900	0.841200	0.334800	2.074300
243	2.250600	0.522600	0.738400	-1.759800	-0.479600	3.512100	14.769500	0.000000	0.833800	0.199900	1.829800	5.661100	7.082300	3.176000	3.884600	2.137600	35.570600	25.795900	21.176500	21.979800
244	6.004100	4.278500	1.389600	4.055500	4.383500	5.735000	4.422500	5.979300	4.742200	4.370200	1.455400	4.632300	3.898600	3.852900	5.561000	4.336500	1.074900	0.812200	0.000000	3.695700
245	7.227300	6.678000	11.258000	9.023700	10.985100	12.264100	20.405400	7.270100	6.484400	6.105400	11.234200	17.291100	14.542000	14.848100	0.000000	5.233100	52.075300	28.889900	31.225600	39.478400
246	4.597400	3.146700	2.105900	3.006400	4.380600	4.014700	4.551700	4.415700	4.611400	3.196200	1.000100	1.960800	4.608100	4.265100	4.729000	2.578600	3.260700	0.883300	0.000000	2.490200
247	1.297800	-0.072200	-0.340100	-0.236500	3.331900	-0.446000	13.860000	0.000000	1.178300	-0.230000	2.401000	6.979400	5.211100	4.540100	1.451200	0.665600	20.005400	17.145100	15.736300	18.141600
248	0.924800	-0.449100	-3.378000	-1.269800	-2.626200	6.927300	5.015100	0.000000	0.515500	-0.806500	-4.237200	2.278800	-0.549900	-1.158500	-0.826800	-0.948800	6.736300	7.381400	1.859900	9.878100
249	5.195900	3.613100	4.181900	5.920600	5.925300	4.991300	7.479300	3.574800	4.730800	4.182400	2.491700	0.000000	6.541300	4.281600	6.345300	4.705800	13.425400	10.981900	5.790600	5.219300
250	0.000000	1.800700	4.377200	7.009800	6.343200	10.711700	7.524000	6.815200	5.258600	5.639300	4.899700	7.430300	8.057900	8.784400	6.195800	5.480400	11.183000	6.505700	4.833900	7.494100
251	3.534400	2.365500	0.122000	1.210600	0.000000	4.167700	4.464400	2.811600	3.423500	2.563300	0.290600	1.767800	2.523900	1.316300	3.312600	2.446300	12.432000	11.278000	5.146200	1.995900
252	3.911800	3.144900	0.000000	3.254000	3.951200	9.030700	6.045500	4.124700	3.687100	3.069400	-0.040500	3.871500	3.378300	2.264500	3.904300	4.032800	7.863800	5.728300	2.479900	3.860900
253	1.521700	0.162300	-0.110900	-0.185300	0.406400	4.270900	-0.326300	1.267700	0.619100	0.271700	-0.577800	-0.323500	0.670200	-0.089000	0.856400	0.000000	1.794200	1.099600	1.101300	2.694500
254	1.685500	1.231000	0.043900	0.000000	0.028800	2.365600	0.944900	0.547600	1.246600	1.357600	0.637600	0.035300	0.903200	0.591600	1.227800	0.649300	0.073700	0.038500	-0.173500	-0.366400
255	1.841200	0.000000	7.372600	2.978900	4.190100	6.126400	16.891900	3.954200	3.033000	2.064700	4.851300	12.271200	9.729000	9.317400	6.700500	8.343300	33.007200	24.371200	22.640100	38.127100
256	2.596200	1.461000	0.946700	0.000000	0.935100	3.577300	7.020400	2.389700	2.494700	1.581400	-0.793200	4.608800	3.726100	2.668500	3.415600	2.872800	10.837000	12.283800	10.327300	8.220600
257	0.295200	0.317200	-0.683800	0.752200	0.979800	-0.102600	-0.388700	0.379900	-0.068200	-0.133500	-0.760400	-0.076400	0.000000	-0.588100	0.041700	0.488900	0.206500	0.082000	0.389800	0.584300
258	0.000000	2.810600	1.641700	3.828500	3.717800	6.138900	1.727700	3.562400	2.591900	2.647300	1.688100	1.378800	2.219300	1.922000	2.285500	1.702600	1.702500	1.523500	1.409600	2.231000
259	0.985500	0.931700	0.613600	3.745200	4.537200	6.207600	1.229700	0.992700	1.673800	1.230000	0.659400	1.110400	0.000000	0.193000	-0.614700	-0.263100	2.831900	1.782000	1.745200	0.258500
260	3.871300	2.601200	0.000000	3.946000	3.611200	4.249800	3.093500	4.538400	4.034600	2.744600	0.833100	2.793700	3.092000	2.427100	4.437800	2.844100	2.531600	1.419400	1.012400	0.846500
261	2.145500	1.288100	0.641700	1.801300	1.469900	3.526000	1.490000	1.448400	1.651300	1.810800	0.080800	1.033000	0.622500	1.070400	1.389700	1.849500	0.000000	0.567100	0.084700	1.944100
262	4.385200	2.533700	-0.150900	2.511200	1.356500	10.250500	0.000000	3.209000	3.330700	2.706900	-0.299700	0.774400	4.034800	2.473700	4.315400	3.292200	8.078000	4.894000	3.456500	2.667900
263	4.814800	3.670800	0.000000	4.109900	3.334900	4.648100	5.823900	4.440800	4.345700	3.520100	0.158800	4.023600	2.283900	2.679700	2.386300	3.611500	9.190100	9.127800	3.910100	4.161400
264	2.170900	1.445400	-0.197300	1.155400	0.641300	2.797100	0.000000	1.714500	1.967300	1.003100	-0.322300	0.068200	1.113300	0.429300	4.034800	3.357200	4.810200	2.728300	4.066900	3.128800
265	0.000000	0.851500	3.443300	2.844300	2.601600	5.354500	9.626600	3.702400	0.916600	0.520400	2.718200	8.104900	3.973900	3.059500	1.113800	2.647900	18.760000	18.015800	15.261200	19.008600
266	0.352800	-0.226800	-0.536700	0.040800	-0.210900	-2.116400	-0.084200	0.000000	0.072100	0.076500	-0.561100	-0.191500	-0.742000	-0.327400	-1.083200	-0.284800	-0.307000	-0.406600	-0.518800	-0.082800
267	0.645300	0.400800	-0.089700	1.084900	0.677400	0.772000	0.395900	1.622300	0.572600	0.695800	-0.323400	0.114900	-0.035900	0.219100	0.000000	0.209200	0.009400	-0.343500	-0.359400	0.555600
268	0.000000	3.258000	2.834400	5.625300	5.327700	5.060200	3.004000	4.821200	3.467500	3.289700	2.875000	2.849500	2.750900	3.142400	2.599400	2.783000	3.268600	3.234300	3.249600	3.197200
269	1.410600	1.465900	-0.365800	0.634600	0.032700	4.094500	-0.466600	0.712200	1.219400	1.007500	-0.088000	0.000000	1.181800	0.491400	0.700600	0.903600	1.193100	0.840700	0.287100	1.660400
270	1.697200	0.000000	0.574100	0.369300	0.419800	-2.905900	5.964000	0.138800	0.767800	0.701400	-0.891800	1.336500	1.358000	3.452000	-0.088800	0.977000	15.453300	14.075400	9.228300	20.897300
271	2.993500	2.171500	2.518300	1.875800	1.295000	0.000000	10.101500	2.428400	2.526800	1.678500	3.132100	5.133000	2.375000	2.489100	4.587300	2.722600	23.519800	19.535100	12.517600	20.929500
272	0.000000	3.157500	9.813600	8.543000	11.756300	1.979700	15.725500	8.808700	4.776200	6.716500	9.774700	7.987600	8.418700	7.183400	7.558200	6.608700	34.179200	17.106700	15.895500	25.683300
273	4.953300	3.508700	1.205400	2.511100	4.690700	7.005100	6.523800	4.861600	5.112700	3.401500	0.000000	3.294900	5.049300	2.760300	6.422100	4.514800	7.567800	4.656800	2.110800	4.426200
274	3.383300	2.334600	-0.413800	0.848700	0.000000	5.982800	2.698000	3.009000	2.521600	2.256000	-0.221100	2.544400	0.980100	-0.015900	2.038600	1.748800	13.521400	4.937200	3.907300	2.361500
275	0.000000	1.877900	19.623400	12.974900	14.077600	9.553000	15.326500	12.877500	6.008900	6.794000	13.692100	19.050200	14.951900	15.843800	10.984300	10.807900	60.515200	63.330300	19.135200	32.949200
276	2.674100	2.450300	0.359300	0.766400	0.662200	4.898200	1.028900	1.511100	1.805300	1.678100	0.239800	0.672800	1.227500	0.667100	1.377000	1.580500	0.000000	0.787400	0.674800	1.561000
277	3.151200	2.533100	1.350000	3.090600	3.935500	4.980200	1.284500	2.374500	2.217900	1.790300	0.650200	1.283400	2.192300	2.182100	2.552600	1.799400	0.000000	1.092300	1.261600	2.266000
278	3.749000	2.493000	4.250000	6.324200	7.420500	0.000000	3.515600	7.790300	3.546000	3.395000	2.605800	2.776000	3.181900	3.672000	4.900000	4.410100	7.088700	4.186000	6.382300	5.727400
279	0.914300	0.000000	0.224800	1.619800	1.435100	2.478500	0.821000	1.135400	1.019000	0.845000	0.499700	0.438000	-0.511900	0.741300	-0.043400	1.208300	0.956200	0.348900	0.246300	1.582900
280	2.083200	0.824700	3.247900	0.725400	2.274300	0.904400	-0.929900	0.475700	1.202500	0.944900	-0.428000	0.000000	2.514400	1.089400	3.776500	2.528900	2.800200	7.593800	3.849400	2.868100
281	1.706200	0.000000	9.691600	6.282600	9.016300	4.989400	20.683600	3.150500	0.002300	3.041000	9.896400	14.533600	13.952200	13.990700	14.236800	8.456200	39.417500	24.476600	25.861400	44.325500
282	4.448400	2.650900	2.375000	0.000000	0.767800	3.035700	6.737300	1.112800	2.846300	2.064100	2.402600	3.426900	3.451100	5.314400	3.948600	3.169200	19.843600	10.462700	10.812500	8.162200
283	0.445000	-0.694700	-2.973200	-1.981000	-1.803000	-3.002100	5.972100	0.000000	0.674700	-0.805300	-3.240700	-1.163700	0.625100	-1.175600	0.966200	-0.510000	14.957200	14.332700	8.380000	8.696100
284	4.307000	3.783200	2.023200	3.917900	3.590500	3.889300	4.112000	4.124800	4.129000	3.559300	1.509600	3.982800	3.568900	3.380100	5.681900	4.944500	7.317100	3.011000	0.000000	3.742000
285	2.693800	2.040900	2.790400	0.000000	0.518700	2.089000	11.121800	0.886200	2.149400	1.052500	3.917600	9.304700	5.217700	7.255400	4.259400	2.357500	39.209800	27.111700	27.222500	33.870300
286	1.824000	0.871700	1.857100	2.718400	3.053600	5.434100	3.882400	2.057000	1.252400	0.748200	0.454900	2.652000	1.914700	2.508500	0.000000	2.205000	25.323200	30.151900	24.350500	47.413200
287	2.907300	3.371400	0.198100	1.793700	0.227200	4.304500	2.727200	1.648600	1.375800	1.780200	0.362500	2.527000	4.062200	1.194100	1.405300	0.000000	9.541900	4.821900	1.195400	5.275500
288	0.941300	-0.498500	-1.736300	0.623300	-1.260700	-1.639900	0.154400	1.299400	1.979300	-0.085700	-1.614700	-1.402000	2.106900	0.055000	2.745400	1.323700	4.439800	-2.500000	-1.937100	0.000000
289	0.524600	-0.320800	-2.041100	-0.439400	-0.360100	4.565400	-0.906400	0.082400	1.029200	0.302100	-2.031800	-1.355700	-0.443100	-1.034800	0.000000	-0.169400	-0.139900	-0.568300	-0.991800	-0.516100
290	3.782300	2.021900	3.918400	2.848200	8.010200	2.291300	13.875300	0.000000	1.609000	2.988400	4.019000	10.170900	5.357300	5.526300	6.779100	5.649600	8.865000	12.823300	8.955500	59.070500
291	0.000000	3.769100	2.729400	6.171600	8.656900	16.189800	3.513300	6.749500	4.221100	4.194700	3.156900	3.792000	6.280200	2.907200	6.722300	3.929700	16.501800	3.734700	2.769400	4.619000
292	-0.824800	1.258500	8.279600	6.040600	8.403500	7.949800	7.827900	5.474700	0.000000	3.707000	6.152400	6.463400	10.241300	7.505700	9.532700	7.632700	30.906900	41.289300	31.502300	31.770100
293	-0.259500	-0.531200	-0.392800	0.222000	0.415700	1.354300	-0.398400	0.000000	-0.354600	-0.218400	-0.176100	-0.365700	-0.007200	-0.201000	-0.152200	-0.359100	0.235500	-0.102300	-0.123900	0.101400
294	2.867600	1.931400	0.566500	1.291300	0.942500	2.038400	0.996700	2.106800	2.636300	1.766600	0.525500	0.867700	2.436900	0.000000	3.529400	2.296500	13.622000	1.345800	1.188000	2.118000
295	-2.683000	-0.089800	-0.745600	0.464900	0.545200	5.677900	-1.084800	1.271100	-0.150100	-0.090600	-0.792800	-1.221000	-0.450300	-1.055800	0.005300	-0.774700	-0.614500	-0.897300	-1.183500	0.000000
296	1.663700	0.678000	-0.177000	1.579300	1.339100	10.669700	-0.120100	2.069300	1.533300	1.201700	0.000000	-0.673700	0.772100	0.350000	1.627700	0.810700	1.018400	0.099000	0.185100	1.382800
297	2.364900	2.568700	1.362900	3.507200	3.612300	5.101800	2.036000	2.311800	2.037700	2.299100	0.584700	1.549700	1.462600	2.014800	2.389900	3.227500	0.000000	0.311700	-0.123100	2.558100
298	1.827000	1.457300	1.729800	2.307400	1.899700	0.000000	0.742700	1.932200	1.603600	1.961400	1.793900	2.237000	1.213400	2.336800	2.837800	2.700800	2.162300	2.157600	1.533400	2.864200
299	5.158600	4.036400	1.920300	4.110500	3.442900	6.391600	4.658400	4.032500	4.674800	3.879600	0.787900	2.466400	5.982300	4.277700	6.096800	3.699500	4.869100	1.052400	0.000000	2.973400
300	3.387900	1.732000	2.036500	1.812600	3.812000	0.000000	2.184600	1.934400	2.417700	1.926700	1.902100	1.870200	2.733900	2.857700	2.829300	2.178900	3.580500	1.449900	1.077700	2.817100
301	0.019800	-0.467700	-0.693600	-0.160800	-0.388100	-1.783700	-0.796700	-0.178200	0.000000	-0.066600	-1.009600	-0.902300	-0.584500	-0.586400	-0.072000	0.067700	-0.114100	-0.106700	-0.700700	-0.705100
302	0.233100	0.310400	-0.120100	0.395400	0.282600	0.251300	0.287300	0.692700	0.273000	0.307600	-0.418500	0.060100	-0.060000	0.110200	0.000000	0.240900	0.401200	0.272200	-0.152700	0.565500
303	1.413400	0.884100	-0.238700	2.036200	2.254700	4.403700	0.000000	1.565900	1.279900	0.727800	-0.186800	-1.700700	3.339800	0.618400	1.848700	0.403100	1.434800	-0.066500	-0.317800	-0.149600
304	2.434100	1.349500	3.928800	0.000000	0.752900	0.983800	0.096300	1.568100	2.416500	2.183800	2.496600	1.148400	4.378000	3.986600	1.854100	2.173500	13.272500	14.581500	11.385900	8.703700
305	3.484100	2.536200	0.409500	2.099600	1.535200	3.051600	2.306600	3.308100	3.188100	2.642000	0.000000	1.506300	2.417000	1.879000	3.663400	2.210500	4.835300	5.796600	4.490300	5.872100
306	1.656300	0.288500	-1.772300	0.131500	1.779600	-1.713200	1.811300	1.519000	0.470000	0.137200	-1.990900	-0.015000	1.658400	0.000000	1.372800	1.874500	7.433700	1.886300	4.614800	4.413000
307	0.000000	4.179300	19.060700	15.027600	17.684400	11.634300	20.733700	13.801900	8.704200	9.840600	12.870500	17.380100	17.591700	15.395800	17.517500	15.540900	36.110800	35.525600	24.882200	24.166700
308	6.538800	4.734200	0.993100	3.373000	2.107100	7.740400	4.424200	4.914800	6.408100	4.988700	1.473700	4.275700	5.921300	4.781000	6.587700	4.931300	4.347100	0.000000	0.222300	3.228200
309	1.936700	0.000000	5.770800	5.196200	6.803600	5.709100	18.323700	3.762500	2.492600	2.536700	2.838800	11.410400	10.807900	7.534300	5.452600	5.798200	33.735400	26.979800	16.144700	35.701900
310	5.091400	3.438100	0.135800	3.037600	2.647700	9.507500	4.015900	3.138900	4.567800	3.800300	0.279400	3.363900	3.767900	3.412700	4.924800	4.281200	1.457400	0.000000	0.057100	2.730700
311	3.630500	2.210300	1.407500	0.595500	0.000000	6.221100	9.908100	3.092600	2.963200	2.384800	-0.287200	5.235300	3.907500	2.199000	3.915900	3.380700	15.380300	6.983500	5.520200	5.252100
312	5.600500	3.758700	0.000000	1.990700	0.892600	7.397300	6.799600	2.667700	4.418500	3.575100	-0.481700	2.926300	4.424800	3.094300	5.330600	4.270300	7.946300	8.310700	1.907500	3.340300
313	1.903900	0.721500	-3.105300	-1.396700	-2.490600	3.287200	4.711900	0.000000	0.766400	-0.227400	-3.109700	-0.451100	2.247300	0.018000	2.743500	0.125900	11.204300	3.466400	1.013200	1.304400
314	3.867300	3.390600	0.348100	4.293500	2.672400	7.204400	8.992700	3.593600	4.266100	3.005800	1.906500	5.157100	2.250800	2.415900	5.338600	2.807000	11.201600	5.763700	2.473600	0.000000
315	3.482700	3.458600	1.813500	3.706400	3.755400	0.000000	2.446000	8.556000	3.055500	3.003100	1.882200	2.843400	4.358700	2.987400	5.625900	3.146000	4.947600	5.473900	2.622100	5.433300
316	0.000000	4.545000	15.420000	13.276500	16.836500	13.924100	22.254900	11.632200	5.504500	8.417500	11.674500	16.997000	18.205200	15.383100	15.323400	12.664100	30.110900	27.932600	20.552000	53.861000
317	2.586900	1.676900	0.078700	-0.170900	-0.573600	3.541200	0.793900	0.000000	1.252200	0.590600	-0.383900	-0.026100	1.648600	1.452500	1.605200	0.810200	2.598000	3.046000	2.785200	3.768700
318	3.915000	2.216700	6.576700	4.306000	4.648000	0.000000	23.003300	4.689100	3.139000	3.098700	5.376200	9.738100	8.110900	8.012200	6.634200	8.142900	27.331500	20.778900	13.492400	24.775100
319	2.638400	1.147100	-1.827100	-1.891100	-1.309500	7.059200	2.136200	-0.480100	2.418700	0.000000	-2.243800	-0.616500	2.384500	1.139600	2.468800	0.573300	8.719100	10.497600	3.387600	1.878800
320	4.525100	3.201600	-0.561700	1.203200	0.000000	3.700800	6.980300	3.379700	4.492500	2.691500	0.442700	4.446600	4.156100	2.350500	4.732500	3.836400	10.105200	6.978800	4.540900	5.071000
321	3.700400	2.663900	0.953200	3.684500	2.726300	4.101200	2.306200	1.194600	2.665600	2.459800	1.262600	1.763400	5.279500	3.072600	5.741700	2.906500	3.967000	1.975900	0.000000	3.463700
322	2.974400	2.379800	1.146300	2.420700	3.616300	5.971600	3.052800	3.608400	2.538800	2.581100	-0.578000	2.254300	3.435300	3.521000	3.389900	3.654800	-0.012200	0.000000	-0.979000	2.104900
323	0.789100	-0.367000	-1.005300	0.872500	1.175900	-2.011500	-0.177600	1.007400	1.198600	0.235500	-0.481900	-0.710400	-0.432400	-0.273300	0.000000	0.292700	1.428500	-0.426100	-0.879600	1.095900
324	3.645400	1.928100	1.127100	2.203300	1.232900	1.629700	0.573500	1.966800	3.063300	1.664500	-1.235600	1.229800	4.133800	2.496700	4.355100	1.384700	5.715700	0.661300	-0.508100	0.000000
325	5.163700	3.779500	0.913400	3.331100	4.669600	6.578300	2.703300	3.866100	5.158500	3.806700	1.069000	2.812300	4.978500	3.616200	5.041500	3.685700	0.853800	0.918700	0.000000	2.030400
326	4.667200	3.607800	2.097900	2.969700	2.108900	4.665200	4.966700	4.723600	4.275000	3.757000	0.859000	4.506100	3.988100	3.293100	3.469800	2.180100	3.553900	4.154700	0.000000	3.133900
327	0.260400	-0.085000	-0.878000	0.707500	0.492100	1.495600	-0.459200	1.270100	0.152800	0.184600	-0.671000	-0.567600	-0.792400	-0.693900	0.000000	-0.094500	-0.844200	-1.047800	-0.921500	-0.327800
328	2.573700	1.690100	0.196700	2.306300	1.832900	8.052000	1.102300	1.697600	1.731200	1.957100	0.271000	0.573400	1.900900	1.562300	2.205100	1.824200	0.000000	0.743500	0.447000	1.771200
329	0.000000	2.645700	2.808300	4.920700	4.988000	7.521700	3.265600	3.606200	3.909700	3.961100	3.962700	2.013900	2.958400	2.613400	3.010900	2.447200	2.836000	2.661300	2.646500	2.793000
330	2.853000	2.576400	0.000000	3.543200	2.295700	5.351100	2.543900	4.321400	2.739200	3.055800	0.705800	2.453200	3.344400	2.250300	2.663700	2.181000	1.582100	0.717100	0.262600	2.402000
331	1.406100	0.676400	-0.424700	1.680500	1.715700	0.845100	0.600400	0.287400	0.948700	1.096500	-0.135000	0.000000	1.240200	0.902400	1.988900	0.488500	1.473900	-0.493300	-0.086900	0.607300
332	1.939900	1.320400	1.215300	1.592200	1.394900	1.705900	1.626400	1.656200	1.936300	1.973300	1.177000	1.363500	0.000000	1.248200	0.192300	1.821400	0.890800	1.203000	1.105500	1.786300
333	2.007900	0.762600	-0.165900	0.525500	1.609700	-0.745000	1.197300	1.543600	1.404200	1.292300	-0.282900	0.591200	0.000000	0.452900	-0.311200	0.837600	0.146700	0.682500	-0.046500	0.872200
334	5.224400	3.260600	-0.272900	0.742500	0.000000	6.076100	9.918700	3.068500	4.557900	3.163500	0.042300	4.008900	4.300500	2.966200	4.754700	2.682000	17.945800	6.668700	5.028200	6.889800
335	0.195000	-0.976000	-2.385700	-0.345300	-1.036800	6.694100	-1.717800	0.662800	0.205900	-0.453200	-2.126100	-1.886500	-0.951700	-1.574900	0.000000	-0.090100	-1.847800	-1.544300	-1.470200	-0.686500
336	3.239700	2.054900	1.152500	1.975900	1.248900	5.409800	0.000000	2.442400	2.372600	2.444700	0.923500	0.745300	2.238900	1.463600	3.002200	2.376000	1.922700	1.863000	1.681100	2.521600
337	5.040800	3.389000	0.000000	2.760100	1.579700	5.658000	10.023000	2.677600	4.136300	3.516100	0.044700	4.553800	4.469000	3.404500	5.239500	2.921800	8.964100	11.249800	6.641700	9.811900
338	3.690500	2.096400	-0.800700	0.000000	-0.954500	6.224800	3.431900	2.322000	2.550800	1.769300	-1.112500	1.097100	3.562900	2.445900	4.001000	2.500300	9.044600	11.784000	8.468100	4.838000
339	0.147100	-0.987500	-1.392300	-0.355600	-0.800900	3.521300	-2.700300	0.743800	0.000000	0.109000	-1.690500	-1.771000	-0.082000	-1.003800	0.416900	-0.868500	-1.304800	-1.332000	-1.212000	-0.861500
340	3.647400	2.049100	-1.574800	0.000000	-1.295400	3.981800	5.886200	1.962000	2.389700	1.938500	1.289600	3.654600	3.813700	2.757100	4.464400	2.855600	6.921000	5.009800	4.834300	4.975600
341	4.871900	3.432400	1.334100	3.693600	5.490800	8.132800	0.000000	5.261300	5.064300	4.132600	1.689300	1.081400	5.093500	3.320600	6.161700	3.724000	1.703200	2.212000	1.490400	3.195800
342	0.743400	0.219300	-1.503500	-0.668400	-1.104400	4.210300	-0.757900	0.000000	0.110300	-0.067000	-1.257800	-1.616800	-0.062600	-0.334000	0.799800	-0.230400	-0.099300	-1.081400	-1.191000	-0.331700
343	1.439700	0.287800	-0.172100	0.769200	0.284000	5.678100	0.000000	1.423400	0.884700	0.981500	-0.422600	-0.369100	0.981100	0.063900	0.972400	0.885600	0.613800	-0.207100	-0.412400	0.834600
344	2.608600	2.053900	-0.032800	2.553300	2.514300	3.089800	0.542900	2.374600	2.879100	2.238000	0.632800	0.451700	3.805500	1.879600	4.124900	0.415200	1.517400	3.178600	1.038800	0.000000
345	0.000000	3.016700	2.468100	3.897200	4.301700	6.764400	1.160800	3.598500	2.503500	2.731800	2.638600	0.627800	2.715500	2.522600	2.631500	1.845800	2.835700	2.556800	2.481000	2.060900
346	4.281300	2.929700	-0.509800	1.346900	0.000000	4.916900	6.385000	3.651600	3.844600	2.730700	-0.429600	2.362100	5.163100	2.615000	5.791700	3.387500	11.763400	7.908000	3.782400	3.606500
347	-0.403000	0.069700	0.155800	1.306900	1.540500	3.551200	-1.136500	0.944900	-0.482600	0.101100	-0.061100	-0.327700	0.601300	0.040600	-0.329800	-0.301300	0.222100	-1.291900	-1.633100	0.000000
348	-0.581000	0.261000	-0.421500	0.035000	-0.272400	-0.878500	0.423300	-0.597100	1.073000	0.269900	-0.219400	0.057100	-0.451500	0.207000	-0.431200	0.000000	0.433600	0.045600	-1.245600	0.399900
349	0.440500	0.540300	-0.536900	1.094800	0.730000	1.746900	-0.068500	-0.028800	0.201300	0.366000	-0.436500	-0.213200	0.000000	-0.136600	0.280400	0.248900	0.213000	-0.038000	-0.087500	1.262000
350	3.140800	1.190400	4.117500	2.037200	6.421800	7.081700	13.591500	2.996200	0.000000	3.358600	6.726200	14.509600	11.731700	10.718300	6.968100	7.194200	23.169600	19.019400	17.010000	39.962600
351	0.988300	0.318900	-0.253100	0.547600	0.380500	0.429500	-0.245900	-0.125600	0.305000	0.705300	-0.296400	0.000000	0.232600	0.217200	0.884300	0.420300	0.568100	0.260800	0.186700	0.639000
352	5.079000	3.630700	0.000000	1.366200	1.379500	3.955100	3.139400	3.805300	4.283200	2.778300	0.406300	2.897000	3.581600	2.469300	4.738800	4.041800	1.966300	1.371900	1.372700	3.847800
353	2.381300	0.837900	-0.487200	0.039400	-0.693500	3.682600	-0.197700	0.586600	1.045000	0.467200	-0.294300	0.032100	0.387600	0.000000	0.640300	0.458300	0.102800	-0.242500	-0.306400	0.463300
354	4.357800	3.300000	0.381100	1.081900	0.000000	1.708600	7.919600	2.402700	3.789200	2.107200	1.678300	0.299700	3.798800	2.549300	4.205200	3.415700	10.543700	10.387900	5.909500	2.206000
355	2.671700	2.147100	-0.095500	1.177600	0.000000	3.598200	0.487300	1.961900	2.534600	2.236900	-0.255400	0.443900	1.739900	1.310800	2.427800	2.256700	1.073100	1.371900	1.443800	1.275900
356	1.489100	0.323200	-0.643600	-0.536500	-0.594700	4.946700	-0.587100	0.052600	0.487600	0.251000	-0.936600	-0.418000	0.000000	-0.345200	1.068500	0.769300	-0.407300	-0.390200	-0.572000	-0.128400
357	2.586500	0.000000	8.220200	4.950800	3.864400	0.474300	5.568200	5.648600	1.523600	1.378500	1.351800	2.362400	2.846200	2.939400	2.634200	0.218300	9.171400	4.737400	5.799500	4.555500
358	1.039100	0.530700	-0.606100	-0.249900	-0.131800	3.115100	0.395300	0.221800	0.725400	0.431800	0.125000	0.085100	-0.469200	-0.373600	0.000000	-0.325700	0.642800	-0.302200	-0.158800	0.481900
359	0.363600	0.000000	-0.238800	0.449100	0.498400	-1.143500	-1.716700	0.147700	-0.011300	0.326200	0.057400	-0.799000	-0.108400	-0.485900	0.231500	0.160800	-0.127900	-0.370900	-0.515200	0.268000
360	1.262400	0.864200	-0.473400	0.649700	0.541300	1.265400	-0.028200	1.460200	1.152200	0.820400	-0.455000	-0.121700	0.281500	0.104000	0.000000	-0.807600	-0.319000	-0.288300	-0.412700	0.279600
361	4.576500	4.312300	0.000000	2.853100	2.512700	8.120600	5.216700	4.373600	4.792400	3.016500	0.377500	4.283600	4.825900	3.842200	5.101700	3.543900	7.115700	8.815800	4.687900	3.529400
362	8.015100	6.297900	2.787500	4.745500	4.024800	11.702200	5.909300	5.071300	7.426700	5.590300	2.194900	5.254500	6.681600	6.124800	7.448000	6.404800	9.112700	0.000000	0.858100	4.475600
363	6.543600	4.431300	0.000000	1.154400	1.301300	7.800700	6.140500	3.201300	5.518400	3.538100	1.435000	4.251000	5.994600	4.335000	6.048700	4.541700	15.834500	13.529600	11.078300	7.259700
364	1.762900	0.000000	4.631700	3.649900	4.310600	5.415000	21.567000	3.194200	1.739700	2.547900	7.391900	15.805800	15.930500	5.910300	9.061300	6.534900	45.222100	32.632000	24.257700	54.915900
365	1.574900	0.171300	-2.048000	-0.579200	-1.512700	4.487700	-0.849900	-0.335900	0.776000	-0.418900	-2.069000	-1.431900	0.000000	-0.458900	-0.135800	-0.436900	1.128200	6.301800	2.963400	1.372100
366	6.254300	4.488900	1.510100	0.886300	0.000000	4.259500	11.167200	2.972400	4.458300	3.427000	2.197300	6.441800	6.784000	4.858400	6.957100	4.958700	22.353800	19.727800	10.167200	8.552600
367	2.351600	2.851100	1.310300	4.130600	3.765700	10.484100	2.426400	4.633000	3.018300	2.453200	1.396700	1.800100	1.512300	1.622600	0.000000	1.400100	2.879700	2.212400	2.233100	2.268900
368	0.000000	3.266400	3.981000	5.906700	5.940700	4.750700	4.004200	4.675000	3.320800	3.354600	3.548700	4.085500	3.889400	4.020800	4.228700	2.251200	5.054000	5.401100	4.622000	4.189100
369	2.163400	1.578100	0.162000	0.043200	0.709600	3.958100	-0.547300	1.945300	1.753900	1.374300	0.666400	0.000000	2.211500	0.654400	2.777900	1.031300	1.068400	0.922600	0.857500	0.749200
370	4.271700	2.641500	1.363800	0.000000	-0.404000	6.608100	7.116900	2.048800	3.077800	1.992500	-0.629900	2.023200	4.991900	3.983000	5.718700	2.354600	19.884700	11.476600	5.358200	9.345200
371	4.950700	2.586100	0.471000	0.516200	0.000000	5.738600	2.104000	2.344800	3.281100	3.122200	0.194100	1.946900	5.704300	3.229900	6.463400	4.363700	5.692900	8.986800	4.800600	4.261200
372	4.792300	3.039900	0.038900	0.000000	0.639700	3.948100	8.054300	2.021500	3.496700	2.491400	2.046800	6.396800	5.478000	5.708100	5.349000	3.279100	21.536200	13.697500	8.914200	12.172500
373	3.445000	1.784400	1.877500	1.363500	0.398700	5.861000	0.404300	2.951300	3.096800	1.374000	-0.654400	0.000000	3.052000	1.141000	4.681200	2.852400	4.143800	-0.101800	1.643900	4.137200
374	5.021400	3.679800	0.000000	2.546100	1.488600	3.979400	5.852200	3.592800	3.333300	3.134000	0.098700	3.607300	4.222200	2.730500	5.318900	3.499700	17.189700	9.981300	7.848100	5.029500
375	0.000000	6.862600	23.853300	19.568300	24.140600	14.572600	32.673300	17.358200	11.093800	10.614500	21.382700	29.361800	19.329900	18.939700	18.578500	18.580200	39.834700	34.938300	30.031200	57.584200
376	1.205600	1.167500	1.070600	1.833300	1.483700	0.000000	0.970800	1.714800	0.118600	1.073000	0.877600	1.032100	1.220500	0.890900	1.835800	0.545400	1.631500	1.762800	1.741200	1.162800
377	2.375300	0.616300	-1.461200	1.148200	0.973700	5.775900	0.000000	2.209700	1.637400	0.645000	-0.109500	-0.575800	1.295600	0.838300	1.520800	0.206400	0.360000	-0.905400	-1.186500	0.904200
378	0.391900	0.408500	0.147600	0.333300	0.305500	-0.380600	-0.163200	0.267600	0.454600	0.549400	0.796500	-0.114900	0.026700	-0.153500	0.399700	0.431800	0.451500	0.000000	-0.112300	0.323900
379	0.282400	0.296100	-0.187700	0.941500	1.469000	-0.557400	0.155300	0.913300	0.296900	0.141800	-0.583800	0.324900	0.098500	0.244100	0.000000	0.187600	-0.493100	-0.058200	-0.125600	0.213800
380	2.698800	1.121500	0.678200	0.000000	-0.105300	2.614400	1.718600	1.369600	2.399200	1.814700	0.416300	0.944100	1.993400	1.863400	1.000200	1.976800	1.693400	1.078500	0.918000	1.427400
381	0.000000	0.627600	0.492800	0.998600	0.698300	1.224900	0.326300	-0.181000	0.162000	0.544000	0.076500	0.583600	0.114500	0.328400	0.231700	0.690300	-0.110200	0.196300	-0.351000	0.795800
382	0.123200	-1.453500	-1.924600	-1.665400	-1.999200	-2.985300	-0.301900	-1.504000	0.206600	-0.182400	-0.900600	-1.971400	-0.682600	-0.500700	0.076600	0.000000	-0.828700	-0.863300	-1.130400	0.059800
383	2.907500	1.732500	0.000000	1.880100	1.714800	2.286400	1.433100	1.528300	1.279200	1.529600	-0.184400	0.588300	2.148400	1.111400	2.744400	1.201200	0.888600	0.920300	0.571700	1.210100
384	4.447800	2.551000	2.777300	-0.135900	0.000000	2.024100	3.973300	1.743400	3.492800	2.257300	1.140600	1.854100	3.413200	2.107100	4.374000	3.391400	2.621100	1.216800	0.884100	3.247200
385	1.432600	1.883800	1.585600	3.001000	2.959100	0.000000	1.514300	2.722900	1.537900	2.094800	1.754500	1.692300	1.934900	1.874100	1.690800	1.754200	1.007900	1.795300	1.638300	1.950700
386	0.000000	-0.265500	-0.115900	-0.098600	-0.048900	-1.318800	-0.172800	-0.149100	-0.111700	0.005900	-0.102300	-0.104600	-0.692200	-0.294600	-0.110000	0.012100	-0.172600	-0.152000	-0.144800	-0.069300
387	0.000000	2.400500	1.074500	3.780000	3.896800	4.268000	2.048800	4.321300	2.857700	2.471400	1.847000	1.969900	2.343900	2.262500	2.634400	2.601300	1.801700	1.978400	1.704900	2.432700
388	6.366700	4.223700	1.040500	2.912600	2.423000	7.839600	3.786800	4.188300	5.146900	3.427900	0.625500	3.616200	5.972800	4.926600	6.175300	3.402100	1.730300	0.992300	0.000000	3.733300
389	1.271000	0.820500	-0.117000	0.858900	0.616900	1.842100	-0.250200	0.817900	1.103800	0.759000	0.444500	0.000000	0.287500	0.445100	0.703800	0.804100	0.943500	0.476100	0.375000	0.763700
390	1.918700	0.698000	-0.586400	0.000000	-0.649500	-0.099600	0.188700	0.530800	1.294600	0.295200	-0.869600	-0.240200	0.122700	0.825000	1.061300	1.050900	1.016500	0.720400	0.695500	1.116900
391	0.517400	0.000000	1.650400	1.727500	1.747300	5.899300	0.368900	2.418900	0.862000	1.220100	-0.471200	0.726400	4.563700	2.261300	4.559300	1.753100	9.703000	4.459500	4.347000	9.482600
392	1.629800	0.000000	-1.152100	-0.625000	-1.317300	2.050100	1.710300	0.921600	1.126100	-0.186500	0.090900	1.700700	2.628600	2.061900	1.863800	1.249400	6.827500	12.131400	7.204900	5.006500
393	0.054500	-0.008200	-0.492500	0.807600	0.533400	1.307200	-0.615500	-0.124000	-0.255400	-0.170000	-0.675800	-0.533500	-0.253300	-0.064000	0.199600	-0.145300	-0.888000	-0.538200	-0.581300	0.000000
394	0.000000	3.580200	3.686000	5.477000	5.722000	13.487300	6.160200	4.348700	2.242200	3.687000	5.518500	6.009600	6.552500	6.583300	3.076100	3.418500	4.836100	3.637400	3.002800	3.893000
395	-0.172900	-0.512200	-1.218500	-0.237000	-0.735100	-2.005600	-0.501600	0.088300	-0.119900	-0.151300	-0.884000	-0.585900	-0.016000	-0.458800	0.099200	0.000000	-1.193000	-0.686300	-0.745700	0.019400
396	-0.777900	-0.609500	-0.771400	0.604500	2.305500	2.147400	-0.039400	0.023200	-0.749100	-0.535800	-1.800400	-0.505100	-0.727800	-1.078300	0.000000	0.093300	-0.461900	-0.261600	-0.785400	0.418900
397	3.476500	2.791700	0.411300	2.271900	4.028800	4.120800	4.947700	2.102800	2.616400	2.693800	0.288700	4.068300	3.090200	2.799900	3.061300	2.447600	0.635200	0.000000	-0.310600	1.649600
398	0.620500	0.000000	1.758500	0.070500	0.219400	1.626300	1.088600	0.010600	0.064300	0.390800	-1.013200	0.985400	1.550600	1.475000	2.596600	3.289900	5.609600	4.571400	4.446700	5.747800
399	4.880100	2.912400	-0.637200	0.000000	-1.003800	4.779500	4.671600	1.378700	2.976400	2.541600	0.051000	1.647000	4.427500	3.228900	5.259400	3.901100	23.056300	14.797100	8.974500	7.992800
400	6.610600	5.154800	2.442400	3.894200	4.838700	6.550600	4.432300	5.510700	6.392300	4.850800	2.072000	4.177600	5.937800	4.997500	6.896900	5.622600	0.000000	1.347200	1.066900	4.441300
401	0.971100	-0.211600	-1.529700	-1.672400	-1.716100	1.989000	0.033000	0.049900	0.438200	-0.194800	-1.595200	-0.713200	0.000000	0.022400	1.711600	0.193400	2.207300	-1.181200	-1.713900	14.767300
402	2.079200	1.077900	-0.027200	1.028700	0.693200	6.366900	-0.846300	0.908600	1.748400	0.853500	0.305000	0.000000	1.137500	0.497800	1.845000	0.503700	0.323300	0.347400	0.212100	0.682000
403	-0.287500	-0.351200	-0.310700	0.365300	0.000000	3.083400	-0.264700	0.193800	0.008000	-0.162300	-0.555600	-0.338700	-0.076000	-0.032900	0.061700	-0.322700	-0.343600	-0.336100	-0.547400	0.050200