SITE	GLY	ALA	LEU	VAL	ILE	PRO	ARG	THR	SER	CYS	MET	LYS	GLU	GLN	ASP	ASN	TRP	TYR	PHE	HIS
2	2.336900	1.611900	1.631800	0.000000	2.046200	2.138100	5.137800	1.971000	2.668700	1.356500	2.275500	4.759700	5.112800	5.258600	3.923500	1.273600	19.891790	23.761350	17.467590	43.636000
3	4.634200	5.149700	5.291300	6.098700	6.031800	4.213500	5.722800	4.232500	3.509800	4.838000	5.498200	5.471300	3.401900	5.319200	0.000000	4.167800	5.905600	5.624300	5.097300	4.905600
4	0.705000	0.501200	-0.277900	0.820600	0.072000	-0.507000	0.153500	0.851100	0.302200	0.452400	-0.414000	-0.087900	-0.782600	0.000000	-0.337200	0.332000	0.267100	0.368400	0.338900	0.365200
5	0.477200	0.000000	0.123400	0.429700	-0.007600	-0.172900	0.335400	0.510000	0.527300	0.767400	0.049700	0.327600	-0.524400	-0.017400	0.026300	0.428600	0.450300	0.237500	0.155200	0.616600
6	2.871500	1.293200	-0.091200	-0.101800	-0.534500	0.491900	0.954200	0.000000	1.620200	1.361700	0.183000	0.907300	0.944100	1.270500	1.638900	1.520700	1.190800	0.201300	-0.104900	0.854500
7	2.565200	1.518800	0.000000	1.064200	0.012000	3.405700	1.698500	2.038400	1.649700	1.857600	-0.010200	1.296400	1.025400	0.801900	2.371300	2.328800	1.566800	0.750500	0.904500	1.224200
8	0.548600	-0.191200	-0.624200	0.241700	-0.393100	3.940200	-0.296500	0.258800	-0.251500	0.481000	-0.773200	-0.304700	-0.484700	-0.555400	0.000000	-0.334000	-0.657800	-0.531500	-0.579400	-0.056900
9	1.602300	0.392000	-0.284400	0.371000	-0.442800	4.083700	-0.233300	1.070900	1.272200	1.115000	-0.492500	0.000000	0.418800	0.102900	0.930200	0.256700	-0.157900	-0.042100	-0.118000	0.348700
10	5.511200	3.342900	0.000000	4.232100	3.398600	7.890700	9.545800	5.168600	4.169200	3.637600	0.989000	3.205800	6.275100	3.478000	5.982400	3.911600	19.684100	22.085360	14.235400	23.579540
11	1.090000	0.334600	-1.023600	0.110000	-0.721700	3.990200	0.064800	-0.009600	0.297200	0.510500	-0.833700	-0.240400	0.000000	0.107600	0.758300	-0.101100	-0.874100	-1.020900	-0.874900	-0.183900
12	0.770300	0.000000	-0.157600	0.457200	-0.001700	3.106400	-0.311500	0.555400	-0.032000	0.646700	-0.390600	-0.172300	0.143000	-0.210700	0.542800	-0.030700	-0.507000	0.004700	-0.166100	0.005500
13	0.000000	-1.448000	-1.314200	0.333700	0.443400	1.665400	1.500300	-0.867300	-0.848600	-0.752600	-1.187900	0.511100	2.411400	1.159900	1.037800	0.300600	1.248800	-1.622000	-1.863500	-0.100400
14	5.241800	3.618900	1.155900	3.684700	2.765700	7.187100	4.987000	4.120000	3.928500	4.032300	1.264000	4.141500	4.505000	3.993300	4.839000	3.498500	1.439100	0.743900	0.000000	2.651200
15	1.195600	0.432300	0.096300	0.641000	0.034900	5.099800	-0.076200	0.989100	0.465700	1.080500	-0.152800	0.000000	0.715400	0.282100	1.153200	0.322900	0.369900	0.111400	-0.036500	0.237600
16	2.785400	1.456900	-0.395000	1.261500	0.493400	4.610500	-1.019400	1.908500	1.718000	1.857200	0.355500	0.000000	2.179400	1.039400	3.069600	1.706500	1.056900	0.650400	0.386400	1.015100
17	5.033800	3.511200	0.000000	2.588700	1.355800	5.557500	3.703400	3.710000	3.989900	3.552800	0.074600	1.403600	5.363000	3.016900	6.034700	3.232900	11.114500	9.116400	4.551700	5.262200
18	1.630300	0.636900	-0.346900	0.522600	-0.018900	4.074900	-0.053500	0.336800	0.689900	0.947000	-1.093600	-0.075400	0.520000	0.000000	1.621300	-0.818500	0.474400	0.323100	0.049500	1.036700
19	0.503000	-0.195700	-0.325200	0.459300	0.319900	2.915900	-0.625400	0.201600	-0.312100	0.036100	-0.497200	-0.763800	0.000000	-0.065700	0.618100	-0.282700	-0.373000	-0.535600	-0.522200	-0.296700
20	0.643000	0.000000	0.945700	0.200400	1.618100	4.232700	0.213400	0.763100	0.817600	1.174300	0.091100	0.303400	1.922700	0.933100	2.871900	0.036600	3.777800	2.862100	2.623500	1.237500
21	-0.118500	-0.247700	-0.135200	0.058400	-0.110400	-1.123700	-1.030700	-0.024800	0.000000	0.043700	-0.112700	-1.633900	0.178300	-0.364400	0.493600	-0.232400	-0.068000	-0.155700	-0.161000	-0.817800
22	0.441300	0.143200	0.017500	0.329700	0.232700	-0.247500	-0.269300	0.283100	0.093300	0.249800	0.049100	-0.051700	0.249100	-0.046500	0.000000	-0.062200	-0.019900	-0.125500	-0.057300	0.210300
23	1.038100	-0.032700	-1.344500	-0.388400	0.160100	3.885100	1.839000	0.420600	0.516800	0.000000	-2.475400	-0.993400	1.133400	0.690800	0.116500	-0.105100	10.115500	7.147300	5.296300	14.852900
24	0.041000	0.344900	0.304900	0.452600	0.162200	1.695800	-0.537700	0.311400	0.335400	0.263800	-0.008200	0.000000	0.493200	-0.058300	0.372600	-0.052400	0.343200	-0.198400	-0.031200	0.140700
25	0.009600	-0.160200	0.028300	2.121300	1.488500	-0.519500	8.413400	1.255000	0.000000	-0.440800	-0.551100	3.384900	4.700900	1.192000	2.327100	2.834500	22.537050	12.728000	11.195000	36.596470
26	3.843400	2.227000	0.000000	2.989800	1.133000	3.995200	2.218700	2.868500	3.688700	2.733400	-0.310400	1.045300	3.097100	1.930400	4.241700	3.114600	2.418200	1.004100	0.597000	2.810100
27	5.314400	3.516000	0.000000	3.726300	3.079100	11.704800	11.765500	2.187300	4.442800	3.556600	1.917100	2.494700	5.666300	4.749800	6.225800	4.478500	23.918950	13.053400	8.170900	8.260000
28	2.014100	0.779000	0.075700	0.420000	1.397300	1.804100	-1.801000	-0.797800	0.405600	0.955100	0.428400	0.000000	2.456500	0.690400	3.374400	0.891500	1.008000	0.534600	0.412100	0.859100
29	1.333800	0.331500	-0.099300	0.463500	-0.213300	2.729400	-0.057900	1.230400	1.126000	1.019500	-0.495000	0.000000	0.930700	0.009300	1.528100	0.629900	0.952000	0.529600	0.049700	0.341400
30	2.865700	1.664700	-0.460400	1.582600	1.228000	6.443600	0.101200	2.994400	2.473800	1.651400	0.252300	0.151600	2.777700	1.421900	4.109600	1.097300	-0.229900	-0.698700	0.147600	0.000000
31	4.647900	3.877300	0.000000	3.502000	2.145200	10.948000	6.814000	4.598000	5.115400	3.445800	0.361500	5.045200	5.484200	4.089500	5.539200	3.833100	8.282200	7.500700	1.227100	3.407900
32	0.182400	0.347300	0.648800	1.513800	1.524300	1.579100	-1.514500	0.000000	-0.572000	1.025500	0.506900	-0.824700	0.226500	1.237900	-1.185200	0.073600	0.474400	0.206000	-0.132900	0.029400
33	1.662900	0.911900	0.019500	1.189300	0.233600	-0.874500	0.631800	1.254400	1.431800	1.330300	-0.380100	0.000000	0.361900	0.433700	1.184300	1.202900	-0.113100	0.283600	0.277300	1.104400
34	1.090100	0.505200	0.162300	0.812900	0.306300	0.172500	0.254500	0.577800	1.153000	1.305000	0.104600	0.374400	-0.904300	0.268100	0.000000	0.995800	0.345500	0.427800	0.385100	0.971700
35	2.629200	1.059900	0.431100	0.000000	-0.284300	1.359700	0.056200	0.388100	1.740800	1.265200	0.299600	-0.261800	1.163700	0.092100	1.286000	0.821800	1.585900	0.290500	0.114600	0.691600
36	5.865900	3.860000	1.025000	5.051400	5.221500	10.785700	5.245100	4.548600	5.940800	4.572300	1.218600	3.365700	5.069700	4.700400	6.082800	4.135600	1.098400	1.810100	0.000000	3.727900
37	0.506000	-0.329700	-0.511100	0.038500	-0.611900	3.099200	-0.132000	-0.239900	-0.142500	0.107700	-0.415400	-0.287600	-0.298500	-0.299700	0.000000	0.131700	0.381000	0.415200	0.228000	0.534000
38	0.718800	0.399500	0.321600	1.640300	1.218200	1.970800	-0.294200	1.401600	0.000000	1.048200	-0.060600	-0.020300	0.927800	0.648700	1.551800	0.464600	0.296500	0.515400	0.433700	-0.042200
39	3.502000	2.786500	1.475000	0.949800	0.000000	6.845900	1.816600	2.236100	2.793100	3.049700	0.319700	2.821600	5.422100	3.224700	4.398400	2.451400	12.992600	11.552500	8.967900	10.949800
40	2.464100	1.324000	1.647600	1.288500	0.076300	5.313400	0.899900	1.937900	1.583800	1.881300	0.531000	0.000000	3.149600	1.226400	5.506800	2.580500	4.370100	5.688600	4.674500	3.607900
41	0.498000	0.667100	-0.120200	0.756400	0.612100	1.144200	0.503000	0.898200	0.675900	0.796100	0.143200	0.278300	0.673400	0.614700	0.550500	0.000000	0.043200	0.328100	0.683300	1.142500
42	1.346600	0.796100	0.446100	1.866000	1.451900	1.016500	-0.351800	1.625500	1.561100	1.131600	0.355300	0.000000	1.036300	0.882400	1.571400	1.404100	1.275800	0.864000	0.886300	1.507100
43	2.086800	1.401200	0.314900	0.889000	0.244000	2.699700	0.060600	1.015400	1.641400	1.093500	0.161600	0.000000	1.624200	0.490900	2.175600	1.990300	2.007200	1.669400	1.670800	1.855100
44	3.312700	2.584500	6.281900	3.496200	4.932700	2.686900	9.993500	0.000000	0.840500	2.398800	6.229800	9.978500	8.350100	9.469900	7.162700	5.347900	15.515300	10.241600	11.520800	35.476690
45	0.000000	-0.492400	-1.228600	-0.479500	-0.863600	-1.601200	-1.716700	-0.681800	-1.021500	-0.185200	-1.306400	-1.222000	-0.224700	-1.366800	-0.174500	-1.081500	-0.285900	-0.032800	-0.071100	-0.137400
46	1.444600	0.970400	-0.074700	2.333600	0.756000	0.703300	-0.120900	2.032800	0.984900	1.301000	0.000000	-0.108700	1.281800	0.344400	1.403400	-0.369000	0.333000	0.065100	-0.042600	0.303000
47	0.000000	3.412800	3.242200	4.937300	4.562600	7.653400	2.674000	4.447600	3.362000	3.938500	3.134200	3.181500	3.358900	2.736700	3.636100	2.796900	3.638500	3.284100	3.245500	3.352300
48	1.729200	0.000000	1.852400	1.589000	1.853800	4.648500	1.824700	3.679600	1.678300	0.317300	0.591300	3.774100	4.877400	3.274000	8.211900	3.537500	12.167800	12.434100	8.670300	7.810000
49	2.791600	2.124100	1.741200	0.429100	1.381100	3.373500	0.141400	0.000000	1.785900	1.422800	1.145500	0.654400	4.810700	0.956900	4.503900	2.099900	4.964900	1.773800	1.424400	10.499400
50	4.634300	3.216800	0.000000	4.378500	3.554000	3.114900	7.831800	2.460600	4.147000	3.197500	0.897200	4.124000	5.492900	4.168200	5.520500	4.200800	16.060600	7.871100	2.682900	3.975000
51	3.196100	1.929300	0.000000	3.593200	2.825300	8.325000	1.359200	4.239900	3.356400	2.307000	-0.108400	1.768000	3.675000	1.785300	4.228500	2.734700	-0.499700	0.542400	0.047000	2.273000
52	2.036600	1.145500	0.457600	1.990600	1.800700	1.506500	1.331400	1.393800	1.345200	1.504600	0.404700	1.019900	-0.448800	0.560800	0.000000	0.860900	0.900900	0.411900	1.202200	1.069000
53	3.328400	1.765000	0.851400	0.000000	1.549000	3.782100	9.336900	1.224700	2.603600	1.800100	1.952700	6.709300	4.879000	4.166000	5.680400	2.132200	31.002630	24.124970	14.760000	10.829500
54	4.351800	3.438100	2.053100	1.000400	0.000000	7.139600	6.403300	2.740300	4.122700	2.939900	-0.283800	3.259200	4.843600	3.639100	4.388300	3.751100	16.908500	8.560800	6.065800	7.072300
55	0.421500	0.146200	-0.740200	0.441000	-0.101900	4.265700	0.203000	0.057500	0.124100	0.294800	-0.676100	-0.038100	0.678400	0.000000	1.324200	0.266700	0.453400	0.034700	-0.426600	0.597400
56	-0.666800	-1.985300	-0.432900	-2.095500	1.095700	-4.425000	0.915800	-1.857600	0.000000	-1.281600	-1.508400	0.311800	1.148200	1.660000	0.127600	0.956400	12.576400	13.557900	10.997900	50.087700
57	0.000000	4.290900	15.472100	10.570400	13.057800	15.662300	22.382610	9.990000	6.805100	7.732500	9.729400	15.722900	13.837200	12.698200	10.043900	10.212000	30.053480	29.152460	23.957860	72.663500
58	2.764700	1.291900	-0.678000	0.000000	-0.549100	6.329500	2.072500	0.594800	1.840500	1.276200	-0.045100	1.352400	2.539400	1.578400	3.969500	1.335300	1.414800	1.807800	1.156000	3.307400
59	0.716000	-0.091500	-0.970400	-0.115500	-0.855100	3.060000	-0.323700	0.607600	0.682800	0.309000	-0.733700	-0.514300	0.000000	-0.221200	0.747100	-0.134400	-0.643100	-0.413900	-0.529400	-0.046500
60	1.224600	0.873800	-0.730500	-0.283600	-0.025500	2.903000	-1.167500	2.339000	2.257200	1.427500	-0.856300	-1.304100	2.753000	1.083600	1.704600	0.000000	7.538500	12.033600	4.804700	5.899700
61	1.810300	1.312900	0.000000	1.528700	0.713600	0.069600	0.867800	1.709300	1.671600	1.471600	-0.452500	0.672000	1.725200	1.491300	2.207700	1.743000	1.437200	1.359200	1.356600	1.805300
62	0.143800	0.133000	-0.859300	0.450900	-0.245600	-0.246300	-0.189600	1.136400	0.307800	-0.077500	-0.367200	-0.301500	-0.023000	0.082400	0.000000	0.015900	0.294700	0.267800	0.277700	0.439800
63	0.726100	-0.488400	1.353700	1.447800	1.430100	5.561800	4.897200	0.859900	0.000000	-0.020300	1.038600	2.131500	1.237100	2.048500	-0.844400	-0.053200	8.017500	3.579400	-2.054300	7.618900
64	0.000000	-0.269600	-1.798400	-0.881500	-1.329500	-1.327800	-0.885100	-0.458700	-0.256900	-0.602000	-2.275700	-1.223000	-0.824700	-0.244100	-0.302700	-0.272500	-0.789000	-1.015300	-1.367000	-0.587000
65	2.862100	2.454700	0.124200	0.000000	-0.432000	1.644700	1.609700	0.947300	2.182500	1.829400	-0.082600	1.753900	1.644100	1.271500	2.304200	2.001000	1.277000	1.609600	0.950000	2.332200
66	0.000000	6.487100	15.631400	15.204100	18.738800	12.813300	17.143760	14.894200	8.499200	8.009500	12.216200	14.059100	17.923890	17.063230	14.675500	12.428700	36.680600	46.379600	35.032740	49.328900
67	4.870400	3.444900	1.191800	0.813300	0.000000	6.254700	10.376000	3.237000	4.019500	2.804500	1.453500	6.323300	5.003100	3.993600	5.735000	4.107200	24.492090	16.389060	13.490100	26.461051
68	4.520400	3.639600	4.457800	2.359900	2.248000	6.118900	2.261400	4.157300	4.101500	3.410500	2.014100	3.082800	3.819200	3.718500	4.053800	3.100000	1.496900	0.000000	1.426800	2.947000
69	1.242400	0.000000	11.491600	4.611300	9.590400	6.209200	25.713707	3.917500	1.141200	2.402700	12.741200	18.540310	16.957590	14.646800	6.395500	7.582700	70.550700	27.295687	45.662500	24.972710
70	4.184800	2.961100	5.169800	4.497900	3.350700	0.000000	6.666200	5.668400	4.741200	4.723700	3.460700	5.200400	10.046400	5.679500	7.272500	5.405000	11.189800	12.191800	11.710900	18.743470
71	1.262100	1.121400	1.127400	0.928100	0.308500	2.803300	1.693300	1.244700	1.193400	0.463700	-0.223300	1.348700	0.739900	1.061400	0.000000	1.977000	1.725400	0.884700	0.652100	1.907800
72	0.181300	0.000000	0.113000	0.433000	0.269700	-2.438400	-1.184000	0.031900	0.453900	1.181800	-0.330600	0.748300	0.183600	0.012400	-0.813500	-0.253300	-0.186100	-0.845400	-1.057200	-0.069200
73	0.880500	0.016700	-0.927700	0.125300	-0.697000	-0.978200	-0.370600	0.544200	0.560000	0.358900	-0.975800	-0.602200	0.000000	-0.512100	-0.148800	0.205000	-0.382900	-0.632400	-0.782400	0.441200
74	0.903200	-0.411300	2.517500	0.503000	1.336400	5.462300	18.563900	0.982900	0.000000	-0.300100	3.634100	7.763200	8.138600	5.766900	6.474300	3.277300	30.139550	26.125404	18.291140	23.060970
75	5.866800	4.579200	1.659800	4.004000	2.609900	4.202600	4.303600	3.817100	4.998500	4.759700	1.484200	4.524600	5.483200	4.085200	5.504100	4.340000	7.516700	0.000000	0.579200	3.460000
76	1.693600	1.711100	0.715500	1.270600	0.999300	1.950300	0.000000	0.843500	1.306300	1.826700	1.253200	0.276500	1.126500	0.479600	0.982500	1.256900	0.704900	-0.807300	0.618700	1.024800
77	0.567200	-0.858200	-1.675300	-1.446200	-1.573600	1.222500	-0.952500	0.000000	-0.266700	-1.260900	-1.688700	-1.063300	-0.258100	-0.751900	0.923800	0.721000	1.348700	-1.213600	-1.554300	0.310400
78	4.985200	3.728500	1.539100	3.492700	3.185000	6.023800	2.538900	5.610200	5.497500	3.392500	1.134400	1.903200	6.458500	3.836100	5.537800	4.156300	8.479300	2.624100	0.000000	3.557400
79	0.000000	-0.480100	-1.268800	0.715500	-0.323200	4.199900	-0.324300	0.984200	-0.955900	-0.081600	-0.348100	0.401700	0.749600	-0.691900	4.047200	1.073300	2.481500	3.104400	2.935400	30.235480
80	2.402300	1.325100	0.876900	1.761800	1.428700	0.000000	1.008200	2.154200	1.985300	1.780300	0.881500	0.814200	1.386600	1.310400	1.887600	1.478500	1.448300	1.308900	0.948400	1.646100
81	5.245200	4.376600	0.000000	2.780500	1.857200	8.274000	10.905500	4.144400	4.745100	3.856200	0.928100	4.812800	5.751800	4.382100	5.670200	4.199100	20.846240	11.105600	5.182500	6.031400
82	5.782500	4.230700	0.795500	3.441600	2.478100	4.820900	4.849300	3.541500	4.764900	4.286300	0.921600	4.260400	5.565700	4.534400	5.949600	3.445200	6.768800	2.003400	0.000000	3.183000
83	1.531800	0.831400	0.082700	1.356700	0.647500	6.198500	0.960700	2.242800	1.946800	0.928000	-0.600000	0.806800	0.828300	1.010800	0.000000	-0.712000	0.441400	-0.265700	-0.286100	1.522200
84	3.468500	2.700100	2.300600	2.493100	3.093000	0.000000	1.768100	3.705400	3.356800	2.805500	1.431700	2.183400	3.285500	2.177100	3.623800	2.647400	2.275300	2.363200	2.296800	2.893300
85	5.380500	3.487300	-0.071700	0.879700	0.000000	6.793800	5.624000	3.121200	4.021400	3.465000	-0.378400	5.549500	5.060800	3.890800	5.837400	4.067200	19.500940	12.225300	9.432100	11.491300
86	4.436000	2.729500	0.055300	1.139600	0.000000	7.258100	4.154000	2.255300	3.173900	2.878300	-0.057300	4.454900	3.918100	3.558100	4.632500	2.467900	16.159800	14.397900	10.547000	8.678500
87	0.836800	-0.047100	-0.214300	0.929100	0.141400	4.690200	-0.001000	1.700000	0.161400	0.734700	-0.530600	-0.138900	0.480000	0.032600	0.000000	0.293800	0.858600	0.290400	0.991100	0.289300
88	1.014700	0.019000	-0.832600	1.235000	1.832900	5.985700	-0.288900	-0.805000	0.285700	0.142800	-0.046200	-0.544400	-0.210200	-0.031800	0.000000	0.187600	0.383500	-0.456700	0.081600	0.943800
89	4.125500	2.461200	0.905600	1.687000	0.413200	5.542300	2.428400	2.783000	3.937300	2.902600	-0.490500	2.386600	3.020500	2.526700	3.756100	3.472700	0.175800	0.000000	0.312600	2.721200
90	3.001500	2.690800	1.517400	3.030600	3.477700	4.832500	9.344900	2.681100	2.871400	2.735900	2.218900	4.480200	2.146100	1.456000	1.209300	1.787500	17.711500	7.277900	3.036200	0.000000
91	0.000000	3.062100	2.691000	4.504700	4.797900	10.027500	2.059200	5.307200	3.273600	3.026200	3.056900	2.081500	3.079600	2.715500	2.296200	2.462900	3.718000	3.057600	2.854900	3.118700
92	0.000000	2.471900	2.198900	4.199000	4.016200	5.965900	1.588800	3.486500	2.593500	2.482800	2.066500	1.805000	2.635200	2.109200	3.080900	2.630000	2.469700	2.203300	2.266700	2.663900
93	4.881500	3.845100	1.967800	3.908000	4.355700	8.075000	5.055300	3.550900	3.494100	2.703800	0.225400	5.166700	5.034000	3.424600	4.676800	3.360100	5.996300	3.072600	0.000000	3.199200
94	0.068400	-0.088600	0.141500	1.392900	1.260400	-0.766600	-0.080200	0.696300	-0.482000	0.369400	0.248800	0.000000	0.515500	0.188800	-0.018200	0.038900	0.470700	0.132100	0.056700	0.522100
95	-0.447200	-0.808900	0.000000	-0.439600	0.131500	-2.223500	-1.263800	-0.479400	-0.834500	-0.506400	-0.532400	-1.014400	-0.942900	-1.536900	-0.752900	-0.424800	-1.608500	-1.121700	-1.528500	-0.466100
96	-0.354100	-0.416700	-0.702800	-0.219500	-0.471000	-0.862000	-0.573100	0.000000	-0.484900	-0.524500	-0.959700	-0.770400	-0.476500	-0.469300	-0.487200	-0.530000	-0.918700	-0.888100	-1.003500	-0.315900
97	1.971000	0.884700	0.324400	2.236200	2.534700	6.487300	1.069500	2.416500	1.524900	1.276600	0.595500	0.936500	0.715300	1.265800	0.000000	1.004200	2.342600	1.369800	1.476400	1.864900
98	0.988400	0.556000	0.061500	0.442800	0.187100	2.061500	0.189200	0.405400	0.713500	0.524100	-0.030000	0.000000	1.070900	0.490000	1.412300	0.985600	0.428200	-0.066100	-0.152500	0.965600
99	1.657700	0.552900	1.579900	1.016300	4.018400	5.535500	-1.436000	0.980400	1.603200	0.726400	-0.910100	-0.236800	2.450100	-0.070500	1.215000	0.642700	1.223200	0.353800	-0.679900	0.000000
100	2.186600	1.753900	1.450800	2.245900	2.628300	0.000000	1.685400	3.168200	2.149100	2.225900	1.339100	1.728100	1.821800	2.013000	1.959700	2.099500	1.944900	1.704000	1.798800	2.232000
101	1.136400	1.056000	0.944400	1.422200	1.213900	0.000000	0.144300	1.374000	1.194600	1.275200	0.623000	1.226300	0.928900	1.290600	1.128300	1.390500	1.220800	0.916600	0.770800	1.347600
102	1.891800	1.367600	-0.541000	0.947900	0.160200	0.053200	-0.084900	1.303100	0.717400	0.768400	-0.471700	0.000000	1.655000	0.846700	1.974500	1.677500	0.674900	1.047000	1.202500	1.454800
103	1.687000	0.872300	-0.224100	1.874200	0.818500	5.548400	0.108100	1.141600	0.667500	0.566100	-1.083600	-0.102500	0.201800	0.000000	0.141400	-0.071400	-0.464400	0.024200	-0.048500	0.759000
104	6.086300	4.807300	2.979500	4.327200	3.392500	3.453300	4.497500	5.064100	5.783700	5.052300	1.962800	4.160200	4.648300	4.647200	5.609300	5.333100	0.000000	2.164600	2.091900	4.556400
105	0.000000	7.050400	14.736400	17.504650	18.386860	19.840580	13.056600	15.794400	10.718800	10.966900	12.222600	11.694100	11.564500	12.293300	14.280900	15.442700	22.268800	25.130910	24.067970	41.535100
106	2.569200	2.282200	1.576700	1.716200	1.270700	1.187800	1.752700	1.908600	2.519800	2.285400	1.367600	1.531800	1.296300	1.949500	0.000000	0.927600	1.552900	1.690100	1.581000	2.018700
107	3.042400	1.997400	-0.014500	0.532800	0.000000	0.598300	1.242200	1.962900	3.035700	1.991100	-0.099600	1.086700	1.371200	1.131400	3.153500	2.384000	1.452600	1.631500	1.600700	2.931400
108	0.577700	0.453400	0.466300	1.595500	1.131800	0.116900	-0.387600	0.465000	-0.601000	0.881600	0.086500	0.372000	0.097000	-0.042200	0.369100	0.000000	0.135300	0.595400	0.536400	0.440600
109	1.767900	1.292400	0.595200	1.858800	1.470600	5.096200	1.015100	0.000000	-0.297400	1.126600	0.774700	0.767700	1.230900	0.641000	0.383500	1.107000	1.635500	1.097700	0.868700	1.821800
110	5.049600	3.513300	0.000000	1.973600	0.988700	7.771400	6.931000	2.900100	4.126400	3.243500	0.188600	4.662100	4.083200	2.906300	4.880100	3.579600	10.023900	4.113900	2.129400	2.797000
111	1.182500	0.920700	-0.292500	0.000000	-0.439300	2.769500	-0.708800	0.191700	0.727800	0.567200	-0.059100	-0.054200	0.869100	0.373700	0.675300	0.808100	1.229200	0.749200	0.684800	1.407800
112	0.000000	-0.746200	-1.711100	-0.846200	-1.116600	-1.587000	-0.963900	-0.802100	-0.284900	-0.684500	-1.968100	-1.412600	-1.348500	-0.578800	-0.872500	-1.003400	-0.665700	-2.162600	-2.047200	-1.674900
113	5.023900	3.748400	0.000000	3.379500	2.160700	4.518900	10.346300	4.412300	5.064000	3.162300	0.646300	3.454500	5.626600	3.311300	5.843800	4.194000	16.822800	12.597500	9.460000	4.993900
114	2.923200	2.330000	3.358000	2.482200	1.556100	3.996500	5.856500	2.652600	2.388700	2.345800	0.197300	4.375400	3.639400	3.496800	0.000000	1.205800	11.756300	16.274000	13.369700	19.664410
115	1.037500	0.854600	0.911500	1.080400	1.050700	0.000000	0.771300	1.001500	1.155900	1.129400	1.043200	0.783300	0.947300	1.004100	1.124200	1.139500	0.685600	0.911100	0.772200	1.135600
116	0.439900	0.000000	-0.887200	0.041100	-0.422500	-0.849000	0.035500	0.012600	0.331800	-0.059400	-0.450200	-0.058800	0.147800	-0.524500	0.416500	0.316600	0.064800	0.252000	0.203300	0.419300
117	0.000000	2.202400	1.723900	3.252500	4.292000	7.852000	1.264800	3.188300	2.271600	2.192600	1.646400	1.709700	2.272800	1.909700	2.533700	1.629400	2.643500	1.916800	1.864000	2.438800
118	0.607000	0.136700	-0.090000	0.280600	0.752100	0.286300	-0.416200	-0.165700	-0.097200	0.249000	-0.479700	-0.346900	0.139300	0.000000	0.380300	-0.412100	0.049600	-0.104600	-0.163900	0.212200
119	4.698900	3.987100	1.333500	5.320200	4.396500	7.565100	2.369100	4.218400	3.644800	3.695700	1.729600	2.916300	6.088800	3.305300	7.546800	2.757800	1.581100	0.584100	0.000000	1.941300
120	5.015900	3.253300	0.252000	0.709800	0.000000	3.853900	11.833900	3.198900	4.789600	2.848000	1.699900	5.974900	5.995700	5.285600	5.356400	3.872200	18.322590	13.334000	7.765500	22.200870
121	2.291600	1.968800	-0.284600	1.156600	0.000000	4.664700	0.829100	1.953800	2.254200	2.009000	0.518400	0.579000	1.156200	1.039300	1.802900	1.826400	0.984400	0.778700	-0.041200	1.373900
122	-0.197400	-0.853800	-2.602600	0.194500	-0.467100	2.403300	-0.199900	0.974900	0.000000	-0.921000	-2.580400	-0.204800	-0.460900	-0.721900	0.690700	0.657900	10.365700	8.110300	14.052500	5.798100
123	3.202000	1.452800	-1.178700	-0.345200	-0.295500	6.339100	12.071000	0.000000	2.060800	0.976100	-0.095100	7.201100	3.806200	4.025000	3.727700	2.810200	18.507600	14.146700	7.896700	14.530300
124	2.217500	1.246600	-0.076900	0.000200	-0.404800	4.564500	0.000000	1.467100	1.128000	0.852100	-1.111200	0.627100	0.187900	0.469600	1.527600	1.454600	5.039600	2.641800	3.827100	4.543500
125	5.598800	3.206800	2.186000	0.000000	0.520700	7.700200	13.640300	2.182700	3.964400	2.372000	1.098600	9.618500	4.486000	5.673500	3.884200	3.775800	27.500140	18.690920	11.840500	11.785000
126	1.816900	0.782000	-1.646400	-0.908200	-1.199500	2.716800	0.000000	0.639200	1.203500	0.228500	-1.966000	0.864200	-0.213600	-0.450200	1.137500	1.450400	2.861000	2.869300	1.673000	1.565700
127	2.429700	0.633200	-1.304600	-2.374100	-2.500400	3.476600	4.475000	0.202900	1.080700	0.000000	-2.100900	0.501600	1.309600	0.807200	2.418600	-0.341800	14.495800	8.113900	4.066200	2.238900
128	0.000000	-0.854200	5.735100	2.820500	4.791900	4.387900	14.940600	3.036300	0.742200	1.734900	7.399500	11.212400	10.012500	4.370100	3.921600	4.371700	15.868500	4.424600	3.053500	7.988400
129	5.124500	3.661900	1.196400	1.463800	2.252500	4.918600	0.000000	2.152200	3.370600	2.955600	0.550200	2.335600	4.283800	2.495600	5.206000	3.355500	1.767500	1.351700	-1.134700	2.600200
130	1.359400	0.084300	0.175500	0.092300	-0.473600	0.801800	-1.772300	-0.649800	0.000000	0.767500	-1.639100	-0.721900	1.104300	-0.106800	2.989800	1.056700	10.395700	10.446600	9.107500	28.911510
131	5.227100	4.101400	0.000000	2.007500	0.691000	5.402600	3.190900	4.026300	4.515000	3.584600	0.280500	2.791300	4.781600	4.011100	5.145000	4.505400	3.389600	1.647400	1.061000	2.570100
132	0.662400	-0.187000	-0.306100	-0.014600	-0.480100	2.781300	-0.449000	-0.330300	0.202500	0.305000	-0.284100	-0.368800	0.005100	0.000000	0.022600	0.166700	0.111800	-0.164300	-0.201300	0.168000
133	0.000000	3.329900	3.162500	4.654000	4.467500	5.959200	2.830300	4.749000	3.644100	3.417200	3.028100	3.084900	3.266100	2.871900	3.377300	3.392800	3.046800	3.146400	3.101400	3.255500
134	4.962700	3.376200	1.142000	3.881400	2.993200	6.641900	3.252000	2.559900	3.946800	3.259700	1.233000	2.086700	3.973800	2.664300	5.048100	3.868900	0.339700	0.000000	0.016100	3.038800
135	1.769700	1.891900	1.382700	2.785200	3.877100	0.000000	2.851300	3.629500	2.589300	2.687900	1.745900	1.992100	3.273900	3.455400	3.762300	3.222000	1.923800	4.172100	1.510000	9.835900
136	3.071400	2.098000	1.147300	6.276100	6.365000	0.313400	3.368900	5.734300	2.766600	2.357000	0.952300	2.915000	3.953100	2.773300	5.073400	2.383300	6.073300	2.216200	0.000000	1.933300
137	1.539400	0.743900	0.576500	2.564100	4.002400	0.174200	5.985200	2.131800	1.823400	0.671800	-0.500200	1.560100	1.889200	2.114600	2.379600	0.000000	17.213770	20.000670	10.608300	12.910500
138	3.755100	2.738700	2.090300	3.295200	3.348000	0.000000	4.000200	3.205800	3.455500	3.375200	2.389800	3.045900	5.315800	3.826300	5.403000	3.562100	6.133500	4.053200	3.612000	3.540300
139	1.109700	0.107000	-1.976400	0.138700	-0.806800	1.949000	-2.044500	0.442800	0.867500	0.000000	-1.859200	-1.667200	0.664600	-0.381400	1.440600	-0.202400	3.799500	3.947400	1.185500	0.503000
140	4.374200	2.737700	0.000000	1.111600	0.771800	4.431500	7.793400	3.468300	3.162300	2.019100	2.330300	3.921800	5.424400	3.922400	5.724900	3.631600	11.543700	19.732510	9.537100	13.373600
141	0.049300	0.428800	1.176500	1.451900	1.750400	1.120900	1.873100	0.000000	-0.376500	0.284300	1.692300	1.432500	-1.591700	1.277900	-1.777400	0.225600	1.543300	1.218500	1.084900	1.900000
142	1.102800	0.000000	-1.007700	-0.161400	-0.742700	-1.444800	-0.376400	0.590900	0.802200	0.482800	-0.868300	-0.693900	-0.351700	-0.511300	0.824200	1.015600	1.538500	1.397700	1.278500	2.142100
143	2.499600	1.677400	1.547100	2.182400	1.546100	1.709900	1.620700	1.966000	1.879500	2.230200	1.409100	1.328200	0.000000	1.205200	1.113600	1.378400	1.769000	1.768100	1.703400	1.600900
144	1.815200	0.362500	-0.471400	3.065300	1.933000	0.780700	0.689100	1.130700	0.598500	1.114200	-0.686300	0.387100	0.333700	0.000000	0.931300	1.101600	-0.422300	-0.043900	-0.345800	0.768200
145	3.837600	2.205700	0.054500	2.280100	2.056500	4.292500	2.805100	1.568700	2.875400	2.596000	0.424800	2.225800	2.518700	3.518000	3.388500	2.848100	4.716900	0.000000	0.484600	3.069900
146	1.443500	0.551900	-0.032200	0.650100	-0.061500	2.874100	0.392900	0.191300	0.703000	1.084200	-0.311300	0.000000	0.529600	-0.023200	2.079900	1.376800	1.097100	0.737400	0.232600	1.369600
147	1.904600	0.932200	0.570400	2.644900	1.100100	5.068800	0.750300	2.389700	1.417400	1.778600	0.627000	0.797800	0.000000	0.500200	0.383400	1.324700	0.580700	0.648200	0.571800	1.482800
148	2.803300	1.156900	-1.967100	-0.988400	-2.124500	5.398600	4.529600	0.202600	0.731600	-0.074900	0.000000	3.508700	2.342800	1.650100	2.807000	1.912900	12.226600	11.376400	5.487200	7.809300
149	2.106700	0.739100	0.437100	2.241200	2.855300	10.045800	0.988700	2.984900	1.243900	0.653300	-0.729400	0.537600	0.000000	0.194500	1.692700	1.894800	3.212400	6.367400	3.700700	10.530700
150	0.585900	-0.173700	-0.517900	0.173800	-0.506100	2.770200	-0.601500	-0.014300	-0.079200	0.334100	-0.698800	-0.332900	0.000000	0.052600	0.462000	-0.066500	-0.390900	-0.331600	-0.464600	-0.049600
151	2.343200	1.410500	-0.356500	0.864300	0.026800	4.313800	0.424000	1.439800	1.720100	1.869100	-0.761100	0.000000	1.024000	0.769800	2.109300	1.597100	-0.552300	0.620600	0.293900	1.357200
152	3.865600	2.475600	-1.063200	0.000000	-1.321800	4.728000	7.566300	1.485300	4.012100	2.346500	-0.896400	0.988500	4.163800	2.084200	4.397600	2.606200	9.611100	5.784800	4.492800	10.312500
153	0.688000	-0.643300	2.007500	0.639700	3.183900	1.781300	-0.852300	0.964100	0.000000	-0.074600	-1.243900	-0.953100	0.127700	-0.272000	1.863400	1.074900	0.447300	0.212200	0.170400	0.679100
154	0.481100	-0.205200	-0.325500	0.647200	0.184800	4.370300	-0.683400	0.572100	0.000000	0.511500	-0.496500	-0.544900	-0.016800	-0.461600	0.460100	0.358100	-0.091900	0.009600	-0.038300	0.380700
155	1.852600	0.127000	-0.660200	-0.370200	-0.828500	3.664000	0.425800	0.000000	0.528400	0.333500	-2.277100	0.037600	1.419100	0.764600	2.532600	0.573400	3.074200	3.873400	3.414100	4.541800
156	5.964500	4.334900	0.000000	3.681500	4.289400	6.918100	4.698000	3.401700	4.524000	3.610200	0.061700	3.371900	5.076700	3.967600	5.771200	3.296700	2.772900	2.117600	2.754300	2.237900
157	0.971300	0.615500	0.811200	1.918300	1.712600	2.576500	-0.100400	1.008300	0.000000	0.731000	0.759500	0.550800	0.942000	0.635600	1.463500	0.494600	1.329300	0.784600	0.544300	0.918400
158	1.117900	0.841700	0.328800	1.874300	0.921200	4.367900	0.256100	0.374600	0.000000	0.706200	0.449300	0.277500	1.176300	0.716300	1.556900	0.516100	0.171500	0.362000	0.281700	0.860000
159	3.576800	2.888500	0.291200	3.391000	4.243100	7.221700	4.067600	2.469200	3.205700	2.852200	0.000000	1.601400	4.986500	2.555300	5.577300	3.665300	12.809200	8.945000	4.406600	3.142700
160	-0.316000	-0.147300	-0.134200	-0.258300	-0.279800	0.769400	-0.867300	-0.473900	-0.538900	-0.227000	-0.161200	-0.737400	0.000000	-0.679200	-0.336900	-0.391700	-0.101400	-0.619000	-0.705900	-0.028000
161	-2.779000	0.636300	0.307000	1.267400	0.959100	2.070500	0.163900	0.800700	-1.540000	0.279300	0.158000	-1.196600	0.382800	0.065500	0.000000	-0.795600	0.245200	0.120000	-0.413400	0.182400
162	1.294400	1.046100	-0.647400	0.600700	0.077900	1.104300	0.339600	0.789100	0.681700	0.677400	-1.167100	-0.078300	0.000000	0.007700	1.123700	1.335900	0.683500	0.767300	-0.058900	0.407000
163	3.233600	2.423200	0.000000	2.878800	2.660200	1.685800	2.040800	2.120000	2.217300	2.015600	0.307800	1.644200	3.297200	2.053600	3.662900	1.719300	3.858200	3.842600	2.706400	1.452400
164	0.224500	-0.196600	0.283000	1.516800	1.514400	3.716300	-0.880400	1.424800	0.265500	0.599100	0.170600	0.000000	0.499300	0.442400	0.912500	0.593500	0.556300	0.507900	0.243500	0.280500
165	0.000000	8.017900	22.103620	22.379140	31.138960	17.375840	33.320990	18.597940	12.072700	14.951800	19.991940	22.639900	21.722150	21.374660	24.762130	25.406554	67.851900	56.341600	32.780080	51.532700
166	0.693400	0.733700	-0.076300	0.204400	-0.166200	2.505500	0.047400	0.000000	0.477700	0.395700	-0.492600	-0.074700	0.206300	0.138800	0.898700	0.665800	-0.260100	-0.080200	-0.276000	0.755100
167	5.191600	4.411000	1.919500	3.522400	2.135500	3.826700	4.978800	4.643200	5.309100	3.675800	1.092200	4.156400	5.405300	4.557700	5.116800	4.710300	4.051500	0.000000	0.110200	4.024200
168	2.960400	2.033000	0.053900	0.893100	0.423500	6.148500	0.978800	1.859800	2.418900	1.592100	-0.051400	0.514500	1.331100	1.043400	1.919600	0.858800	0.139600	0.000000	-0.176000	1.357300
169	2.615800	2.105100	2.857800	3.083800	3.291600	0.000000	2.184100	1.530900	1.297800	2.589200	2.426600	2.298400	1.940400	2.517700	3.765700	3.020200	8.331500	4.591200	3.536700	8.833400
170	3.957700	2.869200	0.000000	1.359300	0.461300	11.846300	2.680800	3.394700	4.145300	2.977800	0.483700	3.369700	3.662500	2.027700	3.706500	3.110700	5.791000	3.483000	1.592100	4.028500
171	0.244000	-0.279000	-1.391100	-1.001000	-0.903700	-1.014700	-1.082000	0.000000	-0.037100	-0.611600	-1.548300	-1.452400	-0.720900	-0.918000	-0.465400	-0.363700	-0.990800	-1.246500	-1.026600	-0.215700
172	0.000000	3.767900	3.954900	5.012800	4.925400	6.377200	3.236600	5.250200	3.937100	3.832200	3.514000	3.775200	3.824300	3.460100	3.842800	3.836500	3.720400	3.858400	3.838200	3.978500
173	4.957300	3.400600	1.966500	3.370800	2.173800	10.636900	6.134500	3.382800	4.197700	3.591200	0.000000	1.859400	4.850400	2.903500	5.204200	4.700600	5.210400	5.057500	3.098100	29.569070
174	0.913000	0.871600	0.785100	1.903800	1.508500	-0.944000	1.441500	0.436900	0.000000	1.341100	0.775600	1.282300	-1.475200	0.883600	-2.695400	0.340400	1.459200	0.866000	0.717000	0.767100
175	0.499400	0.115300	0.009800	0.283800	-0.034900	-1.204500	-0.071400	0.320800	0.372300	0.521900	-0.043300	0.000000	-1.073400	-0.421000	-1.219800	0.088800	0.120500	-0.293600	-0.360900	0.456000
176	0.380600	0.000000	-0.275600	0.662200	0.038700	0.250900	0.133600	-0.003900	0.296100	0.906600	-0.076200	0.135400	-1.600700	-0.236500	-0.642500	0.493300	-0.063700	0.084900	-0.045900	0.395300
177	1.571400	0.256300	-1.211800	0.237000	-0.329400	-0.695400	-0.059600	0.000000	0.153400	0.614500	-1.256900	-0.257000	-1.062900	-0.546900	-0.527000	0.572200	-0.652100	-0.423700	-0.767300	0.407100
178	1.715900	0.232700	-1.165400	0.134900	0.844200	3.852800	-0.321600	0.703400	0.997900	0.847000	-0.901500	-0.682200	1.642300	0.000000	2.688300	1.789900	4.130700	1.511700	1.292500	2.721400
179	1.129500	0.399100	-0.256000	0.664800	-0.107000	3.278600	0.180700	0.696200	0.475300	0.866400	-0.388700	-0.087900	0.356100	0.000000	1.432600	0.445000	0.436800	0.489500	0.446400	0.854700
180	1.189400	0.125700	0.001200	0.671800	0.100000	3.467900	-0.006400	0.354300	0.245900	0.983700	-0.495100	0.154600	0.208500	0.000000	0.886200	0.207600	0.087500	-0.119200	0.110500	0.414200
181	4.389900	2.433600	0.000000	2.855400	2.427100	5.324300	2.307800	3.797600	3.235300	2.912100	-0.124600	1.421300	3.345800	2.335200	4.411700	2.328100	1.738100	0.220300	0.649900	1.456100
182	2.360900	1.252200	0.924700	0.747100	0.000000	6.369500	1.655700	1.247000	1.503400	1.319900	-0.046200	0.973200	2.266800	1.624700	3.605400	1.341700	2.438600	1.445100	2.455300	2.039900
183	0.251100	-0.532100	-0.972300	0.032800	-0.665700	3.154000	-0.641800	-0.206300	-0.303800	0.013600	-1.163700	-0.774800	-0.256200	-0.329800	0.000000	-0.617300	0.132600	-0.122400	-0.206700	0.333700
184	-0.204500	-0.308100	-0.952100	1.729500	2.316800	2.476800	0.021200	1.900500	-0.472100	-0.019300	-1.320600	-0.310400	-0.064500	-0.250400	0.000000	-0.310300	0.180300	-0.746600	-0.917300	0.329800
185	-2.756300	-0.437200	-1.254100	1.180800	1.664300	4.040100	-1.634900	0.826000	-0.587100	-0.806000	-1.477400	-2.253000	0.208800	-0.845700	-0.623500	-2.409900	-1.192400	-1.333000	-1.589400	0.000000
186	1.741600	1.128900	-0.059000	0.729800	0.520600	5.093800	1.621400	1.514100	2.436200	2.047400	0.207000	0.534900	2.903600	1.472100	3.424900	1.998400	0.974000	0.386600	0.000000	1.596200
187	5.267900	3.697400	0.000000	3.398800	6.262000	6.370800	5.404000	4.412100	4.443000	2.874000	0.345400	3.335200	4.283300	3.402100	4.507800	3.529500	17.578680	13.361900	11.768400	4.388600
188	4.935700	3.760300	8.336600	5.806500	8.203600	2.434600	9.543300	4.553800	4.905500	3.860000	5.115000	3.194000	5.503900	4.239900	6.603000	3.987200	7.661200	1.533700	0.000000	2.952200
189	0.851100	0.754300	0.033800	1.390500	1.085000	-0.210000	-1.079700	1.356000	0.512400	0.773100	-0.206300	0.000000	0.590100	0.191800	0.474000	0.574200	0.818800	-0.287800	0.177800	0.961200
190	2.340700	1.839600	1.482900	0.975700	0.911900	1.264100	1.312100	1.304800	2.234900	1.384500	1.190500	1.364000	0.000000	0.781600	1.212900	1.867500	1.820600	0.888100	1.289700	1.938100
191	0.000000	3.565300	1.928000	4.521600	4.253000	6.910300	2.934500	4.409200	3.607100	3.582000	2.758600	3.125500	3.554400	1.580700	3.629400	1.940400	3.115400	2.848300	2.960900	3.621100
192	5.047700	4.893400	3.599300	4.263500	3.391800	4.196000	4.442400	4.126000	4.671200	3.826800	3.179500	4.305800	0.547700	3.845100	0.000000	2.885000	4.059800	4.304900	4.524300	4.965400
193	1.946200	1.094700	0.757900	0.910600	0.392700	-0.485200	0.000000	0.791300	1.563000	1.403800	0.206500	0.362600	0.477300	0.111700	1.466200	0.910100	1.109100	1.089000	1.131000	1.069500
194	2.208400	1.376300	0.173400	1.202300	0.495200	0.691200	1.224100	1.355500	1.590300	1.949000	0.470900	1.347700	2.381900	1.403300	3.142200	1.155000	1.083200	0.785300	0.000000	2.046800
195	3.297200	2.158500	0.000000	2.260300	1.907400	2.012100	1.363500	1.818000	2.294100	2.642600	0.317300	1.703600	5.129100	2.714700	5.319300	3.178300	4.726100	1.948900	1.452900	2.359100
196	0.931100	0.101200	-0.533000	0.266400	-0.367600	4.592900	0.028000	0.716500	0.529600	0.837700	-0.354700	-0.172100	0.082100	0.000000	0.691400	0.322100	-0.545900	-0.185100	-0.371900	0.587800
197	0.131500	-0.674000	0.641800	1.298500	1.311000	0.925200	-0.315900	0.000000	0.041800	-0.309600	-0.841100	-1.017600	1.769200	0.856300	1.714300	0.508000	3.088800	0.692900	0.245100	0.845200
198	0.982700	0.000000	2.247300	2.121200	2.222100	5.699600	11.509600	1.222100	0.059400	2.032400	3.162600	8.909300	4.766900	1.884900	4.024800	2.065600	37.884300	23.300000	18.259650	20.693980
199	0.113200	1.341200	1.218900	3.072900	2.919100	6.800000	2.119600	3.188500	1.444000	1.033300	1.281800	0.779900	1.512000	1.212100	0.760500	0.000000	2.273700	1.215600	1.007600	1.654800
200	1.166200	0.000000	8.417600	4.743300	5.730200	7.640800	11.112900	2.687400	0.690800	1.713600	7.045000	11.260200	6.095800	4.952900	7.572200	8.505300	25.983028	25.813689	23.266080	33.673240
201	1.105400	0.371600	-2.089300	-0.835700	-0.461500	2.501700	0.089200	0.526900	1.406200	0.000000	-1.889700	0.502600	0.614300	-0.093300	1.592900	-0.063000	1.572800	-1.564600	-2.438200	0.270100
202	0.956100	0.336300	0.105900	-0.017500	0.103000	-0.652200	0.000000	0.193100	0.199500	0.294800	-0.002800	-0.044700	-0.009500	0.645500	-0.353600	0.733200	0.766200	0.583500	0.376700	1.391200
203	-0.384600	1.967400	0.786000	3.397800	2.344800	4.393200	1.340800	2.514400	2.046400	1.386200	0.645600	0.959100	0.895400	1.180400	0.918400	0.839000	0.399000	0.000000	-0.178700	0.873300
204	4.788300	4.052700	2.399000	4.229900	3.406600	3.869700	4.243200	4.330000	4.486800	4.017200	1.830800	3.854000	4.434400	3.708500	4.390300	4.285900	0.000000	2.673000	1.550100	2.808600
205	1.348000	2.753600	4.446500	4.126300	5.856200	0.000000	2.666900	5.408600	4.176200	2.915900	2.579100	3.177200	3.444900	3.319200	3.892000	3.319400	5.523000	3.643500	3.713400	7.451600
206	1.341500	0.519300	0.111400	-0.202400	-0.286600	2.632300	0.832900	0.000000	1.187200	0.821200	0.157600	0.554300	0.484200	0.985300	1.061000	0.858300	0.688000	0.471400	0.423100	1.007500
207	0.000000	8.746400	27.839170	23.109590	30.583990	15.661300	27.766660	20.943240	15.108700	13.195500	23.592750	28.090300	26.708614	27.371990	25.308541	24.388100	54.003200	51.448300	47.265800	52.074800
208	3.968900	2.526100	2.576600	2.030100	2.591800	7.357700	0.000000	1.910000	3.200100	1.942400	0.531400	1.988200	5.916600	3.521400	5.724200	3.372000	10.666600	4.279300	3.849700	5.072900
209	0.000000	8.111400	5.983600	13.591900	12.831300	11.100300	10.271900	14.130500	10.416200	8.767300	5.305200	9.657600	11.404300	8.709700	11.628400	9.440100	18.043370	13.662900	11.953700	67.994000
210	4.896100	3.179800	0.168900	0.896600	0.000000	4.539400	7.315400	2.870200	4.011400	2.803800	0.085700	3.958100	5.182700	3.616800	4.662700	3.898800	12.225900	10.164300	7.996500	11.617900
211	5.083100	3.445800	1.293300	1.965700	1.811000	5.983400	4.448000	3.818600	4.575300	3.115100	0.433600	2.389500	5.218800	4.073900	5.512100	4.212000	4.236800	0.642400	0.000000	3.541300
212	0.772200	0.209300	-0.976300	1.249100	5.676000	1.940300	0.626600	0.167400	0.008000	0.004300	-2.015600	0.593700	2.194500	1.360500	2.477600	0.540200	0.411000	-1.629700	-1.835000	0.000000
213	0.860400	0.588300	2.945200	1.356200	1.623000	-0.562700	2.417600	1.095700	0.487500	0.926200	1.353900	2.707600	0.464100	2.277500	-0.610600	0.000000	3.517000	1.704300	1.448900	3.276600
214	0.271700	0.013500	0.015500	0.194100	0.116600	-1.291100	-0.059200	0.176200	0.217600	0.339400	-0.123700	-0.029900	-0.122800	-0.090300	0.000000	0.272200	-0.226200	-0.006800	-0.061200	0.282700
215	0.548500	0.000000	-0.291600	0.877600	0.102000	-0.251700	0.153900	0.583800	0.277500	0.437100	-0.175300	-0.142100	-0.146200	0.121800	0.284700	0.511700	-0.130000	-0.131600	-0.361800	0.527300
216	-1.272300	0.816100	-0.443200	3.110900	2.764700	4.057300	-0.602400	3.322000	0.544200	-0.428700	-0.882200	0.000000	1.470400	0.923000	1.674100	0.005400	3.478200	3.200100	3.044400	1.949100
217	0.544700	-0.058800	-1.143800	0.532500	0.452700	4.240300	-0.158700	0.000000	-0.213800	-0.121700	-0.520000	-0.602600	-0.347800	0.055900	0.517800	-0.226900	0.001600	-0.532600	-0.690900	-0.646800
218	6.047500	4.460700	1.160200	2.737400	3.625400	10.389300	5.541100	3.359800	5.190400	3.976800	1.754600	4.724300	5.442900	4.577200	5.262700	4.089100	2.703800	0.913700	0.000000	3.295900
219	4.396300	2.906600	0.000000	2.340100	3.135400	6.156900	9.065300	2.619500	3.069100	2.371000	0.633000	5.885800	3.760900	3.607000	5.492900	4.832700	20.516010	21.886820	10.772600	19.344950
220	6.442000	3.870600	-1.141100	0.000000	0.508000	6.518400	5.776200	2.330100	4.525800	2.774000	-0.209900	4.723700	4.509300	3.028300	4.201200	2.958900	13.866300	11.610000	9.138000	21.159900
221	5.086600	3.441700	0.854800	3.858800	3.146000	3.736000	3.709500	5.395000	4.623600	3.283200	0.891600	3.073500	4.274200	3.695600	4.578300	4.127700	0.000000	5.274100	2.902300	2.213400
222	4.856800	3.293900	-0.876000	0.000000	-0.157200	7.111200	7.209700	2.560100	4.256300	2.453600	0.366100	3.701100	4.544000	3.454800	4.906200	2.863000	12.967700	10.141400	6.084000	4.406100
223	1.032800	1.765500	0.721000	5.570200	5.420100	11.328600	6.743600	8.583700	3.002400	0.934400	-1.464000	3.765100	3.338000	2.166400	3.010500	0.000000	20.876110	21.541840	11.319200	9.957800
224	0.216600	0.584600	0.588200	0.512400	0.462000	-0.967200	0.999900	0.611200	0.608500	0.380300	-1.023500	1.003000	0.000000	0.939800	1.007500	0.832000	1.142800	-2.028400	-3.375900	0.671900
225	2.798300	1.668400	-0.016500	1.113000	0.796100	5.617800	1.660300	2.197300	3.035500	2.049900	0.584300	1.398500	0.000000	0.454100	4.280300	3.534000	5.479000	4.432000	2.710300	4.061000
226	3.371300	2.604500	0.153400	1.246800	1.338000	4.047000	13.968300	1.420500	2.553800	1.848900	2.073600	6.895300	-0.030100	2.433300	0.000000	1.916700	12.772700	9.607500	6.366500	4.159600
227	2.236000	0.747700	2.102900	-0.627300	-0.559500	-1.661000	5.212700	0.919500	1.416400	0.732200	0.527300	2.319400	0.590400	2.095700	1.390700	1.985500	16.365200	4.905400	3.054600	0.000000
228	5.245700	3.919100	0.000000	1.676700	0.318300	7.871500	3.337300	3.039800	4.318100	3.017700	-1.027800	3.296600	4.151600	3.033700	5.662500	3.230200	9.163900	11.074800	6.656500	6.163500
229	4.282000	2.888400	0.324700	0.449600	-0.108600	3.485800	0.000000	2.294400	3.679500	2.117200	1.033100	1.853000	2.840500	2.513500	3.299900	1.938300	4.817300	0.454700	0.700000	2.408500
230	6.258900	4.789600	0.251100	1.421200	0.000000	3.959800	5.323100	3.836400	5.709100	3.662200	0.069200	4.373500	4.810300	4.202300	5.184600	4.480500	6.744900	2.263900	-0.223900	3.063900
231	5.297100	3.672600	-0.199100	0.680000	0.000000	8.955400	4.150900	3.051700	4.710600	2.901700	0.509200	3.521600	3.243400	3.081400	4.138100	4.060700	4.893900	4.130800	4.466300	4.228200
232	3.026800	0.814000	5.881300	1.200500	2.632600	5.621000	7.949800	2.253600	0.000000	2.248700	3.789900	6.743200	5.641100	7.903200	5.662300	6.503700	23.793240	23.745080	20.955410	27.668262
233	2.217600	1.679200	0.010900	1.564700	1.319800	4.112800	2.295600	0.747300	1.339200	1.321800	0.000000	2.412800	2.256500	2.168800	2.686100	2.625100	6.310000	3.773800	3.810000	4.595200
234	1.279100	1.754800	1.421500	2.023300	1.994200	6.202100	0.271000	2.034400	0.885900	1.498900	0.451600	1.080300	1.122600	0.000000	0.980900	1.576100	1.173000	1.037300	0.797400	1.654500
235	0.506800	0.445400	0.115200	0.472300	0.577700	-0.763100	-0.566900	0.082100	0.201300	0.217200	-0.216100	0.000000	-0.266100	-0.092200	0.321800	-0.099600	0.123400	0.040200	-0.175400	0.198400
236	0.000000	2.799800	3.187100	4.300700	3.991000	6.480900	2.865100	4.159100	2.994600	3.201600	3.097700	2.592200	2.905800	2.896400	2.042200	2.634200	3.119900	2.451500	2.632600	3.011800
237	0.000000	-1.208000	12.996000	4.675300	5.787000	-1.488100	8.584300	3.987400	1.143100	1.589900	3.113900	6.779200	6.328500	1.695200	5.084100	3.441500	29.665330	29.189430	27.815930	44.931300
238	4.421200	4.118500	3.613900	4.480400	3.832200	3.816100	4.528200	4.010700	4.056000	4.673700	3.445300	4.041700	3.082400	4.054700	0.000000	3.010100	3.888500	3.565000	3.445100	4.102800
239	4.691300	3.107200	0.000000	2.994900	2.215400	5.866100	9.959200	3.714600	3.633500	3.229000	0.756000	7.025300	4.389200	4.288400	4.529400	3.444900	12.602500	10.125700	5.250800	6.561400
240	1.537100	0.957500	0.084900	1.602800	1.687200	0.397000	-0.419000	2.425100	1.588100	1.638800	0.255200	0.000000	1.083000	0.670000	2.093700	1.406600	1.345400	0.186900	0.154500	1.726600
241	0.301600	-0.595200	-0.780600	-0.248800	-0.789300	1.470600	-0.402100	0.000000	0.188300	0.045900	-1.063700	-0.728600	-1.370000	-0.929300	-0.413800	-0.896400	-0.216000	-0.383700	-0.512800	-0.507900
242	3.862500	2.161100	4.081100	0.000000	1.547500	5.084300	6.577400	2.239500	3.204700	2.415900	2.652800	4.543500	3.459000	2.386600	3.802400	3.416100	15.260800	8.214400	6.333300	6.078500
243	6.774600	4.664500	1.130700	3.349800	2.865400	9.393900	5.019400	4.258000	5.633900	4.771800	0.936900	4.320500	5.530800	3.474400	5.836300	5.301100	4.586500	0.000000	-0.035000	3.862400
244	1.767100	0.525000	-0.494700	1.573200	0.672600	5.515500	0.281500	0.751600	0.680000	1.167700	-0.452200	0.000000	0.152900	0.388700	1.068000	1.207600	-0.531800	-0.291900	-0.159300	0.932100
245	2.897300	1.953700	0.281900	1.478200	0.741000	5.673800	0.000000	1.274500	2.268900	2.253200	0.388400	1.596500	2.982100	1.973400	3.287700	1.912800	0.753000	1.295900	0.975800	1.667400
246	5.517200	3.737000	0.000000	2.931500	2.987900	10.811900	9.969500	5.092700	5.648400	3.961300	0.294000	3.627500	4.253300	2.843900	5.040200	3.942900	13.058800	11.985100	4.388700	4.296000
247	3.460500	1.940600	1.006100	0.000000	2.454900	6.457500	1.503500	1.755300	2.843200	1.801300	0.850100	1.212500	2.543700	1.979100	4.021400	3.326300	1.693300	1.043300	0.527000	3.148900
248	0.372500	-0.584900	-1.482700	-0.586100	-1.124700	3.511200	-0.907500	0.000000	-0.105100	0.123300	-1.880600	-1.312400	-0.582400	-1.104300	-0.129000	-0.435900	-1.339400	-1.072900	-1.249900	-0.322400
249	1.832000	0.000000	5.704800	3.114000	2.320200	3.800300	15.032700	1.467700	0.847100	3.083900	3.847800	9.749700	5.721800	5.185300	9.109500	7.155100	16.183300	14.364500	11.531000	15.766000
250	3.461000	1.852200	-0.841100	0.000000	-0.320300	4.988200	6.527600	1.652000	3.050500	1.961500	-0.668700	3.630300	2.221800	1.983900	3.101000	1.713200	9.370300	10.991800	3.338300	6.276900
251	0.837900	-0.011900	-0.791900	0.145800	-0.497700	2.563100	-0.481700	0.276800	0.053300	0.419300	-0.948000	-0.735600	-0.335500	-0.598100	0.000000	0.177000	0.109600	-0.322400	-1.434200	0.599100
252	1.531700	0.228800	-0.830100	-0.020800	-1.086100	2.697700	-0.549400	0.057800	0.387100	0.867000	-1.277400	-0.693900	0.524400	0.193200	1.931400	0.000000	-0.870000	-0.320200	-0.372600	-0.311500
253	5.305500	3.436900	-1.057500	1.570100	0.000000	5.627600	8.039300	2.489900	3.931200	3.110600	-0.805700	3.496800	4.114500	2.895400	5.099200	3.037700	4.943300	6.015700	0.837500	3.009100
254	2.766200	1.988700	0.843600	2.384500	1.676500	5.875900	1.784800	2.185700	2.116700	1.993700	-0.088000	1.607600	0.000000	-0.097400	2.432500	2.292400	1.806700	1.888200	1.806700	2.385400
255	0.647100	0.787500	0.534400	1.759600	1.486700	1.082800	-0.685700	0.690300	0.000000	0.522900	0.525000	0.048900	1.342300	0.599800	1.782500	0.316800	0.852000	0.662300	0.394700	-0.354600
256	3.692700	1.808900	0.356700	1.415300	0.721800	5.608500	0.708000	1.418600	1.945500	3.058500	1.127900	0.000000	2.059800	1.100600	2.469700	1.389000	1.606500	1.297200	0.963600	0.963600
257	5.727000	4.088000	0.000000	1.187900	-0.271200	8.470100	2.861000	2.861500	4.483200	3.385600	-0.760300	2.523300	4.611800	3.273200	4.194000	3.467400	6.736400	3.834100	3.483600	4.591700
258	1.795900	1.348300	1.092700	0.946000	0.740500	0.000000	0.892600	1.101100	1.377100	0.891400	1.014200	0.866600	1.029900	0.996000	1.066800	1.148300	1.240300	1.228700	1.216400	1.502300
259	6.636900	5.702500	3.007900	3.541900	2.962600	4.808500	5.649700	5.229100	6.106000	4.783700	1.555100	3.742700	7.043400	5.706400	7.574800	6.109100	4.622100	2.016500	0.000000	4.605900
260	-0.067600	-0.688400	-2.221700	-1.625600	-2.586500	2.784700	-1.325400	-0.577300	0.000000	-0.672200	-2.813400	-1.606000	-0.314900	-0.848500	0.051100	-0.583700	-1.719000	-1.775000	-2.258700	-0.607600
261	1.536900	0.778800	-0.867900	0.366200	-0.738100	2.659800	-0.466600	0.275300	1.068700	-0.209600	-0.679200	-0.575300	0.531600	-0.699700	1.505200	0.298900	-0.746700	-0.032700	-0.651900	0.000000
262	2.943100	2.113300	0.685600	1.780000	2.492100	4.494500	1.645900	2.520600	2.023500	1.602000	0.538300	1.412800	1.360600	1.552100	0.000000	1.319300	6.329800	8.205500	7.034800	0.838100
263	0.361100	-0.019600	-0.418700	0.175700	-0.413100	-1.089100	0.136400	-0.013000	0.138200	0.312000	-0.172500	-0.115100	-0.242000	0.161700	0.000000	0.284800	0.334400	0.201400	0.097700	0.452000
264	3.938300	3.240500	2.849000	2.563300	2.479900	5.530800	0.000000	3.835800	4.093500	3.340000	2.973300	-0.010100	3.642600	2.039400	5.623300	4.539400	10.163300	7.507500	6.173200	15.879100
265	4.685400	3.759500	0.478100	4.911700	5.018500	3.937400	3.604500	5.072300	4.828400	3.400500	0.860800	3.703500	4.428600	3.180200	4.928100	3.956400	0.438700	0.137400	0.000000	3.237500
266	0.000000	8.031900	17.230370	20.636650	22.001420	17.805430	18.819690	19.813480	10.717000	10.901500	13.413100	17.023190	19.267950	17.508810	14.355100	14.063400	22.853040	19.741660	17.574160	22.586090
267	3.385500	2.098700	1.245200	1.117700	1.106300	1.283300	3.490700	2.157200	3.248300	2.398000	1.402600	3.849500	3.535000	3.618600	3.144500	2.443500	1.251700	-0.222700	0.000000	2.227000
268	3.338000	2.235800	0.000000	2.225100	1.493900	4.356100	0.859000	2.434000	3.215400	2.225900	0.048100	1.749400	2.309200	2.269200	2.544700	2.862900	3.394200	1.041600	-0.442700	3.308300
269	2.556900	1.583100	1.779900	0.988600	2.334900	4.131700	11.738800	0.000000	1.588900	1.599600	2.226100	8.735300	5.321200	3.289100	5.764700	1.180200	23.760330	22.296070	10.341900	33.664740
270	5.772200	4.333700	1.258400	3.850800	3.308100	5.934600	4.799300	3.148100	4.824800	4.362700	1.084300	4.331400	3.484100	3.537900	5.091400	4.338100	8.396400	1.901500	0.000000	3.203300
271	1.629400	0.755000	0.111900	1.828100	1.156000	0.860400	-0.687800	0.103800	-0.016800	0.000000	-0.983700	-0.398800	0.631900	0.202800	1.786000	1.302400	12.653000	12.419100	11.946900	3.614100
272	5.367200	3.393700	0.939400	4.270100	3.039000	0.000000	13.517400	6.312600	4.962800	3.287700	1.812300	7.545500	5.053400	4.827600	5.207200	4.275600	10.864200	7.643400	4.795300	4.522100
273	1.438900	-0.180900	-0.068300	-0.959100	-0.714100	2.354200	1.061400	0.000000	-0.129100	-0.195000	-0.580200	0.961900	-1.891600	0.519600	0.590700	-0.835500	8.553900	6.790800	6.573200	6.503500
274	2.443800	1.935800	1.461100	3.097300	3.879400	5.981600	4.495200	3.896800	1.319300	2.583100	1.885300	2.758500	0.477300	1.979000	-1.578900	0.000000	2.414000	1.691100	1.604600	1.947700
275	4.400600	3.457600	0.000000	3.183900	4.206400	6.194300	6.451500	2.924400	3.842900	3.045400	2.108100	4.339800	2.764800	1.616700	3.956600	2.991400	20.173660	11.377200	14.206500	10.727100
276	0.000000	11.075300	32.701720	25.803044	30.504500	21.543540	38.495700	25.932233	17.238450	19.648370	29.903030	31.480650	31.263340	31.539360	33.582450	28.351360	98.076000	59.858400	47.637500	74.717600
277	2.087200	0.908800	5.491400	2.864700	3.886900	7.725300	7.097400	0.000000	-0.034400	0.515800	5.774000	6.510600	9.895000	8.091600	7.333000	4.157500	32.871770	37.524700	31.423300	41.536800
278	-1.729400	0.663600	2.051900	2.715700	4.619100	8.340200	16.190300	0.000000	-0.213300	-0.905300	3.991600	6.535700	6.193700	6.711600	4.506500	-0.650200	34.226830	26.122594	15.528500	16.670760
279	4.937000	3.335000	-0.497400	1.668000	1.833100	11.556800	8.906600	3.533500	3.947800	2.919500	0.000000	3.633800	3.763500	2.906600	4.512700	3.426600	19.749230	9.045100	4.701200	3.346200
280	1.096300	-0.261500	-0.527900	0.819800	2.347300	3.862200	0.000000	-1.755000	0.929800	-0.195400	-1.039000	0.569200	-3.933400	-0.586600	-3.704900	0.914300	4.955800	4.915600	4.660800	6.611100
281	1.530700	0.000000	3.655500	0.370600	1.900500	-1.358200	21.210940	2.521500	1.940000	-0.048100	3.573900	10.561300	8.038700	8.216300	3.396600	3.936100	22.341760	15.196600	11.777100	23.795310
282	0.926800	0.170700	0.401400	1.020200	1.908600	4.661100	6.626000	1.037600	0.000000	0.854200	1.222000	1.527500	1.437700	1.487900	1.067000	0.834600	10.141300	8.077300	6.049600	26.938180
283	5.055500	2.900900	5.152900	0.000000	1.359500	4.840400	18.214460	2.874300	3.554500	2.138600	5.226200	8.816400	9.965800	6.469600	6.454400	4.484300	33.829960	18.160550	18.418390	32.641120
284	0.045700	-1.033300	-3.684200	-2.253100	-2.808500	0.359000	-0.799200	-0.980500	-0.669600	-1.407500	-3.331500	-0.911200	-3.135400	-1.533500	-2.541100	-1.376700	5.941500	-1.221200	-1.360500	0.000000
285	5.566400	3.720500	2.377100	0.930900	0.000000	7.289700	5.430500	3.608800	4.680700	3.124900	-0.134000	3.826700	6.505000	4.696100	6.545000	4.648200	24.910750	20.301820	17.716890	20.289550
286	1.544000	0.708900	-1.081600	-0.631000	-1.261600	3.446000	-0.084500	0.484200	1.175300	0.362400	-0.780500	-0.593800	0.360000	0.000000	1.131700	-0.218100	-0.246400	-0.645000	-0.719700	0.204800
287	4.970500	3.532200	0.000000	1.216600	2.315500	2.176700	6.155100	3.217200	2.616000	3.039000	0.042100	4.946900	5.684800	2.493800	5.057700	3.552100	6.130900	8.098800	3.164400	35.197350
288	2.805400	2.379900	2.578000	2.765100	2.589100	0.000000	2.439700	2.749900	2.876800	2.845900	2.508200	2.219800	2.544200	2.358900	2.514500	3.040600	2.528500	2.354500	2.321000	3.032400
289	2.641400	1.748400	1.920900	2.945400	2.909700	5.835100	-1.155900	3.412700	2.941700	3.013400	1.870200	0.000000	3.800600	2.498500	4.886800	3.042800	3.437300	1.850400	1.719300	1.214600
290	4.845200	3.186800	0.000000	1.808900	0.637300	7.385200	1.584600	2.192300	3.198600	3.205100	-0.525400	2.228100	5.020900	2.319100	5.922400	2.790000	3.373400	5.439300	2.035600	4.585800
291	0.778300	0.000000	0.044200	1.636900	1.333700	6.723900	0.578800	0.849900	0.458300	-0.347600	-0.593900	-0.071200	0.118000	-0.126500	1.267200	3.126500	5.242700	3.331900	7.015000	7.332900
292	0.552900	0.752400	0.547600	1.480800	1.564600	4.739700	0.114000	0.879900	0.740200	1.460000	0.597100	0.000000	1.118300	0.462100	2.045100	0.938400	0.808400	0.538000	0.575900	0.794300
293	2.073900	1.020700	-0.014400	0.606700	0.359000	1.079100	-0.320500	0.753200	0.975400	0.442800	-0.249800	-0.069800	-0.252800	0.537300	0.000000	0.682300	0.134600	-0.159300	-0.291200	0.704400
294	0.951700	0.879000	-0.385600	0.819700	0.025300	-0.984000	0.000000	0.548300	0.539900	1.696900	-0.406600	0.791200	0.306800	0.595100	0.877200	-0.603000	1.570500	0.858900	0.825900	1.866900
295	0.300200	-0.049100	0.247500	0.695200	0.340500	-1.522000	-0.372300	0.457500	0.185400	0.578100	0.063300	0.000000	0.101400	-0.181900	0.422100	-0.485900	0.589000	0.507700	0.503400	0.062800
296	0.484800	-0.369200	-0.954700	0.000000	-0.554200	0.792200	-0.559900	0.275700	-0.003400	0.137500	-1.003500	-0.717300	-0.336000	-0.412500	0.101300	0.231800	-0.852400	-0.830900	-0.922300	0.022100
297	5.033400	3.883200	0.000000	4.141900	3.409900	7.916500	5.396000	2.945100	4.501500	3.883800	0.012200	3.657600	4.100500	2.803200	5.679900	4.481700	8.966900	4.770800	1.704800	2.773600
298	1.533400	0.496700	-1.153700	0.115600	-0.344200	2.733600	0.252500	0.095500	1.009000	0.769800	-1.001400	0.008700	0.000000	-0.060600	1.343300	0.935200	0.486300	-1.175400	-0.375100	1.299500
299	0.673500	-0.536100	-1.239800	0.274700	-0.170500	4.286700	-0.500800	-0.017000	-0.155500	0.008300	-1.351600	-0.717500	-0.447300	-0.560700	0.000000	-0.709000	-0.942900	-0.628700	-0.578900	-0.193000
300	3.295500	1.615000	-0.122000	1.027200	0.000000	5.740800	1.195100	0.699600	2.046700	2.187300	-0.485900	0.942300	2.380600	1.748900	3.349400	1.869500	1.957600	0.455000	0.147000	1.878200
301	2.038300	0.000000	-0.037100	1.773900	1.599500	4.530500	3.715100	2.178700	0.820300	0.623600	1.501000	4.328100	4.866500	3.810500	4.171500	2.835900	27.536710	14.253100	14.118300	12.852600
302	0.136200	0.105500	-0.151100	1.304600	1.161800	2.996100	-0.234100	0.423700	0.000000	0.366800	-0.496900	-0.078300	0.861900	0.099900	1.382600	0.203800	-0.521900	-0.753400	-0.134100	0.130900
303	1.155000	0.569400	0.536500	1.232400	0.722300	1.459500	-0.275200	0.203100	0.019300	0.802000	-0.076900	0.000000	1.025900	0.341700	1.285300	0.600500	0.324800	0.667600	0.595200	-0.003400
304	3.554500	2.854900	0.502400	2.970300	3.748600	5.311600	3.203700	2.529400	2.877800	2.540400	1.121600	2.644300	4.470600	3.314000	4.876600	2.379800	2.828500	0.976500	0.000000	1.527900
305	-1.147800	1.313000	1.148100	3.251000	3.829600	4.846600	0.190300	2.473300	1.129600	1.374100	1.190800	0.693200	1.613500	1.086400	1.694200	0.000000	1.276300	0.915700	0.804200	0.724100
306	4.121000	3.218100	0.000000	3.504000	2.923100	9.386200	12.258000	3.041800	4.085600	2.802400	0.561000	4.620900	5.511400	3.244800	5.745500	3.576400	30.937220	17.511110	10.447000	8.789900
307	2.544900	1.736200	0.493200	0.534800	0.396100	5.469900	0.840200	1.345800	2.179900	1.287000	0.759200	0.838100	-1.962100	0.000000	1.010100	1.102800	0.537000	0.890400	0.723600	1.162600
308	3.724500	2.447900	-1.366400	0.000000	-1.258800	2.285100	3.268400	1.125000	3.369700	1.445000	-0.370000	1.882700	2.905800	2.431300	4.453700	2.508700	4.870600	5.996600	6.611000	7.168800
309	0.378200	-0.313500	-0.922700	2.606400	3.968800	3.604300	0.000000	2.838600	-0.864300	0.203400	-0.940100	0.522100	2.209800	0.698100	2.347400	-0.482500	-0.045600	-0.561800	-1.133300	0.786700
310	0.000000	8.588500	34.777530	28.583110	35.855270	13.476500	29.124770	24.081970	16.069300	17.848210	25.565640	26.733335	27.218434	26.878284	30.136310	29.961770	51.270000	47.940700	49.203900	50.812200
311	2.709700	1.757400	0.733100	0.796100	0.682100	3.994600	1.754100	0.000000	0.718200	1.615400	0.599600	0.922100	1.716700	1.473500	3.561800	2.920000	3.038100	0.755900	2.434200	1.514400
312	1.347600	1.159400	0.226900	1.759000	1.023100	1.305300	0.000000	1.764000	1.306000	1.419600	0.419300	-0.622100	1.492800	0.933100	1.737000	1.078200	0.436000	-1.110900	0.147400	1.336900
313	0.000000	2.930700	3.113100	5.218000	4.941500	4.226200	2.388500	5.147400	3.401200	3.329500	2.766700	3.649600	2.181400	2.794700	2.730000	3.367600	2.979800	3.445000	3.069600	3.929000
314	0.808400	0.307300	0.156900	1.142300	0.570800	-0.996500	1.414000	1.672400	1.189000	0.809600	0.291500	1.261300	0.000000	1.500900	-0.244100	0.984600	0.630800	0.568900	0.696700	1.112200
315	-0.874600	0.613700	0.394000	1.192800	2.031300	5.887100	0.141600	1.564500	0.567300	0.194700	-0.903900	-0.177100	0.869200	0.362900	0.422000	-0.094300	-1.406900	-1.348900	-1.678500	0.000000
316	0.814100	0.534200	0.093200	0.364900	0.578000	5.490600	-0.169500	0.000000	0.423500	0.605000	0.055800	-0.177100	1.311900	0.048100	1.044700	0.122800	0.384300	-0.186800	-0.577000	0.922500
317	0.269700	0.474800	0.633800	1.113700	0.974200	0.093000	0.546600	0.977400	0.445500	0.530600	0.794300	0.431500	0.000000	0.203200	0.311900	0.683600	0.797200	0.609200	0.618100	0.767900
318	-0.197700	-1.038700	0.875400	0.852600	1.884800	-2.063200	0.660400	0.930500	0.000000	-0.538300	-0.169000	0.661100	-0.012400	0.654600	0.051600	0.282400	-0.332500	-0.568200	-0.764300	0.259200
319	0.375300	0.035000	-0.759800	-0.403800	-1.003800	4.671300	-0.391900	-0.292900	0.013000	-0.092400	-1.016400	-0.511700	0.000000	-0.184700	0.098900	-0.079700	-0.791600	-0.445600	-1.063600	-0.118800
320	0.000000	1.612300	1.385000	2.468200	3.518600	5.685700	1.076000	2.085900	1.239200	1.588500	1.333200	1.013900	1.475800	1.142600	1.336200	0.945100	1.554000	1.286500	1.315200	1.536800
321	0.000000	2.810500	1.091300	4.246500	3.974600	4.996800	2.003700	3.317500	2.922500	2.284000	1.731400	1.961500	2.306700	2.156800	2.356900	2.108700	1.569200	2.040700	2.018200	2.407500
322	3.470100	2.115300	0.485900	0.000000	-0.320100	5.930900	1.167100	1.598100	3.106400	1.451100	-0.103100	0.969400	2.169900	1.892000	3.109400	2.397300	1.060700	0.567900	0.298300	2.048800
323	4.017300	2.753600	0.759100	0.739100	0.983200	6.107300	3.746200	2.549600	2.622300	2.376900	0.458600	2.480900	1.832500	3.359300	3.140200	2.618400	0.580700	0.000000	-0.198000	1.837700
324	4.002200	3.137000	4.100200	2.721300	4.065700	4.988600	7.883800	2.569500	3.910900	3.055100	4.049200	5.343700	3.055400	3.683300	0.000000	2.298700	5.050000	6.841500	4.176400	8.732000
325	6.616500	4.851600	-0.065500	1.270000	0.000000	8.719800	5.173100	3.773800	5.862600	3.905000	-0.095300	4.149300	5.507200	3.182800	6.514900	4.716000	7.944100	7.854500	3.759800	2.765200
326	-0.779900	-1.129800	1.677600	4.465700	6.573200	1.649800	17.524760	3.577700	0.000000	-1.558900	0.679800	11.505200	0.808100	4.294900	1.221700	0.562700	18.779110	11.611300	9.468600	3.408000
327	1.656400	0.378200	2.237000	-1.215200	0.364000	0.398800	14.824500	-1.046900	0.525800	-0.020300	3.158400	7.719400	4.558300	2.935500	-0.298800	0.000000	18.468540	7.562000	6.131800	36.692540
328	2.073500	1.050600	-0.711300	0.812800	0.384900	6.622700	-0.084800	1.644600	1.190500	1.092600	-0.369700	0.000000	0.794200	0.318400	1.421900	0.937800	4.664500	7.019900	6.305400	7.701300
329	2.522200	1.294000	0.119500	0.118900	-0.160300	0.272900	0.000000	1.108000	1.674600	1.292700	0.608300	0.687800	2.589600	0.983000	2.738800	2.027300	3.825300	2.378500	1.748700	2.447500
330	-1.556000	-2.098200	-1.172700	-0.433600	1.866000	2.970900	0.000000	-1.184200	-1.955200	-2.281400	-3.662400	-1.443500	-0.719600	-1.135400	0.711300	0.870600	8.056800	2.410900	1.672700	1.484700
331	5.389200	3.927700	0.000000	2.897600	3.479800	12.045800	13.737600	4.161000	5.150600	2.154600	1.081300	6.139500	4.944700	4.739000	5.132700	3.393300	16.826520	20.783180	12.693300	7.401700
332	0.000000	4.941300	7.400600	8.053800	8.304900	16.224300	6.390600	7.812000	5.778400	4.359600	5.818300	6.028100	7.339500	6.290000	7.546100	5.612100	6.849800	6.369300	6.092000	7.012100
333	2.394000	1.571700	0.000000	1.719800	1.111600	5.569800	3.363100	3.778700	0.944700	1.718900	0.745700	3.557600	3.687800	1.548900	2.892000	2.547600	5.107600	2.653700	4.031900	5.298300
334	1.329000	1.334200	0.332400	1.777300	1.899600	0.824000	1.577500	0.000000	0.026800	1.898700	0.766700	0.880000	2.190100	1.953700	1.727200	1.091700	2.601900	0.811300	0.403600	1.664200
335	3.262000	1.430400	-0.793600	2.292800	2.673100	-1.045600	5.426600	3.988800	3.010400	1.878800	-1.149700	3.180300	0.000000	0.837800	0.741900	1.259200	2.802300	1.227800	-0.473800	0.641700
336	4.628300	3.296500	2.287000	4.544100	3.859600	9.513800	3.692600	5.243700	4.379800	4.153900	1.627500	3.349400	3.360300	3.536200	4.434000	3.967000	2.343300	0.000000	1.597800	3.260700
337	1.775800	0.455800	-0.407800	0.145900	-0.410400	2.168400	0.361500	0.469000	0.945600	0.946900	-0.471100	-0.057900	-0.328200	0.000000	0.375500	0.476200	0.343400	-0.056400	-0.209200	0.560500
338	1.661900	0.000000	3.940200	0.353100	3.369100	5.519600	18.795910	1.658000	1.514900	0.673400	5.506300	10.568200	6.271900	7.345800	6.124600	4.461200	28.815920	25.521456	17.525630	12.002600
339	4.459000	2.343600	3.258300	0.000000	-0.553100	8.349200	15.132900	2.559200	3.196100	2.060600	4.005200	6.595400	4.788900	4.402600	3.676200	3.512800	18.411770	16.458100	11.465600	19.080840
340	2.523500	0.960100	-0.013800	1.282400	0.474700	9.281100	0.000000	1.535100	1.430100	0.698100	-0.287500	0.482300	1.443600	0.915100	2.666800	1.060800	0.074400	0.121900	0.299500	2.067800
341	1.495800	0.658100	0.011600	0.691800	0.066200	3.592100	1.430000	1.243000	0.762300	1.156100	0.055200	0.968800	0.000000	0.653800	0.593300	0.156100	2.166500	1.223700	1.009200	0.970700
342	4.579900	2.867900	0.934200	2.890500	2.474300	5.046600	5.366900	2.257100	3.582400	3.318800	0.000000	5.055000	4.668300	3.724500	5.308900	3.726800	9.237600	9.446300	4.215200	5.164300
343	2.088500	0.512100	-1.736300	0.185800	2.346700	5.615800	0.390100	2.415900	2.609000	1.137500	-1.319800	-0.110300	1.025000	0.000000	3.558500	0.783400	2.547600	0.946600	0.447500	8.436000
344	1.229600	0.663000	0.379400	0.947400	0.516700	5.613100	0.896800	0.786600	1.432000	1.400200	0.258200	0.522100	0.704400	0.480600	0.000000	-0.282600	1.161400	1.182200	1.014500	1.455100
345	0.000000	1.319800	17.568820	8.347700	11.818200	4.946600	16.014070	6.172000	4.458700	6.046800	15.568600	17.670670	20.353290	13.863800	11.713700	10.633400	22.843120	26.276177	24.365720	38.651300
346	5.191600	3.053300	-0.218200	0.967600	0.000000	6.082400	7.167500	2.815800	4.645500	3.192800	0.261900	4.782200	5.412400	3.965800	5.862600	3.242700	23.362050	12.864100	9.999000	11.696200
347	2.431600	1.450900	0.000000	1.845000	1.024400	4.915200	0.921200	1.487800	1.636500	1.791600	0.012600	0.936500	1.458800	1.189700	2.364100	1.715600	1.152300	1.365400	1.268000	1.899400
348	1.566700	0.191800	-1.009800	0.213400	-0.348200	2.334800	-0.410000	0.479800	1.271000	0.737900	-1.129400	-0.390800	0.000000	-0.279800	0.763300	-0.499600	-0.204200	-0.108400	-0.613200	-0.097900
349	5.826700	4.000300	0.273000	4.222900	2.564300	7.296200	3.721100	4.380900	4.667000	3.959900	0.000000	2.553100	5.537400	3.955700	6.548800	3.602200	11.687500	12.217600	6.173900	20.541520
350	3.977100	2.500600	0.890900	1.001500	0.000000	6.451200	1.466900	1.779000	2.911600	2.559600	0.533700	0.234800	4.234600	2.098700	6.052900	2.692200	4.505000	4.261200	10.315000	11.507000
351	1.219000	0.379800	0.016200	0.404100	-0.133000	3.125200	-0.495500	0.915800	0.968000	0.929400	-0.440000	0.000000	0.480800	-0.005900	0.989300	0.388300	-0.035900	-0.279000	-0.372300	0.451800
352	3.460800	2.181500	0.751600	1.634700	0.410900	5.239900	1.625900	2.573700	3.024800	2.592100	0.000000	1.277500	2.219700	1.371400	2.997700	2.303300	1.078000	1.158000	0.955900	2.146800
353	4.777200	2.436700	2.061800	2.542500	3.360200	7.234800	4.422100	2.615200	3.446000	2.947600	1.460100	3.976600	0.000000	3.019900	2.664000	3.115400	13.189200	9.459300	8.702100	4.564000
354	1.826300	0.988900	-0.196300	1.068600	0.421500	4.762300	0.017400	1.044500	0.907300	1.064400	-0.313000	0.000000	1.013300	0.655100	1.994800	1.131200	1.015200	1.523500	0.847300	1.370200
355	0.430500	0.000000	-0.586000	0.293300	-0.340700	1.605300	-1.056100	0.431800	-0.715500	-0.516800	-0.765000	-0.745600	-0.017200	-0.533200	0.622900	-0.280100	-0.649200	-0.680400	-0.788100	-0.701800
356	0.722500	0.000000	-0.453300	2.964000	0.928600	5.899300	0.333000	2.259300	0.931000	0.875200	0.533000	-0.218900	0.852800	1.365100	2.490900	1.144600	0.006600	0.125900	-1.160700	0.912900
357	-0.268600	0.000000	0.584600	0.692000	0.782200	-0.010900	0.021000	0.431500	0.334200	0.269800	0.338400	-0.119100	0.329900	0.229600	0.577900	0.401300	0.216100	0.335100	0.352800	0.375800