SITE	GLY	ALA	LEU	VAL	ILE	PRO	ARG	THR	SER	CYS	MET	LYS	GLU	GLN	ASP	ASN	TRP	TYR	PHE	HIS
1	0.206400	0.000000	2.474140	2.125300	2.276420	7.137020	1.725450	0.687200	0.201500	1.822760	1.142810	1.172750	1.231800	1.735780	2.117810	1.318890	3.791320	2.306190	1.280040	3.968910
2	1.519630	1.185600	0.000000	0.736160	-0.136200	1.384310	1.006130	0.614510	1.161080	1.464490	-0.515400	0.716550	0.842390	0.513900	0.221400	0.979470	0.055000	1.178360	0.588900	1.397380
3	0.995340	0.460700	0.269700	0.674260	0.328900	-0.825400	0.579400	0.798390	0.802440	0.968540	-0.212800	0.443900	-0.266000	0.090000	0.587900	0.817440	0.000000	0.491700	0.178900	0.825860
4	0.995800	-0.387600	-0.748900	1.378640	2.568660	-1.705700	0.181100	0.631300	1.185320	0.488000	-0.818700	-0.078700	-0.695600	0.000000	0.784650	-0.811700	0.620600	0.217900	-0.535700	1.315010
5	4.135930	3.096000	1.582760	3.776160	3.472690	5.979500	2.621470	4.422100	3.364130	3.731380	0.951300	2.637740	4.195220	2.504840	5.509770	4.013110	1.140600	0.753100	0.000000	3.495410
6	1.133030	-0.484700	-2.498800	-2.115900	-3.071800	2.639880	-0.296900	-0.986000	-0.013400	-0.290100	-3.376200	-1.045800	-0.319100	-0.313800	1.057010	0.000000	-0.746900	-0.006200	-0.029200	0.146100
7	0.000000	0.568700	1.378080	4.075210	4.084320	3.382270	2.152240	3.992740	1.981590	1.295990	1.578790	1.862000	0.977730	1.055470	0.228500	0.629280	1.867690	2.341170	2.410620	1.968430
8	5.041610	3.193600	1.185000	3.589630	2.275790	5.959600	11.695865	3.065970	4.671140	3.252700	0.000000	3.161090	5.606420	2.048720	6.326910	3.817310	19.706140	16.475500	13.130300	12.286059
9	5.195440	3.379350	0.235200	1.142300	0.000000	5.917790	3.164900	2.844720	4.131050	3.389450	0.270700	2.969290	3.693310	2.308170	5.251060	4.416040	8.123900	11.105077	10.318276	9.424310
10	2.072830	1.189780	0.484800	0.998960	0.589200	4.607580	-0.473100	1.386210	1.286660	1.340150	0.278500	0.000000	1.558940	0.527600	2.563330	1.429600	0.914050	1.363200	1.301810	1.546020
11	4.683760	3.883540	7.057320	4.582670	6.233100	6.656980	7.619260	5.843610	5.197910	0.000000	6.768680	7.505750	9.212700	8.072150	9.001800	9.322210	13.694400	14.089340	13.632040	19.117670
12	3.162520	1.963440	0.370600	1.348900	2.046380	4.330540	-0.170600	1.535600	2.137610	2.256960	0.191200	0.000000	3.397160	2.202510	4.343280	2.407210	2.565660	4.358030	3.713020	2.718600
13	2.178130	1.518830	-0.518800	1.119750	0.000000	5.364250	-0.031700	2.478390	1.384030	0.983780	-0.517100	0.332400	1.763900	0.772110	2.638460	1.122700	0.877440	0.982990	0.837260	1.444160
14	1.553420	1.582510	1.561760	1.963460	1.904250	0.000000	0.683500	2.004310	1.355100	1.463700	1.256260	0.785270	1.006990	1.141060	1.234370	1.208610	1.470800	1.875440	1.785870	0.961610
15	0.157100	0.067500	-0.362300	-0.022300	-0.163000	-0.526900	-0.900800	0.170700	0.000000	-0.259000	-0.853000	-0.746700	-0.110200	-0.304800	-0.027200	-0.184000	-1.025400	-0.553000	-0.585400	-0.059500
16	1.466400	-0.112400	0.416900	-0.550100	0.173300	5.149650	0.453000	-0.033100	0.000000	-0.145200	-1.107500	-0.405300	1.220400	1.059300	3.678810	2.186690	5.889930	3.635350	2.567260	9.449330
17	0.939600	0.619800	-0.662800	0.030500	-0.082100	2.854100	-0.282500	-0.449800	0.216100	0.092200	-1.074900	-0.310500	0.000000	0.080800	-0.242500	-0.146100	-0.335500	-0.640900	-0.990500	0.292600
18	5.087310	3.366390	6.164500	4.380840	6.458680	0.000000	5.745030	6.021630	5.451210	4.531290	3.746580	6.247720	4.314850	4.345450	4.768190	4.030940	17.331020	13.201630	12.595819	29.720300
19	1.571440	0.977720	0.000000	0.843920	0.380400	-0.597900	0.811270	1.549200	1.362630	1.231410	-0.203200	0.480900	0.430400	0.577000	1.090590	1.225900	0.593100	0.741670	0.424800	1.342010
20	0.936200	0.964070	0.000000	0.686990	0.335200	4.102730	0.361200	0.618220	1.219910	1.569900	0.285900	0.262000	0.506700	0.541100	1.198240	0.715550	0.817310	0.586300	0.492600	0.668160
21	2.792810	1.529700	0.559500	1.069400	0.766900	2.938780	1.133200	1.590400	1.920760	1.787460	0.104500	0.809800	-0.205900	0.673900	0.000000	1.513700	0.879000	0.943200	1.431900	1.356300
22	4.398470	4.105030	0.856700	3.021990	2.383230	3.806450	2.560230	3.963470	4.567560	3.534790	1.148800	2.273630	4.632510	3.026310	5.170150	2.956480	2.665330	0.501400	0.000000	3.096710
23	0.233900	-0.204100	-1.005900	0.386100	-0.123500	1.417160	-0.741200	0.204300	0.096600	0.110300	-1.158400	-0.457900	-0.323200	-0.494700	-0.652500	0.000000	-1.949000	-0.710300	-0.715700	0.257000
24	-1.579400	0.232000	0.826010	0.271800	0.402300	1.250770	0.386600	0.644660	0.896920	0.577600	0.721850	0.085000	-0.404400	-0.008400	0.080600	0.000000	1.203260	0.715290	0.188300	0.647230
25	8.020020	6.535590	3.337030	4.196470	5.369010	11.730322	6.189000	6.240740	7.654710	6.230820	3.452690	5.420550	7.675010	5.453180	8.812900	7.215730	3.569910	0.000000	2.078310	5.889150
26	0.000000	7.632350	20.997910	17.174560	25.280700	18.111780	39.294100	14.669210	10.039200	9.391130	20.606830	27.515700	30.630000	27.316900	23.504900	16.900850	68.156600	37.043800	32.880800	75.421600
27	5.835050	4.679800	6.155550	8.032570	8.705290	5.768880	10.232915	7.800610	6.317450	0.000000	7.196990	7.310440	13.614450	11.111680	12.039970	8.402040	23.439400	11.229510	10.491442	11.510933
28	4.604430	4.158370	2.659460	4.316200	4.427780	9.483370	2.964990	3.487770	4.365970	3.824760	2.551460	3.096010	6.605540	4.649410	6.836300	3.734620	1.920530	0.000000	0.303500	3.306870
29	4.405750	4.518170	4.002070	6.187230	5.219570	6.525240	6.118780	6.298980	6.611030	0.000000	4.151720	6.017200	6.717360	6.282050	6.462960	5.528090	11.460128	9.668650	6.966120	67.903000
30	0.000000	3.894070	6.718820	6.771760	7.395770	11.441044	5.220210	5.796060	4.251980	4.268990	5.694760	5.850270	4.665260	6.894800	4.013120	5.522250	6.562660	5.345540	4.330310	8.439110
31	0.165100	-0.139500	0.000000	0.006600	0.146300	-0.714800	-0.018800	-0.049000	0.024600	0.076100	0.028000	0.001500	-0.619900	-0.264100	-0.068000	0.112300	-0.054400	-0.045200	-0.044500	0.018300
32	0.000000	2.401910	3.506250	4.714040	4.413590	5.435250	2.075060	4.751910	3.915670	3.704100	3.074110	1.934300	3.068380	3.364650	2.399340	3.399580	3.022870	2.978030	2.788410	3.740350
33	0.000000	6.377910	17.243150	14.872720	20.649200	7.743610	15.649350	15.236290	8.497620	10.945664	13.824230	15.671870	19.202580	13.293190	15.936540	12.082960	18.738890	16.586890	16.050580	34.871100
34	0.488000	0.659260	1.266070	1.366460	1.920430	3.270190	0.123100	1.254450	0.000000	0.182100	0.591900	0.401300	1.116340	0.455500	1.162360	0.902600	1.239790	1.201960	1.222950	0.962860
35	0.000000	6.428290	15.533060	15.849070	18.816030	15.821290	13.680380	14.995080	9.439810	9.452310	13.042480	11.529652	14.988200	13.232120	16.187130	13.497170	19.820890	15.828470	15.425040	15.013060
36	0.355200	0.103200	-0.061800	0.070400	-0.097000	-0.697800	-0.546500	0.000000	0.180900	0.097200	-0.019000	-0.060900	-0.215600	-0.425900	0.038100	-0.197800	-0.018600	0.090500	0.075500	0.222800
37	3.321770	2.145160	4.610320	1.553720	2.133990	0.000000	3.886150	3.177570	3.209680	2.577050	2.713630	2.990260	2.719040	3.158870	5.527330	2.618080	20.321500	3.211550	3.009110	3.562970
38	1.929330	1.112360	-0.192000	0.000000	0.248400	1.420590	-0.277200	2.159980	1.705860	1.103130	-0.064300	-0.446600	0.867160	0.949530	1.672390	0.563900	1.825410	1.207680	0.288000	0.913360
39	5.067740	6.246380	8.149780	6.019780	7.145540	7.891070	6.770960	4.802560	4.610050	5.518770	6.875770	7.173470	5.441230	7.596750	0.000000	4.457680	7.901920	6.742790	6.611690	7.058690
40	1.086580	-0.081800	-0.971300	-0.274300	-0.082700	-1.526700	-0.326000	0.310600	0.635400	0.412700	-0.982600	-0.553700	-0.670700	-0.610100	0.000000	0.319200	-0.678200	-0.072700	-0.485200	0.195100
41	4.599130	2.980820	0.000000	2.560830	3.514530	1.273430	3.024850	2.054990	3.149890	3.180380	-0.018100	0.956200	3.964450	2.344760	4.927590	2.764170	1.968340	5.881240	0.826300	2.866840
42	2.303730	0.844990	7.621410	1.674560	5.651770	3.967530	21.860000	0.280600	0.957620	1.691180	8.585800	14.839700	11.526658	11.673117	0.000000	3.792750	40.243500	30.988300	26.373500	65.093800
43	1.932250	0.874840	0.173500	1.038030	0.762960	4.853190	0.000000	1.654740	1.062070	1.431820	0.132600	0.418200	1.096160	0.743870	2.209630	1.628380	0.895890	1.003350	0.930740	1.791060
44	5.554240	3.659570	6.287420	5.254680	5.290470	6.756320	5.629250	6.378630	4.949610	0.000000	3.885780	5.271120	7.426770	5.831060	7.594280	6.387460	12.924240	18.752410	15.189740	16.550690
45	4.030590	2.662710	6.984870	5.870540	6.963590	7.686020	7.129350	6.239230	3.901040	0.000000	5.241280	7.077090	8.160710	6.278020	8.525950	6.799310	14.428700	14.674780	13.438060	12.534700
46	1.089970	-0.411800	-1.414500	1.292060	0.978460	7.020490	-0.517100	0.630520	-0.067400	-0.399900	-1.415500	-0.896000	0.189700	0.000000	1.218780	0.340300	-0.033100	-0.548700	-0.664600	0.390700
47	0.446800	-0.204400	-0.572800	0.080700	-0.459000	3.588760	-0.356500	0.000000	-0.289000	0.287400	-1.532700	-0.342400	-0.112200	-0.541900	0.203800	-0.145600	-1.602400	-0.646600	-1.056600	-0.050800
48	3.300020	1.920880	-0.673300	1.795180	2.368560	6.480010	1.856210	3.209770	2.405620	2.073620	0.158000	1.606030	2.460330	1.484200	3.884160	2.983030	-1.729700	-0.188800	-0.647200	0.000000
49	-0.103600	-1.100700	-1.801300	-1.082500	-1.525400	2.675170	-0.904300	-0.108500	-0.141500	-0.506300	-1.724200	-1.240900	-0.461900	-1.244100	0.000000	-1.296200	-1.206700	-1.129700	-1.273600	-0.185800
50	1.098750	0.209600	-0.375600	0.567000	0.241700	3.823320	0.100600	0.629360	0.284800	0.724560	-0.563200	-0.066700	0.254200	-0.193400	0.653440	0.000000	-0.053400	0.261300	0.062700	0.383700
51	4.974650	3.465820	2.134580	5.438010	4.790930	5.650110	3.524940	6.503040	4.617630	0.000000	1.977540	3.304810	3.878630	3.586060	4.848650	3.834490	2.765550	2.764160	2.555040	3.807990
52	5.057010	3.697250	1.837540	3.869560	2.901870	5.677210	3.758780	3.288790	4.154160	4.141280	1.622160	3.302890	4.957070	4.071080	6.207050	4.947430	3.046270	0.000000	0.533100	3.543100
53	1.097150	0.192100	-0.191800	0.553500	0.048900	1.245280	0.053600	0.182900	0.642080	0.956520	0.010600	0.000000	0.339000	0.229800	0.534800	0.935880	0.908880	-0.874600	0.200000	1.161840
54	1.852190	0.618600	-0.267100	0.574500	-0.082600	3.476910	0.273100	1.105300	0.761900	1.142400	-0.392500	0.143000	0.205200	0.000000	1.042700	0.367600	0.480900	0.230100	0.142800	0.701400
55	1.826420	0.000000	4.979810	2.813680	5.056200	7.119310	10.336730	3.433580	0.813100	2.978800	2.072330	7.288980	6.345030	6.797350	5.209920	3.780340	18.724870	16.386040	10.925751	19.680260
56	0.333700	0.275600	-0.129800	1.840710	1.114490	4.189960	0.534200	1.235020	0.940680	1.005990	-0.364700	0.000000	1.004410	0.658160	2.112140	1.111320	1.474570	1.652180	1.682020	1.706430
57	0.714400	0.259500	-0.449800	0.852900	0.605000	1.798380	-0.414300	1.289100	0.086000	-0.419700	-0.383000	0.000000	0.609800	-0.258400	0.534500	-0.226400	0.322400	-0.245500	-0.416600	0.125500
58	2.329790	1.810180	0.000000	1.389110	0.894000	5.187560	2.664510	1.472360	1.542490	2.019720	0.606500	2.194540	0.205200	1.897490	-2.644200	1.641590	-0.388500	0.408600	0.190600	1.017100
59	1.317100	0.854100	0.343600	1.007700	0.681300	-0.707600	0.877200	0.829800	0.842400	1.357290	0.219000	0.616600	-0.449500	0.602000	0.000000	1.152000	0.244200	0.444500	0.374700	1.111500
60	-0.049600	-1.226000	-1.953900	-2.632400	-3.081500	-2.248500	-1.193100	-0.983800	0.000000	-0.989800	-2.596900	-1.856800	-1.183300	-1.572800	-1.125500	-0.565100	-1.874900	-2.432000	-2.567600	-0.804700
61	4.605260	4.312040	4.347730	7.436890	7.396960	6.257950	11.081930	6.173430	5.165250	0.000000	5.009800	9.450040	9.377680	7.797350	11.450794	7.648580	21.148740	12.426687	11.309947	30.834100
62	0.957400	0.340400	0.169600	0.695300	0.183400	4.807480	-0.656800	0.964600	1.063100	0.919100	0.075100	0.000000	0.524500	-0.052400	1.013800	0.385100	0.317700	0.500300	0.461800	0.709800
63	0.698040	0.152100	-0.644600	0.000000	-0.397400	1.424570	-0.096500	0.168100	0.491200	0.207600	-0.514300	-0.388900	-0.016500	-0.120800	0.529700	0.467600	0.093700	-0.044300	-0.093900	0.709230
64	0.659300	0.680400	0.000000	1.897650	1.159330	2.333770	0.651900	1.452220	0.669000	0.797900	-0.229800	0.357300	1.087500	0.642800	1.940990	0.222600	1.097300	0.215100	0.080400	0.086200
65	-1.266100	-0.838400	-0.376500	0.000000	1.245910	4.504630	-1.331700	-0.794700	-0.363000	-0.497100	-0.255700	-1.767900	-0.283300	-1.170500	-0.283200	-1.324800	-0.235000	-0.489300	-0.559600	-1.309900
66	-0.182500	-1.348400	-1.517500	-0.229000	-0.507700	5.930390	-2.037500	-0.136100	-0.727500	-0.608300	-2.518300	-2.087800	-0.757900	-1.164900	0.000000	-0.127600	1.798690	0.132500	-0.894000	1.374600
67	0.608900	0.196000	-0.427600	-0.110800	-0.553000	1.646670	-0.401600	-0.040000	0.331300	-0.005500	-0.643400	-0.510300	0.047300	-0.043700	0.460400	0.000000	0.235700	-0.356400	-0.472100	0.098300
68	4.173000	2.845600	6.132880	3.696250	4.955470	0.000000	9.577450	5.441210	5.222550	3.969560	5.481470	9.519060	10.893087	5.325120	5.569800	5.184700	32.310300	28.155700	14.268160	27.601800
69	0.996850	0.461100	0.105700	0.509400	0.269900	1.141250	0.306700	1.003040	0.858800	0.803690	-0.395700	0.142000	0.119500	0.133700	0.653400	0.816830	-0.207400	0.000000	-0.102900	0.810110
70	-0.343100	-0.345700	-0.785700	-0.276900	-0.446000	-0.052000	-1.669900	0.000000	-0.421600	-0.307300	-0.351700	-1.481800	-0.586800	-1.055500	-0.682400	-0.875100	-0.637000	-0.703300	-0.789300	-0.491200
71	1.084760	-0.210800	2.605460	0.952700	1.638880	4.222080	1.304860	-0.387200	-0.095100	-0.017400	-0.109400	1.245630	4.764930	0.901500	4.055270	0.000000	14.587930	25.411500	12.054540	9.956950
72	-0.185300	0.298200	0.202200	0.862300	0.738400	-0.299400	-0.303800	0.573300	0.208800	0.392600	0.287600	-0.039100	0.469200	-0.038000	0.223700	0.000000	0.153900	0.152400	-0.056600	0.292900
73	4.121670	3.085250	3.794510	6.133760	6.987350	3.608700	10.379392	4.896030	4.364600	3.417910	1.271630	4.650640	4.539320	4.842820	6.040440	3.579520	8.582980	0.000000	0.689900	2.671530
74	0.231000	0.012700	-0.491900	0.342100	-0.192900	1.381310	-0.294600	0.113700	0.000000	0.009300	-0.226000	-0.583900	-0.190900	-0.258700	0.158100	0.088600	-0.135200	-0.338900	-0.358200	0.068500
75	2.742910	1.884840	1.255060	3.910770	2.807090	1.973270	2.193100	2.088390	2.474680	1.828490	0.025100	2.032120	3.018300	2.418720	3.437200	2.742630	0.148400	0.000000	-0.799500	1.483350
76	-0.314600	-0.012000	-0.258300	-0.063600	-0.095400	4.999580	-0.152900	-0.001500	0.000000	0.011100	-0.389800	-0.371000	-0.010800	-0.048600	0.560200	0.437900	0.032800	-0.272200	-0.253300	0.242800
77	5.170540	5.361690	5.793290	6.666390	6.701140	6.253750	5.249940	6.924240	5.936570	0.000000	5.272970	4.655470	5.635830	5.337390	5.848020	5.679590	6.238140	5.456250	5.946160	6.117720
78	0.084800	0.179300	0.200400	0.469900	0.407800	1.980330	0.249300	0.172800	0.000000	0.197500	-0.258400	0.076500	0.095000	0.143200	0.186300	0.246300	0.291600	-0.035600	-0.089400	0.208000
79	-0.385500	0.393900	0.623540	1.972610	3.428110	4.359860	0.196700	1.365390	-0.162900	0.159700	0.719500	-0.191400	0.399800	0.344200	0.285700	0.000000	0.504500	0.427600	0.270800	0.260900
80	0.407800	1.856160	0.862590	2.969520	3.399040	4.334470	-0.272800	2.712880	0.891940	1.250760	0.867000	0.499700	1.388600	0.874870	2.073360	0.000000	0.809840	0.702790	0.684890	1.433920
81	1.439960	1.033400	1.077700	1.080600	0.920000	5.589180	0.880500	1.090500	1.106100	1.264400	1.183000	1.031000	0.000000	0.571700	1.132800	1.165300	1.377150	0.965300	1.089300	1.607250
82	5.280640	3.927650	0.257700	0.871100	0.000000	2.757660	9.967900	3.605350	5.275590	3.376080	0.660300	5.423020	5.999030	4.577440	5.840450	3.824520	25.858900	25.176400	16.565680	19.328180
83	1.050530	0.608100	-0.257800	-0.090900	-0.530000	3.371600	-0.045400	0.000000	0.449200	0.360300	-0.360300	-0.221500	0.296400	-0.254400	0.530800	0.443700	-0.419700	-0.577000	-0.775100	-0.215700
84	4.309910	3.975970	7.064230	5.192020	4.743440	3.209820	4.959210	4.766850	4.675560	0.000000	4.860460	4.743550	4.776160	4.938530	5.606400	5.239240	4.371500	4.381630	4.442770	5.552520
85	1.042510	0.112800	0.666180	3.636660	2.570980	6.551150	1.250040	2.718960	0.000000	0.429200	0.665230	0.864730	0.967870	1.143310	0.423300	1.422960	2.823150	0.486700	0.155800	1.100330
86	-0.071800	-0.261400	-0.091500	0.092900	0.034400	-0.898600	-0.164400	0.032500	0.000000	0.076900	-0.179200	-0.206100	-0.152500	-0.176200	-0.054000	0.027200	0.119900	0.128300	0.132800	0.278500
87	0.902730	0.550200	0.859810	1.196630	0.990260	2.986480	0.326300	0.564000	0.471400	0.752840	0.971490	0.550400	0.000000	0.388100	0.207800	0.633040	0.963620	0.958520	0.969710	0.764640
88	1.406490	0.594600	0.831940	0.626950	3.031540	2.859500	7.043810	0.421000	1.613980	0.172800	0.563800	4.794540	6.040560	4.740020	3.248380	0.000000	12.292830	7.662550	8.160510	25.956100
89	0.980800	1.577800	2.226930	2.060280	2.324370	1.831650	1.742090	0.782500	0.501800	2.429020	2.034200	1.516170	0.539900	2.032160	-2.380600	0.000000	2.760810	1.305090	1.039000	1.759010
90	0.516200	0.000000	-0.356000	0.415500	0.256500	-0.214700	-0.569400	0.411300	0.433300	0.584600	-0.612000	-0.284900	-0.886500	-0.362900	-0.882900	0.365800	-0.253600	-0.660700	-0.726800	0.400500
91	4.105580	3.208680	7.377860	4.775720	9.177800	2.998130	10.701940	5.922670	4.388370	0.000000	5.212700	6.311210	9.306540	9.379650	8.715120	5.270320	7.632870	7.584060	6.788570	18.710100
92	1.170200	-0.118200	0.517500	1.874990	2.192390	-0.600700	1.217900	0.964700	1.017500	0.513100	-0.238700	0.929100	0.000000	0.468900	2.256160	1.170100	0.991900	2.228340	1.751690	4.863880
93	0.960230	0.000000	0.137700	1.588130	1.264290	7.922260	0.328100	0.919420	0.143000	0.797230	-0.339800	0.008200	-0.109200	0.173800	0.786300	1.109800	0.452300	-0.834000	-1.067200	0.761200
94	3.959680	2.421660	1.276700	2.225200	1.546290	5.261080	2.140740	2.690960	2.925060	2.891160	0.241400	1.713160	2.138540	1.709130	3.009920	2.215460	1.469120	1.057900	0.000000	2.506420
95	3.677100	2.161410	-0.237800	0.540300	0.000000	4.517280	5.726110	2.865770	3.269270	2.479390	1.103600	3.023400	5.085520	1.921500	5.089540	2.703930	13.316520	5.957580	4.770700	3.994640
96	3.821300	3.202690	13.751730	8.630440	12.663770	12.389560	16.700590	9.345210	5.305750	0.000000	9.804980	14.783650	13.677530	19.317390	13.391990	12.003050	38.687100	27.249000	25.772200	53.674600
97	0.933290	0.076800	-0.376200	0.495900	-0.141200	2.807680	-0.480100	0.618800	0.340400	0.777900	-0.914100	-0.165600	-0.154400	0.071400	0.639200	0.000000	-0.398300	-0.117100	-0.350500	0.152000
98	5.869470	3.953610	2.148610	3.397270	2.499970	6.214910	7.689150	3.956460	5.513100	0.000000	3.657220	7.040500	9.536600	6.145510	5.973810	5.237660	6.003510	7.061580	4.512200	7.096780
99	6.383770	4.663160	6.764020	6.020950	6.985610	7.800230	15.664490	6.178070	6.281040	4.744980	6.001840	14.419220	3.020760	5.958940	0.000000	4.317780	23.170600	16.697440	14.079380	13.929440
100	2.196160	0.611300	-0.535600	3.014780	2.962440	10.900370	0.000000	1.963500	2.535420	1.591900	-0.105500	-0.260200	1.570300	0.517200	2.755900	2.176210	2.487800	2.372310	1.509100	3.275000
101	0.313900	-0.316600	-0.733500	-0.002500	-0.603800	2.256230	-0.700000	0.324100	-0.413100	0.284300	-1.426300	-0.796000	-0.357700	-0.712900	0.009700	0.000000	-1.284900	-0.486400	-0.672400	0.060900
102	1.868610	0.000000	3.201620	1.220300	2.473170	3.586030	8.147180	2.294410	0.606000	0.873300	2.098280	3.628700	9.145940	4.609420	4.094350	2.813950	11.306177	10.820609	6.141420	19.983390
103	1.902600	0.000000	9.517740	4.097870	7.038230	4.276030	26.751500	1.756580	1.506810	2.112060	9.684510	14.161450	15.861990	12.064490	7.075360	5.383580	55.858600	34.907400	30.932600	23.076700
104	2.051230	1.059200	0.325400	0.632500	0.000000	5.148200	0.900500	0.639600	1.305700	1.486380	0.551000	1.154300	1.380700	0.983200	2.055270	0.786900	1.785760	1.291100	1.200400	2.021870
105	4.717030	4.450480	3.899960	6.524150	6.636410	9.939032	3.959820	7.414720	5.911250	0.000000	3.736170	4.542200	5.668360	5.327310	6.227520	4.806850	4.842930	3.990320	3.645820	4.787430
106	6.071930	4.355600	1.012310	2.985160	1.942220	7.716940	3.382030	4.585810	5.228240	3.568390	1.378160	3.206430	5.195250	3.574920	6.311070	4.071010	7.643970	0.968200	0.000000	2.502150
107	0.881500	0.297900	-0.064200	1.270600	1.523280	5.300580	-0.638600	3.270930	0.000000	0.399100	-0.050600	-0.266700	1.305100	1.345800	1.967150	0.728900	0.549600	0.030300	-0.095300	0.860800
108	0.897700	0.552100	-0.039500	0.856500	0.676700	5.258300	-0.017900	0.013300	-0.089600	0.191400	0.026500	0.000000	0.739000	0.228200	0.853000	0.365500	0.206600	0.151600	0.081900	0.212100
109	2.608720	1.802810	0.640300	0.000000	0.708200	4.495790	0.530900	0.722700	1.757040	1.235640	0.606500	0.892600	3.029120	2.002150	4.170120	1.399070	2.557530	1.513050	1.271360	1.147110
110	1.170840	0.980280	0.557900	1.299770	1.109470	0.000000	0.322900	1.188180	1.012000	0.930660	0.464600	0.291400	0.517300	0.674490	1.206140	0.979810	1.217900	1.236280	1.237450	1.064240
111	4.497810	4.087330	2.325560	2.754000	2.224830	5.413950	2.941900	3.228540	4.192470	3.520560	1.424600	2.042250	3.721450	3.200640	4.358560	3.779010	2.208650	0.000000	0.786500	3.174740
112	0.761340	0.227500	-0.752300	0.045900	-0.657300	2.560860	-0.491500	0.974640	1.127040	0.338800	-0.784300	-0.958500	0.620800	0.346600	0.480700	0.000000	-0.030700	-0.851900	-1.022500	-0.025100
113	0.598500	0.302800	-0.164200	0.421100	0.216500	-1.660000	0.154100	0.400500	0.494600	0.582400	0.038200	0.000000	0.064900	0.371300	0.486700	0.631700	0.499400	-0.073900	-0.138000	0.487100
114	0.871790	0.613000	0.266400	0.736250	0.446700	0.429300	0.508700	0.835410	0.537900	0.714100	0.494800	0.266000	0.000000	0.424500	0.467500	0.713810	0.684100	0.664700	0.675700	0.830700
115	1.289630	0.316300	-1.015700	1.209020	1.318890	3.692360	-1.807800	1.785790	1.422550	0.317600	-1.377000	-1.174300	2.136240	0.599400	3.996980	0.684700	0.095300	-1.832300	-1.732200	0.000000
116	2.183180	1.198260	0.820500	0.678900	1.318350	5.379580	0.463600	1.208990	2.012340	1.870910	0.819700	0.000000	2.059680	1.141700	1.514460	2.082370	1.295250	0.152300	0.900200	1.830060
117	-0.014200	0.887960	0.505600	1.203560	2.507820	8.043350	0.479600	2.658920	1.051640	0.605100	2.093870	0.143300	0.356200	0.542600	0.051500	0.000000	2.752640	0.792420	0.735700	0.637500
118	2.987320	2.278750	0.000000	1.799520	0.934710	2.401780	2.076900	2.919300	2.897030	1.933930	0.137900	1.963720	2.082810	2.034020	2.445700	2.009710	3.134520	1.240620	1.329680	3.907570
119	0.678830	0.204200	0.062300	0.506600	0.064700	-0.286000	0.315400	0.474500	0.564800	0.435600	0.332500	0.245200	-0.255200	-0.139700	0.000000	0.337200	0.369100	0.331400	0.328400	0.582400
120	0.559300	0.554400	-0.043400	1.009880	0.818420	-0.635700	0.238500	0.968140	0.497600	0.790330	-0.225500	0.000000	0.755150	0.702920	1.027800	0.742410	0.567300	0.529800	0.102400	0.979950
121	0.347500	0.324000	0.285200	0.678870	0.341300	-0.052300	-0.509700	0.230400	-0.635100	0.510500	0.321900	0.000000	0.390500	-0.331400	0.532400	-0.423300	0.642190	0.452100	0.474400	0.152600
122	1.021970	0.378100	-0.587400	1.204630	0.605900	2.376000	-0.380200	0.897120	0.315000	0.460000	-0.255500	-0.416400	0.258200	0.163600	0.244500	0.000000	0.423200	-0.322000	-0.432000	-0.054700
123	4.968110	4.577440	6.396870	5.077960	6.712320	6.560400	7.348910	6.227880	5.514280	0.000000	5.753410	6.890940	8.406410	6.540390	8.006150	7.024920	10.265930	9.343750	10.605398	30.079500