SITE	GLY	ALA	LEU	VAL	ILE	PRO	ARG	THR	SER	CYS	MET	LYS	GLU	GLN	ASP	ASN	TRP	TYR	PHE	HIS
4	0.413400	0.558900	0.839100	0.890600	0.962600	0.768700	0.000000	0.684100	0.597100	0.580300	0.726200	0.667600	0.657900	0.664800	0.358600	0.645900	0.689300	1.110800	1.061500	0.725900
5	-0.482500	-1.024400	-1.254400	-0.309000	-1.008800	-1.577600	-1.216200	0.000000	-0.468700	-0.474300	-1.208000	-1.737100	-1.491500	-0.951800	-0.585500	-0.839900	-0.660000	-1.175500	-0.880300	-0.271200
6	4.685000	3.298000	0.000000	1.024000	1.539600	3.698300	4.631600	3.992000	3.999900	3.465500	0.030800	4.056800	5.428600	3.794800	4.922000	4.082500	21.210600	15.047300	5.488300	19.247900
7	0.291500	0.000000	-0.437900	-0.027100	-0.227300	0.734300	-0.626700	-0.677300	-0.932200	0.097700	-0.311100	-0.576200	-0.307900	-0.663900	-0.013900	0.093200	-0.409900	-0.562200	-0.617000	-0.054000
8	1.407000	1.215800	0.575800	0.935600	0.335200	-0.801900	-0.044000	1.174400	0.726900	0.427600	0.387100	-0.008900	0.549700	0.666600	0.000000	0.356500	0.608400	-0.208100	-0.414800	0.138300
9	0.000000	3.182700	3.795700	5.025300	4.684200	8.615500	3.010300	3.529400	2.588400	3.071000	3.597600	3.315700	3.749300	2.859100	3.832400	2.216000	3.734600	3.680700	3.674000	3.825700
10	1.687500	0.342200	-0.368400	2.507300	1.219000	5.305500	0.714300	0.676400	0.748100	0.800000	-0.630700	0.505300	0.270700	0.535200	0.000000	0.941300	0.198900	0.399600	0.279200	0.550100
11	2.972300	1.191600	0.205500	0.579500	0.145900	2.425200	0.000000	0.646500	1.281600	0.972900	-0.219700	0.111000	0.934200	0.551400	1.006800	1.003600	-0.299200	-0.714300	-0.069600	-0.151500
12	4.075100	2.292400	1.200000	0.000000	0.378200	5.923400	1.314900	1.719100	3.440000	1.911500	1.020600	1.654400	3.503900	2.540200	4.741500	2.390000	3.239800	2.999100	2.542600	5.422100
13	2.338200	1.397900	-0.157600	1.097600	0.455400	0.000000	0.711400	1.424100	1.750100	1.879100	-0.108100	0.472100	1.064500	1.092300	1.902700	1.884400	0.449900	0.298400	-0.001100	1.394200
14	2.195500	0.000000	-0.432800	-1.479000	-1.367400	2.677700	3.392400	-1.745800	0.065700	-0.601800	-1.005700	1.532300	3.986900	3.403900	2.573300	0.718600	4.337000	3.714900	0.430400	17.160900
15	7.186200	5.376300	0.000000	3.266500	2.004200	9.550800	9.372500	3.924300	6.287800	4.088600	-0.003500	5.904900	6.137300	4.342900	6.461000	4.854700	12.090100	8.670700	4.800000	4.580900
16	5.377300	3.334600	1.154900	0.000000	-0.117900	4.965800	15.197300	2.646300	4.147700	2.610900	2.180000	8.343300	6.621600	5.126700	5.033700	3.636900	24.865100	17.390600	10.535700	10.918900
17	5.660500	4.125400	0.898100	1.588300	0.000000	4.762200	3.922500	3.182200	5.144300	3.084700	0.275800	4.627600	4.313000	3.676900	5.235500	4.208300	3.547100	3.620000	2.908600	4.515900
18	0.000000	6.415600	9.769300	13.729600	14.448900	16.291500	10.448400	12.239600	8.577300	8.207800	9.372100	11.311300	11.399800	10.426300	12.008300	11.240300	10.415600	10.186400	10.497700	20.433800
19	1.158000	-0.630300	0.305200	0.495200	1.791000	4.508200	5.257400	0.364700	0.000000	0.411200	-1.338100	4.846700	2.633200	2.495700	3.530900	1.404300	25.502300	11.283100	4.505100	22.369000
20	0.000000	1.527800	1.325200	2.843900	2.497100	0.301800	2.862000	1.503900	1.434400	1.796100	0.864600	2.272500	-0.462600	2.356400	-0.278600	0.634600	2.467700	3.472400	2.985400	4.016400
21	5.821700	4.218700	1.393700	2.995100	2.821900	2.665900	4.594300	3.493800	5.524200	4.107600	1.141000	4.506700	2.780500	3.410100	3.863100	3.931600	1.067800	0.000000	1.462200	2.923500
22	0.000000	3.469500	19.668800	13.885800	16.675800	3.560000	23.049200	12.172400	6.864100	7.180300	8.323400	12.685000	11.155500	10.667200	11.936300	12.666500	30.858500	24.940300	29.108800	80.584800
23	0.000000	2.589800	15.221800	11.417700	15.669500	4.359900	24.279100	9.380800	6.145000	7.094800	10.960800	18.976200	15.053600	16.511600	15.266300	14.070000	41.675800	36.613700	30.383600	44.077500
24	2.165300	0.000000	2.325500	1.229000	0.842300	2.703800	14.673600	0.821300	0.670600	0.480900	6.138300	10.512800	10.026900	9.575800	5.976900	7.219000	15.516200	24.450800	21.680100	48.547400
25	4.374500	2.469700	2.447000	0.000000	1.086000	5.420800	11.533700	2.328700	4.090000	2.311900	2.657100	4.466300	5.648300	5.714000	5.283900	2.924200	16.501700	17.927700	14.373900	17.330800
26	2.203900	0.000000	4.180300	-0.364600	3.485700	6.059000	20.535600	0.023200	1.198300	-0.499100	4.301000	11.394600	8.556900	6.334200	4.996500	3.488800	34.193600	22.794500	21.148900	34.588400
27	2.075200	0.000000	3.945500	0.576900	3.336400	3.837300	13.973600	0.932400	0.748600	2.218200	4.735000	9.398300	8.147200	6.812100	5.398000	3.713700	29.088300	22.493700	24.434600	24.068300
28	3.445000	1.859800	0.000000	1.683200	1.775000	6.514800	2.131100	1.638300	2.646000	2.540700	1.018800	2.999900	2.756700	1.986900	3.537900	3.436400	1.534300	1.292000	1.277500	3.338800
29	4.144700	2.765100	1.068600	4.411700	1.503100	6.364600	0.000000	2.725100	3.692300	3.043200	1.451000	2.010100	4.433200	2.409700	5.006700	1.647800	2.006300	0.339200	1.532800	3.234100
30	5.840600	3.824700	0.000000	4.173300	2.985400	7.793700	9.080300	4.602300	5.066500	4.123500	0.062500	4.772200	4.571300	3.474600	5.760200	4.066000	16.920000	11.838800	9.009600	10.602800
31	2.876100	1.146000	3.098800	-0.519800	1.235200	3.777800	15.719200	0.000000	2.347800	1.305000	4.222000	9.943400	7.344200	5.044100	5.366900	3.849000	36.211900	24.632900	18.080800	20.129500
32	1.726600	0.716000	-0.711300	1.363900	0.407300	4.744100	-0.003600	1.202700	0.829600	0.849100	-0.859800	-0.051600	0.733200	0.000000	1.728400	0.931900	0.296700	-0.050600	-0.371100	1.223500
33	0.546000	0.000000	0.705200	1.500200	0.945700	2.095600	-0.021000	1.109100	0.109000	0.631200	0.637000	0.029100	1.599100	0.799200	2.281700	0.728700	1.412000	-0.432500	0.739200	0.458600
34	0.000000	3.534300	3.949500	5.490700	6.257100	7.154100	3.168700	5.704700	3.862200	3.760800	3.649300	2.884300	4.111200	3.363300	3.699900	3.186800	4.083200	4.050700	4.057600	3.497800
35	4.574500	3.101200	0.170400	1.188600	0.000000	7.190400	1.947800	2.518000	3.877300	2.341000	-0.039300	1.562400	2.871300	2.252700	3.674400	2.492800	0.061700	2.436700	1.893600	2.493200
36	2.598000	1.986000	1.129600	1.800700	1.386100	0.000000	1.342700	2.114100	2.437400	2.043700	0.957600	0.915400	1.473200	1.658900	2.514500	1.789000	1.484500	1.076200	1.022100	2.235400
37	4.449200	2.597500	2.100000	0.810800	1.396100	8.183800	13.959100	0.000000	2.230200	2.150100	3.000800	9.075800	6.869500	5.810000	5.208900	3.552000	30.091100	17.960100	10.240400	28.081900
38	2.478400	0.570600	-0.475200	-1.742700	-2.537700	2.600400	-1.022400	0.380400	1.685800	0.260900	-1.774000	-1.380700	1.400300	0.000000	1.631100	0.706400	-2.503800	-2.036500	-2.405600	0.237800
39	6.245900	4.456700	0.496900	1.240500	0.000000	7.538700	5.927200	3.863800	5.316600	3.621900	0.079800	2.811600	5.601200	3.405600	6.444900	3.582200	15.712400	18.587800	11.076600	26.326500
40	5.526600	3.575700	0.083800	0.000000	0.736600	4.981300	7.162100	2.251200	4.105700	2.506200	1.368200	6.023200	7.058000	4.932500	5.165100	3.820700	21.501300	13.043200	8.599000	7.966400
41	3.743300	2.008700	2.990800	-0.658800	-0.435900	5.084200	3.744200	1.089900	2.370300	1.468600	1.369800	4.297900	0.000000	1.865500	2.257400	2.236000	22.426000	22.688800	10.937700	29.587400
42	1.894200	0.967400	0.079900	0.329800	0.283900	-0.238500	1.651500	1.894000	2.351500	1.459400	0.000000	1.531900	1.649700	1.174500	3.351800	2.196100	0.858900	1.908600	1.484800	2.755200
43	0.000000	4.593800	18.868700	16.063600	20.371600	9.371000	19.680100	15.078100	8.045400	9.002200	15.032700	19.808300	15.647800	19.062400	11.615100	9.370200	51.450100	40.335900	34.858200	41.835900
44	3.014000	2.587200	0.918100	1.468500	1.021000	-0.054000	0.000000	2.568900	2.450000	2.497700	1.407800	1.541700	1.803100	2.059700	2.682800	2.208800	2.865800	1.983600	1.886500	3.024300
45	0.639300	-0.517000	-2.216300	-0.132000	-1.082800	-1.765700	-1.638100	-0.432100	0.000000	-0.710000	-2.426400	-2.205400	-2.293800	-1.632200	1.295100	-1.748600	-2.165400	-2.394900	3.900100	-0.194500
46	5.356900	3.290300	1.038100	2.442900	4.280100	2.250500	3.579800	3.844900	4.414000	2.909100	0.385200	1.431600	3.999300	3.355900	4.094000	3.506000	0.000000	0.373100	-0.597100	1.881300
47	0.081900	0.229000	0.111300	0.377000	0.414200	3.811800	-0.995100	0.367400	0.260600	1.512100	-1.068200	0.036300	-0.100000	-0.309000	0.000000	-0.415800	-1.520800	0.351700	-0.591500	-1.581200
48	1.882100	0.887400	0.375400	0.582400	0.501100	3.342800	0.031200	0.000000	0.432800	0.757600	0.502200	0.324300	0.087400	-0.066100	0.450400	0.488900	0.443500	0.500800	0.416600	0.289500
49	1.509200	1.012800	0.948200	1.234500	1.106100	0.000000	0.233000	1.408400	1.608000	1.417100	0.702500	0.389600	1.113400	0.767000	1.603500	1.087400	1.177400	0.839100	0.780800	1.304100
50	0.000000	2.568000	4.329600	5.205100	4.959300	5.348800	4.752600	4.834900	2.773800	3.229000	2.660500	5.331000	3.858700	4.444400	2.181800	3.246800	6.909300	4.120600	3.492300	6.670400
51	-0.058500	-0.316000	-0.173700	-0.024300	-0.268300	-1.521200	-0.318100	-0.103700	0.000000	-0.234700	-0.452500	-0.704800	-0.167900	-0.129900	-0.064000	0.045500	-0.119400	-1.929300	-0.953300	0.059300
52	2.764700	2.749200	2.666100	3.535000	2.653900	2.864100	2.653600	3.567800	2.970400	2.536000	2.776700	2.418500	2.726900	2.558000	0.000000	1.158900	2.575400	2.698900	2.651100	2.834800
53	0.000000	3.024000	2.863900	4.391600	4.306000	7.979300	2.602700	3.814100	2.948000	3.092500	2.652500	2.917500	2.805000	2.909300	3.063500	2.527300	3.262100	3.314500	3.267600	2.506200
54	0.805300	0.664300	0.013700	2.237800	2.295900	5.088500	-0.329700	-0.469600	-0.536800	0.722600	0.440300	0.000000	1.367300	0.221300	1.996900	1.014500	-0.152100	-0.028200	-0.164300	0.386800
55	2.209700	1.094700	0.425400	0.395400	0.000000	0.259200	0.116000	0.997600	1.675000	0.736600	0.626100	-0.027900	1.322600	1.108200	2.601000	2.103900	1.144100	0.726100	0.612400	2.050800
56	3.868900	3.771200	2.969800	3.741700	5.236200	6.752400	3.917200	4.019600	4.425400	3.398400	0.927500	3.373200	5.645200	3.402800	5.557200	3.627700	2.891500	0.984200	0.000000	2.531500
57	1.166000	0.172000	3.967000	0.016100	0.364800	-1.960900	1.342000	0.132900	0.775100	0.000000	2.919600	1.748900	4.494000	1.715500	2.050000	1.037500	3.547500	3.999300	5.199500	6.965500
58	0.000000	-0.086400	-0.582200	1.138900	1.170500	-1.135200	-0.217800	1.595900	-0.231900	0.488200	-0.463200	-0.607000	0.889600	0.008300	-0.053100	-0.282600	0.797400	0.097900	0.642300	1.858900
59	2.903500	2.208900	0.521900	1.753200	0.684000	3.673500	2.579500	1.530900	1.984200	1.720800	0.000000	2.368100	1.990300	1.689600	3.216700	3.082100	14.625900	5.745000	12.794400	6.878200
60	0.704300	0.424800	0.000000	0.824800	0.259000	0.229800	0.271200	0.802200	0.694600	0.819000	-0.735400	0.385300	0.518500	0.579100	0.619400	0.729100	0.214200	0.577100	-0.030300	0.873000
61	1.694300	0.450000	0.416600	0.824900	0.796400	2.357400	0.138600	0.810600	0.482800	0.296600	0.223600	0.253300	0.564700	0.535200	0.479700	0.000000	0.045100	0.106900	0.067600	0.217400
62	2.975500	1.734300	5.570000	3.378100	5.041900	0.000000	8.556500	5.062800	3.256900	3.215000	2.565500	3.560600	2.339900	3.834100	4.178200	4.142300	12.766100	3.069200	8.359200	25.019300
63	3.537600	4.481300	3.820300	4.259100	4.020200	5.515700	4.503400	4.645900	3.840100	4.145600	3.253400	4.719600	4.039800	3.975500	0.000000	2.956400	4.654800	5.201400	4.918000	4.439300
64	1.955700	0.770100	-0.403400	1.339900	1.577300	-0.631300	0.196800	1.674700	2.105000	1.301900	-0.402700	0.000000	1.030200	0.301300	1.530600	1.148300	0.706900	-0.209200	-0.518900	1.456900
65	3.591900	2.354000	1.332000	3.247000	3.345200	2.666700	0.000000	2.081800	2.682000	2.776100	1.674400	2.151100	2.316200	1.741600	2.943900	1.890000	2.330000	1.975100	1.438500	2.265300
66	1.627900	-0.345200	7.736300	2.819000	5.408000	8.039200	22.701900	2.085600	0.000000	2.041300	6.587500	13.645400	12.035400	11.837700	7.061500	5.476900	47.637700	39.580500	30.829800	47.223900
67	3.026200	2.177400	-0.303700	1.711900	1.137300	4.726600	1.774200	3.359600	3.148300	1.909300	0.000000	1.929800	2.688400	2.473200	4.787800	2.954200	5.009800	6.070600	1.857700	3.785500
68	5.019100	4.018700	1.720000	4.642400	6.335600	11.103800	3.186100	2.833100	4.347800	3.676200	1.356300	3.775900	6.078600	3.754000	6.039400	3.037500	0.000000	0.936400	-0.076600	2.028700
69	2.780400	2.107600	0.000000	2.231700	1.367600	6.407100	1.246500	2.853300	2.669500	1.705400	0.003000	0.429500	1.989600	1.750200	2.621500	2.362200	5.843500	5.218400	6.186700	3.265100
70	0.343500	0.000000	0.014200	0.794300	0.865900	3.886200	-0.734600	0.046100	-0.889700	-0.225800	-0.413300	-0.856300	0.279700	-0.137300	0.738300	-0.194600	0.846100	-0.165400	-0.088800	-0.520400
71	0.157200	0.388700	0.059200	0.488100	0.192600	-0.293300	0.271700	0.417800	0.270000	0.470200	0.147900	0.160500	-0.236300	0.187900	0.000000	0.162900	0.051900	0.010100	-0.042600	0.500600
72	0.096900	-0.057800	0.286300	0.566500	0.367400	1.733500	-0.172700	0.410700	-0.228300	-0.099100	0.231900	0.000000	0.724600	0.006700	1.456300	0.072600	0.435600	-0.175400	0.060400	-0.178300
73	1.372400	0.181100	1.833600	0.530200	1.213800	-1.311400	2.130700	0.000000	0.745700	-0.075400	0.836800	3.163700	3.513100	2.366400	3.521700	3.318700	8.592700	9.214200	5.684000	30.724200
74	3.585900	2.354500	1.265100	1.855300	1.217700	5.701900	1.717900	2.493600	2.250900	1.769200	1.589700	1.922300	1.613200	1.919500	0.000000	1.584000	2.386800	1.946600	1.757600	2.464700
75	1.401000	1.122800	-1.083600	0.519300	-0.226700	1.739600	0.479500	0.491200	1.173200	0.564300	-1.759300	0.749900	0.463500	0.000000	1.470600	0.894100	1.577200	-0.825300	-1.295300	0.169500
76	3.801700	2.243500	1.532300	1.298800	1.541600	0.000000	2.630000	2.826000	2.635700	2.088800	0.667900	2.430200	1.533200	1.828700	2.763400	3.169500	-0.049400	0.634800	0.087900	2.233800
77	3.788800	2.655600	-1.039500	0.000000	-0.990400	2.138600	2.005500	1.995000	3.322600	1.557800	0.086600	1.581000	2.149000	2.088900	3.315700	1.699100	3.014800	2.317200	1.246000	3.166700
78	0.581700	0.364000	0.099600	0.261600	0.165700	2.214700	-0.384200	-0.099600	0.000000	0.206700	0.396400	-0.181600	0.684800	0.019300	1.587100	1.106600	1.501500	0.871600	1.159200	2.429200
79	0.153600	0.464700	-0.108500	1.136000	1.693000	2.479900	-0.466100	0.630500	0.635300	0.123100	0.027100	-0.668000	-0.019900	-0.369900	0.407300	0.000000	1.459300	-0.074100	-0.186200	-0.049500
80	5.583500	4.531600	2.603600	2.802000	3.266300	10.456700	5.773100	4.688100	5.467400	4.016000	1.460600	4.027000	5.865200	4.729800	5.673400	4.439900	1.867700	2.215700	0.000000	3.340400
81	2.533300	1.730900	0.661700	1.694700	2.231700	5.031900	0.293000	2.751000	1.500900	0.831500	0.000000	0.240500	1.127200	1.195400	1.564300	0.577000	2.271200	0.288300	0.675200	1.074100
82	0.000000	2.227200	3.753800	4.317900	4.009500	5.505200	3.483800	3.878100	2.357600	3.656100	3.204600	3.585500	3.555200	3.466100	2.287100	3.678100	3.120300	3.586500	3.563400	3.791500
83	3.525200	2.850400	1.108600	4.137900	2.253100	4.793300	3.491400	4.037200	3.247800	2.905200	0.850000	3.315400	4.064100	3.543600	4.055900	3.665900	0.725500	0.477100	0.000000	3.254400
84	0.000000	4.061600	6.735000	9.464600	12.474000	14.000400	9.740500	9.726800	6.232400	4.881800	5.140600	8.622700	7.974900	8.497900	6.999400	6.451000	20.223300	12.314400	12.741400	27.205400
85	0.384000	0.026700	0.017200	0.106700	0.000000	-0.372000	-0.578800	0.285300	0.359900	0.331400	-0.060300	-0.715700	0.105900	0.180900	-0.024200	0.532600	-0.083300	-0.096400	-0.233800	0.369600
86	0.839100	0.425300	0.256400	0.648800	0.271400	-0.400900	0.057300	0.242900	0.516500	0.343900	0.361300	0.450500	0.089900	0.277100	1.392500	0.000000	1.736100	0.667900	0.599400	0.543400
87	1.923400	2.001400	1.065400	1.200600	0.735600	4.021300	0.411000	1.381100	1.598500	1.487300	0.795200	0.000000	1.846800	1.210000	1.739900	1.458200	1.526800	1.175100	0.915400	1.850600
88	0.347800	-0.048800	0.063900	0.267200	0.185100	-1.191400	0.159200	0.336500	0.000000	0.131900	0.078600	0.123400	-0.428600	0.010100	0.162100	0.004800	0.335500	0.242000	0.072900	0.460400
89	2.789800	2.107200	1.878800	0.268400	0.000000	6.308800	5.338700	1.227500	2.487400	1.449100	0.787300	1.881600	3.217600	1.508900	4.901400	3.277800	8.735400	12.045500	8.026600	11.559500
90	0.404200	-0.122500	-0.276900	0.214700	0.078000	-1.083800	0.245900	0.256500	0.176200	0.144700	-0.314100	0.080300	-0.359200	0.022400	0.000000	0.142300	0.102800	-0.142700	-0.332500	0.179200
91	3.741500	2.998900	2.087700	2.636800	2.427900	2.005500	0.000000	2.878600	3.629300	2.671300	1.779300	2.079400	3.200300	2.309500	3.397600	3.329600	3.169700	2.884800	2.579500	3.592000
92	3.546000	3.666800	2.849800	4.898700	4.723600	8.049300	3.425400	3.943400	3.290400	3.345400	2.014700	3.501200	4.277000	4.221900	4.181200	3.793700	2.256000	0.000000	-0.317900	3.466000
93	2.948900	1.776600	0.015100	0.000000	0.117100	3.742300	11.452200	2.599600	1.903600	1.061200	1.791100	7.504600	6.613800	5.656200	5.245300	3.442200	17.267200	18.633200	4.904100	6.783800
94	0.000000	7.360900	29.435700	23.902400	28.519000	14.711700	38.414900	22.127900	11.662300	12.512800	22.217000	24.966600	26.028200	24.122700	23.559600	22.642200	66.761470	54.710000	45.270300	81.111000
95	3.809900	2.327800	-0.951600	0.000000	-0.446900	6.263700	14.911600	2.350300	3.477100	1.948100	2.583900	8.484800	6.494600	4.086200	4.713800	3.871200	36.227000	32.070000	22.477200	47.289300
96	4.844700	3.298200	0.000000	2.877600	2.222600	10.991800	1.974000	1.309300	3.077600	2.694500	0.224900	1.576100	3.577200	2.369200	4.255900	1.806700	1.625000	3.123800	-0.474800	3.635300
97	1.162300	-0.859600	-1.028700	-0.195100	-0.339400	5.168900	-0.406100	0.897900	0.714900	-0.766200	-2.113400	-1.127800	-0.171900	-0.494000	0.000000	0.024500	1.379100	-1.301900	-1.561300	-0.772600
98	0.055400	0.327700	-0.407200	-0.626700	1.213300	0.058400	0.586700	0.869900	0.000000	0.183800	-0.063700	0.487800	4.567000	1.811500	2.846100	1.736900	2.168600	0.933400	0.877400	2.895100
99	2.566700	1.403100	0.296500	1.139300	1.053600	6.332300	1.495400	1.903800	2.339400	1.373900	0.236500	1.356600	0.000000	1.026700	1.566100	1.112100	3.868900	2.643100	1.810400	0.389500
100	0.771300	0.641100	-0.068800	0.321300	-0.250300	0.234400	0.000000	0.378300	0.408100	0.279200	-0.083500	0.041700	0.705100	-0.069000	0.628200	-0.035200	0.028600	0.025100	-0.194800	0.760200
101	4.699400	4.733300	2.004200	4.027600	3.231600	7.012600	4.031400	1.722500	2.550300	3.047500	0.950100	3.742400	4.645000	3.088700	4.236900	3.996500	1.801000	2.580600	0.000000	3.223000
102	-0.111500	-0.188500	-0.084700	0.024400	-0.020800	-1.139400	-0.295900	-0.073000	0.000000	0.078500	-0.080600	-0.480200	-0.004100	-0.433900	0.097500	0.011800	-0.438000	-0.848900	-0.035000	-0.274600
103	0.000000	1.981200	5.070100	9.949800	10.610100	4.940900	4.463400	9.237500	3.823400	4.040300	4.382800	4.226200	4.552000	4.199400	3.668700	2.732300	6.265600	5.640300	5.535800	6.302100
104	2.955700	2.429500	0.506400	0.600900	0.000000	3.584800	9.741800	2.506600	2.690300	1.720500	1.230000	3.937100	3.029700	3.807000	4.827700	3.614600	11.812500	12.942700	10.120400	9.856200
105	1.991800	1.168900	0.458800	0.002000	-0.140700	2.310000	-0.253400	0.549900	1.456200	1.048300	-0.324500	0.000000	3.107600	0.734400	3.695600	2.123600	2.000400	2.210300	0.637900	2.999600
106	4.934300	2.780500	0.858700	0.000000	-0.659700	5.241000	13.471200	2.697600	4.153900	2.624300	2.362800	7.073700	6.730100	5.696900	4.488800	3.734700	18.183300	14.312600	10.659700	10.584700
107	5.458700	4.003100	0.811800	2.564200	1.099600	4.272100	3.101100	3.780900	4.914600	3.476800	0.919100	3.111800	4.272300	3.330300	4.555700	3.946900	2.482200	0.000000	-0.764300	3.272100
108	3.460800	2.718600	0.529100	1.421800	0.669800	6.190900	0.921400	2.245900	2.681000	1.827500	0.044000	2.579500	2.283800	0.000000	1.997600	2.749600	1.952500	2.641400	1.738400	4.235700
109	0.000000	3.198500	16.387800	11.367500	14.865900	5.677400	18.983700	9.322900	5.525900	6.989200	14.132100	18.071500	16.516400	16.452800	15.061900	15.449700	41.357800	40.062500	36.482400	40.264700
110	5.673300	4.029400	1.635500	2.590800	1.708200	8.097800	0.000000	3.307600	5.054800	3.603100	2.309800	2.318700	6.194100	3.097900	6.616900	4.030000	6.361300	5.330400	4.993600	4.927400
111	0.000000	5.027700	19.940600	11.178100	18.135500	9.781800	24.375400	13.746000	10.431000	8.832700	17.519400	20.558800	19.845600	20.632900	18.670000	16.005500	54.248100	38.211900	36.921400	54.371900
112	2.858900	2.057500	-0.748700	0.000000	0.036400	3.346400	0.839700	1.362000	2.862300	0.966700	-0.160400	0.364400	1.662900	1.552100	3.099000	1.387400	-1.354300	-0.907800	-1.499100	2.825400
113	0.000000	2.852300	12.132500	11.276600	14.825500	10.891900	18.275400	8.869200	4.949400	6.873000	8.761700	12.989800	20.273800	14.678900	10.760600	11.608600	32.213500	25.470300	25.279800	53.916400
114	0.000000	3.847400	3.283400	6.997300	7.233200	15.743600	4.352600	6.924200	3.447200	3.744600	3.318700	4.780400	4.170100	4.539500	4.030700	4.508700	3.739500	2.588900	2.979900	5.582200
115	0.000000	-0.604000	-1.378300	-0.510400	-1.189600	-2.976100	-1.650400	0.158000	-0.025500	-0.151100	-1.717600	-1.709700	-2.216200	-1.171200	-1.726200	-0.840500	-2.032900	-1.221300	-2.120000	-0.580200
116	2.533000	1.313600	5.002400	6.364200	6.864600	4.085900	11.524200	4.511200	0.000000	2.792400	4.028500	8.418400	6.257700	6.092800	5.928600	4.620600	15.828900	5.808200	3.851200	12.284800
117	3.864500	2.384600	0.000000	1.531400	0.562500	8.139200	0.350600	1.956800	3.530400	2.716200	0.167900	1.451400	4.154200	1.909900	4.290100	1.763900	3.523300	4.410900	2.272600	5.060700
118	2.409500	1.590600	0.534200	0.000000	-0.257800	2.640300	1.555000	1.588000	1.603700	1.539700	-0.158000	1.732400	2.643600	1.658400	2.852000	2.326600	0.317800	0.714700	-0.433700	4.243300
119	1.710600	1.706900	1.010200	2.352300	1.874000	4.767300	0.356900	1.419500	1.122400	1.402300	0.814900	1.186900	1.528300	1.628900	0.601400	0.000000	1.072500	0.453800	-0.091300	0.641700
120	0.000000	-0.657100	-2.567800	-1.111800	-1.323600	-1.509000	-3.001200	0.057200	-0.126600	-0.529400	-2.632300	-1.608100	-0.748900	-1.468200	-0.229200	-1.238200	-2.856000	-3.243200	-2.919900	-1.098000
121	0.000000	4.018300	8.779900	9.639100	14.143200	11.677100	16.989800	9.797500	6.816700	6.969300	10.203100	15.048400	13.462000	11.005900	10.811600	10.836300	36.704700	31.969900	25.460400	24.047600
122	4.090800	2.872100	0.172900	1.513700	1.450300	2.580800	1.856400	2.621300	3.173800	1.922000	0.000000	1.181400	3.824700	1.787400	3.732600	2.161300	8.933200	4.092700	4.594300	22.547700
123	1.788200	0.000000	1.211700	1.432700	0.082500	7.601200	5.156100	0.973500	0.294300	2.173700	-1.978000	5.162100	5.478700	4.368500	4.361300	3.805300	16.668400	2.603400	2.592900	5.594500
124	3.422200	2.319700	-0.393300	0.000000	-0.680300	4.263800	1.185100	0.767900	2.627600	1.801900	-0.349300	0.436800	0.914400	1.424300	3.213000	2.428000	2.480900	0.046200	-0.683900	1.165800
125	1.608100	0.822200	-0.922800	-0.563000	-1.050000	-0.079700	-0.289400	0.000000	1.299700	-0.380600	-1.435900	-0.476600	0.214000	-0.239300	-0.246400	0.169900	-0.108300	0.291800	0.492900	1.055600
126	4.493000	2.907500	1.546100	1.973100	1.545500	0.000000	8.156700	3.009000	3.598500	3.051100	0.553200	5.194700	6.357400	6.583200	4.442400	4.083400	23.586800	22.065600	14.474400	18.779500
127	0.987400	0.713500	-0.220200	0.454800	0.281400	-2.236900	-0.504700	1.003000	0.780100	1.237900	-0.359800	0.000000	-0.732000	0.886000	-3.262800	-0.119100	-0.310300	-2.231300	-1.349800	0.438500
128	1.341800	0.362800	-0.567200	0.288600	-0.290400	-1.639200	0.000000	0.554400	0.932500	0.750500	-0.703900	-0.304100	-0.276300	-0.022400	0.157700	1.019700	0.548200	0.433100	0.375300	1.221600
129	0.789700	0.240800	0.162200	0.290100	-0.072200	-1.356800	0.144400	0.387100	0.571000	0.277900	-0.185500	0.060100	-0.949000	-0.320200	-0.636900	0.000000	0.126800	0.337200	-0.739100	0.658500
130	3.013700	1.967100	-0.039900	1.477300	0.792900	1.571000	3.173000	1.539200	2.030900	2.044800	-0.192200	2.541900	1.873100	1.164000	1.830200	1.652300	1.143500	0.000000	-0.651800	1.469000
131	5.727000	4.132000	1.473700	3.631000	2.870000	5.909100	4.222400	3.591000	4.901500	4.401600	1.555100	4.253300	4.322900	3.380400	5.187500	4.063200	-0.858400	1.200900	0.000000	3.408700
132	2.448800	1.693000	1.248200	2.348400	1.849000	5.510500	1.870600	1.951700	1.615100	1.951500	1.027500	1.522600	0.000000	0.904900	1.133600	1.022600	1.985200	1.765700	1.857900	2.414600
133	0.895500	0.250700	-0.477700	0.535500	0.060400	2.147300	-0.348500	0.462900	-0.136300	0.641500	-0.769500	-0.674900	0.000000	-0.282400	0.619100	0.077300	-0.100500	-0.322900	-0.426200	0.127700
134	3.407000	2.487100	1.643100	1.152200	0.000000	4.310900	2.477200	2.691000	2.706900	1.615700	-1.068600	2.142100	2.758300	1.975300	2.474500	2.771200	4.381200	2.965100	3.992300	2.948400
135	4.350800	3.338200	0.000000	2.550900	0.796700	8.979700	0.547400	3.850600	3.776400	3.106200	-0.094300	2.477500	3.592200	2.416300	4.645900	2.807000	5.671400	4.679200	0.136100	4.139800
136	1.429800	1.544900	1.490600	2.124300	1.885600	0.000000	-0.242200	1.839600	0.927000	1.472500	1.669100	0.511700	1.658100	0.938400	1.876500	1.123700	1.808700	1.800100	1.689000	0.960000
137	0.887100	0.225400	-0.100900	-0.016400	-0.610400	0.052200	0.371500	0.577100	0.000000	-0.483000	-0.634200	0.308700	-1.092500	-0.078200	1.142200	-0.153600	-1.407400	-1.306000	-1.587200	0.159500
138	4.190900	2.266600	-1.243500	0.000000	-1.199300	2.233300	7.551900	1.287100	2.816200	1.914100	-1.769700	5.248400	2.074900	3.069700	2.267800	2.967000	6.037800	5.992900	3.542600	1.958000
139	3.409900	4.774400	4.366500	4.476200	4.056600	3.224200	4.812700	3.878600	4.168000	3.935600	4.551000	4.519500	0.457700	4.347700	0.000000	3.015700	4.212800	4.552000	4.831400	4.789300
140	0.864000	-0.522300	-0.828900	-0.580200	-1.096300	-1.510500	1.003700	-0.366700	0.000000	-0.372400	-0.127100	0.373300	-0.140900	0.294400	1.137400	0.622000	0.156500	-0.059400	-0.157200	0.967100
141	0.581500	0.086800	0.113100	1.083300	0.673900	-0.698100	-0.041400	-0.199700	-0.460000	0.781500	0.137100	0.332800	-1.180700	-0.509000	-0.058500	0.000000	0.767700	-0.194200	-0.365700	0.628900
142	0.793400	0.321700	-0.617200	0.811300	0.763400	0.251500	-0.415900	0.304700	0.230400	1.088500	-0.808900	-0.573900	0.000000	-0.371800	0.386600	0.771800	-0.546800	0.011400	0.041700	0.720600
143	5.403300	3.373000	0.054400	3.594100	2.624500	5.057800	5.602500	3.229900	4.894500	3.663800	0.000000	5.099800	3.437300	2.916000	3.823700	3.448700	5.392400	2.910200	0.574900	5.579900
144	4.450900	3.692500	1.462000	2.712400	2.533400	6.319900	3.122200	3.642200	3.815100	3.864200	0.983400	2.946000	3.129200	2.441500	3.854800	3.131700	2.475700	0.000000	0.893100	2.769300
145	0.650600	0.254000	-0.300000	0.888100	0.534300	3.354600	0.168900	0.820100	0.367900	0.088300	-0.276300	-0.043200	-0.251300	-0.171400	0.191800	0.000000	0.033300	-0.559000	-0.308700	-0.003200
146	0.888000	0.789300	-0.448700	0.685600	0.158100	2.826700	0.004900	0.840700	1.216100	1.018600	-0.027600	0.000000	0.984400	0.382100	1.405100	0.584400	0.102700	-0.388900	-0.523400	0.930500
147	4.691200	2.946000	1.042600	3.275100	2.831800	3.189900	4.269100	5.145200	3.638100	3.240500	1.328400	3.251300	4.845200	3.533400	5.150800	3.756200	1.486900	0.000000	0.856900	2.915200
148	6.897100	5.367900	1.811000	3.550100	2.329400	7.967700	4.369100	5.218200	6.375300	5.408000	1.315200	4.805900	5.965600	5.316000	6.727400	4.935100	8.211900	2.128500	0.000000	4.319900
149	2.988000	2.363400	2.436900	2.901300	2.378800	0.000000	2.253900	2.640400	2.576600	2.979400	2.048300	1.863700	2.420500	2.022300	2.813900	2.682600	2.642600	2.757300	2.674800	2.910500
150	1.452000	0.386700	-0.398800	0.880600	0.040200	4.579400	0.000000	0.438100	0.768200	0.984500	-0.757100	-0.267200	0.550100	0.261300	1.199100	0.338800	-0.136600	0.110000	-0.001500	0.546000
151	2.009800	0.000000	6.786600	4.025900	7.535500	6.624400	16.432300	4.174400	1.942000	1.971900	5.355300	14.326800	10.913700	10.008800	7.828900	7.811700	37.655900	30.220400	24.172500	31.087000
152	1.704900	0.662300	-1.520900	0.243600	-0.910900	3.493100	-0.488700	0.067600	0.762300	0.581400	-1.840900	-1.231600	0.140600	0.008400	1.247300	0.000000	-0.037700	3.404600	2.567000	0.575100
153	0.262300	-0.308000	-0.483200	-0.056300	-0.488900	2.533300	-1.009400	0.000000	-0.459200	0.264300	-0.860000	-0.589900	-0.189800	-0.725000	0.264700	-0.476800	-0.853700	-0.581300	-0.618200	-0.401300
154	0.000000	1.134200	0.874400	7.129400	7.869500	3.964300	1.989700	6.659600	3.426100	2.176500	0.528600	1.659200	2.391900	2.302800	2.996200	2.407200	2.537700	2.468200	2.158500	2.701700
155	4.558900	3.450900	0.000000	2.962800	2.074000	6.636900	3.241200	4.536400	4.024200	3.376700	0.354000	3.857800	3.414200	2.753200	4.856900	2.967000	13.986300	11.188100	9.152500	3.872200
156	0.000000	3.493000	2.601300	4.520300	4.234200	8.378400	1.709700	5.038800	4.130700	3.741500	3.312900	0.787700	3.380200	2.543300	3.736200	2.954800	3.266600	3.363400	3.215000	2.156200
157	2.961400	1.464700	1.677800	0.000000	0.272100	4.767200	1.428200	1.233600	2.108800	1.105400	0.656400	1.838900	2.551400	1.905900	3.779300	2.576200	4.705100	5.154900	3.810000	3.818500
158	1.100600	0.883700	1.568600	0.516000	0.812900	4.159100	0.209100	0.480200	0.416000	0.307800	0.792400	0.570800	0.989900	0.858600	0.694300	0.000000	1.302300	1.111900	0.971200	1.360800
159	0.373800	0.051400	-1.770600	-0.531700	-0.742300	0.160200	-0.647600	-0.404500	-0.278600	-0.277600	-1.561000	-0.910100	-0.474100	-0.565800	0.226600	0.000000	-1.373500	-1.833500	-1.140800	-0.384000
160	4.774900	3.112400	-0.454400	0.818300	0.000000	0.749900	5.086500	2.643100	3.685100	2.437600	1.201900	6.087900	2.990000	3.075500	3.087500	2.854000	16.798100	8.650900	1.675100	8.586800
161	4.960800	5.013700	4.330100	4.912400	3.807300	2.910400	5.264800	4.340500	4.514400	4.129600	4.392500	4.733200	2.164500	5.037400	0.000000	3.177300	4.497000	4.935100	4.141900	4.360900
162	1.525400	0.619400	-0.705800	0.454900	-0.630800	-0.930000	0.233100	0.911300	1.297000	0.954100	-0.442400	-0.095500	-0.438300	0.000000	0.537900	0.212100	0.378700	-0.270100	-0.624300	0.246200
163	0.511400	0.000000	0.179500	0.465800	0.292600	-0.665100	-0.146200	-0.422300	-0.580800	0.711300	0.059000	-0.224700	-0.304800	-0.188700	0.119000	0.378900	0.473400	0.457700	0.413700	0.586900
164	5.043800	3.988000	2.982000	4.625200	4.249700	6.485600	3.705100	4.833900	4.257600	4.459800	1.528100	3.487000	4.850900	3.661500	5.561300	4.758500	0.000000	1.598900	0.975200	4.034000
165	5.854100	3.846300	3.501400	3.467200	4.337000	10.261500	5.730300	3.835800	5.281300	4.116500	0.586400	4.427900	3.502500	3.822500	5.250600	4.993900	0.602700	1.102300	0.000000	2.202100
166	-0.013100	-0.127900	-0.607200	0.611600	-0.263400	2.432000	0.064700	0.435600	-0.139700	0.590300	-0.869700	-0.033900	0.000000	0.186000	0.402100	-0.305000	-0.258500	-1.473700	-0.771400	0.371300
167	0.566300	0.521000	0.126900	-0.082200	-0.878300	2.491800	-0.828100	0.284300	0.000000	-0.228000	-0.995500	-0.434300	0.336700	-0.709600	0.731200	-0.068500	-0.244300	-0.272400	-0.316300	-0.442300
168	2.517600	1.446400	2.418300	0.675800	0.413800	5.907900	2.056500	0.000000	1.577900	1.211200	1.195900	2.377600	3.541900	2.642600	3.418500	2.922800	12.900000	9.288900	11.159700	11.153000
169	1.452500	0.803300	0.326300	0.597200	0.084000	-0.757200	0.728800	0.969800	1.279200	1.019000	0.216000	0.639800	0.000000	0.237200	0.893700	1.192000	0.777500	0.562700	0.698300	1.619500
170	4.460300	2.649600	0.549100	1.544000	4.158400	3.943200	2.546500	2.310900	3.344500	2.955500	0.734000	2.053100	4.576500	3.477800	4.017800	2.799100	0.000000	0.418200	-0.233200	1.985500
171	5.956900	4.674600	1.614400	5.165800	6.551800	6.467800	3.136100	3.905400	5.418000	4.281100	1.536000	2.836300	3.791500	3.000100	4.084900	4.034400	5.583600	0.000000	0.375000	2.875900
172	1.579800	0.584700	-0.123100	1.841000	0.720600	5.363100	0.660700	0.461100	0.849100	1.342400	0.118400	0.000000	0.298700	-0.389600	0.992800	0.600000	0.736000	0.338400	0.239300	0.635600
173	4.384000	3.176900	1.411000	2.271200	1.464200	1.963800	4.895200	3.105500	3.571300	3.590900	0.772800	3.030900	4.268900	2.611400	4.007000	3.560300	0.781200	-0.052700	0.000000	2.547800
174	1.810600	0.000000	0.899400	2.545400	4.027700	11.865600	14.947500	0.208500	1.103300	0.409700	1.159700	8.514600	1.620200	2.164200	-0.039700	0.737800	8.807600	17.142800	13.326200	15.459000
175	2.398200	1.485900	0.379800	1.142000	0.418200	4.121700	0.000000	0.867900	1.680500	2.064800	0.372000	0.484500	1.872900	1.155500	1.938700	1.309300	1.761700	1.888400	1.744600	1.246700
176	2.380800	1.141900	0.987000	1.196000	0.974100	3.149500	1.565200	0.000000	0.971800	1.271300	0.438000	1.997800	3.389900	1.629800	4.434300	0.893800	8.299900	7.850400	7.175700	39.872300
177	0.000000	0.412200	4.472600	3.997600	6.248500	4.718800	6.663100	3.070000	2.041900	1.348600	3.304800	5.376700	5.509500	6.812600	3.088100	3.407700	18.426200	11.886300	12.057500	11.623800
178	1.941900	0.411600	0.122300	1.366700	1.359300	4.484300	0.000000	1.906500	1.096400	0.760200	-0.740400	0.271100	1.278600	0.251500	0.710200	0.636300	0.822100	1.062500	3.835400	1.425300
179	1.064800	0.328100	-0.000400	0.795800	0.358500	4.747600	0.091600	1.066900	0.868000	1.214200	-0.238900	0.000000	0.444400	0.006300	0.829500	0.402000	0.216200	0.216900	-0.310300	0.746700
180	0.732500	-0.752200	-2.415700	-2.303500	-2.967400	1.798300	0.711200	0.000000	0.478800	-0.599700	-2.275800	-1.575800	0.667400	-1.420000	1.700400	0.115200	4.860000	3.157800	-0.530400	1.193600
181	1.976400	0.000000	0.020200	0.636400	0.452000	3.689900	12.381700	1.066200	0.889700	1.411300	-0.668000	5.384100	3.788100	3.224500	4.695100	4.013300	2.905300	2.646400	1.993600	4.061300
182	1.480900	0.793400	-0.226500	0.799800	0.156500	4.349700	0.147300	0.650700	0.782800	0.861300	-0.193300	0.316100	0.722500	0.000000	1.720100	-0.354300	0.496900	1.226900	0.888500	1.483000
183	1.148300	0.899300	0.532500	2.009200	1.499100	2.489800	0.000000	2.050000	1.036200	1.220500	0.367500	0.769600	1.492400	0.935400	2.297100	0.774600	0.995900	1.020600	0.935300	0.739000
184	1.105500	-0.290100	0.747500	-0.554900	1.540400	1.608800	5.642100	-0.402400	0.000000	0.039300	-0.202900	1.539900	2.562100	1.561800	6.653600	1.532700	16.398900	21.502500	15.873300	16.400500
185	0.000000	3.070700	3.693400	6.009100	5.967700	8.630000	3.305100	4.451400	3.194800	3.458600	3.446400	3.535300	3.623100	3.353200	3.702100	3.128600	4.864300	3.488100	3.320100	3.333200
186	4.320000	2.765000	-0.047400	2.338300	1.007000	4.894100	2.351200	4.882500	3.633200	2.711400	0.494900	1.930500	4.171800	2.123100	4.688300	2.293400	1.361400	0.851000	0.000000	2.987300
187	0.486700	0.080200	-0.201700	0.312400	0.048600	-1.032000	-1.055800	0.000000	-0.307800	0.423800	-0.252300	-0.048100	0.219600	0.095700	0.497200	0.029600	0.341300	0.035700	-0.071500	0.632500
188	2.566300	1.485400	-1.336800	-0.958600	-0.848700	0.607900	1.896200	0.000000	1.360000	0.060900	0.339000	1.788100	2.630200	3.116600	2.645000	0.508800	0.103600	1.347100	0.932100	1.841000
189	0.148700	0.000000	-1.328100	-0.363700	-0.566400	1.281400	-1.417900	-0.714200	-0.211700	-0.314800	-1.869100	-0.622900	0.217600	-0.347100	0.454000	0.374500	-0.506700	0.055000	-0.028300	0.282200
190	3.336700	2.853600	0.602700	2.534400	1.270600	2.195900	2.732200	2.842200	3.345100	2.731300	0.353100	2.728000	2.836400	2.910900	3.268800	2.969000	1.303900	0.310900	0.000000	2.660800
191	4.222100	2.768200	-0.454900	0.000000	-0.697500	7.112300	1.648700	2.229200	3.336500	2.142600	-0.122100	2.020200	3.421100	2.519000	4.330900	3.331600	6.342500	10.639100	3.879400	3.173400
192	2.362500	1.768800	2.171800	3.265600	3.036000	0.000000	1.886700	3.934400	1.664300	2.730500	1.127700	1.585700	1.865800	2.403100	2.814200	2.690700	1.463600	1.265400	1.038400	3.103500
193	1.609400	0.700300	-0.349800	0.719400	1.666200	6.577100	12.694700	1.492100	0.327700	-0.228200	1.124100	3.850300	5.187100	4.828400	1.713000	0.000000	22.606500	10.288600	6.555200	11.157500
194	2.755200	1.854700	-1.136700	0.000000	-0.637400	1.575100	2.360200	1.544000	1.649400	1.171300	-1.084900	1.587700	2.201300	2.606500	3.320500	1.861700	15.768100	2.875200	3.079700	8.536100
195	9.386300	7.273400	5.518000	4.874900	6.102800	7.146700	6.026300	6.160300	7.691100	7.023900	4.442700	4.996800	9.421000	7.183300	9.371700	6.642800	9.100300	0.000000	2.975300	6.756300
196	3.485700	3.588400	2.667400	3.260400	2.701800	6.325700	3.907000	3.458500	3.663700	3.111800	3.004900	3.416800	2.268700	3.691000	0.000000	1.777100	3.585600	3.551900	3.485800	3.520400
197	4.791800	3.950700	1.072100	3.600200	2.130100	3.824300	5.075000	3.512300	4.291400	4.052100	0.768500	4.100000	5.067500	3.587900	4.180400	3.619100	5.007700	1.114800	0.000000	3.336100
198	0.769700	0.230900	0.219600	0.674400	0.300200	-0.384400	-0.038700	0.036700	-0.217600	0.888800	-0.098400	0.360300	0.000000	0.111100	0.354100	0.469000	0.422700	0.471500	0.453200	0.729900
199	5.270600	3.995000	2.240400	3.519900	2.926200	6.122500	3.020200	4.402500	4.578100	4.391400	1.998900	2.757900	4.375700	3.493100	5.472300	4.112400	2.266700	0.000000	0.623600	2.791900
200	4.805400	2.925100	0.810900	3.290800	2.130200	10.944000	4.997300	4.463500	3.956700	3.823800	0.000000	3.216600	4.755100	2.535400	7.382600	4.399200	15.178700	16.790400	14.192500	25.450800
201	2.125500	1.069800	-0.344700	0.578200	-0.204200	2.109800	0.504700	0.370800	1.308500	1.378800	-0.336100	0.000000	1.367400	0.447100	2.059600	1.642600	0.854600	0.835400	0.764800	1.299700
202	2.600500	1.030600	-0.363900	1.746200	1.013500	1.306900	0.398900	2.535500	2.266600	1.473900	-0.361800	0.000000	1.210000	0.545300	2.129800	1.651000	-0.023300	0.400800	-0.210200	1.016700
203	5.547800	4.036800	4.604100	4.253900	4.351100	9.531200	18.294200	6.197800	5.918000	4.402700	4.400500	11.622200	0.000000	5.360400	7.211700	5.687600	20.715800	16.892900	8.864400	27.068900
204	1.387600	0.000000	0.483200	0.577600	1.525700	7.164900	0.302000	2.878700	0.337400	0.788300	-0.339900	0.082400	0.346700	-0.175100	1.806500	0.901600	0.561600	0.349900	0.109700	1.229500
205	0.059400	0.000000	-0.286900	1.909400	1.241400	3.506900	-0.653100	1.486500	0.198400	0.249000	-0.367400	-0.306300	0.443800	0.130300	0.814700	-0.582900	-0.278900	-0.255900	-0.570900	-0.900400
206	0.000000	2.476500	2.703100	3.864400	4.947300	6.999800	2.135000	3.644500	2.508000	2.666700	2.750800	1.813100	2.799800	2.436400	2.936000	1.674800	3.082800	2.828000	2.836300	2.204200
207	1.114600	0.424200	0.014600	1.178700	0.905100	5.444400	-0.332600	1.422900	0.806500	0.488300	0.055800	-0.270400	0.413800	0.000000	0.717300	0.763000	0.214900	0.225700	0.192100	0.717200
208	2.799400	1.796400	1.315500	0.000000	3.237400	5.652400	0.988200	0.694400	1.850800	0.438700	1.128900	0.766600	1.627700	1.618800	2.374000	1.601200	1.724600	1.414400	1.262200	1.650200
209	0.408700	-0.030700	-0.295400	0.099600	0.242000	-1.054900	-0.001200	0.000000	0.088900	0.084600	-0.964100	-0.447300	-0.052100	-0.166100	0.230600	0.262500	0.110200	0.078900	-1.087500	0.324800
210	1.638400	1.475100	0.462400	1.504200	1.234200	0.814800	0.197100	1.823000	2.214100	1.148600	-0.187900	0.000000	1.629900	0.558100	2.768800	1.088800	1.883900	1.123200	1.060300	1.474100
211	2.293300	1.243800	4.148900	3.524900	2.838100	4.898200	7.457200	4.552000	0.000000	3.653600	3.836100	7.855200	9.470000	7.226900	7.512000	5.278200	17.452200	17.304200	16.091800	40.431900
212	0.000000	2.168800	9.865400	4.490500	6.944500	10.753900	16.086800	4.549900	2.893000	2.726700	9.471600	13.902700	10.470800	14.995500	15.810300	14.248100	28.385800	24.321900	20.468300	20.947200
213	4.952900	3.707100	0.000000	4.975000	5.117000	4.057900	11.755200	3.703600	5.051400	3.282100	1.012000	5.056600	6.796600	3.438000	7.040700	3.998300	18.220600	6.842700	3.607400	3.404300
214	0.000000	1.012800	2.029000	5.098700	5.292700	15.785000	0.657700	4.131300	1.641900	1.049300	1.318600	1.131600	2.143900	1.882800	2.083300	1.447400	1.357500	1.209900	1.145900	1.601700
215	0.000000	2.469800	0.507200	3.885100	3.926100	3.415200	1.855900	3.659700	3.108900	2.047300	1.514900	1.816500	2.978100	2.565500	3.212400	2.273100	2.665500	1.868600	1.322900	2.701100
216	3.023300	2.025100	0.941200	2.375400	2.269300	7.367000	2.340600	4.671400	2.179800	2.387500	1.398100	1.494800	0.000000	1.696000	3.793200	2.182600	4.714500	2.210200	2.256900	3.081800
217	1.415000	1.427600	0.079500	0.000000	0.049600	6.048400	0.184300	1.705600	1.692100	1.337800	-0.111300	0.602700	2.772400	1.190800	2.907500	1.355100	3.319400	4.564000	4.239600	4.410100
218	2.147000	1.292200	-0.299000	0.797500	0.000000	2.070900	-0.209600	2.253600	1.808000	0.028000	-0.848400	0.716500	0.664000	0.444900	1.216000	0.890800	-0.849100	-0.855300	-0.381100	0.740500
219	4.449700	4.077300	1.725200	4.613400	3.307900	4.434100	2.646900	3.699800	4.686200	3.774900	1.247600	4.103000	6.025100	4.744000	5.687000	4.425500	9.307900	0.000000	0.116200	3.009500
220	0.000000	9.915900	20.637100	23.941900	28.130200	18.297000	26.354200	24.573000	15.438500	13.430900	19.537100	26.851500	22.251800	21.743900	21.933700	19.297700	38.519300	40.908100	32.379100	100.839200
221	2.910100	1.583400	1.553200	0.680700	3.024900	1.669500	8.143900	1.719300	1.934800	0.925900	-0.137300	2.954000	3.055700	1.360500	2.917300	0.000000	17.961000	15.179500	7.190800	6.377900
222	3.488500	2.405700	1.845300	2.426900	1.797700	2.466800	0.829200	2.566700	2.739200	2.148200	2.350900	2.573200	2.352000	2.118700	2.691300	0.000000	3.580000	2.731600	2.344200	2.844700
223	0.834600	0.000000	0.659400	0.931900	1.613200	3.468900	-1.697200	1.546800	-0.441000	-0.240600	-0.125200	-1.089500	-0.559100	-0.396300	-0.259500	-0.276500	-0.432700	-0.385400	-0.429500	0.198200
224	0.000000	7.149100	20.476200	20.617400	20.114200	15.286300	40.866000	22.039100	13.187500	13.167300	14.929200	17.711300	27.057300	16.193200	25.603500	18.317300	34.487800	45.403900	27.725300	27.341700
225	4.088200	2.856800	0.171400	3.078600	2.591700	6.378000	6.050400	4.348800	4.099800	2.752400	0.551500	0.000000	5.091800	2.290200	4.512300	3.062200	7.468700	4.264300	2.633400	2.826600
226	2.479700	0.861200	-0.363500	1.671600	0.911400	3.340700	0.323400	3.258200	1.210300	1.327000	-0.319400	0.000000	1.440600	0.594400	1.430500	0.174100	0.067000	-0.340700	-0.083400	0.306700
227	0.823300	0.400800	-0.666500	0.514800	0.005200	-0.904300	0.358900	1.392400	0.000000	0.123500	-0.976800	-0.692000	1.193800	0.227200	1.310800	1.264300	1.403300	-0.194300	-0.714800	0.752000
228	5.114200	3.524100	0.000000	4.215100	3.336900	7.214600	5.273800	5.799400	5.251300	3.584400	0.079400	3.912900	3.097800	3.293000	4.698200	3.241300	19.144600	4.510400	7.725900	13.575900
229	1.246400	0.162200	-1.010200	0.171200	-0.324300	-1.550200	-0.010300	0.771400	0.055200	0.608300	-0.526000	-0.221300	0.274400	0.061400	0.000000	-0.080100	-0.900100	-0.912800	-1.264600	0.620300
230	1.467600	0.718700	0.506300	1.530600	1.155700	4.049000	0.424500	1.192300	0.458200	0.885200	0.151300	0.000000	1.035100	0.783600	1.113800	1.199700	0.986500	0.647900	0.615900	0.923300
231	-0.795200	-0.620700	-1.062800	-0.760900	-1.500800	1.544800	-1.514700	0.000000	-0.831000	0.115800	-0.535100	-0.093500	1.025600	-1.040300	1.151500	-0.150700	0.623200	4.241800	1.292100	0.419000
232	6.108000	4.674600	2.043100	4.030600	3.384000	4.885700	4.359700	5.416200	6.407700	5.125100	2.507100	4.698700	5.686500	4.739900	6.237000	5.805000	5.727400	0.000000	0.966000	3.998100
233	4.165200	3.019800	0.000000	1.660000	0.567500	6.058300	2.814100	3.836100	4.133800	3.121800	-0.197600	2.809000	4.013900	2.524700	4.632600	3.680600	1.638400	6.108700	2.804000	2.923500
234	0.398600	0.000000	0.127100	1.165100	2.167400	3.615400	-0.809200	0.901700	-0.053100	0.949000	-0.067700	-0.427300	0.334200	-0.062700	0.513400	0.445200	0.202300	0.244200	0.208500	0.417500
235	1.413400	0.359100	-0.410000	0.452800	-0.373600	2.303400	-0.041400	1.047700	1.204900	0.847000	-0.673100	-0.005500	0.349100	0.000000	0.748000	0.330400	-0.380700	0.047600	-0.082400	0.748000
236	2.091200	0.000000	6.575000	2.251200	4.599700	6.580100	20.272800	1.420400	1.320300	0.274900	3.341100	13.820000	9.429200	7.866700	8.829100	7.262700	36.054200	23.100400	17.889900	23.200900
237	1.014800	0.000000	-1.390400	0.357600	-0.384700	4.344400	-1.021500	0.246400	0.042500	0.338900	-1.606500	-0.932500	-0.107800	-0.206600	0.967700	-0.047000	-0.845200	-0.620100	-0.826100	0.583900
238	0.341000	0.000000	-0.134400	1.920400	1.267700	9.042800	0.238000	1.744900	0.631100	0.670500	0.027500	-0.109700	0.657400	0.447200	1.258100	0.703800	0.327000	0.030200	0.003900	0.121300
239	2.709000	1.705000	0.991100	1.349000	0.817000	4.107800	0.883500	0.000000	0.889800	1.636400	0.768000	0.344200	2.712900	1.531400	4.185200	1.679500	1.777800	1.278200	2.170500	3.678500
240	0.000000	3.182900	2.896300	4.338200	4.336800	7.670300	2.401400	3.860300	3.040700	3.514100	2.840100	2.450700	3.144400	2.472200	3.356500	2.480400	3.673500	2.835300	2.782300	2.283500
241	2.433000	1.575100	-0.117000	2.743000	2.076000	5.918300	-0.659100	2.726700	2.350100	1.621600	0.292400	0.000000	1.880200	0.853500	2.353200	1.176000	0.810900	0.528700	0.621900	0.942800
242	4.997900	3.634000	0.000000	3.317000	1.798400	4.730900	4.604300	3.648800	4.785700	2.935800	0.256400	1.934500	4.849300	3.208100	5.620000	3.811600	13.449400	9.839900	6.554400	9.339100
243	1.207400	0.595400	0.246700	0.151900	-0.433600	3.607800	-0.113500	0.000000	0.919900	0.278100	0.286000	0.488800	1.015000	0.999000	0.711000	0.333800	-0.298100	0.064100	0.049600	1.089500
244	4.431600	3.383800	-0.600000	1.234700	0.000000	3.816200	1.386900	2.661700	3.840200	2.164000	-0.633400	1.149000	2.957800	2.016800	3.694400	3.193600	2.422800	2.882000	3.132500	2.592000
245	3.358700	1.870800	4.418000	0.589600	0.296500	2.728200	10.737300	0.000000	1.997900	0.872800	3.613800	6.436400	5.890500	4.283100	2.388000	3.914000	22.573600	15.547100	8.469800	22.208900
246	1.051700	0.060300	-1.189400	-1.057000	-1.181800	-0.657500	-0.923800	0.000000	0.073200	-0.321600	-1.262500	-1.442900	-0.214600	-0.717400	0.921200	0.414100	-0.439700	-0.875500	-1.096200	0.538900
247	1.937800	3.275300	0.000000	4.529600	4.740700	8.772700	1.400400	5.058000	3.663700	2.488000	0.334400	1.544500	2.374200	1.145600	2.864300	1.338600	5.084900	5.267700	3.920800	2.988100
248	4.610700	2.657700	0.315300	1.897500	3.716100	9.000800	2.793900	2.695500	3.416600	2.314600	0.339700	2.500600	3.766500	0.853100	3.252000	1.022200	7.684200	3.267200	1.538500	0.000000
249	2.230600	1.023800	-0.341500	0.843900	0.426900	1.978900	0.000000	1.416400	1.554200	0.727600	-0.638200	-0.288800	0.873100	0.770500	1.186200	0.909700	-0.426700	-0.200500	-0.479500	0.936800
250	3.894200	2.297800	0.359100	0.000000	-0.925000	0.079500	4.889500	1.980100	3.705100	1.490000	1.482500	5.147900	3.992500	3.454300	4.482600	2.870400	5.381700	8.033800	5.868700	8.276800
251	0.314400	-0.046700	-0.886300	-1.182900	-0.947600	4.191500	-0.666800	0.000000	0.613200	-0.161600	-1.615000	-1.417600	0.193000	-0.762600	0.339200	0.173600	-0.081600	-0.288700	-0.382700	0.360600
252	2.383000	1.793800	0.349900	1.454100	1.010100	7.096600	-0.182900	1.147500	1.397200	1.453400	0.079500	0.000000	1.639300	0.844800	2.308800	1.764000	3.514500	0.814200	1.536400	2.475200
253	5.344800	3.579800	-0.051100	0.000000	-0.975100	3.361900	10.541400	1.719900	4.257100	2.697100	1.708400	7.821700	4.880600	4.769700	5.090000	4.010000	19.864500	6.252800	1.377600	11.519300
254	0.884700	0.000000	-0.227700	0.195200	-0.210500	2.883000	-1.363100	-0.555600	-0.642700	-0.266700	-0.364200	-0.355400	-0.333100	-0.402300	1.784100	0.908400	1.682800	1.670600	2.135500	0.536200
255	2.300300	1.999300	0.661600	1.374300	1.076800	0.000000	1.186600	1.674000	1.874000	1.773200	0.384700	0.908100	1.207400	1.437300	2.180100	1.909200	1.413700	0.913800	0.735700	1.474200
256	0.338800	0.000000	0.965400	2.761700	2.659200	10.123700	0.517600	1.018500	-0.519700	0.487300	0.620800	0.446300	0.913800	0.966700	-0.954600	0.198000	1.578000	-0.846200	-0.836000	0.797200
257	0.382000	0.086400	0.003300	0.025400	0.041000	-0.193800	-0.146900	0.000000	0.211400	0.086200	0.138300	0.007100	-0.463600	-0.242500	0.060600	0.093700	0.081800	0.044200	0.044500	0.156200
258	0.000000	3.345800	3.442200	3.841200	3.663400	6.048700	3.237300	3.789100	3.495200	3.390400	3.320800	3.339500	3.225100	2.834200	2.696900	3.356900	3.354700	3.256800	3.158800	3.483500
259	-1.498800	0.530500	2.058100	2.139900	2.199800	2.740400	1.205500	1.889900	0.000000	1.741600	1.358100	1.246100	-0.074100	1.491700	-0.159200	1.323500	-0.154800	1.586100	1.541700	1.731400
260	0.000000	3.761400	4.896800	7.170000	8.398700	5.019300	4.710700	8.350400	4.298000	4.466400	3.550500	4.067300	5.697900	5.491100	6.414000	5.366400	4.979700	5.476500	5.838500	6.018800
261	6.303100	4.885300	2.700000	3.344200	4.075700	8.101800	3.387100	4.615200	5.710900	4.384400	1.645500	2.649700	5.830600	4.679500	6.787400	4.784000	1.761400	0.000000	0.282100	3.806600
262	0.512700	-0.797800	-2.079200	-1.344400	-1.958500	2.678000	-2.282900	-0.175900	0.000000	-0.777700	-1.957600	-1.584500	-1.351500	-1.426900	-1.446800	-1.142600	-1.114900	-1.429700	-1.796500	-0.723400
263	6.049900	4.018600	-0.276000	0.000000	-0.550100	7.250400	10.177500	2.859100	5.163800	2.969200	0.881100	6.338900	5.624800	4.083200	5.138000	3.619800	11.797300	10.404500	6.935600	5.326200
264	2.289700	0.717800	-0.987600	-0.859700	-0.618800	1.986400	0.155000	0.000000	1.463500	0.574400	-0.862800	-0.374000	0.882500	0.602400	1.975600	1.073200	1.056700	-0.504500	0.533300	0.989000
265	6.388500	4.886000	2.249900	2.584200	2.217300	6.755400	4.339200	4.758000	5.950900	4.262600	0.000000	4.512400	6.085500	4.573800	7.307700	5.730300	15.230900	11.772800	6.677800	8.970500
266	2.169500	1.071500	-1.263700	-0.229000	0.005300	1.593600	-0.331700	0.937500	1.674500	0.547000	-1.175700	-0.778400	0.000000	0.009400	-0.079700	0.173900	-0.056400	-0.848900	-1.145700	0.422800
267	1.634500	0.262000	-1.277000	1.347200	3.002700	-1.107000	-0.127200	2.132300	1.615900	0.412100	-0.989300	-0.473300	0.485700	0.000000	2.214200	0.604900	0.827800	0.169000	-0.108100	0.717700
268	3.964400	2.844800	-0.018800	0.975600	0.000000	5.900300	1.963500	2.157800	3.051700	2.487500	-0.395300	1.238800	4.001100	1.979300	5.571100	2.891700	3.835000	3.569800	2.041900	2.669100
269	2.995900	3.809500	3.121200	4.346800	4.014300	4.906700	3.064300	4.433800	3.547100	3.147900	3.719400	3.139500	2.203000	4.132800	0.000000	1.876900	5.481000	3.286800	3.310600	5.049900
270	1.971500	1.357500	0.106200	1.306500	0.725200	-0.129400	0.704600	1.493600	1.534100	1.210300	-0.306200	0.468500	0.000000	0.388900	1.568500	1.375500	0.435200	0.213400	-0.041200	0.994800
271	0.615000	0.301900	-0.162000	1.347000	0.633500	1.862100	-0.292400	1.070400	0.741300	0.828300	-0.039100	0.024600	-0.185100	0.000000	0.554000	0.061900	0.407200	0.188300	0.074200	0.221400
272	0.000000	5.140900	5.827800	7.796300	6.775800	13.484300	9.231900	9.140800	6.926500	7.553400	4.956200	7.439100	7.356200	7.320600	8.513500	7.286000	7.467600	6.947400	6.524600	7.733200
273	2.530200	1.891200	1.350600	1.985200	1.564300	4.460900	0.922700	2.512200	2.374900	2.050700	1.697700	0.887600	1.863400	1.079600	2.420000	0.000000	1.685200	1.193300	1.121100	2.042300
274	1.094200	0.305300	-0.163400	0.000000	-0.319700	-0.170400	-0.284800	0.258600	0.367100	-0.044000	-0.916000	-0.619500	0.361300	0.640400	1.101000	0.533100	0.243500	-0.572200	-0.725600	0.268100
275	0.908700	0.405100	-0.100100	0.000000	0.482100	4.414600	-0.319400	0.619100	0.585300	0.343700	0.199900	-0.502600	0.534400	-0.146300	0.701900	-0.011100	0.962900	0.527600	0.498800	0.634700
276	0.436900	0.000000	-0.071100	0.486900	0.797200	4.199900	-0.945300	0.269700	-0.729300	-0.127900	-0.283800	-0.752400	-0.661200	-0.402300	-0.636200	-0.224600	0.130800	-0.333500	-0.548200	0.245700
277	0.849500	0.359900	-1.430100	-0.360200	-1.506600	1.700500	-0.827300	0.000000	0.222600	-0.420000	-1.275200	-1.058100	-0.511000	-0.602900	0.608200	-0.334300	-0.969200	-0.604000	-0.761300	-0.297100
278	3.646900	2.691800	0.280600	2.155700	3.643200	4.758200	1.616200	2.951700	3.382200	2.441700	0.490000	0.000000	2.889500	0.972900	4.448200	3.063900	1.876200	0.753100	1.106900	1.541600
279	2.119000	1.183000	0.134200	0.000000	-0.367700	2.045600	0.272000	-0.463800	0.250900	0.803600	0.331000	0.016100	0.826100	0.319500	-0.746100	-0.181800	1.252000	0.801400	-0.298600	0.382700
280	5.468700	3.661000	2.909100	0.000000	0.732300	4.876800	12.744600	1.966400	4.254900	2.652900	4.857100	6.789100	7.661400	6.223300	7.329800	4.728800	25.486700	15.633300	12.199300	12.919900
281	1.202600	0.461700	-1.286600	-0.915900	-1.629100	2.405300	-0.611400	0.000000	0.924400	0.219700	-1.058100	-0.637700	-0.069100	0.066500	0.297400	0.158800	-0.739600	-0.918900	-1.180800	0.233700
282	2.011400	0.000000	3.181600	0.045800	2.027700	3.306400	15.655100	0.046100	0.517200	2.320700	2.863800	7.018900	9.460000	6.518500	4.880900	3.305700	33.409700	17.337600	14.589000	47.288100
283	0.485400	-0.323200	-0.801500	-0.053200	-0.778400	0.563800	-0.537500	0.216900	0.236900	0.336300	-1.261700	-0.642900	-0.618700	-0.888800	0.000000	-0.122500	-0.530700	-0.670500	-0.766700	0.143700
284	4.067600	2.821300	0.824800	2.307400	2.218600	6.767700	0.000000	2.454400	3.107500	2.825900	0.282600	1.513500	3.840600	1.790500	4.449000	2.793400	0.177800	1.376400	1.124100	1.775400
285	6.098800	3.867600	0.148800	0.000000	-0.036200	5.532900	10.170200	2.879000	5.193100	3.012000	2.020500	7.224500	6.366300	5.586800	5.670500	3.276500	21.240800	11.114800	8.014700	9.484700
286	7.768700	6.210500	1.559900	3.712800	2.213900	7.483000	5.952600	5.278600	6.980500	4.991500	1.879500	4.719400	5.995500	5.214900	6.606800	5.431300	-0.147700	0.892800	0.000000	3.883300
287	7.582200	6.058900	1.698800	5.009800	3.611600	6.729400	5.545300	6.014800	7.152100	5.163000	1.764300	5.350800	6.936200	5.399600	7.284600	5.340400	1.147500	1.068200	0.000000	3.427700
288	0.866700	0.000000	4.848000	2.838700	4.072800	4.842900	19.323200	0.913100	0.822200	1.124400	4.457900	9.879600	8.827900	7.139600	4.677400	2.651100	35.410200	20.803100	16.934200	27.302100
289	0.590300	0.000000	-1.330000	0.493400	2.013400	1.128400	0.113600	1.630400	0.727800	0.405100	-1.495200	-0.353900	0.469600	0.344400	0.535200	0.062300	-1.499000	-0.879600	-1.837900	1.188100
290	0.000000	3.480300	2.852900	4.972700	4.697700	7.195400	3.731300	4.657500	2.665200	3.755700	2.479400	3.880400	1.741100	3.536900	0.459700	2.616700	2.490800	2.744300	2.422700	3.412200
291	1.412000	-0.061000	11.562900	3.521000	4.809600	-1.334500	7.966900	2.191200	0.000000	1.498300	4.822500	6.135800	5.370900	4.898900	4.849300	3.675100	16.977400	16.333000	13.915700	33.501700
292	3.209100	1.815100	0.080400	0.000000	-0.204700	-0.157800	5.875800	1.389600	2.115600	2.741300	1.344500	6.636600	2.133200	2.559400	2.481300	0.996900	12.300700	11.991300	6.389900	6.686800
293	0.000000	1.484000	0.980400	3.317900	2.985700	0.923200	1.614800	3.908400	2.299300	2.149400	0.978200	2.621000	2.464800	1.387300	2.344100	2.253900	0.589800	2.253900	1.823300	2.795500
294	3.216000	1.565700	2.612900	2.092100	1.819800	9.383200	16.930100	0.000000	1.267000	1.969000	5.118000	10.432100	8.757000	7.397900	4.664400	2.128700	30.250500	18.735400	17.227200	18.326700
295	0.767300	-0.700400	2.829000	0.295000	3.029300	1.728100	15.556300	1.701800	0.000000	0.016200	4.484500	11.668100	8.628000	8.025800	4.054000	2.941100	36.431900	28.223600	23.482500	25.632600
296	2.779200	1.577100	0.695600	0.609200	-0.152200	6.097200	0.879500	1.091600	1.745000	1.657400	-0.409700	0.000000	1.958500	0.694100	2.960400	2.708700	2.139500	2.690000	2.539300	2.621800
297	3.932200	2.742200	0.000000	2.078300	0.802900	5.328600	1.205900	2.486300	3.206100	2.965800	-0.068600	1.614600	3.295300	2.304200	4.036400	2.655200	2.937500	1.619200	1.119300	2.212200
298	6.195700	4.652800	0.000000	2.121000	2.621900	6.980200	8.580100	4.324400	5.913900	4.351500	0.108900	4.280200	5.225100	2.835600	6.120900	3.841500	12.579300	5.097900	2.608100	3.726100
299	3.453500	1.685600	-0.251300	0.000000	0.402900	4.494200	2.105000	2.239500	3.199800	1.910500	-0.352300	1.765800	1.778300	1.269000	3.849600	2.077500	13.788300	15.492200	9.824000	14.540400
300	0.914000	-0.736500	-0.608100	0.719900	0.158700	4.568300	-0.709800	1.639400	0.000000	0.244800	-1.892800	-1.062300	-0.523500	-0.495900	2.239000	0.663300	3.147400	-0.548000	3.736900	2.606800
301	3.127200	1.572500	-0.253300	3.052800	4.731100	3.955600	5.913900	2.388200	2.152000	1.411300	0.000000	1.373800	3.266200	2.987300	3.433100	2.204200	3.103900	1.103600	0.028900	2.650400
302	2.773100	1.500200	-0.234700	2.469100	1.507000	6.251100	-0.464100	1.349900	1.931100	2.139600	-0.176500	0.000000	2.178600	0.857600	3.166600	1.303300	1.190800	1.296900	1.230700	1.935400
303	1.523800	0.000000	-0.975900	0.275800	-0.338100	1.827700	-0.132400	0.529300	0.970700	0.557100	-1.100000	-0.337500	0.106800	-0.395300	0.986200	-0.262300	-1.161200	-0.808800	-0.999100	-0.193400
304	0.929200	0.734000	-0.952900	1.541700	0.641000	2.965700	-0.465600	1.619300	0.778400	0.778600	-0.743200	-0.698800	0.105100	0.000000	0.404500	-0.583400	1.878200	1.885400	0.983000	1.584800
305	0.000000	2.686000	2.388900	4.568000	4.220600	7.035200	2.012900	3.521200	2.665400	3.735500	2.174000	2.039300	2.514300	2.209000	2.872500	2.265200	2.319200	2.269600	2.087100	2.268600
306	0.981700	0.273900	-1.621800	0.767500	0.846400	3.251800	-0.219800	1.490100	1.183200	0.533900	-1.129900	-1.025400	0.092700	-0.363000	1.159900	0.821900	-0.474000	-1.121700	-1.444400	0.000000
307	5.822100	4.014800	0.000000	3.427500	4.167900	5.993500	5.506400	5.807900	4.161800	3.506400	0.525000	3.848100	5.021100	2.765500	5.309200	3.208700	9.131700	0.774100	-0.397000	3.481200
308	2.693100	2.258100	2.395700	3.112300	2.545100	0.000000	2.194500	3.181000	2.712800	2.940400	2.614200	2.218900	2.264100	2.579400	2.700300	2.696200	2.916600	2.867700	2.899900	3.073900
309	0.813800	0.207200	-0.676100	1.208700	0.706600	3.179700	-0.736100	1.654900	0.468600	0.442800	-0.691200	-0.345700	-0.497300	-0.317100	-0.314700	0.000000	-0.118500	-0.557800	-0.583300	0.054500
310	5.849500	4.417300	0.000000	3.701200	2.492400	9.060100	9.315900	4.319900	4.827400	3.861000	0.139300	4.204400	5.310200	3.311700	6.269500	3.995600	12.791500	6.704900	2.566900	3.482500
311	0.821500	-0.219400	-0.631600	0.243200	0.735200	-2.775200	-0.144200	0.095100	0.000000	-0.032900	-0.451500	-0.020300	0.857500	0.900700	1.436400	-0.075200	0.735600	-0.585600	-0.859500	-0.773300
312	0.258400	-0.121900	0.183600	0.592100	0.417900	-1.114400	0.189000	0.534800	0.000000	0.397900	0.336400	-0.019000	-0.330300	0.358900	0.162800	0.442200	0.540900	0.593200	0.541100	0.634300
313	1.260900	-0.025900	-0.793900	0.183500	-0.260200	0.237600	0.222000	0.770500	1.007400	0.356900	-0.887700	-0.012600	0.141300	0.000000	0.671800	0.764400	-0.658800	-0.271700	-0.070000	0.988700
314	5.297100	2.985700	0.159300	0.000000	-0.304800	6.452800	1.105000	2.049000	3.777500	2.462500	-0.252500	0.890900	5.298400	3.488000	4.957700	3.077700	14.037400	0.682700	0.478700	1.910200
315	0.000000	4.718400	8.220400	11.004000	13.007600	11.314500	7.660500	11.290700	7.327500	6.084400	6.210300	7.246900	7.835800	7.916500	10.103000	8.265000	12.653300	10.324100	9.983000	34.105000
316	0.456900	0.273100	-0.480100	0.969500	0.460300	4.181900	0.314600	0.965000	0.383400	0.257300	-0.325200	-0.065100	0.000000	0.277700	-0.278000	0.385700	0.362000	0.061200	-0.080800	0.631600
317	0.000000	3.646700	3.588500	7.342700	7.350300	7.935600	4.097100	7.036600	4.082800	3.866200	3.454100	3.774500	4.601300	4.472400	4.771000	3.698900	3.667000	3.665600	3.521900	4.680600
318	6.254500	4.836000	3.421400	3.063300	4.644200	7.158900	5.406900	5.707400	6.232500	4.866300	1.762400	4.837200	5.723700	5.111500	6.360000	5.153000	0.000000	1.194000	0.392100	3.775400
319	0.000000	3.706700	4.771300	4.932200	6.761900	11.876800	4.247300	5.007900	3.246300	3.379800	3.467200	4.961200	6.184900	4.463700	6.057200	4.117500	15.466800	15.941200	11.993500	12.366300
320	0.838200	-0.324400	-1.349100	0.717900	0.465600	-1.074700	6.722000	3.959800	1.263100	-0.295700	-1.366700	-0.460900	2.625200	0.997900	0.366300	0.000000	9.145100	1.521500	4.266700	6.147400
321	3.499900	3.004600	1.278300	5.307900	5.960700	11.381900	16.932300	3.251300	3.005600	2.645000	6.178000	6.826800	6.665700	3.849800	3.226100	0.000000	31.710900	25.214300	15.989100	17.523900
322	0.000000	7.037600	23.941900	21.805800	26.503300	9.716400	24.369700	19.919800	8.864300	11.974700	15.472600	23.594300	19.536400	21.109600	19.657700	19.329500	39.454000	33.305700	37.599300	67.862150
323	2.005700	0.595600	-0.569600	-0.598600	-1.411600	5.235300	7.971600	1.502100	1.586200	0.474400	-0.503600	3.813800	3.231300	1.569200	0.213800	0.000000	21.289800	12.342200	8.461600	17.729600
324	4.189300	2.772500	0.230500	0.748200	0.000000	4.806800	8.432900	1.882300	2.972000	2.295500	0.662700	2.045100	5.006100	3.237200	4.499600	3.447500	24.143300	9.851600	8.975100	3.403000
325	4.788500	3.365000	-0.261900	1.310600	1.697800	4.475700	2.514900	3.201200	3.265600	2.191100	0.000000	2.131600	1.704500	0.365600	4.930300	2.485600	4.662000	7.759500	6.200900	9.151000
326	3.689600	2.569100	0.557500	0.000000	-0.212800	3.123200	8.228400	2.548100	2.604100	1.968500	-0.022300	5.778700	3.106900	3.456700	3.587600	2.130800	15.240300	12.851400	7.455100	18.246200
327	0.000000	-0.521400	1.074000	-0.082300	2.112200	-0.525000	13.662000	1.035100	2.433700	0.677000	1.538100	3.421000	5.975200	4.394300	6.742300	2.836900	8.998800	11.743400	17.223800	26.489000
328	4.923000	4.070100	0.362800	2.062000	1.154200	5.161100	0.000000	3.543900	4.417600	3.190200	0.883600	1.814200	4.884500	3.201700	5.628300	3.532300	17.178000	15.601200	9.559900	4.134600
329	1.236900	0.000000	-0.889700	0.498400	-0.012200	2.599300	0.297100	0.984100	0.654000	-0.057000	-0.759900	-0.133700	-0.118100	-0.247900	-0.198300	-0.189400	-0.264500	-0.988100	-0.880800	0.272900
330	2.764600	1.495600	-1.147100	2.107600	1.231300	4.135600	4.017800	2.207600	2.157900	1.049600	-0.888900	0.300900	0.679100	-0.421100	1.393000	0.000000	5.730200	-1.837900	-0.423100	0.980200
331	0.701100	0.432100	-0.664200	0.818200	0.786600	-1.723600	-0.850500	0.609200	0.176300	0.487400	-0.835700	-1.863600	0.004300	-0.001600	-0.149200	0.164900	-0.101500	-0.278700	-0.092300	0.000000
332	1.442500	0.599100	0.424400	1.193200	0.724400	-1.468800	0.069600	1.277400	1.095500	1.227800	0.000000	0.044800	-0.306500	0.331900	0.755800	0.799200	0.798200	0.775100	0.762000	1.063800
333	0.535600	0.485700	0.266200	0.622600	0.496300	-0.008700	0.016300	-0.027800	0.413200	0.330800	-0.111600	-0.014600	0.468600	0.355800	0.450600	0.371400	0.000000	-0.175500	-0.337900	0.533000
334	-0.216100	-1.674600	-3.273800	-1.472200	-1.118800	3.599000	-0.926700	0.619100	-0.063200	-0.808300	-3.298900	-0.751200	-0.419600	-1.553800	0.000000	-0.554900	-2.451000	-2.385500	-2.509000	-1.078700
335	0.868900	0.000000	-0.222500	1.436700	0.976200	-1.692400	-0.220500	2.269200	0.672600	0.868100	-0.466000	-0.188800	0.025900	-0.014300	1.738900	1.032500	1.542500	3.220400	3.386500	2.452400
336	0.496400	-0.310800	-0.353100	-2.004800	-1.225000	-0.303200	2.521500	0.000000	0.137900	-0.665700	-2.218200	-1.272900	0.374100	0.185800	1.017700	-0.297000	9.405400	8.356100	5.332100	19.698000
337	0.000000	3.594600	4.676300	6.911000	6.459500	12.584700	3.921800	4.787800	3.196700	3.119800	3.380300	4.074700	4.472900	4.238200	4.480000	4.558500	17.996300	10.886200	9.986400	40.624900
338	-0.172200	-0.282900	-0.701200	-0.131700	-0.399400	-1.026200	-0.699200	0.096500	0.000000	-0.330400	-0.611100	-0.745000	-0.862000	-1.153700	0.031500	-0.226600	-0.162700	-0.348300	-0.427600	0.108900
339	1.870600	1.062200	-0.099900	0.206900	1.369500	2.331200	0.443400	1.406600	1.615800	0.909800	0.362800	0.000000	0.689200	0.558100	0.219000	0.342500	0.270400	-0.004800	-0.171800	0.680100
340	2.243500	1.096700	-0.375200	1.176400	0.901700	1.801500	0.857100	1.474000	1.105500	1.309100	-0.160600	-0.503700	1.563000	0.000000	3.399500	0.779200	9.596300	10.858200	6.499300	6.747600
341	1.383400	0.000000	8.425500	1.528400	5.473700	5.687100	13.548800	1.694400	1.441500	0.302600	6.644700	12.103100	6.652000	6.681700	4.997800	3.793200	43.123200	29.183600	25.079000	29.330100
342	2.075600	0.864200	-0.571100	0.863800	0.857300	1.990800	7.816600	0.000000	0.603300	0.595000	2.723400	3.688600	5.771600	5.466900	2.968700	1.232800	9.105500	8.527600	7.039400	29.427300
343	5.293000	3.998000	1.026600	1.156200	0.000000	4.462100	6.150300	3.306100	4.736500	3.159000	0.516900	4.272300	4.827800	3.083900	5.209500	3.962200	14.054700	11.394100	5.456600	10.342700
344	3.533700	2.174900	3.642700	2.715400	2.723800	0.000000	1.706600	2.269400	2.705500	2.526400	3.303900	2.084600	4.673300	3.289900	6.869800	4.514000	5.844400	6.832100	3.953600	26.265000
345	1.517600	0.212600	-1.417600	-2.566000	-1.596900	-0.415000	5.953700	0.000000	0.524800	-0.193500	0.190400	4.585900	2.846800	2.586300	0.548000	1.742100	7.437800	5.214000	4.980800	6.888000
346	4.874100	3.565000	-0.004300	0.874400	0.492200	4.782300	4.170500	1.792900	3.680200	2.780700	0.000000	3.446300	3.120300	2.540300	2.597400	2.286500	8.686900	2.194700	1.880200	5.402100
347	0.000000	-0.952000	0.198400	-0.131700	3.159600	4.684300	1.300000	1.130100	-0.767300	-0.975000	-2.820200	-1.835500	3.091100	0.945500	3.329500	1.737800	17.826700	10.510900	11.907500	3.779200
348	5.405600	4.313200	0.513000	1.333600	0.000000	4.762300	4.564500	3.084800	4.935300	3.214000	-0.107800	4.271600	4.205600	3.670400	5.018200	3.141800	9.729200	6.473400	3.263900	5.888100
349	2.456700	1.749300	0.468100	1.078400	0.837600	3.371700	1.763000	2.011000	2.434800	1.821300	0.560200	1.273100	1.483500	1.633100	0.000000	0.923600	0.382300	1.567300	1.937500	1.773400
350	2.995200	1.677400	1.164400	0.631700	0.262700	6.207700	2.270200	2.132000	2.397800	1.077400	0.880400	2.118100	2.709100	1.096400	3.435700	0.000000	2.342300	2.400900	4.876100	2.588300
351	4.141900	3.085000	1.057000	2.658100	1.945300	4.559100	2.838300	2.669300	3.297200	3.306000	0.758700	2.963100	4.192000	2.784800	4.807700	2.986400	0.000000	1.738600	0.770100	3.514400
352	0.035500	0.000000	-0.279400	0.317900	0.047800	-0.498800	-0.449600	0.300000	-0.124400	0.083500	-0.518800	-0.614200	-0.358200	-0.292800	0.240200	0.137300	0.268700	-0.444300	-0.407500	0.069700
353	3.552900	2.789300	2.539900	2.350200	2.126400	5.571600	2.736200	2.963900	3.738900	2.385100	2.354900	2.306800	1.719200	2.579900	0.000000	1.835800	2.927700	1.908800	2.593000	3.007000
354	1.080300	1.460800	1.222000	1.503800	1.352200	0.000000	1.063700	1.415100	1.825000	1.312600	1.033700	1.305200	1.426700	1.247700	1.514200	1.309400	0.812700	0.813500	0.798400	1.300000
355	0.642500	0.299800	0.248500	0.973500	0.507700	2.297200	-0.289900	0.000000	-0.610900	0.343800	0.188600	-0.347000	0.477700	-0.201400	0.692900	0.106600	0.458000	0.005900	-0.058200	0.046900
356	1.149700	0.000000	4.699500	2.181500	3.551600	3.126200	0.769300	2.611300	1.005000	0.592800	0.276200	2.954000	3.892800	1.886800	6.815300	4.984600	9.597100	13.133400	10.982700	40.734300
357	3.405300	2.534200	4.606100	4.242600	7.858900	0.000000	5.129800	3.978100	2.643800	3.600600	3.967800	5.069300	4.206200	4.318900	4.599100	5.407300	18.392600	23.077400	21.543600	21.556800
358	4.921400	3.384900	1.310800	0.749500	0.000000	5.212700	7.059500	3.089500	3.525700	2.774700	-0.009600	2.605600	4.476900	3.451900	6.204100	3.894300	13.383000	9.921100	5.045600	5.523100
359	5.243900	3.805400	1.681700	1.859900	1.993800	8.204400	0.788100	2.498800	3.562500	2.859100	1.227100	2.114500	4.981000	3.138600	5.124400	3.823400	-0.718600	-0.693900	0.000000	2.358500
360	1.983900	0.000000	1.076700	-0.039500	1.458100	2.997700	11.125900	0.754500	0.917400	0.848300	1.093400	6.724700	3.079000	4.649900	2.916700	2.313200	25.234400	19.386600	16.725200	30.188700
361	1.885600	0.520000	-2.510100	-1.153400	-1.539600	-0.506800	0.505400	0.844800	1.984800	0.433600	-2.448700	0.202600	0.000000	-0.455300	1.358800	1.445900	7.991200	7.658700	5.886000	20.571300
362	4.267300	3.413400	-0.216200	1.392100	0.000000	2.111000	3.829400	2.997400	4.053300	2.806600	-0.150100	2.412700	2.997400	3.378100	3.948700	3.543500	10.655300	5.893600	3.489900	3.381300
363	1.374800	0.000000	-1.996100	-1.152900	-1.011500	2.646400	-1.428900	1.030700	0.632100	-0.714500	-2.264100	-1.668500	0.517400	-1.477800	1.668400	-0.575300	-1.745100	-2.234800	-2.487900	-1.431900
364	3.214100	1.995300	8.346700	5.315000	5.986800	0.000000	3.141100	3.068400	2.817700	2.789600	2.238000	1.843700	3.475300	2.976200	4.633600	4.084300	10.413700	17.318700	12.330300	36.832100
365	6.087100	4.434100	0.000000	2.712200	2.010300	5.058800	6.649800	3.943700	4.972200	3.100900	-0.147900	3.845300	4.278600	3.241800	4.928300	4.005700	12.317100	8.011600	3.864200	3.485500
366	2.901300	2.031300	2.293700	2.352200	1.933600	0.000000	2.137700	3.334300	2.609100	2.185700	1.591800	2.984900	4.362600	3.402200	3.090800	2.829000	5.161100	1.528400	1.108100	2.923500
367	1.233800	0.000000	-1.160800	0.194100	-0.357800	2.253500	5.438900	-0.390100	1.503600	-0.431600	0.460100	4.983800	4.806000	0.884800	2.398200	1.588100	8.931000	5.905400	4.860300	44.087500
368	0.000000	2.504400	1.949900	4.827900	4.480600	7.800900	1.884800	3.580000	2.628600	3.779500	1.845200	2.205800	2.363400	1.838500	2.813500	2.328100	3.227100	1.876000	1.614100	2.271000
369	0.985100	0.735700	0.000000	0.925100	0.627700	3.908800	-0.320700	-0.309400	0.777700	0.111500	0.019300	0.181600	0.309100	-0.184100	-0.096800	-0.120500	0.788500	0.014800	-0.149300	1.101100
370	2.366100	2.079900	0.962200	1.474400	1.096300	1.551000	1.276500	1.565000	2.377900	1.790600	1.099000	0.959400	0.000000	1.706700	1.438800	1.675700	2.055100	1.617100	1.434000	2.492800
371	1.980200	0.924000	-1.003200	-0.398200	-0.749300	0.865400	6.370500	0.000000	1.171400	0.618600	-0.478100	0.017600	2.941500	-0.535200	1.480600	0.093800	18.519300	9.502900	3.873600	3.052300
372	2.054500	3.467200	1.465300	4.633700	4.780200	8.355300	1.946100	4.309100	3.898800	3.034900	1.351500	1.498300	3.300400	2.846800	4.300700	2.452800	0.407400	0.000000	0.107400	2.428500
373	4.683700	2.847500	0.099100	0.000000	0.096400	9.062100	11.036700	2.349200	3.831000	1.893900	0.891700	8.401900	4.890000	5.470900	3.508300	3.581900	14.745800	16.918700	9.186300	8.239800
374	1.411300	0.116300	-3.562500	-1.182000	-0.441600	0.796000	1.273200	-0.032000	0.000000	-0.747800	-3.211200	0.654100	-3.119000	-1.760700	-0.991000	-1.297200	19.755000	17.425000	8.885500	24.424700
375	5.162300	3.834200	0.000000	1.175000	1.207000	2.741900	0.387000	3.044000	4.718100	3.167300	-0.267100	1.720600	4.079800	3.164800	5.369500	4.027800	5.451700	7.657900	3.731500	3.518500
376	6.805800	5.327600	2.959200	3.694800	3.186100	8.465900	5.688500	4.975300	5.574300	4.889800	1.764300	4.752600	5.926000	4.276000	6.682700	4.678500	0.960500	0.000000	0.912600	4.048300
377	3.928800	3.062400	0.000000	1.051200	0.457100	4.468700	1.040300	2.332100	3.101100	2.537900	0.510400	1.357600	3.284000	1.755800	4.344500	2.415800	3.885300	3.210600	2.960700	3.421500
378	1.976200	0.000000	0.532800	-1.402600	-2.050100	0.883800	12.514600	0.464200	1.460300	1.026300	-1.000100	7.707400	3.340400	2.129900	2.386300	1.148200	24.522100	18.821600	12.552600	28.647700
379	4.732100	3.621200	1.638200	0.776900	0.000000	3.890300	1.751100	3.077100	4.160000	3.019100	0.347300	1.217000	5.860200	3.872000	4.139100	3.987600	11.375500	8.365500	-0.013400	4.925800
380	1.719900	0.172900	0.550200	-0.845200	0.179100	3.865400	12.127800	0.000000	1.039900	-0.395000	1.985800	6.606100	5.842800	4.707200	4.548900	1.389600	24.762100	14.973300	10.662600	12.084600
381	1.851000	1.028700	-0.272300	2.351300	4.244600	6.458400	0.331000	3.400800	1.587100	0.922600	-1.071900	0.000000	1.116800	0.170400	0.555300	1.169500	0.385100	0.309600	0.407900	0.754400
382	3.051500	1.765100	0.172800	1.114600	1.769000	4.652200	5.836300	0.957400	2.322700	1.048000	0.593100	3.833600	3.354400	1.448800	1.384400	0.000000	30.868300	16.752600	12.377200	24.267700
383	2.162200	1.971100	1.724700	2.172500	1.919800	0.000000	2.197300	2.703400	2.130400	1.691800	1.726500	1.751800	1.758200	1.905100	1.803900	2.056700	2.590100	2.042100	2.293000	2.501600
384	2.365800	0.999900	-0.054900	3.823600	1.885600	3.184200	1.262200	2.774900	1.494300	1.126000	-0.100700	0.669500	0.000000	0.708700	0.256300	0.397700	1.111600	0.286700	-0.001100	0.267900
385	1.721000	1.313300	0.989000	1.097700	0.808200	2.965900	0.000000	1.274700	0.990300	1.224600	0.742400	0.962400	1.442500	1.417900	1.920800	1.259400	0.762500	0.801700	0.692800	1.531300
386	-0.013300	0.000000	7.851000	4.697900	7.594700	2.515500	10.377400	5.311400	1.211800	1.273800	7.897100	10.110000	11.595000	10.534800	9.011000	7.861600	37.760100	46.213500	40.011900	40.515300
387	1.891800	1.076000	0.244700	0.328500	0.162700	4.426600	0.000000	1.450000	1.272000	0.839400	-0.125200	0.135600	1.108600	0.982200	2.543800	1.861400	0.490300	0.575000	0.655600	1.109500
388	6.804800	5.343900	1.596300	4.279600	3.318500	6.059300	5.856100	5.086200	6.460000	4.826800	1.141200	4.113400	6.576500	4.102900	7.037200	5.223200	1.182700	1.910800	0.000000	4.044100
389	1.354300	0.880100	0.158400	0.286000	-0.051000	2.893000	0.223000	0.557300	0.263600	0.527400	0.002800	0.041200	0.618300	0.000000	1.077500	1.049600	0.952800	0.427100	0.301600	0.925400
390	3.507200	2.500600	0.827500	1.764000	1.646800	1.517900	3.005700	3.256100	3.696500	2.327200	0.460300	1.300400	3.456100	2.488300	4.134700	3.333200	0.677800	0.313700	0.000000	2.612700
391	1.621000	1.164700	0.302600	0.696300	0.157000	4.484000	0.702000	1.418200	1.709900	1.272700	0.350600	0.060200	0.977800	1.008700	0.436800	0.000000	1.310200	1.116100	0.548200	1.092100
392	-0.041800	-0.207900	-0.346800	0.018600	-0.234400	-1.453000	-0.848700	-0.024000	0.000000	0.112300	-0.681300	-0.483300	-0.277000	-0.171900	-0.127900	0.008800	-0.851100	-0.355800	-0.351400	0.017900
393	0.000000	-0.479000	-0.571800	-0.205400	-0.531800	-0.410400	-0.639400	-0.548500	-0.401900	0.056100	-0.551600	-0.652000	-0.478600	-0.511800	-0.229500	-0.211200	-0.536200	-0.547900	-0.601100	-0.393800
394	-0.074700	-0.682100	-0.949600	0.241600	-0.241100	-0.235900	-0.910100	0.000000	-0.366200	-0.582900	-0.792900	-0.952100	-0.669900	-0.642300	-0.416800	-0.238200	-0.407200	-0.518200	-0.609400	-0.514200
395	0.000000	2.906700	2.050000	4.063800	4.070600	6.770200	2.215400	3.962600	2.924900	2.876600	2.194900	1.804700	2.603700	2.537800	2.660900	2.169200	2.562300	2.422200	2.428000	2.915500
396	1.572200	1.117800	0.369300	1.109400	0.929000	6.808900	0.020000	0.889500	1.255100	1.108300	0.714800	0.000000	0.961800	0.157000	1.424400	1.056500	0.567000	0.394600	0.320600	0.988700
397	4.419000	2.951200	1.913500	0.000000	-0.399100	1.534600	6.061600	2.258800	3.893400	2.090200	3.131200	4.474800	4.208700	3.266400	3.121800	3.225100	8.518300	9.821800	7.357800	27.849100
398	0.652900	0.268100	-1.000100	0.014200	-0.091300	2.476600	0.098700	0.356100	0.498700	0.138500	-0.605200	-0.499700	-0.344300	0.013800	0.000000	0.417000	0.393500	-0.794400	-0.986600	0.869600
399	5.348600	3.942300	0.000000	1.028800	2.682100	5.021200	8.478400	1.687900	3.941900	2.241800	-0.227700	4.841200	4.642500	4.025300	3.898800	2.656500	28.530500	19.195200	12.644800	18.336600
400	1.490800	1.272400	0.489600	2.194000	1.992400	3.482700	1.141800	0.000000	0.308500	1.318600	0.263000	0.763700	1.315800	1.210700	1.276300	1.266300	1.637800	0.886600	0.837600	1.669600
401	5.028000	3.464000	1.587500	3.782200	3.462300	9.200900	4.952800	5.119600	4.807700	3.383100	1.204000	3.628100	4.963400	3.871900	5.150700	4.346900	0.000000	0.673800	-0.268600	2.935200
402	0.441500	0.000000	-0.523800	-0.244600	-0.461900	2.707000	-0.470000	-0.316100	-0.091100	0.003800	-0.190700	-0.541500	-0.390800	-0.458400	-0.754700	-0.201400	-0.259700	-0.192900	-0.264200	-0.453900
403	0.819300	0.398200	0.310700	0.921600	0.677400	-1.318900	0.052600	0.533900	0.589800	0.820500	0.504000	0.441700	0.446200	0.000000	0.866800	0.366600	0.810400	0.617500	0.837300	1.209400
404	0.374700	-0.189200	-0.372100	0.126500	-0.277100	-0.808900	-0.349500	0.466900	0.000000	0.226300	-0.220200	-0.437800	-0.383600	-0.067800	0.179400	0.289800	0.087600	0.041800	-0.163600	0.396200
405	2.060900	0.509700	-0.246100	4.328800	3.996200	4.717500	0.662000	4.941500	1.217300	1.070300	0.291300	0.538100	1.164300	0.000000	0.598600	0.327800	2.779800	0.706300	0.367300	0.700200
406	1.461900	1.108300	0.908300	1.376400	1.896600	5.125800	3.212100	0.435300	0.700800	1.114800	-0.073400	0.675600	0.584600	-0.488800	0.691300	0.000000	10.219200	3.882400	3.563500	3.466600
407	0.677600	0.173800	-0.185800	0.603100	0.123000	1.997500	0.171300	0.288300	0.419900	0.758200	-0.470900	-0.151600	0.168100	0.000000	0.524100	0.672500	-0.044200	0.365700	0.310000	0.818300
408	1.971000	0.741100	-0.049700	0.568900	-0.178700	-1.110500	0.431700	1.183700	1.318000	1.261700	-0.262000	0.000000	0.535300	0.216100	1.180100	1.399600	0.345000	1.008400	0.128900	1.153400
409	0.000000	-0.356900	9.170700	4.512800	9.230000	3.038100	25.423800	4.241000	1.776600	4.288700	6.810600	10.858500	6.436400	9.857600	11.264800	11.703500	47.792800	37.648200	34.185800	38.547300
410	3.841400	2.199000	0.189000	0.595400	0.000000	4.778000	1.747200	1.769300	2.888400	2.412400	0.161700	1.239400	2.957000	1.806000	4.657500	3.183200	3.944200	6.027300	4.372400	5.080600
411	0.544300	-0.400000	-1.049100	-0.040000	-0.794600	2.953600	-0.202700	-0.044400	-0.209600	0.278200	-0.948300	-0.530400	-0.573700	-0.475700	0.000000	0.675600	-0.541300	-0.675200	-0.604900	0.118900
412	3.817200	2.283700	0.452000	2.473500	1.405900	5.036500	3.645600	2.950000	3.452100	2.955200	0.000000	2.234300	3.662400	2.773200	4.315400	3.733500	2.800300	0.859000	0.301200	2.896100
413	2.278700	0.000000	0.590700	1.695500	2.528600	7.374300	13.123000	1.142500	0.761800	1.738700	1.855600	3.050300	4.329900	4.590100	3.136700	1.763600	23.584200	14.756800	9.975800	20.201500
414	2.060300	0.657800	-0.151100	1.277900	1.136900	6.200800	0.322600	1.317400	1.192300	1.411800	0.103200	0.000000	1.900300	0.473500	4.159600	0.891400	4.095100	2.513900	6.080600	7.116200
415	1.403900	0.649700	0.451700	0.943800	0.369000	2.604300	0.127800	1.422600	1.278200	1.326000	0.264100	0.000000	0.970500	0.306900	1.429200	0.698900	0.294200	0.375100	0.246600	0.772400
416	3.717100	2.307300	-1.616200	0.000000	-0.310200	3.440700	4.275000	1.242000	2.748400	0.991200	-0.487300	4.456500	3.326700	1.082300	3.500500	1.736700	19.128900	14.029100	10.218100	6.928400
417	6.291600	4.398000	1.233500	3.878600	3.019900	7.029100	4.951700	3.881600	5.032400	4.507800	0.862300	3.882200	4.660800	3.438100	5.228600	4.207700	2.558500	2.105900	0.000000	2.606200
418	2.239300	1.656500	1.347900	2.186900	1.460400	9.283400	1.684800	2.454700	2.289400	2.192000	1.023300	1.514200	0.819100	1.414500	0.000000	1.633100	1.384100	1.608300	1.548800	2.147200
419	1.758800	0.738300	-0.261000	0.902900	0.376700	1.622300	-0.188200	0.125500	0.674000	1.252600	-0.107000	0.000000	0.837300	0.127200	1.406500	0.556300	0.597500	0.238700	0.059900	0.535800
420	4.207300	2.803800	-0.001600	1.233500	0.000000	4.372000	4.235300	1.878700	3.363900	2.883800	-0.523200	3.234200	3.270400	2.957500	4.668900	3.945600	8.824100	12.528100	11.079700	24.105300
421	3.218800	2.124500	1.192800	2.036700	1.695700	5.763200	1.132500	3.060300	2.547100	2.467900	0.766000	2.581800	1.527800	3.137600	1.552800	0.000000	6.715900	6.474900	6.267300	3.797000
422	1.065900	0.286700	0.108600	0.695900	0.224600	4.129700	-0.514500	0.771800	0.403800	1.000900	-0.269600	-0.000800	0.523800	0.000000	0.977600	0.417400	0.049800	0.271000	0.156400	0.190900
423	2.474300	1.107800	0.445200	0.592200	0.197300	3.349900	-0.577000	1.672600	1.598300	1.587500	0.274300	0.000000	1.784900	0.643900	2.921100	1.158500	0.769500	0.847500	0.567400	0.913800
424	-0.148100	-0.838200	-2.632000	-0.582800	-0.993300	1.995200	-0.062500	-0.652000	-0.970400	-1.064000	-2.656900	-1.019600	0.000000	-1.906700	-0.752100	-1.023000	2.543000	1.422200	-0.745500	54.906400
425	0.000000	2.521500	2.858000	4.269800	4.295200	7.448700	1.012400	3.581700	2.807400	2.638900	2.852100	-0.564000	2.721500	2.469700	2.910600	2.160700	2.888000	2.609000	2.491200	0.291800
426	2.461100	1.811000	2.517200	1.308000	3.089600	6.700100	2.471700	0.000000	1.212300	1.787900	1.266200	1.804900	3.372100	5.694300	3.350600	3.095100	6.497600	4.488000	5.446500	4.424700
427	-0.066200	0.216200	-0.483900	0.093800	0.000000	0.238500	-0.162000	-0.221600	-0.007700	-0.002100	-0.368500	-0.375300	-0.152200	-0.015700	-0.026500	-0.009900	0.155000	-0.654200	-0.649400	0.119400
428	6.360000	5.593400	4.241300	5.358900	5.242700	4.555900	5.532100	6.116600	5.937700	5.487900	2.945200	5.559300	5.894800	5.334100	5.654700	5.858500	6.033900	0.000000	0.767100	5.425100
429	2.236100	0.884500	-0.902700	-0.509400	-0.620400	3.342700	0.000000	0.514000	1.024200	0.784400	-1.272000	0.030700	1.036400	0.774300	1.391400	0.657500	1.310300	0.206800	0.159900	0.789900
430	-0.304300	-0.415000	-0.475000	-0.127400	-0.436700	0.742000	-0.917200	0.000000	-0.323900	-0.292600	-0.318100	-1.140300	-0.561500	-0.605700	-1.120500	-0.743000	-0.587800	-0.457300	-0.526600	-0.433800
431	0.888100	0.806100	0.335300	0.832800	0.562000	2.305100	0.995300	1.255500	1.048900	0.508000	0.200800	0.807200	0.842600	0.909800	0.000000	0.796400	0.802600	0.956100	0.924400	1.162800
432	6.170300	4.916400	0.000000	2.751200	1.494300	4.568900	9.469000	3.816500	5.410300	4.438900	0.116700	3.880300	5.207100	3.316700	6.201000	3.703300	17.775200	5.834900	0.601200	3.973500
433	4.062000	3.823100	2.502500	3.277800	2.078600	4.800700	3.352400	3.598000	3.954100	3.281200	0.541900	3.186000	5.190000	3.686000	4.962300	3.483400	-1.402000	1.312600	0.000000	2.506100
436	0.403500	0.393800	0.159700	0.539900	0.303200	0.490200	0.094500	0.528400	0.570900	0.275500	0.050300	-0.034300	0.289300	0.171000	0.398100	0.387600	-0.070200	0.000000	-0.097900	0.347700
437	-0.640900	0.944700	0.392700	1.661800	2.749600	4.343200	0.263200	1.000800	0.541700	0.636800	0.283300	0.012100	0.420300	0.260700	0.381100	0.215200	0.003400	0.000000	-0.029500	0.531600
438	0.304900	-0.018900	0.113200	0.366200	0.036800	0.918700	0.130700	0.072900	0.048800	0.303700	0.077400	0.000000	0.700600	0.226000	1.223700	0.049900	0.498700	0.118800	0.067300	1.117900
439	1.080100	0.222300	-0.220400	-0.542100	-0.890500	-0.011700	-0.222500	0.000000	0.780100	-0.157000	-1.375300	-0.419900	-0.006200	0.286500	0.452800	0.453100	2.242300	1.936700	1.880700	2.742700
440	6.545200	5.410700	2.492400	3.320900	2.189600	5.635500	4.651900	4.783600	6.252900	4.570100	1.603600	4.631600	5.166800	4.713700	5.969700	5.305300	0.000000	1.996500	1.043500	4.522000
441	0.000000	1.195300	1.768400	6.823300	6.288700	4.281400	6.323300	7.468300	5.972100	4.616000	0.893100	4.622300	5.821100	5.294700	5.591700	5.681100	5.165500	7.611700	5.450500	6.288500
442	0.598000	-0.463800	-2.017600	-2.397100	-2.735800	1.355100	-1.087800	-1.062600	0.593900	-0.452100	-1.333700	-1.114600	0.242600	-0.250800	0.000000	-0.690300	-1.291200	-1.046500	-1.476600	-0.819200
443	-0.037400	-0.498400	-1.337500	-0.496700	-1.088600	0.229000	-0.961100	0.114300	-0.436400	-0.364500	-1.796300	-0.825100	-0.467100	-0.543900	0.000000	-0.355900	-0.068800	-1.302300	-2.087900	-0.245200
444	4.627400	3.769300	1.661500	3.194300	5.700300	5.474600	4.369800	3.850000	4.639500	3.741200	1.444200	4.011100	4.674900	3.745200	6.093600	4.716000	3.731600	0.699000	0.000000	2.430200
445	3.682300	2.290000	3.971300	3.184700	1.829200	3.323900	17.923400	0.000000	1.690100	1.872200	8.017100	9.939200	9.781100	7.004700	6.078300	4.023500	26.306400	17.695200	17.483700	54.111700
446	2.981100	2.532900	0.265000	2.067300	1.085300	2.818700	1.633700	2.014400	2.678500	2.371900	0.101400	0.990600	2.038400	1.900200	2.537100	2.052800	-0.596300	0.000000	-0.798300	1.511100
447	2.936100	2.162800	0.937300	2.184500	2.423300	6.429100	1.265200	1.965800	3.336100	2.073100	0.309300	1.185500	1.092700	2.653000	1.943700	2.312800	1.027200	1.651000	-0.389900	0.000000
448	3.802800	2.628700	5.317100	4.350200	4.870700	0.000000	7.061600	3.998800	3.735500	3.121800	3.775800	4.855200	4.477400	4.440100	3.872400	4.719800	11.137200	5.459600	4.992900	35.460500
449	5.086700	3.703400	0.000000	2.813000	2.665500	8.422800	4.616500	3.320500	3.854300	2.835700	-0.043800	2.238100	4.742000	2.401400	5.386700	3.428500	10.981900	10.194200	3.790500	7.103600
450	0.000000	5.983500	16.791400	16.947200	23.496100	18.590800	18.340200	17.506000	9.355600	9.669700	13.250500	16.867800	14.966900	15.483200	12.280200	14.280200	26.784900	23.037700	23.319100	48.445600
451	0.000000	4.369300	11.238700	10.888500	12.955800	11.046000	28.746500	10.918000	7.735400	7.260700	10.959700	21.854000	15.830300	16.426000	10.964700	13.767000	44.420000	37.751600	30.750000	34.883700
452	4.452900	2.014800	0.084200	0.000000	0.365600	5.386400	10.190400	1.980300	3.535400	1.749700	0.809000	5.346900	5.051100	4.010100	4.556000	2.491300	15.009400	6.443800	3.931400	7.186100
453	1.914800	0.873800	0.000000	0.512000	0.140600	-1.805300	-0.795700	1.927500	1.657100	1.305300	-0.233300	0.771900	1.528100	1.325300	2.067300	1.377600	3.046100	1.041700	1.096800	0.754800
454	3.745700	2.737300	0.000000	1.316400	0.519000	2.997800	4.179000	2.450400	3.199300	2.245800	0.258400	3.194700	2.109500	2.667900	3.997400	3.077500	8.100100	4.514500	4.629500	7.808900
455	-1.274900	0.692500	1.036600	4.237600	3.100000	7.712300	1.556300	1.370100	0.606900	0.628700	0.388900	1.253100	1.599500	0.621400	-0.068800	0.000000	1.108400	-0.261100	-0.421300	0.958700
456	-0.141400	0.596700	-0.956700	-0.110200	0.012800	3.949700	-0.856700	0.224200	-0.161900	0.756100	-0.309300	0.000000	-0.348200	-0.781200	0.911100	-0.161600	0.097900	0.472500	0.377000	-0.831800
457	1.573600	0.000000	5.767800	3.758800	5.105900	1.895200	9.485300	4.003800	2.425500	3.368400	1.756600	9.539200	7.921500	5.814100	6.307400	4.680200	22.252700	11.406500	8.662300	33.444400
458	3.282800	1.949900	0.889800	0.739900	2.229900	3.317700	7.096000	0.000000	2.406000	1.498500	3.298400	5.453900	8.758400	6.025500	5.751600	2.245400	18.936600	15.871500	11.685000	71.955320
459	3.816500	4.738100	3.758400	4.636000	4.983600	3.981700	3.804300	4.987000	4.265900	4.725100	3.325500	3.715000	3.328000	4.677600	0.000000	3.184500	4.560200	4.124500	4.677000	4.530500
460	0.680900	0.012400	-1.406200	1.148900	1.128200	-0.632200	-0.403900	0.604000	0.389000	0.038200	-0.638200	-0.514100	-0.716700	-0.913700	0.101600	0.000000	0.782500	0.540600	0.555500	0.882900
461	2.710600	1.168200	1.303200	1.236300	0.851400	5.189600	1.021600	2.464100	2.033800	1.332500	0.042600	1.982600	1.995300	1.229900	1.958800	1.804500	0.023800	0.458100	0.000000	0.610100
462	0.000000	4.661200	11.386000	10.648200	10.515700	12.037000	17.167100	11.906700	6.857700	7.609700	7.832900	14.505600	11.647700	10.322300	15.833500	11.827000	30.467300	20.114400	14.537200	31.537400
463	3.467400	2.547500	1.453100	1.564100	1.375300	3.865100	0.000000	2.826300	3.710600	2.822500	1.169900	1.392100	4.024900	2.322700	5.214300	2.838800	3.535700	7.013100	3.653500	1.892900
464	5.117400	4.071800	0.000000	1.695300	0.423100	5.322300	3.807700	4.050900	5.243000	3.696800	-0.051800	1.390500	4.761500	3.405400	5.426900	3.882900	4.741200	4.656300	2.818300	3.975400
465	2.143500	2.220400	1.419300	1.995800	1.509900	0.000000	0.914700	2.255700	2.232400	1.954100	0.968700	1.097300	2.323600	1.247300	2.556900	1.331300	2.001200	2.104700	2.180200	1.929100
466	1.393600	0.282500	0.632400	0.875600	0.790200	-0.002700	0.507500	1.397000	0.493400	0.289700	0.543000	0.560800	0.000000	0.654100	1.210700	1.123000	0.830100	0.702400	0.596000	0.184300
467	6.107700	4.210300	0.792200	2.432100	4.393000	5.990800	2.131900	4.808100	4.689200	3.302700	0.677200	2.075800	4.242800	3.060700	4.527400	3.337100	1.285900	0.000000	-0.104700	2.919500
468	2.454700	1.906700	1.720300	2.165300	1.914300	0.000000	1.243000	2.104800	2.064500	2.362300	1.690000	1.094400	1.531900	1.760500	2.001100	2.110000	1.483200	1.742000	1.500400	2.013400
469	0.000000	3.426400	4.267100	9.682700	10.075700	5.926100	4.363400	8.432500	5.203200	3.463100	3.100800	4.089800	5.030700	4.279000	4.556300	3.968000	3.851500	3.509000	3.320900	4.681400
470	6.564600	4.741600	0.000000	1.500700	1.041000	6.304400	7.456800	2.390600	4.641800	3.588600	-0.283900	4.430900	4.638600	2.767700	5.455700	3.398700	12.692300	8.102500	5.262000	4.584300
471	8.266500	6.593700	5.024500	4.149800	3.658800	10.751200	5.726700	5.725200	7.200700	6.195900	3.353100	6.035700	7.843900	5.650900	6.007600	6.074300	4.343900	0.000000	2.032500	4.555500
472	5.921300	3.783000	1.306600	0.000000	-0.348800	5.276900	12.270800	2.669000	4.726200	2.840100	1.516800	8.190500	6.276900	4.565000	6.188300	3.879800	19.334700	5.550900	4.218700	9.131800
473	3.356300	1.912400	-0.285800	0.000000	0.786300	4.145400	9.470500	2.453900	2.694100	1.647000	0.006500	1.520400	3.276100	2.110200	3.689400	1.775700	22.155900	12.734000	7.595300	21.418200
474	3.241000	3.630900	5.719500	3.422000	3.504100	3.074100	6.855100	3.681000	4.598000	3.840600	4.365800	5.893300	0.691900	2.679000	0.000000	3.226000	7.108000	6.194600	4.324100	4.928200
475	0.000000	-1.432500	-2.426500	0.492600	-0.416700	-2.812700	0.323300	0.633400	-0.224100	-0.590000	-1.480900	-0.523600	-1.241700	-0.687600	1.575700	1.727800	0.855300	0.739300	0.516600	36.222800
476	1.958800	0.114500	4.264000	4.792300	4.695900	0.397800	20.716700	2.562100	0.000000	1.382300	5.617000	12.965700	13.466800	5.851800	4.950700	7.597400	38.991600	34.774000	28.222300	41.202700
477	3.703300	2.482300	0.000000	1.337900	0.289600	5.132200	3.009300	2.548800	3.478400	2.601400	-0.153400	2.773500	3.087000	0.683300	5.489900	2.801200	16.473400	10.590700	6.952800	5.189800
478	3.206900	1.686600	-1.904200	0.000000	-1.604600	0.024000	1.726100	1.753900	2.391100	1.304600	-1.981500	1.818700	2.300800	0.858400	2.876500	1.734800	-0.516500	2.082900	-1.300300	0.759200
479	3.047200	2.283200	1.407100	2.750500	2.806900	0.000000	1.156600	4.151700	3.079300	2.144300	1.049600	0.955300	2.794100	1.929200	2.412600	2.721500	2.354900	2.104700	1.384600	2.634100
480	0.000000	2.631900	3.107400	5.908000	5.865300	6.549300	5.513300	6.299800	3.192300	3.906700	3.516500	4.779500	5.672700	5.225900	5.550900	6.940400	9.671800	7.741100	5.577700	41.265900
481	0.796200	1.157000	-1.240800	0.346900	0.069100	4.081500	2.650100	0.804500	1.568600	0.136500	0.006400	1.055300	1.762500	2.387400	0.533400	0.000000	1.516400	2.239000	2.268600	5.630000
482	3.737300	2.777100	-0.948600	0.000000	0.120400	4.075000	4.086900	2.519200	3.233700	2.795600	-0.342600	2.514100	2.687600	2.330100	2.278000	1.746800	5.919200	0.229500	-0.908400	5.849000
483	0.000000	5.905200	10.420700	10.349000	9.747300	16.846000	12.980000	9.274900	7.156000	6.253900	8.413000	9.678900	11.227000	8.286900	12.460500	9.585200	18.600600	19.130600	21.234400	41.909800
484	2.761200	1.511100	0.983200	0.000000	-0.622400	4.336700	1.402800	2.501500	1.511700	0.607300	-0.154900	1.627500	2.542200	2.611600	2.992100	0.827000	5.253600	-1.642200	-0.818800	-0.036000
485	1.550000	0.336000	-0.813000	-0.895100	-1.806000	-3.179700	-0.310200	0.238500	1.509900	0.226300	-0.929000	0.246800	0.017400	0.568400	0.501300	0.000000	-1.264500	-1.484400	-3.288200	0.773500
486	3.527200	2.488500	1.630600	2.806100	2.052400	0.000000	3.298800	3.650100	3.145300	2.833200	1.323700	2.546100	2.141000	3.067600	2.571100	3.204500	3.104200	1.374700	0.933400	3.306700
487	4.342900	3.039900	1.515900	2.367600	1.294900	0.908000	3.259800	3.921000	4.122300	3.319300	0.848000	2.810600	2.256300	3.005500	3.205400	3.638800	1.177000	1.623000	0.000000	3.425600
488	3.283500	1.955100	0.268200	0.000000	0.567200	-0.923000	9.144900	2.401200	3.159100	2.246200	0.660300	5.653300	4.250600	3.201200	1.713400	2.174600	10.848800	14.284700	8.159800	28.474600
489	2.730700	0.659300	-1.938000	-1.599500	-2.696300	-2.500400	3.521200	0.000000	1.082300	0.506800	-2.420600	1.391300	0.992000	0.012700	1.561600	1.111500	3.291600	2.017300	-1.566300	-0.313200
490	3.167700	1.933100	-0.289000	0.880900	0.000000	4.438900	2.389000	1.487800	2.292700	2.206700	-0.175600	1.723100	0.945000	1.457700	3.029100	2.895700	4.061800	11.039800	3.829000	18.858700
491	2.344700	0.254500	-2.177800	-0.476400	1.841300	2.792500	10.267900	0.000000	1.321600	0.010200	-1.077700	2.046100	2.492900	1.736100	1.766300	1.349600	25.187500	8.930300	6.212100	27.825500
492	2.007300	0.000000	13.661400	4.674700	5.951400	7.720400	17.542500	3.828500	1.032800	2.397200	8.556200	8.924100	11.106400	10.255900	9.577800	7.814600	31.348900	22.952600	22.791800	18.215000
493	4.507300	3.168700	0.000000	2.333400	0.946100	5.762100	3.422000	2.355600	3.521000	3.241400	-0.060600	3.063200	1.793900	2.256100	2.661200	2.723700	2.309500	4.808900	1.083200	2.535100
494	2.051000	0.000000	5.678000	0.614400	3.407100	5.056400	13.486000	0.758700	0.854400	0.439500	7.016500	8.378000	10.366700	10.192100	6.736000	5.660800	27.247900	24.937900	22.963200	30.467200
495	5.607900	3.910500	1.308800	2.763200	2.040100	9.194500	3.961800	4.640800	5.497300	4.034400	2.632000	3.915000	0.000000	3.419500	3.357500	3.397400	1.864900	2.955300	1.541400	2.652800
496	6.040900	4.163700	1.997500	7.033600	5.895800	11.964300	0.000000	6.413200	6.024300	4.735400	1.477400	2.520900	5.654700	3.781600	5.849900	4.228400	4.369900	3.898800	3.405800	5.319300
497	2.220200	0.539400	-1.013900	0.708000	0.190600	4.747400	4.521500	0.956800	1.313400	0.272700	-1.933900	1.397500	1.185400	-0.869800	1.372400	0.000000	3.990100	0.622000	-0.909800	2.233900
498	5.793400	4.082100	0.389600	4.467100	3.138500	7.698500	8.071300	4.676600	4.924400	4.064000	0.000000	4.045800	5.005900	3.884800	6.275800	4.524900	20.101000	13.204000	8.639100	11.228500
499	1.706700	0.901500	0.449100	1.219600	0.614900	4.488700	-0.039500	1.728600	1.853800	1.648700	0.353100	0.451200	0.372100	0.846100	0.000000	1.145700	0.361100	0.006600	-0.200400	1.185200
500	1.854000	0.965000	0.128300	0.620100	0.134600	3.522400	0.513200	1.708300	1.937100	0.671600	0.115900	0.000000	0.760100	0.720000	1.475600	1.648800	0.691200	0.453100	0.320400	0.776900
501	5.078100	3.024900	0.427200	1.000000	0.000000	5.622300	2.245700	2.652500	4.159000	3.171600	1.689300	2.688400	4.876500	2.954500	5.326100	3.519600	10.338600	15.149200	5.416300	5.859500
502	3.617700	2.252600	-1.048700	1.028700	0.000000	6.743300	-0.037800	1.056200	3.438600	2.219900	0.098300	1.205100	3.413100	2.442400	4.530100	2.836200	2.090600	2.562600	2.937600	3.125700
503	1.049800	0.484700	0.161100	0.468500	0.461400	2.638900	-0.120900	0.521100	0.000000	0.166800	-0.030900	-0.179500	0.770100	-0.050200	0.946100	0.129000	0.219700	0.557200	0.484700	-0.229300
504	0.339000	0.101900	-0.177700	1.944800	2.673900	6.639700	-0.283100	-0.037200	0.000000	0.671200	0.840600	-0.588000	0.330800	-0.824400	0.363800	0.242200	0.875100	0.288000	0.293200	-0.560700
505	2.039600	1.575500	1.069500	2.883200	2.620700	3.184800	1.295000	1.530600	0.212500	1.384000	0.742400	0.987100	0.666900	1.400600	0.000000	1.607500	4.378400	3.200500	1.509300	1.324800
506	2.572700	2.078000	-0.423600	1.332300	0.000000	3.886200	2.147000	1.231200	2.012100	1.737100	-0.808500	2.281000	2.601400	2.104600	2.723300	2.611200	2.487300	1.168100	1.780400	3.082200