SITE	GLY	ALA	LEU	VAL	ILE	PRO	ARG	THR	SER	CYS	MET	LYS	GLU	GLN	ASP	ASN	TRP	TYR	PHE	HIS
2	0.512500	0.458900	0.449600	0.505800	0.000000	0.560200	0.440900	0.759500	0.642000	0.382400	-0.004600	0.197600	0.313600	0.457200	0.530000	0.589700	0.536600	1.008000	0.623100	0.800800
3	1.112500	0.951800	0.641400	1.075800	0.889900	0.431500	0.910100	1.325400	1.021000	0.653300	0.623100	0.642200	0.000000	0.367100	0.943000	1.200800	1.155900	1.203200	1.206700	1.213000
4	0.653900	0.075000	0.100000	0.410500	1.078300	1.951600	0.148700	1.136700	0.745300	0.707000	0.093400	0.000000	0.036000	0.521500	0.439000	0.702300	0.547800	0.371600	0.177200	0.610400
5	1.643600	1.392200	1.437900	1.956400	1.424000	0.000000	0.791600	1.945800	1.713200	1.852000	0.912700	0.915200	1.378700	1.202000	1.460300	1.787200	1.948100	0.388400	0.924300	2.022300
6	1.094300	0.342100	0.234400	0.550900	0.367500	-0.421800	-0.055200	0.919100	0.944400	0.422400	0.033300	0.000000	-0.297000	0.509000	0.876200	0.722000	0.523000	0.354700	0.380700	0.623000
7	3.506800	2.227500	0.194900	0.898400	0.000000	3.965600	0.149100	2.264100	3.452700	1.850400	-0.158000	-0.438500	3.532000	2.084100	4.148200	2.725200	1.779700	0.933800	0.700700	1.673300
8	2.113500	0.826100	0.553600	0.897100	2.108300	1.722900	0.976300	2.712300	0.000000	1.584500	0.980300	0.685000	3.768200	2.119500	2.814200	1.743200	7.779400	4.355300	4.558400	74.913400
9	5.952700	3.754800	0.765000	0.000000	1.045300	5.518200	10.433000	3.080000	5.173100	3.170600	2.206800	7.131900	5.749400	4.616200	5.487000	4.526500	18.307500	18.743380	14.772500	16.239500
10	1.731000	0.000000	9.617300	2.602300	7.940200	10.167000	22.776510	5.538300	1.689100	1.811000	4.471600	16.441700	12.089400	11.403700	11.807100	8.549300	62.018200	47.864000	28.995060	43.094200
11	6.589200	5.227600	1.947100	4.251000	4.369400	6.066800	9.077900	4.495900	6.375900	4.407600	1.630200	5.274700	5.958300	5.303500	6.518500	4.831100	5.215800	1.756700	0.000000	3.081100
12	5.530200	3.649400	1.051100	0.626300	0.000000	8.458500	15.438900	3.215300	5.120900	2.823500	2.043400	5.547100	6.455600	6.308800	5.241700	3.598500	28.406690	12.483200	10.385800	12.503500
13	-0.274100	0.000000	4.950300	3.566200	3.937500	5.562000	8.848800	5.148700	-0.384000	1.195100	3.507900	8.598000	-1.427100	4.266600	0.928400	4.245400	16.679700	13.466700	10.346600	36.041400
14	0.934200	1.101000	0.000000	0.607100	0.307700	2.191600	-0.430500	0.845300	1.350200	0.943100	0.359300	0.225600	0.609400	0.471400	0.963100	0.441300	0.006300	0.458500	0.392800	1.225200
15	0.000000	0.117900	-1.070400	0.709000	0.797900	-0.724900	-0.695000	1.411000	1.045900	0.075100	-1.225200	-0.540300	0.623900	-0.394600	-0.530600	-0.663000	-1.642600	-0.958300	-1.264800	0.344200
16	1.720700	2.814900	5.923300	4.745900	6.138200	7.631100	22.269180	6.339600	4.222700	2.527200	9.219700	13.966300	9.892700	9.636500	1.694800	0.000000	39.766600	22.802720	17.528200	28.699904
17	4.150200	3.565600	2.093100	2.593700	2.074400	6.585800	3.173700	4.329900	4.763700	2.917200	1.784700	2.211000	5.487800	4.208900	4.588700	4.093600	7.493900	0.674100	0.000000	3.066600
18	0.746400	0.071000	-2.062200	-0.810500	0.228700	-0.507800	0.947600	-0.365100	1.748700	0.000000	-1.976300	0.471800	0.598500	0.335300	0.634900	-0.800800	0.864800	4.304800	5.824300	5.417100
19	3.858700	3.024500	2.170600	3.109400	3.224100	2.006100	0.000000	2.990200	4.309700	3.601900	1.249000	1.187300	4.255200	2.742000	5.205900	3.082000	16.384600	6.534600	9.257500	18.852240
20	1.551900	0.232600	15.936000	7.204400	13.616800	2.126800	29.259820	6.866800	0.000000	2.682800	11.548600	21.412120	12.045200	15.070200	13.355400	9.528300	64.005100	51.376600	37.833300	46.829400
21	4.469200	2.917700	6.654900	2.424600	4.569200	0.000000	12.245800	3.781100	4.834200	3.436500	5.018500	5.526800	12.141100	7.703100	6.189300	5.612600	26.181361	24.432100	17.047520	12.134200
22	3.625900	2.103600	-0.214500	3.374700	3.922000	5.214300	4.257100	2.893600	3.807900	2.557300	0.000000	2.573800	4.430400	2.663400	3.889900	3.283400	16.294600	13.931200	6.762700	18.848840
23	1.541700	0.000000	5.170700	1.781700	3.768500	5.867000	24.735740	2.547100	1.250800	2.047000	5.445600	10.256200	7.918500	8.480500	3.576700	5.223400	29.784940	24.242200	18.097560	14.134300
24	2.408600	1.242100	-0.096400	2.472800	2.521500	8.142500	1.175200	3.619200	2.177700	2.079200	0.302800	1.868500	0.000000	1.752000	2.218500	1.932300	7.044100	6.320100	6.348000	19.581170
25	1.460800	0.000000	5.916600	3.424200	3.142000	3.850600	5.491500	1.720900	0.674900	1.464800	2.766900	4.651400	6.474100	4.245500	8.088700	7.410400	17.083000	14.786900	12.324500	58.964800
26	4.673600	2.675100	-0.288200	0.474900	0.000000	5.264000	1.933900	2.111800	3.981100	2.669700	0.655800	2.255200	3.299000	2.599700	3.927200	1.885400	16.198200	8.971300	7.535700	9.180200
27	7.018800	5.179100	1.713100	5.508700	5.028200	9.496800	6.352500	4.156600	5.601800	5.005600	1.142700	4.698900	5.996900	4.008600	5.557800	4.815500	12.987400	2.414000	0.000000	3.434200
28	2.657600	1.668400	0.288800	1.375300	0.584300	4.532700	-0.338200	1.300300	1.804800	2.040900	0.254700	0.000000	2.177000	1.181900	3.093500	1.486100	0.348100	1.377800	0.449700	2.090900
29	1.069900	-0.295500	-1.834300	0.132600	-1.211400	3.697100	-1.270900	0.253000	0.798800	0.242400	-2.321600	-0.652600	1.042800	-0.814800	1.621200	0.276800	-2.346700	-1.238000	-1.704200	0.000000
30	1.017100	-0.379600	-2.703400	-1.833500	-2.205400	3.042700	-1.189000	-1.284800	-0.026800	-0.385000	-2.303700	-1.153900	0.000000	-0.825000	1.113300	-0.507900	-1.400200	-0.965800	-1.869600	0.007200
31	4.111100	2.441800	0.093300	0.000000	0.691100	4.917200	2.819000	2.065100	3.107700	2.150900	-0.269100	1.733200	4.514200	3.138300	4.306600	2.100600	12.664000	14.298200	13.038200	25.749180
32	0.404200	-0.284200	-0.796700	0.032500	-0.538800	2.986000	-1.112800	-0.347700	-0.273900	0.017400	-0.891100	-0.859800	0.000000	-0.388500	1.408400	-0.599300	-1.244600	-1.072500	-1.411000	-1.009500
33	1.063500	0.247300	-0.210300	0.608300	0.206600	3.541600	-0.085700	0.729900	0.314100	0.684800	-0.151000	0.000000	0.973500	0.253900	1.586000	0.195100	0.564700	0.559900	0.486200	0.849500
34	0.009800	0.000000	-1.529300	-0.002000	-0.585900	2.191300	-1.023400	0.367700	0.078200	0.247600	-1.807400	-0.364700	0.661700	-0.110800	0.954400	-2.009700	-0.972100	-1.357400	-1.476300	-0.524200
35	-1.035600	0.504100	0.794100	1.818300	2.661600	5.034800	-1.116800	1.115300	0.521900	0.492000	0.853900	-0.957200	0.851600	0.092600	1.260700	0.000000	0.834900	0.595000	0.507100	-0.408500
36	3.375700	2.566200	0.000000	1.749300	0.897800	8.760200	1.040700	3.026400	3.316700	2.163300	0.195400	0.848600	2.446900	1.571000	3.230200	2.132000	0.896900	0.752300	0.591700	1.602200
37	0.474500	-0.051100	-1.042000	0.014000	-0.640200	-1.610800	-0.440700	0.123300	0.347200	0.343100	-0.829400	-0.693700	0.000000	-0.273100	0.470000	0.499100	-0.924400	-0.258400	-0.591200	0.455500
38	0.032100	-0.408800	-1.055900	-0.064400	-0.532500	-1.081700	-1.383100	0.267900	-0.239300	-0.131200	-0.563200	-1.151100	-0.800700	-0.258200	-0.336900	0.000000	-0.647500	-0.036100	-0.230200	0.216200
39	1.976200	0.702400	-1.345800	0.456200	0.033100	2.237400	0.000000	1.353100	1.432700	0.806700	-0.613500	-0.013400	1.435900	0.406400	1.667200	0.453100	-0.170300	-0.745600	-0.459500	1.029300
40	7.764800	6.383400	3.484100	3.646900	3.287900	11.506800	5.785900	4.857300	6.811600	5.625900	1.859500	4.764200	7.313700	5.652600	8.352700	6.226700	5.601400	2.504900	0.000000	4.361800
41	1.141500	0.744200	0.506300	1.702900	1.199200	8.880700	0.975100	1.716200	1.853900	1.335100	0.848500	1.210400	0.826900	1.054500	0.486100	0.000000	1.077000	1.171500	1.041700	1.782000
42	2.407000	1.456800	0.596300	1.163700	0.756200	4.525500	0.118500	2.168400	1.017300	1.449700	0.615000	0.000000	1.706900	1.035200	2.637400	0.779700	1.039600	0.028200	-0.168800	1.222500
43	6.221600	4.257400	0.515700	0.803400	0.000000	4.671000	3.457600	2.872800	4.985400	3.220000	1.082600	2.621000	4.388500	3.663300	4.898400	4.157400	5.059500	4.024000	4.559000	13.360400
44	2.200500	1.112900	1.057000	1.236200	1.494700	6.495500	0.858700	0.947700	0.443400	0.526900	0.213400	0.511200	0.536600	0.953700	0.000000	0.251000	0.267100	0.043800	0.064600	0.097500
45	1.991700	0.760700	13.809100	3.692600	9.474000	1.877600	20.954470	1.866800	0.000000	3.215800	13.742300	14.567700	17.104400	18.144130	5.594300	6.979900	52.167500	43.654000	34.662760	40.583300
46	3.872400	2.998300	2.202700	3.269200	5.381800	6.322200	2.759100	4.897500	3.482100	2.160200	1.044100	3.020200	4.969800	3.051900	4.658900	3.528900	1.402900	-0.545700	0.000000	3.162000
47	0.000000	4.726200	11.907500	13.466900	16.661000	10.984000	19.299000	11.463000	4.829600	5.758200	7.404600	11.349200	12.846600	10.492200	14.085900	11.205700	39.692300	21.433240	17.700020	84.901500
48	0.776700	-0.296800	-2.360300	-1.311600	-1.884300	0.781100	-0.684400	0.000000	0.380000	-0.493100	-2.175900	-1.026700	0.151400	-0.037500	0.807400	0.058700	-0.364300	-1.105700	-1.267500	1.029400
49	0.249400	-0.018600	-1.057400	0.871000	0.829300	0.176700	0.490700	0.791500	0.000000	0.948000	-0.926900	-0.152800	0.334300	0.399900	0.634400	1.015700	-0.005500	-0.546100	-0.710600	0.400800
50	0.663100	0.442700	-0.144700	1.535600	1.325300	-0.105000	-0.048100	1.598400	0.686400	0.476100	-0.082500	-0.011600	0.039700	-0.025600	0.261200	0.000000	0.040500	-0.021000	-0.023100	0.378300
51	0.359100	-0.202600	-0.355700	0.446700	0.075600	1.430200	-0.642300	0.364300	0.293100	0.443300	-0.641300	-0.558100	-0.186000	-0.608800	0.209300	-0.108700	-0.357400	0.000000	-0.037000	0.684100
52	2.595800	1.515300	0.298200	2.804200	2.210500	2.978900	-0.508700	3.600100	2.207200	0.612900	-0.288300	-0.273700	1.467100	1.190100	1.988500	1.332500	-1.128300	-0.555200	-1.090400	0.000000
53	1.307800	0.636200	-0.697200	0.000000	0.275900	1.288000	0.972200	-0.121400	0.948400	0.572400	-0.168600	0.494100	0.563800	0.578300	1.016700	1.233200	1.869100	2.026400	1.995400	1.850500
54	0.000000	2.954800	3.297800	4.340300	3.960100	7.475000	3.049500	4.412800	3.540800	3.016000	3.105600	3.332400	3.195000	3.056300	3.461300	3.297000	3.627100	3.782000	3.728500	3.600200
55	1.575300	0.888900	0.242400	1.156400	0.613600	3.652800	0.694500	1.234800	1.094700	0.823400	0.269400	0.502400	0.000000	0.457800	0.434900	1.048200	1.012300	0.742100	0.672700	1.083200
56	0.099400	-0.109400	-0.725200	0.216800	-0.419100	-1.617200	-0.656700	0.282200	0.000000	-0.235800	-1.182700	-0.541800	-0.739600	-0.862900	-0.191800	-0.273200	-1.053700	-0.851400	-1.083000	-0.286200
57	3.184200	1.872400	3.871600	3.347100	4.583700	0.000000	6.735600	4.982500	3.163300	2.905200	2.400400	5.084700	3.556700	6.274500	5.215500	4.625100	17.249760	12.866900	10.637200	9.343000
58	6.358400	5.076800	5.485500	4.600300	4.137500	10.554700	7.218100	5.153100	5.589000	5.313100	4.065000	6.117800	1.346100	5.425300	0.000000	4.547700	10.189900	5.184100	6.238100	5.010900
59	0.068900	-0.549400	-0.811900	-0.188900	-0.803300	-2.496900	-0.539000	-0.057100	-0.116900	0.293800	-1.070800	-0.822600	-1.037500	-0.923000	-0.811600	-0.156500	-1.226300	-1.031700	-1.160100	0.000000
60	3.338400	2.062200	0.811500	1.816900	1.456600	2.532800	0.000000	4.448200	2.569500	2.596700	0.779900	1.345700	2.472000	1.769500	2.965700	1.796600	1.577100	0.862400	0.677100	1.618000
61	2.026500	0.480700	3.510100	1.307200	1.099500	2.708300	13.788800	0.000000	1.190100	0.880800	1.379400	8.384800	5.446600	4.796500	4.903500	3.696700	31.182950	23.641790	18.529990	28.317030
62	1.891800	0.735600	-1.106300	0.000000	-1.094700	3.101800	-0.671500	0.257000	1.044400	1.135900	-1.170000	0.054100	0.596500	0.161800	1.709800	1.290300	0.742500	-0.034500	-0.831700	1.470900
63	1.000500	-0.061800	-0.654400	0.232700	-0.430500	3.185500	-0.358700	0.022800	0.000000	0.664700	-1.123400	-0.734900	-0.240700	-0.476500	0.163200	-0.127100	-1.335600	-0.959300	-1.077000	0.178000
64	3.466600	1.796500	0.299700	0.279200	0.000000	5.832000	2.024100	2.176600	3.011400	2.339000	0.527800	2.200700	3.420800	2.073800	3.136300	2.221200	9.305400	17.896920	9.043700	8.649400
65	1.363200	-0.541800	0.789500	1.174400	1.454300	3.510500	9.783000	-0.557800	0.335500	0.000000	-1.295000	3.366500	2.586200	2.835100	2.649600	-0.059500	23.527870	15.005200	6.589000	3.776100
66	1.150000	0.479900	0.044800	0.763700	0.073700	3.940000	0.188000	0.591200	0.407700	1.064000	-0.108200	0.000000	0.504000	0.148200	1.127100	0.354600	0.120900	-0.002700	-0.083800	0.440300
67	0.490500	0.177000	0.037100	1.078900	0.440700	3.254700	-0.109700	1.172800	0.026400	0.932000	-0.502200	-0.189100	0.864100	0.000000	1.456700	0.250100	-0.565900	0.170700	0.122700	0.010400
68	1.179900	0.362900	-0.933500	0.624000	-0.181400	2.246700	0.071600	0.500600	0.294100	-0.118400	-1.024300	-0.390200	0.222800	0.055300	0.642400	-0.709500	-0.576400	-1.212600	-1.685600	0.000000
69	0.000000	2.362500	2.524000	3.642100	4.991100	7.517100	1.703100	4.744700	2.318300	2.459900	2.608400	1.944700	2.577300	2.361500	2.464100	1.973200	2.770600	2.466900	2.505600	2.524100
70	3.294100	2.329600	1.300200	0.000000	0.849300	5.851200	3.589000	1.261000	3.561800	1.923900	1.079300	2.413300	3.410100	4.793700	3.217800	2.779700	10.093400	-0.551100	0.068800	3.159600
71	0.125900	-0.039800	0.100200	0.251600	0.181800	-1.339900	-0.083400	0.160700	0.096900	0.225100	0.072100	0.000000	-0.133900	0.148800	0.272000	0.331500	0.277900	0.235200	-0.585600	0.326700
72	4.037300	2.819200	0.070200	1.163200	0.000000	3.782300	4.924900	2.233400	3.119700	2.277200	0.356000	3.663200	3.635000	2.741400	4.134900	3.473300	7.712200	12.456100	5.746700	3.916100
73	1.757900	0.390100	-0.100000	0.441200	0.261300	1.229700	-0.409200	-0.138900	-0.383100	-0.277900	1.680500	-0.497400	0.228700	-0.322000	-0.199300	0.000000	0.152200	-0.188300	-0.232100	-0.129600
74	1.115300	0.707400	0.412000	0.976300	0.453100	1.659400	0.234600	0.776500	0.433800	0.427600	0.258200	-0.606100	2.570900	1.009700	1.238600	1.337100	0.556700	2.094000	1.834500	0.000000
75	1.388000	0.884700	0.618000	0.495300	0.389700	1.872600	0.171100	0.917200	1.210400	0.917700	0.725500	0.000000	0.571800	0.116000	1.024200	0.522000	0.973300	0.721900	0.683200	0.624600
76	0.000000	1.231700	13.041000	6.258500	7.471000	5.447600	23.880990	5.690800	2.987500	4.133000	8.672200	10.556200	12.185800	11.757500	10.793300	9.379600	35.497500	25.593280	20.984780	20.188130
77	1.176700	0.631200	0.214700	0.109200	-0.069100	3.576100	-0.095800	0.459400	0.262100	0.170500	-0.223800	0.000000	-0.117700	0.042900	0.063600	0.739200	0.038500	0.022500	-0.176400	0.572200
78	1.158700	0.388800	-0.401100	-0.651300	-0.968300	-0.721500	0.442400	-0.789100	0.227400	-0.010600	-0.889800	-1.230200	-0.587600	0.000000	1.593100	0.617300	4.604000	0.603300	0.230300	2.940400
79	4.575600	2.612700	0.288800	0.673200	0.000000	6.373300	6.887700	3.276300	3.726300	2.700400	0.224300	5.762300	4.533900	3.920200	4.445300	2.684400	13.397100	7.914800	3.403600	2.295300
80	1.334800	0.962500	0.112900	1.340300	1.127800	4.279800	0.012100	1.736100	1.275200	0.672400	0.384500	0.000000	0.275800	0.323600	0.560400	0.863900	0.392300	-0.458100	-0.028400	0.386400
81	1.175700	0.293600	-0.263000	0.160300	-0.286900	-1.669300	-0.294800	0.000000	0.448800	0.799900	-0.316000	-0.162400	-0.227900	-0.217000	0.104700	0.606200	0.210700	0.212600	0.121500	1.005600
82	1.118500	0.471500	-0.061900	0.481000	0.199700	-0.752900	0.229100	0.800900	0.886400	0.866400	-0.062000	0.000000	-0.079100	-0.105700	0.793300	0.855000	0.594900	0.603500	0.450400	1.048500
83	2.110300	0.781500	-0.354200	2.964000	2.517500	-0.638200	1.125100	1.662900	1.503800	0.537100	0.052000	0.458200	0.437600	1.646700	0.824200	0.858800	1.430900	0.889400	0.611200	0.000000
84	5.211600	3.979400	2.836900	5.704100	4.113400	7.416100	6.984900	4.845500	4.734000	3.786400	0.849000	2.443200	5.859200	4.190700	6.428600	3.940600	5.497700	0.830900	0.000000	2.826100
85	1.137800	0.733600	-0.422100	0.394800	-0.036800	2.590200	0.134400	0.412900	0.518400	0.775800	-0.497500	-0.221600	0.260800	0.212900	0.000000	0.324800	0.726500	2.639400	0.890300	1.255400
86	0.742600	0.403800	-0.538200	0.791500	-0.067300	2.772600	-0.539700	0.376800	-0.041300	0.378600	-0.493900	-0.284000	0.000000	0.153700	-0.067500	0.255900	-0.162100	-0.388500	-0.463800	0.447900
87	4.671800	3.673100	2.009000	2.449800	3.356000	6.818500	4.494000	2.296700	3.495000	3.249500	0.844800	3.837000	5.115100	3.933800	5.765300	3.358200	2.452400	0.000000	-0.222600	1.908100
88	1.619400	0.938600	-0.458000	0.703300	0.072400	2.090000	-0.229400	0.925500	1.223500	1.011000	-0.648400	-0.269900	0.625800	0.452600	0.000000	0.785500	-0.271600	0.275000	0.221900	0.639600
89	7.508900	5.440200	3.054000	3.728700	4.494400	8.242400	3.688100	5.033900	6.442200	4.628600	2.939400	3.613000	6.452100	5.017900	6.997800	5.617200	3.248100	0.000000	1.279300	4.458300
90	5.879700	3.506300	0.402100	0.537700	0.000000	5.396100	10.913400	3.110000	4.669800	2.867200	0.331800	4.507000	4.898500	2.821100	4.909100	3.606900	13.226800	7.200400	4.326400	5.636000
91	6.001200	4.402100	1.290300	1.179200	0.000000	7.815900	9.581000	3.787400	5.757500	3.430400	1.791100	4.627500	4.643000	4.264200	5.546800	4.318400	23.112950	19.592970	11.743000	11.464400
92	0.000000	1.615100	9.057700	6.593500	10.546700	3.657800	18.008800	7.535500	3.282800	3.345500	8.620700	14.052300	11.287700	11.325900	10.146900	8.042900	42.985600	22.663000	20.193850	64.097700
93	4.672800	3.657300	2.206600	2.923800	4.339400	4.867600	5.245100	3.367500	3.883300	3.085400	0.000000	3.247700	4.335500	2.600900	4.173100	2.763900	12.966000	16.355000	10.630800	5.361000
94	3.789400	2.856100	3.250600	2.636400	2.649200	5.940800	2.412400	2.848900	2.696900	2.820200	2.236700	2.627000	2.515300	2.256400	0.000000	3.498800	6.958700	8.937100	7.951000	5.730400
95	0.369700	0.376900	-0.351300	0.886000	0.307400	-2.167200	0.473200	0.509900	0.609800	1.417200	-0.448600	0.112500	0.000000	0.375600	-0.377700	0.547000	-0.792000	-0.239100	-0.433100	1.003000
96	1.072200	0.459300	0.179200	0.771300	0.337300	-0.915800	0.311600	0.074500	0.000000	1.097800	0.028600	0.171400	-0.061800	0.325200	0.701600	0.921100	0.430100	-0.518500	-0.832600	1.011600
97	1.032100	-0.059100	0.377300	-1.256800	-1.606000	1.593100	6.437600	-0.533000	0.918800	0.398500	-0.860200	1.467000	3.372600	0.920100	1.438800	0.000000	9.865900	7.874800	7.438400	2.035900
98	2.997900	1.973600	0.026600	1.126100	0.000000	3.365400	1.231600	1.645600	2.654500	2.124700	0.028000	1.105900	1.969600	2.053800	2.882000	2.281300	1.721900	0.229500	0.835800	2.339500
99	0.167800	-0.432900	-0.804500	-0.324900	-0.830700	3.557700	-0.746200	0.076900	-0.337500	0.281300	-0.965100	-0.831100	-0.635000	-0.772600	-0.325300	0.000000	-0.879700	-0.970000	-1.154600	-0.240300
100	1.071900	0.196400	-0.752200	0.145500	-0.704400	1.864800	-0.039300	0.117500	0.398700	0.814700	-0.879600	-0.227300	-0.180200	-0.222200	0.266500	0.000000	-0.235500	-0.425700	-0.549500	0.170600
101	4.857800	3.127800	0.000000	3.441800	2.718300	5.454900	6.055500	2.428600	3.670100	3.227000	0.527100	3.576900	3.765000	3.020900	5.141900	2.992000	16.883900	10.830000	8.038300	18.458890
102	1.666300	0.810800	-0.494300	0.934500	0.204900	4.215200	0.224200	0.497700	0.776900	1.129400	-0.595100	0.000000	0.546000	0.437100	1.675800	0.438600	0.070000	-0.437600	-0.294600	0.746100
103	0.671300	0.479200	0.533700	1.780600	1.391500	1.821100	0.522100	0.732000	0.058700	0.896000	0.658500	0.000000	1.062600	0.333200	1.597300	0.570100	1.051700	0.994600	0.945600	0.237400
104	1.662400	1.426400	0.300000	0.554200	0.000000	2.930400	0.093100	1.353500	1.129900	0.343000	-0.568000	0.358000	1.365000	0.945100	1.226800	0.758400	0.967100	0.259200	0.520800	0.970900
105	0.883700	-0.113300	-1.504900	0.325700	-0.097600	4.933700	-1.048700	-0.027800	0.483400	-0.148600	-1.189600	-1.134700	0.553100	0.000000	1.327700	0.588100	0.926500	0.349200	-0.185400	2.009300
106	2.636100	2.094900	1.580700	2.959200	2.685000	0.000000	1.051100	2.574400	2.464200	2.612700	1.086000	1.697100	2.243100	2.416900	2.425300	2.579100	2.445600	2.292100	2.249200	2.628100
107	0.363000	0.103200	0.197500	0.221800	0.299800	-1.082500	-0.157500	0.190600	0.258900	0.327400	0.255800	0.186900	0.000000	0.244600	0.292800	0.352100	0.215300	0.183200	0.171100	0.281100
108	0.000000	2.315700	2.021100	4.485800	4.271300	6.295800	1.509800	3.028600	2.359000	2.321500	2.039200	1.889800	2.215500	1.765300	2.419600	1.956200	3.513300	3.482400	3.436800	1.856800
109	0.414500	-1.190600	0.682100	-0.441600	-0.001400	1.484500	-0.690100	3.621700	0.000000	-0.919900	-1.287900	-0.661800	1.579000	1.161900	3.751100	1.872500	2.962600	0.391200	-0.547100	1.996500
110	1.462800	0.865600	1.070500	1.067200	0.653200	1.354500	-0.061300	1.106700	0.998800	1.036900	0.567700	0.000000	1.383600	0.737000	1.724600	0.547500	0.810100	1.323700	1.338900	1.208700
111	1.688000	0.000000	6.883900	4.001500	7.254400	8.242600	24.093670	2.954300	1.819100	4.173300	9.467600	17.041400	7.765300	11.295900	5.898300	7.128700	39.257700	24.220390	23.521530	40.500800
112	2.078600	1.252000	-0.073600	0.649500	-0.033400	3.367200	0.055100	0.889200	1.379000	0.864200	-0.114700	0.000000	1.013700	0.525400	1.026500	0.536800	0.151600	0.202800	0.050100	0.612400
113	3.716900	2.491200	0.625500	0.000000	0.681100	1.554700	3.252100	1.636800	3.614800	1.796000	3.103900	4.379200	3.582400	3.528200	4.164800	1.849900	3.022000	3.088300	2.103100	4.770200
114	1.560600	0.301800	-0.021800	-1.186300	0.078400	4.077300	-0.501400	0.340500	0.380300	0.000000	-0.049100	-0.268000	1.821300	0.098200	5.189800	0.535900	-0.225900	-0.436500	-0.053600	0.200500
115	3.231900	1.929800	0.000000	0.769300	0.275200	1.855900	0.974100	1.960900	2.506200	1.573800	-0.223300	0.675900	2.579400	0.682500	2.896700	1.850700	6.161200	3.860500	5.175400	2.953500
116	5.450600	3.767500	1.037600	3.443300	2.605100	5.807800	3.951100	5.296500	5.281900	3.851000	0.900300	4.441700	5.109900	3.718700	5.562100	4.702900	5.392100	2.518400	0.000000	3.676600
117	0.000000	4.011400	17.117900	9.969500	12.603400	3.516900	10.536000	12.129700	8.334400	7.437000	9.653500	11.257900	10.343200	16.563800	15.915700	13.046900	21.462310	15.777400	20.719520	68.936700
118	1.861500	0.697400	0.438200	1.586800	0.838400	8.005500	0.606400	1.085200	0.762900	0.976900	0.330900	0.317000	0.345400	0.471200	0.000000	0.660600	1.010700	-0.605800	-1.002200	0.510300
119	6.384700	5.482800	2.840000	6.569100	7.786600	8.157500	3.850100	5.114000	5.574200	5.439700	3.587300	4.257600	6.746100	4.968200	6.689600	5.167500	0.000000	5.516600	3.832100	4.002500
120	1.229900	0.407100	0.316000	0.487300	1.080600	5.053000	0.569200	0.658100	0.190500	1.052900	1.433000	1.743900	2.506300	1.904000	1.036800	0.000000	4.490800	2.239600	2.253400	2.761700
121	0.621900	0.262700	-0.050400	0.666000	0.900200	0.057600	0.158600	0.000000	0.181700	0.167300	0.112800	0.879900	0.495800	0.159900	1.197000	-0.143300	0.827100	0.578300	0.583500	0.921300
122	-1.372500	0.577200	0.232200	1.546500	2.634100	5.464300	-0.212900	0.938300	0.388900	0.445100	0.238500	-0.141400	-0.037500	-0.313200	0.354300	0.000000	0.172500	0.327000	0.129500	0.273700
123	1.309900	1.290000	1.245600	2.308300	2.002500	5.982400	1.069800	1.831300	1.422100	1.499500	1.171500	1.228100	0.795800	1.080400	0.000000	0.991700	1.522900	1.231000	1.206500	1.637400
124	0.000000	2.604300	4.136400	5.148900	5.035400	7.336300	3.418000	5.021600	4.066800	2.568800	3.991800	3.570900	4.164200	3.644600	4.201200	2.646200	4.024900	4.066200	4.073900	4.133600
125	1.864600	0.861600	-0.210700	0.639700	-0.056700	1.279900	0.499200	0.000000	0.656900	0.952400	-0.083400	0.265600	-0.132300	0.445500	0.449200	0.409800	0.863800	0.099200	-0.047200	0.815700
126	4.313500	3.123400	1.290500	0.000000	1.352700	3.819400	2.524200	2.853700	3.346000	2.117400	0.372300	1.726900	3.260400	3.025500	4.024200	2.656300	4.428300	1.606300	1.113600	2.353300
127	0.383400	-0.300500	-0.664600	0.547700	0.091500	-0.293800	-0.334800	0.623100	-0.102500	-0.042800	-0.427000	-0.429000	-0.119200	0.000000	0.013600	-0.083800	-0.184500	-0.979700	-1.304200	-0.090600
128	1.529100	0.590400	-0.339800	0.294100	-0.190700	0.102800	-0.370600	0.000000	0.450800	0.764700	-0.282500	-0.061900	1.015500	0.355600	0.506800	0.773900	5.410300	-0.140200	-0.443100	2.612200
129	2.311100	1.266600	-0.285700	0.707400	0.000000	0.892000	0.144700	1.157800	2.011900	1.014900	0.265600	0.359100	1.568700	0.716900	2.643800	1.072000	1.007600	-0.212400	0.085400	1.615700
130	3.687900	2.287600	0.052500	0.615500	0.000000	3.434400	9.494300	2.963500	2.595300	2.139500	1.479900	5.661700	4.305300	2.777400	4.001100	1.638300	26.521280	17.274890	9.240500	26.760311
131	0.255200	-0.120300	-0.456600	0.044000	-0.439700	-1.789500	-0.349500	0.132600	0.052500	0.251400	-0.655600	-0.551400	0.000000	0.177300	0.256400	0.261400	-0.892700	-2.193100	-1.059000	-0.055600
132	2.597100	1.969000	0.556300	1.636300	1.420400	0.283700	1.642300	1.900400	2.326400	1.627300	0.529900	1.491200	1.292000	0.966800	0.000000	1.029900	0.540800	0.847900	0.504600	1.581100
133	3.067800	2.320200	9.711900	6.142000	7.624200	0.000000	6.504600	6.472100	2.622300	2.541900	6.258900	7.872300	7.785600	8.102200	4.544600	4.855500	31.177230	19.938740	18.635860	24.410110
134	0.957100	0.586400	0.216400	1.719000	1.642600	3.191200	0.225100	0.397700	0.244400	1.164100	0.254300	0.119200	0.472700	0.310700	1.101600	0.818400	0.000000	0.496000	-0.212000	1.107200
135	0.502400	0.471800	0.261700	0.417900	0.367300	0.087600	0.041600	0.429800	0.537700	0.436100	0.066000	0.186200	0.315400	0.295800	0.465600	0.370400	-0.110300	0.000000	-0.038800	0.437700
136	0.000000	2.450100	1.669100	4.933400	4.230500	3.590700	2.301400	4.358800	1.934600	2.657900	2.542600	1.118300	3.796400	2.514500	3.368200	3.602000	3.859300	2.989900	2.319000	3.207200
137	0.998300	2.163000	1.302200	2.373600	1.338000	2.429200	1.547500	2.166500	0.908600	1.020800	1.542200	1.238700	0.997200	0.846400	0.000000	0.267200	1.559500	1.955500	1.922000	1.475500
138	0.528300	0.376100	-0.411700	0.875000	0.000000	-0.665100	-0.311200	0.521300	0.798200	1.766400	-0.219400	0.184000	-0.148800	0.847400	0.326400	0.868700	-0.425300	0.190200	-0.092700	0.504800
139	0.733800	0.264100	0.275100	0.772800	0.267700	0.237400	-0.125600	-0.024600	0.077300	0.919100	-0.325200	0.246700	0.442800	0.000000	0.568500	0.075600	-0.144600	0.248600	0.224900	0.599500
140	0.320500	-0.631900	-0.960600	-0.071000	-0.258400	-0.445500	-0.017900	0.624600	0.500900	0.240500	-1.344500	-0.511300	-0.408400	-0.263900	0.000000	0.387600	-0.572300	-0.506800	-1.008200	0.048100
141	5.016300	3.100800	0.615600	2.821800	2.827200	2.509200	4.615500	3.730400	4.664000	3.104200	0.650300	2.363300	5.005400	3.370000	5.113700	3.492300	4.028300	1.050600	0.000000	2.074700
142	1.625800	0.497900	-0.170300	0.971200	0.178500	5.654000	0.720600	1.790600	1.547700	1.300700	-0.608400	0.409100	0.000000	0.252400	0.075300	0.704900	0.213000	-0.755000	-0.917400	0.906100
143	2.966800	1.951600	0.956000	1.798300	0.965100	8.587300	1.875200	2.155200	2.217600	2.630800	0.703000	1.469100	2.111000	2.080500	2.794600	2.613100	1.203500	0.000000	0.710100	2.448100
144	0.843700	-0.736900	-0.888100	-1.058700	-0.763300	1.759600	2.697000	0.179000	0.753100	-0.351900	-2.285900	0.874800	4.196300	0.818100	1.908600	0.000000	14.324600	17.259900	11.174700	24.169070
145	4.657000	3.001700	2.308800	5.113000	4.338200	11.776200	3.667200	4.868200	4.523600	3.370000	1.037400	2.192100	4.605500	3.161000	5.333300	4.258300	0.947800	1.799300	0.000000	3.125600
146	1.920600	0.813500	-0.716100	0.687700	-0.038700	3.553900	0.119200	0.657800	1.035800	1.288800	-0.447200	0.000000	0.785100	0.076100	1.466100	0.511400	-0.093900	-0.048400	-0.278300	0.602000
147	4.172800	2.267800	2.160300	2.058900	1.727300	7.024700	3.476500	2.514200	3.940900	2.224500	0.441600	3.290600	3.411300	0.000000	5.025600	2.883800	2.887300	2.950200	2.539100	4.191300
148	4.740400	2.895900	0.342800	0.795000	0.000000	7.059000	7.900400	2.617500	4.020100	3.074800	0.277700	3.728400	5.118400	3.462700	4.916700	2.766300	19.643170	13.040800	7.388500	6.390700
149	0.962100	-0.290300	-0.626100	-0.106600	0.033500	3.382200	-0.312300	0.000000	-0.137800	0.542200	-0.854100	-0.452300	0.291600	-0.498200	1.433300	-0.456600	-0.412700	0.069000	-0.239200	0.827900
150	3.621000	2.268200	0.977400	1.617400	1.103500	6.416800	1.589800	2.824400	3.094400	2.749200	0.787200	1.309700	2.198800	1.724000	3.508700	1.994900	1.713100	0.000000	0.195900	1.718500
151	4.596200	2.810700	0.668200	3.524100	4.902300	5.906800	5.753400	3.735600	3.216700	2.899700	0.551000	1.463200	4.971100	3.871500	5.304700	4.200100	9.282500	1.481400	0.000000	3.818800
152	0.627300	-1.276000	3.949100	-0.605500	2.286900	5.966900	8.053300	-0.723400	0.000000	-0.447600	4.746700	8.034700	7.651800	7.109500	3.717500	4.176500	42.186900	25.649110	17.513200	18.482690
153	0.970800	0.452600	-0.104200	0.792100	0.113900	2.940700	0.044400	0.209400	0.387700	0.992800	-0.198500	0.000000	1.093300	0.270700	1.454400	1.062300	0.150600	0.622700	0.481900	1.039800
154	2.902600	1.424700	-0.543500	1.164900	0.781300	3.093600	1.864600	2.397000	1.817700	1.444900	-0.379400	0.766700	2.175000	0.000000	3.013500	1.172700	4.823300	3.499300	3.048200	8.459100
155	6.486000	4.663300	1.077300	4.404300	4.646400	10.566200	5.369200	4.152900	5.766300	5.057800	1.329200	4.001000	5.907900	4.896200	7.140600	5.633500	1.411200	1.425900	0.000000	4.129200
156	5.039900	3.858100	0.000000	2.852700	1.520000	6.172600	4.855600	2.716800	4.141300	3.529200	0.509500	3.014700	4.871800	2.925600	5.688800	3.276600	7.967500	6.523400	6.595800	5.105400
157	1.786800	0.803900	0.768300	1.768400	1.791500	4.322700	0.315300	1.265600	0.632600	0.984100	0.232400	0.000000	1.492800	0.688300	2.009700	1.457400	1.080600	1.041100	0.990000	1.415800
158	2.060900	1.120900	-0.294200	1.551700	1.047300	5.624800	0.079400	1.654500	1.435700	1.495500	0.337400	0.000000	1.156100	0.637600	2.278700	0.665200	0.768600	0.756900	0.640800	1.013200
159	3.203000	2.544700	2.499600	1.815700	2.440700	4.016900	1.715900	1.987100	2.517800	1.210900	1.113800	1.007900	0.000000	1.431200	2.058300	3.297700	7.490600	9.624400	6.117600	19.132720
160	3.188300	2.908700	0.000000	2.687300	1.336100	2.129200	2.939200	1.508900	2.744500	2.205200	-0.233100	2.364300	3.567400	2.356900	3.769400	2.419200	5.916700	4.191200	3.661600	4.018400