SITE	GLY	ALA	LEU	VAL	ILE	PRO	ARG	THR	SER	CYS	MET	LYS	GLU	GLN	ASP	ASN	TRP	TYR	PHE	HIS
1	0.958000	1.293300	0.737500	1.094100	0.328700	1.002500	1.455200	1.643600	1.427400	0.772000	0.000000	1.050600	1.376800	1.097900	1.623700	1.302100	0.816900	0.897500	0.815400	1.561500
2	2.863300	2.436300	0.000000	2.055300	1.429300	4.006700	1.542400	1.989000	2.246300	1.841700	0.345100	1.545600	2.754700	1.941400	3.232900	2.819700	1.814000	2.001200	1.897700	2.755300
3	1.425700	0.411300	-0.869200	0.482400	0.223300	7.067600	-1.053400	0.000000	0.710300	0.047000	-0.765000	-0.620500	0.544000	-0.125300	-0.404600	0.295400	-0.549600	-0.376200	-0.431100	0.433000
4	0.190800	-0.106700	0.070200	0.049800	0.197300	-0.899400	0.090900	-0.031600	0.054000	0.106800	0.080300	0.054600	0.000000	0.178100	0.034800	0.149700	0.059800	0.023900	-0.001600	0.117000
5	0.000000	2.221400	3.607600	4.340100	4.240300	5.901100	1.565900	2.971300	3.376800	2.259300	3.440900	1.860100	3.573600	3.213700	2.389000	2.136100	3.461500	3.251300	3.201200	3.711900
6	3.193300	1.911900	-0.060800	0.436100	0.000000	4.202500	0.284600	1.535900	2.409000	1.406400	0.386500	0.716200	1.266200	1.117800	2.124500	1.344500	0.986400	-0.085000	-0.709500	1.127700
7	1.819100	0.347900	-0.353700	-0.497500	-0.402100	2.023500	-0.879400	-0.503600	0.000000	-0.014500	-0.465800	-0.927200	0.000500	-0.257200	0.449700	0.191900	-0.103900	-0.315300	-0.491300	0.311600
8	4.906600	3.548300	-0.006100	1.338900	0.000000	4.896300	2.611700	2.985000	4.477800	3.167900	-0.093500	2.721100	4.045400	3.215400	4.604900	2.846600	7.958800	9.803800	5.230000	3.881700
9	1.602100	1.266000	0.444900	1.110900	0.796100	0.787200	0.121600	1.166700	1.460200	0.984900	0.654300	0.101300	0.868100	0.000000	1.291600	1.204000	1.428200	1.326600	1.227100	1.730400
10	1.983600	0.898700	6.498100	3.529600	3.456800	5.004600	16.130500	4.335000	0.000000	3.920400	4.039700	13.050100	13.145600	12.496200	10.139100	5.992500	24.664700	10.519900	9.718900	51.007230
11	1.448200	0.913300	0.524500	1.191400	0.726600	1.818700	0.812000	1.683300	1.337200	1.767000	0.325600	0.625100	1.054000	1.054900	1.426300	1.483000	1.244600	0.000000	-0.384000	1.814900
12	3.119600	2.874000	2.438200	3.191700	2.946400	5.791800	2.602300	3.240400	3.229700	2.174800	2.166900	2.632700	2.185600	2.418600	0.000000	0.214500	2.920300	2.541800	2.778500	2.966600
13	0.000000	3.355200	3.841600	5.281500	5.004000	7.393200	3.414600	5.101100	3.818400	3.459900	3.733900	3.416100	3.874000	3.796200	3.930200	3.486900	3.784700	3.746400	3.702500	3.942200
14	1.416200	0.596100	-1.095900	-0.122500	-0.432700	2.366900	-0.453500	-0.038100	1.030500	0.285600	-1.885000	-0.809200	0.519600	0.008700	1.771000	1.107700	0.260100	-0.178700	-1.872400	0.000000
15	0.742500	0.150700	-0.620300	-0.236500	-0.302300	0.113600	-0.542500	0.000000	0.448700	0.056200	-0.590300	-0.724800	0.147500	-0.326600	0.775800	0.448100	-0.186900	-0.044500	-0.074700	0.488000
16	5.676100	4.876800	2.109600	3.662600	2.777400	6.723400	3.898400	3.724700	4.870700	4.359100	1.566900	3.046300	7.347500	4.397100	8.022200	5.067400	6.012900	1.911600	0.000000	2.947900
17	0.000000	0.932900	0.001100	1.580500	1.249200	-1.072200	0.583100	2.407600	0.878100	0.982800	-0.090800	0.170500	1.320900	0.595900	1.108200	0.418800	1.409100	0.511000	0.487400	1.369000
18	1.650200	0.000000	3.420000	2.704500	3.018500	3.467900	10.179500	3.739300	0.988000	1.206700	1.850900	6.775700	5.544600	4.673000	7.240100	4.452900	23.600000	20.988000	13.942000	48.877000
19	4.346800	2.629400	0.000000	1.963100	1.537400	4.970900	2.757900	2.695200	2.932100	2.456000	-0.408900	1.430000	2.888600	1.525300	2.917900	2.010900	1.480300	0.735300	0.154700	1.850800
20	3.748200	2.237500	1.079500	0.000000	-0.248300	5.348800	1.792500	1.289300	2.837800	1.485800	0.659600	0.790000	0.964300	1.441200	1.369600	1.831500	3.080800	2.231300	4.160900	4.318800
21	0.000000	0.381000	0.669400	1.973000	2.174000	6.745900	0.728700	2.584200	1.236200	1.051200	0.163800	0.637200	1.784700	0.914800	2.621600	0.815600	3.726800	1.036600	1.024400	3.710700
22	0.327300	-0.267500	-1.745300	-0.562100	-0.670200	-2.362200	-1.221100	-0.432700	0.000000	-0.457400	-1.881200	-1.265500	-0.919900	-0.926900	-0.053300	-0.677700	-1.235900	-1.416300	-1.481500	-0.623900
23	3.317800	2.054600	5.068900	1.503200	3.502700	0.000000	12.171100	1.487900	2.275400	2.251500	4.197200	7.516300	6.496100	7.386200	4.755900	2.816700	17.529900	6.825500	6.643100	15.763700
24	0.262500	0.000000	-0.440500	0.138300	-0.271000	-1.954300	-1.178900	0.204300	0.248600	0.003100	-0.446100	-1.434700	0.244900	-0.586600	0.415200	-0.182900	0.177700	-1.231000	-0.644700	-0.383100
25	1.082400	0.910000	0.523000	0.424500	0.401200	2.823600	-0.088700	0.393800	0.755400	0.675600	0.520200	0.000000	0.760100	0.101000	0.632000	0.399000	0.471900	0.345500	0.322600	0.023100
26	0.238000	0.000000	-0.858400	-0.013600	-0.503200	-1.209900	-0.333700	0.232300	0.550600	-0.162300	-1.106600	-0.882000	-0.382400	-0.433800	0.428300	0.276600	0.101900	-0.254400	-0.184600	0.417000
27	1.340000	2.372900	2.770700	3.270200	3.490000	0.000000	2.247500	3.472100	2.895900	2.836000	2.796200	2.095100	2.611700	2.217100	3.001900	2.596200	2.969400	2.654800	2.858400	2.969500
28	1.300300	0.000000	2.828800	1.462500	4.460900	4.834000	1.196600	0.771200	0.517800	0.478300	0.338500	1.449400	4.110300	2.193100	4.164000	1.948800	6.274000	3.364700	2.941800	5.473800
29	4.131100	2.338500	8.750400	4.167900	7.032800	0.000000	17.814300	5.530400	4.015700	3.150600	5.174800	16.423200	9.449200	11.670800	8.453400	8.426700	41.243954	31.911830	25.886200	40.081000
30	4.558500	2.887100	0.000900	0.000000	0.051900	4.753200	12.633500	1.835400	3.575600	2.385400	2.439700	6.934600	2.831900	4.712200	4.426000	3.604300	28.998500	18.607900	2.303900	4.716900
31	6.751400	4.739000	0.519100	1.297400	0.000000	5.510500	6.646400	3.909400	6.078400	4.151800	0.675100	4.321200	5.835300	4.575000	5.878700	3.362500	12.732200	7.753500	3.220400	2.947200
32	5.275900	3.306500	0.547300	0.000000	-0.619700	2.990900	12.853000	2.799500	4.470200	2.382600	1.052100	5.403200	5.381200	4.165900	5.203500	2.740900	22.590700	14.686100	14.074500	17.293200
33	6.533900	4.808100	0.364900	1.277700	0.000000	7.691400	8.005200	3.964200	5.550800	3.830500	0.989900	5.194700	6.014500	4.663300	5.949900	3.711300	13.092200	10.253100	5.591400	8.357500
34	1.867600	0.000000	0.084300	-2.626900	-2.058300	-0.500300	3.963900	-0.080400	1.480200	-0.774700	1.517100	3.517400	4.098300	5.216000	2.475300	1.029000	14.123100	6.003800	7.652400	38.563490
35	1.881000	1.117500	0.052000	0.001700	-0.899200	-2.113800	4.420800	1.163600	1.323400	1.091400	-1.414300	0.879300	2.465800	0.000000	3.722400	1.599500	23.354100	9.763800	3.379000	2.734400
36	1.285800	1.618200	-0.590400	1.096900	0.519400	-1.289300	3.477400	0.946900	1.008300	1.323400	-0.531100	2.521600	0.000000	1.141700	-0.201200	-0.059200	8.881900	8.110800	5.315800	5.172800
37	3.368800	1.802200	-0.846900	0.652900	0.000000	-0.452400	2.879400	2.750200	3.106800	2.310900	-0.207500	2.313000	1.556900	1.645400	3.183300	2.405700	5.314800	1.068100	3.235000	3.684400
38	4.982600	3.938500	0.945000	2.480600	2.818900	4.382100	4.413800	4.456600	4.977500	3.818400	0.810900	4.059900	4.147200	2.925500	5.389700	3.501900	-0.432000	0.915400	0.000000	3.605900
39	0.000000	5.635400	16.911300	12.866600	17.736700	10.051100	22.006900	14.604000	9.557100	9.264400	13.359700	16.387300	19.252200	14.552700	14.324200	12.897000	43.702560	33.717960	29.647100	37.889780
40	3.114300	1.887200	-0.378000	0.000000	-0.862900	0.598100	8.515900	2.063000	2.416100	1.953300	1.547600	4.110300	6.370200	1.856600	3.962800	1.654600	21.185800	9.925800	6.040200	5.805100
41	1.769200	2.769100	2.238700	5.386900	5.486400	4.707700	4.025300	2.455900	2.647100	3.156700	1.605800	4.085800	2.022100	4.414500	-0.762800	0.000000	4.827100	2.125700	1.173100	2.332800
42	0.635500	0.000000	-0.206600	0.480300	0.099900	-1.144300	0.202700	0.406700	0.464400	0.616300	-0.402600	-0.026200	-0.339700	-0.180200	0.091900	0.446600	0.027100	0.066200	-0.152600	0.519800
43	3.812800	2.779700	2.818200	2.666100	2.313400	1.027200	4.351300	3.910500	3.177800	2.988500	1.900900	2.925600	4.896400	3.730900	5.185000	3.501200	1.547200	1.333500	0.000000	2.594100
44	4.722300	3.025500	0.318300	2.503700	1.585400	1.291600	4.295500	3.559200	3.816100	4.039300	0.000000	2.058100	3.865900	3.795600	5.132300	4.105900	15.380600	17.784600	9.053700	9.038400
45	1.626700	0.451200	-0.546500	0.797700	0.713800	6.112000	0.000000	2.240600	1.059900	1.118700	-0.861800	-0.141200	0.378000	-0.058400	0.991400	0.981600	-0.168400	-0.157800	-0.503800	0.635300
46	1.528000	0.591300	0.104100	0.840300	0.139800	3.401600	0.280300	1.275100	1.209700	1.128500	-0.369500	0.361400	0.000000	0.478600	0.614600	0.658200	-0.691900	0.078600	0.001900	0.844500
47	3.226200	0.869900	-1.904200	-1.437600	-2.055900	4.390600	1.013300	0.000000	1.538800	0.177100	-1.295400	1.539100	0.295200	0.717800	0.749900	-0.331200	5.944000	5.181700	0.141400	0.834100
48	3.686300	2.154900	-0.881200	0.000000	0.379500	6.138800	1.564100	2.281400	3.747400	2.259200	-0.580400	1.132000	3.207200	1.957400	4.307500	2.301400	4.762800	3.488800	2.736900	13.540300
49	-0.082800	-0.809400	-1.219900	-0.282500	-0.963700	3.680500	-0.909300	0.088100	0.000000	0.006300	-1.079100	-1.144400	-0.545200	-0.767200	0.104400	0.011100	-0.854600	-1.131800	-0.956500	-0.214500
50	3.359500	2.498300	1.704900	2.836500	2.215100	6.326000	2.375200	3.084200	3.358400	3.210100	1.246200	2.184000	2.984700	2.141200	3.525800	3.225600	0.000000	1.996500	0.564300	2.556200
51	6.133900	4.126800	0.000000	3.026800	2.198100	8.329200	5.065100	3.369300	4.695800	4.041600	-0.127200	3.698900	5.375700	3.558100	6.341200	3.989100	6.042600	1.617400	-0.962300	3.183600
52	1.382800	0.500200	-0.916300	0.000000	-0.426200	4.414200	0.122000	0.025000	0.652400	0.664600	-0.427700	0.216400	1.439900	0.413000	3.053800	0.722200	1.233500	0.548000	0.456800	1.147600
53	-0.874900	-1.168300	-1.170500	0.041300	-0.344700	1.139600	-1.828700	-0.194900	-1.088000	-0.614500	-1.384300	-1.271300	-0.584400	-1.182500	0.000000	-1.048700	-0.877700	-0.950100	-1.072600	-1.051500
54	1.196900	0.282000	-1.010700	0.097100	-0.128800	1.740900	-0.626600	0.575400	0.089700	-0.440000	-1.005100	-1.393700	0.853500	0.000000	1.653700	-0.437700	0.132400	0.667200	0.442800	1.203500
55	0.000000	3.719500	3.938400	5.697800	5.371400	7.324100	3.281500	5.573300	4.052300	4.000400	3.581300	3.601500	4.357800	4.302300	4.478100	4.177100	3.518300	3.650300	3.661600	4.230900
56	4.747400	3.616100	0.444100	2.940900	5.122400	6.495800	3.154300	4.257400	4.517500	3.303300	0.409500	2.617600	5.706700	3.031700	5.822600	3.307500	0.412400	0.000000	-0.988400	2.230300
57	1.603400	0.000000	1.761300	3.489100	4.549700	2.686800	3.724800	3.833400	0.839300	2.542000	0.105000	2.776300	3.268400	2.900400	6.379700	5.598200	27.018500	10.604800	7.990400	11.192600
58	1.951400	0.000000	3.299300	-0.720100	1.194800	3.122800	13.110700	1.241900	0.770100	1.067900	3.722800	9.458700	8.603800	6.167800	5.068400	3.671000	21.618500	13.196800	12.446000	31.117300
59	5.967400	3.883800	0.803900	0.000000	-0.230800	5.510300	6.409000	2.114600	4.229600	2.806900	0.976200	8.165100	4.805900	2.538600	3.817700	3.311700	14.713700	8.170700	5.113300	3.687300
60	3.205600	1.053100	1.044000	-0.611700	0.249600	4.518700	11.585200	0.593300	1.678800	0.000000	-0.421700	2.598900	5.022300	1.066500	3.644200	1.168200	19.287100	15.077300	8.732000	15.493200
61	4.495000	2.961200	2.362600	2.231200	2.589900	0.000000	15.033000	4.422500	4.455300	2.928100	2.720200	8.516700	4.870000	4.321000	6.093000	5.377000	20.578000	11.514500	10.539000	17.933100
62	1.174500	0.305300	-2.008800	0.821500	0.354100	4.808300	1.942800	1.001300	1.691300	0.978200	-2.012900	0.940400	0.922900	0.591500	0.000000	-0.307400	14.569900	13.712600	8.191100	3.122500
63	4.276100	2.987200	0.000000	3.353300	1.441100	4.328100	6.307000	4.399000	3.841000	2.876400	0.081900	1.645100	3.306300	2.453900	5.546100	2.970700	13.436200	9.225800	5.676500	4.410300
64	5.886500	5.342100	3.159200	4.627100	3.825900	6.214100	4.552600	5.580500	5.223100	5.198500	2.916700	5.351000	5.819500	4.953100	5.476600	4.837100	6.385900	0.000000	0.722800	5.570000
65	1.503200	0.000000	0.269600	1.110900	0.754500	6.323900	0.458600	0.858800	0.220400	1.117500	0.270500	0.972500	2.645300	1.875700	4.063900	2.932900	4.398300	4.571900	4.750000	5.260500
66	4.559800	4.109300	3.293600	4.281700	3.594900	3.038500	0.000000	4.814700	4.510900	4.337200	3.220600	3.373000	4.541800	4.206700	4.951100	4.260800	4.226300	3.721500	2.755200	4.536500
67	2.513900	1.624800	-1.359000	0.647500	-0.219400	2.100700	-0.049900	0.875900	1.566300	1.654500	-0.685900	-0.511200	1.210600	0.000000	1.515800	1.123100	0.678300	0.541600	-0.371300	-0.380400
68	0.198200	0.000000	-0.784200	0.014300	0.538800	2.065300	-1.306000	-0.125100	-0.844400	-0.738400	-1.645600	-0.770200	-0.183100	-1.045700	-0.707000	-0.803200	-1.006000	-0.538100	-0.819900	-0.699400
69	1.863500	1.695000	0.678900	1.615000	1.196600	0.000000	0.863700	1.696400	1.717900	1.480100	0.519600	0.787700	1.813300	1.197200	2.072800	1.729800	1.581500	1.590300	1.259800	1.843200
70	0.000000	2.215900	1.330300	3.034700	4.027200	6.422400	1.365300	2.962300	2.148500	1.958400	1.284300	0.968000	1.982300	1.867100	2.526300	1.626100	0.821400	1.056200	0.895800	1.800600
71	2.497700	1.052900	0.099800	-0.225000	0.166200	1.182700	0.540100	0.000000	0.964100	0.997900	-0.682100	0.021800	1.305900	1.012200	2.419400	1.465200	0.141200	-0.261600	-0.327900	11.980900
72	1.739200	0.000000	2.645000	1.487300	1.267900	1.327500	1.348800	1.428100	0.332700	0.192700	-0.062900	0.638100	0.707200	1.299400	0.286500	0.135500	0.444400	0.840900	0.580400	0.223000
73	3.991400	2.800200	0.000000	3.828600	1.891400	5.563000	3.140700	2.811600	4.003900	2.717100	-0.359400	2.887800	4.111400	2.535500	4.823300	2.450100	1.866500	3.089300	1.489600	3.561200
74	2.566300	1.734100	0.912000	1.962400	1.447000	2.805500	1.521700	1.984500	2.121400	1.423500	0.623900	1.307000	1.211900	1.516100	0.000000	1.396000	0.977200	1.145400	1.275900	1.711100
75	2.815400	2.134500	4.365700	3.201000	3.285800	0.000000	5.788600	3.991600	2.154400	2.969500	1.958600	5.192300	0.529100	2.899900	1.933300	3.054100	6.852100	2.710900	4.698900	16.688800
76	0.741400	0.734800	0.056900	0.940300	0.928400	0.960200	0.222900	0.099500	-0.461600	0.432000	0.148400	0.348300	0.681700	0.000000	0.773400	0.340400	1.192600	0.976900	0.881700	1.148500
77	5.074100	4.655000	3.828200	4.030300	3.866000	6.900800	4.659200	4.377000	5.041200	4.407000	4.421400	4.362100	1.074600	4.548700	0.000000	2.837300	4.452200	3.697900	3.455100	4.009400
78	1.470100	0.791400	0.908700	1.430100	1.243300	-0.921100	1.349200	1.467400	1.442300	1.707200	0.804500	0.870000	0.000000	0.987400	0.732100	1.635300	1.319700	1.287100	1.276900	1.700500
79	0.297300	-0.165100	-0.014600	0.547400	0.211800	0.267800	0.000000	0.448500	0.342700	0.522400	-0.404200	-0.087300	0.105400	-0.131700	0.368100	0.383700	-0.143400	-0.006900	-0.065500	0.473100
80	1.692000	0.228200	-0.408100	3.181400	3.761500	2.555300	0.182600	2.688600	1.504400	0.984700	-0.265800	-0.246800	0.143100	0.000000	1.188700	1.100300	0.349300	-0.304200	-0.508500	-0.142900
81	1.892700	0.671500	-0.634400	-0.006600	-0.565600	3.389200	0.000000	0.038400	1.193700	1.087100	-0.524300	-0.215200	0.776500	0.237200	0.585800	0.090600	0.933700	4.872300	2.469800	1.570400
82	1.402600	0.531800	0.104600	0.567500	-0.008700	3.341400	0.345800	0.847600	0.494000	1.153700	-0.254600	0.525200	0.000000	0.269500	0.585500	0.586900	0.041300	-0.029000	-0.144500	0.893600
83	2.334300	1.015700	-0.502200	0.140700	-0.173700	3.173000	0.329800	1.264900	1.339600	1.312800	-0.629200	-0.069900	0.817300	0.000000	1.766100	1.540800	-0.343900	-0.560300	-1.150600	0.993300
84	2.209800	0.000000	7.899000	2.931900	3.678600	4.085100	11.827000	1.566100	1.007700	3.032200	5.261500	15.176100	6.427100	5.904800	7.695900	8.631500	43.142230	39.315480	30.868400	57.165800
85	2.038700	1.247900	0.006200	1.130300	0.222100	3.227200	0.684600	0.983500	1.301800	1.649300	-0.073300	0.469000	1.091000	0.924300	1.514000	1.243700	-0.145000	0.000000	-0.331400	0.858400
86	1.352900	0.259200	-0.047800	0.696600	0.099800	3.113700	-0.157700	1.123100	1.011800	0.998100	-0.110900	0.000000	0.391600	0.215800	0.909700	0.504100	0.164700	0.020000	-0.238800	0.656100
87	4.242000	2.712800	0.000000	1.140900	0.003400	6.433500	2.094700	2.046300	3.826200	3.049700	-0.198000	1.718100	3.875400	2.375900	4.413200	3.112700	2.886900	1.038300	0.493500	3.147100
88	3.934900	2.316000	0.530800	3.432000	4.176600	8.825400	1.599900	4.590800	2.971700	2.808600	0.394100	1.423900	2.582500	2.299200	3.776500	2.836200	0.000000	1.158100	0.906200	2.099800
89	0.910600	0.181900	-0.280400	0.763100	0.256800	3.281900	-0.340400	0.659200	0.058400	0.564200	-0.456100	-0.151600	0.240900	0.000000	0.872200	0.041700	-0.421300	-0.371000	-0.384400	-0.011700
90	-0.467700	0.000000	-0.622500	-0.335200	0.238200	0.543400	-0.809600	0.109500	-0.560600	-0.600400	-0.443900	-0.521900	0.362600	-0.366500	0.638300	-0.600000	-0.557200	-0.448400	-0.540900	-0.912900
91	4.996500	3.665700	2.023000	3.758100	2.897700	7.696100	4.446700	2.944200	3.536300	3.707400	0.934700	2.901900	4.253100	3.829700	5.379800	4.399600	2.313200	0.854500	0.000000	3.268200
92	4.171700	4.070400	3.941900	4.013800	3.810100	3.146300	3.198200	3.579400	4.267700	4.203400	4.033500	4.086200	2.390300	4.280600	0.000000	2.527600	3.222400	3.675400	3.481800	3.584500
93	3.027000	2.344600	0.728600	2.295600	1.424600	1.003100	1.670200	2.364900	2.613300	2.365700	0.000000	1.398700	2.063200	1.964900	2.682400	2.757700	0.949900	0.771900	0.311700	2.474000
94	1.468600	0.868400	0.784300	1.247900	0.924300	-0.181500	1.202700	0.427500	0.189600	1.544400	0.252000	0.997300	0.000000	0.702800	0.689500	1.337300	1.018700	0.994300	0.969300	1.445200
95	1.133000	0.000000	0.174200	1.471300	2.014300	1.058800	-0.101000	0.870600	0.366900	0.587800	-0.440500	-0.261500	1.522000	0.032600	2.367200	1.305000	1.645700	-0.482400	-0.563400	1.668700
96	0.000000	-2.027600	3.023600	2.383000	1.739600	3.904700	6.310300	1.046300	0.382200	-0.009400	2.176900	4.344800	9.954100	4.265000	5.732100	4.604500	8.934400	12.874100	8.431400	4.639600
97	3.471300	2.129100	0.382500	0.000000	-0.598000	4.141200	2.757700	0.890700	2.524900	2.069300	-0.301900	2.659600	2.717900	2.077500	3.802900	2.386800	1.377400	5.745500	1.827000	2.933100
98	0.000000	0.338100	-0.363600	0.501900	0.039900	2.083300	0.176300	0.595700	0.822300	1.040800	-0.351100	0.318000	0.894400	0.232400	1.631100	1.140700	0.199900	-0.051100	-0.341500	1.039300
99	4.926300	3.238200	1.078000	3.553400	3.840800	6.296100	3.893700	2.834000	4.058300	3.294000	0.669900	2.923000	3.342800	1.382200	0.000000	1.341000	6.286500	2.947600	7.551100	2.969800
100	5.850900	3.798300	0.000000	1.945100	0.587600	6.739000	7.010200	3.756500	4.332300	3.700300	0.106100	3.953500	4.955900	3.772100	5.851300	3.666400	13.325600	8.128600	3.887000	3.776100
101	1.308500	-0.119800	-1.169700	0.387500	-0.355100	3.980200	0.328600	1.446900	0.005800	-0.082000	-1.177400	-0.151000	0.000000	0.329600	0.566500	-0.655500	-1.426400	-0.957400	-1.097400	-0.904000
102	1.499300	0.000000	1.371100	1.784500	1.239700	2.288000	1.515500	2.619900	1.291000	1.412300	0.205500	1.590800	2.911900	1.626700	5.596200	3.611200	15.437700	17.944600	16.570500	18.975000
103	2.261900	0.000000	-1.261900	0.319100	0.499300	4.049600	12.867200	0.775800	0.804500	0.552700	1.253500	7.572100	6.200500	4.150500	2.909800	2.850700	21.246800	17.159000	12.526500	17.321400
104	5.148600	3.367200	0.739300	1.529700	0.000000	7.343500	6.334100	3.579900	4.248100	3.271800	-0.075800	6.304700	3.106200	3.816800	4.429600	4.201200	10.858100	11.388400	1.753300	3.101500
105	0.825700	0.108500	-0.354800	0.258500	-0.423500	3.801300	0.000000	-0.092500	0.481200	0.896700	-0.800100	-0.068300	0.130400	0.068700	0.600900	0.477900	-0.383100	-0.313100	-0.232000	0.406000
106	3.707200	2.417600	1.344000	2.507500	1.922800	6.019800	1.715100	2.892400	3.382600	2.827000	-0.304300	2.121600	2.984300	2.549100	3.887800	3.112400	-1.320700	0.000000	-0.255200	2.474200
107	2.276400	0.000000	3.857600	3.839200	5.732700	5.303800	17.025700	2.881400	1.623400	1.805200	5.936200	12.401900	11.123700	9.945000	6.530800	3.402100	40.707841	27.828500	21.459000	48.625550
108	3.861900	3.229100	2.068900	4.285800	3.478300	7.398000	0.000000	5.043900	4.428500	4.187000	2.346500	2.397800	3.905500	3.183200	5.722600	3.295000	5.514600	5.961300	5.725700	4.935700
109	0.932200	0.931100	0.549900	0.648200	0.310100	2.689600	0.095700	1.040100	0.708300	0.725700	0.157900	0.414800	1.187300	0.327600	1.135000	0.322000	0.637400	0.210900	0.014100	0.000000
110	2.114900	0.842300	-0.495500	1.824000	0.351000	1.294400	-0.199900	1.256000	1.698400	0.267200	-0.866800	-0.446100	-0.345800	0.000000	2.100400	0.411700	1.865800	0.303000	1.881100	2.435500
111	1.656700	1.482500	1.274300	1.631600	1.425300	0.000000	1.328600	1.632500	1.663100	1.661500	1.057500	1.232900	1.292500	1.450400	1.619800	1.693800	0.720400	0.935300	0.815500	1.629000
112	3.659900	2.766500	1.394300	2.185600	1.291600	2.479200	2.449000	3.526900	3.458300	2.526700	0.541200	2.128000	2.393200	2.190600	3.233900	2.835600	0.915100	0.000000	1.626400	2.446100
113	1.426100	0.383800	5.441000	1.991300	5.836900	7.082400	5.658800	0.382800	0.000000	-0.322400	3.095600	6.123400	6.806600	4.691200	6.054900	3.415700	20.695600	13.882600	13.395400	18.876100
114	1.646700	1.041500	1.470000	2.002900	1.675200	7.875600	1.679500	2.296300	1.724600	1.169300	0.883700	1.279100	2.150400	1.825900	1.732800	0.000000	2.634200	1.741100	1.417000	2.004400
115	0.000000	3.039100	3.275200	4.613200	4.270000	8.761500	3.165700	4.446900	3.486100	3.071500	2.732000	3.312900	3.257900	3.274900	3.290000	3.024900	2.606400	3.087000	3.035100	3.350100
116	2.523700	1.460100	0.226700	1.143100	1.027100	4.139100	0.574300	1.472700	1.837600	1.547000	0.387700	0.000000	1.819900	0.775400	2.693000	1.478900	0.861400	0.586100	0.271500	1.545000
117	4.928600	3.303900	3.162200	0.000000	-0.016300	8.707200	13.273000	2.793300	3.808500	2.460300	3.495100	6.363600	5.304500	5.487200	5.907800	4.341200	24.641500	17.514500	11.882000	20.120900
118	0.000000	0.362600	4.182300	2.543900	3.572600	5.663800	14.440000	3.575400	0.862500	2.196800	4.933700	15.359400	9.913200	11.888600	6.906700	6.252300	30.601200	31.091200	21.264400	11.285500
119	5.943500	4.356300	0.000000	2.055400	1.256400	7.591600	7.802600	3.761400	5.316800	3.513800	0.182600	4.445900	5.362600	3.858300	5.767000	3.940500	12.281800	6.290500	2.307800	2.420700
120	5.451700	3.705500	-0.469300	0.000000	-0.953800	6.737000	5.224500	2.611700	4.507200	2.752200	-0.473200	3.877800	2.180300	2.177400	4.583500	4.224600	12.489800	12.425300	6.949300	6.347900
121	0.000000	4.398500	10.516000	11.699000	18.112200	9.055400	20.852300	12.627800	7.764200	6.768200	11.686100	16.756100	17.012700	12.445400	13.495000	10.733800	35.277790	29.703300	21.586300	25.289600
122	6.522300	4.783100	1.225700	1.816100	2.075700	4.434100	4.580500	3.349400	4.912600	3.956600	1.067100	3.709000	3.660200	3.390800	4.426000	4.354300	0.681900	0.000000	-0.918200	1.929200
123	-1.229000	0.874000	-0.305500	-0.563200	-0.786800	4.776700	0.438700	-0.796400	0.686000	0.000000	-1.501900	0.158200	0.404300	-0.551600	1.312100	0.563700	-2.352100	0.013900	-0.668000	0.557800
124	4.136900	3.627200	0.000000	2.509500	1.525400	3.280300	5.732300	3.171500	4.447200	3.698500	-0.332900	3.184800	3.963700	2.859700	2.696800	2.928800	7.461400	5.811700	4.892300	6.018600
125	0.000000	7.150800	33.852790	25.972200	32.322600	21.522900	34.054270	25.362400	17.018500	16.653400	21.047300	29.150500	29.501400	29.148000	32.345500	30.590500	84.353000	67.674300	61.132500	63.751200
126	0.000000	1.736300	13.932300	13.130600	16.589800	17.704600	23.029300	10.248500	3.884100	4.782700	10.701400	16.957600	14.700500	15.546500	13.657900	13.962800	39.301540	23.198900	20.548300	42.328005
127	1.199600	0.000000	-0.853900	0.724300	0.333900	2.118800	0.521700	0.110600	0.808300	0.534000	-1.443000	-0.110700	1.327000	1.065400	2.252300	1.384600	-0.981600	1.777900	-0.277900	0.329900
128	6.231100	4.413500	0.000000	2.480500	1.540800	7.303500	8.732500	4.896600	5.067900	4.349100	0.307100	4.956700	5.364600	3.976100	6.088200	4.745000	7.872400	5.810300	3.905100	2.896800
129	1.694200	0.000000	2.299700	-0.744300	0.851500	3.727400	18.405400	0.975600	0.683900	0.749000	3.849300	9.118500	5.374000	8.880900	3.080200	3.229000	36.747420	33.483870	25.042100	28.707400
130	6.454600	4.640800	1.787900	4.066600	3.572400	6.376900	5.918200	4.751400	4.559400	4.676200	0.970700	4.173900	5.467500	3.999600	5.772900	5.358500	3.106100	0.458100	0.000000	3.252000
131	3.540000	2.125900	0.000000	1.482000	0.249800	4.281800	2.320900	1.894100	2.647200	2.431000	-0.119600	2.046400	2.360700	2.095900	3.219700	2.742600	0.512700	0.839500	-0.163200	2.143200
132	4.401900	2.305700	0.433500	0.000000	-0.492700	6.125100	11.875400	1.958800	3.089300	2.125500	0.769900	8.539400	4.917600	4.080200	4.560700	1.962800	17.021000	12.803100	10.778100	8.171600
133	1.828100	0.000000	0.311500	1.117200	0.748900	5.633700	4.759300	1.776100	1.096500	1.724400	0.045900	2.721300	4.858100	2.851000	4.063800	1.796700	25.663000	25.641500	15.829100	18.871600
134	1.713300	0.000000	-1.045100	-0.362300	-0.701800	4.371400	1.703200	-0.777400	0.500600	-0.539100	0.049600	1.290000	2.331800	1.498900	3.851100	2.911300	1.703300	4.225100	2.685000	30.302600
135	2.050500	1.510200	0.593100	4.420600	4.113000	3.335600	0.305100	-0.116700	0.579200	1.154200	0.172800	0.000000	1.053800	0.646700	2.655000	1.663900	1.204200	0.841100	0.777000	1.388500
136	0.000000	2.760900	2.222400	4.355700	3.934600	7.367700	3.182300	3.697900	4.154600	3.729300	2.988500	2.571000	2.764900	2.223900	2.893400	2.772400	3.711600	3.166000	3.057900	3.665900
137	3.536400	2.516300	0.809100	3.127500	1.762600	4.140000	1.989100	4.013800	3.033500	2.373300	0.449900	2.081300	3.122600	2.887500	3.970100	2.553600	2.824100	0.000000	0.533900	2.505600
138	4.074900	2.575900	1.673200	0.000000	0.360600	1.439200	11.835800	2.106400	2.189900	2.185500	2.502300	6.716000	3.908600	4.701600	5.808100	5.131300	18.093900	11.820500	8.720600	22.503900
139	3.865500	2.755300	2.464700	2.566900	2.338400	4.057500	3.489700	3.432100	3.345700	3.281500	2.336100	2.875600	3.209600	2.381300	0.000000	1.326100	3.513700	4.020600	3.815600	3.598400
140	3.605200	2.073200	-0.249200	0.392500	1.185500	2.839600	0.000000	2.593800	2.345900	1.726100	-0.193400	-0.248000	2.994200	1.308900	3.825700	2.524100	3.281500	0.133900	-0.122300	1.912900
141	1.432800	0.000000	1.592800	-0.026200	1.148900	1.778400	14.570000	1.101200	0.441900	0.699600	1.625400	5.539700	6.785500	5.313500	4.470700	2.937800	17.339400	12.518000	13.970100	23.426500
142	5.822100	3.555000	1.113500	0.000000	-0.369600	6.113400	10.836700	2.722800	4.547400	2.559500	3.001600	7.148200	6.210200	2.804500	5.637200	3.868100	15.880900	10.554800	6.748800	6.276500
143	0.000000	1.339100	7.235300	6.372900	8.893500	5.102400	15.305400	5.409200	3.098800	4.762000	5.406300	9.690300	9.055800	8.602300	8.266600	10.484500	35.590510	22.071800	23.346900	68.469100
144	6.585100	4.789200	2.405200	4.886300	4.900200	5.296800	3.889500	5.644100	5.988900	4.241200	2.313700	2.836900	5.123600	4.902100	5.336300	3.961000	2.741300	0.000000	0.291900	3.600300
145	5.216900	4.622100	3.204200	5.872700	7.279500	7.146200	9.067800	6.094100	4.651400	4.671500	4.065800	7.176600	5.669200	5.391300	5.133000	3.891500	5.669400	0.000000	0.422400	4.822900
146	0.000000	2.422700	7.369600	10.975000	12.203700	-0.207400	22.086700	10.780600	4.795400	6.209900	5.380900	18.684700	7.483700	9.191100	9.039200	7.913300	41.832684	16.732400	18.733700	45.045450
147	2.277400	1.557700	-0.039100	0.000000	-1.177700	0.150000	0.530900	1.127400	1.958900	0.826600	-0.108700	0.201800	1.147300	0.780900	2.001400	1.395900	0.786000	0.078000	-0.105900	1.285700
148	0.000000	2.758100	1.999700	4.347800	3.805600	6.148400	1.954900	3.978200	3.080700	3.277100	1.699500	2.324600	2.588600	2.248100	3.550900	2.133000	1.911600	1.542600	1.560800	2.197000
149	5.007400	3.331700	0.000000	2.773500	2.396400	1.873400	5.094900	4.134600	4.761300	3.274300	0.209400	3.713600	3.896500	2.580400	4.311000	3.678900	9.646400	8.790600	4.076000	3.713800
150	1.974500	0.614200	0.026500	1.447900	1.352600	-0.401200	1.243000	2.824300	1.143300	1.184500	-0.040100	1.067200	0.000000	0.739300	0.818300	1.839600	0.289900	-1.568700	-1.458600	2.444100
151	0.752200	0.630700	0.142400	1.783300	1.606800	4.549300	0.330600	1.915200	0.678800	0.969600	0.489500	0.000000	0.706800	0.172600	0.644800	0.553000	0.691800	0.318000	0.111100	0.500600
152	1.100200	-0.075500	-2.211300	-0.238400	-0.561800	4.521200	-1.501500	-0.408800	0.269300	-0.087000	-2.281500	-1.114100	0.423900	0.000000	0.849900	0.106100	-3.188200	-2.118400	-2.542800	-0.650300
153	2.652100	1.893700	0.000000	1.744600	0.499700	2.219700	1.273100	2.340800	2.719400	1.781900	-0.584000	1.380000	2.290400	1.911400	2.918500	1.839500	2.370500	1.616200	1.568900	2.000300
154	-0.155400	-0.326500	-0.520900	0.009800	-0.202600	-0.747400	-0.558900	0.135900	-0.178500	0.040600	-0.408900	-0.425400	-0.432600	-0.107600	-0.156900	0.000000	0.092500	0.027500	-0.305100	0.150900
155	1.480600	0.680100	-0.497000	2.262200	1.897500	3.366100	0.443900	2.233700	1.327900	0.739100	-0.644700	0.000000	1.102300	0.703500	1.199700	0.685200	-0.312200	0.377800	0.248400	0.635700
156	3.351700	2.089100	0.578500	0.000000	-0.525200	6.022300	0.987200	1.398000	3.550300	2.334600	1.734200	2.865200	4.511000	2.790400	5.605300	3.422400	9.270500	8.051000	9.880000	6.389400
157	2.435400	1.962800	1.559000	2.444700	2.231000	0.000000	1.731200	2.579500	2.137400	2.500100	1.567900	1.516900	1.766800	1.837500	2.143500	2.238400	1.910300	1.977900	1.958200	2.388500
158	0.647200	0.143600	-0.276800	1.147700	0.724000	0.521200	-0.136800	0.146300	-0.375200	0.066500	-0.173000	-0.062600	0.000000	0.002100	0.273900	0.042600	0.568000	0.178300	-0.054200	0.662200
159	3.878900	2.441500	-0.559600	0.000000	-0.450700	1.811300	9.154600	2.002900	3.484100	1.952800	2.469700	5.909200	4.516800	3.227300	4.058900	2.710300	22.053600	13.876200	9.737700	3.128900
160	0.177800	0.541300	0.470100	0.457000	0.092100	0.809900	0.142700	0.536000	0.378400	0.376700	0.570900	0.000000	0.353200	0.315300	0.310500	0.336900	0.917500	0.669200	0.381000	0.726800
161	0.528800	0.234900	-0.428000	-0.898500	-1.723200	1.414300	-0.375700	-0.661600	-0.175500	-0.340200	-2.016300	-0.436100	0.211500	-0.515100	1.059900	-0.322500	-0.083700	-0.435400	-0.388000	0.000000
162	2.937800	1.792100	1.058500	1.984000	2.432900	0.000000	1.782500	2.927700	2.537800	2.395900	0.901400	1.362000	1.126900	1.964400	2.307100	1.892300	1.149600	1.264900	1.157700	1.446800
163	1.671000	0.000000	2.463400	-0.511000	0.056900	3.460800	9.679500	0.475000	0.820700	0.768300	2.361800	6.155500	5.446300	7.074700	4.300200	4.053800	21.667800	18.105100	13.839800	9.782100
164	5.157000	3.309000	0.000000	2.102100	1.417300	6.740000	2.980200	1.808100	4.537000	2.916800	0.641000	1.811500	2.966600	3.113700	3.425700	3.317500	3.760000	4.502700	3.994800	3.043300
165	7.431200	5.121800	1.459700	3.074200	1.861300	8.213000	6.071500	4.769900	6.150300	4.536400	1.727900	5.056300	5.200200	4.235800	6.362100	4.462200	4.227900	4.049500	0.000000	3.459800
166	4.527700	2.998400	-0.523000	2.030200	0.394400	4.195600	6.671500	2.220400	3.282000	1.969800	-0.647000	1.466200	2.812200	2.389800	1.822400	1.728600	5.244500	5.471800	0.369000	0.000000
167	5.614200	4.229400	0.222900	2.144300	1.133800	7.515800	1.355400	3.251700	4.500700	3.188800	0.000000	1.378600	4.311000	2.454300	5.678200	3.825900	3.955700	2.105700	-0.641500	2.503700
168	0.000000	4.878400	21.134500	16.615700	21.191800	3.497000	28.063800	15.567700	8.787000	10.745000	22.471000	22.656700	20.640900	18.563000	20.161600	18.094600	80.786000	54.565300	47.616620	76.528800
169	0.000000	-0.170100	-0.565700	1.537500	1.090300	7.198300	0.949700	2.338800	0.952000	-0.174000	-0.289800	0.018600	0.745000	0.680000	0.841700	0.307500	0.690900	0.756500	0.456400	1.427700
170	0.448900	0.400500	0.149800	0.597700	0.248500	4.851900	-0.337200	1.051700	0.682500	0.606600	0.339600	-0.084800	0.731700	0.000000	0.334300	0.363500	0.550600	0.615700	0.443900	0.541000
171	3.332800	2.097100	2.664900	2.433800	2.564000	5.542800	4.002000	1.559400	2.778600	1.488400	1.332200	2.749800	4.181900	3.606800	0.000000	2.315700	11.230400	25.720100	13.667700	28.615500
172	1.254200	1.011900	0.192300	1.074500	0.440900	-0.589000	0.108800	1.298200	1.165500	1.042300	0.000500	0.093700	0.745600	0.204500	1.300900	1.108500	-0.059400	-0.197300	-0.404000	0.000000
173	3.952500	2.910000	2.603100	3.324600	3.199000	4.190100	2.309600	3.085100	2.997500	2.975100	1.870800	2.183700	3.356200	2.985800	4.368500	2.737100	1.911000	0.617500	0.000000	2.257400
174	2.131700	0.967200	-1.147700	0.000000	-0.775300	4.989800	-0.880100	1.264400	1.528200	0.479400	-1.503200	-0.070100	4.270300	-0.755000	3.391000	0.718500	6.042600	2.204000	-0.806700	-1.111300
175	1.674700	1.404000	1.337200	2.051300	1.807200	0.000000	1.420600	2.121500	1.028000	1.465000	1.226400	1.330200	0.427400	1.202700	0.069700	1.047400	1.612100	1.340600	1.281700	1.327300
176	-0.361800	0.000000	-0.393200	0.354200	0.277500	-1.996200	-0.480100	-0.204900	-0.071300	0.558600	-0.153900	-0.438600	-1.065400	-0.248800	-1.625300	-0.116000	-0.423100	-0.286800	-0.199600	0.575600
177	2.338600	1.811400	1.245500	2.010600	1.203400	0.000000	1.763100	2.088900	2.202200	2.302200	0.974600	1.468900	0.736100	1.345300	1.061300	2.174600	1.187800	1.119200	1.057900	1.993600
178	-0.154500	-1.820000	-2.558800	-1.832100	-1.850000	-3.287900	-1.331400	-1.414400	0.000000	-0.959300	-2.992700	-2.173000	-0.270000	-1.537900	0.699900	-0.391600	-0.630200	-2.543100	-2.759600	-0.525900
179	1.388500	0.148900	-0.764300	-0.687400	-1.106200	3.297700	0.000000	-0.188800	0.633200	0.515500	-1.230100	-1.666000	0.684600	-0.487700	1.374600	1.204900	1.129900	-0.480800	0.679300	1.186000
180	0.814000	-0.054500	-0.419800	0.047900	-0.608900	2.466100	-0.257300	0.241500	0.324500	0.567900	-0.773200	-0.268900	-0.307800	0.000000	0.177700	0.136500	-0.573700	-0.655900	-0.741300	0.273700
181	1.208200	0.428500	0.000000	1.372300	-0.138800	1.821500	-0.081800	0.743000	1.154600	0.940200	-0.178300	-0.376400	0.518800	-0.249900	0.830600	0.728100	0.131500	0.137100	0.064700	0.950600
182	5.216200	3.391500	-0.223100	1.036600	0.000000	5.744100	0.958800	2.148800	3.990400	3.364000	-0.540100	2.980500	4.747000	2.508100	5.485900	2.856500	11.062600	9.670600	7.404100	6.252300
183	0.725300	-0.291400	-1.283500	-0.548500	-1.373200	4.926200	-0.654600	0.000000	0.342000	0.237700	-1.381700	-0.768800	-0.966800	-1.231600	-0.775600	-0.261400	-0.263200	-0.164400	-1.504800	-0.054700
184	0.820600	0.085100	-0.375900	0.248300	-0.669600	2.939700	-0.037400	-0.062500	0.397800	0.247300	-0.571400	-0.209600	0.000000	-0.247800	0.578200	0.518300	-0.328000	0.005700	-0.068900	0.540700
185	0.000000	-0.319400	-0.447800	0.680300	0.580900	5.226600	-1.635200	0.542600	0.801500	0.815500	-0.830100	-0.443000	0.914100	-0.417600	1.871900	-0.025200	0.030200	1.124900	1.109600	0.964000
186	7.331300	5.703000	3.006300	5.040200	4.633400	8.609800	5.964300	4.568500	6.095400	5.541100	1.328200	4.792700	6.153700	5.197700	7.350500	5.893000	10.552600	0.594300	0.000000	4.348700
187	0.000000	0.372700	0.215200	2.192000	1.784400	6.798800	0.520600	2.002300	0.336400	1.293700	0.411000	0.276300	1.259700	0.902300	1.718100	0.489300	0.460400	0.736500	0.920900	1.426200
188	0.244300	0.000000	-0.838600	0.256000	-0.513500	0.693900	-0.908800	-0.043400	-0.401500	-0.501100	-0.817000	-0.902400	0.370700	-0.915300	0.573500	-0.244600	-0.215100	-0.117900	-0.152900	-0.631700
189	4.819100	2.583200	-0.209700	1.428000	0.953400	7.224300	0.421200	2.332600	3.676900	2.014100	0.454800	0.384100	1.890100	1.550500	2.368200	0.000000	0.871700	4.566500	2.695000	3.706200
190	1.274100	1.409200	0.981200	1.463800	1.163700	0.000000	1.135000	1.486200	1.435500	1.264700	0.981600	1.007600	1.153100	1.185000	1.385500	1.279400	0.625100	0.660200	0.641400	1.290400
191	1.822100	0.504100	0.000000	1.190900	2.963900	1.865000	0.399900	1.324500	1.280000	0.986800	0.250000	-0.085600	0.988600	1.172100	1.842700	0.834900	0.538900	0.397500	0.325700	0.766300
192	6.187100	4.255800	0.000000	1.902400	0.728400	5.139900	7.868400	4.072700	5.165300	3.341300	-0.090600	4.896800	4.310900	3.454900	4.853600	4.490700	6.227900	5.370600	2.555400	4.060000
193	2.522900	1.462200	-0.142100	0.102600	-0.616000	3.909400	0.061400	0.363000	1.799000	0.775100	-0.075700	0.055600	0.142300	0.000000	1.315200	1.264400	0.068000	0.176800	0.056700	0.883200
194	4.052200	2.972500	-0.450900	0.000000	0.221000	2.902600	3.338800	2.271300	3.721000	2.050900	1.342400	3.305000	3.208600	1.963500	3.158000	3.215600	4.825100	0.619700	0.544400	4.091200
195	1.618900	1.023200	-0.789300	-0.222400	-0.817300	3.579500	-0.509400	1.278000	1.314700	0.418900	-0.992400	-0.057100	0.873200	-0.232900	1.835900	0.846400	-0.373700	-0.330200	-0.502700	0.000000
196	4.706000	4.526000	2.477700	4.700700	4.068000	3.762500	4.581000	4.629400	4.994500	4.470600	2.258400	3.690600	4.789200	4.311300	5.395700	4.589700	0.000000	4.149400	2.133100	4.146000
197	3.213900	2.407700	0.629700	0.839400	0.966700	2.710300	3.039200	2.974200	2.951400	1.932400	-0.202400	2.360600	2.916400	2.262600	2.789600	2.485600	3.343700	0.000000	-0.913600	2.061900
198	0.005700	-0.051200	0.080200	0.457200	0.324400	-1.220400	0.089200	0.268200	0.316300	0.387500	0.277500	0.060800	0.000000	0.223900	0.266700	0.416600	0.325100	0.050400	0.010900	0.534600
199	0.319700	0.600700	0.453500	0.567500	0.260800	-0.113000	0.500900	0.631600	0.825900	0.217600	0.018600	0.515900	0.000000	0.447700	0.290900	0.413700	0.310300	0.346100	0.237500	0.512300
200	1.342900	0.000000	4.515900	2.447200	5.532100	2.800700	6.772400	0.964000	1.171900	1.017300	2.502100	5.159200	5.243300	4.591000	6.122600	5.288200	17.017600	13.894000	13.488800	25.467200
201	0.000000	0.948800	1.666000	2.957300	3.123700	0.093400	0.324000	2.026700	0.891600	1.753200	1.183200	0.914200	1.776900	1.073700	2.468900	1.680000	3.062100	2.254000	2.679300	4.939800
202	2.670700	2.092100	1.363200	2.186400	1.153400	0.769900	2.612300	3.070000	2.034500	2.125700	1.260400	2.617400	2.673000	2.608200	2.697400	0.827800	2.585400	2.256100	2.227000	0.000000
203	-3.890100	-0.997300	-1.743400	-0.683800	-0.749100	5.266100	-0.828400	-0.690100	0.000000	-0.706400	-2.101100	-0.975000	-1.283400	-1.252600	0.302000	-0.513400	-1.658700	-2.994700	-4.187300	-0.478700
204	5.398800	4.169200	2.790900	5.063900	4.417400	7.304100	7.676400	5.055300	4.664600	4.042300	1.345400	4.827700	5.415600	4.973300	5.528300	4.059600	4.143100	2.451800	0.000000	2.833400
205	1.247100	0.000000	0.344400	-0.388800	2.115700	5.465600	2.836900	1.748900	0.593400	0.505900	1.560000	2.086100	-0.277400	0.980200	0.042800	0.866800	2.630100	1.989700	0.189500	5.052400
206	2.083900	1.199200	-0.457800	-0.615500	-0.977500	3.350800	0.000000	0.093800	1.360100	0.149100	-0.844000	0.222300	1.297900	0.760300	0.988600	0.080600	2.951800	1.461600	0.852700	1.616900
207	0.715100	0.172800	-0.091900	0.331600	0.153100	-2.141100	-0.235400	0.000000	0.642700	0.585300	-0.128500	-0.470300	-0.619300	-0.202300	0.103700	0.550000	-0.282800	-0.278500	-0.091600	0.521000
208	0.708100	0.504700	-0.113400	1.119800	0.386900	0.100100	0.703500	0.559900	0.000000	0.665500	-0.450600	0.574000	0.730300	0.205800	0.668100	0.604600	0.558400	-0.115000	0.359500	0.792400
209	0.455000	0.055300	2.161800	3.097800	3.126100	7.750500	2.225100	1.071600	0.000000	-0.009900	1.057500	1.281400	-0.575700	1.826100	-0.115100	1.592700	6.051100	2.729000	1.770500	3.830900
210	0.011600	-0.145200	0.032400	0.184800	0.163500	-0.470000	0.047400	0.122400	0.000000	0.149000	0.135400	-0.016900	-0.584800	0.066800	-0.151800	0.100600	0.017600	0.143400	0.138800	0.179600
211	0.000000	0.809700	1.277500	3.092100	3.123300	2.030900	1.307600	2.211100	1.304600	1.266700	1.483400	1.244100	1.449300	1.454300	0.876700	0.846700	1.645500	1.458400	1.500700	1.391500
212	3.091000	2.136100	1.434300	2.785800	2.229900	6.159100	2.488800	3.849700	2.742600	2.578400	0.892800	2.232000	2.254400	2.732500	3.450300	2.525700	1.484600	0.000000	-0.427100	1.760900
213	1.698400	1.053300	0.203100	0.000000	0.085600	5.770700	0.048500	-0.127600	0.782700	0.490800	0.250500	0.693100	-1.424300	1.055900	-2.598100	-0.729300	1.189300	0.476600	0.171000	0.889900
214	0.622500	0.000000	-0.243400	0.249900	-0.260900	-2.332300	-0.444800	0.261200	0.204400	0.539500	-0.448500	-0.630000	-1.255000	-0.923700	-1.148600	-0.206100	-0.276600	-0.178100	-0.378600	0.061600
215	0.229100	-0.385200	-0.823300	-0.533300	-1.150900	-0.913900	-0.363400	-0.275900	0.000000	-0.081900	-0.737200	-0.440300	-1.637700	-0.878100	-0.833400	-0.056500	-0.856000	-0.806200	-0.847300	0.048900
216	1.926600	0.000000	-0.178200	1.489600	2.885800	-0.965000	1.609600	0.855400	1.416200	0.515500	-1.097900	0.958200	1.326900	1.233400	2.575000	1.808200	2.888900	7.180100	2.477100	3.474100
217	1.858000	0.000000	2.694200	1.208200	2.576900	5.600300	0.834800	2.136400	0.908000	0.669000	-0.486500	-0.546800	0.293700	0.801500	0.837000	1.454800	1.594300	0.367700	0.204800	1.125000
218	0.701400	0.000000	-0.238200	0.596500	0.024100	4.774600	0.268500	0.095400	0.039100	0.692000	-0.173900	0.051300	-0.119100	-0.061600	0.263100	-0.036200	-0.058600	-0.171200	-0.215400	0.239700
219	1.014300	0.214100	0.000000	0.434400	-0.283900	2.291800	0.214500	0.675700	0.485800	0.985700	-0.216900	0.286500	0.236600	0.145400	1.077700	0.264000	0.553100	0.351900	0.312200	0.586700
220	2.004800	0.000000	6.896100	5.620500	7.033600	7.314800	20.775800	7.283200	1.579100	3.218100	7.893900	14.423100	10.386600	9.839700	9.173400	8.889300	33.144100	23.225700	21.386500	19.611500
221	1.450500	0.206300	-1.339500	0.239100	-0.377300	4.275900	-1.070400	0.532500	0.495300	0.743100	-1.727300	-0.463300	0.462100	0.103000	1.734700	0.000000	-1.765900	-2.273200	-1.984100	-0.609800
222	0.839000	0.022000	-1.082300	0.294300	-0.541700	3.180300	-0.545000	0.153800	0.122600	0.250500	-0.815600	-0.317900	0.000000	-0.294000	0.455000	-0.036800	-0.362800	-0.409800	-0.473300	-0.090500
223	1.719800	0.275700	-1.404900	-0.413100	-1.316100	3.183100	0.000000	1.048600	1.524300	0.817200	-1.439800	-0.439700	0.570900	0.403000	1.509900	0.111400	-0.435400	-0.870600	-1.109800	0.710500
224	2.513400	0.737400	-0.919900	0.986600	0.920400	7.905400	6.663200	0.000000	3.178600	1.108900	-2.100500	1.815500	2.742100	0.528800	3.246500	1.950600	13.509000	7.548700	6.659000	4.187500
225	2.661100	1.900600	0.000000	1.573100	0.371100	5.644500	1.772100	1.249800	1.967100	2.048600	-0.680800	1.582400	2.152600	1.985500	3.780200	2.736100	2.149200	1.838100	1.582800	2.791400
226	-0.049200	-0.791400	-1.097200	-0.635500	-1.092500	2.028500	-1.426100	-0.849300	-0.897000	-0.459100	-1.324500	-1.162800	-0.535100	-1.153700	0.000000	-0.861300	-1.186100	-1.582700	-1.190200	-1.008500
227	2.848700	1.862500	-0.155200	1.817000	1.484500	5.908800	2.083600	1.585800	2.040900	2.415800	0.325200	1.509800	2.531200	2.158900	3.691500	1.718100	-0.247600	0.947100	0.000000	1.109200
228	5.017800	3.777000	0.000000	3.031100	1.409700	5.472700	4.520300	3.103500	3.597300	2.838100	-0.106400	3.393400	4.967600	3.690200	5.430200	3.125000	9.818800	5.912700	1.859000	3.330200
229	0.567800	0.000000	-0.566900	1.037600	0.575400	6.325900	-0.429400	0.898600	0.098500	0.677000	-0.411700	-0.663300	0.156900	-0.110600	0.713600	0.420000	-0.314000	-0.963300	-0.770600	0.537800
230	1.943000	1.520800	1.927600	2.609100	2.454900	0.000000	1.615400	2.314000	1.875200	2.135900	2.060700	1.765400	1.268800	1.862900	1.811800	1.473300	2.134800	2.337000	2.346200	2.011100
231	4.571100	2.933000	0.000000	2.682700	2.984700	5.121100	5.337500	1.924300	3.187400	2.488800	-0.063800	3.938500	4.411800	2.892300	4.815700	3.057200	10.971700	14.184500	6.409300	3.412700
232	0.101800	0.138600	-0.825400	0.472300	-0.117700	3.751600	-1.001300	0.002100	-0.396700	-0.326500	-1.008600	-0.566400	0.452600	0.000000	0.859400	0.181700	0.423000	0.217400	-0.226900	0.203700