SITE	GLY	ALA	LEU	VAL	ILE	PRO	ARG	THR	SER	CYS	MET	LYS	GLU	GLN	ASP	ASN	TRP	TYR	PHE	HIS
10	-0.140300	-0.119600	0.534500	0.842500	1.414100	0.779400	0.541700	0.696300	0.000000	0.215400	0.260900	0.370200	-0.075500	0.134600	-0.576900	-1.080400	1.201500	0.286800	-0.172100	-0.044000
11	0.181500	0.654000	0.294000	0.529300	0.472300	1.969000	0.370100	0.101700	0.484200	1.054700	0.680100	0.410800	-0.017700	0.000000	0.246300	-0.089900	0.816500	0.659400	0.673000	0.276000
12	1.148400	0.839500	0.474800	1.219600	0.906700	-0.937600	0.917600	1.383500	0.850600	1.468200	0.661900	0.716100	0.444400	0.683900	0.000000	0.910800	0.874600	0.793700	0.780200	1.322900
13	5.384200	3.896000	0.000000	2.166600	1.375500	1.744600	5.878600	3.548300	4.861300	3.797700	-0.075400	3.965200	4.790200	2.899500	5.365000	4.728900	11.395100	5.858000	2.405600	4.635700
14	0.560700	-0.612600	1.942100	0.669500	1.571800	-0.165700	1.733200	0.804200	0.000000	-0.185600	0.208200	0.863700	0.746800	0.847100	1.242200	1.564400	2.113000	2.221600	3.768900	1.441500
15	-0.316800	0.258700	-0.078400	1.687700	1.077000	-0.633100	0.111800	0.836700	0.665500	0.954900	-0.164300	0.202700	0.000000	0.505400	-0.051900	0.842900	0.457300	0.287100	0.240400	0.809300
16	1.421700	0.000000	-0.535200	1.674600	2.490400	5.581300	1.703500	3.141200	0.654100	0.781100	0.558200	0.927400	2.003300	0.954000	0.611800	1.514900	4.323200	0.975300	-0.213500	1.683700
17	5.402000	3.449200	0.000000	2.770600	4.477200	7.785500	8.965200	2.907800	3.863600	3.326000	-0.200500	5.120500	4.385000	2.561200	4.872100	2.839000	16.166800	11.677700	4.175100	7.345200
18	0.877700	0.254700	-0.169400	0.428600	-0.210500	3.786000	0.376900	0.565800	0.156000	0.912400	-0.438100	0.000000	0.482800	-0.232200	0.993400	0.441700	-0.042100	0.319900	0.194100	0.785600
19	1.001500	0.034900	-0.317100	0.518400	0.040900	4.270700	0.587800	0.565300	0.342200	0.771300	-0.028600	0.363900	0.000000	0.048900	0.655400	0.165400	0.589000	0.446700	0.374400	0.495800
20	0.597800	0.000000	-0.282500	-0.357800	-0.614200	2.886900	-0.321800	-0.116200	0.186000	0.300700	-0.340700	0.099400	0.668900	0.361200	1.165800	-0.694800	0.402400	0.028100	-0.259700	0.020800
21	3.863300	3.457900	2.490100	2.435600	2.067900	7.002200	8.935500	0.000000	1.818400	3.090700	4.146200	6.758900	6.717500	5.299600	3.734800	2.423900	20.075300	12.404700	11.663700	22.413400
22	0.998300	0.241500	-0.102400	1.403500	0.843400	2.988400	0.144400	0.530200	0.019000	0.489300	-0.264100	0.000000	0.333000	-0.091600	0.762800	0.022200	0.237100	0.294500	0.258400	0.367000
23	1.274600	0.830600	0.583100	1.078900	0.791900	0.660800	0.944100	1.005200	1.333500	1.510300	0.361900	0.778500	0.000000	0.359400	-0.081800	1.339900	0.570200	0.896000	0.660600	1.285400
24	3.265500	1.486800	-0.337500	0.000000	0.945700	0.258300	2.071400	1.958200	2.686100	1.504800	0.456100	1.677500	1.404000	1.446200	2.930900	2.701000	1.970800	0.929100	1.249600	2.335400
25	0.888500	-0.304900	-0.887600	0.475000	0.451300	5.808500	-0.302900	-0.243200	0.081600	0.453400	-1.111100	-0.527900	-0.478700	-0.869800	0.253600	0.335600	-0.857200	-0.334200	-0.496300	0.000000
26	0.839800	0.273200	0.230000	0.539000	0.000000	1.205600	0.171600	0.280600	0.278900	1.035100	-0.049700	0.224000	0.303700	0.409000	0.637900	0.391100	0.190100	-0.181800	-0.391500	0.682300
27	1.592900	0.355300	-0.628600	0.333400	-0.382500	4.493100	0.000000	1.011100	1.127300	0.986200	-0.787400	-0.305200	0.324300	-0.321900	0.858900	0.856700	-0.298300	-0.231900	-0.306800	0.729700
28	1.793500	0.000000	-1.928800	1.232100	0.775700	8.057000	0.165900	0.370800	0.637600	0.475000	-1.647800	-0.202100	0.694100	0.336600	1.959200	1.174100	0.826300	1.733900	1.327900	2.104200
29	0.776100	0.058900	-0.956000	-0.375600	-0.941700	3.201500	-0.198700	0.801700	0.709800	0.105000	-1.025500	-0.623000	0.000000	0.206700	1.076300	0.584200	-1.394800	0.364800	-0.216800	0.860900
30	0.825700	0.900700	-0.223400	1.417500	0.656900	5.305800	0.342400	1.561500	0.682600	0.725100	0.090800	0.099600	0.738700	0.711300	1.011300	0.000000	0.459600	0.107000	0.009800	-0.248600
31	1.851100	1.009000	0.007100	0.148700	0.696700	5.363800	0.980500	-0.938000	0.000000	0.788000	0.321700	2.028300	0.857100	1.159400	-0.785800	0.671500	8.619200	11.512000	6.574500	5.070300
32	1.195800	0.656200	0.393400	1.058600	0.669300	-1.290500	0.846600	1.076200	0.877100	1.156200	0.341400	0.766200	0.000000	0.499800	0.534400	1.158400	0.723800	0.660300	0.656600	1.301700
33	4.713300	3.425600	0.632800	3.389000	3.740600	2.705400	2.927900	4.637900	4.722100	3.605700	0.796700	3.530700	3.714300	2.816400	4.337700	4.209300	1.742300	1.048300	0.000000	2.838200
34	3.984300	2.585800	0.542500	1.905300	0.954600	2.002200	2.520100	3.351000	3.496100	2.654700	0.000000	2.222000	2.693000	1.679900	3.371800	1.572900	0.361800	0.954100	0.795200	3.140400
35	1.530900	0.769700	0.057700	1.017500	0.282800	4.969400	0.000000	1.859300	1.511200	1.497700	0.351600	-0.444200	1.092600	0.522600	1.966400	0.951700	1.895800	2.424400	1.384700	1.830100
36	1.006400	0.219300	-0.031300	0.965900	0.146400	2.193400	0.258000	0.190200	0.365800	0.818300	-0.370200	0.321500	0.407800	0.334600	0.529400	0.000000	0.463200	0.198900	-0.018000	0.532000
37	6.087600	4.223900	1.073400	2.363700	2.552000	6.552700	4.513500	4.033200	5.544300	3.722900	1.070500	4.357800	4.461500	3.048600	5.467500	2.845800	-0.348900	0.828600	0.000000	3.679900
38	0.332500	0.113900	-0.838400	1.492200	0.581200	3.877200	-1.570700	1.094000	-0.111800	0.640200	-1.001400	-0.646400	0.477300	0.000000	1.132700	-0.216800	-0.829400	-1.401600	-1.918900	-0.632700
39	0.663900	0.350600	-0.200800	1.312900	0.615000	2.780400	-0.235600	0.049100	-0.291800	0.219500	-0.175600	0.000000	0.449500	-0.000500	0.536900	-0.499400	-0.392100	-0.376100	-0.458200	-0.087900
40	0.000000	1.936200	1.591400	4.536600	4.419000	5.975100	1.974500	4.928000	2.714700	1.915600	2.857100	2.145000	3.244200	2.748600	4.297400	4.144600	6.382100	5.483900	6.060500	5.799300
41	0.644500	0.249600	-0.179900	1.089500	0.879600	6.439800	-0.915100	1.148000	0.873400	0.310100	-0.322400	-0.453100	0.208000	0.000000	0.178800	-0.316300	-0.047200	0.005000	-0.058600	0.324500
42	3.548100	2.029500	0.238700	0.000000	-0.744700	2.299500	5.482700	1.315100	2.896000	1.354900	0.181500	3.911000	1.707800	2.852100	2.045500	2.675500	10.290700	4.657600	-0.891600	1.832300
43	0.271300	0.853800	1.116000	1.847600	1.530100	-0.793800	1.804700	0.996600	0.000000	0.644100	0.935100	1.278500	0.394600	1.651000	-0.646400	0.036200	0.834600	1.360700	0.747000	1.293200
44	2.149900	1.202400	0.429000	0.904800	0.655100	-0.503100	0.000000	1.680200	1.935800	1.537400	0.120100	-0.041400	0.862900	0.884700	2.016900	1.749500	0.990800	-0.568600	0.226800	1.391500
45	2.180400	1.656900	1.295800	1.909100	1.626300	1.178000	1.740900	1.549700	1.489300	1.971600	1.016200	1.380100	0.000000	1.268800	0.583300	1.996700	0.613300	1.006000	0.739700	2.056500
46	0.000000	-0.835800	-0.566800	-0.326400	0.352200	-0.363400	2.551400	-0.813300	0.641400	0.176200	-2.251400	1.841900	0.778700	-0.782900	1.258700	0.387500	3.342500	3.320400	-0.939500	20.856900
47	6.278500	4.433300	1.470300	3.627700	3.654600	9.562700	5.228400	4.951700	4.946100	4.605000	1.016300	3.639100	4.756500	3.605700	5.596600	5.157900	5.404400	1.269900	0.000000	3.830100
48	3.446300	2.148100	1.666900	3.407200	2.990200	5.956900	0.543900	2.291700	2.454100	3.080500	0.304900	0.000000	2.239000	1.306600	5.542000	3.713900	12.795500	10.665200	10.319600	11.448900
49	4.051900	2.704200	0.000000	2.993800	2.103000	7.063000	2.013800	2.771900	3.876400	3.085000	0.504400	1.681400	2.539400	2.064400	3.629900	2.477500	2.045300	1.001200	0.623500	1.881500
50	2.592600	1.094700	-1.895300	0.000000	-1.112500	3.100000	1.039300	1.071900	1.579700	0.911900	-2.276900	1.159700	0.825400	0.765100	2.168000	1.210700	-3.557200	-1.846900	-1.995900	0.697200
51	5.280000	3.659300	0.521100	3.152700	2.199100	7.034900	1.612100	4.278600	4.537400	3.356300	0.000000	1.592900	4.622500	2.858600	5.556400	2.343400	3.778700	0.903700	-0.378700	2.164300
52	1.996200	0.000000	1.677500	1.598200	1.728200	4.807400	7.635700	3.571700	0.922100	2.713000	3.035800	2.092500	7.147800	5.939000	7.202500	5.783200	26.416400	10.428300	7.680800	47.844490
53	1.148300	-0.791700	-1.665600	-0.542200	-0.194700	2.666700	2.528300	0.038600	0.000000	-0.548600	-2.649100	6.915300	-1.197300	-1.685100	0.200300	-0.749500	4.230800	0.329300	-1.107900	30.084800
54	4.247900	2.206700	0.000000	3.089300	2.463700	4.846000	3.066300	1.519200	2.829100	2.480000	-0.161500	2.873200	2.459000	1.689700	3.203800	2.374400	-0.921700	-0.687600	-0.265000	2.398600
55	3.995800	2.508200	0.930900	1.453700	4.074500	7.044500	3.567200	2.526800	4.295300	3.027000	0.357300	1.997500	4.308800	2.875000	4.888400	3.986000	2.353900	0.000000	0.306600	3.126000
56	2.551100	1.057700	-0.636700	2.227700	1.550600	0.806200	0.038200	3.273000	2.472200	0.667700	-0.625100	0.682000	1.061000	0.536500	2.169400	1.381900	-1.512400	-0.563800	-1.140400	0.000000
57	4.859300	3.329200	0.089700	0.978700	0.000000	6.644700	5.429900	3.198100	4.947000	2.660700	0.307000	3.330100	3.111600	2.979600	4.576900	3.529600	11.646100	10.853900	8.571800	4.642700
58	7.541600	5.593100	2.354900	5.532000	4.612400	10.640000	9.724900	7.366000	7.395000	5.645600	3.018000	6.572000	7.917200	5.718900	8.770700	6.099600	11.761600	0.000000	2.740800	5.844100
59	1.248400	0.121400	-0.774800	0.243600	0.583100	4.864500	-0.515900	0.000000	0.362200	0.400100	-0.613000	-0.473500	0.190000	-0.111600	0.531500	-0.431600	-0.403000	-0.024700	-1.615600	1.160800
60	2.062900	0.000000	5.834300	1.189200	1.729600	4.289400	5.349500	2.330600	1.605700	2.179600	4.805300	4.243200	6.806300	6.561000	4.794400	4.310100	9.713700	4.237700	4.346300	7.219900
61	5.041900	3.463600	0.000000	2.337100	1.029400	10.025000	4.409100	3.870900	5.073400	3.564400	0.298000	2.527500	4.646300	3.325100	5.468500	3.947400	15.784900	10.466900	4.848200	3.151600
62	5.548800	4.400000	3.863700	3.959900	3.258800	7.621800	4.526200	2.451500	5.140700	4.313400	3.296900	3.994100	0.000000	4.013900	4.429000	4.424500	6.971500	3.611900	5.322900	8.712600
63	0.694000	-0.269000	-0.810700	0.850900	0.236400	3.743500	-0.304500	0.151800	0.537600	0.433200	-0.723600	-0.438500	0.000000	-0.508800	0.535900	-0.202100	-0.398300	0.408700	0.143800	0.587600
64	1.303000	-0.165400	-1.048300	-0.875700	-0.992800	2.596800	-0.385500	-1.028100	0.181600	-0.111900	-2.044900	0.606300	0.000000	0.095700	1.594100	0.315700	7.671200	8.793300	4.199800	5.349100
65	4.073400	2.454200	0.045400	1.038000	0.000000	5.279200	3.087200	3.339100	3.135800	2.519400	-0.495000	3.644900	2.797300	1.315500	4.354800	2.424800	7.257700	5.145300	1.630200	2.700100
66	1.599300	0.903000	0.224400	1.387800	0.454700	4.529700	-0.446900	1.567800	0.866600	1.635400	0.267700	0.566900	0.000000	0.564400	1.633400	0.202700	0.768300	0.702600	0.361000	0.431600
67	2.404700	1.577200	1.649000	2.025200	1.578100	5.382800	0.000000	2.541500	2.285900	2.302900	1.746300	0.669000	2.658900	1.337100	3.284200	1.295200	2.261300	1.848300	1.473500	1.507200
68	1.794300	1.303700	-0.865400	0.140400	1.010200	3.279900	-2.326700	1.485500	1.829900	1.251100	-0.340700	-0.306300	2.173200	0.588800	3.152000	0.000000	3.765900	4.369700	4.346400	3.853000
69	2.930300	1.741400	1.073100	4.720100	5.476300	3.440600	0.619900	3.817300	2.132700	2.114400	1.267300	0.000000	2.742900	1.482200	4.242500	1.899200	7.318500	2.245800	2.324500	1.037800
70	0.758900	0.817600	0.051800	0.695400	0.595800	2.270800	-0.351000	0.710100	0.737200	0.745500	-0.103600	0.057700	0.605800	0.000000	0.545900	0.436500	-0.224500	-0.042000	-0.075200	0.209900
71	1.777300	0.521800	-1.041700	0.058300	-0.257800	1.844000	-2.017100	0.520500	1.201900	0.533600	-1.112100	-1.383200	0.591000	-0.127300	0.465500	0.000000	-0.119900	-0.366600	-0.861200	-0.025800
72	2.153500	1.409800	1.311400	2.196400	1.690900	0.000000	1.529800	2.545300	1.652600	2.332700	1.728800	1.206400	1.652300	1.706800	2.535900	2.168800	1.539500	0.983600	0.909500	2.335700
73	1.353100	0.919600	-0.505900	0.000000	0.636900	0.907200	0.079200	1.703300	0.889100	0.608500	-0.877600	-0.025400	1.571900	0.372600	1.422800	0.373500	-0.073700	0.010100	0.026600	0.147000
74	5.135600	4.226400	1.582100	2.429100	2.100300	9.562800	5.258300	3.593100	4.628700	2.689800	1.147400	4.681700	5.572400	4.635400	5.481100	3.357100	0.150900	0.000000	-0.750000	3.451600
75	1.065000	0.000000	-0.484600	0.825000	0.638700	8.495900	-1.232300	3.405600	0.688500	0.456500	-0.738200	-0.362400	0.361800	0.204300	1.051300	0.444700	-0.520400	-0.332200	-0.439200	0.292300
76	3.892700	2.573400	2.229800	3.370200	3.090400	0.000000	2.715700	4.299500	3.813000	3.461100	2.475900	2.503400	3.072600	2.938500	4.218000	2.985300	2.685900	2.320200	2.005900	3.843700
77	5.622900	4.374100	0.000000	3.146700	3.517100	5.894200	8.011000	2.917000	4.456600	3.636900	0.428400	2.246300	3.831000	3.052500	5.148600	2.932700	13.595000	20.236000	9.408200	6.759900
78	4.566500	3.702500	1.793600	1.934300	2.367000	8.067800	2.931800	2.704300	3.873500	3.082100	1.686600	2.679500	3.483000	2.817100	3.688500	3.480500	2.220300	0.000000	1.036700	2.971900
79	3.511800	3.203100	2.397200	3.474000	4.180500	4.622500	2.955700	3.184200	2.682600	3.441900	1.432300	2.759100	4.683300	3.407300	3.815800	2.154200	2.154400	1.257600	0.000000	2.020800
80	3.865100	2.840800	2.449900	3.060500	2.656100	0.000000	2.414200	3.549200	3.291700	3.521900	2.448300	2.237900	3.199400	2.263400	3.750400	3.665700	4.014600	3.112300	3.071100	3.302700
81	1.058100	0.552500	0.019100	0.505100	0.285600	0.943000	0.102900	0.872900	0.947000	0.839600	0.287600	-0.156100	0.000000	-0.177200	0.244100	0.792100	-0.348900	0.182100	0.149400	0.673400
82	2.155800	0.752900	-1.043400	0.398400	1.734500	0.463200	0.752400	2.204700	1.851000	1.321200	-0.694600	0.357000	0.000000	0.598600	1.421000	1.607400	-0.493400	0.215200	0.061200	1.504600
83	6.659300	5.132400	0.000000	3.183700	2.519100	6.984000	7.570400	3.987000	5.271700	4.554500	1.214700	3.817700	3.913100	2.958300	4.969900	4.427600	8.795800	5.562600	2.985500	4.316100
84	1.460100	1.248700	-0.502100	1.677300	2.389300	2.292800	-1.582700	1.992000	2.444100	0.830500	-0.680000	-1.111100	2.967000	0.687100	4.316400	1.890700	-0.304700	4.277300	-2.749800	0.000000
85	5.307100	4.623400	2.907200	5.233700	5.340500	10.718600	0.000000	4.990800	4.357200	3.521100	2.282200	1.876700	7.412200	3.982200	6.915200	4.505400	15.253700	12.891000	8.641400	7.152800
86	1.558500	0.582100	-0.107500	0.394800	-0.260400	3.450100	0.000000	-0.795000	0.259200	0.936400	-0.305200	0.193900	1.918700	0.786800	2.758000	0.936200	1.998600	0.197400	0.128300	1.388100
87	0.559000	0.000000	-0.016200	0.262900	-0.054500	-1.686300	-0.362900	0.382400	0.442200	0.275700	-0.328500	-0.041500	-0.024100	-0.150000	0.316300	0.265900	0.024100	-0.072200	-0.422200	0.581400
88	1.324600	0.000000	-0.819600	1.073100	4.367600	-2.136400	-0.454300	-0.054700	0.727600	0.403500	-1.080500	-0.174000	-0.219300	-0.449100	1.020400	0.194400	0.895500	0.175300	-0.211400	-0.294500
89	4.683400	2.850000	0.000000	3.653300	3.306200	5.669600	6.962800	3.895500	4.155900	3.110000	1.114500	3.700600	5.388900	4.013300	6.134000	3.509800	22.109000	11.226700	5.919200	9.745300
90	0.720600	-0.548300	-0.537100	-0.901000	-1.388900	4.035900	-0.556000	-0.109900	0.425500	-0.119100	-1.214000	-0.650800	0.000000	-0.217800	1.877400	1.758800	2.305300	1.551100	1.338200	2.114500
91	1.212900	0.291400	-0.132400	0.450800	-0.238400	2.591900	-0.272000	0.746800	0.784100	0.899400	-0.332300	-0.265200	0.592400	0.000000	1.147600	0.076100	-0.184900	-0.186300	-0.281900	0.499400
92	1.323400	-0.211800	0.432200	-0.564900	1.414700	2.763500	8.686400	1.148600	0.486300	0.359900	-0.241000	2.208900	0.517700	1.171300	0.000000	1.168400	12.813100	14.042600	10.036200	16.374400
93	4.895100	2.839300	2.412400	5.443300	5.358400	6.963100	6.013000	2.082800	4.224100	2.982800	0.000000	1.886200	4.861900	2.988800	5.577900	3.125100	19.540600	17.026500	10.455100	10.380600
94	0.870000	0.000000	-0.726100	-0.121100	-0.721800	4.301200	-1.101800	0.550200	0.060400	0.614000	-0.592500	-0.392800	0.056700	-0.093900	1.251900	0.439600	-0.315400	-1.036800	-1.057400	0.536600
95	3.507900	2.323900	1.525700	1.899400	1.466900	5.420300	1.541700	2.704100	3.315300	3.082200	0.773700	1.600500	3.744600	1.937400	4.328400	2.522900	0.104700	0.531700	0.000000	2.440500
96	5.301200	3.981000	1.214200	4.724300	3.888500	8.995300	4.201500	4.778500	4.258800	3.630900	1.212900	1.164500	4.759400	3.438400	5.291000	3.432600	0.000000	1.926200	0.874400	2.601500
97	3.790100	3.438400	1.035600	2.737100	2.865400	6.957500	2.928300	5.033600	4.029400	3.068000	0.989300	2.182700	4.031100	2.694100	4.801900	2.887900	0.242700	0.000000	-0.477700	2.433500
98	0.000000	3.538400	3.649100	5.915500	5.310300	6.319400	2.825900	6.127200	2.965000	3.770100	3.388800	2.642500	3.779800	3.233100	4.180700	3.677900	3.592600	3.618500	3.610700	3.741100
99	1.422000	1.140000	1.387700	1.622500	1.366300	0.000000	1.144000	1.643000	1.494700	1.719500	1.435000	1.125700	0.708400	0.981000	1.608800	1.600600	1.521600	1.342000	1.350500	1.698900
100	0.003100	0.296900	-0.090200	0.169900	0.334200	0.768500	0.003200	0.248200	0.601300	0.167300	-0.315900	-0.145300	0.219300	0.134300	0.027700	-0.066800	-0.515600	-0.476100	-0.411500	0.000000
101	3.982500	2.278100	6.091000	4.062700	6.388400	3.269700	3.605400	4.430900	4.091700	3.002600	1.114500	3.549500	4.733300	3.092200	4.827200	2.772200	0.000000	1.476000	1.110200	2.155700
102	0.780600	0.087800	-0.013600	0.311000	0.040300	1.848800	0.033600	0.362600	0.689200	0.435500	-0.305200	-0.276500	0.219500	0.000000	0.887700	0.744700	-0.064100	0.287300	0.235800	0.606400
103	0.167100	0.132700	-0.188100	0.223000	-0.009100	-0.189800	-0.111400	0.500900	0.127500	0.218600	-0.172500	-0.180700	0.000000	-0.028600	-0.039500	0.009100	-0.232400	-0.271400	-0.312700	0.185800
104	0.587800	0.000000	-0.625000	0.352200	0.103900	4.267900	-0.821600	-0.006900	0.202500	0.255200	1.023700	-1.087000	-0.064900	-0.136600	0.082400	-0.012600	0.226400	-0.045800	-0.142300	0.064900
105	4.098900	2.366500	2.299200	0.554400	0.000000	4.983000	5.490400	1.631700	2.745800	1.375100	0.844800	2.965200	4.766200	4.258500	5.776700	2.790600	13.316800	7.460200	3.916600	5.486700
106	2.322400	2.166800	1.491700	2.123800	1.952200	0.000000	1.851600	1.767400	1.567000	2.293700	1.198600	1.536600	1.645600	2.026400	1.060900	1.546900	1.189400	1.683700	1.626900	1.868500
107	2.971900	1.909100	0.370000	2.440900	1.551000	1.731000	1.511600	2.298000	2.550100	1.409200	0.650600	0.572400	1.754200	2.418900	2.219200	1.904200	1.264900	0.000000	-0.003400	1.582300
108	2.407900	1.930900	0.006200	1.566000	2.432600	-0.889000	1.692900	0.000000	0.981400	2.346500	-0.069000	2.078500	1.781900	1.757600	2.399400	2.158400	4.234800	3.144500	2.337100	4.088800
109	1.562500	0.986800	0.966400	2.504100	1.681500	0.000000	1.277800	0.798300	0.770200	1.786600	1.196500	1.065500	0.947200	1.222200	1.311100	1.713200	1.382100	1.244500	1.276800	1.638600
110	1.594300	0.000000	-1.900600	2.412100	2.258100	0.773700	-0.449500	1.150300	1.843100	1.042700	-0.293200	0.305500	2.551700	-0.115600	3.902800	2.227800	6.773700	4.241300	4.193600	7.219200
111	4.023100	1.963400	1.528600	-0.147700	1.143100	2.719600	10.264500	0.000000	2.673700	2.071800	2.192400	5.089000	4.591800	6.030500	5.370600	3.905200	16.145900	18.324300	13.339300	24.249900
112	1.595200	0.399200	-0.679400	-0.472400	-1.230700	3.328700	-0.364000	-0.001000	0.710800	-0.027200	-1.051900	-0.253300	0.036600	0.000000	1.041400	0.346600	0.261000	-0.110700	-0.202700	0.379400
113	0.606000	-0.279400	-0.906700	0.028300	-0.761400	3.267300	-0.525800	0.745200	-0.013100	0.388800	-1.007000	-0.534200	-0.274900	-0.582400	0.296800	-0.380400	-0.667400	-0.874900	-0.970800	0.000000
114	6.026900	4.318400	1.245400	2.246900	0.969000	8.515900	3.460600	4.198500	5.790600	4.712700	1.479100	3.558700	5.315900	3.981100	5.573700	4.459500	3.535500	0.000000	0.146100	3.691100
115	2.732400	1.112800	0.211000	0.000000	0.385800	5.639600	-0.090700	1.333800	1.183500	1.222800	0.383400	0.774700	2.358200	1.470800	2.379300	2.002100	2.994800	3.188200	3.018800	11.522700
116	0.997000	0.317300	-0.222500	1.414800	0.704700	8.265900	0.337700	1.296800	1.173800	1.140800	-0.103700	0.000000	0.439900	0.211000	0.931200	0.449800	-0.138800	0.086400	0.222400	0.809900
117	2.936600	1.610900	0.544500	1.273700	0.976600	4.060700	0.000000	1.599000	2.004800	1.920400	0.832300	1.025000	2.994900	1.540900	3.659800	1.646400	1.616000	0.811000	1.013000	1.047500
118	5.286000	3.628100	0.000000	1.416700	0.148200	4.673900	3.392500	3.481700	4.227100	3.574700	0.346100	3.075300	4.460600	2.951700	5.351500	4.224500	8.624900	3.000700	2.537400	3.490600
119	1.994400	1.218200	-0.136800	1.388000	0.427800	3.692100	0.280200	0.641000	1.161800	1.343700	-0.385700	0.172800	1.101500	0.449300	2.521100	0.752900	0.653400	-0.175100	-0.538600	0.000000
120	1.119900	0.121000	-0.142900	0.340200	-0.313900	1.443000	-0.034700	0.064000	0.714600	0.990500	-0.354900	0.123000	0.000000	-0.182800	0.588300	0.473100	-0.242000	-0.606200	-0.470200	0.582000
121	3.627100	1.762500	0.423600	0.000000	-0.451800	4.970300	6.304700	1.323000	2.586000	2.255000	2.356700	6.520100	5.165600	4.190800	5.174200	2.983700	7.451100	15.723000	10.456200	4.345500
122	0.000000	3.930400	16.179800	16.431200	19.118300	12.450600	18.660900	14.387100	8.113400	8.785400	11.068100	15.024900	18.264100	15.355200	19.085400	14.953200	34.853000	27.748500	22.971600	62.383880
123	0.000000	0.663100	-0.216700	0.943900	0.393600	6.460500	-0.604800	1.224700	0.638000	0.792700	-0.110900	-0.202600	0.435100	-0.163500	0.874400	0.389100	0.267200	0.401200	0.357900	0.209600
124	-0.633100	-0.123400	-1.013900	-0.559900	-1.159300	1.167800	-1.814300	0.000000	-0.250400	-0.092100	-1.136300	-1.612000	-0.053300	-1.032800	0.044700	-0.876500	-0.805300	-0.742800	-0.798600	-1.406800
125	0.937700	0.261800	-0.300200	0.614500	1.613000	3.077400	-0.238300	1.538000	1.314700	0.947700	-0.448100	-0.533700	0.980900	0.281900	0.336600	-0.151300	1.057000	-0.625100	-1.275400	0.000000
126	3.379700	2.399000	3.155700	3.285100	3.369900	0.000000	2.360900	4.775500	3.302100	3.387200	2.886300	2.120800	3.734900	2.769100	4.993000	3.874700	3.420500	1.681900	0.728000	4.123900
127	1.778400	0.803700	-0.512900	0.050600	-0.881000	-0.083400	0.031900	1.130700	1.256100	0.613600	-0.765400	-0.307900	0.000000	0.030600	1.705300	1.179100	-0.248300	-2.097900	-1.623900	0.847400
128	3.335700	3.347300	0.000000	3.669500	3.442600	6.435900	1.340200	4.601000	3.109100	2.821200	0.202300	1.940600	4.145200	2.982300	3.843400	2.477500	1.466500	1.455400	0.623000	2.477700
129	4.325600	3.029700	0.000000	1.455700	0.693700	7.059300	4.914700	2.013800	3.242500	3.046200	0.596500	2.496800	4.724300	2.663700	4.756700	2.890700	8.598200	8.284200	3.738600	3.824200
130	3.045500	1.133100	0.269000	0.000000	-0.947100	-0.701100	3.862500	1.719800	2.498800	1.030200	-0.714600	-0.158200	3.828400	2.641400	3.257200	2.431800	16.764200	15.641200	13.670800	21.305300
131	1.768000	0.000000	10.201300	5.974800	8.243800	4.911400	23.973600	3.094800	1.352800	3.259800	10.035700	15.361600	16.172800	12.497800	9.613100	6.527600	25.847400	21.262600	18.417300	67.747200
132	2.999000	1.893900	-0.939100	0.517600	-0.371400	1.084200	1.170600	0.971900	1.929000	1.823200	-0.764000	0.442100	1.051800	1.142800	3.639400	1.954200	-0.494000	-1.401300	-2.905100	0.000000
133	1.549600	0.000000	1.169000	1.541900	1.637200	0.824900	8.545800	-0.602500	0.504900	0.274500	2.244100	4.351400	4.515000	2.627500	0.747400	0.876500	17.083700	14.973200	13.628000	10.995300
134	5.363000	3.634200	2.887600	4.548600	5.025300	9.549900	2.918100	2.895400	5.310000	4.094000	1.086700	2.963000	4.192600	3.271600	5.172200	4.487800	1.129700	0.000000	0.300200	3.387900
135	1.396900	-0.339500	-0.929500	-0.343100	-0.057000	6.015600	3.696100	0.000000	0.336100	-0.904500	-1.600200	1.984800	0.499700	-0.602800	1.603900	-0.140700	7.298000	6.819200	1.820700	7.907300
136	3.789400	2.398100	0.033300	1.680300	1.630200	6.544300	0.000000	1.885800	2.967200	2.975900	0.322100	1.846000	3.043400	2.521500	3.054400	1.157300	5.117600	5.415900	2.452600	4.485000
137	6.001100	4.852000	2.093300	4.004100	3.148900	4.208000	4.395200	4.130300	4.941600	4.471400	1.955200	4.936600	5.346900	4.434600	6.699400	4.624200	2.055400	0.000000	0.801500	3.272800
138	3.150200	2.184000	0.000000	1.530900	0.238400	3.499400	3.249600	1.593500	3.058500	2.276600	-0.749800	2.652600	2.480800	2.027400	2.650900	2.828400	1.761600	2.299600	-0.782600	2.429300
139	0.000000	-0.588700	-1.964400	-0.099000	-0.936200	-0.444900	-0.529200	-0.664400	-0.507900	-0.118500	-1.943900	-0.793300	-1.079900	-1.166700	0.202600	-1.364500	-2.288300	-1.017000	-1.327900	0.307100
140	3.415400	1.765400	-0.001200	2.834100	3.523500	3.167500	9.057100	2.363500	2.259900	2.114100	0.575300	9.141300	2.530900	3.518900	0.000000	2.788800	23.758700	28.791000	21.053600	23.982000
141	5.453000	5.146700	0.000000	3.800800	4.481300	5.572100	6.048400	5.130300	6.082000	4.352500	0.130500	3.594200	4.925900	3.308800	5.363900	3.524200	8.419500	10.330100	7.472700	6.432400
142	1.263400	2.427900	2.320500	5.188700	4.465800	8.729500	2.899100	1.054900	0.000000	2.818400	2.622100	2.803200	1.662200	1.492700	2.366200	2.422000	3.050700	2.848400	2.646600	2.074400
143	0.000000	0.081700	-1.514300	-0.292200	-0.964500	-0.466700	0.061400	-0.410800	0.024600	0.197900	-2.001800	-0.231000	-0.800900	-0.274700	-0.009700	-0.139100	-0.439900	-0.588700	-1.223800	0.363300
144	0.000000	1.646200	2.899200	4.761800	3.979900	8.594200	3.190600	3.949000	1.865000	1.975300	0.261900	3.158300	3.061600	2.352700	4.384500	3.678300	9.915000	10.508700	8.689100	13.031300
145	1.177600	0.631600	-0.327100	1.047500	0.227000	0.138900	1.232600	0.536100	0.980400	0.849800	-0.664000	0.952000	0.580400	0.000000	0.979400	0.981500	0.552600	0.405000	-0.204400	0.407300
146	0.630500	-0.003300	-0.514800	0.000000	0.122100	0.280900	-0.708200	-0.133700	-0.406300	0.419200	-1.326900	-0.745500	-0.226900	-0.557200	-0.444400	0.363000	-0.580500	-0.458500	-0.665100	0.441700
147	3.411900	2.212000	0.000000	1.976300	1.174800	4.646700	2.059100	2.106500	2.438200	2.384600	-0.230700	1.911500	2.114100	1.293200	3.133400	1.947200	1.019700	0.820600	0.134700	1.703100
148	3.343400	1.669300	0.149900	2.583700	2.470300	9.543200	1.500200	4.191700	2.733700	1.921300	0.359600	0.000000	2.330900	1.861600	2.518200	2.226400	1.645100	0.997700	0.842600	2.085200
149	0.787000	0.129800	-0.003200	0.800700	0.539000	0.708400	-0.089800	0.213800	-0.012000	0.217900	-0.077000	0.000000	0.137100	-0.487700	0.394400	0.013200	0.022100	0.402000	0.215200	0.258700
150	2.412800	1.327700	0.183400	0.721300	0.000000	1.783300	0.981200	1.108800	1.958400	1.447600	0.091800	0.389900	1.923200	1.306500	2.837000	1.046500	0.210600	0.843100	0.626000	1.387900
151	2.323000	0.000000	-0.532500	-0.387600	-0.875100	5.620800	13.131200	0.341900	0.774300	-0.374400	-0.136300	7.216000	2.340700	4.480900	2.811000	0.688400	20.474100	10.272200	7.427100	17.967600
152	0.885600	0.065000	-1.406600	-0.087100	-0.696900	4.827600	-0.286400	0.948600	0.405900	0.414100	-1.154900	-0.573700	-0.009300	0.000000	0.855000	0.758000	0.229700	-0.225500	-0.956000	0.827500
153	0.933800	0.341000	0.090300	0.688800	-0.011400	1.442800	-0.269200	0.348800	0.286000	0.490400	-0.276800	0.000000	0.394700	0.011900	0.761800	0.475600	0.132400	0.042700	-0.021400	0.431900
154	1.465200	0.000000	-0.039500	-0.482900	-0.671500	2.921700	0.271900	0.677100	1.510300	0.606100	-0.379800	-0.103400	1.248000	0.730800	2.774200	1.279200	5.282500	5.687000	5.006200	5.384700
155	4.463300	3.192800	-0.598400	2.630700	1.383100	5.226700	4.124200	4.796700	4.234300	2.510100	0.000000	2.956800	3.727200	2.029000	4.491900	3.631000	7.992400	6.696800	3.564200	0.818600
156	-2.500900	0.000000	1.067000	1.514100	1.628300	4.100400	-0.916900	1.521500	0.840900	0.501500	1.518900	-3.087100	0.703400	0.000800	0.670900	0.346500	1.673700	0.899300	0.604700	-0.634700
157	4.016600	3.550400	0.000000	2.091400	1.305900	1.221300	3.803000	3.443500	4.166400	3.327000	0.053900	2.898800	4.549100	3.573400	4.988300	3.288800	12.058200	14.743900	6.447200	8.655700
158	2.214000	1.521400	1.320600	1.378700	1.605600	0.000000	1.523400	1.494500	1.976700	1.993300	1.389100	1.454800	1.827700	1.390400	2.007700	2.007000	1.344800	1.350300	1.358400	1.774200
159	0.099300	0.066500	0.039700	0.238500	0.222800	-0.797700	-0.001800	0.252600	0.000000	0.125800	0.147900	0.000700	-0.073300	0.058300	0.046600	0.063500	0.237200	0.068300	0.071300	0.136300
160	0.129100	-0.447900	-0.537200	-0.243200	-0.395400	0.268700	-0.413300	0.025400	0.000000	-0.137700	-0.752800	-0.566000	-0.298000	-0.397700	0.028400	-0.153600	-0.171500	-0.381100	-0.429000	0.013800
161	0.000000	3.447600	2.731700	4.821800	4.435700	8.495700	3.117700	5.091800	4.036800	3.163300	2.255000	3.197200	3.422900	3.418000	4.288600	3.238300	3.928000	4.083800	4.009700	3.392600
162	1.238000	0.097000	-0.673100	0.498600	0.501800	0.080800	-0.308000	0.880500	0.569300	0.545100	-0.374000	-0.242600	0.000000	0.257900	0.488200	0.551500	-0.500200	-0.623800	-0.771000	0.568400
163	0.000000	5.190100	11.384200	14.897400	16.327800	9.532000	5.522300	10.396300	7.777700	5.880200	12.386100	5.575600	20.740200	18.711600	9.314100	7.272000	6.958600	21.094100	18.684600	7.790600
164	3.451900	2.777300	0.000000	2.443100	1.819200	7.876800	3.468000	2.484200	3.518000	2.284900	-0.220400	2.315500	3.343600	2.065700	3.732500	3.395000	11.316300	6.146800	2.950800	3.080700
165	0.990300	0.000000	-0.881000	-0.172500	-0.644700	2.500400	-0.471400	1.081900	0.950600	0.571500	-1.265100	-0.686100	0.538300	-0.433500	1.252300	-0.373200	-0.789300	-0.622400	-1.528400	0.161700
166	5.979100	4.038600	2.353000	3.404500	2.383900	6.320900	5.348300	4.449500	4.881500	4.205500	1.132400	3.824500	5.277700	3.303900	6.401200	3.806500	2.313000	1.968900	0.000000	2.715400
167	4.578200	4.438300	1.158000	4.783800	4.218700	2.714000	3.928600	4.005000	4.599900	3.918900	0.901900	3.573100	4.490200	3.553100	5.281200	3.830100	0.793700	0.658900	0.000000	2.501100
168	1.204400	0.506500	-0.553500	-0.088200	-0.588000	5.124900	-0.046600	0.000000	0.274400	0.094700	-0.828700	-0.293100	0.039700	-0.066000	0.202100	-0.276300	-0.267400	-0.364500	-0.429500	0.468800
169	4.967300	3.477500	1.893100	1.861700	2.050100	3.674700	2.602000	3.677900	3.343400	2.357500	0.523600	3.842000	3.900500	4.219800	4.168800	2.883300	2.416600	1.413200	0.000000	1.775000
170	1.678100	1.505300	1.275400	1.750200	1.573200	0.000000	1.102800	1.637000	1.689700	1.708500	1.163100	1.201000	1.331500	1.349100	1.515400	1.573000	0.473800	1.058100	0.989400	1.604800
171	0.226200	-0.270200	-1.069200	0.010900	-0.292600	-1.025800	-1.271700	0.251000	0.000000	-0.361300	-0.826400	-1.241900	-0.310600	-0.696100	0.095900	-0.524200	-0.987900	-0.882900	-0.947400	-0.552100
172	5.721500	4.249600	0.854900	1.729100	0.000000	6.532100	5.543500	4.060200	5.401100	2.626100	2.618800	4.118900	5.094100	4.206200	4.672900	2.627100	15.032700	17.007500	12.426500	10.057300
173	1.397800	1.368900	1.140600	1.592700	1.565500	0.409000	1.133400	1.567400	1.133000	1.187400	1.312600	0.956200	0.368300	0.956200	0.000000	0.943100	1.593100	1.522100	1.512800	1.061700
174	2.092900	1.619500	1.200800	1.528600	2.063400	3.025800	1.933400	0.890600	0.077500	1.375400	0.959800	1.553400	-0.786900	1.245000	-1.913100	0.000000	1.517700	1.259900	1.007100	1.428100
175	3.102100	2.012000	2.157100	1.426100	1.043100	0.000000	2.795400	2.200900	2.988300	2.254300	1.049700	0.965400	0.977700	1.502100	2.030100	2.296900	2.593500	1.272900	0.854200	3.060000
176	0.256400	-0.170600	-0.280200	-0.119100	-0.326500	-1.145800	0.366100	0.000000	0.387100	0.366600	-0.271800	0.016000	-1.312200	-0.300900	-1.205500	0.365100	-0.296500	0.043400	-0.062800	0.309400
177	1.007300	0.831500	0.509700	0.793900	0.428600	1.187000	0.512800	0.438400	0.875100	1.587100	0.137800	0.000000	0.204300	0.641700	0.372100	1.305900	-0.007100	0.416900	0.384800	1.291500
178	6.663100	5.153100	2.583500	4.664900	3.794600	8.239900	4.639700	5.458000	5.378900	5.106600	1.417400	4.046600	5.518400	4.687900	6.182800	4.910800	2.515600	1.022400	0.000000	3.855200
179	2.950600	1.871000	-0.286700	1.599900	0.380700	4.438000	1.964100	1.957600	2.119600	1.978500	0.361300	0.000000	3.061200	1.412500	2.584700	1.647500	7.785400	6.589800	6.679100	4.828600
180	0.943300	0.305400	0.018700	0.460500	-0.053400	2.029600	0.507900	0.922000	0.776200	0.920200	-0.160700	0.263100	0.069900	0.000000	0.421500	0.756600	0.159600	0.200000	0.119500	0.902400
181	1.945400	0.910200	0.000000	1.077200	0.325000	1.296600	0.843500	1.395700	1.560900	1.558900	-0.322500	0.572400	0.799100	0.664200	1.288500	1.371000	0.527500	0.433200	0.350700	1.430800
182	4.980900	3.136200	0.024600	1.487500	2.754500	7.739000	3.919300	3.908100	3.592700	3.317100	0.235500	3.440800	3.910200	3.385000	3.891300	4.091500	1.203700	0.000000	-0.752600	3.001200
183	1.287800	0.160700	-1.450600	1.178200	0.755900	4.325700	0.000000	1.222600	1.139200	0.474400	-1.425800	-0.289800	0.184200	0.256300	1.324400	0.732300	-1.216100	-0.843700	-1.304700	0.395300
184	1.063500	0.000000	-0.607000	0.310000	-0.519100	4.639500	-0.091200	0.573200	0.109600	0.689900	-0.695500	-0.407300	0.030300	-0.069200	0.708100	0.654000	-0.175400	-0.088000	-0.184000	0.592200
185	2.784400	1.115300	0.610400	3.002100	3.123000	4.458500	0.000000	2.439300	1.513800	1.395900	0.105200	0.142800	1.759300	0.505900	3.010600	1.813300	1.739400	1.371300	1.039200	2.267900
186	5.393400	3.488100	0.125100	4.218300	3.133100	8.309600	5.427500	6.059300	5.023600	3.700100	0.000000	3.481600	4.289900	3.343300	5.404300	4.297400	14.601700	4.776200	2.486500	4.834900
187	-1.350400	1.081300	1.604500	1.438300	1.315400	3.435600	1.088600	0.414800	0.355800	1.156900	0.651200	0.559000	2.442100	1.410800	1.251700	0.000000	2.938200	2.288000	2.129400	2.960400
188	0.047800	0.132800	-0.579500	0.905900	0.726300	4.774200	-0.795100	0.000000	-0.919900	-0.745600	-0.671100	-0.642000	0.063300	-0.600600	0.382700	-0.627300	-0.218400	-0.645300	-0.677400	-0.566200
189	3.651400	2.630600	0.000000	1.149100	0.265300	6.097000	5.557900	1.744000	3.026400	1.923600	0.527700	2.590700	4.735500	2.805000	4.793800	2.200100	10.437900	6.844400	5.463300	3.419200
190	0.558900	0.507100	0.449300	0.449900	0.390200	0.108400	0.173100	0.368100	0.548200	0.245800	0.206100	0.211800	0.000000	0.396800	0.467400	0.474900	0.004700	0.512300	0.273600	0.726400
191	3.292700	2.706500	1.324100	2.515500	3.616000	5.706800	2.485200	3.632900	2.402000	2.074500	0.000000	1.146600	4.184500	2.416100	3.914000	3.006700	3.678600	6.238900	1.647100	2.816700
192	0.081500	0.281800	0.862800	1.447000	1.441300	-1.811900	0.774200	0.000000	-0.339100	0.349400	0.666600	0.858200	-0.562200	0.947200	-1.999800	0.110300	1.265300	0.775700	0.459300	0.462100
193	2.131700	1.618300	1.233100	1.706600	1.129900	0.000000	1.888100	1.878100	2.005100	2.047400	1.095500	1.505900	1.043200	1.466200	1.569600	1.700100	1.470300	1.499100	1.248800	2.478200
194	2.236500	1.385500	1.163500	1.721200	1.163800	1.133300	1.643200	1.449300	1.415800	1.801900	0.857400	1.359700	0.000000	1.065800	0.481700	1.828100	1.034400	1.170700	1.082000	1.768800
195	2.287400	0.893600	-0.600600	0.000000	-0.041700	2.264700	0.580700	0.282900	1.358200	1.498500	-0.575700	0.499700	0.518900	0.485900	0.334900	0.769800	0.473100	0.447700	0.464400	1.217300
196	1.959000	0.599900	-1.405400	0.179500	0.129900	4.465800	0.934400	0.958200	1.664300	0.843500	-1.270300	0.000000	1.127200	0.079300	2.310000	1.656700	0.505500	3.625700	-0.811300	7.185900
197	0.517600	-0.298400	-0.628300	-0.057600	-0.658500	2.867300	-0.356900	-0.403700	-0.322900	0.369900	-0.996700	-0.397100	-0.406000	-0.431800	-0.078300	-0.200000	-0.643400	-0.862000	-0.959100	0.000000
198	2.191800	0.751000	-0.151200	0.651700	-0.159400	2.957100	0.000000	0.796100	1.109000	1.411500	-0.393200	0.143200	0.784900	0.580100	1.602000	1.056600	0.200400	0.248800	-0.087900	1.158000
199	4.241200	2.149700	3.018000	0.000000	-0.056600	6.276000	4.366300	2.319200	2.826800	2.018700	0.546900	5.074500	5.629100	1.849900	4.846300	2.404700	8.125400	16.963800	10.620900	23.315400
200	2.604000	0.970100	0.225500	0.523500	0.381900	4.103500	1.443800	0.000000	1.390700	1.257700	-0.774400	1.191200	1.892700	1.614600	3.253700	2.336200	8.299900	5.261500	5.131400	8.837200
201	1.203400	0.282900	-0.315100	0.539600	-0.099700	5.985200	0.167100	1.087300	0.425400	0.881100	-0.366400	0.035600	0.000000	-0.062900	0.661500	0.820600	-0.202700	-0.054100	-0.116400	0.769400
202	3.885000	2.319600	0.737100	0.958300	0.664200	6.140100	2.309000	2.127800	3.497600	2.551300	0.347900	1.706500	0.000000	1.658300	3.430000	1.490200	1.679500	4.022100	1.950700	3.335100
203	1.889300	0.000000	5.564100	3.283900	5.588100	6.437000	12.375000	3.100600	1.711800	3.075600	5.887300	10.207400	10.198500	8.244000	5.882000	3.270500	26.525600	26.868900	21.286600	22.822400
204	2.036800	1.024200	-0.080100	0.364300	-0.194000	5.245000	0.211100	1.320200	2.078700	1.324400	0.194800	0.000000	0.996500	0.186300	2.377600	0.943300	1.454000	1.052200	1.099200	1.853800
205	1.060600	-0.207400	-1.854200	-0.868100	-1.445300	0.890500	-1.145600	0.000000	0.560800	0.092800	-1.749900	-1.256800	-0.244300	-1.105700	0.794700	-0.213300	-1.538400	-1.815300	-2.202200	-0.409300
206	1.696500	0.000000	5.716200	1.950700	5.269200	5.127800	10.976200	2.727300	1.336600	0.585100	5.727600	6.252100	4.805000	10.021700	4.324900	5.058800	16.950800	21.645000	18.333600	52.106919
207	5.107800	3.057000	0.472600	1.216200	0.898100	5.726200	3.467000	2.334200	3.638800	3.378200	0.605100	2.554900	4.170200	2.754800	4.802200	3.383500	0.753300	0.719700	0.000000	2.254700
208	2.120600	1.259500	0.000000	0.905000	-0.092700	5.062900	0.729900	1.901200	2.109400	1.803900	-0.196500	0.603600	1.155800	0.906800	2.082200	1.248400	0.402200	0.205900	0.012300	1.327100
209	4.290100	2.768900	0.000000	2.970400	3.715800	6.459700	1.765800	3.390800	3.356300	2.963600	0.511200	1.733700	3.375100	2.497100	4.352200	2.842900	1.257800	0.733200	0.299100	2.746300
210	3.169100	1.684200	-0.010600	0.726100	0.072600	5.174200	2.430800	2.773600	2.787400	1.703600	-0.161300	1.974500	1.934800	1.919300	1.700900	0.000000	4.409700	8.544100	2.290900	5.103300
211	4.180900	2.764800	0.810700	1.212500	0.000000	7.295100	3.984100	3.321200	3.295000	2.758600	1.295700	2.608200	4.467200	2.659300	4.637400	3.002300	2.089200	1.870400	1.317000	3.518500
212	0.889900	0.084500	-1.245400	-0.144500	-1.118500	4.631600	-0.447900	0.415000	0.246200	0.143100	-1.850800	-1.205900	0.000000	-0.064500	0.866700	-0.003900	-0.747000	-0.354300	-0.518400	0.103200
213	4.171200	2.712600	0.000000	1.964200	1.938800	4.503700	3.224800	2.877700	4.111100	3.393100	0.134000	2.208400	3.917800	2.591800	4.703800	3.101300	8.991100	11.880700	5.976100	5.852100
214	4.113600	2.827500	0.425900	2.798600	1.808500	5.163400	2.415000	2.606700	3.284000	3.178200	0.252700	1.771100	3.433700	2.630100	4.217000	2.749000	-0.138000	0.415000	0.000000	2.574500
215	0.658300	-0.164700	-0.694100	0.079900	-0.556600	3.827800	-0.146800	0.398500	-0.166900	0.426700	-0.733700	-0.589600	0.000000	-0.358100	0.537600	0.032000	-1.332100	-0.587500	-1.104300	0.027700
216	2.794100	1.381200	-0.908000	0.997900	0.572300	5.387000	1.157700	1.730800	2.697800	1.808700	0.076900	0.835800	0.000000	0.549200	2.239300	1.330000	-0.148400	-0.454500	-0.819100	1.069600
217	5.539300	3.736100	0.000000	1.561300	0.137700	5.896900	4.728500	3.363000	4.675500	3.637100	0.099300	4.116400	4.523900	3.905700	6.130100	4.004100	11.815000	4.882000	3.174100	3.212800
218	1.420500	0.098500	-1.346100	0.492800	-0.562700	6.092600	0.590800	0.972700	0.624300	0.508100	-2.006300	-0.140600	0.903700	0.000000	1.255700	1.043400	-1.362600	-1.472400	-1.218800	0.578400
219	0.745000	0.000000	-0.077600	1.126500	0.655000	3.467300	-0.348000	1.192500	-0.182300	0.842800	-0.367800	0.021500	0.423600	0.144000	0.744800	0.057700	0.188700	-0.255400	-0.135900	0.118600
220	2.918600	1.662200	0.000000	1.863000	0.742400	4.173300	1.688700	1.771500	1.551600	1.800300	-0.091700	0.609500	1.752200	1.157000	2.491500	1.737200	0.880400	0.153900	0.456700	1.674400
221	2.360200	1.450800	0.000000	1.363300	0.468100	4.492300	1.549400	1.695700	2.363300	1.987900	0.170700	1.596800	1.191600	1.454400	2.025400	1.504500	1.691200	1.666400	1.584600	1.783600
222	0.588700	-0.050800	-0.668100	-0.211000	-0.631300	2.045600	-0.373300	0.000000	0.353200	0.165500	-0.730800	-0.663300	-0.004200	-0.071500	0.387600	0.463600	0.095300	0.371700	0.132300	0.900200
223	-0.259400	-0.376800	-0.182200	1.252800	0.762300	6.522300	-0.339200	0.937300	-0.041200	0.011600	-0.525400	-0.386700	0.000000	-0.165900	-0.087300	-0.267400	-0.498800	-0.242300	-0.266700	0.147700