SITE	GLY	ALA	LEU	VAL	ILE	PRO	ARG	THR	SER	CYS	MET	LYS	GLU	GLN	ASP	ASN	TRP	TYR	PHE	HIS
3	2.354400	1.772100	0.905100	0.699100	0.000000	1.941500	1.668200	1.189000	2.166200	1.200900	0.284900	1.308500	1.711500	1.344500	1.896700	2.001600	2.511700	1.985300	2.631200	1.720100
4	1.510400	0.944800	0.315900	0.531800	0.308900	0.000000	0.428200	0.790100	1.243900	0.793400	0.201100	0.327800	0.563100	0.379000	0.968600	1.338500	0.731000	0.211900	0.124600	1.000300
5	2.131400	1.444400	0.284000	0.000000	-0.331200	2.818500	0.276700	1.090000	1.671200	0.905000	0.400400	0.288200	1.236800	1.336000	1.795900	1.761700	1.885300	1.078300	1.131400	1.766000
6	1.993800	1.656600	-0.443400	0.715700	0.000000	2.107600	1.259400	1.114500	1.983800	1.221600	-0.143100	0.995500	1.471300	1.327400	1.616000	1.897800	1.742900	1.160900	1.093300	2.008700
7	1.753200	0.210700	-0.522500	0.237300	-0.142600	1.253400	-0.564800	0.509900	0.495800	-0.055400	-0.854200	-0.764300	0.000000	-0.245700	0.458100	0.229100	0.166000	-0.524200	-0.832600	-0.509000
8	3.050600	2.117700	2.210800	2.816800	2.615800	0.000000	2.331400	3.817500	2.644700	2.812400	2.004300	2.442500	2.587400	2.687700	2.486200	2.839600	2.812700	2.433200	2.268700	3.632400
9	0.033500	-0.054800	0.000000	0.065000	0.101500	-0.950100	-0.420000	-0.060500	0.016100	0.110000	0.093500	-0.127800	-0.642100	-0.433800	-0.051900	0.117500	0.102400	-0.022500	-0.017800	0.050900
10	6.484800	5.142500	1.309400	4.390000	3.909200	4.772600	6.080800	4.639300	6.111300	4.309800	0.898100	2.650400	6.095400	5.008000	6.252400	5.118700	3.510100	0.510500	0.000000	3.299200
11	0.757800	-0.018600	-0.906600	-0.311800	-1.038900	2.035300	-0.065400	0.000000	0.375700	0.119000	-0.926900	-0.453400	-0.228700	-0.125200	0.018200	0.168500	-0.430700	-0.756900	-0.754700	0.488200
12	1.994500	1.499300	-0.869600	0.859600	-0.241300	-0.024500	0.339000	1.045000	1.643800	1.220800	-1.001600	0.000000	1.289600	1.092300	1.711200	1.642600	0.341800	1.102700	1.341000	1.703600
13	4.308200	2.900400	0.034800	0.000000	0.340000	9.570000	4.254100	2.516900	3.861800	2.732200	1.245700	3.362600	3.194300	2.752500	4.596200	3.038300	6.483500	6.683400	4.869800	16.168900
14	2.851000	1.317000	1.314500	1.581400	2.405700	6.132800	8.981600	0.000000	1.331600	1.446300	3.448900	8.026600	6.751600	5.158400	6.005200	4.001200	26.301880	21.742370	17.421160	23.931577
15	0.571600	0.402700	-0.450200	-0.567200	-0.453500	0.318800	-0.160500	-0.522100	-0.146000	-0.024800	-0.346500	-0.356200	0.000000	-0.089300	0.059900	0.248700	0.270900	-0.324300	-0.650800	0.465600
16	0.416200	0.439700	0.713200	1.813500	1.934300	2.646900	-1.142400	1.858700	0.494100	0.470000	0.153700	-0.939400	0.158900	-0.059800	0.000000	-0.119000	0.967900	0.467700	0.393700	0.509600
17	5.700800	3.689900	0.037200	1.108400	0.000000	7.596900	3.879100	3.533000	4.350000	2.886600	0.114500	4.702800	5.554300	3.948900	5.177300	3.449300	10.121100	6.128900	3.105500	3.161200
18	3.362200	1.806500	1.222900	2.422400	2.158700	0.000000	0.515900	2.729100	2.561400	2.222000	1.924800	1.436400	2.071300	1.761900	2.084800	1.364900	1.831300	1.316700	1.180700	2.785400
19	0.000000	5.112900	6.716200	10.289000	10.878300	13.026700	6.611800	9.751400	6.017900	5.408900	6.931700	5.645100	10.605500	8.121300	8.815800	6.228500	13.549130	7.935500	7.521500	8.110300
20	0.941400	0.000000	4.689900	2.369700	4.697900	1.973900	18.646520	3.170200	1.141800	1.451000	6.514300	10.254800	11.686400	9.679100	10.752400	4.777300	28.127760	17.508900	16.822650	46.383500
21	-3.309500	-3.286000	-4.085300	1.121100	1.245400	8.769100	-2.434300	-1.692800	-3.778700	-3.789800	-3.562500	-2.837400	0.000000	-3.188100	-2.513100	-3.647000	0.644000	3.064800	-1.662800	-1.369800
22	0.000000	3.692700	15.425660	18.236610	22.721320	17.088920	24.808719	18.055170	8.257600	9.867200	14.906520	21.225110	21.193350	21.348250	18.626150	15.956350	36.783100	33.560820	46.710300	40.584900
23	4.701200	3.146600	4.520700	4.055000	7.521500	0.000000	21.697770	6.703100	4.988800	3.904500	6.353200	14.337890	6.185900	8.855600	8.119900	4.633400	37.322100	24.101031	20.096580	27.985290
24	2.710200	1.866100	0.973100	0.000000	-0.334500	6.173600	4.533400	2.295600	1.963300	1.624800	1.635700	1.874100	2.931300	2.658100	3.049600	1.992600	20.515180	8.721700	7.403700	5.624600
25	5.607000	4.537300	1.536100	2.277100	1.739400	4.606800	4.946000	3.397900	4.819300	3.978000	1.258000	3.424500	5.439000	3.959300	5.826800	4.041300	5.026300	2.124000	0.000000	3.302800
26	2.439800	2.699100	2.224000	3.290200	3.363000	4.685300	4.030900	4.294500	1.833900	2.213300	0.218500	3.388500	1.205500	2.560400	0.000000	1.055200	9.540800	11.552400	9.411600	8.804600
27	1.179100	0.674000	0.132400	0.730300	0.396100	0.215300	-0.028400	1.422800	1.140100	0.787200	0.348300	0.000000	1.352300	0.736900	1.457300	1.122500	1.527800	1.384900	1.362800	1.537300
28	0.132400	0.074400	-0.409100	0.998700	0.197500	1.880500	-0.312800	0.142600	-0.134900	0.297500	-0.274300	-0.301900	0.425300	0.134600	0.441800	0.000000	0.140100	-0.642700	-0.845900	0.136700
29	0.000000	3.476700	2.653800	4.451700	3.660600	5.536100	2.605700	4.513700	3.643200	2.412000	2.492100	2.720100	3.541400	3.002600	4.052500	2.680800	3.473200	3.012800	2.826700	3.569200
30	0.229800	-0.846100	-1.725200	-1.240200	-1.762200	2.024500	-1.405800	-0.189400	-0.223600	-0.275600	-1.713700	-1.784100	-0.874900	-0.850900	0.000000	-1.058900	-1.237100	-1.949300	-1.791700	-0.320300
31	7.204300	5.792900	2.293100	4.980900	3.772300	5.513300	6.543900	5.520500	6.455600	4.930900	1.107400	5.565200	6.337200	5.327900	6.965500	4.430300	2.949600	1.999900	0.000000	2.857100
32	7.947300	6.738000	3.386000	5.205100	4.705800	9.993200	5.217500	6.892700	6.552800	5.786900	3.978900	4.604400	8.459000	5.489000	9.321300	6.041900	2.247900	0.000000	2.613400	4.403000
33	5.406700	3.594600	1.356700	0.394700	0.000000	7.174100	14.782140	2.739600	4.228900	2.761400	2.114800	8.786000	7.512000	6.067500	6.091600	3.743400	23.154327	15.760660	13.102700	24.723330
34	3.832600	2.398200	1.728100	0.000000	4.474300	4.379700	8.295300	2.541300	3.123900	2.151300	2.702500	6.250900	8.645500	7.134500	6.454700	3.917600	15.477230	10.965900	9.827800	36.532600
35	1.896900	0.000000	3.639700	2.922100	3.896100	4.575000	5.105900	3.928800	0.257000	0.560300	1.800000	3.057100	8.286500	6.713900	9.050600	6.251900	19.966310	15.824230	15.541000	36.848000
36	3.876400	3.316800	3.912000	6.413600	7.293200	0.000000	3.842500	6.568200	5.201000	4.963300	3.590700	4.221100	7.714000	5.315800	8.192600	5.666700	7.916300	5.406000	4.983700	5.211300
37	-0.193000	-0.322700	-0.835000	0.998500	0.676300	1.516100	-0.884600	1.268200	-0.174900	-0.000400	-0.932500	-0.954200	0.000000	-0.512100	0.117600	-0.390900	-0.777200	-0.916600	-1.039900	-0.113000
38	1.655200	0.622400	0.035200	0.000000	0.613800	3.473400	0.247600	1.640800	0.706400	1.088200	0.148000	0.252200	1.694800	1.016200	1.683300	0.507600	0.530100	0.024800	-0.299100	0.500200
39	0.203300	-0.037100	-1.018300	-0.113600	-0.053900	1.292400	-1.581100	-0.192700	0.252600	-0.241300	-1.805200	-1.080100	0.000000	-0.525800	0.761200	-0.273800	-0.072000	-1.666000	-2.100500	-0.189600
40	1.907500	0.508300	-0.212700	0.000000	-0.547200	3.391800	-0.141100	0.166600	0.445700	0.151500	-0.300300	-0.169100	-0.116000	-0.347000	-0.022800	0.093800	-0.075800	0.039000	-0.136000	-0.355700
41	-0.556400	0.501700	0.367000	1.501100	2.840100	5.487300	0.164200	1.067100	0.507200	0.307800	0.285900	0.000400	0.223400	0.203500	0.178800	0.000000	0.137800	0.032300	0.021200	0.128700
42	0.000000	2.616400	2.329000	4.783300	4.776400	5.682800	2.382500	3.216900	2.567800	2.435800	2.478800	2.271300	2.483200	2.370600	2.390000	2.071400	2.373300	2.304800	2.325000	2.260400
43	0.884700	0.661800	0.213300	1.131400	0.752700	3.470600	0.439000	0.317700	0.102400	0.156300	0.220900	0.000000	0.401400	0.338600	0.759900	0.618800	0.048900	0.056000	0.481200	0.732000
44	2.330200	1.624500	5.908700	3.102300	3.485400	0.000000	2.450400	2.997000	2.044200	1.960800	0.995000	1.893900	0.335900	2.240700	2.583200	2.245800	0.738100	5.218400	1.154200	1.711600
45	0.700500	0.000000	-0.241200	1.085700	0.907400	6.691100	0.435500	1.271300	0.357200	0.679200	-0.557100	0.273500	0.640300	0.132100	1.340500	-0.736000	1.073300	-1.275600	1.706600	0.910100
46	0.000000	2.609000	24.472304	14.461870	18.805650	9.335000	21.286460	12.228100	4.831200	8.014300	18.202900	18.969870	21.594630	19.257680	23.281251	17.534080	61.795900	56.087700	45.319000	47.875200
47	1.479600	0.011100	-1.452900	-1.369000	-1.725300	3.645700	-0.957600	0.070300	0.955900	-0.646400	-2.779000	-1.178600	0.000000	-0.681900	1.964700	0.846400	-2.029800	3.835700	0.806400	1.230300
48	6.340700	4.660500	0.223500	1.135700	0.000000	6.363800	3.278700	3.591000	5.514000	3.700400	0.299100	4.111300	5.663800	3.791400	6.035900	4.436500	6.114400	3.233100	0.818600	3.354600
49	4.581200	3.082600	0.000000	1.487300	2.155100	6.121000	1.213900	1.782700	3.252100	2.811100	0.295400	1.952500	5.246700	2.525600	6.358600	4.415200	4.959000	6.842000	5.238100	35.754800
50	3.087300	1.867400	1.023300	1.501600	1.308900	3.439600	0.000000	1.584200	1.511000	1.662800	0.879700	0.629100	3.127800	1.399300	4.356200	1.737200	2.522100	1.614000	1.002200	6.411800
51	5.825000	4.055100	0.285000	1.012300	0.000000	5.992900	12.201800	3.549700	5.235400	3.294200	1.700600	5.149400	6.286500	4.727000	6.223400	4.051400	18.109400	8.260600	5.816500	7.863600
52	1.519200	0.746800	-0.418500	-0.072900	-0.232800	1.629200	-0.312700	0.727100	1.444900	0.630800	0.173500	0.253300	-0.074400	0.405900	0.000000	0.298900	0.003800	-0.345200	-0.372000	0.471000
53	2.989700	2.476600	0.000000	2.371900	1.501100	1.168800	1.799300	2.379900	2.723700	2.110800	0.840600	1.188500	2.304600	1.988200	2.817900	2.849000	2.294800	2.453700	2.433500	2.983700
54	0.518600	0.336400	0.232600	0.577700	0.475500	1.006300	-0.564800	-0.443700	-0.487900	0.566200	0.366100	0.000000	0.413300	-0.027500	0.583800	0.246000	0.433000	0.287700	0.258100	0.580000
55	0.719500	0.392100	-0.512600	0.696100	0.106300	1.761400	-0.357700	0.000000	0.417900	0.567600	0.948200	-0.076200	0.479900	-0.495700	0.515100	0.430600	0.530900	0.043300	-0.111400	0.324700
56	0.000000	3.547800	5.662700	6.938300	7.133800	7.453600	4.010300	6.557500	4.122900	4.672900	4.401100	4.893900	4.843800	4.522100	6.091100	5.150000	6.553800	6.273500	5.801900	6.341700
57	0.755600	-0.067800	0.005800	0.500800	0.147600	4.195400	-0.049700	0.495100	0.332400	0.543900	0.032100	0.000000	-0.332600	-0.089300	-0.104300	0.289600	0.131800	0.021100	-0.017100	0.330900
58	2.554600	1.727500	0.804300	1.107600	0.560700	1.163100	1.416700	1.475000	2.364900	1.166200	0.275500	0.000000	2.385900	1.582800	2.381300	1.969700	1.256100	1.542400	1.428600	2.038900
59	1.772800	0.560900	-0.484700	-0.171800	-0.889800	3.079200	-0.066800	0.000000	0.368600	0.050000	-0.837800	-0.480500	-0.125300	-0.542500	0.244200	0.199500	-0.306600	-1.170300	-1.054100	0.105500
60	1.515700	1.000700	1.767100	0.000000	-0.187400	0.302700	0.615900	-0.279900	1.684600	0.659500	-0.021000	0.212300	1.464000	0.539100	1.343700	1.385800	1.638600	1.516300	1.685300	1.844800
61	2.972400	2.192900	-0.757000	0.947600	0.000000	2.784200	2.581600	2.296100	2.788100	1.723300	-0.255200	2.528700	2.392700	2.267300	2.804900	3.045100	3.773400	3.008800	2.679700	3.087100
62	2.526900	0.811900	0.593200	3.043300	0.922200	9.166100	2.497100	0.875900	0.627400	0.000000	-0.036100	0.923800	3.138100	1.185700	3.246900	0.556900	11.788700	20.488330	10.730200	17.264530
63	2.115000	0.562300	-0.174400	0.315900	-0.043100	1.570300	-0.042800	1.069400	1.216100	0.260000	-0.304000	0.000000	0.924000	0.147300	1.735300	0.122200	1.509900	1.613400	1.599100	1.965300
64	3.596800	2.100000	2.445700	1.335300	2.445600	0.000000	9.977500	2.388600	2.499100	1.584400	3.483500	4.503600	5.615000	6.023500	7.124900	3.701000	21.479820	19.670910	17.659280	31.395940
65	0.281000	-0.319400	-0.187200	-0.030600	0.536000	5.807800	-0.728000	0.425400	-0.154700	0.205400	-0.514400	0.131100	0.000000	-0.219100	0.291200	0.220700	0.427800	0.028900	0.061000	-0.332400
66	1.967800	1.019600	-0.160700	0.000000	0.259500	5.111100	-0.230200	1.369200	1.344800	1.045700	-0.919200	0.795100	1.663500	1.209200	1.153200	1.045200	0.087200	-0.885700	-0.495900	0.738200
67	-0.144300	0.197600	-0.516800	1.247500	2.046000	5.040600	-0.428900	1.017100	0.124300	-0.074600	-0.630600	-0.442900	-0.121900	-0.190300	0.034100	0.000000	-0.148600	-0.182200	-0.218900	-0.059900
68	0.000000	3.036100	3.565300	4.468400	4.343600	4.878100	2.910500	4.411700	3.501000	3.098100	3.281100	3.243600	3.364400	2.976400	3.442700	3.146200	3.430800	3.465800	3.486100	3.529100
69	2.531900	1.460600	-0.148400	0.883500	0.059100	4.879900	0.600700	1.651900	2.182400	1.212300	-0.098500	0.557300	0.982500	0.878000	1.053800	0.911600	0.093600	0.000000	-0.318400	1.104200
70	0.000000	1.074600	1.347200	4.798900	6.790800	-0.132900	2.483800	4.230900	2.154300	2.144900	1.084600	2.143400	3.261700	2.719900	4.399300	4.403500	1.725700	2.246800	1.624900	28.724010
71	0.000000	3.470100	12.049700	10.061600	16.681080	9.138900	28.785790	9.108900	8.092600	9.343800	10.404600	21.469860	17.903250	13.011700	21.148120	14.534790	31.005260	19.032970	16.509750	17.771860
72	3.822000	2.056000	0.218000	0.741000	0.000000	6.860500	0.565900	2.779700	2.183100	1.758500	0.177000	0.704600	2.358700	1.447400	4.436400	1.886900	2.655800	2.570300	1.861800	3.666900
73	4.238300	2.656000	4.314500	1.204100	2.992700	0.000000	8.940200	3.876000	2.611500	1.766300	5.993000	8.106500	7.778900	7.832000	9.339200	5.315300	21.580550	18.115860	13.974400	39.639900
74	0.794200	0.000000	-0.740000	1.559800	1.375200	5.372800	-1.447500	0.885000	0.583200	0.184300	-0.134500	-0.061000	4.443700	2.378100	5.615400	1.859600	8.661200	7.398700	6.216800	24.929870
75	0.000000	3.628900	13.528910	14.567090	16.840100	15.839830	15.367100	14.692060	7.463100	8.954100	18.613490	12.702700	19.542780	14.059780	22.745893	16.455320	42.073900	25.895570	26.208920	20.464750
76	2.248300	0.779400	-1.299200	-0.176700	0.236600	3.465800	3.073500	-0.491800	1.028100	0.000000	-3.003500	0.716800	3.315900	-0.392700	4.572400	2.368900	13.515800	5.768700	3.426100	27.324410
77	1.719300	0.142200	0.339400	0.825700	1.777700	3.978100	0.613900	0.786600	0.801100	0.473400	-0.615200	0.472400	1.210100	0.000000	2.226100	-0.014900	11.354400	9.464600	9.265000	40.627400
78	1.532900	0.226400	1.329900	0.933800	1.114200	-0.384800	9.606100	-0.470000	0.614200	0.000000	1.775900	5.532000	5.574600	3.600900	4.325900	2.105800	16.665470	13.911700	7.931900	5.745200
79	2.659000	1.447400	0.643200	4.076100	5.655300	6.102200	2.319400	5.982400	1.852900	1.355800	0.475100	2.223800	1.058500	1.753700	0.000000	1.562800	5.137400	0.335200	-0.227800	1.388500
80	0.798500	0.598500	-0.352600	2.002600	1.382800	8.162100	0.000000	1.184000	1.902600	1.491000	-0.810200	0.282500	1.490700	1.961400	3.496800	1.896300	17.327620	4.883800	4.528000	6.793900
81	1.109200	1.132300	0.815200	0.794500	0.507800	0.699700	-0.028200	1.082200	1.328700	0.860600	0.299000	0.460700	0.899700	0.272200	0.000000	0.709700	0.545100	0.205100	-0.015600	0.946400
82	0.505800	0.000000	0.023700	0.173000	-0.071200	3.097200	-0.624300	0.290400	0.173500	0.187700	-0.098100	-0.395900	0.312800	-0.048100	0.964700	0.539400	0.142000	-0.065300	-0.182300	0.179800
83	0.712800	-0.178900	-0.460300	-0.126000	-0.762100	-0.832300	0.017600	0.396200	0.629200	0.155200	-1.021200	-0.314000	0.412900	0.202100	0.511400	0.000000	0.890100	0.827100	0.900000	1.248700
84	1.891900	0.911800	-0.332300	-0.171300	-0.872000	5.815000	-0.456700	1.102300	0.879600	0.467600	-0.459100	0.237400	2.076700	0.000000	3.404800	1.141900	1.501700	1.554800	1.230100	1.512700
85	5.391500	4.112500	0.000000	1.181000	0.087200	5.803400	3.768700	3.222500	4.856700	3.325700	0.246600	2.841300	4.535900	2.653000	6.065000	3.362900	13.286200	6.831000	4.018600	2.606900
86	6.291100	4.695600	0.770200	2.842900	2.127600	5.275900	2.564000	4.079700	5.617200	3.861200	0.744700	2.466900	5.637700	4.152100	6.313300	4.321700	0.950600	-0.172500	0.000000	3.699500
87	5.531800	3.526900	0.710000	0.000000	-0.472800	8.983700	3.951200	2.880000	4.428100	2.190700	1.745500	4.542600	5.359300	3.544700	5.700200	3.421000	8.878100	3.755200	4.164100	3.271200
88	1.468800	0.000000	3.850500	2.692900	6.171100	1.521000	13.926600	2.001800	1.540900	1.324500	1.530700	6.452100	5.080400	4.195700	7.430500	2.961700	40.125500	35.626500	25.651900	69.076600
89	3.589200	2.051600	1.437800	1.378100	2.199900	8.861600	12.904600	3.182200	1.979200	0.860300	1.439500	6.452000	7.249200	5.302700	0.000000	0.338700	24.442155	13.202200	9.752700	16.067880
90	3.231100	1.788900	-0.144100	1.634500	1.665400	4.799600	-0.516400	3.693400	2.202700	1.902400	0.000000	0.533800	2.877500	2.150500	2.813100	0.883300	5.532100	8.367700	3.980000	2.982200
91	3.403800	2.921300	0.438400	0.637100	0.784900	6.323300	0.000000	2.569900	3.268800	2.673100	0.306600	1.239400	3.350600	1.264700	4.207700	1.472800	-0.154600	-0.020600	-0.775900	1.324900
92	3.930300	3.040900	0.000000	3.825300	2.308100	3.953300	2.832700	3.837600	3.880400	3.010300	1.034700	3.632800	5.146400	3.879500	6.270900	2.545800	16.576640	14.680910	6.639300	5.647300
93	0.000000	2.905900	11.308400	7.032700	9.260400	10.535300	11.776000	8.471400	5.745600	5.892700	9.074700	12.710400	8.847200	11.458200	9.643300	6.985500	25.269240	20.441550	18.155360	20.208690
94	5.996500	4.764400	0.000000	2.153200	2.079400	3.237100	10.245700	3.831600	5.516500	4.033000	1.225500	4.060200	5.471900	4.505500	6.933200	5.039500	13.808000	12.414500	5.895600	22.084980
95	5.298600	3.883700	0.000000	1.905500	0.667500	6.110100	2.536700	3.506900	5.074800	3.464500	-0.155800	1.722900	6.992200	2.515700	7.512100	3.392400	19.100710	9.812900	5.567400	6.208300
96	3.624100	2.233700	-0.342500	0.000000	1.134200	5.292800	1.504300	2.125700	1.882400	1.777400	1.374100	0.510500	4.338800	2.449300	5.329300	1.455300	5.748900	7.112500	5.294700	3.528200
97	5.136100	3.261500	0.720400	0.000000	-0.198500	5.278500	10.114500	2.531300	3.897900	2.435100	1.157900	6.350000	6.129100	4.564400	5.839000	3.394800	20.252920	12.854800	8.040600	5.270300
98	0.198400	-0.340100	-0.716700	0.715600	0.149100	0.387500	-1.642300	1.127100	0.331300	0.110200	-1.023900	-1.104400	0.561900	0.000000	0.287600	-0.187400	-1.049900	-0.417200	-0.706000	-1.027400
99	-0.097000	-0.660700	-1.621300	-0.341500	-0.625100	-2.663300	0.125400	0.000000	-0.103200	-0.136300	-1.926300	0.047300	-0.003600	0.087900	0.197900	0.145400	0.555700	0.419200	0.348300	0.729600
100	1.673500	1.578300	1.452100	1.486500	1.210200	1.060000	1.507600	1.974900	1.541500	1.409400	1.145200	1.480100	1.031700	1.194400	0.000000	0.564700	1.614600	1.674100	1.654900	1.886300
101	0.000000	3.636000	6.650900	8.511400	8.872900	9.581200	5.175400	8.125300	5.367000	5.054300	6.515000	5.852700	6.660200	5.868400	7.495000	7.309700	7.118000	6.066100	6.572800	26.012150
102	0.647800	0.212600	-0.129500	0.712800	0.328300	1.285600	-0.316300	0.000000	-0.376300	0.670500	-0.124900	-0.069900	0.343400	-0.087800	0.595600	-0.057000	0.109200	0.408700	0.343500	0.440500
103	4.167600	3.031000	0.992400	2.741500	5.090000	4.307000	3.450100	2.622700	3.521000	2.786400	0.506300	2.462700	4.254700	3.518700	5.110900	3.664600	1.793900	2.110300	0.000000	3.166300
104	0.569500	0.044200	-1.548300	-0.696100	-1.000700	2.126500	-1.080600	-0.566000	0.114300	-0.176900	-1.468200	-1.244300	0.000000	-0.633300	1.170000	0.534400	-0.163200	-0.396200	-0.915500	0.316800
105	0.730200	-0.038700	-1.933000	-1.883300	-2.365000	-1.596400	-1.410500	-0.786900	0.601100	-1.011900	-2.631800	-0.610600	0.000000	-0.959600	0.103600	-1.050400	-1.292000	-0.834900	-0.095100	0.633800
106	3.651700	2.075000	0.376800	0.471300	0.000000	5.603700	1.626200	1.117500	3.258000	1.868800	-0.332000	1.153500	2.779400	1.794300	3.850900	1.866700	3.655600	2.042300	1.555500	24.940389
107	0.842200	0.000000	-0.030300	-0.113200	1.078700	2.664600	-0.342300	1.671600	-0.487700	-0.269500	0.103100	-0.288100	1.241700	0.717000	1.661400	0.807000	0.105600	-1.553900	-0.943200	0.488400
108	0.407000	0.248000	-0.429700	0.602300	0.105200	0.011600	-0.139000	0.624200	0.259900	0.037600	-0.538300	0.000000	-0.608900	-0.117600	0.457300	0.573100	-0.767600	-0.168500	-0.540400	0.177700
109	1.644200	1.265600	0.850100	0.775800	0.984800	3.635900	0.048600	1.038800	1.277600	1.302600	0.500800	0.000000	1.302500	0.641000	2.418500	1.338600	1.086900	0.551000	0.463500	0.936100
110	2.216500	2.492500	0.479600	2.128700	2.165800	2.371000	3.876400	4.342600	2.555800	2.260400	0.690200	3.035400	1.077100	1.972000	0.000000	-0.060600	20.086330	20.072770	15.570960	10.654500
111	0.485600	-0.879700	-1.582400	-1.581800	-1.983100	2.458500	-1.201200	-0.123900	0.000000	-0.502000	-1.614300	-1.513200	-1.039300	-0.947100	-0.457600	-0.488600	-0.971700	-1.036100	-1.089600	-0.079600
112	-0.003600	-0.337300	-0.986000	0.855500	-0.144700	1.485000	-0.985200	-0.291300	-0.822200	0.146800	-0.893600	-1.058700	0.000000	-0.473400	0.239900	-0.318700	-0.662600	-2.527300	-2.264800	-0.118900
113	0.000000	3.119800	2.799300	4.548900	4.395700	6.791900	2.310200	4.042000	3.076500	3.257900	2.828900	2.616000	3.037700	2.579200	3.378300	2.588900	3.517100	2.730400	2.707800	2.658700
114	1.531900	0.848100	0.343300	1.355400	0.792100	3.782600	0.000000	1.580500	1.071300	1.160100	0.753000	0.179800	0.856300	0.682500	1.809900	0.102800	0.961900	0.075000	0.276500	0.525800
115	1.338900	0.535700	-1.029100	0.050700	-0.050500	-0.883300	0.000000	0.383100	0.972900	0.325100	-1.420400	-0.145200	0.352700	0.353200	1.425800	1.152300	-0.931900	-0.375600	-0.303900	0.842200
116	3.890600	2.802600	-0.050100	2.203400	1.327900	10.051600	4.063100	3.623000	3.748400	2.856200	0.000000	3.389000	3.135400	3.012700	3.896500	2.971400	10.534200	1.617600	-0.290800	2.185700
117	2.796800	1.656500	0.449400	2.148900	4.848200	0.496100	0.902900	2.219900	2.870200	1.707300	0.885500	0.097400	3.133200	0.000000	2.726400	1.664100	1.674200	-1.014100	0.134400	1.452100
118	0.000000	4.105300	17.548120	14.155830	20.469470	7.693900	18.154280	15.046550	8.097900	7.083200	9.916200	15.054210	15.578900	17.377510	14.847370	13.131700	36.727500	27.870980	28.646350	92.714800
119	1.735500	0.758200	0.487200	1.925400	2.240200	3.554100	6.715600	2.597200	1.705900	0.000000	0.678400	4.610600	5.955200	3.968100	4.369900	1.791200	17.743540	18.133720	9.359200	35.387500
120	0.554100	-0.459200	-0.596600	-0.852300	-0.894200	5.382000	-3.278000	0.323000	-0.129800	-0.529700	-1.483500	-4.244800	2.171800	1.022700	2.033200	0.000000	1.265900	0.390200	0.611900	-1.716200
121	-0.020800	-0.637200	-0.436400	0.133900	0.485400	6.512800	0.037700	-1.282000	-0.660200	-0.663900	-0.198900	-0.419700	-0.532300	1.723500	0.000000	-0.129100	2.587500	-1.291300	-0.999000	1.162600
122	1.776300	0.242200	-0.193400	2.950500	2.869700	1.555800	11.470200	4.072100	0.724200	0.000000	-1.348700	2.154900	5.351800	2.306000	5.176100	1.691200	28.041160	23.767741	22.237710	13.119200
123	1.682600	0.000000	-0.672100	-1.345500	-1.046600	5.312500	-1.525100	0.324100	1.105700	-0.133200	-0.966800	-1.510800	1.185000	-0.078500	1.626200	0.179500	2.087300	-2.295900	-2.761000	-0.384400
124	6.160400	4.491600	1.439700	3.583800	3.077100	6.279600	2.687100	4.488800	5.250000	4.023400	1.311600	2.342700	6.748300	3.801200	7.096000	4.044000	5.401900	1.115400	0.000000	4.137800
125	4.098500	3.085600	6.310600	4.565200	3.984200	6.466200	3.974400	6.241400	3.530000	3.430000	2.501000	6.460700	1.904800	4.412000	0.000000	4.686900	19.030520	22.813960	18.002430	38.465100
126	2.933000	2.194400	0.707300	2.601200	1.644300	3.887400	1.574300	2.759600	2.033000	2.369500	0.776000	1.379200	2.367700	2.040200	3.272900	2.461800	1.346100	0.000000	0.307500	2.130900
127	0.612600	0.188900	-1.526300	0.316100	-0.197400	1.268800	-0.991500	0.766000	0.363600	0.242300	-2.026900	-0.904900	0.000000	-0.550400	0.385800	-0.016500	-1.324900	-0.971400	-1.142700	0.082200
128	0.000000	3.312400	6.527000	6.543500	6.555500	9.277500	3.061000	5.036800	4.378900	4.324700	4.397100	4.176000	6.062000	5.079700	6.404600	5.266800	7.367600	6.135600	6.852700	6.963400
129	1.217400	-0.357600	-2.368300	-0.821300	-1.380800	3.363400	-0.461400	0.195100	0.421400	-0.216700	-1.743100	-1.885600	1.941000	-0.168800	2.493800	0.000000	-1.831600	-2.747700	-1.795800	-0.932300
130	6.521400	4.767700	0.000000	3.292700	2.885800	7.128900	10.810900	2.762200	6.038800	2.793900	0.884900	6.827700	5.445500	3.040200	6.269900	3.378400	13.178600	13.519400	10.129600	46.995000
131	8.710000	7.127300	3.866100	5.220700	4.825700	8.482100	5.084800	7.193600	8.272700	6.379800	3.628900	5.373200	8.588600	6.190400	8.878200	6.738400	0.000000	2.323600	2.012400	4.148600
132	5.497600	3.963100	1.414200	0.982500	0.000000	9.207900	6.983600	3.545000	4.555800	3.310900	0.062800	4.080000	6.068200	3.941000	8.719400	6.283300	29.823940	21.412730	16.127690	16.108490
133	3.563400	2.276200	5.358100	2.633800	7.166200	3.817600	18.098750	0.000000	1.886400	2.161000	4.563200	11.110100	10.194800	8.655400	6.635600	5.508700	32.722910	30.808660	21.233840	56.928100
134	1.817400	0.000000	4.616800	3.746800	5.648900	5.532600	5.793700	3.262100	1.058100	1.467600	4.172000	6.006100	7.737600	7.798600	5.734300	2.784300	12.766400	9.459900	7.135200	42.772800
135	4.189000	2.971500	10.334400	10.333400	13.502150	0.000000	27.398760	8.924500	3.115500	3.366900	9.386800	18.721600	12.728900	12.151500	11.028400	9.013000	46.857600	42.126900	33.388600	68.463100
136	0.745100	0.000000	3.459400	2.241900	2.805800	3.325400	14.045760	2.460500	0.419100	1.624700	3.633300	8.901500	7.627200	5.856700	0.606400	2.860400	11.449000	3.089600	14.742120	12.465800
137	0.000000	1.218500	2.989700	3.780300	5.274700	7.962100	0.929500	3.384000	0.765100	1.815700	0.479000	1.952700	2.339000	2.145100	2.688900	0.364900	2.825700	2.486400	2.410400	4.929500
138	1.722100	0.951400	-0.023900	1.384200	-0.024200	-0.432500	0.870400	1.984200	1.800300	1.287700	0.093000	0.549700	0.000000	0.685600	1.237700	1.566000	0.162900	0.220300	0.136800	1.020100
139	2.111300	1.420800	-0.414700	0.000000	0.066300	2.918500	1.384300	1.352300	1.604500	1.498000	-0.134200	0.401300	3.376500	1.901400	3.235400	2.149500	2.808200	1.688100	0.042100	2.170100
140	1.512100	0.000000	0.322600	-0.883400	0.006000	3.962100	4.100300	2.039400	1.714400	0.124300	0.096500	1.824600	2.477200	1.235400	2.595500	1.133000	10.013500	12.046100	7.443500	2.431000
141	0.552000	1.297000	1.234400	2.295100	3.335300	0.000000	0.750900	2.257700	1.691300	1.360700	1.091100	0.764700	0.988600	0.941800	1.646300	1.321000	2.115100	1.491700	1.570200	1.614700
142	0.903500	0.000000	0.264100	0.732500	1.514900	2.226200	0.652800	0.047600	0.046800	0.698800	0.365200	0.126300	0.397200	0.252900	1.541400	0.563000	1.052000	-0.087500	-0.407900	0.555300
143	0.289700	0.037900	0.215700	0.273700	0.443900	-0.762000	0.329400	0.181300	0.168700	0.306800	0.189400	0.248300	-0.386400	0.303600	0.000000	0.347800	0.199500	0.178900	0.182700	0.276200
144	1.931700	1.422200	0.309500	1.673200	1.220000	0.627300	1.219700	1.919900	1.774600	1.492800	-0.114300	0.736700	1.308100	1.424600	1.375300	1.792300	0.533200	0.000000	-0.712900	1.546500
145	0.505100	0.088600	-0.201500	-0.023800	-0.248700	1.452400	-0.273600	0.000000	0.265000	0.067800	-0.550300	-0.329200	-0.224500	0.014700	0.009500	0.539800	0.267900	0.040300	0.099000	0.461800
146	1.861600	0.727800	-0.350900	-0.244700	-0.528200	1.254200	0.000000	0.589700	0.424300	0.963800	-0.588700	-0.237200	0.495400	0.050100	0.283400	0.658500	0.210900	0.185400	0.185200	0.511800
147	-0.563600	-0.875400	13.247350	6.085900	7.760500	4.359400	7.743400	4.214000	0.000000	2.663600	12.777900	19.044710	19.275200	17.449730	11.189300	13.826880	16.687220	19.655950	43.760100	27.664190
148	2.327700	1.612500	0.627900	1.534500	1.103500	2.204900	0.673500	2.273100	2.249300	2.110200	0.000000	1.501900	1.659500	0.977300	1.995100	1.959000	0.190200	1.224300	0.458800	2.267600
149	0.251800	0.425000	0.134000	0.146700	0.287900	2.175500	0.188000	0.090400	0.429600	1.840200	1.605300	-0.041800	0.089700	0.000000	-0.054000	0.156600	0.385400	0.217500	-0.900600	0.104900
150	0.746500	0.374500	-0.339400	0.458600	0.054300	1.024700	-0.050000	0.401600	0.430500	0.308600	-0.032100	-0.178800	0.000000	0.065300	0.153200	0.417000	-0.264900	-0.156000	-0.195200	0.611900
151	0.998800	0.533400	0.217100	1.533300	0.985600	-0.255600	-0.171900	1.501200	1.231500	0.878400	0.102600	0.000000	1.030600	0.577700	1.112700	0.778900	0.961600	0.808000	0.970500	1.108000
152	1.802300	1.590200	0.580800	1.358600	0.581400	5.445000	1.493100	2.165600	1.667000	1.524600	1.107700	1.173000	2.438200	1.559200	1.918600	1.497000	2.182700	1.935100	0.000000	1.991200
153	0.000000	3.544700	25.592620	17.619100	23.817046	14.699960	41.184700	15.751660	8.443100	11.583600	24.789430	29.113780	30.232400	31.251820	21.927790	20.630100	84.684600	64.730100	55.420900	76.889000
154	0.354600	-0.269900	0.499300	1.966600	1.822500	6.740000	-0.003200	1.153000	0.000000	0.556000	0.703000	1.937000	4.858600	3.134300	1.034300	0.936100	6.372300	6.199200	5.815400	4.459900
155	6.158700	4.388200	1.225200	0.687200	0.000000	6.700300	7.646900	3.442800	4.911200	3.540900	0.417500	5.495900	6.817300	5.422000	6.676500	3.791700	22.842947	16.550280	9.431400	10.499600
156	6.335900	4.752600	2.456800	3.248400	4.191500	5.654900	4.083300	4.685900	5.227800	4.285700	1.727000	3.403100	6.806800	5.090700	7.287800	5.082600	4.070400	0.000000	0.636000	4.514800
157	2.850300	0.940800	0.916600	0.341300	2.450200	5.728800	13.492000	-0.025800	1.490500	0.000000	2.053800	7.482500	3.661900	4.660000	3.762200	1.235800	26.861560	14.295660	7.640000	18.633700
158	4.783600	3.609400	0.221800	2.415100	3.605000	6.163200	2.461900	3.531400	4.734500	2.937800	1.042100	1.974900	4.444400	3.271400	4.763300	3.376200	0.327300	0.582200	0.000000	2.121700
159	1.076900	0.181000	-1.318800	0.669100	0.918800	2.315400	-0.358600	0.000000	0.026300	0.095700	-1.227200	0.081100	1.580800	1.054800	2.392200	1.130000	3.826400	2.159100	2.092100	4.435700
160	0.190400	-0.246900	-0.530800	-0.211000	-0.463300	-0.487200	-1.544200	0.000000	-0.134600	-0.365000	-0.847900	-1.040200	0.357500	-0.667300	0.641300	-1.208100	0.156000	0.274000	-0.590100	-0.726400
161	-0.022600	0.204400	-0.152300	0.110100	0.173800	-0.162800	-0.160800	0.613700	0.347600	0.066800	-0.308900	-0.073400	0.049000	-0.047300	0.000000	-0.203500	-0.464100	-0.536800	-0.728500	0.197100
162	0.000000	2.411600	1.686200	3.593000	4.310600	6.279800	1.378600	3.316000	2.377900	2.325200	1.708900	1.429700	2.389600	2.072900	2.280000	1.741400	1.757800	1.810700	1.812600	2.120000
163	1.348200	0.311600	-0.191200	0.740700	0.048900	2.984200	-0.309200	1.651000	0.903300	0.543500	-0.305800	-0.366300	0.229200	0.000000	0.613900	0.423300	0.437100	0.234300	-0.061900	0.532600
164	5.729800	4.521900	1.805900	2.143200	1.843200	3.841900	3.953200	3.931100	5.587900	3.957500	0.000000	4.021300	4.947700	4.009100	5.293200	3.965100	9.385400	6.590100	4.263100	2.597200
165	2.921100	1.977500	0.229700	0.840600	0.000000	5.345600	1.064500	2.137300	2.564500	1.787400	0.685700	0.873500	2.228300	1.273100	2.660000	1.591100	1.880600	1.150800	0.104300	2.311900
166	0.743400	0.287200	-1.187800	-0.626700	-1.104800	-2.248400	-0.780300	-1.040800	0.206200	-0.292700	-1.196700	-0.663000	1.065000	0.000000	1.853200	0.185600	0.056700	-0.113400	-0.135900	1.246700
167	3.052600	1.885300	0.534400	0.000000	1.021400	5.289700	2.230900	2.163400	2.399500	1.322900	2.123000	3.753400	5.227200	2.687500	4.501800	1.620900	24.808670	23.940170	18.102370	17.817720
168	2.971800	2.247400	3.630200	3.833100	4.554400	7.881900	2.175700	3.505800	1.748900	1.977600	2.200800	2.263300	2.287600	2.124100	0.000000	0.872700	2.783400	1.296800	1.892200	3.178900
169	-1.399000	-0.607700	-0.759600	-0.108400	-1.110900	1.214900	-0.901400	0.000000	-1.377700	-1.175400	-0.421800	-1.121100	-0.348600	-0.875900	-0.608500	-1.221300	-0.898300	-0.385700	-0.401400	-0.895200
170	-1.127000	0.000000	-0.234500	1.990500	2.239500	4.124400	-0.730100	1.771800	0.095700	-0.164900	-0.165100	-0.809500	-0.692700	-0.463000	-0.344000	-1.455200	0.034300	-0.805200	-0.785100	-0.818200
171	4.633600	3.938300	1.262000	2.189200	1.651000	7.881800	2.300900	3.412600	5.060700	3.886000	1.130500	2.420900	6.294500	3.522200	6.938000	3.667200	3.626100	-0.220800	0.000000	1.659600
172	0.746700	-0.153600	-0.210700	-0.043600	0.760500	1.591500	-0.187900	1.028100	0.880100	0.032100	-0.999000	-0.821300	1.452300	0.000000	3.059400	1.019100	13.383210	2.554600	15.236410	2.769700
173	2.697600	3.192200	1.036300	6.561500	6.344100	15.774060	1.036500	5.513100	4.003900	2.725800	0.726900	3.452700	4.321700	3.124600	3.717300	3.111700	4.402400	0.786600	0.000000	2.916500
174	4.876800	2.976500	10.012900	5.348600	9.297300	0.000000	18.946610	5.395000	3.994000	3.533400	8.920100	15.151250	15.923540	15.432900	8.847600	9.651200	59.382500	42.388200	33.569600	55.852100
175	-1.139400	-1.542100	0.460600	1.729300	2.503400	5.223000	-2.963500	1.394200	-1.857700	-1.175100	-0.909700	-1.518900	5.196500	1.676200	4.649300	0.000000	5.006700	-1.281500	1.849300	0.350400
176	0.000000	3.016200	15.687470	14.802800	19.997840	7.368200	19.425670	12.015500	7.776600	7.589800	14.321300	18.604770	20.391140	19.497490	18.787530	14.704200	37.742700	38.532200	31.076200	73.767800
177	4.578900	2.938200	0.029400	0.709500	0.000000	3.419000	11.156800	2.849900	3.508000	2.039500	-0.146800	5.444800	6.034900	3.711500	6.006400	3.987600	13.877350	9.907600	8.632700	35.546300
178	1.173500	0.000000	0.576400	0.004700	-0.190400	6.809700	2.295400	1.568100	0.671300	0.252700	-0.430400	-0.389200	2.030300	0.120100	2.517200	0.661000	13.032300	13.351100	11.465400	39.604900
179	3.800600	2.290600	2.113700	0.000000	-0.292500	2.074500	10.779200	1.521400	3.174900	1.851200	3.679800	7.702800	7.698000	5.067800	5.921900	3.229900	20.142820	15.232970	12.402700	18.279720
180	2.707800	1.227900	-0.729400	0.454900	2.157200	3.494400	0.000000	1.243100	2.053100	0.533100	-0.635500	-0.658300	1.546600	0.848100	-0.422400	0.048200	1.209400	3.659700	3.909400	2.408600
181	3.523200	2.414500	0.432800	0.989300	0.880700	1.718100	2.119800	1.332200	3.264200	1.838500	-0.446400	0.788100	2.389700	2.214700	3.489100	2.745800	0.122800	-0.182400	-1.007900	0.000000
182	1.960100	1.308800	0.088000	1.604200	1.331600	4.846200	0.694200	3.214700	2.249000	1.524200	0.000000	0.596300	1.255200	0.765300	2.267800	1.069700	0.724900	0.156400	-0.091100	1.571000
183	-0.006800	-0.251400	-0.201400	0.041900	-0.011000	-1.244600	-0.287600	-0.002100	-0.013100	0.089700	-0.326100	-0.221900	-0.284700	-0.144100	-0.055100	0.000000	-0.045500	-0.090700	-0.122200	0.267700
184	1.310600	1.175600	0.348000	1.118000	0.551800	1.068200	0.595800	1.763400	1.280000	1.037800	-0.089700	0.420500	0.643600	0.677600	0.000000	0.314900	1.103800	1.164600	1.042900	1.453300
185	0.000000	3.083900	2.474800	4.416100	3.975500	7.961200	2.837600	4.670900	3.652300	2.809800	2.041000	2.776400	3.500800	3.106200	3.687500	3.000600	2.433600	2.286100	1.713800	3.440200
186	3.191500	2.089400	1.040900	1.939200	1.643200	2.558400	0.000000	1.185900	1.685600	2.192600	0.640900	1.178300	2.467600	1.600800	3.298300	1.416000	1.144000	0.408100	0.434000	1.319600
187	4.246900	2.476300	2.222600	2.975100	6.927100	0.000000	5.878500	4.870600	4.000200	2.640100	1.695100	3.853100	6.252300	4.997900	7.027500	4.728500	13.272400	5.397100	4.330800	6.715600
188	2.195700	1.635100	0.946500	0.975400	1.019600	3.428200	1.429200	1.894800	2.333100	1.070000	0.268200	0.668600	1.422500	1.996300	2.249000	1.773700	0.286300	0.000000	-0.524500	1.079600
189	2.006300	0.795700	-0.395900	-0.020100	-0.288100	6.576700	0.078100	0.201600	0.662100	0.477900	-0.394700	-0.010300	-1.213400	0.000000	1.279000	-0.151900	0.777700	0.979700	1.480200	1.452400
190	6.409500	4.190200	0.000000	2.814900	3.893800	9.554900	5.709100	4.830600	5.587500	3.542700	0.263100	4.929200	5.709900	4.325600	6.180900	4.614900	10.547600	7.577300	5.515600	12.369700
191	5.482800	3.704300	0.729400	0.574200	0.000000	5.515100	14.436200	3.178900	5.044300	3.127100	2.154000	8.023700	4.494800	5.693400	4.756500	3.787200	21.059860	16.805940	10.769100	7.885500
192	5.547700	3.358800	2.185600	0.000000	-0.702300	6.342300	12.317800	2.506900	4.248100	2.652800	3.111400	4.619100	6.299900	4.877300	5.340900	2.443100	20.370230	14.648520	11.494600	14.577690
193	1.735900	0.000000	6.323500	3.758000	6.278600	4.342600	24.507020	5.023900	3.471000	2.570500	8.568200	13.471360	13.508400	12.572300	10.436300	6.929400	50.472800	32.064860	26.053710	46.651600
194	3.925300	2.271400	0.846700	1.376000	1.117300	6.250300	4.122700	3.301700	2.712400	0.783000	1.615400	4.713800	0.000000	3.547700	2.372000	3.225700	22.187980	27.776700	22.141840	10.003900
195	2.230100	1.498100	2.016200	2.232400	2.766700	6.477600	0.280700	0.000000	2.513500	2.890100	1.482700	0.297600	4.570900	3.886900	4.558700	3.111200	10.463800	8.894300	5.003400	4.898300
196	4.715900	3.612000	3.231000	3.075900	3.482600	0.000000	3.517700	4.298000	4.623800	4.327000	2.883800	3.576100	3.817900	3.822200	4.388300	4.084900	3.453500	3.299900	2.925900	3.847600
197	0.100300	-0.427200	-1.028800	0.211200	0.763000	0.942200	-1.409900	0.000000	-0.475500	0.008100	-0.740500	-1.196900	0.065500	-1.101300	0.246200	-0.758200	0.333300	-0.293200	-0.604200	2.104100
198	1.143500	2.213300	1.727900	5.264500	4.704500	7.945600	2.223600	4.026500	2.159400	2.043700	1.444900	0.000000	2.968300	1.589300	3.322800	1.764700	2.290700	1.243200	1.053000	2.166900
199	2.394400	1.419600	-0.459300	0.067600	0.018900	7.051100	0.445600	0.703400	1.440000	1.195200	-0.362900	0.000000	2.573400	0.904100	3.717400	1.790500	-0.340800	-0.214600	-0.451600	0.226500
200	5.368200	3.722300	0.000000	1.592800	1.062700	5.666300	10.394600	2.695400	4.884300	2.984300	0.949800	6.557600	5.417200	2.815200	5.466200	4.093100	21.254450	9.935700	10.408100	6.706500
201	4.632600	3.567900	1.137300	1.636000	0.844200	4.661600	2.532300	3.506600	4.569200	3.345500	1.445100	2.139700	4.743100	3.018600	5.710700	3.100900	0.000000	-0.768800	0.023900	2.656000
202	-0.069100	-1.489500	4.705200	-0.469100	-1.664000	6.011400	0.248100	-1.142700	0.000000	-1.171500	-1.438900	0.976900	1.200600	-0.114300	2.347800	0.975300	8.575400	6.852000	7.875500	25.262080
203	6.527900	5.307600	3.638500	4.370400	5.588100	8.364900	4.945600	5.681100	5.986500	5.165200	1.977100	4.761700	7.246800	5.466600	7.922800	6.365700	6.160100	0.000000	1.106700	4.398900
204	1.079800	0.613600	-0.491100	0.257700	-0.263500	2.081400	0.289300	0.484200	0.848200	0.460200	-0.292100	0.260600	0.097500	-0.148300	0.000000	0.634800	0.055200	-0.142000	-0.292900	0.418500
205	5.030900	3.664900	0.219300	1.162400	0.000000	3.653900	2.565600	3.527600	4.897600	2.811200	0.214200	3.234500	6.236800	3.683600	5.753400	3.979900	11.763000	10.330600	9.296000	6.913200
206	1.011500	0.282700	-0.021000	0.789200	0.510500	2.004400	0.276200	1.355200	0.489100	0.230500	0.131900	0.000000	0.419100	0.258100	0.657900	0.685100	0.442900	0.095800	-0.194100	0.709100
207	0.000000	2.579900	2.227200	4.256300	3.867400	5.203700	2.363400	3.743800	2.308400	2.373500	2.004500	2.195100	2.564900	2.431200	2.794300	2.580900	3.868900	3.307100	3.839400	6.977700
208	1.159800	0.722200	0.841500	-0.118000	1.110800	0.000000	-0.167400	1.283000	0.674300	0.741900	0.198200	0.357400	0.542400	0.273200	0.780000	0.702700	0.647300	0.807200	0.885200	0.935300
209	-0.849400	0.000000	1.158100	3.602200	4.932700	3.655900	3.876200	2.993600	0.482100	0.536500	2.099600	1.183400	2.680600	5.398100	3.016300	2.167400	7.005500	5.614500	6.538800	28.827790
210	1.716800	0.564800	-0.098700	0.170600	-0.466300	7.556400	-0.229600	0.355600	0.820900	0.453200	0.131900	0.000000	0.642700	0.247100	0.543200	0.165200	0.248400	0.058500	0.133100	0.269300
211	4.812700	3.020300	0.925500	1.009100	0.000000	2.514400	3.639400	2.684200	4.246700	2.309600	1.073300	2.333500	4.653200	2.953000	5.581900	2.864200	16.336750	17.979790	7.310900	42.973100
212	0.606800	0.397600	-0.184600	-0.077800	-0.169100	1.308900	-0.283500	0.147900	0.350200	0.239500	-0.503100	-0.338500	0.000000	0.105700	0.550500	0.296500	0.380700	-0.147600	-0.384600	0.532200
213	0.535100	1.455100	2.654300	2.352400	3.113600	4.912200	0.670100	3.074700	1.234300	1.268700	1.409700	2.289700	1.406800	0.421800	1.385100	0.000000	2.546300	1.265700	1.197900	0.942200
214	1.944700	1.233100	-0.358400	1.616600	0.704800	0.160700	-0.538800	0.900300	1.866900	0.848400	-0.935400	0.000000	1.980200	0.709800	1.717400	0.596800	1.965800	1.479100	1.510200	1.859900
215	0.468700	0.365000	0.025500	0.345600	0.218700	4.994200	0.226100	0.286800	0.420100	0.194000	-0.007300	0.000000	0.433800	0.315800	0.806900	0.863900	0.383500	0.152200	0.054300	0.762300
216	1.802000	1.268100	0.153100	0.000000	-0.475600	0.726000	0.471100	0.868000	1.831800	0.883000	0.542400	0.292900	0.571100	0.954600	0.936200	1.437600	2.206000	1.759800	2.165800	1.311700
217	4.333700	3.598000	1.888000	3.631400	3.529200	12.930300	3.621400	4.853000	4.405300	3.828500	0.977500	3.675800	3.207000	3.132800	3.916900	4.298300	0.000000	1.894900	1.559100	3.607300
218	0.000000	-0.268700	13.898400	4.899000	8.471500	11.392600	19.321310	6.224200	1.204200	4.217000	9.864900	13.758420	7.048600	16.180330	12.656400	7.960600	65.656900	35.265600	43.923000	27.876720
219	0.974000	0.368600	-0.987500	-0.547900	-1.222100	2.756300	-0.442900	-0.555100	-0.099100	-0.175700	-0.730300	-0.605400	-0.057200	-0.112100	0.407900	0.248300	-1.009600	-0.864100	-0.980600	0.000000
220	4.759200	3.253900	0.162500	0.945300	0.000000	2.418800	8.962600	3.188000	4.690200	2.812300	0.546100	5.741100	5.520800	4.375300	5.419900	4.174100	19.187440	13.888800	8.371000	9.826900
221	3.357100	2.440000	1.156100	2.929700	1.937100	0.000000	2.363800	3.116400	3.014300	2.877300	1.235800	2.300000	2.122900	2.432500	2.047800	3.047000	2.390100	1.813700	1.744200	2.943900
222	0.000000	2.848000	2.727600	4.747800	5.464300	5.598100	2.753300	4.930600	3.600200	3.250600	2.507000	3.528900	3.199500	3.015900	2.219500	3.078000	3.669000	2.752000	2.925800	3.278800
223	-0.039900	0.217100	-0.124900	-0.008100	-0.131900	1.537500	-0.042400	0.000000	-0.017600	-0.064700	0.221200	-0.102000	-0.153500	-0.035600	-0.372500	-0.264300	0.154000	-0.196300	-0.068100	-0.082400
224	0.417900	0.114800	0.145500	0.560400	0.454000	0.337900	-0.011700	0.845000	0.421100	0.312300	0.170300	0.200100	0.566800	0.159600	0.713700	0.165400	0.407500	0.201100	0.155800	0.000000
225	0.643100	0.315100	0.057000	0.309900	0.115300	-0.090900	0.136500	0.213700	0.367200	0.334900	-0.378400	0.043000	0.000000	0.260200	0.194500	0.362100	-0.687200	-0.376800	-0.504300	0.218800
226	0.000000	5.875100	14.642340	16.408420	21.803940	10.193900	17.448470	15.613200	10.796600	9.993000	12.433700	13.863470	15.502260	14.787850	15.687800	13.585360	16.251380	15.097870	15.220990	18.614540
227	0.000000	6.134000	17.811300	14.550770	17.226110	17.698400	19.172770	14.952890	9.538600	9.081500	18.587860	24.141470	19.480690	23.760674	17.904560	17.506760	60.730000	43.643200	38.369700	28.911160
228	1.927300	0.000000	6.102400	3.018700	7.053900	-3.051300	17.646080	3.422200	1.569200	0.291400	6.975200	12.300000	7.706300	9.580800	7.118700	4.698100	48.607900	32.263670	24.097109	23.303684
229	-3.042900	-2.548200	-2.612700	-0.315800	-0.212800	4.165000	-2.440900	0.771700	-1.851300	-2.615100	-2.866200	-2.173500	-0.564900	-1.364800	0.000000	-1.710900	-1.641700	-5.040400	-5.860000	-0.587500
230	0.000000	5.111800	16.867820	20.388590	19.775850	17.157630	18.328550	18.345430	9.670200	11.229200	18.122720	17.573700	23.504457	18.336140	17.813290	14.878890	24.129383	17.853220	16.064750	16.798570
231	3.886000	2.537200	1.900300	3.227000	3.004100	4.369700	8.420100	1.854800	2.639400	2.486700	0.000000	2.440800	6.107100	3.885300	6.871300	4.681400	26.012450	19.914310	15.109160	30.969370
232	0.316100	-0.345700	-1.509400	-1.191700	-1.942000	3.547900	-1.320400	-0.744100	-0.430700	-0.683000	-1.326600	0.670000	-0.667700	-0.229600	0.000000	0.195400	3.335400	2.745000	1.862300	1.580200
233	4.166600	2.937700	0.605700	2.192800	2.109700	2.853200	3.800400	3.206800	3.483100	2.811400	0.595200	2.192300	3.994600	2.670200	4.880300	3.038800	3.352500	1.810700	0.000000	2.716900
234	4.586700	4.321500	12.334500	6.339400	12.822700	5.531000	17.502500	6.630200	4.449600	4.853700	6.753200	14.165730	11.559800	8.003700	0.000000	3.958100	31.956130	27.117010	22.233400	22.609640
235	2.647900	1.526800	1.353000	2.122400	1.394700	6.342300	1.664800	2.845700	2.418600	2.114800	1.306400	1.285400	0.000000	1.157300	2.536900	1.859400	2.243200	2.018500	1.997800	1.848600
236	0.529600	0.047700	-0.798100	0.938300	0.381600	2.412400	-0.679300	1.247400	0.320800	0.440600	-0.286300	-0.468900	-0.335800	-0.529300	0.000000	-0.092300	0.062400	-0.526100	-0.605600	0.189100
237	-1.427200	0.376100	-1.055100	2.558700	2.747200	5.691900	-0.310800	2.873700	0.701200	0.169900	-0.675500	-0.351100	0.180600	-0.276800	0.624300	0.000000	0.619700	1.922100	0.874200	1.115900
238	1.991500	0.724600	-0.906500	1.782500	1.257600	5.221000	0.439600	2.806000	1.505300	0.943600	-0.400400	0.349700	1.837300	0.922500	2.335400	0.000000	0.123700	-1.690700	-0.730400	0.218200
239	5.928400	4.287200	0.000000	2.779600	3.127800	5.382500	12.180500	3.482000	5.491400	3.299400	0.746600	7.780100	4.988400	3.701100	5.258800	2.946600	24.314334	12.774900	8.917900	19.528710
240	6.150000	4.507100	0.000000	2.922900	1.469400	4.296800	9.332400	2.926200	4.902500	3.509500	1.812000	3.484900	6.152200	4.281600	7.046700	4.610100	31.845800	23.292040	13.975300	10.691600
241	5.038300	2.830800	3.919700	0.000000	1.306500	8.256700	10.786600	2.778900	4.476200	2.752800	2.938700	6.593900	6.818200	4.546600	6.132400	3.627600	28.120440	15.185010	8.906800	13.155400
242	1.717700	0.000000	0.732100	3.535400	4.381100	2.153400	6.854900	2.458600	2.247700	-0.047300	-0.552400	4.926900	4.588900	3.458000	4.506100	1.694800	31.982200	17.285040	9.464200	50.664100
243	3.094100	2.445100	2.715500	3.319000	4.433900	4.986800	8.504400	2.229800	2.452900	2.668800	3.089400	9.637900	7.652900	9.455700	6.506900	0.000000	19.503500	8.943700	7.654800	27.407040
244	0.700200	1.128600	-0.032300	2.498300	2.642300	4.123100	0.823700	0.817500	1.228500	1.462500	0.478000	0.621200	2.314500	1.437800	2.822800	0.913600	0.000000	0.433400	0.086100	1.910400
245	0.000000	4.824900	5.624800	10.018700	9.986600	14.979530	8.433600	10.572500	7.343300	6.306100	6.100600	8.487400	9.153600	6.931500	11.390300	10.837100	13.512090	12.701800	12.230300	25.904350
246	1.418900	0.966100	-0.780300	3.049500	2.492100	7.846300	2.787300	2.361700	0.000000	0.895300	0.258700	1.859500	0.984800	0.982900	1.087700	1.884900	10.035100	1.853900	1.373200	3.075200
247	-2.781200	0.101400	-0.351800	2.599100	2.454700	4.796100	0.215700	1.527200	0.000000	0.051900	-0.128100	-0.247400	0.528800	0.260400	2.357200	0.717100	5.156200	4.598800	5.805600	4.504100
248	2.833700	1.634000	0.977100	2.166300	2.278700	8.301700	1.847200	2.647100	2.282600	1.377800	-0.486700	1.505500	1.761600	2.553800	2.724500	2.049100	2.772300	1.598000	-0.056100	0.000000
249	6.102100	4.365200	0.475700	1.292800	0.000000	8.427200	5.918600	3.153200	5.001300	3.401400	0.574400	4.549100	4.935500	4.017100	5.787100	3.904100	15.714440	8.236700	6.045500	6.467200
250	3.961400	2.366000	0.884100	2.143300	1.505000	1.570700	9.818200	2.691200	3.746500	2.333700	1.670000	7.755800	0.000000	3.056500	3.352000	3.264800	13.556330	7.623300	4.848700	6.049500
251	4.765600	2.917900	0.171500	0.000000	0.189300	6.606300	2.801700	2.670500	4.571200	2.590100	0.783600	3.066700	5.583100	5.624500	5.114600	2.955700	11.527800	13.280200	6.419000	13.428300
252	5.643300	4.523500	1.272900	3.449900	2.796300	5.484400	7.350600	5.159500	4.831600	3.940500	1.020800	2.855400	6.432500	4.115900	6.792700	5.099500	2.874500	2.712800	0.000000	2.908900
253	0.000000	-0.226400	-1.218000	1.073400	2.392200	-3.174300	-0.540000	1.491300	-0.721200	0.037300	-1.043900	-0.594900	0.112500	0.023700	0.106500	-0.692500	3.057000	0.828100	1.984600	1.246300
254	1.933700	1.472800	1.106000	1.668400	1.538700	0.000000	0.833200	1.788600	1.948200	1.689600	1.230600	1.275500	0.648900	1.263700	1.592800	0.901300	2.164300	1.441900	2.611600	2.368300
255	0.496000	0.617600	0.131500	0.453800	0.299500	0.636400	0.222000	0.485200	0.505000	0.628100	0.156800	0.127700	0.112400	0.344000	0.000000	0.237600	-0.171400	-0.174100	-0.156400	0.196400
256	0.000000	10.944300	19.626090	21.340050	21.851700	21.265880	37.372300	20.204830	13.924360	14.611400	17.240770	35.748400	32.584320	43.590900	23.301828	23.783774	44.688100	44.819200	40.855200	39.710700
257	0.000000	2.584200	2.813300	3.829800	3.653600	7.422200	2.504400	3.852900	2.766100	2.727000	2.543700	2.613500	2.648500	2.503000	2.244700	2.659400	2.678500	2.622900	2.196000	2.817300
258	0.949500	0.587500	-0.506000	0.637700	0.121900	0.200900	0.205200	0.662500	0.494500	0.448000	-0.506000	-0.231700	-0.087700	0.000000	0.670500	0.474800	-0.654100	-0.895800	-0.644300	0.287600
259	4.453900	2.582900	6.600800	3.065300	3.551600	0.000000	7.750300	3.666100	3.414900	3.093700	2.179000	6.609500	4.664300	6.379200	6.425000	5.087300	11.421800	11.013700	10.614900	36.271300
260	1.372800	1.334700	0.712900	1.116200	0.372200	1.698000	0.178100	1.751800	1.244600	1.330300	0.140100	0.000000	1.153200	0.929600	0.374900	0.863900	0.875000	1.020000	0.714100	1.388200
261	2.110600	1.465000	-0.635500	1.862400	1.951900	6.731800	1.053700	1.071400	1.014200	1.121600	0.000000	0.997200	1.525600	1.299000	3.080700	2.262600	2.371000	1.403500	3.548900	2.497600
262	4.262900	3.099800	0.224800	1.785700	2.902800	5.841300	0.000000	3.922300	2.391000	2.154200	0.558900	1.018800	4.184700	1.597100	6.810500	2.767000	6.238000	5.139100	4.989300	4.107300
263	6.902400	4.555900	1.445300	0.850000	0.000000	6.334100	13.612900	3.664600	5.851200	3.641900	2.731800	8.285900	6.175400	5.047000	5.483300	3.447900	14.572900	19.303410	12.388400	19.288870
264	2.266200	1.015100	-0.024400	1.074200	1.400100	3.297600	0.000000	2.083700	1.306500	1.492100	0.352500	-0.087500	1.437300	0.281400	2.236700	1.740100	0.371100	0.402500	0.170600	1.327900
265	1.765200	0.247800	0.394300	1.062100	4.508000	4.190700	12.804200	1.343200	2.124500	0.000000	1.236400	7.676300	3.609900	2.136900	3.081400	1.825600	18.478080	10.786300	6.896100	9.215600
266	2.704000	2.482200	3.689300	3.523900	1.816000	0.000000	3.193700	4.179500	2.907800	3.489500	1.415900	2.065200	2.870600	3.775100	2.756200	2.677000	3.518300	1.795300	2.159200	2.935200
267	5.580600	4.966700	5.392500	5.171700	6.500500	8.481200	10.411800	3.600000	3.897600	4.605900	2.271300	6.284100	8.753900	6.184000	9.525000	5.978300	10.862000	1.288200	0.000000	4.464600
268	0.189300	-0.308500	-0.660300	0.551600	0.010800	-1.020900	-0.665100	0.467200	-0.873600	-0.291200	-0.560600	-0.877700	0.000000	-0.811900	1.009400	-0.301400	0.654700	0.574600	0.253000	-0.078200
269	2.200500	0.663200	-0.720700	5.748300	5.723900	3.702300	-0.627900	3.561000	2.529100	0.982400	-0.300300	0.000000	2.655400	1.431800	3.928700	1.710500	1.057400	-0.863600	-1.475700	-0.059600
270	4.450800	3.042500	4.080300	2.851700	3.960300	0.000000	15.913530	4.118900	4.160400	2.874400	3.081500	10.126400	4.733300	11.450400	6.385800	7.091200	29.225840	20.582750	12.724000	10.523600
271	-0.403600	-1.203300	2.156300	0.152100	1.918900	7.588600	-1.372000	-0.830600	0.000000	0.122900	1.354500	0.511100	6.985600	3.879800	6.379900	2.768600	12.481000	3.534900	2.174800	5.627700
272	2.198800	1.256200	3.860800	2.667300	3.966900	8.155300	1.298800	2.964700	2.180000	1.782700	2.143100	2.425400	5.268000	2.426500	5.183300	0.000000	14.394130	3.733000	2.832200	0.725900
273	4.282600	3.066700	0.000000	1.460400	0.585500	3.139300	5.730900	3.427400	3.410900	2.647700	-0.370400	1.801500	5.355100	3.290300	6.158200	3.825500	11.474500	12.890200	8.301000	5.366000
274	1.236300	0.714700	0.092400	0.969700	0.609300	6.392100	-1.170600	1.234800	1.067000	0.720500	-0.493100	-0.613700	2.425300	0.589700	3.665700	1.140200	1.841500	-0.190600	-0.886600	0.000000
275	4.309100	3.479500	2.131900	2.660900	2.196100	1.266700	3.872000	3.024600	4.349100	3.487800	1.335100	3.733800	6.529900	4.544500	6.376800	3.115600	3.997400	2.278300	0.000000	2.067900
276	3.000700	1.296400	-0.823400	0.694100	1.015400	1.480500	-0.052300	1.954100	2.410800	1.149000	-0.686100	0.000000	1.195500	0.576000	2.327900	0.654400	0.731500	0.331400	0.070800	0.197200
277	3.092700	2.325500	1.812600	2.861800	2.498400	0.000000	1.386200	1.802200	1.761500	2.814300	2.013300	1.945200	3.348700	2.324800	3.305900	3.157700	3.015200	2.454400	1.620900	3.514800
278	-0.871900	0.708100	0.235000	1.601100	2.931600	4.264800	0.077700	1.359600	0.498200	0.516500	0.231700	-0.044800	0.480900	0.000000	0.431400	0.083300	0.359400	0.097500	-0.060900	0.567200
279	2.576300	1.989100	2.124400	2.251300	2.873600	7.278100	2.360600	0.000000	0.542400	1.836200	2.265400	2.076700	2.047500	1.909800	1.486300	1.703000	2.206700	2.233100	2.433400	2.567900
280	0.196700	0.044700	-0.246800	0.390500	0.272500	-0.660900	0.012300	-0.001100	-0.247100	0.597300	0.165100	0.000000	-0.164300	-0.240800	1.083300	0.603500	1.039400	0.608900	0.139500	1.257500
281	2.158600	0.563100	-1.127200	-0.812500	-0.932600	1.511300	0.949400	0.000000	1.247500	0.450200	-0.378900	-0.010400	0.752600	0.310600	0.798800	0.552200	-0.472400	-1.315500	-0.722400	0.938800
282	6.901900	4.643100	-0.262600	1.037300	0.000000	8.337700	8.426800	2.861700	4.718000	2.524400	0.453700	4.703800	5.581600	2.991000	6.126000	3.264700	23.245344	18.402710	14.818560	24.674887
283	6.849100	5.284100	1.528500	3.789000	2.980400	6.292000	5.793800	4.710300	5.966200	4.374600	1.186800	5.185500	5.613100	3.897900	6.154700	4.235400	7.114300	0.930000	0.000000	3.316500
284	4.964700	3.604700	0.237200	0.000000	1.220600	6.474800	6.056200	2.723700	4.645600	2.706600	0.660300	6.068600	6.197700	3.298100	5.966800	3.945000	13.256900	10.694700	6.134600	5.123400
285	2.700900	0.913700	4.132200	-0.246100	3.434100	2.281900	17.215790	0.000000	1.677400	0.822400	4.422200	10.251600	8.200200	7.242800	5.393900	3.849300	31.511820	29.482410	21.803280	32.935140
286	2.762300	1.516600	7.892300	3.759400	3.660100	3.396300	13.610630	1.761400	1.531800	0.017000	1.682600	11.699200	0.000000	5.225000	1.620600	3.242400	24.910930	22.552027	18.736470	7.179100
287	2.216200	1.683700	0.350500	2.294300	1.788400	2.939700	0.190900	2.823000	1.860700	1.685900	0.862000	-0.595900	2.447600	0.910200	3.006400	1.412100	0.924500	3.460800	3.475100	0.000000
288	0.588900	0.020600	-0.480800	-0.055100	-0.124400	4.743100	-2.027000	-0.490300	-0.178300	0.069700	-0.077300	-1.032100	0.000000	-0.805900	0.879700	0.076300	0.516600	-0.023400	-0.131400	-0.503600
289	1.345400	0.905300	0.093200	1.189900	0.889100	3.651300	-0.818900	0.854800	1.100400	1.105300	0.161300	0.504400	1.537800	0.860000	1.820700	0.000000	1.548600	0.265100	0.507300	-0.253500
290	0.739500	1.088900	0.647000	3.058100	3.017300	4.458200	0.115100	2.635700	1.339000	0.483000	1.023600	-0.324200	0.979800	0.120600	0.987100	0.000000	2.354100	0.751200	0.403200	0.559000
291	1.161300	0.000000	1.944000	0.782900	0.641500	7.552800	0.435400	2.050900	0.826400	0.096700	0.085900	-0.646800	3.569900	1.367300	4.342500	2.519900	6.374600	7.260100	6.897900	5.449200
292	5.128200	2.882900	1.017800	0.000000	-0.086700	5.694000	15.714240	2.657300	4.586000	2.889600	1.381300	9.264500	5.673200	4.582500	5.823600	4.138800	26.385700	17.228710	10.684300	8.496300
293	4.574200	4.402500	3.472300	2.044500	4.578600	6.548200	4.013100	4.288200	4.758100	3.755200	2.253700	3.194300	5.579400	3.391800	5.968300	4.302200	0.000000	0.946900	0.606000	1.925700
294	2.227400	0.926700	-0.410100	0.799400	3.669700	5.754300	0.473100	2.361800	1.934000	0.870300	-0.778500	0.000000	1.438800	0.927500	3.343800	2.297100	3.094600	32.674890	31.247500	36.755500
295	6.510100	5.281400	4.829100	5.991400	7.827200	7.088100	6.119900	3.989300	5.143700	4.653100	1.433400	5.906000	6.448000	5.310900	6.935800	4.630900	3.841900	1.006500	0.000000	2.854500
296	1.717200	1.380700	-0.006600	1.027800	0.444500	0.713200	1.033400	1.050800	1.129100	0.703800	0.617000	0.275400	0.000000	0.512000	0.692800	0.745400	0.418800	0.219800	0.094700	0.967500
297	4.080900	3.324000	2.652600	5.156200	4.485800	7.361700	5.013600	6.092900	2.933400	3.627900	1.146500	4.318500	4.054900	4.573200	4.553000	3.605400	0.000000	0.291900	0.813600	2.955700
298	0.933000	0.247200	-0.545500	0.697900	0.058600	-0.262300	0.019700	1.390800	0.833300	0.553400	-0.580600	-0.365100	0.164600	0.000000	0.522000	0.803600	-0.141300	-0.397800	-0.692500	0.478600
299	0.643500	0.611300	0.146800	1.799400	1.216500	2.427600	0.000000	2.155900	0.591100	0.384400	-0.376700	0.137600	2.565600	1.027700	2.158000	0.809000	1.092100	1.050300	0.965800	0.898900
300	0.245100	-0.186500	0.121300	0.986000	0.965500	-0.133900	-0.187900	1.576000	0.035700	0.207100	0.056900	0.153800	1.121600	0.582000	2.091200	0.000000	2.171400	1.377100	1.196800	0.356200
301	0.000000	4.698000	8.914700	11.918400	16.757110	5.314100	11.209600	9.696100	5.528600	5.987700	7.731800	9.708200	9.202600	9.638800	9.612800	8.224300	12.933600	10.560100	8.739600	35.073010
302	2.149300	1.165300	0.435700	1.865900	1.528900	8.012300	0.264700	2.501100	2.110100	1.623000	0.424300	0.000000	2.001500	1.180900	2.924600	2.145500	2.096500	1.519300	0.771800	2.372500
303	1.414300	0.415400	0.459700	1.034200	0.728300	-1.051700	0.098100	0.588300	0.465900	1.238300	0.339900	0.000000	-0.064000	0.377300	1.141100	0.604800	0.540600	0.537900	0.482700	0.587300
304	0.056900	-0.310100	-0.341500	0.617000	0.381200	-1.061700	-0.932300	1.192900	0.210300	0.182300	-0.647300	0.160700	0.144200	0.000000	0.266600	-0.212900	3.162300	0.517000	-0.549800	0.906800
305	2.879200	1.422600	-0.480000	1.686600	0.863800	0.157200	2.054800	2.969500	2.749700	1.560000	-0.034800	0.528200	4.378800	3.199300	3.490200	2.513700	2.080400	0.000000	-0.733900	2.409900
306	0.655700	-0.712000	-1.466800	0.258000	3.407600	-1.322500	0.723400	0.083700	0.409000	0.000000	-1.648000	-1.058100	1.179300	-0.668800	2.572200	0.346300	-1.805500	-1.888100	-2.694700	0.610500
307	0.173200	-0.104500	-1.335400	0.530300	0.289800	0.433200	-1.141000	-0.069400	0.539200	-0.115100	-1.394400	0.181300	0.000000	-0.305400	-0.557600	-0.072500	-0.559100	-0.440900	-1.173400	-0.613500
308	1.178500	0.660100	-0.426900	0.933600	0.200600	1.452600	-0.141500	0.000000	0.314600	0.021300	-0.523900	-0.100500	0.406200	-0.067600	0.076600	0.436200	0.023800	-0.101900	0.504500	1.351300
309	0.679500	0.420900	0.000000	0.029700	-0.228800	2.016900	0.156700	0.038700	0.431800	0.125300	0.023800	-0.132900	0.046900	0.025000	-0.570100	-0.036100	0.258000	0.002100	-0.312500	0.624200
310	1.451300	0.415500	-0.049600	1.065900	-0.035500	-2.042400	0.486100	1.552500	1.167800	0.851500	0.075800	0.000000	1.161500	0.565900	1.647900	1.019000	0.563600	0.575000	0.483300	0.343700
311	0.722200	0.654000	0.172600	0.129000	-0.006300	0.588100	-0.131500	0.703700	0.957200	0.305800	-0.103600	0.030300	0.065100	-0.012800	0.378000	0.358700	-0.301000	0.074400	0.000000	0.487400
312	0.000000	0.128600	0.236000	1.490900	1.213200	3.530900	0.640100	1.925000	0.203000	0.663300	0.377000	0.886600	0.858300	1.291100	0.249100	0.461100	1.601900	0.384500	0.404500	0.889500
313	0.443800	0.470300	-0.127100	0.130900	0.000000	1.706100	0.014600	0.096600	0.749500	1.924200	1.470800	-0.245800	-0.125200	-0.505000	0.109200	-0.037700	-0.061100	-0.281200	-0.315500	0.007000
314	0.609600	0.579800	0.580900	0.752500	0.741900	1.034400	0.508800	0.642000	0.745000	0.574000	0.476800	0.430800	0.552800	0.566600	0.617200	0.606400	0.034300	0.013000	0.000000	0.519000