SITE	GLY	ALA	LEU	VAL	ILE	PRO	ARG	THR	SER	CYS	MET	LYS	GLU	GLN	ASP	ASN	TRP	TYR	PHE	HIS
5	1.000600	0.336700	0.000000	0.675700	-0.036900	1.072000	-0.245300	1.024400	0.958300	0.375400	-0.415400	-0.576900	0.805500	0.346200	1.018000	0.840000	0.296200	0.123600	0.306900	0.753500
6	-0.521600	0.045800	-0.293800	0.734400	0.709800	1.070900	-1.106200	0.000000	-0.927100	-0.013700	-0.164200	-0.952700	0.743500	-0.934700	0.576300	-0.596200	0.287800	-0.433900	-0.419400	-0.041100
7	7.717000	6.655300	5.402000	6.102200	5.756600	4.880400	6.838000	6.257500	7.561600	6.963600	3.318800	6.569100	7.702300	6.442400	7.583600	7.585900	0.000000	3.530200	4.018200	5.219400
8	-0.392600	-0.619200	-0.739800	-0.096000	-0.590800	-2.305000	-0.850300	-0.277100	-0.501400	-0.286500	-0.560000	-0.915900	-0.429500	-0.951100	-0.190200	-0.113700	-0.858300	-0.638800	-0.662500	0.000000
9	1.432900	0.400000	0.110300	0.926900	0.379300	1.888700	0.385500	0.361500	-0.019100	0.736600	0.187900	0.241400	0.238600	0.573400	0.000000	0.486800	0.546900	0.398500	0.331500	0.222000
10	3.246200	2.046500	0.645800	0.000000	-0.836700	3.895200	2.388400	2.077100	2.509900	0.544600	1.859800	2.913600	2.463000	2.216800	3.743000	3.206600	2.929900	4.954100	3.916100	7.347900
11	4.986300	4.274200	0.000000	3.436700	2.243300	8.072200	4.752200	2.111900	3.619400	3.528100	0.336200	3.869300	4.341000	2.931700	5.355100	2.784500	15.137200	9.055900	3.625400	3.642200
12	0.702000	0.000000	0.135100	0.766800	0.524700	3.878000	0.262800	1.006700	0.840400	0.519500	0.324100	0.193000	-0.036300	0.162200	1.351500	1.188400	0.819400	0.120300	0.038800	1.119100
13	0.177900	-0.088700	-0.050800	0.160200	0.020300	-0.744100	-0.434900	0.107300	0.177300	0.160000	-0.134800	-0.364200	0.000000	-0.325400	0.194300	0.239600	0.183200	0.214500	0.170500	0.401700
14	3.183300	1.675500	-0.129900	0.530400	-0.215600	-0.479000	3.871700	1.434500	2.069400	1.372300	0.783300	2.971400	0.000000	1.525800	0.481400	1.468200	4.321300	6.797300	5.766800	13.416600
15	1.781500	1.183500	-1.327600	1.622000	0.700300	3.700500	0.525600	0.963700	1.104700	0.680300	-1.308300	0.000000	0.516300	0.555400	1.386700	0.350400	-0.389600	2.871100	-0.353700	0.841400
16	0.338000	0.205700	-0.096400	1.213300	1.041000	5.235700	-0.287200	0.098400	-0.411200	0.207900	0.142300	0.086700	0.460100	0.000000	0.246900	-0.411100	0.618800	0.105500	-0.015600	-0.062400
17	1.051100	0.368400	-0.235100	0.650400	0.216100	5.629800	0.342300	-0.092300	-0.009300	0.715200	-0.283900	-0.054300	-0.598300	0.000000	-2.828400	-0.369000	0.674500	-0.094800	-0.365800	0.559600
18	2.538200	1.895700	1.451200	2.078600	1.715200	0.000000	1.730400	2.212400	2.419000	2.231800	1.454000	1.337100	1.065200	1.576100	0.891800	1.890800	1.692100	0.994800	0.811200	2.065400
19	3.630400	3.016000	2.135700	2.745800	2.074700	0.808600	3.202000	3.341700	3.413200	3.285900	2.342500	2.748600	1.804900	2.631900	2.852900	3.402600	2.818000	0.000000	1.350900	3.374900
20	4.892500	3.291500	0.316500	3.475400	2.263300	11.845500	4.251000	3.851000	3.806100	3.789900	0.415800	3.548300	3.976600	3.069600	4.754000	3.694700	0.314800	1.004500	0.000000	2.041400
21	2.057600	1.186200	0.000000	0.859000	0.294900	3.791500	0.703200	1.482500	1.874800	1.483100	0.190500	0.526900	1.200600	0.628000	1.545200	1.224600	0.691600	1.091000	0.973900	1.862000
22	1.124200	0.386900	-0.501500	0.782100	0.065900	3.394200	0.144300	0.483300	0.390800	0.802300	-0.561900	-0.154300	0.084100	0.188400	0.801900	0.000000	-0.269200	-0.417100	-0.501400	0.240900
23	2.926500	1.177900	4.783400	1.237200	3.006600	4.442300	9.659900	0.000000	1.893800	1.304800	4.083200	8.491300	7.693500	4.523400	3.650300	4.330400	23.210970	22.865100	21.374800	26.744930
24	2.698800	1.884100	0.000000	1.581300	0.310900	2.749600	1.590400	1.042300	1.851700	2.098700	-0.540400	1.270800	1.275600	1.495400	2.214500	2.425400	0.413100	-0.728100	-0.224100	1.742300
25	0.921800	0.051900	-0.498500	0.390600	-0.374700	2.706000	-0.600500	0.731800	0.184500	0.596500	-0.704900	-0.624500	-0.009000	0.000000	0.504900	0.120900	-0.542900	-0.618700	-0.669600	0.309200
26	0.705600	-0.539200	-1.411600	-0.656700	-1.696600	2.299100	-1.857300	0.000000	-0.257200	-0.075700	-1.699800	-1.058700	-0.373600	-1.165200	0.228800	-0.596600	-1.520500	-1.280800	-1.257300	-0.918300
27	3.029400	1.481000	0.569300	0.000000	-0.702100	5.299300	5.595600	0.941400	2.379200	1.793000	0.833500	2.332200	1.429500	3.779100	1.700900	1.234500	9.934700	11.033000	8.964500	20.452900
28	0.832000	0.000000	-0.752500	0.382900	-0.401800	3.703800	0.050800	0.242000	0.085100	0.710100	-0.645600	-0.247900	0.081100	-0.163800	0.710700	-0.006400	-0.976500	-0.337600	-0.566500	0.054000
29	0.384500	-0.366700	-0.504600	0.046100	-0.461300	3.434100	-1.006900	0.403800	0.000000	0.524200	-0.525000	-1.054200	-0.014300	-0.428900	0.512700	-0.244600	-0.361200	-0.398500	-0.432600	-0.318900
30	1.588700	0.188400	-0.713900	-0.103300	-0.723900	3.496300	0.281700	-0.011800	0.750400	1.026600	-0.987000	-1.069200	0.000000	0.178800	1.314100	0.050900	1.019000	0.791200	0.488900	0.332600
31	1.960300	1.543500	-0.018400	1.521000	0.733900	3.441800	0.000000	0.805200	1.630400	1.505000	-0.247900	0.652100	2.191600	1.449700	2.978100	1.628800	2.161100	1.734900	1.707300	2.577800
32	0.710500	0.735400	0.277600	0.893200	0.491200	1.983500	-0.683200	0.526200	0.250100	0.435700	0.240200	-0.303700	0.906600	0.000000	0.914500	-0.034000	0.333100	-0.117800	-0.171700	-0.272400
33	0.592700	0.492700	0.109100	1.444500	0.880600	6.558300	-0.518100	0.560100	0.000000	-0.152700	0.079800	-0.341800	0.724400	0.243500	0.695300	0.416000	0.114900	-0.004500	-0.132700	-0.503400
34	0.000000	3.838100	4.023300	4.769800	4.715400	6.038600	3.273100	4.675300	3.945100	3.913000	3.885900	3.329700	3.965400	3.517800	2.391500	3.900300	3.983200	3.990300	3.908800	3.996100
35	1.891300	0.873900	-0.182000	0.000000	-0.458500	5.105200	-0.047300	0.515200	0.944900	0.626400	-0.482600	-0.350600	0.638000	0.204100	1.629000	0.871000	-0.370100	0.050500	0.089900	0.307100
36	0.680700	0.461200	-0.674500	0.031200	-0.248500	0.142700	-0.002700	0.000000	0.671700	0.175000	-0.261000	-0.544300	-0.962000	-0.173300	-0.843400	0.441600	-0.023400	-0.104600	-0.242400	0.861600
37	5.276400	3.680100	-0.025200	0.738100	0.000000	3.585000	12.737400	3.286300	5.208500	3.141800	2.625000	5.259700	7.515000	4.057200	6.335500	4.361600	20.469600	7.741300	4.753700	12.104100
38	3.991300	2.739100	0.030800	2.018200	2.433600	5.311200	1.947500	4.241400	3.710500	2.581700	0.552700	2.045700	3.221100	1.922000	4.130400	2.830200	0.177700	0.000000	-0.499000	2.499000
39	5.413100	7.712000	12.126200	9.744000	11.770100	0.000000	19.209400	10.356200	8.410500	8.216800	9.723000	10.222300	9.909200	11.371800	10.462800	10.716500	20.715000	14.195300	18.914100	26.256470
40	3.193300	2.254300	2.214500	2.894000	2.454900	0.000000	2.537800	2.667200	2.130500	2.958400	1.975300	2.519700	1.437900	2.713900	0.984600	2.143100	2.130000	2.478700	2.458500	2.135700
41	0.856800	0.376600	-0.187700	0.660400	0.113900	-1.541100	0.461300	0.744000	0.824800	0.857500	-0.657500	0.281900	-0.312900	0.000000	-0.631500	0.635100	-0.949900	-1.081700	-2.299100	0.810800
42	0.727800	0.300500	-0.007800	0.662600	0.334200	-0.477500	0.100100	0.963500	0.493100	0.741100	0.294400	0.000000	-0.818500	-0.117400	0.339300	0.435100	0.518100	0.635200	0.088400	0.135800
43	2.975300	1.827100	0.141000	3.171600	6.003000	3.278100	2.582100	1.575100	2.248000	2.091100	0.468100	1.992900	2.338200	2.654000	0.000000	2.819900	0.375200	0.689500	-0.089000	1.170600
44	2.866900	1.353000	0.276300	0.000000	0.055700	3.512100	1.769500	1.458900	2.462600	1.641600	-0.438300	1.461600	1.250100	0.906700	2.989000	2.520800	3.319500	4.193500	5.067600	4.195000
45	3.688100	3.974500	1.834000	3.351400	2.512600	4.966800	3.885900	3.596200	3.739700	3.698900	0.582600	3.461100	3.230200	3.078000	2.553600	2.856300	0.894100	1.389600	0.000000	2.578200
46	2.540200	1.090800	0.911100	2.497300	2.119000	8.163200	1.058100	4.300700	1.642200	1.823200	0.466600	1.394800	2.778600	1.525900	3.030400	0.000000	2.547700	0.724100	0.633800	4.159700
47	1.716300	0.000000	-2.198500	-1.541100	1.365900	-0.686900	2.311400	0.883700	1.815500	-0.524600	-0.316400	0.347700	-1.003900	0.448700	0.580200	-0.025600	6.146800	4.394000	0.896900	44.515800
48	6.037500	4.917400	1.702300	4.970200	3.607200	3.992600	5.089800	4.030700	5.060800	4.789600	1.286200	4.888900	4.009800	3.990100	5.663100	5.100300	3.297900	1.042300	0.000000	3.502200
49	1.858000	0.809700	0.512700	0.994600	0.486700	1.056700	0.000000	1.080800	1.541200	1.483600	0.436600	0.233200	0.846900	0.346400	1.451400	1.213900	0.853700	0.969000	0.916000	1.041700
50	3.438400	2.192900	-0.052100	1.983100	1.092600	5.912100	2.254700	1.959900	2.285500	1.709800	0.584100	1.842800	3.839400	2.577800	4.134100	1.568000	1.375800	0.429100	0.000000	1.220100
51	1.136700	0.398500	2.779300	-2.152100	0.308700	2.836600	4.804400	0.000000	0.056100	-0.631100	3.596700	6.049600	4.827000	7.255200	3.740300	2.694300	26.730000	22.136800	22.105200	33.326896
52	0.843400	0.544300	0.017500	1.255900	0.944500	-1.017900	-0.407000	1.290200	1.012100	0.715200	0.424400	-0.692900	0.000000	0.513800	-0.069500	0.214900	0.558700	0.753200	0.665000	0.618100
53	4.488100	3.063600	0.000000	3.763300	2.631200	4.332900	3.308000	4.215600	4.074900	3.134300	-0.201800	3.270300	4.502900	2.530800	5.183600	3.865200	4.969500	6.069800	-0.582500	2.863800
54	0.000000	0.110000	0.089700	0.520300	0.218700	-1.295100	-0.219900	0.741900	-0.062900	0.032000	-0.415600	-0.214400	0.109900	-0.080100	0.154200	0.173400	-0.107500	-0.249600	-0.380600	0.365900
55	0.209200	-0.053100	-0.234900	0.886400	0.364500	0.853000	-0.781600	0.196400	-0.127400	-0.038000	-0.066500	-0.615300	0.038700	-0.289500	0.000000	-0.016400	0.255700	0.037800	0.008400	0.280000
56	4.805600	2.604000	-0.500200	0.000000	-0.101400	6.861300	13.309100	1.811800	3.601200	1.999900	1.368700	5.996600	5.111600	3.210600	3.614100	2.731700	21.256500	15.102300	12.539300	20.766000
57	3.223100	2.168500	0.129700	1.455700	1.962800	8.292300	0.622300	2.382800	2.403700	2.134700	1.021200	0.000000	3.227100	1.581500	3.125200	1.220100	1.699300	1.555100	1.029700	2.083400
58	6.289700	4.091900	0.797800	0.000000	-0.224200	5.229000	13.565400	2.813900	5.086200	2.884700	2.819200	4.806000	5.797100	4.977900	5.573900	3.999500	11.677200	11.239300	7.091600	7.107700
59	6.093900	4.317800	-0.227700	0.000000	0.990000	7.935500	7.184000	2.806600	5.333900	2.907800	-0.510100	4.118300	4.798800	3.624100	5.147200	3.087700	5.694500	8.127300	7.044900	4.869600
60	6.635800	4.706000	1.749300	1.296500	0.000000	4.879300	8.155500	3.808300	5.630800	3.766500	-0.046100	5.371600	4.846100	3.972300	5.606200	4.506900	23.447100	18.058500	11.874900	13.937200
61	4.627300	3.565900	0.000000	2.937900	1.847300	1.348500	4.555900	3.958100	3.782100	3.229300	-0.359600	3.817500	4.595800	2.839000	4.919300	2.952900	4.387900	1.231000	0.607100	2.902700
62	0.000000	1.550600	2.859600	5.158200	9.125100	7.879600	4.718900	3.743700	1.917600	0.602900	1.866400	2.161500	3.747900	1.194400	-0.727900	2.624000	13.637900	3.511800	2.945600	3.795100
63	1.046000	1.205900	-0.147200	0.504300	-0.221300	0.338000	1.258700	1.597700	2.067100	1.109500	0.226700	1.235200	0.246500	0.000000	1.195000	1.498700	1.077900	2.141000	0.015300	0.855600
64	1.418800	0.412300	-2.013900	-0.552800	-1.263900	-0.470700	0.757200	0.236900	0.695300	-0.276000	-1.149500	0.823600	0.359000	1.134600	0.000000	0.071700	1.301500	0.247900	0.222000	1.054700
65	3.770400	2.536100	1.483000	2.813400	2.925700	0.000000	4.027200	4.449400	3.483300	2.599700	1.802000	3.183100	2.647400	3.234500	4.976700	3.597000	15.152200	5.120300	4.719800	3.214700
66	4.114700	3.186000	2.080300	4.036900	4.422600	1.810000	3.701800	4.579100	4.105500	3.627000	2.199200	3.133500	3.498700	3.723900	4.262300	3.913100	2.081800	0.000000	1.822000	3.000300
67	0.729100	-0.260400	0.532100	0.122200	-0.048400	0.132300	-0.516500	1.387500	0.704800	0.034600	-0.836100	-0.718100	0.733400	-0.545600	1.002800	0.026800	-1.388700	-1.116400	-1.313800	0.000000
68	0.000000	-0.157000	-1.054600	0.533400	0.151900	0.549800	-1.321100	0.677100	-0.113700	-0.363300	-1.054300	-1.235200	-0.437400	-1.097100	-0.477300	-1.023400	-0.612200	-0.926000	-0.752100	-0.183700
69	1.551700	1.248900	1.111500	1.492400	1.332300	0.000000	1.048600	0.839200	0.894900	1.338400	0.970700	0.968200	0.249600	0.893900	-0.190300	0.882500	1.067000	1.179900	0.330300	0.876700
70	0.000000	3.055300	2.643300	6.121300	6.516500	5.864100	2.855300	4.974200	3.269800	2.996300	2.324200	2.741300	2.760700	3.033300	3.017600	2.682800	3.822200	3.667500	3.658000	2.758400
71	1.524000	0.874300	-1.607300	1.749800	3.406000	3.753900	-0.151600	-0.650200	-0.055300	0.754400	-1.175300	-0.315400	0.126200	0.000000	1.601500	0.387200	-1.385300	-1.109600	-1.493500	0.345000
72	1.805300	0.000000	3.436100	0.874900	0.537600	-1.659500	7.194200	1.349800	1.062300	1.625400	-0.445300	3.385600	-0.678400	0.431900	2.352600	2.285700	18.052700	8.754900	7.966000	15.073900
73	1.128700	0.986000	-0.005100	1.602100	1.332700	1.387000	1.843100	3.102000	1.461900	1.449100	-0.851000	0.473500	2.112500	1.119100	2.301400	1.837200	6.810300	5.229100	2.723000	0.000000
74	0.000000	7.175000	32.793270	25.561410	29.703140	16.780000	35.313630	22.659100	13.792700	15.898200	24.420670	32.873960	25.183320	26.560320	27.424690	29.705560	62.369800	52.753100	51.444500	66.971100
75	4.895100	3.469100	0.000000	3.425800	1.865100	6.968000	9.332600	4.547000	4.103300	2.901900	0.675800	5.712800	4.430200	3.608500	4.508700	3.168100	14.120600	9.702800	6.233600	5.255600
76	2.096600	0.000000	9.997000	3.440200	5.476100	9.306600	8.489300	3.967800	2.590000	1.839600	4.500200	8.756200	8.347600	8.404800	10.384400	2.163700	22.226700	19.697000	15.072500	42.340620
77	2.645800	4.186000	1.807500	5.301000	4.115200	6.470300	4.672900	4.418100	4.483200	3.492500	1.289000	2.874100	4.314600	3.723000	4.258700	3.756900	2.506400	-0.531300	0.000000	2.946600
78	1.103000	0.383200	13.343800	8.465500	11.556700	8.008900	20.911600	2.826600	0.000000	3.329300	11.847100	18.043300	12.209300	12.539200	8.094500	10.397700	41.283330	35.568170	29.141590	40.977880
79	3.467000	2.377600	4.822100	0.000000	0.240200	2.659700	7.990700	2.315100	3.100400	2.205200	5.297200	8.199800	8.703000	8.277800	5.464300	3.795900	19.190300	19.842200	14.790200	23.443600
80	1.545000	0.834700	-0.122500	2.123300	1.728200	2.013100	0.000000	0.886700	1.073400	1.112000	-0.303700	0.125800	0.546000	0.761300	1.371800	1.102400	0.955800	0.572100	1.495000	2.257800
81	2.862000	2.049200	1.444600	1.907900	1.694900	0.000000	1.485200	2.421000	2.480300	2.254000	0.884300	1.473600	1.521500	2.088600	2.247900	2.412900	0.927500	1.461200	1.464600	2.114300
82	0.000000	2.202900	3.580800	4.495800	4.300900	5.398800	2.857200	4.481900	3.819000	2.126400	3.378100	3.337500	3.559100	3.133000	3.622600	2.096900	3.533700	3.522700	3.514100	3.653700
83	2.066300	1.000700	0.205100	0.183900	0.000000	3.977200	0.377400	1.159100	2.034600	0.959900	0.268800	0.367500	1.285100	0.924700	2.554100	1.362500	2.904600	3.289700	2.144800	3.345900
84	0.282100	0.000000	-0.102600	0.234400	-0.003500	-0.895100	0.021300	0.182200	0.158100	0.087700	-0.478100	-0.013500	-0.384000	-0.111800	-0.261800	0.258400	-0.888200	-0.410700	-0.751300	-0.029100
85	3.501900	2.516300	2.807200	0.482400	0.000000	1.419200	3.765700	2.128500	3.744300	1.950800	1.527200	3.193400	2.275300	2.562500	3.749500	3.632500	3.166400	3.086100	3.089800	32.176930
86	3.472600	2.911300	4.157000	3.221100	5.068000	0.000000	3.801400	3.894600	3.199000	3.022000	2.223300	4.016100	0.626200	3.333900	-0.364700	2.306200	3.524500	2.409400	2.301700	2.608600
87	3.049400	2.193700	1.411200	2.241200	2.504100	0.000000	2.077000	2.732500	2.830100	2.680400	1.612500	1.852200	0.727200	1.780600	1.578700	2.627400	1.941800	1.762700	1.714600	2.493100
88	0.523200	-0.746100	-0.176000	-1.441500	-1.131900	-3.353500	-0.365500	-0.788900	0.000000	-0.682900	-1.912900	-0.979900	-2.776700	-1.109500	-0.941400	0.327700	0.637600	-0.384800	-0.524200	0.256000
89	5.144300	3.130200	0.000000	2.793200	3.919200	4.214800	10.064600	2.690300	4.197000	3.585900	0.296200	5.869300	4.722900	3.393100	4.841700	3.959300	21.681700	12.129000	7.488000	6.609200
90	2.588500	1.454900	0.000000	0.857600	0.260800	6.581100	0.621300	1.045900	1.927900	1.862300	-0.006200	0.607800	1.033000	0.824700	1.625200	1.401500	0.152900	1.033800	0.616300	1.994500
91	2.097300	0.618900	1.128500	1.801400	1.130600	4.326300	0.992200	1.962400	1.450600	0.667600	-0.961100	0.453100	1.157400	1.097600	1.989900	0.000000	1.269000	1.427100	1.134000	-0.202800
92	5.337800	3.794800	3.030100	2.671600	1.685300	6.910200	7.321400	3.171600	4.550600	3.974300	0.000000	4.096500	4.387800	3.307300	6.470800	5.496800	27.563930	17.980900	16.112200	18.028100
93	6.124500	4.613200	1.537300	3.062300	1.896300	8.719200	3.641000	4.907600	5.004700	4.626200	1.389100	4.146400	5.839700	4.361200	6.269100	5.464300	10.007300	0.000000	0.503200	4.140700
94	1.779700	0.655600	-0.051500	0.589700	-0.134900	4.362000	-0.348600	1.262500	1.487100	1.266600	-0.329700	0.000000	0.412000	0.171600	1.453300	0.615100	-0.304200	-0.670800	-0.977000	0.911800
95	1.569500	-0.169800	-2.055900	-0.281800	1.497400	3.395300	3.897500	0.746400	0.816900	0.340500	-1.655400	3.803400	0.000000	0.690600	0.736600	-0.274300	13.108500	21.101100	11.184400	6.473800
96	5.347600	3.674000	0.000000	3.355900	2.461600	6.501600	9.181800	5.643700	5.048300	3.560200	0.169700	6.182800	4.458500	4.303200	5.398600	3.059700	17.359800	18.631000	14.466200	14.810700
97	0.668900	-0.290600	-0.950900	0.619100	0.389500	5.202300	-0.253900	0.085900	0.204300	0.238600	-0.824300	-0.294700	0.000000	-0.198700	1.096500	-0.061300	0.303200	0.297800	0.336000	0.068100
98	0.388400	0.530100	-0.320000	1.623900	0.805900	2.086400	-0.965900	1.186100	0.101400	0.606000	-0.736000	-0.348300	1.171200	0.576500	1.884000	0.000000	-0.826600	-0.562900	-0.638100	-0.746100
99	2.405800	1.648200	0.684700	-0.212100	0.008200	6.008800	-0.839500	0.000000	1.027800	0.139600	-0.288300	-0.423200	1.453500	0.402600	2.395500	1.176800	3.843100	2.888500	2.626600	2.171700
100	3.495000	2.403300	-0.307600	0.849600	0.000000	5.762700	1.909400	2.987400	3.295000	1.760500	0.100800	1.503300	3.123200	2.395300	3.608300	2.368900	1.061100	1.151400	0.742300	2.210700
101	1.403100	1.178600	1.201700	1.200100	1.356100	0.000000	1.030600	1.140100	1.264600	1.232000	1.275500	1.089700	1.313900	1.290800	1.306100	1.289900	0.668600	1.087500	1.037300	1.211900
102	0.000000	2.213800	3.646900	4.577500	4.319600	5.866400	1.358300	2.933700	3.868600	2.162600	3.317100	1.853700	3.733600	3.303800	2.313200	2.034800	3.358600	3.428400	3.398900	3.651600
103	5.739900	4.350400	1.407300	4.388700	4.160800	9.521700	5.805800	5.608500	5.793500	4.246100	1.074800	3.747600	6.481600	4.237200	7.014300	5.291400	3.942300	0.193900	0.000000	3.047600
104	0.068300	0.059800	-0.183200	0.018200	0.065400	0.666100	-0.785200	0.000000	-0.246800	0.084000	-0.085800	-0.608800	0.151000	-0.474000	1.084400	0.117300	-0.665800	-0.652800	-0.646200	-0.110800
105	0.502200	0.542500	-0.847300	0.473700	-0.032700	-0.168600	0.000000	0.495800	0.691800	0.324800	-1.211700	-0.261800	0.388300	-0.064800	0.457200	-0.234700	-0.357100	-0.479400	-1.301800	-0.186400
106	4.303100	2.790400	5.328000	6.224600	7.590800	0.000000	5.726800	8.065900	4.609700	5.653900	3.474000	5.020300	6.403400	4.992600	7.738300	7.287600	19.955200	33.424061	7.505400	28.542300
107	0.265300	0.583000	0.083900	0.508600	0.372400	-0.138200	-0.068400	0.545200	0.543500	0.353800	0.084500	0.065100	0.333700	0.123200	0.125700	0.000000	-0.314500	-0.291900	-0.387000	0.178900
108	1.868500	1.863700	3.085800	1.698300	2.757300	3.268400	2.845400	2.278700	1.956700	1.363300	0.478100	2.762500	2.998300	2.623800	1.763400	1.399900	0.223500	2.281300	0.388800	0.000000
109	0.000000	1.940300	15.811300	10.599900	14.448100	1.337900	27.907790	10.510100	5.199000	6.111600	16.053900	22.733500	16.997600	17.356100	13.882200	12.322200	72.726200	49.097300	49.646900	54.647300
110	5.629300	4.179900	2.059800	2.598100	6.209300	5.065100	3.883600	3.493600	4.246700	3.507200	1.931600	3.278700	3.974000	3.743500	4.052100	3.298200	4.473700	0.000000	2.093400	2.678200
111	3.748100	3.682200	0.000000	3.145900	4.460000	11.011300	11.053100	3.935200	4.428600	3.210900	0.220800	3.102500	4.758400	3.324100	4.036100	3.364200	12.298100	7.764700	4.969700	3.874500
112	3.033400	2.211800	1.148200	2.630300	2.135000	3.681800	2.131200	3.328700	2.712500	2.492900	1.213600	1.191000	0.000000	1.571500	2.142100	2.280200	2.621200	3.299300	5.378000	2.717600
113	0.810100	-0.014500	0.287800	2.025200	1.169400	-0.440800	0.110600	0.497100	0.000000	0.687200	-0.330900	-0.279500	0.428500	0.198200	0.844300	1.022300	-0.507500	-2.198600	-1.131600	0.911700
114	7.188100	5.510500	2.928000	6.205300	5.889900	3.556400	5.238900	5.236000	7.101700	5.939800	2.885200	5.253200	6.386600	5.227500	7.421100	6.305200	0.000000	7.908200	5.054200	4.289300
115	1.787700	0.000000	0.935700	-0.503200	1.030800	0.638400	13.516800	1.033400	0.959700	0.186900	0.572700	4.547000	2.137600	3.007000	3.210200	1.585100	27.284620	13.742200	8.447600	10.586300
116	0.911000	1.227500	0.322100	1.627100	0.834600	4.480200	0.000000	1.112800	0.907100	1.165700	0.283000	0.064500	1.701800	0.290800	2.500400	1.057400	0.651100	0.421000	0.316000	0.486200
117	2.038300	1.431900	0.653600	2.095600	1.792300	3.689100	0.800900	1.340100	1.143400	1.582000	1.121300	1.073400	1.698900	0.000000	1.977700	0.827600	1.346400	1.031100	0.883900	0.941600
118	0.000000	7.985500	13.346100	15.102000	19.516700	10.005800	15.178900	17.354300	9.215900	9.621400	12.705800	12.822600	14.769600	14.073300	15.334300	16.441200	14.465400	15.219500	15.075500	81.861400
119	5.349900	3.493200	1.710300	0.000000	0.740000	6.176000	17.970600	1.687800	4.361400	2.541900	5.701200	11.962600	7.299600	7.233400	4.969800	3.472200	37.602060	23.455500	19.057900	22.034700
120	6.222900	4.608600	0.000000	3.179200	2.193700	8.235700	6.864500	4.134100	5.859000	3.802200	0.241400	2.889900	5.008300	4.100700	5.408400	4.228000	7.735100	4.608700	-0.286700	2.822500
121	5.581400	3.831200	0.000000	2.284700	7.080000	2.528600	4.900300	3.966100	4.252400	3.271400	-0.504700	2.790700	4.746400	2.340700	4.654700	2.360900	13.203800	11.071900	4.699200	9.813200
122	5.642500	4.496700	0.000000	2.803400	1.719700	7.510900	4.788100	4.152900	5.303700	3.125900	0.335800	3.869900	4.253500	2.582600	4.718200	2.872900	15.968500	10.240200	6.019600	4.759800
123	-0.273200	-1.556100	-2.914200	-2.489300	-2.470400	-3.986000	0.066200	-0.505400	0.031400	-1.052000	-2.906200	-1.391500	-0.972000	-0.807800	0.656800	0.000000	-2.675500	-0.744800	-2.072500	-0.298800
124	2.888600	1.273800	-1.001200	0.268500	0.140700	3.475100	9.439700	0.000000	2.543200	0.792300	0.242900	3.297700	5.129300	2.774600	3.927600	2.246600	9.812100	10.033700	6.875200	3.196400
125	2.972500	1.792400	0.759100	0.000000	-0.529200	6.654100	1.568600	0.344800	2.011600	1.301000	0.044900	0.378400	5.998700	1.460300	3.654300	1.628900	0.943100	1.130100	-1.113200	2.661400
126	4.030000	2.800800	0.000000	4.016800	3.180300	3.263000	1.956200	4.998800	3.844100	2.954900	0.104700	1.999800	3.064300	1.354300	3.669100	2.415200	0.736800	0.904300	-0.384800	1.954900
127	4.194700	2.865200	2.340700	2.341500	4.151300	7.037300	10.468200	0.000000	1.568300	2.079300	1.528700	7.010100	3.506700	3.246700	4.473400	2.426400	12.858100	11.936500	7.027000	5.645000
128	3.072700	2.461100	4.404900	0.000000	1.425800	6.432600	9.672400	1.564300	2.691100	1.761900	5.917000	22.395300	5.035700	4.995400	7.169700	4.427400	32.621732	26.036760	20.099000	37.561950
129	2.333000	0.944500	0.299100	0.080500	-0.314100	0.624500	0.000000	2.017000	1.809800	1.138600	-0.070600	0.180000	1.815700	2.453000	4.024100	2.935800	2.943700	1.765100	1.377900	4.423300
130	1.212000	0.000000	-0.918700	-0.270700	-1.142600	1.416900	-0.456700	0.775300	1.024400	0.294000	-0.864000	-0.781300	-0.025000	-0.630600	-0.372600	0.467100	0.173600	-0.476700	-0.503800	-0.341000
131	0.000000	2.487600	1.479000	3.553100	3.015700	5.526400	1.857300	2.524400	2.127400	2.165600	1.229500	1.552300	1.970800	1.755800	1.851800	1.479000	1.169200	1.190800	1.128300	1.782200
132	2.055100	0.897300	-0.212500	0.570500	-0.091900	6.151700	-0.421300	0.515900	0.414500	0.054400	-0.669500	-0.383800	0.461000	0.000000	0.599400	-0.278900	0.198600	0.220400	0.164200	-0.397800
133	0.573600	0.000000	-0.209200	0.324600	-0.023100	-1.708100	-0.583900	0.817800	0.387400	0.422100	0.030800	-0.224700	0.101400	0.445200	0.822200	0.702200	0.429900	0.322900	0.243500	0.787200
134	-1.602200	0.741000	-0.743000	2.354400	1.714400	3.676400	-0.163000	0.842100	0.405800	0.316600	-1.137800	-0.519400	0.136300	-0.430300	0.638200	-0.328700	-1.153200	-0.716000	-0.980300	0.000000
135	1.985800	0.725700	0.845600	3.349600	3.191900	6.875200	1.253900	2.374400	0.000000	1.526300	0.737600	0.735600	1.318500	1.174300	1.286200	0.533600	2.610400	1.631800	1.679400	15.580300
136	2.864500	2.443200	0.479700	2.921000	1.237000	3.935600	1.196200	3.205000	3.409300	1.856400	-1.151100	0.787700	3.150500	1.438000	2.679700	1.578100	4.243600	3.086800	-0.456600	0.000000
137	0.906000	0.000000	-0.900500	0.167600	-0.537200	3.774400	-0.458600	0.796800	0.243000	0.466100	-1.579400	-0.376500	0.334200	-0.255800	0.326400	-0.433900	-1.646900	-1.381800	-2.427700	0.021300
138	-0.018500	0.075300	-0.293300	0.041400	-0.235800	0.169200	-0.989400	0.055600	0.000000	0.063200	-0.765600	-0.666300	-0.024200	-0.433700	-0.204400	-0.168700	-0.610000	-0.293300	-0.329400	-0.339300
139	1.090100	1.955300	0.000000	1.894800	1.932500	2.763700	1.453800	0.825900	1.750900	1.709200	-0.660100	1.585100	1.684800	2.013800	2.215500	1.203000	2.456000	1.538100	1.520900	2.286300
140	0.000000	2.425700	8.538500	9.689700	6.382100	5.454700	6.053100	3.238000	2.501700	5.208300	5.442100	5.755100	6.383400	6.178000	3.997300	4.464600	10.805500	9.968100	9.639200	14.739500
141	6.877300	5.476000	4.313200	4.755800	5.682500	4.319300	6.487400	5.945100	5.208800	5.453900	3.230200	6.192900	5.245700	5.557600	4.958400	5.870000	0.000000	3.232100	2.445000	4.463200
142	2.318700	1.804100	0.730100	1.861900	1.496100	-0.735600	1.330600	2.247800	1.358100	2.028700	1.188100	1.105800	0.000000	1.079800	0.607300	1.370100	2.809000	1.427500	1.498200	1.276700
143	0.781300	-0.223600	-1.294600	-0.514200	-1.272400	-1.278400	-0.885900	0.000000	-0.130200	0.383500	-1.149700	-0.909200	-1.410300	-1.001400	-0.329800	-0.455700	-0.645000	-0.826400	-0.861300	-0.690700
144	6.976600	5.408900	2.459200	5.417700	5.347000	10.534400	6.116300	5.068000	6.325600	5.685300	1.783600	5.658100	5.641700	5.247500	6.656000	5.193100	0.065200	0.702500	0.000000	3.975800
145	4.393700	2.581500	0.524000	1.355400	0.282100	7.078100	3.720500	0.000000	1.525600	2.187900	1.817700	7.142100	4.645600	4.191300	5.078600	3.205300	10.461400	17.794800	12.684300	5.660900
146	0.440500	-0.276300	-0.960600	0.389500	-0.544400	5.756000	-0.126600	0.731700	0.326600	0.394000	-1.058600	-0.343500	-0.479900	-0.468000	0.000000	0.296700	-1.043700	-0.335100	-0.772800	0.228400
147	1.911800	0.744700	0.034800	0.169300	-0.226400	2.860800	-0.129000	0.814900	1.152500	1.230500	-0.479700	0.000000	1.917400	0.405300	3.137500	0.927500	0.009200	-1.174900	-1.286700	-0.347300
148	5.019000	2.734600	0.995100	0.000000	0.709500	5.360000	8.897200	2.345500	3.541700	2.695500	1.441400	7.229800	4.370500	3.905000	4.184300	2.351400	14.528700	7.172700	8.195400	11.225900
149	4.276900	3.255100	-0.765700	1.503000	0.000000	5.417300	3.483500	2.347600	3.508300	3.016100	-0.898500	2.426600	3.345300	2.550200	4.407500	2.297100	5.253200	5.292600	-0.035800	3.341500
150	0.572400	-0.456100	-0.966500	-0.118400	-0.727700	3.139500	-0.999000	-0.215000	0.000000	0.256300	-1.188600	-0.682900	-0.316400	-0.700600	0.226400	-0.502700	-0.964800	-0.887400	-0.860200	-0.506300
151	3.972200	2.191500	0.000000	1.647000	0.717100	5.831200	1.853000	2.051300	2.528900	2.786700	1.137300	1.728800	3.242300	2.186400	4.230700	2.871700	1.801700	2.163200	1.676700	2.975900
152	6.076400	3.991000	-0.176800	1.567000	0.000000	6.411900	6.356000	2.689200	4.392100	3.947200	-0.261400	4.347300	4.991000	3.806000	5.776100	4.667200	9.816900	10.336500	10.904400	10.476800
153	1.119500	-0.245900	-0.562800	-0.955100	-1.879200	3.512000	0.453200	-0.070500	0.083000	0.102900	-2.147200	-0.290900	1.029500	0.024700	-0.044700	0.000000	0.358300	-0.097300	2.656300	2.868200
154	1.316400	0.369400	-0.107500	0.703200	0.277700	3.128300	-0.178000	0.357900	0.306200	0.789300	-0.284100	-0.044800	0.325700	0.000000	0.662100	0.305400	0.298800	0.360600	0.258200	0.390500
155	2.096700	0.838700	-2.113800	-0.024300	-1.066700	3.826000	-0.372700	0.038700	0.658300	0.247500	-1.355400	-0.567000	0.920300	0.356000	1.970200	1.112000	-0.902200	-1.369200	-1.762600	0.000000
156	2.720700	2.352600	-0.488500	0.586700	0.023800	4.526100	0.000000	2.173900	3.107400	1.878300	0.544600	0.742900	3.091700	2.320400	3.580300	1.570700	5.461300	2.209500	2.170100	2.362800
157	0.705200	0.512600	-0.437500	-0.145700	-0.647900	0.958500	-0.237700	-0.129500	0.228500	0.374700	-0.612400	-0.354700	0.000000	-0.833100	0.528700	0.370700	-0.390400	-0.733600	-0.701500	-0.063200
158	0.000000	2.835000	1.486000	4.495500	3.601100	6.843700	2.858100	4.001200	3.529700	3.125700	2.070000	2.468300	2.952700	2.812100	3.347300	2.741500	2.028200	2.566500	2.277200	2.779700
159	4.149800	2.122800	1.481400	0.000000	0.502900	4.052400	5.034600	2.627100	3.948300	2.108900	2.910700	3.860700	2.491900	6.449300	3.671500	3.943100	12.118400	9.970200	10.294900	10.526900
160	5.665800	3.554100	3.126600	0.000000	-0.206500	4.410300	7.891900	2.889300	5.180400	2.569400	2.438600	6.217300	4.394600	4.365100	5.321400	2.930000	32.153500	19.843400	11.969400	17.965200
161	8.006000	5.963800	2.253900	3.462600	2.441100	8.905400	4.780400	5.387300	7.093200	5.239800	1.163100	5.130500	6.314800	5.333100	7.140800	6.011600	0.419100	0.950000	0.000000	4.318000
162	6.132800	4.448600	0.000000	3.302300	5.050800	5.725600	10.749900	4.550600	5.356300	3.430000	0.740600	5.598700	4.556100	2.989700	5.327400	4.220900	10.402200	11.886600	4.575900	4.088900
163	5.012100	3.822000	0.000000	2.682600	2.520700	8.636600	7.977700	3.772900	4.784300	3.038200	0.473500	3.147900	4.690700	2.979900	4.645300	3.306500	8.247500	1.826800	-0.388500	2.026400
164	8.067700	7.061500	4.246600	5.198900	5.691000	6.491400	6.372600	6.821200	7.046700	6.122800	4.153500	6.654700	7.287700	6.713500	7.859200	5.908700	0.000000	4.235500	3.304300	4.868500
165	0.000000	3.859900	4.787300	7.156500	7.260000	13.886500	5.214000	6.606900	4.103100	4.271100	3.879200	4.662900	1.456100	4.184400	-0.220800	3.198400	4.370100	3.986700	4.182600	3.429800
166	0.193700	-0.249800	-0.665700	-0.106700	-0.650000	-1.687400	-0.113500	-0.084000	0.000000	0.221600	-0.625200	-0.336400	-1.508500	-0.571900	-1.496000	0.050400	-0.723600	-0.381800	-0.437900	0.095600
167	1.551500	1.027300	0.226900	1.087900	0.680600	0.960600	0.669800	1.178500	1.167300	1.546400	-0.112200	0.447400	-0.035900	0.641300	0.163700	1.625200	0.508100	1.064800	-0.265900	0.000000
168	1.585900	0.000000	0.331200	0.386600	0.606800	-0.597000	7.048300	1.206700	2.143000	0.687300	0.139200	1.577800	3.242100	2.632300	3.462200	1.083200	15.568100	5.726000	5.004300	5.927200
169	0.705100	-0.285900	-1.309000	-0.629900	-1.126600	4.822800	0.281600	0.539400	-0.037200	0.289800	-1.457000	-0.176400	-0.266200	0.000000	0.446800	-0.041100	-0.423900	-0.375800	-0.398800	0.442900
170	0.679600	0.084800	-0.002800	0.319900	0.010000	2.883700	-0.001400	-0.008700	0.320600	0.745000	-0.138000	0.000000	-0.163500	-0.389400	0.328500	0.148900	-0.268700	0.186600	0.089600	0.279200
171	4.999500	3.389000	1.860500	3.271800	3.148500	6.963700	2.878700	4.464500	4.904600	3.792300	1.159500	0.000000	4.656400	3.029000	5.095100	3.815100	4.790300	3.474600	2.696500	4.722200
172	0.000000	1.205900	-0.453800	2.407700	0.918600	5.109500	8.279000	3.101600	2.559000	0.289100	-0.026200	4.084000	6.076400	4.483300	4.564100	1.183900	9.202900	6.160900	4.561900	4.058400
173	0.680800	0.000000	0.369400	0.822500	0.553300	4.707500	0.627300	1.068800	-0.063100	0.681100	0.359400	0.457800	0.799900	0.825600	1.235400	0.140100	1.117400	1.073000	1.031100	1.750600
174	0.595100	0.713500	-0.098900	0.515700	0.000000	1.074700	-0.253600	0.515200	0.500800	0.559100	0.532600	-0.090000	0.644700	0.086200	0.242800	0.069200	-0.606300	-0.805900	-0.038300	0.063200
175	3.630500	2.666900	-0.220700	0.837300	0.000000	4.659100	5.680900	1.852600	2.254400	2.344100	0.898900	5.277800	3.960800	3.089000	4.288700	2.491600	4.766300	5.584900	3.105600	3.968200
176	1.941900	1.778600	1.849000	1.753300	1.657300	2.138200	1.521700	1.480100	1.732500	1.060600	1.665700	1.166200	1.093800	1.857100	0.000000	0.763600	1.635900	1.331000	1.175600	2.160700
177	0.737100	0.874000	-0.385700	0.892900	0.820400	-0.459300	-0.053500	0.891400	0.547700	0.509400	-0.596300	0.000000	0.143900	-0.118300	0.243600	0.280900	1.004200	0.669900	0.043300	0.766400
178	0.251200	0.466700	-0.071300	0.486800	0.381500	1.379100	0.226500	-0.320200	-0.573600	1.204000	0.136900	-0.063600	0.164200	0.000000	0.550500	0.091500	0.244300	0.098000	0.015400	0.717000
179	0.939200	0.662900	0.343100	1.251800	0.778300	1.015900	0.000000	1.194300	1.331500	1.165200	0.621600	-0.668100	1.430000	0.781700	2.071600	0.557900	1.483100	0.922900	0.757200	0.819700
180	3.433900	2.180100	-0.120200	1.928100	1.371600	6.702200	9.752500	1.294000	2.749600	1.567300	-0.758200	1.867200	1.878700	0.722600	2.701700	1.313700	11.160600	7.241000	2.501300	0.000000
181	2.944700	1.121300	-0.638900	1.293700	1.210000	4.976600	-0.128800	2.794100	1.780300	0.487500	-1.801900	-0.668200	0.178000	0.258600	1.205000	0.706300	-1.041500	-1.783700	-2.400000	0.000000
182	3.485800	2.466500	-0.171800	0.000000	-0.331600	0.685900	4.568800	2.083600	3.391400	1.551800	-0.227600	1.584600	3.993300	1.994200	3.702500	2.796300	4.786100	3.397700	3.230900	3.985600
183	4.021400	2.610600	0.000000	2.142700	2.317500	5.233500	1.592500	3.225100	3.162700	2.352100	0.025000	1.508500	1.917200	1.829200	2.466300	2.778100	1.572500	1.999700	2.216200	2.189700
184	0.818100	0.367000	-0.840800	0.438600	0.067000	-0.208900	-0.119000	0.510400	0.624300	0.392100	-1.223700	0.000000	0.285000	0.328200	0.653900	0.425000	-0.891700	-1.086900	-0.952100	0.052800
185	1.238100	0.000000	8.309600	3.868400	7.195300	8.079000	3.972700	2.499300	0.038100	3.358900	1.979500	3.899700	4.815800	4.382500	6.651500	6.589100	17.623300	20.713900	17.659500	21.171200
186	1.308800	1.038600	1.123600	2.279600	2.324700	0.000000	0.826300	1.923900	1.056300	1.479400	0.766300	0.342300	0.640200	0.797400	0.405300	1.533400	0.944200	0.875800	0.641000	1.505600
187	1.808100	1.083300	0.482800	1.898100	2.920800	-0.533800	1.254200	2.988500	0.699000	0.940500	0.324500	1.359200	1.757300	1.404700	-0.955100	0.260100	2.858100	0.965600	0.296000	0.000000
188	4.551100	3.021700	5.671200	6.349300	9.431700	0.000000	21.763600	5.428400	3.644700	2.716500	7.238500	15.375200	5.801900	6.648200	5.540400	4.555900	37.117730	27.876380	21.911700	61.846600
189	0.114900	-0.721700	-1.624400	-0.917100	-1.241700	2.499900	-0.647700	-0.153500	0.000000	-0.633800	-1.742300	-1.086400	-0.725300	-0.330800	-1.522300	-0.894300	-1.488700	-1.407300	-1.431200	-1.545400
190	2.748800	2.102300	1.619900	2.238800	1.880800	0.000000	2.228800	2.597500	2.568000	2.549900	1.696300	1.966300	1.442200	1.815300	1.089400	2.196600	2.289600	2.618000	2.588000	2.650500
191	0.659800	0.061200	0.000000	0.385200	-0.008200	0.247000	-0.378600	0.484500	0.069700	0.373400	0.125300	0.009400	-0.869200	-0.208000	-0.904400	0.064100	0.343900	0.303300	0.308300	0.163800
192	1.412600	0.902900	-0.501400	0.808100	-0.282800	2.435300	0.237300	-0.155000	0.000000	0.884400	-0.641900	0.091600	-0.829900	-0.193300	0.691500	1.057000	-0.065100	-0.537700	-0.672900	0.522200
193	1.539700	0.000000	3.065400	-1.355100	4.311600	2.423100	3.914200	-0.202100	0.771400	0.774600	0.300700	2.113100	2.573500	3.912400	1.610500	2.772100	0.899700	4.501200	3.255500	6.057500
194	0.243700	0.143200	-0.402400	0.227000	-0.011300	-0.815900	-0.390200	0.438000	0.075700	0.184500	-0.693200	-0.607500	-0.366300	-0.188800	-0.351500	-0.130800	-0.944500	-0.474400	-0.578700	0.000000
195	1.552600	1.622000	1.330300	2.328200	1.879300	3.512200	0.000000	1.678400	1.548300	1.645500	1.285700	0.448800	1.337700	0.897900	1.311400	1.181600	1.358100	1.419600	1.254600	1.652000
196	0.000000	3.714900	3.606500	6.923400	7.111100	9.659100	3.504400	7.027700	4.188200	3.871800	3.684700	3.452600	3.693800	3.654800	3.906500	3.942900	3.946700	3.705000	3.765800	4.058900
197	5.803700	4.047600	1.405400	5.758800	6.102800	6.142000	7.431300	5.310400	4.657700	4.162600	1.225900	5.069700	6.220400	3.768700	6.388400	3.804500	5.491600	1.896300	0.000000	2.609700
198	3.387300	2.636400	0.970600	2.096200	1.607800	5.886800	1.471500	2.641500	2.460100	2.620900	0.888600	2.031200	3.123500	2.101500	3.712200	1.965200	1.852500	0.213000	0.000000	1.334100
199	0.000000	3.058200	3.477700	4.417200	4.380100	7.493800	2.965300	4.401800	3.476800	3.055800	3.223100	2.883400	3.547800	2.940700	3.727900	3.118600	3.327200	3.333600	3.339400	3.393300
200	1.250600	-0.000800	1.121100	2.452400	2.156300	5.534000	2.271400	1.927400	0.462800	0.000000	0.889800	2.434100	1.829200	2.486200	2.681600	1.178600	13.375800	15.891900	8.403300	6.856200
201	1.063000	1.903200	0.726100	0.894700	1.358500	1.209300	0.331800	0.359000	0.652300	1.359400	0.232800	0.302100	1.291700	0.924600	0.589300	0.000000	0.289400	1.230200	1.130200	1.100500
202	2.958900	1.342700	0.194600	-0.214100	1.994000	-0.502100	2.674900	1.921200	2.980600	1.877200	0.140600	0.842200	1.574700	2.148900	1.836200	1.788400	3.125900	8.123100	1.913300	0.000000
203	5.025700	3.341300	1.711700	2.033000	5.502400	1.207300	5.122400	3.892000	4.190200	3.058600	0.353800	3.853600	3.730800	3.282900	4.617200	4.186300	1.325300	0.449700	0.000000	3.148400
204	1.414800	0.387000	-0.691100	0.000000	-0.516200	-1.288700	0.148500	-0.072700	0.811200	0.957600	-0.719300	-0.105900	0.578300	0.100900	0.804400	1.058000	0.634000	0.086800	0.169500	1.048500
205	2.067400	0.834200	0.000000	0.529100	-0.143200	5.275500	0.813600	0.722100	1.374800	1.125600	0.085900	0.457900	0.240900	0.628500	-0.050900	0.639900	0.402400	0.483400	0.439100	1.137400
206	1.928000	0.000000	3.601600	0.624500	4.010900	4.067600	17.334700	-0.188900	0.723800	2.354100	1.164400	8.200100	7.248300	5.775600	7.304800	5.831100	22.878100	14.143600	9.556100	39.515550
207	2.674500	1.165500	0.656300	1.041800	0.492900	3.419100	0.577800	1.647900	1.670000	1.337900	-0.484700	0.567900	2.586300	2.015100	2.044600	0.000000	3.071700	3.560600	2.722400	9.015800
208	0.954400	0.090400	-0.659500	0.307100	-0.337100	2.913900	-0.147700	-0.301700	0.036800	0.426300	-0.815900	-0.427500	-0.065200	0.000000	0.550600	0.126900	-0.463200	-0.279500	-0.312500	0.375700
209	4.275300	2.919000	1.828700	2.801300	2.481600	5.468300	3.434200	3.339700	4.340900	3.577200	1.476100	3.040200	3.209200	3.564600	4.140300	4.173500	0.000000	1.992000	1.315100	2.059700
210	4.746700	3.245900	0.000000	2.500200	1.268300	7.442300	2.757600	3.940100	4.594300	3.393000	0.083600	1.584700	4.321000	2.658400	5.216800	3.500800	7.709500	9.164700	3.742600	3.125600
211	1.199000	0.258200	-0.569900	0.512100	-0.316800	4.776600	0.010200	0.598600	0.274900	0.630300	-0.914100	-0.230600	0.000000	-0.180300	0.575700	0.318700	0.257300	0.302000	0.755800	0.947500
212	0.193400	-0.254100	-0.243800	1.369100	0.684000	3.680100	0.227100	0.813200	0.832400	0.711200	-0.265100	-0.039700	0.303200	0.000000	0.869600	0.106700	0.027000	0.075700	-0.025200	0.864900
213	1.691400	1.580500	-0.287100	0.238000	-0.280800	2.609600	0.257400	1.014500	1.609400	0.551100	-0.730400	0.048300	1.686800	0.685800	1.687500	0.325400	0.866600	-0.063900	-0.155000	0.000000
214	0.000000	3.117800	2.941600	4.443100	4.484000	7.593500	2.375200	3.866700	2.963600	3.512900	2.911100	2.893600	2.855800	2.542400	3.149700	2.576200	3.563900	2.766700	2.741500	2.690100
215	1.563100	0.666000	-0.357300	1.419900	0.958800	3.097900	0.440200	1.159600	1.285500	0.886900	-0.483400	0.121900	0.000000	0.317500	0.870700	0.934700	-0.524300	0.049700	-0.117100	1.073500
216	0.147200	-0.293800	-0.471600	0.148600	0.560200	-1.304400	-1.441800	0.000000	-0.422100	-0.223600	-0.748700	-0.613900	-0.269700	-0.676200	0.009900	-0.437900	-0.195700	-0.605400	-0.776600	-0.681200
217	2.184100	1.522500	1.572100	2.207500	2.284600	0.000000	1.776800	2.669800	2.066400	2.201100	1.393800	1.874700	2.181500	1.801800	2.904500	2.405900	2.841800	1.824500	1.802300	2.415800
218	5.147100	3.332400	1.151400	0.902500	0.000000	1.701200	5.650200	3.284500	4.730900	3.115500	0.108600	5.651500	5.018600	3.734700	5.020100	4.169000	21.269100	14.824600	7.659300	80.348000
219	1.053700	1.118200	0.747000	1.144200	0.834500	1.505800	0.380000	1.093100	1.211000	1.294000	0.754000	0.510800	0.558300	0.971200	0.000000	0.079100	0.550100	0.706900	0.593400	0.878200
220	7.633200	6.567300	3.484000	5.427700	7.056900	4.559300	6.364500	6.866500	7.489800	5.836100	2.552600	5.970700	6.983000	5.990600	7.780500	6.673200	0.000000	1.393200	1.700700	5.231300
221	1.789000	1.202700	-0.276800	0.377400	0.005100	0.772300	0.140200	0.607000	0.904700	0.839800	0.000000	0.159000	1.066400	0.465100	1.620500	1.101000	-0.087000	-0.129200	-0.516300	0.728700
222	4.428300	2.993000	6.862700	3.574700	6.167800	0.000000	25.590870	2.699200	3.463800	2.298000	8.717500	11.747600	10.123200	9.911800	6.123600	5.475600	54.176200	29.917800	25.466450	32.507800
223	0.686900	0.628300	-0.448200	0.000000	-0.466800	1.954600	-0.377800	-0.164200	0.150900	0.068800	-0.524200	-0.641200	-0.019000	-0.817300	0.501100	0.394800	-0.635300	-1.502300	-0.879900	0.040300
224	2.831000	2.156700	0.000000	1.811900	1.210700	0.472900	1.363400	1.990500	2.185700	1.881600	0.326700	1.255700	1.931000	1.763400	2.800800	1.949500	1.783200	1.978200	1.951600	2.364800
225	2.011800	1.682700	1.105500	1.837300	1.285100	0.000000	1.309700	1.799000	1.790900	1.746800	0.734800	1.211400	1.141900	1.085400	2.049900	1.743800	1.106800	1.222200	1.168300	1.284500
226	-0.158100	0.000000	0.059300	0.569900	0.487700	-0.436700	-0.890400	0.441300	-0.005900	0.438700	0.053000	-0.024900	0.186600	-0.112300	0.272500	0.064600	-0.423200	-0.245300	-0.276600	-0.160000
227	0.714200	0.673600	0.685100	0.814700	0.886700	0.438200	0.296400	0.272000	0.281700	0.508800	0.707600	0.263100	0.000000	0.374900	0.358700	0.401700	0.638300	0.576100	0.621100	0.769200
228	-0.003000	0.115700	-0.121500	0.079600	0.165400	0.055200	-0.291600	-0.301200	0.000000	-0.000500	-0.043300	-0.267300	0.345500	-0.132900	0.514100	0.027100	0.019800	-0.272900	-0.215100	0.066100
229	-0.080700	-0.038100	0.037900	0.085200	0.114400	-0.164500	-0.083700	-0.024400	0.042700	-0.038300	-0.055700	-0.110300	0.000000	-0.058900	0.037600	-0.035400	-0.063800	-0.106200	-0.104700	-0.016000