SITE	GLY	ALA	LEU	VAL	ILE	PRO	ARG	THR	SER	CYS	MET	LYS	GLU	GLN	ASP	ASN	TRP	TYR	PHE	HIS
2	0.757900	0.544600	1.933200	1.500400	1.060900	0.000000	2.333700	0.056800	-0.152700	1.092400	1.966700	2.301500	2.720700	3.119600	2.257000	1.140700	6.522400	5.296300	4.587400	2.802600
3	0.953900	0.410400	0.020800	1.053900	0.026000	-0.203600	0.626100	1.074800	0.639800	0.586000	0.130400	0.303100	0.000000	0.359700	0.498600	0.832700	0.725100	0.627100	0.674400	0.808900
4	1.854700	0.854800	-1.327100	-0.218800	-0.855700	0.449700	0.624600	0.868700	1.483200	0.577000	-0.754700	0.277300	0.000000	0.562800	2.131800	1.428400	1.341500	0.085700	-0.128300	1.520300
5	1.944500	0.000000	2.362000	-0.463600	1.853900	6.885900	9.611600	2.406400	1.915700	-0.119900	4.488400	9.419700	8.522900	8.212500	6.052300	4.766400	24.971140	22.128600	17.969300	24.983270
6	6.737000	4.702600	0.000000	2.219500	1.058000	5.599400	8.637400	3.996400	5.944600	3.845400	0.423500	4.437300	5.260000	3.263500	5.484600	3.457900	17.043000	7.226200	2.909900	3.806000
7	6.433200	4.659600	0.169300	0.905500	0.000000	6.134200	5.728800	3.586000	5.544700	3.666100	0.418900	4.975100	5.031500	4.193800	5.840000	4.386700	14.175300	13.596100	6.993900	5.024400
8	5.139800	3.474600	0.054400	0.000000	-0.986900	5.139500	11.081600	2.462300	4.344100	2.209300	1.524800	7.830400	3.426700	4.128000	4.496300	2.880600	24.313400	17.448900	11.879400	29.458320
9	4.327800	2.686500	0.898700	0.000000	-0.537900	6.650000	10.018500	2.128400	2.730700	1.838800	2.221800	4.850500	4.855300	0.537500	3.401500	1.151900	16.844100	11.980600	9.812300	37.055476
10	0.083300	-0.443200	-2.412500	2.104100	0.115000	4.600600	1.314400	1.797200	0.054600	-0.777100	-0.036700	2.027700	1.215800	0.245100	0.000000	-0.884300	19.644500	14.038300	9.299300	7.589600
11	5.926900	4.266400	1.469400	4.113000	4.210500	3.239900	2.828600	4.768100	5.705100	3.869600	0.000000	3.262400	6.360000	4.605600	6.069600	3.707400	15.118600	10.753600	5.828200	14.910700
12	4.294900	3.224700	0.069100	0.739500	1.652600	8.979500	8.391900	2.376800	3.527100	2.615900	2.242100	2.031800	6.168300	0.000000	5.908800	2.959800	20.788300	17.828800	12.278200	12.215200
13	1.673600	0.613000	-0.352200	0.319100	-0.024200	3.433800	0.000000	1.641700	1.454300	0.988900	-0.143300	-0.081400	0.720400	0.083800	1.383500	0.408900	0.518000	0.161800	0.100600	1.060200
14	2.490600	0.985200	4.284800	4.535800	5.633000	6.111900	4.350000	3.711400	2.534900	2.201400	3.350500	4.224300	3.376800	3.697100	0.000000	2.767400	5.544600	3.700900	3.490100	2.113900
15	2.471900	1.555800	0.064400	2.034000	2.169100	1.339100	-0.264600	1.847200	1.969200	1.945600	0.005900	0.580300	3.215100	1.364700	3.465500	1.250900	-0.708000	-1.041200	0.000000	0.755600
16	4.378500	3.342300	1.462200	2.070200	2.220400	5.196700	2.865900	1.970700	3.019000	2.892800	0.000000	2.368700	4.264800	2.391300	5.828200	3.869600	10.044000	6.189600	9.055100	19.144500
17	2.429300	2.146800	1.584700	2.113600	1.597100	0.000000	2.042100	2.214900	2.268700	2.343900	1.646500	1.709600	1.462600	1.890200	1.805800	2.244600	1.816500	2.165800	2.141500	2.351700
18	0.000000	2.323900	2.029900	4.712800	4.579000	6.001800	1.504400	2.621300	1.966400	2.294300	1.971900	1.840500	2.115100	1.736800	2.296900	1.528400	3.743200	3.768700	3.766500	1.839800
19	0.000000	5.920800	19.026800	18.985700	25.822460	12.743300	16.845700	16.284100	10.894500	11.388900	13.531900	15.669500	23.476700	15.849300	21.286400	18.549800	35.311170	43.086590	36.874780	41.462140
20	0.771500	0.000000	0.247800	1.586600	1.494100	1.480200	0.380400	0.567000	0.005600	0.679400	0.157500	0.048600	0.576600	0.195700	1.566900	-0.187600	0.657200	0.516700	0.125700	0.592500
21	3.274500	1.864500	0.000000	1.634300	1.814600	5.975300	1.287200	2.690700	2.877400	1.875200	0.098800	1.449600	2.398400	2.103700	2.808400	2.291000	2.777200	3.363600	0.944200	1.277100
22	2.095100	1.419800	1.817500	3.054100	3.192900	0.000000	1.315200	3.147400	1.793000	1.860200	0.698000	1.133600	1.096500	1.109600	2.211200	2.027600	0.964800	1.265500	1.274000	1.990700
23	3.896600	2.375300	0.525600	0.000000	-0.270900	5.118800	2.853100	1.117500	2.855000	1.930900	-0.224400	2.178800	4.594000	3.399300	5.065600	2.244100	6.900900	5.995300	5.096800	7.622600
24	3.173300	2.452400	2.435600	2.860600	2.522200	0.000000	1.572900	2.825200	2.792100	2.876700	2.245600	1.813100	2.337400	2.281600	2.637500	2.740800	2.390400	2.202900	2.224700	2.273500
25	-1.008100	0.409700	0.124600	1.227200	1.634000	3.452900	0.067400	0.933700	0.544900	0.574700	0.335300	-0.124200	0.000000	-0.104400	-0.202100	-0.278900	0.146800	0.001200	0.130200	0.377300
26	0.000000	-0.606400	5.036400	5.434400	5.085800	7.685400	22.379800	6.412600	1.850100	2.368700	7.119100	14.965000	13.109100	11.979600	8.381000	4.388800	31.376910	22.670500	18.123100	81.596000
27	0.571700	-0.381500	-1.256400	-0.516200	-0.824200	0.961400	-1.604600	0.151600	0.222300	-0.290900	-1.393200	-1.448300	-0.895800	-0.697400	0.000000	0.250900	0.302300	-0.276300	-0.197500	0.456500
28	0.995400	0.540000	0.661800	1.182500	0.942500	3.360300	0.726400	0.739400	0.614500	0.772300	0.031800	0.000000	0.719400	0.822600	0.848500	1.019400	0.750200	0.804500	0.814700	1.195200
29	1.799700	1.749500	1.096700	0.750000	0.000000	2.747700	2.797700	1.364100	1.552800	1.548600	0.104100	2.805800	3.548600	2.348700	3.114100	1.888000	9.015500	3.938200	3.581200	3.388800
30	2.313000	1.359000	0.571200	0.500800	0.000000	3.799700	-0.144400	1.195600	2.360700	1.395300	-0.115400	0.692300	1.429000	0.842000	1.764600	1.396500	2.882800	1.348900	2.111400	3.516400
31	2.137300	1.577200	1.613300	2.062400	1.691300	0.000000	1.994400	2.013200	2.005300	2.251100	1.464600	1.835400	1.131300	1.589200	1.541800	2.053700	2.103100	2.117300	2.005400	2.271800
32	1.349500	0.058000	-0.080000	-0.189700	-0.248100	-0.208800	-0.101300	0.836600	0.993400	1.010900	-0.419200	0.000000	0.319100	0.222000	1.497700	0.693200	0.506400	0.243200	-0.089300	0.768300
33	4.404300	2.176000	0.575500	0.000000	0.595000	5.535100	14.614300	1.720700	2.732400	1.624900	3.194800	9.730000	5.497800	6.001700	4.305900	1.744100	35.018540	24.791250	15.832900	16.861200
34	1.746600	0.396800	-0.538500	0.049800	-0.449400	4.511800	0.455500	0.500900	0.773600	0.584600	-0.701300	0.136400	0.662600	0.426500	0.691000	0.000000	1.290900	0.881300	1.138800	1.908900
35	1.097800	0.001400	-0.439300	0.511800	-0.173700	3.625300	0.070000	0.720900	0.412500	0.593500	-0.608800	-0.192600	0.000000	-0.004000	0.873100	0.072000	-0.195900	-0.121600	-0.166700	0.499200
36	5.241000	3.448800	1.260100	2.972100	2.022600	5.370400	2.883300	2.870500	3.993500	3.843400	1.753500	3.932600	5.225900	3.656500	5.260900	3.722000	5.605600	0.000000	1.302400	4.274500
37	5.050900	3.549300	-0.134000	1.069100	0.000000	7.213000	7.137600	3.549900	4.536200	3.553100	1.590000	3.393900	5.976400	4.184100	5.986100	3.451000	10.725100	10.933600	8.054500	16.020600
38	0.918100	0.143900	-0.115400	0.333300	-0.234200	3.768000	0.000000	0.202000	0.168800	0.841000	-0.582500	-0.116300	0.501200	0.114100	1.197500	0.443400	-0.061600	0.034600	-0.359900	0.253700
39	1.316600	0.112100	-0.233400	1.006000	0.293600	4.368900	-0.108500	1.469600	1.331900	0.820800	-0.483900	0.000000	1.369700	0.714000	1.724800	0.524100	-0.157900	-0.589200	-0.199900	0.332900
40	6.116200	4.341300	1.324000	2.468900	3.752600	8.438900	3.552000	3.729300	4.758200	4.296200	0.903100	3.564000	5.561900	4.376400	6.464100	3.693900	2.056100	2.495700	0.000000	2.586000
41	2.191200	0.946600	-0.224000	1.741600	1.062800	6.266000	0.029500	1.404800	1.108100	1.067900	-0.405200	0.000000	1.393300	0.614400	2.168400	1.416300	-0.106500	0.551200	0.147300	1.354500
42	-0.382200	-0.510600	-0.557400	0.521000	0.156600	3.865500	-0.336400	0.326500	-0.519500	0.276600	-0.682100	-0.521500	0.000000	-0.398500	0.635400	-0.454100	-0.334300	-0.367600	-0.504400	-0.551200
43	1.266900	0.972900	0.141500	1.987800	1.250700	3.169900	-0.076300	1.048200	0.275700	0.650500	-0.455000	0.000000	1.498800	0.352900	1.771700	0.376100	-0.482500	-0.004300	-0.349700	0.050400
44	0.000000	1.611400	1.777100	3.670100	3.518500	6.410500	-0.105000	3.172700	1.476800	1.425800	1.664800	0.272900	1.914400	1.141400	1.571400	1.045000	3.171700	1.652500	1.619300	1.111800
45	1.182400	0.000000	-0.601500	1.982600	2.861700	5.534000	-0.189500	2.296500	1.169900	0.124700	-1.068200	-0.319400	2.303200	-1.241900	3.005700	0.740900	1.282600	1.618300	0.411200	0.080500
46	4.228000	2.593000	0.000000	2.509200	2.351100	5.670400	1.474300	3.411800	3.737400	2.731600	0.040700	1.360500	2.807900	2.402800	4.345100	3.631400	2.325000	4.365700	1.454800	3.725800
47	6.316700	4.647900	0.536400	1.360900	0.000000	4.252700	3.473600	3.598000	5.582000	3.692200	2.612000	3.329500	5.192900	3.948100	6.602800	4.753700	12.463800	5.315400	2.758000	4.941200
48	5.934700	3.416600	-0.352100	0.000000	-0.685300	5.037000	6.278600	2.793300	4.736600	2.598700	0.704800	5.833700	5.289300	3.654000	5.860500	4.243600	9.843100	6.035000	3.304900	4.139300
49	1.931200	0.000000	1.034800	-0.905200	-1.838700	0.553900	5.198200	0.104200	0.982600	-0.279700	2.589700	3.366500	5.210400	4.126800	4.288300	2.266900	10.696100	3.564100	-0.744700	1.971100
50	2.710700	1.118900	-2.515700	-1.365000	-2.290100	-0.309900	10.479400	0.000000	1.154400	0.389700	-0.871900	5.327600	2.986300	1.597100	3.824600	1.659300	15.060600	11.402100	5.477200	5.951800
51	4.109300	2.553200	0.994700	2.909000	2.115600	4.440300	0.000000	4.091300	3.101100	2.200400	-0.281400	1.848300	2.476000	1.834500	3.802400	2.591400	12.007200	9.684800	9.060800	5.845900
52	-0.535000	-2.102900	-2.276600	-0.043600	1.283200	-0.280600	-0.443300	-1.488500	-2.137200	-1.921200	-3.055300	-1.375100	-0.218600	-1.202500	0.000000	-1.160300	4.252600	-0.821400	-2.519500	-0.151800
53	2.606300	0.799500	0.496700	1.867400	2.247400	9.601700	1.871500	1.425700	1.684900	0.886600	-0.619100	1.123900	2.028500	1.742500	1.671100	1.526400	0.000000	-0.573400	-0.599400	0.897600
54	0.418700	-1.177900	-0.989700	1.728200	1.676000	2.804800	-1.103100	-0.295000	-0.387700	-0.633500	-1.731000	-1.709500	2.548700	1.048100	2.607700	-0.371500	9.693300	2.083600	0.164800	0.000000
55	3.024000	2.629400	2.651700	3.055800	3.101600	0.000000	2.834100	3.405900	2.798200	3.087300	2.648000	2.508600	2.789800	3.003800	2.730600	2.909600	3.360200	2.537400	2.326300	2.931300
56	0.950900	0.547100	-0.052900	0.914000	0.512300	-1.238700	0.195600	0.960300	0.815700	0.870500	-0.150800	0.361100	0.000000	0.627200	0.791700	0.975600	-0.542500	-0.100700	-0.266200	0.607200
57	-1.590100	0.748000	0.224500	1.914000	2.006700	3.817500	0.356800	1.350800	0.307400	0.618200	0.463100	-0.082900	0.325800	0.090200	0.246000	0.000000	0.069400	-0.106300	-0.212300	0.618100
58	2.557700	1.234000	0.443600	3.378300	4.014700	9.662700	13.991000	2.158900	1.895200	1.509800	2.056300	2.834100	2.539200	0.925600	1.738200	2.100000	21.687800	12.272000	3.101000	0.000000
59	1.220900	0.246200	0.253300	0.504700	0.000000	5.978600	0.323800	1.144500	0.554300	0.661600	-0.452600	0.118000	0.537600	0.428000	1.188700	1.252100	0.670400	0.978900	0.964900	1.539300
60	0.767300	-0.275300	-2.742300	-0.780600	-1.536700	3.563000	0.138000	0.761400	0.000000	-0.663400	-2.167000	-0.769700	0.110900	-0.282100	2.620400	0.282600	-1.093600	1.163600	0.489300	10.912300
61	2.046300	1.692600	0.321700	1.528500	0.921100	5.670600	4.016800	1.598200	1.906500	1.918600	0.699900	2.856900	3.216000	2.036900	2.991800	2.954600	4.121500	4.291100	0.000000	1.669200
62	1.301800	0.856600	0.431000	0.964100	0.792500	0.811600	0.000000	1.332700	1.092500	1.022700	0.216300	0.540200	0.802900	0.258000	1.340000	0.644500	1.444600	1.056700	0.995700	1.275400
63	0.402600	0.182000	-0.466200	0.090300	-0.414500	-0.861800	0.163500	0.555300	0.179600	0.049500	-0.875200	-0.003800	0.000000	0.112400	0.118300	0.256400	-0.065800	-0.178200	-0.454700	0.275600
64	0.756500	0.124400	-0.501000	0.675700	0.370500	3.280500	0.000000	0.472800	1.084600	0.361800	-0.410600	-0.692100	0.640400	0.203300	0.864800	0.397800	0.607500	0.152000	0.033000	0.972500
65	0.000000	2.649400	2.678100	5.007800	5.053800	6.109300	2.266400	3.403700	2.572500	4.119100	2.706900	2.612200	2.563700	2.240200	2.645000	2.388200	2.746700	2.658500	2.587000	2.448000
66	0.000000	8.143300	20.707500	23.910500	27.461060	17.433800	19.918000	20.120500	12.837200	15.433900	16.739400	18.609000	19.839900	18.531000	25.641880	25.577360	40.003800	35.809400	38.119060	83.186300
67	1.895300	1.117000	0.797900	1.868900	1.748600	0.000000	0.960400	1.937200	1.478900	1.355400	0.859800	0.811200	0.834300	1.220700	1.227900	1.503300	1.274500	0.991500	0.861500	1.511000
68	3.163600	2.089000	0.254100	1.522700	2.879600	5.045100	1.898100	2.147000	2.891700	2.079500	0.484500	1.583200	2.300800	1.895900	3.002400	2.204700	0.000000	-0.821000	0.041200	1.621200
69	3.438900	2.549200	2.569300	3.139000	2.726700	0.000000	1.416600	2.932000	2.771500	3.286700	2.302900	2.281400	2.052300	2.593100	2.195500	2.952900	2.443100	1.925700	1.687900	3.017000
70	1.233300	0.462900	-0.449200	0.095100	-0.380900	-1.452500	0.000000	0.371700	0.676100	0.637800	-0.225100	-0.458700	0.359600	0.193600	0.948200	0.773000	0.504400	1.185800	1.389700	0.951300
71	0.942000	0.153400	1.524800	0.764100	0.473400	2.055300	-0.466500	0.015700	0.040700	-0.465000	-1.550500	-0.324400	3.085400	1.674000	2.496100	0.089000	6.506400	1.127000	0.474700	0.000000
72	0.846900	0.207400	1.822900	3.590300	3.964900	6.333100	12.864800	1.822800	2.025500	0.000000	1.433000	1.121400	4.787400	3.690600	4.540100	0.056300	14.404200	13.418200	6.544600	47.436300
73	1.836700	0.839400	-0.399700	0.000000	-0.400900	0.558000	-0.380700	0.386400	1.046300	0.882300	-0.267800	0.369900	1.427600	0.830200	2.757500	1.698800	3.372500	0.813100	0.587100	2.408700
74	2.044900	0.789000	0.260300	-0.090700	-0.636200	3.595300	0.781200	1.076300	1.512300	0.879000	-0.200800	-0.602600	0.445900	0.000000	1.677100	1.521200	2.326000	1.013000	0.936200	1.270100
75	-1.362900	0.554900	0.031600	1.432600	2.496300	3.565700	-0.192700	1.010800	0.317900	0.402600	0.047700	-0.141300	0.132900	0.239500	0.085900	0.000000	0.234100	-0.143100	-0.341400	0.355000
76	1.440100	0.997500	-0.155400	0.804100	0.601500	5.911000	-0.274600	0.000000	0.565700	0.543900	0.335300	0.105100	0.931800	0.685100	0.996800	0.406900	0.945700	-0.170200	-0.417800	0.341900
77	1.736300	1.494200	1.515500	1.801700	1.471000	0.000000	1.459400	1.802600	1.795300	1.868800	1.265100	1.352500	0.611900	1.003600	1.607800	1.845100	1.781700	1.605700	1.560800	2.131400
78	0.000000	1.895200	4.962900	4.906900	5.615100	0.234400	3.577100	6.016200	3.573500	3.578700	4.316700	3.502500	4.920300	4.228200	6.058500	4.048300	3.046500	2.590300	1.957900	3.991100
79	1.038300	0.000000	3.159800	1.076200	2.106000	4.154300	5.788200	2.237300	-0.277000	0.791500	1.912600	3.134600	3.041700	2.900600	6.860900	5.846100	8.873600	3.667700	7.637200	34.965060
80	0.858700	0.128400	-0.048600	0.401200	0.201000	3.498400	0.501800	1.162100	0.685900	0.740600	-0.303500	0.244200	0.000000	-0.057600	0.628800	0.960400	0.251400	-0.032200	-0.106400	0.476800
81	3.990600	3.475100	1.728200	3.282700	2.817100	2.438700	3.453100	3.381100	4.022400	3.458700	0.994800	3.192100	3.292000	3.569800	4.054000	3.046100	1.253000	1.231300	0.000000	2.401800
82	3.193000	2.126500	1.232200	0.000000	0.488600	6.901800	2.077500	2.089500	2.898100	1.530000	0.524500	1.433000	2.206100	1.971400	2.861800	2.375300	1.689500	3.002000	1.059200	3.462100
83	4.403200	2.768900	1.556600	0.000000	-0.836200	2.322100	8.331100	2.802000	3.424300	2.253600	1.656800	7.098500	5.855300	3.177600	4.940600	3.714800	24.774880	18.179200	14.775200	15.343000
84	-0.254500	0.479100	0.276600	0.648200	0.468500	1.445700	0.129400	0.566300	0.639200	0.494500	0.272900	0.755300	0.287300	0.307900	0.000000	-0.001700	0.967600	0.603700	0.509500	0.441100
85	5.008900	3.885200	0.000000	2.556800	1.554500	4.164700	3.515300	3.082400	4.357300	2.905700	-0.496900	3.189700	3.782400	2.854200	4.540000	3.769000	3.188000	2.893100	2.848500	3.909300
86	3.569500	2.703300	1.410500	3.319100	2.899500	0.000000	2.550700	3.141300	3.066400	2.651900	0.974300	2.864900	4.200500	3.438300	3.023100	4.012200	3.867700	3.431500	3.036000	4.250600
87	0.192600	-0.002400	0.001600	0.128400	0.061600	-1.468300	0.030400	0.177900	0.303000	0.241100	0.197400	-0.111800	0.000000	-0.163900	0.236300	0.375900	0.153700	-0.146600	-0.194900	0.299400
88	0.047600	0.138200	-1.149600	-0.045800	-0.656100	-0.654500	-1.517600	0.355700	0.116400	0.046400	-1.732500	-0.696700	-0.024700	-0.116500	0.000000	-0.105200	-0.159200	-2.156400	-1.527800	-0.045700
89	2.174400	0.000000	-1.166900	-1.114400	-0.476800	3.970200	6.435600	-1.202700	1.379500	0.069100	1.229900	5.199700	5.414000	4.623300	3.927000	2.137400	4.749400	5.124500	1.533000	17.743500
90	2.485100	1.206000	-1.825600	0.000000	-0.794900	2.814400	0.055800	0.748400	1.867500	0.629600	-0.667600	-0.507500	0.665200	0.115200	1.268100	0.991400	-0.375600	-0.079700	-0.381900	0.754700
91	2.162000	1.763800	-0.577500	1.200500	0.000000	1.314400	1.018700	1.261000	2.042500	1.171900	-1.055400	0.156200	0.660800	1.010800	0.999800	1.530200	-0.370200	-0.717900	-1.189400	1.104300
92	5.133000	3.944400	0.589800	1.118400	0.000000	6.359600	3.803400	3.264700	4.914300	3.078900	0.480600	3.514600	4.240500	3.100700	4.693400	3.633900	3.843400	5.581400	3.011900	3.321400
93	1.574600	0.481800	-0.141800	0.360300	-0.148800	-0.336000	-0.171200	0.902800	0.000000	0.256600	-1.046700	-0.724900	-0.096800	-0.011000	0.740600	-1.189800	0.213800	0.913000	0.586500	1.080000
94	4.645500	4.216800	1.756500	2.525800	2.446300	7.425700	2.017300	4.123800	4.836600	3.632300	2.357900	0.000000	9.088900	4.911800	8.895500	4.456900	16.959700	10.082700	13.277000	7.013800
95	-1.296100	0.000000	11.289200	7.521900	9.439700	7.272400	7.282700	3.114600	-0.064700	3.347000	6.305100	7.270600	10.022700	11.771700	7.907600	4.559900	49.564800	37.252590	36.007769	22.043000
96	0.449300	0.166000	0.166800	0.656900	0.558500	-0.232600	-0.292600	0.000000	0.056900	0.077600	-0.237000	-0.091700	0.989900	0.535800	2.359400	0.844100	2.285400	5.330600	1.364300	3.402400
97	0.834600	0.341200	-0.318600	0.246100	-0.176300	0.265200	-0.031200	0.319300	0.726600	0.512400	-0.299700	-0.268000	0.000000	0.262800	-0.332200	0.363300	0.169500	-0.266200	-0.457700	-0.082300
98	1.783700	1.373600	1.406100	1.842900	1.849900	0.000000	0.935700	0.897700	1.022800	1.678600	1.383300	1.388600	1.268400	1.092900	2.238400	1.831800	1.886900	1.803200	2.000500	2.279200
99	0.420000	0.376600	-0.700300	0.148500	-0.412300	0.438000	-0.238300	0.308300	0.408700	0.244500	-0.799200	-0.403600	0.123500	-0.213000	0.000000	-0.218900	-0.678500	-0.780300	-0.884800	0.065400
100	0.815600	0.539000	0.157800	0.330500	0.053900	3.552300	-0.094000	0.136500	0.484000	0.530300	0.213100	0.000000	0.762200	0.282200	0.675100	0.459500	0.229300	0.054200	-0.005100	0.208200
101	0.712900	0.421400	-0.797900	0.245000	-0.471200	-0.303700	-0.176100	0.502200	0.473400	0.003200	-0.856400	-0.049400	0.000000	-0.155600	0.620300	0.337500	0.410200	0.380800	-0.411600	0.275900
102	1.476700	0.000000	0.053600	1.638000	1.425500	3.175200	0.513300	2.542200	0.549200	-0.273700	-0.398600	0.013700	2.666700	2.605100	1.741700	0.653600	1.869200	-0.615200	-0.690100	-0.002000
103	1.330900	0.568700	-0.937600	0.123400	-0.229900	0.282300	-0.110800	0.465300	0.483600	0.533000	-0.845200	-0.683500	0.447900	0.257500	1.405200	1.018200	-0.337100	0.000000	-0.227900	0.886500
104	2.503800	1.705700	4.773100	4.547000	3.555500	0.952900	3.667000	3.949700	0.000000	3.687600	3.087500	3.223000	5.440600	3.579200	7.369300	5.784600	13.452100	6.717300	11.773900	34.671522
105	0.000000	-0.269700	4.629000	4.046700	6.318900	1.470900	15.685100	4.019400	1.538800	2.550900	5.309500	8.452200	8.374600	10.499100	8.222800	7.535100	24.927100	20.530600	13.114300	31.611750
106	5.430000	4.587400	2.557100	3.759700	3.500100	4.124100	6.957600	5.222000	5.532000	3.914000	1.242400	4.207500	3.276300	4.258700	4.208300	5.005200	3.334400	1.128900	0.000000	3.301000
107	1.007000	0.588300	0.149900	0.489400	0.025800	5.635600	0.105900	1.137200	0.980800	0.406200	0.120900	-0.111800	0.000000	0.147000	0.347900	0.256500	0.275600	0.452500	0.141600	0.701300
108	0.000000	2.217000	1.636900	4.764200	4.295600	6.670000	2.348000	3.360800	2.481000	2.082100	1.464800	2.105800	2.603900	2.349400	2.608900	1.782400	2.545300	1.916000	1.742000	2.618600
109	3.426500	2.769000	2.333900	2.606100	2.143900	7.125900	3.216400	0.000000	1.316300	2.426300	1.861700	2.430400	4.079800	2.754600	3.988000	2.328400	10.166500	14.798000	12.139100	13.962100
110	1.383700	1.756200	0.895600	1.459100	1.033400	0.615200	1.247000	1.399200	1.456700	1.737300	1.283000	1.292900	0.389000	0.809200	0.000000	0.523000	1.223300	1.180500	0.293900	1.577900
111	6.266400	4.319600	0.000000	3.034600	4.008000	8.501000	8.555200	3.000500	4.953000	4.153400	-0.009400	3.281600	4.958800	2.860300	5.323600	3.569600	10.094400	8.918200	4.570900	4.413400
112	1.122500	0.000000	0.486300	0.502800	0.001000	-0.494300	1.022800	1.325300	0.891200	0.825800	0.228400	0.793400	-0.705900	0.185600	-0.893000	-0.111500	0.675300	-0.009100	-0.187800	1.584800
113	0.953100	0.376800	0.220300	0.784900	0.224600	-0.587100	0.276000	0.287400	0.472300	1.007800	-0.137400	0.000000	-0.304300	-0.078500	0.695500	-0.108800	0.258500	0.226400	0.271300	0.393400
114	3.113100	1.734400	-0.477000	1.036600	0.000000	5.489600	1.247000	1.653700	2.032100	2.128500	-0.381400	0.971700	1.249100	1.258700	2.565800	1.714000	1.188000	0.177000	-0.208400	1.734900
115	5.860200	4.012300	0.000000	3.582000	2.316000	7.781400	8.811500	4.592200	5.045100	3.924500	0.673600	5.144600	4.103700	2.996600	5.602400	4.539700	9.554400	5.120200	1.135000	3.299500
116	1.700800	1.053600	0.382500	1.109300	0.623200	3.219900	0.000000	0.662500	0.918900	1.318700	-0.173500	0.247100	0.865500	0.849900	1.693600	0.859000	-0.021700	-0.006100	-0.144700	1.130400
117	0.000000	-0.597500	-0.105000	0.762600	0.669500	3.613800	-0.290400	0.816900	0.383000	0.512700	-0.077100	-0.293500	0.040400	0.002400	0.573400	-0.407800	-0.332700	-0.062200	-0.329800	-0.387500
118	1.948200	1.157400	-0.513300	2.446500	0.907100	2.631400	-0.183800	0.855300	0.781800	1.353900	-0.768300	-0.257500	1.166300	0.681400	1.758100	0.000000	-0.108100	-0.078000	-0.179600	-0.438300
119	0.000000	2.852100	2.735800	4.020000	4.745000	6.727900	1.356300	3.498200	2.540000	2.686900	2.836900	1.803300	2.710800	2.426400	2.536500	2.112600	2.948800	2.695800	2.588000	2.647500
120	4.059000	1.919000	2.066000	0.000000	0.293700	6.719600	11.975300	1.634800	3.463800	2.072000	4.521300	7.586500	7.854900	7.041100	5.467000	2.730100	27.549050	17.970400	11.612900	12.124100
121	1.021800	1.289500	0.347700	0.436400	0.432000	4.627400	0.136100	0.789900	0.818800	1.122600	-0.036900	0.000000	0.524400	0.853800	0.514900	0.538100	0.625700	0.596400	0.539000	0.668300
122	1.003900	-0.414800	-1.879800	-1.137600	-2.461200	3.522200	0.000000	-0.128000	0.803100	-0.226000	-1.477300	-1.186900	0.436900	-0.598400	2.303000	0.919900	0.061500	-1.454100	-1.637900	0.156200
123	5.425800	3.273400	0.024200	0.000000	0.810900	5.173200	7.178400	2.665400	4.634300	2.566100	1.335400	7.418500	7.133300	3.741000	5.112300	2.671700	20.685900	15.791000	13.513400	19.501300
124	6.677400	5.128100	3.064400	7.369200	5.886400	6.742200	4.857000	4.891300	5.967500	4.371000	2.156700	3.675600	4.971900	4.759300	5.682300	4.881700	2.145600	0.000000	0.851400	4.088700
125	5.835400	4.261800	0.012800	1.006900	0.000000	5.161300	7.134000	3.169600	5.375100	3.501600	0.359900	5.259700	5.644700	4.186600	6.012600	3.523600	11.799700	6.500300	2.957900	3.443700
126	1.818700	0.440600	-0.159500	2.108800	1.325600	2.514700	11.339000	2.536500	1.452800	0.000000	-0.411300	5.443500	3.570500	2.021100	3.653600	1.566200	36.827040	19.340800	13.591100	37.484800
127	0.000000	9.996100	30.238020	25.969850	29.059940	20.769000	42.770790	25.567810	16.205800	16.724200	24.834240	33.689462	29.021380	27.984060	30.412650	30.004680	61.499400	52.302900	47.240300	71.297600
128	3.680300	2.662300	2.542600	0.000000	1.483000	4.673600	8.525000	2.359600	2.584500	2.132500	2.231800	5.997600	6.134100	3.954300	6.112100	3.015200	24.109900	13.897700	10.791100	9.026800
129	-1.247100	0.000000	0.733800	1.454400	1.554400	-6.411700	3.376700	3.645900	1.970700	1.258100	-0.837600	2.258300	2.669900	0.788700	3.847600	2.886600	0.962500	5.046400	0.286500	4.325900
130	1.105500	-0.412600	-2.653800	-2.086500	-2.416300	8.575600	-0.526800	0.000000	1.592200	-0.243500	-0.456400	0.453500	1.930300	0.434000	2.693000	0.909200	1.062000	12.182300	0.694200	2.497100
131	3.875000	3.015600	3.085300	3.138500	3.260200	1.755200	4.621100	4.402300	3.663900	2.962700	3.520000	3.827500	0.000000	2.892800	4.494800	4.434300	5.975300	4.754400	4.374600	4.681400
132	0.517600	1.432300	0.937500	2.939000	1.538200	3.363800	0.038000	1.378500	0.995500	1.934400	0.708200	0.911800	1.268100	0.970900	1.889600	1.336400	0.967800	0.000000	-0.402600	0.264200
133	0.641400	-0.616600	-1.645600	1.328200	-0.129400	-1.522600	0.484600	0.010700	-0.000100	0.000000	-1.893900	-1.635500	0.812200	-0.429000	2.725200	0.471800	-2.980400	-1.864800	-2.489100	0.105700
134	3.517800	2.009400	1.496600	0.000000	0.268400	6.563000	13.374600	2.517200	3.998100	2.036500	0.531100	7.883300	4.847900	4.739400	4.569100	3.099900	27.490920	19.620600	13.158500	29.047710
135	3.427400	2.114600	0.681500	2.518200	2.529400	8.662200	0.000000	1.811400	2.475600	2.773300	1.046700	1.050100	2.806600	2.509400	3.981100	2.936100	3.148900	3.043900	2.053500	3.820600
136	1.278500	0.000000	-1.035300	1.301400	0.126900	3.192200	0.135700	1.099600	0.780900	0.551400	-0.808300	-0.654400	0.449700	0.346800	1.624900	0.018300	0.682700	-0.487100	-0.790300	-0.292700
137	3.431300	1.511800	-1.021900	1.158400	0.810300	5.845800	11.110300	0.000000	1.677500	1.177000	0.539900	4.761600	3.951300	3.326600	2.371700	1.432200	14.321300	7.600500	6.453000	3.923900
138	2.022000	0.000000	-0.291500	0.062900	2.145800	3.034700	5.942700	-0.151400	0.773100	0.332100	1.006500	5.504200	5.481600	2.381400	4.877600	2.128200	33.822621	25.176010	15.891000	13.848900
139	2.587600	1.810300	0.000000	1.176800	0.129200	4.856200	1.646300	1.415400	2.040100	2.010500	-0.129000	1.512300	1.537000	1.480500	2.616900	0.935600	1.075000	1.426400	-0.774900	1.256900
140	1.842500	0.427200	-0.537800	2.685100	2.604400	4.658400	0.655200	1.237400	0.112000	0.824000	-0.139200	0.264900	0.534200	0.513700	0.000000	0.147700	-0.224500	-1.189800	-0.587500	0.206800
141	2.245600	0.000000	3.110600	2.836700	4.623300	4.514900	15.071500	1.723400	1.355000	2.823200	3.351200	8.909500	5.478900	5.217500	4.308200	2.051900	18.929400	11.971000	9.740100	15.615000
142	2.883200	1.576200	0.000000	2.731400	2.391100	8.366500	1.257600	3.165300	2.568800	2.229500	0.077200	1.066600	2.186000	1.440900	3.105300	2.286400	0.977900	1.260300	1.193300	2.172900
143	1.374100	0.514000	0.292100	0.919100	0.490100	4.524800	0.145500	1.394800	1.437600	1.398100	0.318500	0.000000	0.905700	-0.077900	1.330400	0.658300	0.676400	0.245500	0.103500	-0.140400
144	1.708500	1.298500	0.188200	1.494400	1.572000	3.406900	-0.039600	3.327900	2.222800	1.291200	-0.020000	0.572600	1.311200	0.982100	2.278300	0.634300	0.834300	-0.118200	-0.470300	0.000000
145	0.000000	3.492200	3.977000	5.259800	5.093900	7.411000	3.056300	5.137200	3.774600	3.792200	3.844400	3.206900	3.833900	3.672000	3.972200	3.866900	3.944800	3.946100	3.933000	3.588900
146	4.956300	3.375800	0.441300	2.455400	1.535500	4.344600	1.773800	3.058900	3.603000	3.436100	0.532300	3.243300	4.483500	3.258200	4.961300	2.770300	1.913900	0.154300	0.000000	2.728900
147	1.459500	0.557200	-0.292300	0.236200	-0.340100	1.481200	0.160500	0.404600	0.940300	0.672300	0.063600	-0.078000	0.000000	0.392800	-0.256100	0.786200	0.447700	0.354100	0.280500	0.691600
148	4.936100	2.842300	1.332300	0.000000	2.088100	2.457600	13.930200	2.257000	3.906900	2.157600	3.420000	9.371100	7.277600	6.270600	5.841200	4.302000	21.853100	14.696000	11.847800	25.202790
149	4.954800	3.257200	1.173000	1.615100	1.071300	5.656600	1.529000	2.509600	3.615000	2.959800	0.828900	1.161800	3.632400	2.342600	4.771200	2.896400	0.517300	0.000000	-0.311100	1.654100
150	6.288800	4.535300	0.000000	1.374700	0.429800	8.616900	8.393700	3.655200	5.325500	3.626600	0.483500	4.712500	5.389500	4.236600	5.975400	4.628500	11.199000	8.498100	4.135900	7.678500
151	5.107500	3.830500	0.000000	3.788400	2.511900	4.125300	9.967700	4.661000	4.119200	3.383700	0.877700	5.344500	4.099000	3.271700	4.587100	2.299100	9.992000	8.035300	1.414100	4.232000
152	1.347600	0.525300	-0.225500	2.055000	1.192300	5.000000	0.000000	1.003300	1.237000	1.164900	-0.455500	-0.302900	0.717300	0.144400	1.371200	1.181200	-0.208200	-0.163400	-0.361300	0.678200
153	1.632400	1.254800	0.849000	1.065400	1.343300	1.055700	1.508300	2.454000	1.525500	1.217100	0.931900	1.064000	1.465500	1.446800	0.000000	1.043100	1.690300	1.134400	1.128700	1.632400
154	0.833000	0.000000	9.379300	3.490300	8.501100	7.171800	8.797000	2.312500	0.876100	1.425700	8.321700	13.826600	15.610900	11.414600	9.391400	4.985600	27.536040	26.566110	24.446690	50.649300
155	3.465300	2.547200	2.444300	0.000000	-0.934300	4.988200	2.879600	1.468600	2.520400	1.566700	0.549000	1.770300	1.975600	2.957000	4.138300	1.980600	6.789200	2.183600	2.468500	1.207900
156	2.315200	1.753000	1.274800	1.073400	1.486100	5.164500	0.271800	1.770400	2.004300	1.507800	0.886800	0.000000	3.083500	1.582700	4.624200	2.276600	1.825500	1.760200	0.686300	3.699200
157	0.000000	2.653800	19.804200	12.919200	16.103500	3.921900	22.866100	12.270000	5.412800	5.533800	13.741800	17.930800	18.087000	14.424700	15.948800	11.611300	36.469880	30.843960	26.445290	75.929100
158	2.812100	2.217800	-0.237700	0.582900	0.000000	3.023500	-0.656300	1.744500	2.681400	2.426200	0.213800	0.207400	1.571300	0.773600	2.012200	1.695400	-0.163400	0.662300	0.495000	1.289100
159	0.581800	0.400500	-0.234700	0.321500	-0.154200	3.019000	-1.243500	-0.936800	-0.745500	0.848100	0.290200	0.000000	1.112900	0.058600	0.224200	-0.678000	-1.756500	-1.181400	-1.727700	-0.487000
160	2.028400	1.579800	1.579500	2.087200	1.547200	0.000000	1.482800	1.990800	2.004200	2.212800	1.328800	1.446700	1.179000	1.380400	2.009000	1.503000	1.919900	1.816800	1.697100	1.897300
161	2.040700	1.232900	0.496200	1.231800	0.784800	0.883000	1.157500	1.665400	1.572600	1.726500	0.312000	0.763500	0.000000	0.535400	1.151500	1.397400	0.551600	1.138600	0.647600	1.687400
162	0.589300	-0.454100	-1.545600	-0.806600	-1.144300	-0.885700	-1.014400	0.126500	0.250900	-0.103200	-1.252600	-0.840600	-0.571800	-0.561900	0.000000	-0.619100	-0.577000	-0.850100	-0.933500	-0.406400
163	1.649200	0.243000	-0.886100	-0.871000	-1.497000	3.874900	0.456000	-0.386700	0.652600	0.639000	-1.080700	-0.037500	0.000000	-0.213500	0.787100	1.044200	1.691800	3.071000	2.609600	1.238500
164	0.600600	0.030300	-0.242800	1.259100	0.742900	5.961100	-0.518700	0.339400	0.775500	0.927000	-0.283700	-0.089200	0.000000	-0.174100	0.321300	0.670600	0.071900	0.076600	-0.000100	0.351100
165	0.861500	0.260800	0.142800	0.531300	0.039000	3.066700	0.000000	0.437600	0.214700	0.906600	0.024200	0.184900	0.593400	0.249700	0.899400	0.220600	0.750000	0.119900	0.083800	0.134300
166	1.572000	0.000000	6.264900	2.574000	2.971800	6.160400	4.223300	1.904400	0.574800	0.423400	3.196100	4.175800	5.647500	4.156100	5.940900	2.947000	14.712200	13.647200	11.787200	13.584100
167	3.364000	2.487900	0.000000	2.296300	0.897200	5.644700	1.418500	1.914600	2.712500	2.647200	-0.409300	1.466800	2.726700	1.839900	3.741300	2.187000	0.915500	3.861900	1.695400	2.135200
168	0.521600	-0.091000	-0.326600	0.296500	-0.234500	1.674700	-0.487000	-0.050800	-0.210800	0.598000	-0.546400	-0.215500	0.000000	-0.212200	0.245700	-0.666500	-0.011400	-0.256500	-0.383400	0.234800
169	1.071500	-0.156900	-1.298300	0.157000	-0.524500	3.863900	-0.294400	-0.422300	0.531900	0.558000	-0.989900	-0.103200	0.000000	0.210200	0.526600	-0.039800	-0.518300	-0.369800	-0.443400	0.343600
170	4.716100	3.057000	-0.048800	2.606000	2.006500	5.240900	5.752700	2.382900	3.588600	3.336500	0.000000	2.504600	4.746000	3.463900	5.670000	3.334300	16.834800	16.689400	12.215500	20.373100
171	1.288500	0.431200	-0.495400	1.027700	2.127600	5.086200	-0.148700	1.706500	0.911600	1.155900	-0.225100	0.000000	0.418000	-0.168400	0.906200	0.194300	0.190600	0.231500	-0.207500	0.223000
172	1.022800	0.741100	0.830100	4.888300	1.407800	5.346600	1.240000	2.183500	0.000000	1.660400	0.945400	1.020100	1.196500	1.314100	1.488000	0.521400	1.534300	1.775200	1.460000	2.142800
173	1.102900	0.412900	-0.636500	0.915000	1.184300	2.590700	0.000000	0.560700	0.446100	0.839500	-0.234600	-0.056500	0.510600	-0.091400	0.741000	0.553200	0.722100	0.299100	0.243500	0.746300
174	0.000000	3.455000	4.023300	5.729500	5.684200	8.608300	3.429500	5.663700	3.990400	3.822800	3.435500	3.715400	3.950300	3.524600	3.934100	3.433800	4.159200	4.124000	4.137800	4.271800
175	4.982200	2.729200	-0.390500	0.649100	0.000000	5.806400	10.921700	3.178500	4.469300	2.712600	1.319500	6.493900	5.298700	3.993300	5.164700	2.668500	16.746100	17.848600	10.386900	4.823400
176	2.582500	1.379500	0.060400	0.211000	-0.653600	2.819800	0.431600	0.752700	1.694200	1.080700	0.140600	0.000000	0.577500	0.439100	1.286800	0.836900	0.796300	0.564500	0.293300	1.317800
177	3.657900	2.876200	-0.601800	1.392100	0.000000	1.442500	3.023800	2.221700	3.552200	1.967200	-0.544600	3.828400	3.215000	1.913400	3.859500	2.533800	4.604800	3.616800	1.796600	0.655900
178	2.127300	1.820700	1.040300	0.000000	0.622400	5.033300	0.781400	1.102900	1.967900	1.092000	0.156700	0.740500	1.464800	0.890600	1.922300	1.363100	1.795800	0.838100	0.790500	1.550100
179	0.161200	-0.254600	-0.670900	1.288100	1.571400	1.130800	-1.058100	0.583900	-0.099500	0.000600	-0.612000	-0.682200	0.505300	0.000000	0.998000	0.021000	-0.729400	-0.627800	-0.577300	-0.198900
180	1.750400	2.770400	2.586400	3.294000	3.303200	3.573700	2.282000	2.994200	2.713500	2.818000	1.051200	2.560300	3.206500	2.846200	3.058200	2.999600	3.258200	1.467300	0.000000	3.025100