SITE	GLY	ALA	LEU	VAL	ILE	PRO	ARG	THR	SER	CYS	MET	LYS	GLU	GLN	ASP	ASN	TRP	TYR	PHE	HIS
1	0.060500	0.000000	0.021500	0.483700	0.266100	0.230900	-0.086700	0.360000	0.191700	0.144600	-0.087800	0.064700	0.095100	-0.497800	0.159600	-0.581200	-0.170400	0.362700	0.323300	-0.198000
2	0.879500	-0.211500	-0.773500	0.944700	2.078800	-1.194900	-0.325900	1.102500	0.289100	0.138700	-0.852900	-0.435100	-0.786400	-0.281900	0.000000	0.162000	-0.013200	-0.640800	-0.701200	0.079800
3	2.255600	1.133800	-0.480200	-0.874900	-1.205200	0.887900	-0.857100	0.000000	1.307900	0.530600	-1.118900	-0.685600	1.040100	0.048200	1.333300	1.516000	0.166500	0.464300	0.843400	1.638900
4	6.829100	5.091000	0.000000	2.081400	0.870600	7.477500	5.354300	4.066000	5.991000	3.944000	-0.125400	4.011100	5.314900	3.921400	5.932600	4.500300	-0.472700	3.479600	1.056600	3.593500
5	6.677700	4.509400	0.000000	3.415000	2.906800	10.013700	7.007400	4.291100	6.244200	3.814400	0.123800	4.244100	5.661200	4.388500	6.411300	5.041200	9.149100	5.282200	2.697800	4.053500
6	5.736000	4.420200	0.049500	1.267500	0.000000	6.705600	4.547200	3.255800	5.105500	3.400800	0.092600	4.171300	5.134000	3.700600	5.465200	3.478900	5.961300	2.047700	0.474400	3.086300
7	5.409200	3.747900	0.000000	0.956200	1.450000	6.281500	7.902000	3.433400	4.971000	3.146300	0.336800	3.198800	4.951300	2.370100	4.400600	3.062400	20.825120	14.188800	7.441800	5.070700
8	0.000000	1.318100	14.323400	8.537800	10.032500	8.377500	13.444300	7.792800	2.103900	4.312600	10.229300	13.386900	16.551900	13.957200	15.622700	10.079000	33.565290	36.967870	29.684980	19.356400
9	-2.386800	-2.790300	-3.991400	-2.876000	-3.056400	-2.416500	-3.261300	-3.230700	-2.639800	-3.174200	-4.321400	-3.232700	-2.827200	-2.169300	0.000000	-4.098300	-2.265400	-4.500300	-4.680100	-1.822400
11	1.667000	1.965100	0.000000	2.826100	2.959000	4.546000	0.282800	1.856800	1.697200	1.544000	-0.140600	0.722700	3.886400	2.006500	4.145800	1.954200	0.275900	-2.204400	-0.924800	1.018200
12	-0.825100	-2.122000	0.375100	-0.514500	2.187300	-1.531300	6.450600	1.391100	0.000000	-0.314300	1.982800	3.163400	6.608600	4.082600	5.227300	0.446300	7.525500	3.298100	2.960200	4.036000
13	0.834200	0.000000	0.042700	-0.174200	-0.744200	5.138500	-0.580700	1.189500	0.824400	0.097100	-0.333000	-0.229900	0.929500	0.224500	0.854100	0.526200	0.413500	-0.254000	-0.522300	0.232400
14	0.000000	5.765700	12.619000	10.391300	13.676300	13.619300	12.248400	10.201300	7.996100	8.433100	13.359400	15.220700	16.296150	16.460400	10.921200	8.703700	32.271920	29.583070	29.302440	12.797100
15	2.238000	1.516800	0.502500	1.226700	0.847000	1.201900	1.326400	1.379200	2.056100	1.329900	0.050400	0.730100	1.612900	1.348000	1.929400	1.465600	1.103500	0.000000	-0.337500	1.672000
16	0.381900	2.427600	1.598000	3.366300	4.445400	10.702800	0.000000	4.357800	1.938300	1.685800	1.811300	1.040600	2.319500	1.531900	2.475000	1.414600	1.807400	1.654300	1.512700	2.363100
17	1.844700	1.317400	0.148000	1.218300	0.779200	6.261000	4.112800	1.320000	1.623200	1.212800	0.000000	2.731600	2.425900	2.136600	2.381200	2.244900	2.074100	1.748700	0.948200	2.830400
18	0.438100	0.200000	0.388700	0.701900	0.631500	-0.909400	0.599000	0.707300	0.000000	0.124600	0.147700	0.336200	-0.365800	0.203200	-1.270900	0.246200	0.813800	0.581100	0.619600	0.308200
19	0.442600	0.000000	-0.834300	0.060800	-0.179400	-0.821000	-1.012700	0.099300	0.335600	0.034000	-0.981800	-0.728400	-0.684200	-0.325800	-0.621200	0.000300	-0.076500	-0.617000	-0.000300	0.257200
20	0.157600	-0.246100	-0.176700	0.220400	-0.031700	-0.579100	-0.094500	-0.174000	0.000000	0.135100	-0.237400	-0.104700	-1.032000	-0.575200	-0.982400	-0.235100	0.286200	0.232400	0.185700	0.041800
21	0.323600	0.000000	-0.242700	0.612200	0.839400	-0.062000	0.694100	-0.466500	-0.614100	0.049100	-0.124700	0.164200	0.237800	0.274800	-0.730700	0.019600	0.714900	0.452900	0.158500	0.487200
22	1.411500	0.000000	8.842700	3.327100	4.883000	2.849800	10.482400	1.978500	0.718800	2.073600	4.344500	6.314300	9.647600	7.174200	8.091500	6.810300	27.638664	19.891080	18.722110	32.398690
23	6.879300	5.748600	4.281900	8.073900	9.023700	9.069100	5.313100	8.774800	7.055200	6.479800	4.877000	4.145500	7.406700	6.702500	6.880200	5.310400	0.000000	1.632100	2.320400	4.802000
24	4.601700	2.732600	4.533600	2.390000	3.398400	0.000000	8.530600	3.774000	4.664900	3.185200	5.616300	9.001200	7.801900	5.557100	7.562000	6.712400	16.012610	13.365700	12.353700	21.642450
25	0.900000	0.000000	0.784200	3.913000	1.091600	4.481400	0.834000	0.567800	0.318600	0.767500	0.145100	0.514500	0.490200	0.487500	0.604600	1.128700	0.761700	0.542700	0.670200	1.344600
26	2.193800	1.061100	0.000000	0.691200	-0.177100	1.682000	1.117600	1.700400	1.932100	1.536800	0.097300	0.632500	0.577100	0.519800	1.256000	1.608600	0.323100	0.494500	0.398700	1.037200
27	5.714700	3.768000	0.000000	1.978300	1.737000	11.822600	5.065300	3.566300	4.311900	3.732900	-0.548900	4.045300	4.949400	3.755400	5.596400	3.762400	5.459100	8.288400	6.861500	3.479900
28	0.852200	-0.215700	-0.372000	0.796100	0.682200	5.379700	-0.096400	1.364100	0.039900	0.179100	-0.286100	-0.387500	0.116600	-0.142500	-0.370000	0.000000	0.935900	0.406300	-0.567600	0.226100
29	0.563000	-0.094800	-0.394100	0.063100	-0.451000	1.864100	-0.128400	-0.279200	-0.232500	0.434900	-0.604500	-0.225300	-0.540700	-0.310400	0.000000	0.165700	-0.656300	-0.494300	-0.642700	0.127100
30	1.563800	0.444600	-0.009700	1.020400	0.078200	2.390200	0.410700	0.516600	0.320200	0.850300	-0.470700	0.000000	0.606800	0.501500	1.013500	0.860400	0.203200	-0.055700	-0.342800	0.981200
31	5.368100	4.606800	3.033000	5.273500	4.302400	8.756700	3.556900	4.928800	5.338900	4.500200	1.986300	4.103100	5.119500	4.196200	5.597900	3.719200	0.000000	2.847900	2.382200	3.948000
33	-0.280300	-0.097600	-0.056100	-0.020100	-0.006500	-0.180800	-0.087800	-0.046900	0.000000	-0.138100	-0.082000	-0.079600	-0.080200	-0.079700	-0.085400	0.102200	-0.070500	-0.069100	-0.220100	-0.025200
34	-0.476400	0.234500	0.272100	1.381900	0.912100	3.238000	-0.255800	0.518600	0.121600	0.178000	-0.077400	0.000000	0.223700	-0.177100	0.311600	0.247000	0.459900	0.362700	-0.245100	0.407900
35	2.625700	0.977200	-2.217100	-1.259500	-1.916500	-0.462700	0.633500	0.000000	1.984800	0.449300	-1.417900	0.044500	2.335400	0.806100	2.151400	1.201200	-0.479200	-2.114400	-1.331900	1.051800
36	0.243000	-0.362600	-1.514600	-0.988200	-1.508700	2.120300	-1.976100	-0.395200	0.000000	-0.586700	-1.817000	-1.434900	-0.942300	-1.248400	-0.649700	-1.120200	-1.947600	-1.854200	-2.061600	-1.283700
37	4.977800	3.490900	-0.294700	0.000000	-1.049700	3.301000	8.084300	2.722100	4.507100	2.193900	0.297700	7.430500	6.185200	5.493300	4.775700	2.478200	13.167500	5.935400	4.992500	6.216000
38	2.969900	1.712000	0.120600	0.000000	-0.013800	4.653400	0.974300	1.184500	2.088700	1.328800	-0.349100	0.171800	1.189100	0.861000	1.521500	1.526600	0.738200	1.023200	0.893100	1.467800
39	3.256800	2.541400	-0.260000	2.341200	0.979300	1.321200	2.978500	2.417200	3.074800	2.001800	0.528400	2.193300	2.076300	2.446200	1.853200	0.000000	0.867400	2.226100	2.171700	3.558300
40	1.257500	0.000000	-0.392700	1.827900	1.982400	2.775500	-1.001100	2.164100	1.398300	0.160600	-1.032000	-0.120800	0.312100	0.258800	0.616000	2.148600	3.246600	3.947800	3.717400	6.021400
41	0.939300	-0.396700	6.363500	2.411700	4.868300	2.490100	15.766600	2.895300	0.000000	1.065600	8.203300	10.733400	12.337700	12.498500	6.689200	5.275200	35.196070	21.194220	18.110150	25.380100
42	2.013100	1.060200	0.085000	0.411200	0.000000	3.663800	-0.054100	0.636200	1.022600	0.915000	0.308400	0.250000	0.792100	0.122600	0.864300	-0.225800	0.832100	0.286100	0.192600	0.069000
43	0.251900	-0.320600	-1.391100	-0.338100	-0.583900	-1.770100	-0.751100	-0.099900	0.000000	-0.109300	-1.534300	-0.627700	-0.236300	-0.113300	0.094500	0.043700	-1.264700	-0.932600	-1.117900	-0.258200
44	0.000000	2.578800	3.618100	4.956200	4.719500	5.858500	2.999300	4.855800	3.817900	2.727000	3.017000	3.563500	3.843700	3.538600	3.969400	2.644900	3.260700	3.364700	3.398500	3.445300
45	1.342400	0.144500	-0.543000	0.614700	0.816200	7.150300	2.790400	-0.255400	0.805000	0.123700	0.204900	1.805800	3.216900	1.988100	0.000000	-0.235000	0.299700	-0.037700	-0.186300	6.196900
46	1.327600	1.274700	1.066400	1.135600	2.527300	-0.525500	3.652100	0.000000	0.039400	1.576400	1.657400	1.995300	1.771700	1.673700	0.527700	0.091000	2.525200	2.362800	2.043000	3.424300
47	1.381200	-0.550900	-2.006600	-0.503500	0.639500	0.410500	7.205600	-0.536900	0.000000	0.408600	-2.000700	4.015000	5.732900	1.453900	3.105700	2.175400	26.131420	14.415400	11.084800	5.945900
48	1.937500	0.841900	-0.739200	0.517200	-0.532700	1.213000	-0.616800	0.373600	1.142500	1.112900	-0.950000	-0.165600	0.397700	0.000000	1.024900	1.156700	0.214900	-0.480800	-0.053500	1.245800
49	1.087000	0.088500	-0.429200	0.333800	-0.042100	1.425600	-0.551200	1.152900	1.274300	0.539900	-0.512300	-0.281600	0.341600	0.000000	0.061500	-0.517100	0.024500	-0.105100	-0.236200	0.454500
50	0.000000	-0.334800	1.258900	3.518500	2.243400	4.611900	7.969400	2.253000	1.820200	0.994500	4.869000	3.489200	6.986800	4.961300	3.994400	0.862900	20.263770	12.783900	9.452000	48.595100
51	3.266500	1.794500	0.000000	1.884100	1.341600	8.773600	1.331500	3.750700	2.137400	2.182600	0.302900	0.921000	2.511700	1.687400	4.107700	2.715900	1.279000	1.262300	0.994900	1.742500
52	0.839300	0.000000	-0.284600	0.435600	0.006100	4.848100	-0.255400	0.975900	0.624100	0.629300	-0.691300	-0.146900	0.245900	-0.225200	0.939300	0.133900	-0.093100	0.012300	-0.453300	0.371000
53	4.457300	3.855200	2.780800	3.712900	3.048400	5.934100	0.000000	3.373600	3.374100	3.624200	2.610700	2.800200	4.347100	3.679900	5.143700	4.209900	2.182800	2.549000	2.436900	3.644600
54	5.191700	3.781100	0.000000	2.918600	3.856500	8.339600	6.392700	3.237600	4.020700	3.555400	-0.105600	4.377500	5.599900	2.791100	6.390400	4.555900	13.839400	6.391800	1.488200	3.449400
55	1.198900	1.432600	1.189100	1.547100	1.083400	0.000000	0.172500	1.366300	1.180000	1.672400	1.534700	0.945700	1.413700	1.167500	1.862000	1.420600	1.197400	0.901000	0.570900	1.532900
56	0.770900	0.000000	-0.875500	0.275600	-0.537900	-1.286600	-0.518200	0.075900	0.142300	0.162700	-0.931300	-0.719700	-0.129200	-0.347600	0.451300	0.505000	-0.767100	-0.421700	-0.640400	0.516100
57	3.954400	2.279100	0.000000	2.383000	1.426000	3.822500	1.822600	3.046700	2.962600	2.649100	0.792700	1.919600	2.747100	2.517800	3.788400	2.288000	3.472900	1.692300	1.815000	2.813300
58	4.499100	3.347800	0.000000	3.091100	1.516500	9.088200	2.699100	2.675000	3.935700	3.359400	0.204400	1.573200	5.038300	3.253800	5.578600	4.133300	5.524200	5.468900	3.466300	4.077200
59	0.862200	0.685800	0.383500	0.705500	0.163400	1.625400	-0.207300	1.098200	0.482500	0.566800	-0.139600	0.000000	0.401300	0.220400	0.804400	0.385000	0.058200	0.172600	0.115900	0.231500
60	1.218700	1.287900	0.074100	1.150200	0.967500	8.068400	0.414400	1.310400	1.437800	1.651700	0.718200	-0.023900	0.456600	0.000000	0.531700	0.286300	0.563500	0.342600	0.286900	0.425600
61	2.785200	1.392100	-1.426300	0.215400	-0.247500	3.379600	0.617500	0.687600	1.945900	1.299900	-0.636400	0.189800	1.018400	0.695800	1.985100	0.726800	0.269900	-0.819000	-1.088500	0.000000
62	0.299800	1.132200	0.446600	1.302500	1.219100	3.312400	-0.485200	1.594700	0.359700	1.409700	0.303600	-0.086600	0.926800	0.000000	0.510300	0.255500	0.662200	0.666300	0.446900	0.492300
63	4.501800	2.675200	6.510400	3.146800	4.211000	0.000000	12.411100	4.741400	4.446100	3.619500	3.975700	10.618600	7.118200	8.242600	6.610400	5.703100	23.676160	17.559290	14.621300	54.604600
64	1.785200	0.913700	-0.112800	0.711900	0.568000	0.283000	0.000000	1.340300	1.533400	1.165700	0.311400	-0.362900	0.973000	0.587500	0.954100	0.754600	1.271500	0.623900	0.629700	1.329200
65	4.926800	3.301200	0.821900	1.430500	1.485600	3.660400	1.686100	2.932500	3.555500	3.084600	1.592200	2.206200	4.351500	2.771900	5.268400	3.137700	0.000000	0.658100	0.639300	2.469200
66	5.658000	3.658100	-0.681900	0.000000	0.389900	6.749200	8.094200	2.703000	4.916000	2.791500	1.106900	4.241300	5.655800	3.974300	5.366500	2.849800	12.028700	10.548000	6.647000	5.807200
67	5.380000	3.462800	0.000000	-0.126700	-0.813500	4.599600	4.548200	2.539400	4.731700	2.070600	0.151700	1.539400	5.958900	4.243900	5.358300	3.784600	9.133800	8.002400	4.804700	4.699100
68	5.081300	3.501900	-0.438400	0.000000	-1.244800	5.619800	4.302200	2.580900	4.461100	2.497900	-0.425500	2.176100	5.237300	3.498400	4.591000	2.817200	18.194580	9.129800	5.570000	4.342700
69	1.141400	-0.544500	-3.715500	-2.550600	-3.454800	2.600200	2.039100	-0.040600	-0.071400	-1.281100	-3.783800	0.372200	0.000000	-2.920800	0.136500	-0.603300	7.135900	4.598500	0.810500	-0.780400
70	3.843700	2.984100	0.000000	0.899600	0.776000	6.303000	2.707600	2.840800	3.062500	2.200800	0.586200	3.344500	5.086300	3.017500	5.662000	3.915900	14.380200	2.429800	2.482300	2.807200
71	0.000000	4.240500	8.839000	12.116800	12.574200	9.392300	17.220200	12.865800	7.715700	6.589100	7.809300	9.381400	15.792400	10.796400	13.614800	11.633700	31.269000	28.361900	12.046200	18.380120
72	0.000000	-0.810800	-2.202100	-0.302800	-1.586700	-0.997500	-2.729400	0.532800	-0.964100	-0.405500	-2.342000	-1.111000	0.591300	-0.374400	1.053900	0.088400	-1.328800	-1.846300	-2.678900	-0.509600
73	0.834000	0.152000	-0.703000	0.074000	-0.007900	-0.577700	-0.500800	1.017600	0.734600	-0.008700	-0.691100	-0.344500	1.041000	0.056900	1.805500	0.000000	-0.245000	-0.625500	-1.062500	0.103100
74	4.787100	3.571700	4.349200	3.369400	3.738900	1.174900	10.005900	2.798600	3.599200	3.325800	4.609800	5.723100	-0.030000	5.412400	0.000000	3.247200	19.868090	13.114500	5.144300	9.544900
75	0.000000	3.759600	4.550100	10.302700	10.614300	8.492400	7.578900	8.524300	5.398600	5.448100	6.507000	6.623700	7.317800	6.419100	8.448000	5.810400	12.106700	10.239800	10.417500	5.936100
76	-0.047800	-0.111300	0.000000	0.751500	0.769800	4.811200	-0.969500	0.076900	-0.449800	-0.222700	-0.217300	-0.711700	-0.627700	-0.328300	0.168600	-0.419400	-0.102700	-0.059000	0.083400	0.338800
77	1.405800	0.831600	-0.007900	0.454000	0.230300	2.296600	0.000000	1.172100	1.089900	0.770100	1.091800	-0.164500	0.574700	0.232700	0.733000	0.837200	0.072100	-0.279400	-0.380000	0.632400
78	0.000000	2.495100	2.942500	3.790900	3.816100	4.814100	2.184300	3.931200	2.882800	2.736200	2.687700	2.473000	2.699800	2.786000	2.725000	2.841800	2.884900	2.854200	2.786300	2.941600
79	2.651400	2.210300	0.833500	1.347500	1.972000	3.400000	2.230900	2.544100	2.616500	2.078600	0.288100	1.527500	3.043100	2.736500	3.864800	2.735600	1.812400	0.504200	0.000000	2.493900
80	-0.155600	0.301000	-0.383800	-0.481400	-0.432700	-0.130800	0.084500	-0.211000	0.042300	0.037200	-0.742600	-0.376800	-0.117500	0.000000	-3.251900	-0.535800	0.115100	-0.113800	-0.412400	0.680400
81	4.069400	2.754800	2.165000	1.560800	1.272800	0.000000	2.884900	2.988500	3.994600	3.083800	2.026000	2.377800	1.686600	2.050500	4.351200	4.081200	1.987500	1.668400	1.355900	3.249400
82	0.987500	0.227400	0.013200	0.343100	0.014300	0.825200	0.331900	0.461300	0.674700	0.527100	-0.237900	0.063600	-0.509600	0.000000	0.383400	0.831900	0.064500	-0.034000	-0.193000	0.627300
83	1.384000	0.550300	-0.787800	0.344800	-0.198300	-1.040600	0.308400	0.776000	1.160900	0.889200	-0.424900	0.067900	-0.063200	0.000000	-0.327500	0.327000	0.316100	0.011100	-0.324400	0.118100
84	2.693500	1.090000	0.534800	-0.469900	-1.498600	5.482700	7.841600	0.000000	1.673000	1.415500	-0.878300	2.901300	4.177100	2.036300	4.535500	1.114900	14.119300	11.567500	8.703700	7.607100
85	2.122500	0.615600	-0.448500	0.960400	0.512700	7.909000	0.765500	0.820500	1.124300	0.842700	-1.049900	-0.037700	0.000000	-0.264500	0.786400	1.532900	12.796300	1.565100	3.663500	12.390300
86	1.525600	0.732100	0.094900	0.939000	0.305200	3.556600	-0.034000	1.166900	0.883100	1.299700	0.074800	0.386500	0.373200	0.000000	1.038600	0.564700	0.473700	0.448600	0.394600	0.516900
87	1.382900	-0.370300	-1.467200	-1.289700	-1.802700	4.175200	0.037000	0.000000	1.153800	0.761100	-1.379800	0.037900	2.003300	1.114400	1.440000	0.421900	3.012800	-1.553200	-1.867200	0.916100
88	5.180000	3.418200	0.000000	1.182200	0.146800	5.974900	5.473700	2.900900	4.630800	3.310800	0.121900	2.923300	4.428100	2.687200	5.539200	3.070100	12.437300	7.077000	4.469000	2.343900
89	3.492000	2.071800	0.787100	3.123500	2.821800	7.901700	0.000000	2.744800	2.863900	2.459400	0.980900	1.429900	2.273400	2.235100	3.204500	2.415400	2.847800	2.354100	2.191400	3.159400
90	1.663100	0.775200	0.164100	0.664700	-0.103400	2.990700	0.013100	1.215800	1.121700	1.249000	0.177300	0.178900	0.955500	0.000000	1.420700	1.209600	0.417600	0.150400	0.277700	0.845200
91	5.984200	3.993200	0.195700	1.238800	0.000000	5.485500	5.172600	3.783700	4.806000	4.044300	0.115700	3.005700	6.032300	4.178500	6.625400	4.715400	10.682500	10.357200	7.633200	16.312700
92	5.726400	4.136900	0.000000	1.593600	0.345900	6.570900	3.928400	4.157100	4.591900	3.837200	0.107500	2.564900	5.297700	3.854100	6.114900	3.505600	9.211900	3.903500	1.464100	1.940600
93	1.451900	0.420300	-0.773400	0.017300	-0.805800	4.876100	-0.259600	1.283200	1.438200	0.990100	-0.502300	-0.496700	0.199700	0.000000	1.143900	1.016700	-0.017600	-0.343900	-0.507400	0.636300
94	1.169400	-0.348800	-2.058800	-1.006900	-1.638600	3.903800	-0.893500	-0.252700	0.262700	-0.062700	-2.487400	-1.079500	-0.309500	-1.106500	0.000000	-0.020300	-1.365900	-1.498900	-1.720500	-0.162400
95	4.756800	2.424400	-0.423800	0.000000	-1.207800	5.424700	8.907500	2.371200	3.194200	2.459500	1.900100	3.810600	4.956000	4.209300	5.391300	3.239700	12.407700	9.881200	6.540000	8.433300
96	2.599200	1.569100	-0.075600	1.361500	0.322400	5.489900	-0.014200	1.672400	2.314300	1.520600	-0.318900	0.000000	1.926400	0.980200	2.849600	1.483200	0.841900	0.113500	-0.165700	1.757000
97	0.879900	0.000000	-0.105800	1.253100	0.869100	5.708200	-0.234000	1.327400	-0.051300	0.718700	0.027900	-0.410500	0.441600	0.352100	1.109300	0.669900	0.368300	0.261500	0.117700	0.694900
98	0.527500	0.000000	-1.509400	0.394100	-0.192600	2.586300	-0.219200	0.263200	0.088800	0.203400	-1.101800	-0.488400	1.301000	0.302500	1.759500	-0.866800	4.846100	-0.201000	-1.143800	0.725800
99	-1.061100	0.849100	0.589600	1.946100	2.380500	5.672900	-0.464700	1.342900	0.627000	0.846800	0.618500	-0.592800	0.565000	-0.001400	0.408900	0.000000	0.706400	0.475800	0.423200	0.260400
100	1.787200	0.000000	0.729600	2.050200	5.225800	6.514400	7.897100	2.072700	0.465800	0.646100	2.010000	2.669800	6.274200	4.589900	5.478200	4.127800	7.370100	6.319700	5.517700	29.220180
101	1.351500	0.549500	-1.679000	-0.400700	-1.138800	2.381900	-0.632700	-0.256100	0.723000	-0.204000	-1.786600	-1.164000	0.000000	-0.883100	0.312900	-0.624300	-1.466300	-1.329400	-1.656800	-0.266000
102	4.244700	2.336300	0.888200	1.051100	0.902200	0.000000	7.093200	2.338800	4.117800	2.091200	1.793000	8.774200	4.382600	6.244900	6.199600	4.361900	17.945960	12.938300	8.436000	7.889400
103	6.349500	4.091500	0.000000	2.103500	0.705300	7.818900	4.601700	4.679600	5.187800	3.345700	-0.127500	2.527100	5.542300	3.649300	5.903700	2.934500	3.706800	0.775400	-0.584000	2.505700
104	5.728800	3.943700	0.000000	1.293900	0.920400	2.937900	3.023000	3.437800	5.103100	3.324000	-0.020100	3.596600	5.026200	2.845700	5.634700	4.135500	8.821500	7.117500	0.678700	3.661100
105	4.149800	2.926500	0.446700	0.455600	0.583600	4.801600	3.287200	1.574400	2.909700	1.937400	0.000000	2.861200	5.032600	3.637300	6.963000	3.962300	15.632700	9.062500	9.241500	8.962500
106	1.820700	0.743300	-0.789100	0.035800	-0.220100	3.523300	-0.292100	-0.151300	0.390500	1.048600	-0.742600	-0.091900	1.123900	0.000000	2.600900	0.339100	-0.522200	0.424700	-0.523000	0.743000
107	2.926600	2.489300	0.724300	0.557000	0.000000	6.483400	0.980400	2.543900	3.713200	2.053900	0.778300	1.782000	4.023400	1.868300	3.900700	2.233700	1.559500	1.203800	0.166000	3.251500
108	1.219800	0.839900	-0.053200	0.497700	0.258000	4.026000	0.000000	1.234300	1.023600	0.837500	0.249200	-0.028900	1.205800	0.384800	2.006200	1.135900	0.670100	0.283300	0.466400	0.740700
109	4.276200	2.984600	0.000000	2.228900	0.967300	1.469200	2.986000	3.450900	3.210900	2.816100	0.719600	0.994200	2.448800	1.462100	3.097500	2.552400	5.105300	4.931200	1.698600	1.824900
110	2.377700	1.734800	1.765300	1.182300	0.845100	0.000000	1.332800	1.849900	2.203700	1.966800	0.275300	1.019300	1.875400	1.802100	1.804000	2.249000	1.806600	1.597400	1.792100	2.698000
111	0.192300	0.000000	-0.001800	0.249500	0.158500	-1.308800	-0.026700	0.222600	0.315800	0.307900	0.266900	-0.092400	-0.635700	-0.163100	0.190700	0.432900	-0.035300	0.091400	0.158700	0.445500
112	-0.050600	-0.156700	-0.070200	0.559300	0.535500	0.477200	-0.025600	0.544000	0.078200	-0.118900	-0.313500	-0.305100	0.125900	0.009200	-0.408700	0.000000	-0.460600	-0.284100	-0.501400	-0.010000
113	0.751900	-0.147900	-0.631500	-1.626600	-1.644100	6.672400	1.126900	-0.457800	0.641900	-0.443800	-0.484600	-1.187600	0.030600	0.817600	0.566700	0.243300	0.092100	0.000000	-0.820200	0.253100
114	0.000000	2.853000	4.099600	7.298800	9.131000	7.026800	3.908100	6.478900	3.257200	4.230700	3.159500	3.661300	3.152000	3.227800	3.976100	3.968200	4.471500	4.280300	4.244000	7.975100
115	0.211800	-1.264100	-1.230800	0.244900	0.132800	-1.738100	0.000000	0.221800	0.354900	0.157400	-0.110100	-0.016400	-0.489000	-0.273900	-1.238000	0.243100	0.109600	-1.292900	-1.363700	0.301100
116	-0.593500	-0.161800	-0.426200	0.213500	-0.038400	-0.535400	0.000000	-0.971000	-1.278900	-0.224700	-0.352800	-0.198900	-1.077600	-0.494900	-1.675700	-0.767000	-0.411300	-0.313500	-0.409800	0.143700
117	1.843400	1.296400	-0.017500	1.300800	0.813000	0.090500	0.261700	1.342800	1.720200	1.480700	-1.018500	0.032500	1.123200	0.609900	1.502100	1.249900	-0.408200	0.000000	-0.658500	0.571800
118	0.897800	0.081800	-1.189200	-0.338600	-1.317200	-0.085700	0.064000	-0.006900	0.764100	0.568700	-0.443500	0.321000	-1.053300	0.357700	0.647500	0.000000	2.084100	4.052500	1.988500	0.796400
119	1.066400	0.371400	0.223100	0.787400	0.359400	-0.818100	0.618500	0.283400	0.200100	1.084700	0.081900	0.343500	0.000000	0.090100	0.266300	0.769100	0.329000	0.452800	0.359600	0.871600
120	1.046900	0.000000	-0.687500	0.007000	-0.751300	2.107100	0.096500	-0.095700	0.057800	0.605000	-0.923600	-0.198200	-0.167700	-0.537300	0.286800	-0.027200	-0.445700	-0.218000	-0.633500	0.261700
121	4.703100	3.049900	0.511100	1.388500	1.184000	6.749400	2.692400	3.395300	4.809900	3.372800	0.336200	0.787800	3.012400	2.798600	4.558500	2.604500	4.285900	3.134200	0.000000	2.916200
122	1.114700	0.173300	0.891000	1.360600	1.154700	5.560100	1.011800	0.493800	0.000000	0.775600	-0.299400	0.718700	1.054900	1.063500	1.654200	1.270200	0.381600	-0.425300	0.115500	1.490700
123	0.873600	0.000000	-0.221300	0.930500	0.518600	3.955700	0.122300	0.486400	-0.079600	0.476500	-0.407400	0.063700	0.056200	0.062900	0.322000	-0.683400	0.271800	0.184700	0.126700	0.565100
124	4.335200	2.834400	0.583200	1.285000	0.000000	6.406900	1.701800	2.019500	3.219900	2.820000	1.557200	3.186000	6.172100	4.400400	5.376100	3.024100	8.526300	16.889800	9.639400	13.060600
125	4.952500	4.328200	1.955200	4.007500	3.339300	3.940100	2.669400	5.174400	6.019800	4.220900	1.748700	2.220800	4.681200	3.531900	5.186100	4.214000	4.839700	0.000000	1.308300	4.565300
126	2.842000	1.918000	1.807300	2.055400	1.686100	0.000000	2.248700	2.288800	2.416200	2.416000	1.542800	1.724800	2.232200	2.102400	2.895400	2.484200	2.337000	2.985400	2.405300	3.050400
127	1.178100	0.333500	0.043300	0.721200	0.211400	2.853900	0.180100	0.711400	0.785600	1.265800	0.240600	0.000000	0.454900	0.102700	0.910200	0.451600	0.317300	0.189000	-0.045300	0.452900
128	5.709900	3.877600	0.000000	2.403700	1.338500	6.156300	8.789000	3.228900	4.738000	3.734200	0.244500	6.139500	6.078000	3.810200	6.584300	3.681300	26.591029	14.891400	9.269400	9.418900
129	1.858900	0.000000	2.569300	1.375000	2.519500	5.248400	1.378500	1.553100	0.696200	1.571200	1.072200	1.557200	2.442000	1.138200	4.513100	2.166700	7.544900	8.744300	7.493900	1.562800
130	1.102100	0.597500	0.160200	0.713100	0.514400	4.351100	-0.361600	0.179600	0.175200	0.862300	0.203900	0.000000	0.560300	0.134200	1.099200	0.362800	0.350600	0.381100	0.340900	0.147100
131	2.903400	1.535900	0.731800	1.594300	1.028100	6.632400	1.367500	2.597100	2.562600	2.126700	0.944800	1.219000	0.000000	0.391600	2.452200	1.490400	1.186600	1.100400	0.859600	1.802600
132	4.438000	4.010800	1.574100	4.222200	2.806200	5.925200	1.582300	4.095800	4.674100	3.974300	1.441200	2.340300	5.133700	2.611700	5.345700	3.213300	3.062600	0.789000	0.000000	1.738900
133	-1.244800	-0.080000	-0.190400	0.909900	1.945800	4.522400	-1.698900	0.197200	-0.216100	-0.561000	-0.006600	-2.126600	-0.044000	-0.931700	0.000000	-1.177700	1.004100	-0.350600	-0.483600	-1.112200
134	3.555700	2.678900	-1.442300	0.000000	-0.682500	4.588400	2.541000	2.363000	2.666100	1.605300	1.031100	1.738300	5.012300	1.471200	4.533600	1.915200	3.439400	6.653700	6.287000	5.740400
135	2.948300	1.720500	1.490800	1.614000	0.939800	0.000000	1.533500	1.938500	2.522300	2.086300	0.844000	1.606400	2.440200	2.344500	3.382300	2.514700	1.830800	0.980700	0.491600	2.413000
136	5.568100	3.209500	0.000000	2.901300	2.246300	4.399100	2.163000	4.251500	3.704300	2.193900	1.692300	2.004800	3.940700	2.818300	3.848100	3.404100	4.162100	3.403100	3.490500	4.865800
137	5.443100	4.114900	0.000000	3.541400	2.146400	3.647200	4.008700	4.391600	4.685800	3.778300	0.776900	4.966700	6.178200	4.536800	6.424400	4.683600	9.306900	3.347300	0.687800	4.521900
138	2.333000	1.914700	1.909900	2.486300	2.647600	0.000000	1.968300	2.098300	1.840400	2.362000	1.379400	1.689400	2.660800	2.155500	2.019900	2.089500	3.210300	2.537500	2.368000	2.916000
139	3.822300	2.914400	0.978900	3.618700	1.723400	1.109800	2.822100	4.247500	2.900700	2.593900	0.902500	1.089600	4.190000	2.796700	3.740600	2.431700	1.730300	1.189300	0.000000	2.057300
140	4.971100	3.238600	0.513200	1.425100	3.312000	0.350500	3.433500	3.841600	4.889000	3.267200	1.968400	4.626100	6.587500	2.364900	6.306800	4.512400	4.158200	1.331800	0.000000	2.926000
141	3.828000	2.250100	-0.552000	1.934000	1.934700	4.424000	3.978100	3.125700	3.451100	2.529500	0.000000	2.578300	3.829500	1.965800	3.489100	2.715500	8.685700	11.106800	4.493600	3.788800
142	0.981800	0.320900	-0.507500	0.272100	-0.571100	3.781700	0.112800	0.475900	0.471700	0.622000	-1.038100	0.021600	0.000000	-0.345000	0.522800	0.382300	0.127900	0.019600	0.077300	0.719400
143	2.090200	0.969300	-0.145700	0.870500	0.520700	1.214800	0.963600	1.365100	1.516300	1.496000	0.191700	0.645100	0.000000	0.487500	0.965800	1.550000	0.235100	-0.646700	-0.825500	1.507900
144	3.943600	1.972400	0.990500	0.000000	0.622300	2.506400	15.672800	2.318900	2.894800	2.280100	2.681400	5.407600	7.030400	5.718700	4.756400	2.923700	26.574583	23.668550	16.437100	15.704800
145	1.782400	1.097300	0.069700	1.535200	0.592600	5.039200	-0.757100	0.697800	0.891900	1.346900	-0.482000	0.021200	1.092000	0.811900	1.531300	1.004800	-0.040100	0.000000	-0.379500	1.039100
146	0.226800	0.059000	0.000000	1.479400	0.974200	2.053800	-0.203900	0.160800	-0.279300	0.263700	0.033700	-0.058000	0.123900	-0.507000	0.237700	-0.279800	0.497600	0.056500	0.005500	0.077000
147	2.807700	0.969400	-0.081000	0.097800	-0.060100	5.772400	0.041700	2.070600	2.063900	0.329800	-0.446900	0.000000	1.014200	0.998800	1.326900	0.776800	-0.307800	-0.289400	-0.589400	-0.243900
148	2.390300	1.853300	1.890000	2.273500	1.936500	0.000000	1.838400	2.311500	2.324300	2.512600	1.831400	1.710600	1.571200	1.743400	2.309400	2.459700	1.652000	1.869200	1.782200	2.481400
149	1.315000	1.006000	-0.075600	0.661600	0.208600	0.355700	0.436000	1.465000	0.867200	0.737400	-0.184000	0.012400	-0.140400	0.000000	0.730400	0.869700	0.263700	0.471200	0.410000	0.891500
150	3.806500	2.583600	0.631400	3.873000	5.153400	7.046500	2.703100	3.609800	3.611400	2.853500	0.651300	2.395900	3.412300	3.204200	3.788600	3.068900	0.000000	0.901300	0.631700	2.857800
151	3.803500	3.108600	-0.155300	1.174800	0.567200	7.059100	1.251500	1.392300	2.906000	2.661400	0.000000	1.402400	3.647500	2.570600	5.253700	3.830200	6.631700	7.554200	7.394200	5.630100
152	2.951900	2.120300	0.764400	2.600500	2.132900	6.724300	2.478300	3.455000	3.014100	2.012100	0.784400	2.170000	3.032800	0.000000	3.758100	3.203800	2.244600	1.353600	0.615500	3.095800
153	0.026300	-0.235200	-0.683600	-0.182900	-0.274700	-1.560300	-0.427600	0.016800	0.063300	-0.097700	-0.094100	-0.620700	-0.373400	-0.806200	0.000000	0.150200	-0.181400	-0.871100	-1.035500	0.121400
154	4.071900	3.715800	2.976300	3.799500	3.840300	3.156900	3.115500	4.416500	3.954700	3.047500	2.965800	2.936800	3.532400	3.026700	0.000000	2.274800	2.884100	3.222400	3.043200	3.845600
155	0.000000	2.306300	1.414000	2.984200	3.231900	7.142000	1.362100	2.533400	1.961600	2.002400	0.973400	1.052200	1.843800	2.021900	1.799800	1.120600	0.672300	1.279700	1.245600	1.837000
156	1.030000	1.104600	-0.023400	0.216200	0.000000	6.120700	-0.298000	0.537800	0.820700	1.218900	0.071100	-0.311200	0.503600	0.337500	1.972400	0.432800	-0.074500	-0.140300	-0.401300	-0.017100
157	3.541600	2.209400	0.229600	2.456200	2.066400	2.080700	0.173600	1.722600	3.066400	1.988600	0.104900	0.654800	3.560400	1.466900	4.394300	1.186300	0.167300	-0.201900	-0.539200	0.000000
158	4.049200	2.722900	5.181400	3.778900	5.160400	0.000000	14.901900	4.674200	3.592500	3.129000	3.960500	12.187400	4.278600	4.647400	5.709400	6.292300	12.168500	16.005700	10.166500	24.683270
159	0.920600	1.687900	1.698100	2.334700	2.294600	5.822800	0.051000	1.978900	1.941500	1.302000	0.621500	0.622600	0.808700	1.235200	0.266400	0.000000	3.537000	1.412600	1.239500	3.443000
160	0.771000	0.100700	-0.598400	0.080700	-0.393500	-1.100400	0.000000	0.452700	0.716100	0.517800	-0.729900	-0.471500	-0.478200	-0.231700	0.834900	0.704300	-0.018300	0.206600	0.197000	0.686800
161	0.444600	-0.149500	-0.255700	0.558700	0.283900	-0.928000	-0.138000	0.520200	0.257300	0.338500	-0.440400	-0.358100	-0.823200	-0.332300	0.000000	0.361700	-0.016300	0.580300	0.400200	0.397200
162	0.799900	0.000000	7.042200	1.503100	5.605900	5.403400	19.709910	3.476300	0.653000	0.450000	7.009100	16.727630	10.764100	8.995600	3.677000	5.207800	32.571060	23.237960	19.024910	19.226710
163	2.064600	0.782800	0.867000	2.060500	1.723200	4.957800	3.557000	1.336800	2.039100	0.922100	-0.304900	2.824200	1.911300	0.000000	1.857800	1.088900	4.099900	1.884000	1.410800	2.956600
164	1.662500	1.248300	0.621500	1.407500	0.818800	0.000000	1.284200	1.527800	1.777700	1.919600	0.525200	0.968900	0.366000	1.224000	0.821400	1.625700	0.229400	0.859800	0.801500	1.418900
165	3.344200	2.296700	2.469800	3.626800	2.709500	0.417600	2.597100	2.944400	2.734700	2.700100	0.658100	2.055200	2.114500	1.976900	2.597900	2.697400	1.611400	0.857200	0.000000	2.378400
166	4.685100	2.945300	1.863400	0.650400	0.000000	6.654000	8.824000	3.090200	4.719500	3.198100	0.739000	6.465700	5.141600	4.507000	4.591300	4.227000	24.336510	16.872300	9.880100	28.453130
167	1.746700	0.000000	3.474700	3.513500	5.700400	8.526200	2.319500	1.441400	0.931000	0.954100	-1.475500	1.506300	1.936500	1.987100	4.523800	4.593800	7.949200	5.317300	8.481500	56.191400
168	0.959200	-0.086500	-0.210700	0.543900	0.010600	2.704100	0.625100	-0.057300	0.086100	0.496800	-0.565000	0.251300	-0.235000	0.267300	0.000000	-0.553400	-0.257400	-0.138100	0.604500	0.827300
169	5.258000	3.667200	1.700400	4.187400	3.170400	8.605500	3.426900	3.752600	4.288000	4.128700	1.583900	3.056600	4.314500	3.060800	4.940100	4.304600	0.000000	2.003400	1.588200	3.522100
170	6.109900	4.176900	0.288900	1.870800	0.622600	9.026200	5.040400	3.105300	4.615400	4.054900	0.000000	4.008000	5.928800	3.594700	6.451700	3.534400	13.284000	7.878000	2.662800	3.050800
171	1.373900	0.000000	-0.701100	0.416500	1.630500	4.091300	0.410400	1.064200	0.854500	0.350800	-0.419500	-0.035000	0.188700	-0.172300	0.927600	0.219800	0.250500	-0.093800	0.024000	-0.052600
172	1.148000	0.412100	0.180500	0.639300	0.067300	2.953100	0.059800	0.935800	0.290300	0.976600	-0.041600	0.000000	0.603500	0.083600	1.038800	0.484900	0.136400	-0.798400	0.102900	0.296900
173	2.650700	0.833400	-0.926800	-0.197600	-0.687500	3.599800	0.129200	0.561700	1.358500	1.242400	-0.756000	-0.301700	1.421800	0.000000	3.077300	0.611600	12.826700	3.380100	3.051300	2.472300
174	6.292800	4.540600	0.000000	4.050800	2.697900	7.556100	5.868600	4.282700	5.071200	3.841100	0.345600	3.977400	5.718400	4.092200	6.930200	4.004300	5.617000	6.658100	3.319500	3.398500
175	0.240600	0.430100	-0.443700	1.097900	0.884400	5.235700	-0.255500	1.262000	0.946100	0.682900	-0.106100	-0.487400	0.684600	0.000000	1.546300	0.874300	0.204200	0.428000	-0.199800	0.737900
176	2.033000	1.629800	1.134700	1.671500	1.468600	0.000000	1.120900	1.825500	1.937100	1.833000	1.143700	1.105400	1.934400	1.574400	2.240000	1.951500	1.776000	1.751600	1.666000	2.087200
177	3.543800	2.238700	0.000000	2.117000	1.269700	2.711900	1.577100	1.692700	1.910600	1.351800	-0.609400	1.341600	3.113900	1.729000	4.053700	2.401600	1.299900	0.223600	-0.217400	1.432000
178	1.985000	1.679300	-1.831300	0.000000	-0.268300	2.982500	0.869400	-0.070600	1.630800	0.898200	-2.216100	2.623900	1.969700	1.580200	2.617600	1.253600	4.985100	2.623300	-0.802100	1.100900