SITE	GLY	ALA	LEU	VAL	ILE	PRO	ARG	THR	SER	CYS	MET	LYS	GLU	GLN	ASP	ASN	TRP	TYR	PHE	HIS
378	0.811500	0.435300	0.531200	0.621800	1.858100	1.117500	0.459000	0.931400	0.507800	0.591700	-0.360900	0.646000	1.437600	1.007100	2.653300	1.056700	0.230600	0.000000	-0.455700	0.492000
379	0.265800	0.493600	0.409300	0.234200	0.104000	2.165000	0.009000	0.042000	0.197800	0.286400	0.175800	0.000000	0.199400	0.342900	0.132500	0.254100	0.295600	-0.285400	-0.227300	0.399500
380	1.965200	1.337100	-0.586600	0.775600	0.186800	2.335600	-0.031500	1.340500	1.562000	0.656600	-0.347700	0.000000	1.518200	0.476700	1.814200	1.498200	1.734700	1.636400	1.697400	0.946600
381	2.340200	1.804600	1.309100	1.990200	1.459300	0.000000	1.386200	2.794000	2.134400	2.503500	1.364400	1.134700	2.578900	1.686400	3.042300	1.366500	1.877700	1.882300	1.542700	1.680000
382	0.537400	0.759300	1.282700	1.902500	1.862900	-0.263900	1.447100	0.523400	0.000000	1.903400	1.403700	1.457900	-0.925600	1.169400	-2.342600	0.273100	1.727400	1.490000	1.318800	0.866100
383	2.480200	1.861500	1.234000	2.227200	1.570100	0.455900	1.813600	2.179200	2.208100	2.066400	1.450900	1.468500	0.816800	1.703800	0.000000	1.728300	1.863200	1.724800	1.529100	2.528600
384	0.720700	0.000000	0.255400	0.581400	0.346900	-0.419600	0.624200	0.276200	0.183300	0.826500	-0.028100	0.386300	-1.037300	-0.205400	-0.086300	0.614300	0.219500	0.441800	0.387600	0.799600
385	1.964100	1.026600	0.556700	1.230500	0.717900	1.557600	0.857700	0.898800	1.059800	1.548600	0.448500	0.564200	0.000000	0.518300	0.290900	0.969200	0.660100	0.809900	0.714400	1.418900
386	5.024200	3.134900	0.000000	2.921300	0.474200	5.345000	3.706200	4.039200	4.829500	3.210500	0.432500	2.767600	4.348700	3.515300	3.942100	3.645800	4.451500	5.346200	3.261000	3.890200
387	0.891300	0.605100	-0.174100	1.259600	0.525600	3.142100	0.109800	0.944700	0.889700	1.082700	0.077100	0.000000	0.815800	0.081600	1.611600	0.469200	0.240000	0.928100	0.779900	1.172100
388	0.871400	0.829900	0.482300	1.336700	0.999400	2.120600	0.000000	0.877600	0.687300	0.874000	0.523300	0.040800	0.923500	0.576600	0.941100	0.719300	0.356500	0.099600	0.032500	0.713800
389	2.689900	0.989800	-0.574100	0.152700	-0.536800	5.077200	0.355200	0.000000	0.339900	1.926500	0.025400	-0.271500	0.899500	-0.082900	0.950200	0.023300	0.197500	0.409300	0.371200	0.429100
390	5.046800	3.787200	0.000000	3.472500	2.417600	5.282800	2.215500	3.734000	4.238800	3.487500	-0.114100	2.476100	5.345100	2.815600	5.871500	4.318400	3.605900	5.982500	3.901100	3.289600
391	-0.003500	-0.001500	0.966300	1.225800	1.475300	-0.241400	1.162800	0.000000	-0.700800	1.212300	1.172800	1.796000	0.590000	1.166300	-0.078900	-0.309500	1.609100	1.202400	0.792400	1.197200
392	1.194600	0.731600	0.387400	0.898300	0.750800	-0.161300	0.958500	0.964700	1.356900	1.408000	0.555800	0.696700	0.000000	0.665700	0.669400	1.256200	0.403000	0.539900	0.455700	1.243500
393	1.457200	0.757100	-0.441500	0.839900	0.338200	0.440800	-0.669000	0.972100	1.196100	1.295800	-0.441000	0.018700	0.000000	0.270400	0.701800	1.161100	-0.110000	0.805900	-0.082200	0.759700
394	2.224600	0.662200	-0.758500	0.112300	-0.238900	0.900500	-0.909900	0.409600	0.931900	0.767800	-0.556300	-0.359000	0.303000	0.000000	1.122400	0.930900	0.084100	-1.220900	-1.505500	0.882300
395	4.508500	3.110800	0.767200	3.102300	2.258700	10.548500	4.122100	2.800700	3.881000	3.643600	0.607200	3.306300	3.745400	3.599500	4.941900	3.242300	0.897600	0.000000	0.165900	3.063600
396	1.147500	0.090900	-0.617600	0.530500	-0.144200	2.990700	-0.353000	0.422000	0.154800	0.412200	-0.680700	-0.377000	-0.159600	0.000000	-0.274900	-0.174700	-0.316100	-0.445100	-0.522800	-0.075600
397	2.712900	1.277300	0.178100	0.000000	-0.094300	4.294500	1.641200	0.894800	2.344800	1.782800	-0.396100	1.111000	4.175500	2.378200	5.146200	2.377700	7.924600	1.948800	1.316200	2.992300
398	3.594100	3.153000	3.191000	-0.318800	-0.399700	5.843500	8.764500	0.000000	2.981400	2.777200	1.218800	4.905100	5.207200	5.038100	7.132000	2.981800	21.484800	12.008900	11.752800	6.068000
399	1.539600	1.162700	-0.840500	0.260200	-0.713400	4.048600	1.235200	2.180500	1.666200	1.002400	-1.197800	0.269100	2.473300	0.000000	3.006800	0.901200	1.182200	0.802900	0.444300	0.336800
400	0.698200	0.455300	-0.427900	1.186300	0.763400	1.399800	-0.837000	1.316600	0.547700	0.379800	-0.322000	-0.704500	0.433500	-0.305500	0.580500	0.000000	0.433100	-0.065900	-0.181600	0.062500
401	-1.427200	-0.191400	-0.012000	1.783600	1.314800	3.371000	-1.007100	1.665900	0.000000	-0.444900	-0.365700	-1.072100	0.421000	-0.377200	0.857400	-1.228000	5.428800	3.274100	4.343400	3.846300
402	0.359600	0.000000	-0.379900	1.016400	0.925900	6.760800	-0.096500	0.401600	0.042900	0.542500	-0.651400	-0.157000	0.548900	0.390300	-0.353400	-0.409000	-0.144700	-0.086600	-0.183800	0.566700
403	0.867700	0.641300	-1.258300	-0.151400	-0.626600	2.129800	-0.538800	0.000000	0.681700	0.176700	-0.881100	-0.733800	0.414300	-0.481400	0.907400	0.590800	0.299000	-1.219100	-0.061600	0.675700
404	2.116900	1.075600	-0.507300	-0.046200	-0.678500	1.819500	-0.149500	0.449500	1.354900	1.236100	-0.594000	0.772000	0.000000	0.931800	1.391900	0.963900	1.711800	0.603100	0.336300	1.344700
405	0.529800	-0.066600	0.145500	0.365200	0.456300	-1.310400	0.051600	0.337000	0.171700	0.489500	0.073300	0.105700	-0.135400	-0.019100	0.361400	0.437200	0.094800	0.000000	-0.110700	0.377000
406	1.376400	0.000000	-0.498400	1.112300	1.320700	-1.835500	0.024500	0.776400	0.917900	0.535200	-0.591800	-0.307100	-0.021300	0.339800	0.763800	0.856000	0.359600	0.551000	0.291400	0.656400
407	-0.350900	1.527300	0.240500	3.367800	2.812000	4.983800	0.782700	2.221600	0.872700	0.638200	0.421900	0.448500	0.879500	0.697900	1.931700	-0.342100	0.524000	-0.113200	0.000000	1.366800
408	0.629200	0.022700	-0.285100	0.788600	0.519700	7.669400	-0.135300	0.908500	0.000000	-0.260400	-0.420400	-0.154700	0.475800	0.156900	0.607600	0.457300	-0.245100	0.066100	0.068100	0.470100
409	1.381700	0.254500	-0.513600	-0.709300	-0.929800	1.566800	-0.946800	0.187500	1.081400	0.050900	-0.567400	-0.115300	1.718800	0.382600	1.885300	0.436600	0.511100	-0.943000	-1.169000	0.000000
410	0.405100	0.415000	-0.245700	0.170000	-0.249000	-1.031000	0.088000	0.404400	0.824500	0.041900	-0.773900	-0.169500	0.000000	0.284700	0.526400	0.241800	-0.856400	-0.915300	-0.937800	-0.092500
411	4.031900	2.190500	0.622900	2.680100	2.172300	3.424400	3.559600	2.944300	3.365400	2.766800	1.036000	0.700900	4.256000	3.165900	4.468100	3.518600	4.336900	0.000000	0.400900	2.936500
412	-0.630100	-1.767000	-3.152400	-2.862000	-0.829500	2.608300	0.656400	-1.915300	-0.902400	-1.487800	-3.355100	-0.288100	-0.167700	-1.104000	0.000000	-0.310300	3.536800	0.618300	-0.451500	-0.852300
413	-0.283500	0.075000	-0.123000	0.369100	0.025000	0.168200	-0.449900	0.342900	-0.884100	-0.039100	-0.015600	-0.405200	0.093100	-0.760900	0.266500	-0.929600	-0.198800	-0.442800	-0.508500	0.000000
414	3.223300	2.216500	0.000000	1.173000	0.944000	5.475700	2.396600	1.251600	2.373900	1.714700	-0.290500	1.524200	0.373400	1.847800	0.243100	1.419600	0.488200	0.473100	0.943700	3.152500
415	2.091400	0.428400	0.022700	0.990300	0.855100	1.808100	0.446900	0.961000	0.592700	0.589700	0.370900	0.482200	0.620100	0.704800	0.682800	0.611800	0.760000	0.471400	0.000000	0.407000
416	1.577900	0.868700	0.061400	0.922800	0.561000	3.328900	0.182500	1.355900	1.154900	0.783900	-0.362900	0.000000	0.715600	0.330300	1.190400	0.859700	0.268500	0.284400	0.316100	0.856800
417	2.597100	1.518000	0.752500	1.113700	0.622200	0.000000	0.854600	1.649400	2.026400	1.549300	0.856400	0.636700	0.883300	0.952800	1.895500	1.772100	1.612400	1.324300	1.306000	1.592500
418	0.000000	9.240900	10.870200	18.041400	18.864700	16.351000	18.667200	17.931200	12.436600	10.516200	10.723100	15.518100	33.802700	14.815800	13.658300	11.941700	14.119900	15.471000	14.426600	78.914400
419	4.675600	3.765200	-0.183500	1.144500	0.000000	2.406800	3.424900	1.822700	3.170000	2.719000	-0.380000	1.672700	4.084700	2.374100	5.730500	3.949100	0.514500	3.828600	4.136600	2.988100
420	5.024000	3.506200	-0.224800	1.637000	2.938700	5.326400	5.372300	3.573600	4.518300	2.793000	-0.432900	3.867700	2.727300	2.502300	3.893100	3.475400	-1.126900	0.000000	-1.385800	2.367500
421	3.418800	2.311700	4.071400	0.000000	-0.158300	4.113800	2.015500	2.900700	3.097600	2.015300	0.728500	1.379800	5.228900	4.751200	5.249600	1.654600	14.167700	13.625800	10.692500	10.000900
422	4.174900	2.456100	3.248200	2.175700	3.834000	7.439500	16.459700	2.989900	2.551200	2.446400	5.419800	9.099000	5.986900	4.444100	0.000000	2.496400	33.123400	16.404900	12.186800	13.718000
423	2.648200	1.331100	0.437200	0.000000	0.100100	5.459700	1.750000	1.561400	2.693800	1.110200	0.918700	1.206100	2.629300	1.255000	3.505100	2.478500	2.779700	1.415600	1.144600	1.817900
424	4.520300	3.101300	-0.825300	0.000000	0.333400	6.186200	8.270900	1.437900	3.978600	2.706500	0.324600	1.498300	3.441200	3.637400	5.492800	2.405700	7.893400	6.472400	7.859700	18.624500
425	1.466200	0.762100	6.299800	1.736100	3.532600	4.259700	16.276100	3.002400	0.000000	0.835400	5.764500	9.494100	7.724100	6.827800	7.644800	4.471300	45.768100	25.465100	22.787600	45.221300
426	0.000000	2.862900	2.413900	6.420300	6.082000	7.402800	1.806600	5.857200	3.197700	3.083400	2.139700	2.801900	2.812400	2.660900	3.750100	2.055000	2.919600	3.463500	3.236500	3.151800
427	0.848300	-0.706600	-2.660400	-0.304200	-0.475800	2.322000	-2.765500	1.295300	0.714400	-0.779800	-2.255400	-1.406600	0.000000	-1.431600	0.786600	0.434800	0.337200	-1.660600	-2.366200	-1.457000
428	4.928900	3.032100	2.727000	1.600000	4.028300	0.000000	5.820200	4.120300	4.572500	3.564200	2.512700	3.953900	3.642200	3.219900	5.747600	4.445500	4.393300	3.093600	2.628100	4.051600
429	4.278900	3.518600	0.000000	1.832700	2.514800	9.328000	10.426400	2.649000	3.616500	3.024300	1.063600	1.948700	5.684000	3.247600	5.326500	2.776100	20.205800	9.818700	4.122400	3.070300
430	6.724200	5.285300	2.840100	4.532300	4.983100	7.674600	4.491400	4.094000	5.084700	4.506500	1.308300	3.821900	6.709400	5.281900	7.034700	5.013500	0.909900	1.101200	0.000000	2.803400
431	1.817900	0.602900	2.651000	-0.249900	0.096900	-0.399300	1.514400	-0.924900	0.000000	0.557700	0.305800	0.766900	4.334600	2.274100	5.264300	1.449900	21.444200	14.330500	11.038600	14.358400
432	1.760600	0.445200	1.832900	2.143300	1.936800	5.495700	1.834100	3.129800	0.000000	1.217300	0.408800	1.387000	3.335800	2.777000	3.349200	1.952400	0.478500	0.027100	-0.180600	2.572700
433	0.700100	0.000000	0.920400	1.220100	1.419200	6.076200	0.044500	1.306900	0.973000	1.172100	0.570400	0.405100	1.811000	0.562100	2.083100	0.750700	1.702300	1.191500	1.100500	1.383200
434	1.336600	0.736900	0.083700	-0.362900	0.856400	0.767800	-0.187400	0.647200	0.392800	0.314500	-0.327400	0.504800	0.467500	0.294300	0.000000	0.176400	0.363300	-0.218600	-0.741000	1.233700
435	1.921100	0.744900	-0.344600	0.667900	-0.015100	5.508000	1.506900	2.444200	1.345700	0.936700	-1.391600	0.000000	1.409200	1.351100	2.774500	2.085000	16.348800	3.711300	4.751000	1.026700
436	2.274100	1.961200	1.755300	2.226000	1.456700	4.688500	1.853200	2.235900	2.020300	1.637200	0.028900	1.916200	2.584700	2.179700	2.246000	2.319000	-0.082900	0.000000	-0.949300	1.952500
437	0.602300	0.471000	-0.359600	0.184900	-0.471700	-0.436300	-0.583500	0.285600	0.623300	0.219300	-0.479000	-0.296500	-0.225100	-0.411700	0.000000	0.238500	-0.190100	0.353200	0.164300	0.702200
438	0.864000	-0.027200	1.646000	3.435100	3.061600	1.889200	1.256000	2.478200	0.000000	3.472700	0.692700	0.760900	1.050800	1.726900	0.149000	2.164300	4.566300	7.511600	6.923500	3.828100
439	0.000000	2.345300	2.048000	3.207400	4.501600	7.127700	1.862600	3.064400	2.312100	2.257000	2.076100	1.879300	2.063300	2.264200	1.986700	1.733300	1.973000	1.967100	1.836000	2.050200
440	1.635100	0.745400	0.052800	-0.011100	-0.230300	3.426800	0.749800	1.377300	1.438600	0.000000	-0.259400	0.221900	0.412100	0.833700	1.846600	2.216700	1.861900	0.545100	0.135200	0.728600
441	0.000000	3.658600	7.281300	12.500400	13.534100	8.662900	6.946300	12.903300	6.922600	6.280600	7.370900	7.865800	8.286500	9.097400	9.312500	7.586200	9.238600	8.160300	8.469200	10.423700
442	4.350400	3.193500	1.189900	2.382300	4.960300	6.915300	1.453800	3.632100	4.078300	3.196400	1.379900	1.635300	4.276800	3.066100	6.084600	3.282100	0.000000	-0.103800	0.561900	2.308900
443	4.532400	2.719300	4.275900	5.002900	4.972000	0.000000	15.299100	3.722800	3.286700	4.076600	5.206500	9.378400	10.010600	8.024800	6.636200	6.062800	48.200100	29.793200	29.592900	47.913700
444	2.048400	0.460100	1.654500	-0.348300	2.898700	1.217000	6.189300	-1.078300	0.000000	1.272800	2.096600	5.171700	5.737800	3.333200	1.897100	2.168100	18.200200	14.569700	9.272600	5.786000
445	6.480000	5.038600	5.178900	3.752400	3.817800	6.682800	5.189700	4.983000	3.878000	4.682400	1.275800	5.119500	6.112900	4.208400	7.172900	4.513700	2.194300	-0.464900	0.000000	2.727200
446	1.208200	1.065500	-0.031200	-0.234100	-0.441000	2.566400	0.155600	0.000000	0.753700	0.820800	-0.733400	1.100600	3.231800	2.005700	3.174800	2.303600	2.157500	9.105100	3.707100	5.979500
447	1.293600	2.040900	1.721300	2.902500	2.872100	6.605500	0.000000	3.019700	0.860400	1.646900	1.164500	0.775100	2.353200	1.346600	2.625900	1.114700	2.594800	1.945600	1.492400	1.931400
448	3.302600	2.008400	3.427700	3.558700	4.520400	0.000000	3.515600	2.575000	2.418500	2.420500	3.734300	3.535900	2.545600	3.029000	4.390100	2.695300	14.036400	8.108100	5.109400	17.369200
449	3.137900	1.945900	-0.215900	1.103100	0.000000	6.442000	0.837700	2.708300	3.218600	2.215400	-0.767900	2.011300	3.789400	2.218100	4.422800	2.898900	3.030300	2.141600	1.552300	5.412300
450	1.572500	0.547500	-0.742000	0.690400	-0.438400	3.959700	-0.945700	0.568700	0.454700	0.199100	-1.212800	-0.155300	0.750600	-0.001100	0.000000	-0.358000	-0.648100	-1.122700	-0.355200	0.257800
451	0.287700	0.000000	0.034400	0.590400	0.430900	-1.354700	0.082700	0.542300	0.338500	0.735800	-0.003600	0.041100	0.231200	0.154400	0.409600	0.515200	-0.346200	0.202400	0.169900	0.722600
452	0.316900	0.123500	0.087700	0.618500	0.248800	1.214700	-0.762600	0.496300	-0.187800	0.254900	0.410700	0.000000	0.385400	-0.191100	0.487100	-0.288000	0.470300	0.123100	0.114700	-0.039100
453	0.986000	-0.618500	1.868200	1.702100	1.449500	5.934700	-0.238700	0.505100	0.000000	-0.201500	-0.320900	-0.369200	5.002300	1.286500	5.137400	2.137700	4.690800	2.538100	1.896100	39.470600
454	3.432500	2.471200	1.134600	0.000000	-0.013100	2.647700	1.292400	1.891000	2.921200	1.789800	0.690000	1.425300	4.003600	1.844600	4.745700	3.232000	6.192300	1.058500	3.119600	7.270400
455	-0.012700	-0.055300	-0.499300	-0.476300	-0.393400	2.427700	-1.568200	0.000000	-0.100800	-0.141800	-0.374900	-0.895500	0.074500	-0.481100	0.631800	0.378600	0.156800	-0.054800	-0.152400	0.542300
456	1.449800	1.111800	-1.107800	0.400200	0.229600	1.050700	-0.014200	0.418600	1.247900	0.665000	-1.089800	-0.195500	0.000000	0.452300	1.232100	0.432500	-1.209100	-1.341600	-1.027300	-0.132100
457	0.409800	-0.019100	0.651200	0.433700	-0.134600	2.876500	-0.524900	-0.289500	-0.736500	0.242200	-0.005800	-0.478400	0.798200	-0.676600	1.110200	-0.554900	0.129200	0.255400	-0.037000	0.000000
458	0.056500	0.213300	-0.374100	0.097500	-0.124500	-0.766000	-0.112000	0.121400	0.474400	0.028500	-0.359700	-0.236300	-0.200200	-0.118500	0.000000	0.029700	-0.005800	-0.183100	-0.212000	0.066600
459	3.910500	1.619900	1.903300	2.174600	4.157000	7.903100	1.668000	2.856600	2.067600	2.066900	1.725300	1.322800	0.473400	2.185500	0.000000	1.148300	2.948200	1.991300	1.511400	1.986500
460	0.734300	0.891800	0.301100	0.956400	0.804300	0.119400	0.542600	0.921700	0.931800	0.773500	0.297700	0.518300	0.724600	0.709500	0.921500	0.958000	0.523100	0.216800	0.000000	0.777900
461	0.099000	-0.248100	-0.752800	0.187600	-0.295400	2.777100	-2.015100	0.048800	0.000000	-0.205400	-1.039800	-0.543800	-0.517200	-0.290600	-0.573500	-0.757700	0.263800	-0.475500	-0.250900	-0.352400
462	0.081600	-0.587900	0.081700	0.461900	0.443600	0.717300	-0.424900	-0.608400	0.208200	0.078800	0.000000	-0.359400	-0.993800	-0.271600	-0.659200	-0.683500	-0.016100	-0.007800	0.000000	-0.133900
463	-0.384700	-0.185500	-0.510000	0.391700	-0.442000	-1.143800	-0.271300	-0.072700	-0.267600	-0.214800	-0.970200	-0.299400	-0.311400	-0.411100	-0.270700	0.000000	-0.788600	-0.536700	-0.930000	-0.319200
465	0.590100	0.453300	-0.350100	0.281400	-0.122200	0.342900	0.000000	0.400000	0.449800	0.253500	-0.666400	-0.080200	0.051400	0.131300	0.513100	0.231100	0.300300	-0.452700	-0.594100	0.197900
466	2.377200	1.632000	0.688200	0.811600	0.386300	4.561500	0.000000	0.894000	1.512200	0.935400	0.645000	0.678700	1.121100	1.211800	1.264300	1.413500	1.109700	0.709400	0.475700	1.169200
467	1.538800	0.785300	-0.423100	-0.104300	-0.800300	0.659400	0.147600	0.000000	0.543100	0.408000	-0.063000	-0.042800	0.539200	-0.027800	0.529800	-0.497900	-0.137000	0.166700	0.043800	0.622800
468	0.064400	-1.216300	-0.593900	-0.777300	-0.921500	2.673500	-1.072500	1.081400	0.061000	-0.878900	-2.246400	-1.401100	0.000000	-1.019700	2.243400	-0.154600	23.643300	12.075200	12.023700	23.714900
469	4.990500	3.252200	1.614000	0.000000	-0.152200	7.649500	7.855100	2.784200	4.667400	2.796700	1.871700	5.164800	5.948800	4.716800	5.686900	3.172500	15.789500	10.152900	8.427700	18.029100
470	2.636000	1.787500	2.739900	3.872400	4.373500	6.909600	0.000000	2.736600	2.359700	2.381300	1.836000	1.288800	4.687100	2.253800	7.271900	2.969900	11.778000	11.124300	9.111300	6.516500
471	2.514000	1.235800	3.670700	2.448800	4.039600	2.200300	10.812400	1.304100	0.000000	1.997200	4.607000	10.931900	12.840200	8.281600	5.921100	2.642900	33.706500	18.677000	12.873700	54.278200
472	0.908200	0.817700	0.231300	1.043500	0.742200	4.067100	0.000000	1.571800	0.568100	0.750600	0.725400	0.004200	0.912000	0.244500	1.044200	0.909100	0.448000	0.053200	-0.029300	0.464200
473	0.619800	0.000000	1.221500	1.846600	2.501600	0.165500	0.858800	1.039300	0.574300	0.589200	0.536300	0.757800	1.088800	0.585600	2.382000	1.421100	1.842200	1.526800	1.151400	1.404100
474	1.559800	0.000000	9.127300	2.378000	7.520000	1.594900	15.880200	3.884600	2.196400	1.359000	9.224600	9.478000	13.371100	8.772400	9.226600	5.263600	28.135700	20.444900	17.107600	44.714200
475	-0.831300	0.780100	0.810000	2.127800	2.375800	5.376100	-0.056500	1.433500	0.932000	0.478300	0.572100	-0.310800	0.146800	0.270400	0.000000	-1.209400	0.389900	0.154300	-0.412500	0.302000
476	0.234900	-1.207300	2.014100	-0.446600	0.304200	4.189200	3.806400	-1.596000	0.000000	-0.173500	-0.723400	2.496100	2.254000	2.908500	5.947900	2.077700	23.965900	22.111800	15.748400	39.990600
477	-0.072500	-1.106500	0.800600	0.680100	2.719700	2.550300	2.634900	-0.583600	-0.731500	0.076600	-1.234000	0.567400	4.816300	0.124800	3.547300	0.366600	1.651600	-0.447200	-1.271200	0.000000
478	5.274700	3.585000	0.000000	3.195900	2.975000	8.183100	8.557900	4.249500	4.054800	3.062400	1.429200	2.615400	5.727100	3.808400	7.090700	3.217100	20.060600	14.322000	6.634500	6.978500
479	0.000000	6.867100	11.711400	17.849300	16.385500	13.673000	11.446600	16.503900	9.533400	9.418200	8.093100	10.686400	13.336800	11.297800	11.399800	12.039300	20.222600	19.338500	14.542600	30.780500
480	3.043500	1.753400	0.425100	1.009400	2.100400	2.695100	1.173500	1.638300	2.093900	1.426400	0.344500	0.982800	1.947900	1.343600	3.367500	2.248900	-1.130100	-0.564500	0.417500	0.000000
481	4.353100	2.333800	-0.080100	0.000000	1.173500	5.253600	3.069600	2.384200	2.680800	2.434000	0.525900	1.532100	3.860700	2.453200	5.131700	3.791500	5.207900	5.714800	5.992900	20.904800
482	2.840400	2.078700	0.750300	1.624000	0.725100	5.025600	1.511100	2.254200	2.662600	2.127800	0.497900	1.572000	1.947200	1.111400	2.914000	2.574200	0.065100	0.477400	0.000000	1.357300
483	1.226700	1.487500	1.085400	1.773400	1.759700	0.000000	0.573500	1.740800	1.547700	2.948900	0.635700	1.225300	1.245200	1.386100	1.226300	1.192200	0.303800	0.821300	0.687200	1.232400
484	1.509100	1.851500	1.633400	2.157300	2.473100	3.371600	1.609000	2.257700	1.873200	1.088400	2.420400	1.577600	1.573900	1.620500	0.000000	0.283100	0.807400	1.011100	0.814800	1.481800
485	0.000000	6.274800	17.868000	18.260800	20.406700	19.151100	36.527400	16.131700	13.201800	9.924400	18.773000	25.137900	21.547900	24.352100	15.747600	14.799600	27.583500	23.466800	24.112900	70.671500
486	3.499800	2.207200	2.448200	2.967800	2.421900	0.000000	2.630700	3.539000	3.066800	2.253200	2.411500	2.159200	2.309700	2.573700	2.589200	1.404100	2.887500	2.583800	2.461200	2.774800
487	0.087100	-0.157600	-0.006800	0.133200	0.009600	-1.898300	0.000000	0.099000	0.149400	0.294000	-0.004900	-0.032900	-0.248300	-0.032900	0.169700	0.200500	0.263500	0.071700	0.188400	0.368700
488	0.101900	0.119000	-0.490900	0.151500	0.059400	-0.473700	-0.003200	0.425900	0.157100	0.101500	-0.619900	-0.073300	-0.153000	-0.115500	0.000000	0.062400	0.156300	-0.131000	-0.214000	0.321600
489	1.777200	1.353800	0.108600	1.907600	0.556300	2.803700	-0.868700	2.055600	1.680500	1.124000	-0.121400	0.000000	1.474900	1.015000	1.551600	0.591300	0.050800	0.544400	0.504700	1.114500
490	0.000000	3.369800	2.974600	4.671800	4.459900	7.352300	3.115200	4.632900	3.395000	3.168300	2.372700	2.908500	3.385700	3.117700	3.467200	3.427900	1.999900	2.809200	2.749500	3.414100
491	0.000000	2.810900	2.057300	4.882500	4.282900	5.683900	2.566400	3.873100	3.257200	2.683500	2.434400	2.617300	2.731400	2.713300	3.366600	2.465900	2.909100	3.090300	2.624700	2.867000
492	2.438100	1.433200	0.000000	1.772100	1.951400	4.013200	0.889600	1.114300	1.365000	1.335300	0.296800	0.678400	1.394200	1.461200	2.294200	0.995000	0.311100	0.379200	0.365200	1.608800
493	3.626900	2.239200	-0.246000	2.190900	1.630600	6.386400	0.000000	1.986400	2.255200	1.490800	-0.605200	1.148900	2.528000	1.400300	2.047200	1.669500	3.651800	2.190200	1.676600	0.672700
494	5.929300	4.559000	0.652600	2.113200	1.414900	5.643500	3.652300	4.206100	5.621900	3.741200	0.677200	3.391100	5.227900	4.259200	5.769400	3.810700	0.143200	0.000000	-0.630100	2.879300
495	2.221800	0.929800	-1.294700	-1.403900	-0.979900	4.581400	0.133400	0.320000	1.840300	0.000000	-1.630700	-0.346700	0.828900	0.503200	1.480500	1.704000	13.923000	8.361300	18.066600	23.806800
496	5.262900	3.288900	1.952400	0.423800	0.000000	8.056500	11.515900	2.863200	4.918300	2.650300	0.470400	5.676600	6.096800	3.650100	5.307700	4.415100	20.787100	13.489700	8.387300	6.633300
497	1.893500	0.414800	0.966100	1.148000	0.870900	0.522500	0.082900	0.101900	2.055100	0.082300	-1.566600	-2.250800	2.694400	0.481200	2.380800	0.000000	2.767900	0.822800	1.468000	1.303700
498	0.000000	4.472200	18.601000	11.553800	13.975100	6.653400	24.704300	16.461100	8.687500	9.814500	15.939200	18.940600	23.589100	19.007300	16.210600	14.646100	34.371300	41.660200	28.443200	80.910400
499	1.521100	0.000000	-1.681600	1.157200	1.050900	1.145000	-1.257400	-0.061000	-0.264900	0.104000	-1.443300	-0.533700	1.863400	0.613500	2.940800	-0.657900	-1.086300	-2.206500	-2.322500	-0.780600
500	1.370900	0.077500	8.441700	1.613800	4.532500	2.195100	22.581400	0.806000	0.000000	0.883000	6.572300	13.289100	14.414300	11.246400	8.140700	5.560400	40.933700	31.316400	25.046100	21.594300
501	4.169700	3.384700	0.000000	2.205200	3.070700	8.334400	6.536100	1.958100	2.733700	2.768500	0.211600	3.070100	4.776200	2.976600	5.741900	3.964800	13.365200	7.198200	3.988200	4.505900
502	2.876500	1.651800	0.200100	0.601000	0.160100	4.948100	0.038800	1.102300	1.525900	1.277100	-0.022000	0.000000	1.131600	0.574800	1.609900	0.505200	0.707400	0.555100	0.464300	0.938600
503	4.976000	3.583400	0.705300	2.538100	1.696800	7.109300	3.752600	4.280900	3.975000	3.387000	1.106700	3.231500	4.604900	3.873600	3.318300	3.293900	0.970100	2.544000	0.000000	2.444200
504	4.302300	2.567800	0.486200	0.603900	0.000000	6.477200	0.384500	2.514300	3.291900	1.950700	-0.087000	0.555800	2.227000	1.082800	3.044400	1.640400	0.578300	0.286900	-0.011400	2.177700
505	3.608300	2.574100	2.773100	3.846200	2.372600	0.000000	2.609300	2.870900	3.277200	3.012500	2.030800	2.567600	2.188200	2.840000	4.711400	4.294300	4.952600	5.690100	5.793500	8.881600
506	2.328600	1.222000	0.000000	1.206300	1.058300	2.379700	1.332100	1.262000	2.502700	1.795600	0.088500	0.436300	1.851600	1.696600	2.907200	2.197900	1.860400	0.550300	0.284500	2.141000
507	1.546800	0.833900	-0.060400	0.933500	0.479700	-0.326800	0.409000	1.589200	1.102000	1.045200	0.028300	0.157200	0.000000	0.265500	0.964200	1.202900	-0.194200	0.710400	0.480400	1.391800
508	1.445000	0.688000	-0.250600	0.931800	0.381100	2.787400	-0.392200	0.340900	0.709200	0.649300	-0.657900	-0.117900	0.476000	0.000000	0.957100	0.658100	-0.045000	-0.064900	-0.143100	0.269600
510	-0.255100	-0.076300	0.110900	0.199700	-0.022900	-0.681500	-0.103500	0.086900	0.030700	-0.085500	-0.101100	-0.074500	-0.029500	-0.156200	0.000000	-0.060200	-0.116900	-0.074100	-0.106100	0.058100
511	0.413300	0.000000	-0.091200	0.384400	-0.054600	-0.280500	0.071100	-0.158100	-0.152800	0.194500	-0.211000	-0.223700	0.184900	-0.117900	0.334800	0.352200	-0.123200	-0.097000	-0.185300	0.393400
512	0.952300	0.000000	-0.950100	1.756200	0.999400	3.228300	-0.578500	1.283100	0.060800	-0.149400	-1.332600	-0.950200	-0.232400	-0.232800	0.363100	-0.729700	-1.204300	-1.348200	-1.364600	-0.911500
513	0.000000	3.463000	3.857700	4.924500	4.844300	6.994200	3.067600	4.949200	3.740800	3.670300	3.523300	3.376200	3.782700	3.270400	3.741000	3.719800	3.708300	3.982100	3.800100	3.854100
514	4.551900	4.228500	1.569500	2.467800	1.180700	4.960300	1.777500	3.667500	4.659400	3.768200	1.462400	1.684900	4.168200	3.364000	4.819100	3.615100	1.949500	0.000000	0.756400	2.866700
515	0.000000	-0.726000	-0.437600	-0.076600	-0.501800	-1.407600	-0.528600	-0.373700	-0.647900	0.007600	-0.493000	-0.686600	-0.148100	-0.375900	0.282100	-0.245600	-0.136900	-0.525800	-0.466200	0.207900
516	0.167600	0.000000	-0.776800	-0.054700	-0.226500	-0.543000	-0.677500	0.352100	0.146900	-0.147800	-1.051700	-0.867900	-0.338000	-0.387100	0.109100	0.077500	-1.054300	-1.198600	-1.498300	-0.120200
517	3.756900	2.615400	0.000000	2.199800	1.080500	4.646700	1.875500	2.183600	2.381400	2.041900	0.324800	1.119400	3.038900	2.378500	3.507800	2.187400	0.755900	0.797600	0.471200	1.749800
518	1.295900	0.600600	-0.372700	0.935000	0.314500	2.244100	-1.100000	0.709300	0.888900	0.972200	-0.723300	0.000000	0.617800	0.257300	1.657100	0.980100	-0.463200	1.031500	-0.208500	-0.082000
519	0.000000	-0.173000	0.099900	0.311500	0.131900	-0.342900	0.112600	0.653800	-0.055200	0.215100	0.079200	-0.340800	-0.089900	-0.000600	0.100000	0.060400	0.445700	0.240000	0.257900	0.404800
520	0.660000	-0.137900	-1.700500	0.154100	-0.646100	3.521500	-1.072400	-0.041600	0.023900	-0.250400	-1.165400	-1.139400	0.000000	-0.611800	0.510000	-0.187800	-0.522500	-0.839900	-0.988200	-0.102800
521	1.453100	0.921800	1.606700	0.000000	-0.589700	0.040100	2.837300	0.531900	1.440800	0.984300	1.506700	2.605800	1.966200	1.651700	2.835200	1.423300	2.524600	2.532100	0.957300	4.444700