SITE	GLY	ALA	LEU	VAL	ILE	PRO	ARG	THR	SER	CYS	MET	LYS	GLU	GLN	ASP	ASN	TRP	TYR	PHE	HIS
3	0.155400	0.352900	0.196300	0.299600	0.308400	0.209900	-0.166600	0.292400	0.326100	0.331200	0.035500	0.000000	0.414800	0.303700	0.424200	0.477000	-0.061900	0.381700	0.027700	0.360700
4	0.649100	0.599100	0.217200	0.436600	0.328600	0.739800	0.028500	0.408800	0.657200	0.441900	0.111300	0.000000	-0.096600	-0.129700	0.507900	-0.156800	0.543500	0.522500	0.420200	0.383500
5	1.655800	0.873300	0.154700	1.890400	1.218700	-0.295100	-0.360700	1.738000	1.575300	1.087900	0.401500	0.000000	1.397500	0.768500	1.887600	1.029800	0.739500	0.955800	0.653000	1.538100
6	1.497500	0.671100	-0.384600	0.798700	1.368600	1.832600	-0.279000	0.744600	0.721800	0.381100	-0.158400	0.000000	3.002500	1.664200	3.877600	0.973700	1.441700	1.038900	0.626200	2.013300
7	5.955200	4.283800	0.000000	3.656000	1.769500	10.029300	9.293900	5.059900	5.342400	3.489300	1.364600	3.626800	7.242500	3.560300	7.271200	4.831300	8.771300	8.510900	5.217300	6.656700
8	6.478500	4.364100	0.068800	0.577900	0.000000	8.583300	6.935800	3.713900	5.690200	3.693000	0.479200	5.337600	5.982300	4.614500	7.050000	5.099500	14.933800	11.907600	8.899800	25.915100
9	5.872800	4.367600	0.000000	1.530700	0.293500	5.970600	2.171300	3.394900	5.246900	3.461800	0.387900	2.379500	5.672300	3.698500	6.718100	4.503800	6.269900	8.541700	5.619900	6.195900
10	7.542200	5.793800	1.514100	2.825700	1.795000	7.309200	5.145600	3.866200	5.702300	5.041200	1.451200	4.923200	6.351100	4.850500	7.722700	5.434900	2.085600	2.465100	0.000000	3.616500
11	-3.944100	-4.499100	-1.576700	-1.211000	-0.260900	-1.481200	-1.869700	-2.970400	-5.457100	-4.162300	-1.433500	-3.621200	-1.640000	0.112500	0.000000	-3.995000	4.143800	-2.842700	-3.364800	-4.044400
12	5.598300	4.772900	1.759100	4.655700	4.959900	7.414000	4.606800	6.288100	6.487400	4.455500	0.794000	2.979700	7.417900	4.691300	7.311100	4.656200	1.909100	1.137800	0.000000	3.900900
13	2.276900	1.838000	2.425800	2.360700	2.473300	0.439500	1.580300	2.755200	1.896000	1.389500	1.461800	2.421800	1.906600	2.025900	0.000000	0.625000	3.504700	-0.325000	1.154100	1.989400
14	-2.792700	-0.124100	-0.363500	2.313600	2.440900	3.913300	-2.097700	1.779900	0.000000	-0.342900	-0.492800	-0.635600	1.413500	-0.187000	1.196400	-1.722500	1.932500	1.446300	-0.312800	-0.114500
15	2.649300	1.744000	0.668300	0.402800	1.257300	6.824300	6.066200	0.000000	1.688400	1.286900	1.622900	4.319100	4.490600	2.673100	4.990100	1.660200	21.716600	18.968500	12.522300	8.535700
16	5.601200	3.793100	0.000000	3.118600	2.123700	8.666200	3.885400	3.590200	4.879100	3.764200	-0.368600	3.211500	4.658800	2.784500	5.365000	4.202400	6.757100	2.333300	-0.465300	2.951000
17	4.537900	2.965500	0.233800	0.000000	0.224100	4.026500	5.847700	1.088700	3.099500	1.399000	0.124600	5.260500	4.835100	2.818100	5.497800	1.943300	20.071200	6.999100	3.996000	15.097000
18	-0.235600	-0.803800	-1.328900	-0.530900	-1.136100	1.735900	-1.073600	0.404600	-0.186900	-0.320900	-1.284300	-1.183200	-1.219200	-1.308100	-0.113500	0.000000	-0.132300	-0.297800	-0.685000	0.685900
19	1.472300	0.937800	0.285600	1.300700	2.339300	0.190700	-0.148900	0.765800	0.356100	1.033200	-0.009800	0.310700	0.893300	0.796300	2.305700	0.000000	2.658500	0.075400	-0.228900	0.138300
20	-0.678400	-1.140700	-1.832700	-2.233500	-2.465500	-0.657800	-0.971400	-1.829800	-0.681500	-1.213500	-1.684000	-1.792800	0.000000	-0.498200	-0.451300	-3.043300	-1.396700	-3.184900	-3.075100	-0.878200
21	1.880200	1.413800	-0.180000	1.224100	1.593000	3.419600	8.354200	0.000000	0.599200	1.904200	1.115100	4.736500	2.274800	1.127300	3.099200	1.934500	10.052200	4.841900	3.260400	1.530100
22	4.043100	2.660600	0.188500	1.026300	0.000000	1.402400	1.291600	2.808900	3.348000	2.711300	1.441900	2.936300	4.742000	2.833500	4.103300	3.609400	6.873800	4.601300	4.655200	5.479600
23	0.907900	-0.403000	-0.634300	-1.458200	-1.712500	-1.580800	0.262300	-1.160600	0.127100	-0.052200	-0.804700	-0.337400	1.347900	0.263800	0.000000	-0.311600	-0.102200	-0.066400	0.442100	3.633600
24	2.352000	1.162400	0.043800	0.577100	0.406000	2.884600	2.200000	1.127700	1.586400	1.553700	1.103200	1.269500	0.000000	0.666500	0.973600	0.914900	3.800600	3.679500	2.061500	4.920100
25	4.661700	2.870800	-0.410400	1.028600	0.000000	4.256500	4.158300	2.140700	3.398800	3.166700	-0.742800	3.401100	3.831200	2.952700	5.472500	3.098800	4.583700	7.986400	4.836600	5.025900
26	1.863100	0.000000	9.704300	7.510400	10.502900	5.168800	20.228100	6.279100	2.121500	3.694300	7.848500	11.947400	11.513900	7.401200	14.241000	11.087700	34.316837	26.811350	20.876000	60.909800
27	1.153200	0.957600	0.697300	1.012200	0.373300	3.961500	0.000000	1.823500	1.450100	1.824700	0.624900	0.719900	2.806500	0.650500	3.492700	1.609300	1.469700	1.018800	0.955400	1.364100
28	2.412000	0.999300	-0.030300	1.768100	1.944300	0.596000	2.376500	0.598000	1.076000	1.109800	-0.308200	1.434700	0.000000	-0.094700	2.121600	2.014600	9.002500	3.026700	1.540100	2.167200
29	1.312600	0.000000	0.464800	0.967500	1.932500	4.668900	-0.660200	-0.173800	0.365200	0.321000	-0.453800	-0.392100	1.951500	0.839700	2.684900	1.068500	3.488600	1.689400	2.176800	2.937000
30	0.000000	2.349100	2.514400	3.647100	4.993300	7.905500	1.703400	3.341300	2.341300	2.449100	2.593200	2.112500	2.437300	2.474000	2.367600	1.945000	2.783300	2.464400	2.378500	2.615500
31	1.731000	1.101400	0.531200	0.000000	1.253500	5.398100	1.021000	1.274000	2.031900	0.829800	0.817400	0.835400	2.419700	1.839300	1.039500	0.602100	1.274700	1.115900	0.687600	1.096500
32	0.948600	0.211400	-0.746500	0.318200	-0.049000	-0.361600	-0.017500	1.088300	1.127400	0.620300	-0.463000	-0.270200	0.000000	0.133300	1.358000	0.478100	0.167900	0.470000	-0.067700	0.182200
33	1.619600	0.891900	0.819900	1.292400	1.114700	0.159900	1.440600	1.271100	1.427800	1.339600	0.584300	1.130200	0.000000	0.795000	-0.144500	1.141000	1.085800	0.626200	0.422500	1.717300
34	1.785000	0.507500	-0.906700	0.642200	-0.046500	-0.419700	-0.039200	0.685400	0.682000	0.884300	-1.006100	-0.449500	0.000000	-0.272500	0.795600	1.102700	-0.001400	-0.331500	-0.549600	0.759300
35	4.163100	2.104100	-0.259800	0.000000	0.704800	5.591600	10.769600	1.608300	3.270900	2.329700	-0.371400	3.873700	5.817200	3.007100	6.002600	2.331500	23.264700	18.833100	8.647400	11.413100
36	1.468300	0.320000	-0.248700	0.787400	0.621900	5.636000	-0.255600	0.492100	0.602400	1.115400	-0.598500	0.000000	1.210400	-0.005000	2.790600	-0.212700	1.293200	0.661900	0.285200	0.436800
37	0.900700	0.193900	-0.119200	0.545700	-0.134400	2.731800	-0.287000	0.641700	0.221400	0.635400	-0.540200	0.000000	0.324300	0.095900	0.706300	0.082200	0.006400	-0.150200	-0.205200	0.276800
38	3.723700	2.394800	0.748600	0.973200	0.000000	4.448100	3.223000	2.384900	3.390000	2.664900	0.588100	2.486000	3.551000	2.619500	4.242600	3.195900	2.797000	0.625900	0.498000	3.023900
39	3.400100	1.796300	1.824000	3.517200	4.648200	10.049700	3.778700	0.000000	1.026400	2.229900	1.433300	2.437200	2.645400	2.131900	3.241700	1.661200	4.282300	3.446900	2.222000	3.963500
40	1.052600	0.309600	-0.055800	0.733300	0.052700	3.584900	0.218400	0.557500	0.430600	1.026100	-0.287800	0.000000	0.632000	0.156300	1.210000	0.446400	0.713500	0.517500	0.597600	0.949800
41	1.648100	0.056900	-1.204600	1.773700	1.473100	2.131900	-0.590600	1.367700	1.282900	0.779100	-1.505300	-0.334400	0.000000	0.112600	0.971700	0.050500	-1.041300	-1.062100	-0.816400	-0.228500
42	1.089600	0.000000	1.126800	0.499600	0.907600	5.748000	2.349100	0.541100	0.148500	0.174500	-1.312500	1.060300	0.128300	0.645500	0.520400	0.765200	2.552000	4.537300	1.303200	24.693800
44	1.047000	0.334900	-0.978100	0.715100	-0.161400	2.872200	-0.090400	-0.282700	0.463800	0.339000	-1.175600	-0.362000	0.000000	-0.172400	0.772600	-0.479500	-0.930300	-1.027000	-1.122200	-0.841900
45	0.000000	2.530700	2.603900	5.856500	6.730900	11.633600	6.983000	6.715600	4.496100	5.543000	3.532200	5.813300	3.381100	3.213400	6.498600	4.561000	5.015200	2.997000	3.196200	4.579800
46	0.915200	0.352800	-0.438900	4.551700	0.190700	6.636500	0.278700	1.275700	0.740700	0.287400	-0.207100	0.000000	0.474500	0.222700	0.623500	0.447000	0.548500	-0.189900	-0.005900	0.443900
47	2.709900	1.998900	0.000000	0.889200	0.252800	4.764200	0.985000	1.987700	1.619200	1.649900	-0.262900	0.881600	0.567800	0.840800	1.569100	1.657100	0.593800	0.751600	0.559700	1.994800
48	0.811600	0.625200	0.990000	1.138800	1.175700	-0.314300	1.245800	0.696000	0.291800	1.467900	0.939800	1.174100	-2.211100	0.971100	-2.726100	0.000000	0.931300	-0.486600	0.322000	0.907600
49	2.666800	2.021000	0.846700	2.248300	1.271000	1.140000	3.227600	2.220700	2.937500	2.640200	0.573500	2.568900	2.231700	2.477900	2.665200	2.454700	0.767100	1.289600	0.000000	1.473500
50	1.857700	0.881400	-0.441800	1.783000	1.187300	0.445700	1.410300	2.612900	1.423500	1.571300	0.232400	0.853400	0.000000	0.634700	0.898000	2.003700	2.306500	1.545100	1.520300	3.537700
51	0.925500	0.296700	-0.107300	0.631400	0.218300	0.016800	0.620600	0.898200	0.658800	1.004100	-0.522700	0.379600	0.006700	0.000000	0.245000	0.765300	-0.594000	-0.220100	0.048400	0.799800
52	1.361800	-0.580200	5.307800	0.929000	2.738900	2.439200	6.888500	1.576000	0.000000	1.694200	2.598500	6.715300	5.827800	7.394400	3.404000	7.753800	23.501100	23.478100	19.265100	38.190250
53	5.510800	3.620300	0.000000	3.010900	1.911600	9.378100	4.392000	2.496900	4.248700	4.016700	0.455000	3.290900	4.460300	3.252400	4.345200	4.635200	5.982900	9.399700	6.502700	6.687300
54	2.998900	2.266300	1.241400	2.233000	1.615600	5.416100	0.000000	2.228500	2.589800	2.504200	1.166800	1.055300	2.814000	2.102000	3.581400	2.222000	1.757100	-0.056900	0.229300	1.017800
55	1.710600	0.525800	-0.302400	0.785900	0.110500	3.838500	0.098800	0.648300	0.917100	1.181500	-0.518300	0.000000	0.565200	0.498300	1.157700	0.611000	0.316600	0.093100	-0.011400	0.911700
56	5.120000	3.083400	2.295300	2.783000	2.039200	5.917700	0.000000	2.542500	3.795900	3.162700	-0.323600	1.037200	5.794500	3.687200	7.198300	4.153600	19.047000	23.915200	16.830200	19.727300
57	3.677000	1.963400	0.307000	0.000000	0.401100	5.900600	7.347700	1.564000	2.753600	1.793300	0.335700	3.263900	5.302700	3.276000	4.050200	2.927700	20.980200	16.841700	15.363800	40.893450
58	-0.001600	0.064700	-0.089700	0.841700	0.386700	1.984800	-0.090300	0.347900	0.000000	0.625900	-0.142200	0.056500	0.637100	-0.426900	1.273800	0.216800	0.245100	0.379000	0.277300	-0.353200
59	2.604300	1.831400	0.000000	1.478000	0.294300	3.098900	0.393600	1.150300	1.405400	1.676600	-0.068300	1.014500	2.142600	1.348800	3.195900	1.596000	1.448800	0.564400	0.160100	0.740800
60	4.319300	3.153500	0.000000	2.256200	1.637600	4.522300	6.450900	2.234800	3.018600	2.606700	-0.181400	2.158200	5.771800	2.332300	5.894500	2.937400	14.198800	9.439700	2.373000	2.252500
61	1.324600	0.487900	0.809900	0.903600	0.891000	3.963800	-0.036800	0.269800	0.273000	1.163300	0.776200	0.000000	1.097500	0.551500	1.998600	0.937100	1.398500	1.021400	0.975300	1.050500
62	-1.987300	0.509100	-0.546000	2.049800	1.451800	4.411200	-0.585700	1.309900	-0.291100	-0.011400	-1.281100	-0.426500	-0.082300	-0.277500	0.000000	-0.974800	-0.157200	0.032400	-0.068400	-0.383800
63	4.740600	3.024200	0.000000	1.520900	2.308900	6.107300	4.777600	1.726100	3.470300	2.142500	0.963900	3.499400	4.494500	2.492800	5.197400	3.370100	12.499800	13.043800	7.220700	7.189200
64	2.584800	1.782900	1.981900	2.932600	3.759300	0.000000	2.575900	3.012700	2.718600	2.734000	2.126300	2.263500	1.599000	2.425400	2.921400	0.731500	2.540400	2.271600	1.976200	3.295000
65	1.989200	1.722100	-0.338200	1.146300	0.000000	3.660000	1.565300	1.764700	2.275700	2.554200	-0.543200	1.236600	2.419200	1.799000	2.010100	1.365400	0.530900	0.180200	-0.484700	1.192900
66	1.393200	0.812800	0.679500	0.927400	0.451000	-0.211700	0.783700	1.058800	1.173500	1.471700	0.664000	0.744400	0.000000	0.602400	0.599500	1.219700	0.906600	0.871200	0.769000	1.324400
67	2.063600	0.779600	0.075500	1.905500	2.570300	0.047400	0.112000	2.237000	1.594800	1.655000	0.320200	0.000000	1.111100	0.974900	1.841900	1.436200	1.044800	0.512800	0.471100	1.044200
68	3.639000	1.814900	-0.262400	0.000000	-0.524200	1.684900	1.555300	1.279100	2.494500	1.496200	0.680900	1.660700	3.527200	2.119300	4.477200	1.846400	6.899000	3.892000	5.101400	2.693700
69	1.172400	0.401900	-0.626200	0.426000	-0.338100	3.911500	0.067500	0.608900	0.461600	0.900000	-1.009600	0.054500	0.000000	-0.230000	0.408000	0.126300	-1.627000	-0.355800	-0.448000	0.256300
70	1.382100	0.477700	0.153400	0.699900	0.072400	2.276100	0.154800	0.547800	0.713800	1.224500	-0.179400	0.000000	0.541200	-0.054400	1.021500	0.327100	0.457500	-0.572100	-0.914300	0.497500
71	1.606100	0.000000	11.828800	4.612700	6.569200	6.067800	18.801300	2.593200	1.372400	3.079700	7.609700	14.480900	12.682400	10.973700	11.011400	6.859200	25.388350	21.136100	18.532700	59.638000
72	3.110400	1.812600	-0.515400	1.239400	0.000000	4.699800	1.285300	1.446900	2.117600	1.785300	0.073000	1.466200	3.475000	2.401200	4.402500	3.156300	3.447800	4.044200	2.595500	3.193700
73	0.445500	0.204900	0.153100	1.373900	1.157000	3.427600	0.211500	1.409800	-0.171600	0.487700	0.117800	0.000000	0.800600	0.482800	1.406100	0.418700	0.249400	0.228500	0.142800	-0.198000
74	2.891600	2.506200	2.135600	3.219300	2.920900	3.575800	0.000000	2.317300	1.966000	2.280600	2.034800	2.253100	2.760200	1.963500	3.483400	1.954200	3.172600	2.471800	2.112600	1.976200
75	4.021400	2.473700	-0.406300	0.877400	0.000000	1.842200	3.898300	1.806600	2.621600	2.260500	0.166300	1.999100	4.842600	2.687800	5.825500	3.186900	9.321200	3.595100	1.903800	2.379200
76	0.499900	0.347300	-0.413700	0.042300	-0.415600	3.046900	-0.473000	0.000000	0.107200	0.230800	-0.359000	-0.354100	0.069700	-0.379300	0.517300	0.058500	-0.211700	-0.073900	-0.327800	0.026700
77	2.960300	2.061400	-1.053800	0.980200	0.802900	0.000000	2.712600	0.290000	1.884200	1.512100	2.318100	3.739100	2.481700	2.925300	4.238800	1.695400	5.380100	4.130300	1.857800	9.701800
78	1.691100	0.195700	-1.280100	1.241000	1.142800	6.015800	0.579100	0.000000	0.921800	0.378900	-0.837500	1.015500	1.283900	2.341600	2.159000	-0.049400	12.497700	8.191900	4.361000	1.908300
79	0.869600	0.084600	-0.217000	0.190400	0.030000	-1.357100	-0.891100	0.245700	0.323700	0.471600	-0.087700	-0.267100	0.000000	-0.342800	0.288000	0.465800	-0.007800	-0.290400	-0.444200	0.342900
80	0.000000	7.561700	8.316300	13.443300	13.346800	11.211900	9.188700	12.209400	8.068800	8.683300	7.679800	8.502300	9.914700	9.763200	9.026800	7.980500	10.133100	10.172600	10.089900	8.821600
81	1.789500	0.000000	-1.311400	0.532000	-0.210600	4.083300	7.517000	0.006600	1.399500	1.368700	-0.601900	3.131100	4.215300	2.285300	3.791700	2.265900	12.997400	12.349200	2.926000	33.383730
82	1.726700	0.996900	-0.129400	1.377500	0.798000	0.475300	0.263000	0.745300	1.259300	1.552500	-0.251200	0.146500	0.000000	0.563500	1.048300	1.573000	-0.024000	-0.310600	-0.163600	1.190600
83	1.848400	0.894700	0.172600	0.849700	0.254400	-0.562500	0.759400	1.311300	1.605200	1.378400	0.106000	0.612000	0.000000	0.319900	0.871400	1.378300	1.244500	-0.856200	0.354400	1.038700
84	1.734200	-0.489700	0.002900	-0.297400	1.550300	6.467300	7.648400	0.000000	0.195900	-0.176300	-2.260700	3.584200	2.911900	2.518700	3.000900	1.808900	17.411800	21.426900	16.469900	17.121700
85	4.592400	3.196800	-0.131300	1.351100	0.000000	5.275100	2.498000	2.453600	3.635000	3.035600	0.297300	3.129000	4.073700	3.350900	4.883300	2.688700	1.824300	3.606700	2.753000	2.564700
86	0.986300	0.374500	-0.162300	0.797300	0.176800	3.822700	-0.406100	0.974400	0.913400	1.178300	-0.122600	0.000000	0.233500	0.544500	0.895500	0.442800	-0.107200	-0.112600	-0.205200	0.219300
87	0.801600	-0.006900	-0.713600	0.047100	-0.340000	2.291200	-0.514800	0.660600	0.604600	0.649200	-0.770300	-0.230800	0.000000	-0.505400	0.178400	-0.731600	-0.199700	-0.058600	-0.159200	0.079900
88	5.807900	3.565900	0.000000	3.284100	2.290200	7.736700	10.665500	4.395300	4.198600	3.701000	1.480100	6.596000	5.201000	2.948500	5.789400	3.309200	20.433800	11.258700	6.109100	7.556100
89	2.205900	1.499800	0.725700	1.835900	1.101800	5.080100	-0.465300	1.906000	2.070900	1.804100	0.606100	0.000000	2.228100	1.321000	2.770500	1.441000	1.374600	0.139800	0.206500	0.611300
90	0.669500	-0.226400	-0.524900	0.064200	-0.395400	2.191700	-0.879000	0.344800	-0.226600	0.380500	-0.714400	-0.505900	-0.070100	-0.426000	0.536200	0.000000	-0.543700	-0.575000	-0.666300	0.029900
91	0.631800	0.916500	0.201100	2.729600	1.332600	3.654900	0.000000	2.516400	0.927100	1.296900	-0.185300	0.327400	2.325600	1.391400	2.331900	0.049600	-0.352700	0.895900	0.272100	0.022600
92	0.000000	2.391000	2.214500	4.615900	4.304400	6.943300	2.949400	3.558600	3.578700	3.520600	3.360600	2.188000	3.432200	2.555000	3.544600	2.552800	2.946400	2.767700	2.772400	2.815300
93	5.499200	3.903100	0.374800	2.727300	3.040400	7.748300	2.848400	3.181900	4.245400	3.391500	0.302100	4.309100	5.839400	4.365100	6.585000	3.813400	3.968500	0.000000	-0.522200	3.111500
94	3.402500	1.684400	0.782100	0.000000	-0.026900	3.281500	0.785800	1.718500	2.993600	1.479700	1.037500	0.513400	4.232300	1.531400	5.193500	2.795800	2.583900	1.623600	1.119600	2.375500
95	5.267200	3.390500	0.045800	0.000000	-0.494900	4.369800	4.286500	2.408000	4.631100	2.580000	2.221900	5.127400	8.363600	6.483500	5.626200	4.110500	23.271700	17.158400	16.813300	16.069600
96	1.923900	0.000000	5.417100	0.166300	1.555700	5.091300	18.209300	1.459900	1.354400	1.092700	5.009300	10.540800	10.173100	8.472700	8.633400	5.899000	24.642310	16.623000	13.178900	31.661970
97	4.597300	2.814700	0.198600	0.000000	0.340500	6.491500	13.098900	1.788600	3.332400	2.102200	0.674500	5.200900	6.973200	5.775300	5.931400	3.558900	13.610800	11.088700	8.890100	6.636600
98	5.682200	3.466400	1.936800	0.000000	-0.645200	3.956100	3.040400	2.296000	4.972800	2.561800	0.985200	3.408300	5.865800	2.971300	5.438100	3.606400	7.494800	7.515600	6.007200	8.293900
99	1.134800	-0.032400	4.785100	2.706500	3.725500	3.930600	2.256500	0.865800	0.000000	0.419300	3.363800	3.277800	6.700100	5.600100	6.716000	1.517500	14.640300	12.698000	8.551500	22.050000
100	0.000000	1.470400	-0.249500	0.533900	-0.432900	-0.770600	3.091600	1.807900	1.729800	0.381300	1.251600	2.578800	3.615200	3.512900	1.909400	1.403600	1.307000	-1.027100	-0.124400	3.715700
101	0.000000	0.801000	6.496900	4.952000	6.765400	1.957700	9.211700	4.701400	0.699800	2.319400	2.246800	5.679100	7.709900	6.462300	9.303400	7.931800	16.310400	15.194000	12.774000	18.446000
102	6.578300	5.265800	2.129800	2.704800	1.615000	4.865500	4.594300	3.912900	5.716600	4.714800	1.748300	4.117300	6.372000	4.747900	6.478200	5.261300	2.951500	2.508500	0.000000	4.134400
103	0.108600	-0.847100	-1.354800	-1.220300	-0.761200	0.884700	0.229500	0.236300	-0.294100	-0.244800	-0.937900	-0.942800	-0.553500	-0.593900	0.000000	-1.407700	-0.212800	-0.453700	-0.951600	-0.223700
104	2.266900	1.401300	-0.006100	1.098300	0.000000	-0.564300	0.969600	1.860900	1.602400	1.233500	-0.910700	0.704900	1.363700	1.167900	1.617500	1.979700	0.777300	0.104200	1.445000	2.610400
105	0.970800	0.000000	-0.195200	-0.706800	-1.324800	0.584600	8.452500	1.317900	0.578600	0.819400	0.139600	1.500800	3.994200	0.078800	3.964700	4.768400	5.808200	5.737600	6.981500	5.685500
106	3.913300	2.193300	-0.440700	0.000000	0.787500	3.232200	8.484900	2.487300	3.953400	2.348800	1.241300	4.227800	5.509900	3.293200	3.934500	2.556300	29.153160	18.618400	15.994100	8.901900
107	0.296500	-0.378100	-1.287100	0.308700	-0.464800	4.393300	-0.383400	-0.269700	-0.164200	0.371200	-1.437600	-0.675800	0.111200	-0.200200	0.941000	0.000000	-0.797500	-0.563500	-0.701000	0.401400
108	0.945900	0.231300	-0.105900	0.545600	0.005700	-1.269300	-0.109300	-0.250100	0.166500	0.938600	-0.719500	0.000000	0.664800	-0.067000	1.006600	0.785400	-0.317400	-0.035000	-0.262600	0.725500
109	4.686700	2.977400	-0.323500	1.100200	0.000000	3.158200	3.555900	2.867900	3.333600	2.822400	-0.363000	2.764900	3.932700	2.533200	4.734000	3.085300	4.943900	7.559800	2.398900	1.793900
110	1.668900	0.346800	0.429300	-0.013100	1.285000	3.219800	-0.162500	1.686600	1.042400	0.906300	-0.445100	0.000000	1.598900	0.343200	3.356300	1.945100	1.764100	3.637900	3.335400	2.700000
111	0.648800	-0.069200	-0.251900	0.216100	-0.211800	4.100700	-0.339600	0.554800	0.686800	0.651000	-0.292000	-0.265800	0.000000	-0.207000	0.634200	0.121600	-0.188900	-0.115800	-0.159600	0.262400
112	2.276800	0.793100	-0.391100	2.024300	2.060600	6.534100	0.080600	2.345400	2.090200	1.637200	-0.815200	0.000000	1.339700	0.437700	2.034600	1.610600	0.547900	-1.394400	-0.137600	0.976100
113	4.734100	3.541800	0.000000	2.417300	1.323100	6.193600	3.584400	2.503400	3.529100	2.872900	-0.439000	2.244400	4.924400	2.389800	5.565400	3.765900	5.887900	5.777000	2.740900	1.980600
114	0.000000	3.362200	3.939700	5.577500	5.467900	8.012400	1.519100	5.290700	3.484900	3.555300	3.789200	-0.154200	4.075100	2.958200	3.867100	2.714800	4.437300	3.807500	3.676300	0.895100
115	5.076100	3.830500	0.000000	3.676100	2.470900	4.340700	3.964600	5.505300	3.736900	3.531800	-0.262400	4.170600	5.673100	4.051200	6.642200	4.633200	6.112400	1.550700	-0.963400	2.742100
116	1.478200	0.551200	-0.391400	0.231400	0.200600	0.430600	-0.417500	0.655000	1.020000	0.439500	-0.369200	-0.730200	0.523100	0.029000	0.000000	0.210100	0.229100	0.028600	-0.444200	-0.096000
117	5.201400	4.032600	2.307300	4.320100	3.199000	7.079900	3.297000	4.786100	4.684000	3.858600	2.069400	2.807300	4.130700	3.956300	5.359900	4.805500	0.868400	0.000000	1.251100	2.791800
118	1.416100	0.000000	3.271800	-0.066500	2.251700	0.770600	3.556200	0.599000	1.209000	0.069900	1.266500	2.586600	2.815000	2.524100	3.000100	2.603800	3.570300	0.647200	2.067000	12.456900
119	4.869100	3.365700	1.477200	1.574800	1.226900	6.140100	1.920800	3.264100	3.932900	2.812600	0.716300	2.231300	3.371400	2.888600	4.407200	3.624700	1.903000	0.694000	0.000000	2.438100
120	1.041700	0.000000	12.146200	3.676200	5.581600	1.481700	8.888300	5.330800	0.457300	2.331900	2.312400	3.229800	7.105800	6.884600	11.404600	9.419500	31.977280	34.023450	22.865800	26.163700
121	2.718200	2.745900	2.732400	2.649000	4.934900	4.162500	16.514600	2.414100	2.468700	2.521800	3.182700	6.130300	5.847000	7.847700	3.593500	0.000000	34.613360	30.725440	24.990800	33.184980
122	2.729700	1.621400	0.440200	0.745600	0.464500	4.800500	0.000000	1.291500	1.874700	1.436500	0.391400	0.301300	1.936100	0.620600	2.654100	1.864900	0.525500	0.187400	-0.060700	0.532200
123	6.073300	4.153100	0.000000	1.840800	0.975700	2.239900	5.781200	3.864700	4.099100	2.812100	0.015500	3.212400	4.459600	2.800900	5.085800	3.080600	5.243600	5.424600	3.139700	12.055600
124	1.962400	1.209400	-0.026700	0.632600	0.000000	2.481900	1.206700	1.673200	1.812200	1.116500	0.390100	0.776100	1.033300	0.981500	1.406100	1.558200	1.792900	1.869800	1.396500	2.193700
125	2.417500	1.698200	0.920900	0.000000	-0.335000	2.472000	1.148000	1.446900	2.171400	1.112200	-0.935400	0.916300	1.803500	0.870000	3.019800	2.399600	1.816000	1.743700	1.669700	2.424600
126	1.046800	0.525400	0.322600	0.758800	0.315200	4.599100	0.106200	0.835600	0.513200	0.498600	-0.111300	0.000000	0.532700	-0.011100	0.882400	0.744000	0.705600	0.428500	0.125300	0.436100
127	-0.225300	0.534000	0.463900	1.625200	2.967400	4.178600	0.323100	0.963100	0.596100	0.334200	0.418200	-0.074800	0.286000	0.078900	0.000000	0.134200	0.065100	0.100300	0.022600	-0.011300
128	0.000000	3.298700	2.247200	4.497400	4.126500	5.415400	2.878700	3.855700	3.170900	2.972100	2.250500	2.521500	3.306000	2.569200	3.013100	2.009900	2.614300	2.751400	2.769100	2.877900
129	1.863400	1.308200	0.226600	0.219000	0.238700	6.151100	-0.109500	1.236200	1.679000	0.831400	0.486700	0.000000	1.821800	0.481700	3.037700	0.871800	1.382600	0.713500	0.512800	0.124600
130	5.725300	4.086900	0.000000	1.382300	0.312400	3.629100	5.083600	4.147900	4.879600	3.784300	0.013100	4.407800	4.922900	3.628100	4.797200	3.992000	9.816600	4.069700	0.878200	3.012000
131	1.049100	0.254000	-0.279000	-0.018900	0.271700	3.647400	0.630000	0.000000	0.651400	-0.111300	-0.689900	0.483800	0.975900	0.384600	0.962200	0.599000	0.544100	0.496700	0.413900	1.279000
132	0.000000	4.216400	7.210900	8.854300	8.957400	11.067800	6.554700	7.924300	6.401600	5.622000	6.312400	6.354100	7.074200	7.015200	8.714200	8.706300	8.610300	9.130000	7.675500	68.831300
133	1.531200	1.207000	-0.017000	0.611100	0.173000	5.242100	0.516800	0.839600	1.262000	0.634200	-0.139300	0.323700	0.230200	0.185400	0.000000	0.441800	0.730100	-0.330600	-0.842300	0.932700
134	4.946600	2.933200	-0.033000	0.000000	0.975800	3.953100	12.608500	2.809300	4.374100	2.386800	1.881000	8.547800	3.959900	5.184500	5.335200	4.104500	9.999100	10.148800	5.527300	28.541070
135	1.731900	1.067100	0.616800	0.143000	0.027800	2.861100	0.353800	0.727400	1.282800	0.570600	0.116000	0.093300	0.000000	-0.147400	0.470700	0.875000	0.206100	-0.287500	0.298300	0.344200
136	0.000000	7.837500	24.150300	19.954700	22.668000	14.070100	18.393300	15.205700	11.272900	13.797600	16.073000	18.710600	18.324100	18.771800	22.433300	20.903700	48.197700	41.537740	46.377700	79.270500
137	0.217000	0.620200	-0.525900	0.291600	-0.553100	1.465000	-0.000100	0.654800	0.607600	0.116700	-0.550500	-0.017600	0.000000	0.038200	0.154700	0.188600	0.080700	-0.342900	-0.661900	0.201900
138	2.903300	1.934200	0.085400	0.000000	1.254700	4.400800	4.020500	1.571300	3.069700	1.701100	0.617900	1.646000	5.653100	3.593400	4.027600	2.900300	10.561700	13.279000	6.946600	3.201300
139	2.932500	2.812200	0.000000	1.717200	2.007800	4.437900	2.289000	2.459300	3.491400	3.284800	0.586200	2.574500	3.391700	2.958300	3.674800	2.907300	4.970600	2.339700	2.116600	2.311100
140	0.685100	0.281700	0.280000	0.536100	0.024800	-0.109300	0.254600	0.833700	-0.244200	0.616200	-0.519100	0.000000	0.143400	0.221200	0.064700	0.072500	0.218300	0.378500	0.405200	0.748200
141	1.177500	0.831600	0.891600	1.216100	0.936100	-0.639700	1.039100	1.227300	1.194300	1.380500	0.656100	0.971100	0.000000	0.725200	-0.425900	1.005000	-0.129000	0.611200	0.294100	1.343200
142	0.077600	0.271100	-0.332700	0.025600	-0.127200	-0.052200	0.403400	0.085600	0.218600	0.638800	-0.141000	-0.072500	0.362600	-0.138400	-0.562300	0.000000	-0.085000	-0.966000	-0.587200	0.630200
143	1.341700	0.000000	3.922600	2.605300	4.136200	6.168100	2.252600	3.236800	1.645400	1.580800	0.573300	1.907400	3.304600	1.573400	4.937400	4.388700	10.613600	7.905000	7.297500	16.820400
144	2.110500	1.161600	-0.359200	0.288100	0.176700	-0.073100	-0.132400	1.098700	1.756300	1.400900	-1.095000	0.000000	0.356000	2.000300	2.685500	2.374400	2.092300	0.324600	-1.420900	1.677800
145	0.000000	-0.319900	1.646900	1.721100	3.915700	4.853500	2.892000	3.101000	-0.775000	1.507900	0.259700	1.372300	1.404400	0.764000	4.388500	5.710500	11.080200	5.402100	3.611100	57.525700
146	0.726400	-0.036000	-0.447800	0.209300	-0.296400	1.179100	0.355800	-0.071400	-0.011100	0.352300	-0.184900	0.057600	0.000000	-0.092900	0.345000	0.165200	0.267600	0.111100	-0.020500	0.519900
147	5.054900	3.151800	0.551300	1.144800	0.000000	5.641200	4.210800	3.043200	3.628300	2.036000	0.317400	1.724600	3.842400	3.176900	4.598600	3.101400	3.884300	2.799100	1.236600	3.143300
148	4.722900	3.513400	0.000000	2.614600	2.717000	7.237300	2.824200	3.712000	4.241600	3.616800	0.789400	3.424600	5.397300	3.461700	6.130300	4.543700	5.273700	3.637600	2.849400	3.768700
149	1.525400	0.221900	-0.935800	-0.061200	0.305000	2.866200	-0.219400	-0.236600	0.501400	0.675300	-1.033900	-0.426100	0.000000	-0.102600	0.914700	0.747300	-0.366600	-0.341600	-0.422600	0.544500
150	1.755400	0.768400	-0.513400	1.066600	0.265300	5.157600	0.460400	1.328200	1.330600	1.590600	-0.415800	0.000000	0.679400	0.368400	1.301200	0.952900	0.350600	-0.068400	-0.168400	1.068400
151	5.510900	3.341200	0.829100	0.842400	0.000000	7.181900	9.171800	2.147100	3.829600	2.410200	0.134500	4.313300	5.345000	4.075900	5.217900	3.382100	2.709900	1.666200	0.938500	4.245500
152	1.707400	0.000000	2.133200	1.829400	2.599500	5.680100	1.715800	1.998100	0.795000	1.397300	3.055000	2.831800	5.917800	3.883800	9.390100	5.973400	9.004500	5.989500	5.415400	22.921500
153	1.004700	0.384100	0.327400	0.819000	0.462600	4.982900	0.014500	0.250900	0.521900	1.284800	-0.084200	0.000000	0.846800	0.060900	1.458000	0.644100	-0.028200	0.329600	0.482500	0.344400
154	2.235500	1.122800	0.186500	1.152100	0.000000	4.783000	0.245200	2.178000	1.627600	2.023200	-0.153300	0.323100	1.414400	0.935000	2.289600	1.390000	0.774400	0.960700	0.747500	0.816500
155	1.588900	0.922300	-1.227000	1.874000	1.407800	4.099000	0.186400	1.549900	1.840100	0.254900	-0.323800	-0.000400	0.000000	0.240100	0.543300	0.296400	1.106100	1.317600	0.355500	0.319000
156	0.000000	2.333800	2.848500	3.892200	5.187000	7.948800	1.193400	3.690900	2.558600	2.473600	2.923500	1.573200	2.876300	2.193700	2.800900	1.986500	2.784200	2.804800	2.578900	1.605900
157	5.074600	3.314400	2.042300	0.746100	0.000000	9.545800	13.543800	2.990600	3.926900	2.554600	2.884800	7.471900	7.245200	4.792100	6.947400	4.781400	21.800700	10.907600	7.961500	10.039500
158	0.612500	-0.062500	0.333600	0.824400	0.647200	-1.429200	0.436300	1.137400	0.034500	0.471700	0.264000	0.354800	0.295600	0.410400	0.141000	0.000000	0.398900	0.341000	0.227500	0.196800
159	2.623500	1.755400	0.000000	1.862200	1.564100	0.066000	1.604100	1.970600	2.456300	1.859500	0.011400	1.375100	1.286100	1.439800	2.855200	1.742600	2.298300	2.010700	1.631100	2.489400
160	0.629300	-0.013400	0.056900	0.420600	0.063600	-1.353300	-0.721700	0.428300	-0.183400	0.616700	0.135800	-0.596000	0.000000	-0.240300	0.331500	-0.141600	0.311300	0.389100	0.353100	0.008200
161	0.760600	0.282200	-0.028500	1.515900	0.165500	0.390100	-0.243300	1.061400	1.166200	0.330100	-0.344000	0.858600	1.187600	0.803500	0.000000	-0.348600	-0.694000	-0.819500	-1.345900	0.330400
162	3.697900	2.105600	1.074000	-0.446000	0.152200	7.377100	9.634600	0.000000	1.872000	1.624700	2.752400	6.468600	8.144200	4.719600	6.344200	4.165700	20.708600	14.211500	10.365800	39.225060
163	4.684600	3.010000	-0.214100	0.000000	-0.435500	6.827200	2.992800	2.253900	3.755200	2.424100	-0.004500	2.906400	5.117400	2.823000	5.761700	3.033400	4.153000	3.272100	2.870000	4.069600
164	1.719100	0.000000	-1.730200	-0.433500	-0.810400	5.004600	-0.075400	-0.041600	1.210500	-0.437500	-2.455200	-0.603300	2.153600	-0.945300	2.830600	-0.039100	-0.463300	-2.716100	-4.286300	-1.840700
165	6.886900	4.223700	1.670400	0.000000	-0.211800	5.603800	7.202200	2.964900	5.539700	3.102300	3.571600	8.038800	6.214400	5.150900	5.816000	4.080900	21.713400	10.786000	9.769700	9.031300
166	0.000000	4.449300	8.657500	8.084900	12.724700	8.572900	6.281300	10.409300	4.271600	4.597000	6.439400	8.112300	10.330200	8.468800	11.062900	7.246100	15.190600	8.159900	6.843900	8.395300
167	-1.419500	-1.618400	2.367500	-0.203800	-0.361400	0.286200	-1.912400	-0.709600	-1.896300	-1.404300	-0.342300	-0.051400	0.557700	-1.610400	0.000000	-0.947700	0.018200	1.871400	-0.543800	3.018000
168	0.000000	0.815900	1.352200	1.722700	1.340000	1.627500	-1.480900	0.425000	0.212000	0.678500	0.466200	-1.037500	1.580600	0.720500	2.387400	0.000200	2.730300	2.176500	3.082900	1.686400
169	1.334700	0.000000	1.152700	0.814100	1.293900	-1.499100	1.341200	1.896500	1.149500	0.820700	-0.204200	1.213100	1.756100	0.558000	2.016700	1.422800	0.866500	0.317000	-0.068200	1.803800
170	0.527400	-0.114600	-1.717500	-0.442900	-0.987000	-1.300600	-0.153100	0.326500	0.351000	-0.307300	-1.915200	0.060400	-0.315700	-0.167200	0.500200	0.000000	-1.472900	-0.866800	-1.253500	-0.384500
171	-0.721100	-1.514700	-2.289600	-2.089100	-1.621000	0.845600	-0.400300	-1.611100	-0.868200	-1.237200	-3.065700	-0.267500	-0.376000	-2.510600	0.000000	-2.700100	-4.463400	-0.117000	-3.916300	-2.037600
172	2.499400	1.363900	-0.050700	0.737000	0.000000	4.079700	0.711300	1.527600	1.799400	1.528100	0.018200	1.210800	1.653200	0.988200	2.635300	2.481500	2.306400	6.316200	1.405600	4.805600
173	0.643000	0.143300	-0.038200	0.705600	-0.229900	-0.257100	1.395900	1.258200	0.000000	-0.100700	-0.188000	1.184900	1.072800	0.005500	2.253800	1.380900	2.955400	3.658100	8.084500	3.717400
175	4.889000	3.795200	1.669600	4.083700	4.098700	5.830600	8.000000	4.131800	4.274300	3.565500	1.518800	2.879100	7.550600	4.313200	7.535200	3.647200	9.199500	2.726300	0.000000	4.430600
176	0.188900	0.015100	-0.365300	0.857800	0.216700	2.397000	-0.421500	1.075200	0.032600	0.695600	-0.664300	0.000000	0.074400	0.137300	0.591000	0.839200	-0.106800	-0.412200	-0.708900	0.459700
177	1.501900	0.462700	-0.563600	-0.514900	0.048500	1.072500	0.267700	0.306500	0.788800	-0.313400	-0.276500	0.000000	1.096100	0.518800	1.932900	0.139400	0.575500	-0.451600	-0.712600	-0.063900
178	1.610200	0.000000	2.176400	4.173600	4.062700	-0.356000	8.200700	2.218500	0.809800	1.315400	4.495300	5.371000	5.184200	4.764400	7.016400	5.100400	10.805100	7.345800	6.400500	13.835300
179	0.000000	2.798100	6.833600	10.326500	13.167800	18.281000	6.091900	9.500800	4.106600	5.058000	5.053700	5.993900	6.857900	5.147400	7.351800	6.574800	7.288900	6.952400	6.347000	92.946200
180	3.714000	2.243400	0.000000	0.663000	0.158200	5.036600	0.117300	1.059600	2.547900	1.493700	-0.523500	-0.360500	2.217800	0.275400	2.927400	1.813700	1.397300	0.768400	0.507900	1.142400
181	2.843300	1.407000	0.959000	2.223100	3.903200	1.810200	-0.097800	2.333100	1.468500	0.995100	0.380800	0.000000	3.206500	1.129400	4.403700	1.648000	3.068200	4.584900	6.983900	2.653800
182	6.340400	4.716500	-0.216900	1.501100	0.000000	6.766600	4.907900	4.049400	5.134600	3.616400	-0.082200	3.066500	5.586500	3.589000	6.663600	4.046200	4.339400	2.078400	0.870600	6.117800
183	1.455000	0.000000	6.205600	1.207000	5.346000	4.984900	5.110200	1.336800	2.009500	1.966300	4.719300	5.746300	9.392800	5.151800	7.103700	6.553000	25.291970	16.822900	18.460600	36.310720
184	6.013300	4.536400	0.942800	3.158300	2.318400	9.073900	4.523400	4.559300	5.585100	3.750300	1.135500	2.096600	6.232300	4.389100	5.961200	4.293300	2.371900	1.857800	0.000000	3.434700
185	-0.112800	-0.071500	-0.303800	0.554800	0.947400	4.150500	-0.043600	-0.397600	0.075200	0.000000	0.332600	-0.447500	0.190700	-0.254400	0.308300	-0.169800	1.924300	-0.059700	0.011300	0.270700
186	0.972300	0.000000	6.888500	5.720200	7.433000	1.837200	9.790500	5.103500	0.757000	2.635300	3.946500	9.083100	7.530700	8.887900	7.435500	6.454100	35.587996	31.494930	18.763300	36.404556
187	0.874900	0.461500	0.057200	-0.423800	0.005200	0.750000	-0.109300	0.582800	0.281300	0.415800	0.455400	0.000000	1.732200	1.490700	1.080600	-0.003400	-0.361200	0.129300	-0.295900	0.328100
188	2.488500	1.957200	1.898000	2.345700	2.013000	0.000000	2.128200	2.432300	2.418400	2.544000	1.847000	1.855500	1.491000	1.953700	2.151300	2.638700	1.946200	1.016300	0.698700	2.622800
189	2.164900	1.325200	0.757400	0.487500	0.000000	-0.837200	1.682400	0.968800	2.073200	1.082200	0.661500	1.092200	1.635500	1.275800	1.785400	1.725000	1.522400	1.231900	1.151000	2.147900
190	4.036800	2.427900	0.000000	1.696300	3.309300	3.217100	10.647900	3.340400	2.802800	2.643400	1.901300	6.310500	6.840000	4.138700	6.597100	3.904200	21.311700	18.844400	13.672500	14.548700
191	1.686200	0.736300	-0.533100	1.621200	0.379800	3.183500	-0.029400	0.465400	0.921600	1.217500	-0.389000	0.000000	1.070000	0.417500	2.836000	2.008900	4.499000	1.569600	4.550700	3.605900
192	-0.341700	-0.274900	-0.173700	0.365900	0.165000	2.842000	0.045100	0.021500	-0.266400	0.223700	-0.393900	-0.123000	0.000000	-0.438000	0.665700	-0.287200	-0.313500	-0.318700	-0.346600	-0.307400
193	1.392400	0.753700	-0.875700	0.628200	0.160000	0.957800	-0.051700	0.117900	0.366200	0.415200	-0.470500	0.000000	0.812500	0.253400	1.344700	-0.094900	-0.172000	-0.282800	-0.545300	-0.127700
194	1.147700	0.000000	3.214500	4.347500	4.537700	6.270500	3.428000	2.909500	0.145500	1.105600	1.801600	4.657200	6.984200	8.798000	5.644200	6.075300	29.364070	24.834350	22.892700	32.822360
195	2.181800	1.827000	0.246100	1.607000	1.203200	3.547600	1.153200	1.433200	2.039100	1.757500	0.909400	0.788800	1.362400	0.758800	0.000000	1.416300	1.720000	1.287100	1.206500	1.351300
196	4.906400	2.959700	0.548700	0.369500	0.000000	6.013600	1.001000	2.103900	3.444800	1.719900	0.808700	0.784500	2.361100	2.126800	3.448900	2.083600	1.684800	0.745500	0.510700	1.453800
197	1.094700	0.385800	-0.819800	-0.513600	-1.102300	1.070800	-1.925200	-0.081000	0.662200	0.000000	-0.906700	-0.675700	0.229200	-0.816200	0.577200	-0.084900	0.446900	0.504200	0.562200	0.919400
198	3.466400	2.256900	-0.145000	0.494900	0.000000	4.894200	1.514100	2.439900	3.244800	1.595100	0.330200	-0.260900	1.694200	1.820500	3.578600	2.836100	3.368800	9.338400	1.946200	6.107700
199	0.065400	0.116700	-0.581000	-0.183200	0.124800	-0.224900	-0.448800	-0.180700	-0.312600	0.130000	-0.602500	-0.601000	0.000000	-0.271800	-0.410400	-0.428500	0.006900	-0.306000	-0.610200	-0.219100
200	0.461900	0.245500	-0.008300	0.274700	-0.219900	0.269000	0.646900	0.292800	0.480000	0.289800	-0.468100	0.000000	0.544300	0.167500	0.781800	0.210700	-0.520800	-0.127600	-0.158900	0.621800
201	1.251300	0.481800	-0.553100	1.050100	0.580500	-0.138900	0.000000	0.871600	1.063400	0.717800	-0.545300	-0.279300	1.034500	0.295800	0.823900	-0.079700	0.984800	0.817100	1.027100	1.250600
202	3.425500	2.598600	1.844200	3.087800	2.654200	6.711200	2.278800	3.246000	2.822100	2.004100	1.996500	2.030000	2.931100	2.972600	0.000000	2.025000	1.755800	1.774900	1.677100	2.516600
203	4.868900	3.175000	0.000000	2.042000	1.018500	3.984100	3.096900	4.195800	4.712700	3.269300	0.195000	2.809500	4.385000	1.697900	4.831100	3.372900	13.170000	6.198100	3.383100	4.686600
204	2.432600	1.512400	0.526000	1.854100	1.412200	2.761500	0.000000	2.329600	1.796400	1.899500	0.607600	0.653100	2.092200	1.399400	3.046400	1.916100	2.100100	1.023900	1.019500	1.941300
205	1.380500	-0.152100	-0.567300	0.214400	-0.047400	3.712800	0.888400	0.591800	0.371300	0.415100	-0.806100	0.262300	0.000000	-0.051600	0.805200	0.784000	0.990700	0.011800	-0.718500	0.514500
206	4.918000	3.115200	0.256500	1.180000	0.000000	3.991300	9.060600	2.234100	3.010400	2.743600	-0.074600	4.111000	5.274900	2.315900	5.558700	4.237800	18.438800	15.316100	5.432500	3.736500
207	3.178100	2.199000	0.000000	2.133600	2.047900	4.858300	1.942100	0.990900	2.256500	2.100200	-0.083400	2.124300	2.962400	2.245000	4.258600	1.095600	4.356400	3.773700	3.779800	3.635300
208	0.892200	0.386300	0.350700	0.643200	0.264900	-0.989300	0.277900	0.527100	0.038400	0.157100	0.062900	0.000000	-0.048000	-0.481000	0.454500	0.743400	0.461000	0.668700	0.571500	1.022700
209	2.902200	1.914800	-0.405700	2.032500	0.914800	4.381100	1.201200	1.656600	1.849100	2.018700	0.571400	1.073900	1.974200	1.716900	2.565400	2.003400	0.556500	0.000000	-0.450400	0.858900
210	3.536000	2.396400	-1.312800	0.859100	0.000000	4.607800	4.756900	3.086000	3.510200	1.616900	-1.088500	3.462600	3.772100	2.130200	3.532800	1.823600	13.435500	7.213600	3.529200	2.010000
211	-0.176900	0.094200	1.013700	0.660300	0.888500	-0.443100	-0.149600	0.722200	0.612400	0.638500	-0.009700	0.000000	0.401100	0.655600	0.244000	0.282100	-0.501500	0.385100	0.275900	0.762700