SITE	GLY	ALA	LEU	VAL	ILE	PRO	ARG	THR	SER	CYS	MET	LYS	GLU	GLN	ASP	ASN	TRP	TYR	PHE	HIS
2	-0.350800	0.000000	0.067200	0.387200	0.326900	0.325400	-0.188700	0.263300	0.184900	0.033000	-0.453800	-0.269600	0.154300	0.050600	0.461400	0.378000	-0.169500	-0.417100	-0.600100	0.423000
3	-0.445100	-0.158200	0.005000	1.139800	0.830200	0.598100	-0.060400	0.087200	-0.568100	0.109300	-0.083600	0.000000	-0.155300	-0.847200	-0.170000	-1.169600	0.127300	0.020200	0.016100	-0.642500
4	-2.943900	-0.248100	0.173200	1.889800	1.722000	3.471000	-0.211000	1.579200	0.222100	0.210200	0.000000	0.237100	0.082100	0.126200	0.188600	0.213800	0.210000	0.236300	0.198000	0.417200
5	0.766900	1.171500	-1.020100	1.596400	1.089100	3.082400	0.000000	1.094200	0.774500	0.318500	-1.350800	0.233000	0.715200	0.128400	1.032300	0.279500	0.320500	0.009600	-0.557900	1.167300
6	3.945500	2.677900	-0.089100	0.853900	0.000000	2.977300	2.404500	2.313500	2.701700	1.963300	0.038900	1.477700	1.804600	2.126300	3.702400	3.101200	1.131500	0.333500	1.928700	3.565500
7	0.473600	-0.198000	1.465900	1.506200	1.081000	-0.597700	0.276500	1.770000	0.000000	0.606400	-0.241300	-0.191900	1.504900	0.261600	1.847000	1.263600	2.350600	2.002900	1.981100	3.064700
8	0.982400	0.788800	0.639500	1.048200	0.857100	0.000000	0.513600	0.710600	0.561400	1.212900	0.508300	0.437400	0.465900	0.269000	1.016300	1.040000	0.396000	0.414200	0.385700	1.059700
9	0.294000	0.664900	-0.390200	0.580500	0.163600	-0.179400	0.255200	-0.761100	-0.170600	1.199400	0.205000	-0.242100	0.000000	0.231900	0.005300	0.244300	-0.143400	-1.082300	-1.185200	0.734900
10	5.550200	3.713800	0.000000	4.052100	3.248300	4.711400	5.607200	4.834600	4.141500	3.614300	0.633600	4.768300	6.046300	4.231700	6.899100	4.641000	19.862800	12.543100	11.431400	5.847200
11	1.457900	0.538400	-0.216200	1.101700	0.598800	6.043900	-0.092300	0.302400	0.827700	1.168800	-0.586000	0.000000	0.331900	-0.323200	0.899300	1.008000	0.083900	0.251400	0.008800	0.786300
12	0.865400	0.227900	0.118800	0.758800	0.109200	2.128800	0.228500	0.513200	0.317800	0.929000	-0.429200	0.000000	0.522600	0.175400	0.975000	0.563400	0.237700	-0.085200	-0.209400	0.679500
13	2.156800	1.145700	0.000000	0.854400	-0.064700	4.004100	0.223500	1.749000	1.224600	1.478800	0.012000	0.231200	1.227300	0.343600	1.880600	1.543200	0.349800	0.289800	0.275100	1.468500
14	3.872900	3.031800	-0.017700	0.910600	0.000000	4.417100	2.674600	2.369500	3.420400	2.046000	-0.026100	2.368000	3.570100	2.469500	5.303100	3.220900	5.901400	5.005700	8.039000	10.481900
15	-0.412200	-0.356300	-0.325200	0.887900	0.607300	4.828300	-0.016800	0.149700	-0.149100	0.344000	-0.017400	-0.188800	0.000000	-0.179100	0.694400	0.410700	0.215100	0.186600	0.173300	0.610000
16	0.718100	0.143600	0.186000	0.960800	0.591800	-0.466100	-0.073500	0.853100	0.654800	0.941300	0.296100	0.000000	0.854600	0.519700	1.106500	0.404500	0.400400	-0.197900	0.116600	0.731400
17	2.310700	1.167300	0.141700	1.203800	3.980600	1.761300	2.310800	0.533000	1.397400	1.244100	0.178500	0.563300	4.008700	2.196200	3.863200	2.129800	3.574200	0.000000	-0.640200	2.069700
18	1.180000	0.845100	0.093600	0.489900	0.154600	2.001700	0.000000	0.504400	1.091500	0.623800	-0.005800	-0.131800	0.455800	0.545200	0.527200	0.506700	-0.229200	-0.073300	-0.066000	0.655100
19	1.080200	0.691500	-1.266800	-0.232900	-0.696700	-0.093700	-0.360200	0.620200	1.120300	0.000000	-1.919200	-0.390700	0.006100	-0.265000	0.903900	0.906900	0.650700	0.912300	0.966400	1.097000
20	2.742300	1.043400	0.209800	0.000000	-0.411100	6.991900	0.968000	1.361000	1.455500	0.405400	0.281000	0.648600	0.932200	1.018000	0.849400	0.822800	1.148900	1.012300	1.026100	1.219100
21	1.750700	1.200900	0.077400	1.330700	0.625700	-0.182100	0.860100	1.142100	1.288400	0.655100	0.081100	0.000000	0.517900	0.368200	1.233800	0.345700	0.934200	0.237600	0.162900	0.699600
22	0.523000	-0.335400	-0.847900	0.865800	0.164500	5.564600	0.011500	2.016700	0.059400	0.297900	-1.053800	-0.116900	0.434600	-0.111600	0.000000	-0.394000	-0.758900	-0.731800	-1.509600	2.467200
23	-0.165400	0.047700	-0.061500	0.076400	-0.195700	1.261500	-0.567500	0.000000	-0.239000	-0.128100	-0.087800	-0.298400	-0.111600	-0.176700	-0.009900	-0.171700	0.092100	-0.102200	-0.129400	-0.098900
24	-0.844100	-0.491900	-0.766000	-0.325500	-0.426600	2.003300	-1.644800	-1.489200	-1.345700	1.218300	-0.927100	-0.912800	0.000000	-0.945700	0.111600	-1.097800	-1.053200	-0.475000	-0.490100	-0.681400
25	0.000000	-0.829800	-1.263500	-0.840600	-1.605700	-1.759300	-2.147000	-1.117500	-1.062100	-0.512100	-1.326100	-1.453500	1.172300	-1.093900	-0.874600	-1.217700	-2.717800	-1.913500	-2.382600	-1.104100
26	-0.423400	-0.339500	-0.175100	-0.172400	-0.028800	-0.526800	-0.749500	-0.230900	-0.337200	-0.238800	0.000000	-0.451600	0.430900	-0.236400	0.374200	-0.356000	0.173900	-0.320400	-0.080100	-0.121400
27	-0.116500	0.182500	-0.677500	0.104200	-0.159700	-0.757900	-0.620300	0.321300	0.000000	0.170800	-1.366800	0.291700	1.757900	-0.074600	1.257200	0.356100	0.017200	-0.488100	-0.143300	-0.050800
28	2.406400	1.941100	2.729800	1.816800	2.844900	0.000000	2.678900	3.392200	1.637100	1.411700	3.097100	3.884100	3.482300	2.703900	3.309200	2.560100	4.831000	5.100400	4.513000	4.895100
29	1.670000	0.000000	2.132300	0.227400	0.041800	-0.229700	-1.151600	0.872300	0.834600	0.780500	-0.651000	-0.000400	3.282200	-0.484300	3.510100	1.160900	8.612400	3.667300	3.204800	5.256500
30	2.370400	0.878000	-0.312100	0.405300	1.077200	2.540600	0.566300	2.594600	1.195200	1.013600	0.149800	0.000000	0.041100	0.927800	0.697400	1.155300	1.467100	0.787000	0.628000	1.373500
31	1.579100	1.820000	-0.662600	0.000000	-0.543600	1.697000	0.775700	1.148000	2.312500	1.200800	-1.069100	-0.032000	2.699800	1.008000	3.289400	2.129900	0.590000	-0.876000	-1.500800	0.083900
32	4.744800	3.063700	0.801200	1.904300	0.051100	5.746600	2.341600	2.696000	3.887100	2.757100	0.144600	1.807300	2.826700	2.341500	4.135900	3.576600	1.912700	0.000000	-0.102300	2.493100
33	2.841600	2.000300	-0.521200	1.005200	0.287300	3.114500	0.182900	1.307300	2.459400	1.399200	0.133300	0.000000	2.113800	0.997900	3.887600	1.569800	0.922000	3.533600	3.628800	1.968400
34	5.674300	4.274500	0.000000	4.766400	3.677500	6.996100	4.920400	6.866500	5.686200	3.866900	0.227400	3.792500	5.296200	4.002000	5.436100	3.802300	4.649300	4.194400	1.479800	2.744500
35	1.577300	0.921800	0.157700	0.000000	-0.501700	2.253600	0.607900	1.795300	1.610900	0.542400	0.178500	-0.407300	0.949100	0.698900	1.000200	0.205100	0.822200	1.025300	0.988400	0.381200
36	0.000000	3.383900	8.796500	12.547600	15.639400	14.779500	10.173400	11.576900	4.727300	5.253800	7.174200	9.064600	7.771600	9.019100	7.575500	6.634200	13.894500	6.241400	6.201000	42.729200
37	0.018000	0.042000	-0.190700	-0.020800	-0.090000	1.229500	-0.315400	-0.516600	-0.146800	-0.014200	-0.134300	-0.297400	0.000000	-0.561200	-0.246200	0.023300	0.066300	-0.005800	-0.093200	0.170500
38	0.373300	0.281900	0.043400	0.546100	0.371800	0.026100	0.364100	0.620000	0.044100	0.152000	-0.171900	0.046800	0.318400	-0.010500	0.504000	0.000000	-0.066500	-0.045600	-0.057400	0.776500
39	-1.605500	-0.388900	-0.428800	-0.178100	0.294900	1.645700	-0.993800	-0.607900	-1.527300	-0.883500	-2.060000	-0.340300	0.000000	0.207900	-1.460300	-1.971300	-0.154600	0.597300	-1.040100	-1.277400
40	1.926900	0.914700	-0.033700	-1.421200	-1.259000	2.017400	-0.304400	-0.320800	1.442100	0.298000	0.013400	-0.219600	2.198900	0.586000	3.043000	0.000000	0.919100	-0.723300	-0.960100	-0.182300
41	4.074100	2.924800	0.000000	2.159700	1.925500	4.477100	1.673600	3.660000	3.011400	2.513700	0.248800	0.909500	4.053000	2.018700	3.973000	3.370600	0.080500	0.205800	-0.035300	2.698600
42	3.954300	2.911100	0.118500	0.843600	0.452100	6.310100	1.284500	2.055000	3.249600	2.384800	0.108200	0.931300	3.132000	2.062800	4.678800	2.412800	1.133500	0.000000	0.623300	1.499000
43	6.140400	4.450900	0.000000	2.759700	1.584800	8.720200	3.349600	3.652700	5.539800	3.630200	-0.057900	3.634300	5.609900	4.114100	6.730400	4.777400	16.289700	12.031100	7.876700	7.618200
44	3.405300	2.032000	-0.400100	-0.207700	-0.988500	1.894200	-0.251300	1.663800	2.907900	1.784700	-0.141500	0.000000	3.698900	1.212800	4.501500	2.690800	1.540700	2.057200	1.399600	1.012500
45	4.429300	3.453900	0.304700	4.647700	3.799800	5.537500	5.128900	3.858100	3.766000	3.029300	0.000000	4.208600	4.750500	2.641600	5.328500	4.613900	12.218400	13.865500	7.436100	48.396900
46	2.076800	1.289300	-1.043600	-0.230300	-0.435600	5.052700	5.531900	0.000000	1.049700	0.476500	-2.230400	0.343100	2.486600	2.774200	3.135100	0.715900	12.217300	8.451900	7.580300	10.910500
47	1.245500	0.731600	0.132700	1.243600	0.710000	-1.510400	0.800100	1.827000	0.743300	0.776900	-0.264900	0.364600	0.433500	0.765200	0.000000	0.602500	2.702000	1.235800	0.924800	1.567000
48	1.069200	0.628400	0.698100	2.103400	1.785800	0.226400	0.587600	1.340300	0.000000	1.524800	0.740900	0.505200	1.152700	1.102000	2.128300	1.351700	0.313900	0.307000	0.207600	1.490800
49	1.858600	0.854000	0.515500	1.463400	1.531600	0.129300	0.000000	1.048600	0.680000	1.419900	0.402800	0.135800	1.462800	0.284800	1.910300	0.409100	0.385200	0.483500	1.002800	0.902300
50	5.853500	5.001200	1.609700	3.069300	4.724600	5.131000	3.278800	4.588800	5.454700	4.749400	1.570100	2.726900	6.438100	4.170400	6.844200	4.007600	1.481600	0.000000	0.449100	3.185400
51	0.523300	0.684400	0.544000	0.949800	0.661800	3.269500	-0.122800	0.351200	0.766300	0.770600	0.714400	0.000000	1.044000	0.490200	1.838100	0.131300	0.515800	0.418900	-0.003000	0.245700
52	0.000000	2.724200	2.823000	3.867400	3.592700	7.341500	2.135400	3.694900	2.989100	3.033100	2.105000	2.715900	3.046600	2.517100	3.125300	3.040000	1.405600	2.453600	2.397900	3.080300
53	1.554800	0.448300	-1.598400	0.528400	0.648300	0.940600	0.477300	0.000000	0.420700	0.397900	-1.109300	0.446300	2.009500	0.861000	2.619800	1.263800	2.954600	2.431500	-0.623900	1.853600
54	1.396500	0.547600	0.346400	-0.093300	1.013200	1.297300	0.303600	0.000000	0.140100	0.495500	1.040100	0.706500	3.942800	0.968500	2.124100	-1.065300	3.511400	1.810700	1.558800	1.769400
55	4.779300	3.523100	1.551900	2.824800	1.758400	3.681400	3.154900	3.881500	4.081900	3.678100	1.401800	2.806600	4.405000	3.120700	4.894700	3.355400	2.777700	0.000000	0.674600	2.518100
56	1.291900	-0.326400	0.236000	3.372600	3.580100	6.097400	2.561800	2.219000	0.325400	0.206600	0.395400	1.518500	3.447900	2.278300	0.000000	-0.163400	6.785000	3.638600	2.995000	2.222400
57	2.439400	1.476000	4.131700	0.000000	0.129800	1.420700	2.673400	0.907600	1.574900	1.832500	3.412400	5.758500	7.086800	1.949300	5.426000	1.579300	17.894300	10.566900	7.310800	18.444300
58	-0.950000	-1.156400	-1.642800	0.591900	0.337000	7.036000	-1.080000	1.242200	-0.106500	-0.460900	-1.558600	-1.041300	0.000000	-1.915400	0.540700	-0.158700	-0.817200	-1.195100	-1.408300	-0.074100
59	1.636900	0.600000	-0.138300	0.026300	-0.073200	1.138800	0.000000	0.531200	0.704000	0.304400	-0.790700	0.168300	2.088100	0.976800	3.049400	1.210300	-0.129300	-0.079000	-0.285800	1.867100
60	1.403400	0.508800	0.323700	2.248500	2.407100	5.907900	3.318500	1.872200	1.494800	0.821200	-0.953900	2.933100	0.000000	1.360100	1.758100	1.204300	12.439100	6.957600	3.543000	5.315500
61	2.592000	0.767800	0.679900	0.589200	1.657900	6.628900	0.333400	0.816300	1.606400	1.005000	-1.485700	0.000000	1.883800	1.133800	3.392900	1.837500	2.506400	2.676000	1.648800	2.629400
62	1.593900	0.580900	-0.212000	0.153300	-0.194600	3.508600	0.175700	0.903400	1.628200	1.124900	-0.531200	-0.186800	-0.285400	-0.317900	0.000000	0.819700	0.484800	-0.087700	-0.092700	0.380000
63	4.339300	2.913300	0.558600	2.545800	1.819000	4.491800	8.387400	2.497600	3.897100	3.183400	0.000000	5.035200	5.086000	3.702100	5.259900	1.978200	14.192300	13.835400	7.934500	5.918000
64	5.064200	3.386900	0.438400	2.842400	2.674900	7.607000	3.761700	3.183300	4.741500	3.352900	0.000000	3.503700	5.971500	3.946800	6.331700	4.414700	10.065000	5.514200	0.754800	5.478800
65	1.352400	0.520400	0.000000	0.565600	0.284700	5.619200	0.271700	0.156800	0.935300	1.085300	0.109000	0.103500	0.767000	0.192800	1.639900	1.209200	0.545300	0.874800	0.653200	1.037200
66	3.546600	2.277100	1.261300	1.551100	1.280200	5.521000	1.616200	2.830800	3.667800	2.990400	0.533500	1.814200	2.995100	2.374000	3.911200	2.267400	0.000000	1.583000	0.939800	2.451500
67	4.897000	3.893600	0.000000	3.094800	3.700800	7.774400	6.649900	3.127800	4.788500	3.225000	0.376200	4.457200	5.564500	4.349100	6.026100	4.325300	18.110400	18.916400	13.247400	39.753600
68	0.030600	-0.483200	-1.570200	-0.552600	-1.044500	4.109800	-1.746400	-0.710100	-0.882600	-0.790800	-1.624700	-1.030900	0.000000	-0.670700	0.301300	-1.713600	-0.751200	-0.467200	-0.836200	0.005100
69	0.000000	2.478100	2.723600	4.963200	4.929400	6.974100	2.460600	3.135500	2.303400	4.064900	2.597600	2.722800	2.776000	2.390300	2.900200	2.345400	4.171200	2.478200	2.479000	2.422100
70	3.348800	2.703100	0.150700	1.118900	1.477300	5.789700	-0.719900	1.604100	1.988900	1.433500	0.119300	0.000000	1.787100	1.137800	2.525400	1.774200	2.260600	0.038200	0.887000	0.597800
71	5.310400	3.680100	0.000000	3.095900	3.450700	8.625400	7.727400	3.470000	5.092000	3.011900	0.100500	5.731300	4.789600	4.872700	5.573000	4.307500	25.884400	11.493900	6.663200	7.050000
72	2.482200	2.177100	1.682900	3.272100	4.092600	0.000000	2.494300	4.144800	2.905400	2.467600	1.495800	2.466400	2.538000	2.751800	2.503700	1.737900	1.324100	1.593500	1.424500	2.754400
73	3.422400	2.352600	0.935900	0.000000	0.477200	4.296200	9.071900	1.433900	2.858100	1.515000	1.566500	6.539200	6.876800	5.153300	5.759700	2.051700	16.689300	11.379400	9.629300	5.935800
74	3.720700	2.496500	6.248500	5.889400	9.776000	0.000000	9.839700	6.182100	3.270700	3.804200	5.955800	7.894700	8.262500	7.446200	7.286900	3.284200	20.911400	17.376500	12.935900	33.450600
75	0.983300	0.370500	0.027600	0.457600	0.178700	0.060200	-0.007100	0.291300	0.823000	0.581600	0.157000	0.000000	0.642500	0.266900	1.097600	0.195000	0.668100	0.347000	0.345500	0.554100
76	2.403100	1.952200	0.981900	0.000000	-0.049000	0.032300	2.799500	2.002600	3.251900	1.327000	1.002400	2.406300	2.818200	2.786500	3.470300	2.878300	6.213100	4.347000	2.230700	3.840000
77	2.160200	1.399600	0.000000	1.006000	0.418500	5.578100	0.865000	1.968800	1.817400	1.204100	-0.031900	0.698400	1.571100	1.388800	2.105500	1.805400	0.169600	0.637500	0.553600	1.564100
78	1.965800	1.235100	-0.273900	1.680800	1.772400	6.559300	0.699200	1.461300	1.165300	1.344800	-0.612000	0.849500	1.329300	1.179800	2.030100	1.466900	-0.628000	-0.368300	-0.265600	0.000000
79	3.147200	2.365600	1.811000	3.025100	2.086900	3.893700	2.770100	2.928900	2.911900	2.183200	0.858100	3.320600	4.071600	2.946100	3.955700	3.346600	2.778500	3.572100	0.000000	2.315000
80	3.093000	2.655700	1.443300	2.834400	2.623300	5.008500	3.085100	2.888300	2.737900	2.455200	1.654400	3.142000	0.000000	3.077700	2.690500	3.566400	3.203100	3.076900	3.019700	3.524100
81	2.581100	0.994700	1.312300	1.173400	1.158700	1.737900	0.000000	0.939100	0.515300	0.640900	0.655300	0.085300	1.692600	0.328600	1.919600	1.185700	1.217800	1.086700	1.447600	1.526800
82	-0.216800	-0.452400	-0.156800	-0.208400	-0.517900	2.792200	-1.022700	-0.090300	-1.380500	-0.114000	-0.948200	-0.898300	1.337100	-0.760800	2.156900	-0.686200	-0.135900	-2.247700	-2.099200	0.000000
83	-2.832700	-1.662800	1.992000	1.428100	3.341100	6.004200	0.496000	1.128000	-0.913100	-0.932600	-0.791000	0.071600	-0.575400	0.446500	0.000000	0.486700	3.238700	6.456000	3.727800	9.060400
84	0.000000	2.792000	3.137700	6.119700	5.899300	5.854800	2.660200	5.727100	3.039900	3.126100	2.947700	3.064800	3.147000	3.043200	3.425900	2.369300	4.408300	4.301700	4.313800	2.847700
85	3.337200	2.616000	0.758800	3.339400	3.485500	5.137300	1.430800	3.454600	3.045500	2.501100	1.101500	2.036100	4.575000	3.349800	5.026800	2.682400	0.000000	1.127800	0.531300	3.257900
86	1.271800	0.208600	1.325900	1.882200	5.003200	3.027100	3.367000	2.452400	0.000000	1.150400	0.525000	2.206200	6.510700	2.410700	7.608900	3.368400	4.985000	3.228600	2.756800	2.690400
87	1.946300	0.229400	-0.989400	-1.547000	-1.918800	3.519700	9.232100	0.492400	1.740600	-0.024500	0.167400	2.358500	4.623100	2.019300	4.036100	0.000000	16.835400	9.713800	7.103500	5.090600
88	5.396300	3.789700	0.000000	2.697900	1.767500	9.321200	4.276700	4.415900	5.111900	3.182000	0.241200	3.286900	6.444300	2.903300	6.341300	4.437100	9.414400	7.056800	2.442200	2.960100
89	5.416300	4.130600	0.000000	1.213500	0.849400	5.556700	3.010600	2.911800	5.217500	2.934200	-0.237600	3.205000	5.287900	4.020800	5.806100	4.083100	5.114600	7.464200	4.763900	6.139200
90	4.220600	2.815400	0.121500	1.148200	0.591100	5.611000	1.182400	2.545600	2.452500	2.722200	0.000000	2.058300	4.543200	2.520300	5.752000	2.685200	7.721700	3.740600	3.047700	5.106700
91	0.801700	0.241100	-1.370900	1.496600	0.803100	1.878900	-0.422300	0.570800	0.000000	0.370300	-1.370200	-0.545800	0.452800	0.279800	1.207200	0.431100	-0.614300	-0.406500	-0.585900	-0.228700
92	1.874800	1.011900	0.930700	1.022300	0.607000	1.842100	1.181900	1.638600	1.910500	1.291300	0.994500	1.213100	0.000000	1.184100	2.067500	1.953400	1.422300	0.497900	0.193200	1.218300
93	1.486000	0.000000	0.691500	-0.453200	-0.093300	-2.409800	4.008500	0.788500	1.048800	1.054500	-1.136700	2.707600	2.178700	1.137400	3.715900	2.791400	5.765400	11.491400	8.558500	18.585500
94	0.153500	-0.262600	-0.250000	-0.252900	-0.568200	-1.017700	-0.725400	-0.163700	-0.248900	-0.495400	-0.418100	-0.397700	-0.291000	-0.511700	0.000000	-0.174900	0.205100	0.106000	0.086000	-0.029600
95	0.000000	5.958000	25.957600	16.954500	25.345000	11.439100	18.861600	17.987900	10.095700	10.742100	14.766000	19.660000	19.109400	17.190700	24.817500	22.227500	42.833600	39.589200	38.853600	92.918400
96	1.126000	0.810200	-0.193600	0.000000	-0.337100	3.695200	0.141600	0.100300	0.723000	0.483300	0.178500	0.005600	1.082800	0.074100	1.709200	0.779500	0.503200	0.247900	0.036600	-0.130100
97	2.294400	1.001700	0.000000	0.750400	0.225600	-1.419200	0.214200	1.551700	1.930100	1.564900	0.318600	0.455500	1.622300	1.120400	2.330300	1.621200	1.660200	1.544100	2.192300	0.527900
98	1.325400	-0.490300	-3.309700	-0.257800	1.543800	5.550300	-0.206600	1.906400	1.787200	0.000000	-3.610300	-1.880200	2.248900	0.765400	2.810700	1.182000	5.921300	4.991500	0.417100	-0.210200
99	0.620700	-0.280700	-0.494900	0.408400	-0.043700	4.261800	-1.807900	0.554300	0.000000	0.814000	-0.687000	-0.520600	0.984700	-0.148400	1.908600	-0.244200	-0.224900	-1.146000	-1.027700	-0.399900
100	0.490300	-0.324700	-1.083000	-0.315800	-0.917000	-1.069600	-0.994400	-0.547000	-0.056700	0.187700	-1.043000	-1.033400	0.000000	-0.407900	0.608100	0.114900	-0.499700	-1.398600	-0.770100	-0.053800
101	0.858900	-0.753100	-0.892100	0.798700	1.923800	7.722700	-1.016000	2.005900	0.290800	-1.162700	-1.883000	-1.436300	0.000000	-1.229900	0.687300	-0.913700	1.028500	-0.005400	-0.422500	-1.097600
102	2.489000	2.273500	-0.223900	1.122300	0.721400	5.458800	1.150600	1.186400	1.948900	1.418900	-0.281700	1.473400	5.171400	1.310600	4.767000	1.926900	0.585900	0.000000	-0.826600	0.489200
103	-0.471100	-1.925100	-2.080100	-1.412100	-1.756700	-0.282900	-1.404500	-1.274800	-1.298700	-0.403200	-0.989000	-2.454800	0.000000	-1.035600	0.245300	-0.560700	-0.486200	-0.724500	-0.591000	-0.931700
104	-0.676700	1.588300	1.453200	1.965000	1.865700	2.761100	-0.970100	1.510300	-0.953800	-0.430800	1.324500	0.949900	0.123400	0.809100	0.000000	-0.064400	1.425400	1.360700	1.310400	-0.982600
105	0.084800	-0.078800	0.173500	0.869700	0.866400	5.484100	-0.364500	-0.541100	-0.292700	0.068600	-0.095800	-0.208600	0.000000	-0.201500	-0.698000	-0.501400	0.271000	0.164600	0.143000	0.555100
106	-0.017500	0.198700	0.096600	1.927900	1.857800	-0.069600	-0.239600	1.824300	0.292500	1.721400	-0.256000	0.108500	0.375100	0.000000	0.153900	0.223200	0.084300	0.091000	0.045900	0.043400
107	0.084600	0.066300	-0.841700	-0.795900	1.341100	4.552800	0.576100	0.679500	0.000000	-0.047600	-0.187400	0.208800	0.346800	-0.111600	0.014800	-0.350200	1.937900	-0.363200	-0.765800	0.645200
108	3.014700	0.831700	3.144800	2.214700	4.217000	0.000000	4.303000	4.771900	2.407200	2.899700	2.234700	2.799600	1.083400	3.327300	2.266000	1.471100	3.990200	2.569100	3.175100	3.976600
109	1.966500	1.215300	0.325200	1.140300	0.304800	0.203400	0.744400	1.592400	1.861300	1.722400	-0.097800	0.405300	0.000000	0.745900	0.460800	1.691700	0.729900	0.620500	0.138400	1.521000
110	1.379700	0.255100	-0.448300	0.383100	-0.139700	-0.856500	-0.274800	0.775300	0.563700	0.534400	-0.626300	0.000000	0.616900	0.092200	1.067800	0.239400	0.743600	0.528800	0.438300	-0.025600
111	3.193900	1.814600	0.052800	0.702200	0.000000	3.937800	0.904600	2.321600	3.191100	2.437700	0.023200	1.320900	2.785000	1.557700	3.233900	2.587900	1.104600	2.047900	-0.046400	2.390200
112	4.991000	3.157500	1.271400	0.855100	0.000000	5.176000	9.002200	2.097900	3.751600	3.128600	0.886500	3.685000	5.205600	3.376800	5.637000	3.748000	19.602000	8.672200	5.328300	4.972800
113	0.914300	0.048000	-1.079800	0.202300	-0.519900	3.932400	-0.949800	0.875600	0.679200	0.635700	-1.188700	-0.634700	0.000000	0.373400	0.715700	-0.167400	-0.869500	-1.208100	-0.937800	-0.154200
114	4.066600	2.677800	0.000000	1.192800	0.279000	5.285200	1.615600	2.704300	3.568400	2.648800	-0.081400	2.300500	3.022600	2.654400	3.568600	2.785100	6.855700	4.346300	3.208700	2.131600
115	4.530400	2.981100	0.545700	4.032800	3.128800	5.771800	1.313000	2.845700	3.812300	3.586600	0.621000	2.304100	4.296000	2.786100	4.633200	3.558100	2.408700	0.000000	0.193700	2.789900
116	1.797600	0.000000	3.727300	-0.017400	1.915500	7.478400	1.905600	1.596100	0.726500	0.299100	-0.718200	0.352700	2.398700	1.303000	3.933400	3.609100	8.591800	4.878400	4.544000	36.208400
117	1.474000	0.362700	-0.800700	0.451000	-0.550300	4.129500	0.200600	0.681700	0.720800	0.979600	-1.165800	-0.059000	0.000000	-0.220500	1.045900	-0.209800	-0.756800	-0.747500	-0.424700	0.466100
118	2.306300	0.092400	-1.780400	-0.263000	-1.115200	2.045300	5.046100	0.289600	1.145600	0.000000	-1.599600	4.124900	2.461800	0.841700	3.042300	1.149400	8.253000	3.770600	1.161600	2.063300
119	4.571600	2.811100	-0.063200	1.065300	0.000000	5.504800	2.802700	3.480500	4.599700	3.140500	0.409900	3.015900	3.847500	3.902400	4.217000	3.166300	3.474400	3.416300	2.688900	6.436500
120	2.559500	2.072800	1.243400	1.994600	1.300600	5.386600	0.000000	2.518300	2.694300	2.587800	1.022000	-0.097100	2.445900	1.553900	2.846800	2.025400	1.905600	1.483600	1.258600	1.267900
121	2.585700	1.961100	0.000000	1.717800	1.264300	7.027900	0.632900	2.775100	2.966400	2.239000	0.184800	0.900200	2.360800	1.722200	3.765900	2.764700	1.160800	0.878300	0.422400	2.382900
122	6.296800	4.869800	2.818800	4.718000	4.031600	9.877500	5.095200	7.269300	5.930300	5.102900	2.174800	4.046900	7.841400	4.839000	7.724100	5.853800	12.790900	-0.272300	0.000000	3.404000
123	1.359000	1.088100	-0.208300	1.212600	0.607600	2.564300	0.352600	1.726700	1.029000	1.412000	-0.750100	-0.049100	1.379300	0.446100	2.287700	0.913500	-0.281500	0.519000	-0.680600	0.000000
124	0.962600	0.781300	0.184800	1.835200	1.469000	2.191500	-0.567600	0.202100	0.000000	0.526500	0.030400	0.030800	1.031400	0.205900	1.173600	0.074900	0.066800	-0.204000	-0.402100	0.047800
125	4.843200	3.402300	0.175000	1.003000	0.000000	9.893200	1.599000	2.203500	3.727200	2.813800	1.151200	2.180600	4.853500	2.906400	5.142800	3.052200	5.759000	10.857600	7.103400	4.972000
126	0.468000	0.560600	0.550300	0.396900	0.272700	-0.097900	-0.062900	0.317200	0.716200	0.509600	0.903400	-0.157000	0.573500	0.308400	0.000000	0.065600	0.720200	0.638700	0.604100	0.619100
127	1.988200	1.412700	1.234300	0.604200	0.000000	0.800500	2.143100	1.721200	2.173300	1.134900	0.492700	2.612300	2.318600	1.982100	2.387700	2.079500	1.513900	1.238100	1.152600	2.782000
128	1.147100	0.543100	0.974700	1.363100	1.080900	0.790300	0.000300	1.227900	0.000000	0.986000	1.013800	0.314500	0.903200	0.311000	1.109400	0.957400	1.194200	0.956800	1.013100	1.494600
129	0.303900	0.357800	0.348200	0.473300	0.750700	0.693600	-0.339700	0.282600	0.504500	-0.161900	0.365100	-0.072200	-0.115900	0.070600	0.000000	-0.238000	0.314000	0.346800	0.264600	0.774700
130	1.334400	0.128100	-0.632100	-0.029900	0.094100	4.456600	17.545900	1.484500	1.114000	0.000000	1.234500	8.181300	3.181500	3.835300	1.307800	0.622800	30.621500	15.091100	11.400800	33.539700
131	3.824600	2.562000	1.773100	2.672800	1.856400	0.000000	2.038500	3.593100	2.839000	3.197700	1.774200	2.088100	2.919200	2.703000	3.600100	3.448300	2.724600	2.340400	2.177900	2.681700
132	3.477000	3.150100	1.873500	2.439300	2.023400	2.625600	2.495900	2.513700	3.399000	2.977600	1.602000	2.003800	3.024500	2.164600	3.832200	3.673600	1.812700	0.000000	0.312200	3.079000
133	1.089000	0.556000	-0.999000	-0.251300	-0.624600	1.684700	-0.112000	0.000000	0.688100	0.101000	-0.650400	-0.374200	0.076600	-0.349200	0.276400	0.405700	0.553700	0.461400	0.239200	0.754900
134	0.150800	-0.143000	-1.424800	1.286500	1.668000	-0.435000	-0.651700	0.554700	0.162400	0.026400	0.473300	-0.754300	0.972200	0.611800	0.782000	0.000000	1.850100	0.794700	-0.060800	0.039000
135	1.387200	1.411200	0.718000	1.516800	1.422000	1.319500	0.452100	0.746900	0.000000	1.486700	0.780900	0.723300	2.106400	1.018500	0.896500	0.878700	1.825700	4.673800	3.261000	7.393800
136	3.652200	2.399700	0.000000	1.413700	0.664400	2.405300	1.754400	2.665300	2.945000	2.294700	0.202200	3.954900	3.262100	2.165100	4.526600	3.140400	4.882400	3.337400	3.021300	5.934800
137	-0.169300	-0.062400	-0.370300	-0.091300	-0.519400	-0.816700	-1.074900	-0.493000	-0.456000	0.029600	-0.156900	-0.687800	-0.341200	-0.342100	0.000000	-0.196400	-0.309500	-0.725000	-0.763500	-0.382300
138	0.419500	-0.409600	-0.476700	-0.038500	-0.529700	-1.911200	-0.283700	-0.215900	0.000000	0.391800	-1.440400	-0.417800	-0.213300	-0.530900	0.238500	0.146100	-1.243400	-0.950600	-0.228300	-0.557500
139	4.680200	2.837600	0.895500	1.586700	0.780600	6.572800	0.000000	3.375700	4.194300	3.349500	0.782400	1.689800	3.979800	2.315400	5.328000	3.846700	2.543000	1.243500	0.360900	3.066100
140	4.295300	2.989100	0.000000	2.300800	1.963000	5.136400	4.491500	2.136600	3.500400	2.834500	-0.279300	2.911200	5.486600	2.683100	5.131000	2.789900	6.347800	5.859000	1.634100	2.018500
141	0.791100	0.000000	0.100800	0.355400	0.073300	2.545400	-0.158000	0.686800	0.143500	0.753700	-0.472000	-0.153500	0.234100	-0.287200	0.619300	0.360200	-0.201900	0.032100	0.029200	0.597500
142	5.036000	3.752000	1.469500	3.032500	2.382300	6.978100	3.112400	3.705000	4.511500	3.898000	1.340500	2.730100	0.000000	4.196600	4.725300	3.749800	2.572900	2.512700	2.987800	2.964000
143	5.178500	3.378000	0.000000	3.132000	1.736100	8.643100	3.613000	3.466500	4.667800	3.719000	-0.078600	2.614400	5.125100	2.560500	5.421100	4.486600	5.949500	10.412900	4.373900	3.755200
144	0.376000	-0.760200	-1.081400	1.251900	0.475800	8.209600	-0.825300	2.602300	-0.135200	0.090800	-1.357800	-0.785600	-0.679900	-0.241200	0.000000	-0.183700	-1.458100	-1.767900	-2.007500	0.032300
145	3.167000	2.240300	1.295600	2.427900	1.751800	6.194700	1.670500	2.666600	3.157300	3.006600	0.343200	1.705300	2.386000	2.380500	2.986000	2.515000	1.792600	0.000000	0.218800	2.606900
146	5.276800	3.602300	0.000000	2.750100	1.970400	9.112900	2.436700	3.922000	4.809700	3.553900	0.467100	1.764700	4.935900	3.493900	5.860400	3.176600	11.021400	6.837700	2.822400	2.607400
147	4.372900	3.156400	0.000000	2.302700	0.881900	5.736300	2.682600	3.546000	4.018800	3.065300	-0.398500	2.463700	3.647100	2.657700	4.497100	3.031800	3.794800	3.403300	3.202500	2.373800
148	0.690300	-0.148300	-0.252100	0.434600	-0.078200	3.284300	-0.791000	-0.017700	-0.242100	0.585900	-0.472700	-0.877400	0.276000	-0.339900	0.822800	0.000000	0.193900	-0.415700	-0.718100	-0.063500
149	1.238800	1.034700	-0.403900	1.115300	0.981500	3.219300	-0.225200	1.732800	0.974000	1.179700	0.013800	0.054800	0.874000	0.552100	1.746700	0.000000	0.199700	0.182100	0.105400	0.028500
150	-1.762200	-0.076000	-0.362200	0.848500	2.027200	3.247100	-2.158200	0.249300	-0.516500	-0.194100	-0.402700	-2.302300	-0.059900	-1.114100	0.000000	-0.945400	-0.497200	-0.543800	-0.503200	-1.128400
151	3.284700	2.276500	0.000000	3.679500	3.042100	8.070100	1.059100	4.881500	3.420800	2.422200	-0.179400	0.783700	4.014500	1.386300	3.453700	2.282900	2.619100	0.701400	0.232700	2.571600
152	1.502900	0.000000	-1.216400	-2.177000	-0.975700	2.492100	0.086800	-1.251200	0.509000	-0.473200	0.720500	2.046100	4.911200	2.162700	3.929200	0.956600	11.334600	8.040400	5.193500	24.134700
153	0.064000	0.122600	0.205300	0.210800	-0.107300	-0.115700	-0.238000	0.136900	0.517100	0.310900	0.344300	-0.060100	0.416500	0.519500	0.000000	-0.105900	0.214200	0.123400	0.113300	0.306800
154	0.636800	0.310900	-2.314800	0.000000	-0.313600	0.637300	-0.901700	-0.511900	0.144100	-0.399100	-1.746500	-1.081200	0.879900	-0.393200	1.385500	0.326000	-0.045400	0.081200	0.058100	0.706900
155	-0.181000	-0.034800	-0.455400	-0.222000	-0.303900	1.927500	-0.644000	-0.284200	-0.136400	1.364300	1.007100	-0.584500	-0.129200	-0.701500	0.000000	-0.226600	-0.446500	-0.747700	-0.763400	-0.492200
156	-0.407900	-0.089400	-0.332100	0.899200	2.233000	0.640900	-0.704400	-0.852300	-1.113300	0.000000	1.228200	-0.368600	0.067900	-0.465100	0.395400	-0.273900	-0.423900	-0.314700	-0.383200	-0.291900
157	-0.930900	-1.205600	-0.950600	0.407500	0.439800	0.093300	-0.596900	-0.450200	-1.100500	-1.280700	-0.372200	-0.686500	0.000000	-0.890400	0.408800	-2.033400	0.601200	-0.485400	-0.988600	-1.101600
158	0.035100	0.036600	0.140000	0.391800	0.173600	0.796100	-0.271600	0.267200	0.367600	0.512100	-0.003300	-0.224100	0.804800	0.046000	0.531800	0.000000	0.106400	0.087300	0.062000	0.102300
159	1.317400	1.143300	0.758000	1.787300	1.516400	1.590100	-0.409200	1.665900	1.481500	1.378900	0.169100	0.703800	2.218600	1.337700	2.559600	1.716400	0.000000	0.374800	-0.586800	1.166400
160	-0.512400	-0.958700	-2.035000	0.037400	-0.520800	1.222100	-1.010400	-0.233600	-0.238600	-0.756500	-2.367300	-1.200000	0.000000	-0.609700	0.200300	-0.559300	-2.527600	-1.715700	-2.254200	-1.143700
161	-0.316500	-0.281500	-0.275600	-0.013400	0.083400	-0.964200	-0.538300	-0.080900	-0.344300	-0.135900	0.015200	-0.439300	0.000000	-0.176900	0.028100	-0.169100	-0.083500	-0.435100	-0.320700	-0.106900
162	-0.114100	-0.042800	-0.744100	-0.135000	-0.886500	1.289600	-0.432000	0.203900	-0.003500	-0.141200	-1.794600	-0.450400	0.179000	-0.219000	0.000000	-0.348300	-0.951400	-0.532400	-2.186800	0.032500
163	3.126200	1.784600	1.559600	1.210600	0.305400	5.358700	5.446300	0.000000	1.706800	1.305000	2.905200	5.387600	6.556000	5.581300	6.160200	2.727700	5.365300	5.195800	4.662300	4.163000
164	3.259200	1.488300	1.594100	3.232000	2.625200	0.000000	2.501100	3.220100	2.782600	3.059000	1.988500	2.534400	3.168500	2.916300	2.033600	3.057000	2.681000	1.631500	1.650500	3.078300
165	5.403600	4.396000	2.662400	2.738600	2.214700	4.138500	4.242000	5.084300	5.938500	4.170600	0.828000	3.515200	5.738600	4.780100	7.080900	5.118700	5.775700	5.436500	0.000000	3.697400
166	0.127300	0.172000	0.244800	1.342900	0.687800	0.082000	-0.001100	0.311800	-0.067900	0.194400	0.395100	0.000000	0.549200	-0.051200	0.419000	0.101500	0.480800	0.225500	0.233900	0.397900
167	-0.053600	0.131100	-0.543200	1.015400	1.216700	4.065500	-0.180200	0.382800	-0.399400	-0.057900	-0.820900	-0.566500	-0.698500	-0.670700	0.000000	-0.427500	0.253300	-0.545700	-0.496300	-0.432300
168	1.388300	0.515100	0.487000	0.127200	-0.465700	0.000000	0.518400	-0.011500	0.663500	1.062800	-0.127500	0.617500	1.423500	1.159100	0.620700	0.476000	2.223000	1.244400	1.612000	2.691900
169	2.173700	1.527500	0.578400	1.007800	0.280700	-0.055700	0.000000	1.204200	1.240200	2.105500	0.242600	0.955900	1.280600	1.039000	2.022800	1.912800	0.181100	1.153200	1.075600	2.015400
170	0.915800	-0.068600	0.035000	1.230700	1.055300	-0.892300	0.363100	0.404400	-0.330400	0.691200	0.126700	-0.102400	0.000000	-0.404300	0.829500	-0.153800	0.523400	0.161500	0.118800	0.395200
171	5.212000	3.545600	0.000000	3.337000	2.409700	9.100100	6.907100	4.072400	3.951600	3.457100	0.356100	5.682800	6.110300	2.667700	6.541700	3.924100	18.005900	13.480300	11.556500	7.495900
172	4.184800	2.837000	0.453600	1.714800	1.900000	6.728900	2.678300	2.837700	4.311100	3.067600	0.011700	2.113000	3.869600	2.456100	4.962300	3.508800	1.004400	0.000000	-0.198500	1.741200
173	0.610100	-0.272400	-0.990900	0.563300	-0.108100	4.803300	-0.587800	0.751800	0.508200	0.331700	-0.844200	-0.680100	-0.437200	-0.558300	0.000000	0.038100	-0.773500	-0.913400	-1.035200	-0.083800
174	4.202400	2.822700	1.766400	4.599200	2.939400	8.374600	2.586700	3.885500	3.902800	3.285400	0.857200	2.193700	3.217100	2.934800	4.177600	3.205500	0.138700	1.055200	0.000000	2.751600
175	5.206100	3.221900	0.000000	3.073100	1.801400	8.088200	5.440600	2.621300	4.141900	3.304300	0.888900	1.617600	5.535700	2.686900	6.405800	3.332000	15.715300	20.337000	11.872400	8.928700
176	2.247700	1.326000	0.484100	2.040000	1.846800	6.733100	0.432400	3.590900	2.531300	0.464200	0.068000	0.000000	2.275200	1.352200	3.297800	0.183600	1.134900	1.391000	0.753500	2.152400
177	0.738700	0.335700	-0.172900	1.292100	1.162000	6.531700	0.134700	0.000000	-0.004100	0.694800	1.057800	-0.006500	0.777100	0.010700	0.389900	0.042600	0.611900	-0.052200	0.335000	-0.178100
178	0.728900	0.060700	-0.641500	0.742500	0.215000	4.669000	-0.312000	1.351800	0.212700	0.403000	-0.581100	-0.456300	0.000000	-0.014000	0.133100	-0.006500	-0.371900	-0.707800	-0.784500	0.134200
179	1.922800	1.267500	-0.143400	0.145300	0.013000	0.509400	-1.363800	1.246400	1.869200	0.689700	-0.288200	0.000000	1.826300	0.546700	2.898900	1.134600	2.835500	2.342000	2.453700	2.130200
180	3.188700	2.600700	1.887600	2.166600	2.960400	0.000000	0.569000	3.468500	3.176200	2.713600	1.696300	2.012200	3.429200	2.424100	3.818300	2.694800	2.188900	0.746300	0.774600	2.747700
181	0.323500	0.331700	0.137100	0.544600	0.306000	-1.161900	0.284600	0.546400	0.400800	0.415700	-0.158800	0.283700	0.000000	0.159000	0.572000	0.566400	0.099400	-1.959900	-0.901300	0.561400
182	2.505600	2.236200	1.252400	1.328000	1.113000	2.531800	2.424600	2.190200	2.858500	1.849800	0.960900	1.945300	0.000000	1.766900	3.028700	2.325200	1.960900	2.559500	2.512900	2.794500
183	1.267100	-0.085100	-0.325900	0.163100	-0.213800	2.974000	-0.322100	0.204900	-0.260100	-0.283300	-0.581000	-0.256700	0.000000	0.107100	0.022000	-0.157000	-0.641300	-0.613600	-0.652000	0.118400
184	1.889600	1.201500	0.000000	1.177200	0.734700	-0.080900	1.248100	1.539000	1.861000	1.358500	0.342300	0.661300	0.793400	0.313700	1.763800	1.850000	1.170600	-0.117400	-0.103500	1.576700
185	0.394200	-0.106500	0.559500	0.000000	0.138000	2.623000	-0.883300	0.274500	0.096400	-0.262200	-0.904600	-0.527500	0.806300	0.356400	0.671700	-0.336500	-0.245800	-0.105700	-0.279100	-0.229200
186	5.737900	4.199000	1.214600	3.904700	4.948500	2.790100	4.131600	5.067600	5.286400	4.002100	1.160400	4.011500	6.136800	4.792400	6.325500	5.029200	4.335900	2.514200	0.000000	3.905200
187	1.761000	0.369500	1.140800	-1.170000	-1.200000	8.008900	3.763800	-0.794800	0.000000	-0.148400	-1.014700	2.920000	2.637300	3.497400	2.784500	1.795100	14.947500	14.199500	14.369200	37.594300
188	3.569400	1.966100	-0.026400	2.304600	1.636900	6.977300	4.056100	3.961900	2.895200	2.410400	-0.193100	0.495400	3.903900	1.589300	3.510100	2.138400	7.667300	8.121500	2.148200	0.000000
189	0.000000	7.451600	18.255600	18.676700	20.849000	19.064300	20.682600	17.462100	12.191200	11.328100	13.481300	20.000100	14.956100	16.907500	17.357100	14.780000	30.975400	33.182300	27.368700	48.621400
190	1.912100	0.874800	1.028600	3.961700	3.955900	3.238200	0.912900	3.378000	2.022800	0.723400	1.121000	0.817000	1.525600	2.160300	0.000000	-0.079300	1.407200	0.502600	0.190300	0.721300
191	4.664300	3.536200	0.000000	2.100600	2.139200	2.161100	7.571100	2.338300	3.753400	2.879600	0.436200	3.776200	4.657000	3.645600	5.023100	3.423100	15.342000	7.819700	4.538300	1.980800
192	0.000000	-0.119900	0.029500	0.254900	0.394500	4.646200	-1.192800	-0.136000	-0.377000	-0.289200	-0.952900	-0.091500	1.798900	-0.250000	1.237200	-0.573000	-0.433300	-0.775300	-1.865000	0.599400
193	0.369100	-0.180300	-2.163400	-0.227900	-0.446400	-1.245600	-0.695400	-0.103300	0.313700	0.008300	-2.050000	-0.598200	0.958500	-0.978900	0.000000	0.007300	0.193500	-0.698700	0.761600	-0.120800
194	0.498500	0.174800	-0.632900	0.229900	0.171100	0.960600	-0.836900	0.637400	0.000000	0.382100	-0.396900	-0.687100	1.609400	-0.074800	1.870600	-0.021600	0.455600	-0.728700	0.172700	0.029300
195	1.548600	1.479100	1.745800	0.339400	2.221800	3.574900	0.848800	0.216100	0.516400	0.262000	1.957500	0.863100	4.718300	2.964700	5.475200	0.000000	3.876900	4.408400	3.214300	0.211700
196	5.431700	3.729500	0.648300	0.982700	0.000000	7.010000	2.756800	2.235500	3.985200	3.113000	0.224400	4.326500	4.938600	3.722600	5.445700	3.819000	10.955200	12.574400	7.458600	7.790700
197	3.793100	2.923200	1.863800	1.820100	1.658800	5.168400	2.093800	3.439000	3.708200	2.883400	0.960400	1.451100	5.067600	3.359900	5.825600	3.934300	0.774000	0.556000	0.000000	3.127900
198	3.290200	2.019000	0.996800	0.000000	1.256700	5.440600	3.461000	1.552300	2.814300	2.161100	1.755800	5.540100	5.229200	2.721700	5.516300	4.814200	16.842400	9.307000	9.588300	4.596200
199	1.215800	0.626600	-0.153500	1.022800	0.665400	5.232000	0.345100	0.317200	0.028100	0.566000	-0.141700	0.000000	0.864900	0.370700	0.909200	0.606700	0.205800	0.188500	0.087000	0.543500
200	-0.659300	0.598300	0.006600	0.749300	2.042100	5.086100	-0.216400	0.439800	0.351900	0.282900	0.028800	-0.206000	0.042800	-0.179500	0.000000	-0.179000	-0.017900	-0.267600	-0.340400	0.105000
201	0.000000	3.616400	2.622300	4.812700	4.288700	5.454900	3.323100	4.750000	3.881900	3.816400	3.141200	2.281900	2.815500	2.593800	3.094800	2.488500	2.534500	3.864600	3.798600	2.570400
202	1.012900	0.728400	0.633500	1.208500	0.863400	5.619000	-0.275700	0.439500	0.078100	0.600200	0.682300	0.000000	1.343300	0.247300	1.302500	0.736700	1.522800	0.677600	0.246600	-0.029800
203	3.733800	1.769900	2.471300	0.000000	0.836900	-0.184400	6.862800	0.774900	2.066000	1.834200	3.164000	3.917200	3.807700	2.817900	3.018500	1.670100	2.279100	4.595200	5.025300	20.083800
204	0.880400	0.168400	0.498700	1.409700	1.855800	13.151800	0.159800	2.033400	0.000000	0.538300	-0.149700	-0.620800	0.993500	0.594000	1.667300	0.809500	2.243900	1.578700	2.143300	3.070500
205	0.000000	1.627000	4.067600	7.024200	7.672800	12.522900	6.594300	6.477000	2.213400	1.650700	3.159600	4.930500	7.562800	7.577500	4.050300	2.459700	12.100900	4.726900	4.310500	18.688600
206	6.630500	5.517600	1.883900	3.300200	3.396900	6.770400	5.605500	4.740200	6.227200	4.962600	1.769000	5.281100	6.760100	4.420400	7.654500	6.130700	6.018700	0.941600	0.000000	3.929500
207	1.119300	2.137100	1.036800	0.678600	0.000000	3.648700	0.128600	1.891200	1.514100	1.035300	0.239200	0.205600	2.061700	1.126400	2.904000	2.011000	4.929900	5.742700	2.967600	5.166600
208	-2.678100	-0.819900	-0.559100	-1.277000	-1.766000	0.542600	-1.075500	-0.170300	-0.300200	-0.149200	-1.247400	-0.568400	0.146500	-2.045400	0.000000	-1.364100	-1.912700	-0.997000	-1.761000	-0.851500
209	3.538600	2.885100	0.000000	2.811900	4.139000	6.084100	4.970500	2.571800	3.251900	2.865500	-0.015000	2.117200	5.853800	3.182700	5.538800	2.380200	4.230300	5.065800	2.635800	1.555000
210	0.000000	0.366700	4.177400	3.462000	4.940700	1.498700	5.566900	6.158000	2.347700	2.356900	1.882500	3.334500	7.078600	3.643800	5.937400	2.672600	15.144900	8.989400	8.055100	4.222100
211	2.821300	2.354600	0.696200	2.625800	2.210900	2.508100	0.000000	3.110200	3.146200	2.495300	0.770600	0.970000	3.862800	2.474300	3.747500	2.467300	2.786600	2.057700	1.523600	3.003300
212	0.732200	-0.607800	3.443400	4.812300	6.884300	8.589500	8.881500	4.542300	0.000000	0.125600	3.826900	7.247600	6.784100	5.327200	5.471200	3.828100	22.920600	28.577300	23.134600	40.486200
213	0.000000	4.679900	17.805300	10.730900	16.668700	8.957600	14.509500	9.932700	6.269400	8.620100	11.764200	13.828700	15.591500	15.303400	16.453200	16.308700	27.275500	25.711800	25.066300	31.938100
214	3.269600	1.990300	0.373500	3.160200	1.381300	4.064400	0.000000	2.464400	3.633300	2.247400	0.365400	0.584300	2.236800	1.128900	3.585500	2.721700	13.108000	20.271800	14.800000	18.976700
215	0.001700	0.000000	1.291300	2.906700	3.211000	7.401000	4.300500	2.314800	-0.206700	-0.872900	0.336800	3.552100	1.769400	2.805500	1.799200	-0.314800	9.505900	5.810000	2.743900	3.873800
216	1.549500	0.555200	1.996700	2.824800	3.335500	-1.382800	5.266300	1.031900	0.910000	0.460200	1.593000	3.601000	4.304800	4.858500	0.000000	1.397600	14.150800	5.254400	5.293400	6.287300
217	1.515400	0.187300	-0.236200	0.153600	-0.205300	0.312600	0.397200	1.196200	1.222100	0.907500	-0.401300	0.000000	0.655900	-0.064600	2.757700	2.138200	1.101700	1.605400	1.169000	4.393300
218	4.720300	2.944500	0.710600	3.058400	2.190200	7.160900	2.848900	3.685100	4.634500	3.487500	0.933300	3.420400	4.475000	3.797400	5.475400	3.895800	0.000000	1.681900	1.110200	3.668600
219	5.680500	4.895300	2.767100	4.962600	6.224000	9.037100	3.526600	4.409800	4.159000	4.851200	3.220600	4.995100	5.575900	4.365800	6.311100	4.519500	5.073600	0.000000	1.990500	4.019900
220	3.471300	2.430200	1.907300	0.999500	1.843100	1.013800	10.172600	1.991800	3.138900	2.571100	0.443800	3.393400	1.251100	2.204200	0.000000	2.123900	9.669300	8.617500	6.273800	7.001900
221	4.572600	3.024800	0.645000	0.827300	0.000000	3.456100	3.294000	2.069500	4.006800	3.112900	0.365400	3.694400	4.367300	3.596400	4.559800	3.410500	2.227000	5.819000	3.554200	5.075000
222	1.662800	0.000000	10.038600	2.367000	5.856700	7.523900	17.904300	2.539000	1.448900	3.376500	3.550000	10.903000	7.488700	7.631700	11.339200	11.072300	36.092000	32.379200	31.555000	42.455900
223	2.655600	1.503700	0.277700	1.995400	1.413800	2.482600	1.063600	1.275600	1.876400	1.758200	0.075400	0.288000	3.592800	1.524300	4.046100	0.996600	1.312100	0.694000	0.000000	2.477700
224	1.399100	-0.473800	-0.611600	0.419700	0.526300	2.762300	8.027000	1.907200	0.635700	0.000000	-1.651800	4.423400	1.896900	0.641900	1.964200	-0.193500	7.072600	6.109000	2.182800	2.623400
225	3.548800	1.715600	-1.011600	0.000000	-0.006800	4.603800	1.522600	2.338900	2.261000	1.877500	-0.350500	1.187500	2.370900	1.817900	3.405300	2.571800	-0.913700	-0.928600	-1.013400	1.727200
226	3.820200	2.806100	2.271600	4.117600	4.320800	9.315000	0.000000	4.781100	3.547100	3.475300	1.790100	2.198300	4.236200	3.075600	5.370900	3.498500	3.088600	2.928200	2.751100	3.394100
227	0.936500	0.195000	0.501000	0.790300	0.145400	2.670000	0.172700	0.313500	0.000000	0.593500	-0.148500	0.300000	0.954700	0.496400	1.560900	0.751100	1.284600	2.696600	1.755000	0.679400
228	4.691600	3.512000	1.797800	1.385900	0.000000	7.415900	6.681500	3.637100	4.786000	3.504000	0.840600	4.898300	4.692800	2.989800	5.706800	4.102900	30.710600	11.922500	7.765200	5.101000
229	2.044900	1.218900	-0.364900	0.575900	0.049600	4.423500	0.000000	0.805900	1.491800	1.259100	-0.793000	-0.114300	1.106300	0.669900	2.102100	1.590000	0.167100	1.329300	-0.131800	1.371500
230	-0.478100	-0.246300	-0.982400	-0.455700	-0.823000	0.805800	-1.005900	-0.929900	-0.697200	-0.234800	-1.045000	-0.976700	0.000000	-0.967200	0.041000	-1.028700	-0.305900	-0.478100	-0.955400	-0.440300
231	-0.397200	-0.087400	-0.163500	-0.006100	-1.145100	1.507000	-0.275800	1.004800	0.065500	-0.574400	-1.810500	-0.322300	0.670100	-0.873300	0.000000	-0.271100	-0.454200	0.304000	0.041300	-0.727800
232	0.583900	-0.125100	-1.863300	-0.080000	0.000000	2.990100	-0.409100	-0.019300	-0.255400	-0.752300	-1.518100	-0.868800	0.689800	0.121100	0.929500	-0.139900	0.398400	-0.793000	-0.877600	0.130000
233	0.000000	-1.424000	0.197200	-0.941600	-1.001500	-2.442400	-2.115000	-1.119800	-1.188200	-1.262700	0.013600	-1.601500	-0.808900	-0.200300	-1.123000	-1.975900	0.154400	-1.490100	-1.425200	0.288300
234	-0.669200	0.036600	-0.326500	3.709400	1.870100	4.903000	-0.376900	0.740100	0.125100	-0.055600	-0.891400	-0.505500	0.000000	-0.533100	0.480800	0.014200	0.071000	-0.408200	-0.547000	-0.489900
235	0.466400	0.155900	-0.178800	0.248800	-0.075900	-1.390500	0.014200	0.259500	0.313800	1.575900	-0.712700	-0.418700	0.000000	0.433900	0.531900	0.458000	0.901100	-0.332000	-0.470600	1.547100
236	-0.431100	-0.613500	-0.263700	0.207800	0.182300	-0.908400	0.416700	-0.060800	-0.417000	1.022900	-0.501600	0.037400	0.313900	0.000000	-0.929800	-0.430200	-0.975800	-0.323400	-0.500700	0.670400
237	3.194300	1.704300	-0.236700	0.679300	0.413500	4.180900	1.198700	2.238000	3.023700	1.754900	0.033300	1.025600	2.750000	2.197700	3.699500	2.005900	0.869800	0.000000	-0.433200	1.667300
238	2.828400	1.541600	-0.733400	0.000000	-0.424400	-0.444600	1.376800	0.754100	1.660000	1.672200	-0.552300	1.169100	2.193200	2.552800	3.240600	2.280700	7.870800	1.778600	7.940100	4.649400
239	0.775900	0.115000	-0.539300	0.362500	-0.220900	-0.331900	-0.119600	0.407700	0.435400	0.397100	-1.147000	-0.216000	0.000000	-0.592500	0.662000	0.268300	-1.408500	-0.320400	-0.504400	0.113400
240	3.274100	2.016500	0.000000	1.656000	1.183100	3.466000	1.191800	2.116000	2.234000	2.341500	-0.203900	1.010800	1.700800	1.319200	3.033700	2.582600	1.135800	0.333000	-0.101000	2.136600
241	6.539000	4.691300	1.046000	4.412700	7.327700	9.507200	6.906800	5.101600	5.614100	4.637900	0.994900	4.266400	5.756700	4.142700	6.665500	5.447400	5.443100	1.340100	0.000000	3.832500
242	6.036800	4.677900	1.608500	4.760100	3.808700	6.129800	4.941300	4.000800	5.092600	4.428900	1.084000	4.854600	6.210700	4.190100	6.826700	4.225600	6.401600	2.344900	0.000000	3.367500
243	0.335400	-0.774600	-1.297100	-0.355500	-0.884400	1.378400	-1.160500	-0.065400	-0.201300	-0.009200	-1.760500	-1.313300	-0.523900	-1.203200	0.000000	-0.243900	-1.243100	-1.083000	-1.185300	-0.393500
244	3.003000	1.694700	0.000000	1.108500	-0.032900	5.883900	1.403700	1.975500	2.440200	1.873700	-0.167800	0.865600	2.284400	1.579600	3.283600	1.692400	1.449700	0.436500	0.138600	1.330600
245	5.477800	3.905600	0.000000	2.241500	1.740000	6.883300	3.812600	3.908700	4.592200	3.314400	0.387600	3.856900	4.461900	3.285700	5.167200	2.155700	4.370500	4.971200	4.125000	3.541900
246	0.000000	3.134500	3.563900	5.147700	5.063600	8.260500	0.739200	5.217600	3.374300	3.328900	3.454500	1.081500	4.055900	2.749700	3.988500	2.066600	4.362600	3.462800	3.385500	1.626700
247	2.846700	2.047400	-0.507800	0.934700	0.000000	7.038900	1.205400	0.674500	1.765600	1.140500	-0.745800	0.669400	1.786600	1.409400	2.088400	2.119100	1.111900	1.881800	1.742900	1.867600
248	0.837300	0.746400	0.438600	0.824300	0.446700	-0.600000	-0.446100	0.577100	0.608500	0.427900	0.286300	0.000000	0.290900	0.101300	0.922900	0.256000	0.571800	0.161000	0.070100	0.024000
249	3.349800	1.738100	2.123600	1.634100	5.205900	0.000000	2.402400	3.424300	2.568600	2.375700	0.915700	1.724100	2.218200	1.492900	3.618200	3.712900	2.657300	2.074400	1.553300	3.608900
250	1.081300	0.499000	-0.263100	0.369400	-0.331600	5.046300	0.750500	0.641100	1.148500	0.876000	-0.500200	-0.057400	0.378700	0.252400	0.000000	0.180800	0.073200	-0.296500	-0.413900	0.976300
251	1.143800	1.320100	1.461200	1.976300	1.561100	-0.394600	2.391300	0.779700	0.880600	2.784300	1.329400	2.186800	1.479600	1.981600	1.104800	1.828200	0.000000	1.303100	1.058900	2.377300
252	0.699000	0.292900	0.377700	0.747700	0.594500	-1.169600	0.350800	-0.323800	-0.330400	0.934500	-0.429500	0.237400	0.000000	0.173900	0.596300	0.278900	-0.297000	-0.359500	-0.398900	0.937000
253	1.721900	1.039100	0.318000	2.266600	2.199900	1.603600	1.104600	1.924100	1.262200	1.367900	0.642200	0.000000	3.856400	1.921200	3.931000	1.072300	2.668200	1.054600	0.737500	1.491300
254	4.781600	3.261000	0.244600	1.164200	0.000000	3.532700	3.407000	2.046300	3.602700	3.235800	-0.355400	2.835400	3.109200	3.447900	5.059800	4.226600	1.000500	2.000400	1.544400	5.428000
255	1.517800	0.847100	-0.104200	0.800500	0.058400	3.168400	0.154100	0.831800	0.870700	1.307000	-0.515000	0.000000	1.009600	0.235200	1.399200	0.689100	-1.241100	-0.622100	-0.719400	0.086100
256	6.372300	5.432200	2.479700	3.507200	2.936900	7.731900	3.067900	4.665200	6.255500	4.994800	2.328200	4.066100	7.303800	4.390900	7.453000	4.528600	4.071100	0.000000	0.760700	4.706500
257	4.635700	3.084400	0.234700	2.853000	1.866100	5.666000	2.253000	4.716300	4.638600	3.334800	-0.082400	3.286100	4.616300	3.654200	5.321600	3.535600	0.827400	0.000000	-0.942100	2.564700
258	3.103100	1.767600	-0.436400	0.929400	0.000000	5.558300	1.340200	2.294300	1.907900	2.092700	-0.587200	0.913900	2.753200	1.128500	2.904500	1.064000	13.454100	7.325600	5.889300	5.147400
259	4.478000	2.497200	0.000000	2.223300	1.591000	6.976600	0.852900	2.514000	3.433300	2.608800	0.065000	1.289900	3.895300	2.267700	5.179500	2.583900	1.016300	0.447700	-0.143500	2.536200
260	4.782900	3.169300	0.000000	2.739100	1.816200	6.674800	6.340500	3.454600	3.667600	3.434100	-0.215600	3.238900	3.810400	2.570900	5.048200	4.202200	9.043700	6.662500	2.104600	3.054600
261	-1.264800	-1.484000	-2.619500	-0.895500	-1.644900	1.723200	-1.794400	0.047800	-1.347000	-1.493600	-3.111800	-2.165100	-0.787200	-1.910700	0.000000	-0.921800	-1.161000	-1.063300	-1.394600	-0.259900
262	0.909000	-0.469400	-2.131900	-1.966200	-2.295800	8.574900	-1.367200	-0.763500	1.274300	-0.507100	-1.861300	-0.784200	0.000000	-0.962400	1.886400	0.425200	5.662600	4.078500	3.060100	1.639700
263	4.280800	3.518700	0.000000	2.753800	1.803200	1.270000	4.593200	3.964400	4.212600	2.991900	-0.217500	2.692100	4.992700	2.394300	5.489700	3.623200	8.652000	7.109700	2.164300	2.998300
264	4.752700	4.739000	3.637000	4.984300	4.109500	5.773900	5.121000	4.620900	4.837500	4.741100	2.555400	4.903200	6.439000	4.314600	6.285600	3.596800	4.359500	0.709900	0.000000	4.206100