SITE	GLY	ALA	LEU	VAL	ILE	PRO	ARG	THR	SER	CYS	MET	LYS	GLU	GLN	ASP	ASN	TRP	TYR	PHE	HIS
1	-0.280000	0.000000	0.421000	0.613000	0.672000	0.550000	0.313000	0.474000	0.300000	0.351000	0.258000	0.388000	0.318000	0.394000	0.365000	0.420000	0.313000	0.586000	0.518000	0.464000
2	-1.281000	-1.125000	-0.331000	0.460000	1.227000	2.251000	-0.661000	0.000000	-1.034000	-0.940000	-0.613000	-0.605000	-0.797000	-0.557000	-1.163000	-0.960000	-0.694000	-0.569000	-0.553000	-0.478000
3	0.160000	0.390000	0.000000	0.290000	0.319000	0.060000	-0.148000	-0.218000	-0.016000	0.258000	0.254000	-0.079000	0.097000	0.280000	-0.923000	-0.326000	-0.361000	-0.657000	-0.672000	0.257000
4	0.788000	0.403000	-0.171000	0.539000	-0.181000	-0.378000	0.218000	0.731000	0.928000	0.949000	-0.330000	0.000000	-0.289000	-0.115000	0.730000	0.971000	-0.429000	-0.277000	-0.326000	0.804000
5	-0.046000	-0.319000	-0.052000	0.472000	0.115000	-0.251000	0.158000	0.720000	0.273000	0.468000	-0.434000	-0.052000	-0.217000	0.059000	0.000000	0.385000	0.010000	0.049000	0.012000	0.389000
6	-0.086000	-0.174000	-0.301000	0.788000	0.777000	5.094000	0.065000	0.034000	-0.073000	0.390000	0.076000	0.000000	-0.074000	-0.231000	0.107000	0.329000	-0.073000	0.381000	0.130000	0.571000
7	0.830000	0.727000	0.000000	0.412000	-0.412000	4.380000	0.592000	1.028000	1.066000	2.187000	-0.369000	0.142000	0.187000	0.545000	0.724000	0.787000	0.311000	0.583000	0.553000	0.828000
8	1.249000	0.741000	0.281000	0.472000	0.000000	2.824000	0.420000	1.134000	1.304000	0.543000	-0.110000	0.303000	0.497000	0.657000	0.575000	0.711000	0.826000	0.159000	0.118000	0.654000
9	0.000000	0.836000	0.770000	2.902000	2.640000	0.091000	0.813000	2.763000	0.633000	0.907000	0.927000	0.835000	0.890000	1.016000	0.389000	0.443000	2.493000	0.786000	0.789000	1.237000
10	0.191000	0.249000	0.351000	0.319000	0.429000	2.466000	-0.138000	-0.522000	-0.486000	-0.150000	0.133000	-0.135000	-0.011000	-0.125000	-0.119000	-0.106000	-0.160000	-0.121000	-0.161000	0.000000
11	-0.595000	-0.144000	0.000000	0.982000	0.721000	-0.609000	0.004000	0.182000	-0.316000	0.045000	0.263000	-0.051000	-0.173000	-0.076000	-0.429000	-0.301000	-0.149000	0.018000	0.040000	-0.117000
12	0.273000	0.000000	-0.057000	0.193000	0.164000	-0.808000	-0.049000	0.106000	0.082000	0.234000	-0.185000	-0.214000	-0.080000	-0.007000	0.156000	0.245000	0.060000	-0.021000	-0.069000	0.470000
13	-0.008000	-0.125000	-0.704000	0.271000	0.071000	0.909000	-0.737000	0.000000	-0.081000	-0.286000	-1.131000	-0.738000	-0.463000	-0.661000	0.039000	-0.114000	-1.116000	-1.118000	-1.191000	-0.182000
14	-1.373000	0.071000	1.695000	1.981000	1.951000	4.513000	1.590000	1.636000	0.000000	1.442000	1.435000	1.644000	-0.021000	1.486000	-0.042000	1.647000	-0.124000	1.659000	1.634000	1.837000
15	0.278000	0.466000	0.598000	0.375000	0.596000	2.596000	0.174000	-0.047000	-0.089000	0.222000	0.443000	0.361000	-0.106000	0.000000	-0.360000	-0.208000	0.428000	-0.088000	-0.059000	0.038000
16	0.201000	0.006000	-0.099000	0.164000	-0.154000	-0.148000	-0.126000	0.007000	0.200000	0.283000	-0.105000	-0.123000	0.000000	0.139000	0.197000	0.267000	-0.119000	0.020000	-0.198000	0.203000
17	0.752000	0.707000	0.752000	1.274000	1.299000	0.000000	0.655000	1.139000	0.756000	0.910000	0.865000	0.780000	0.938000	0.978000	1.020000	0.943000	0.911000	0.880000	0.896000	1.008000
18	0.127000	0.223000	-0.346000	-0.042000	-0.121000	3.952000	0.000000	-0.177000	0.002000	0.097000	1.415000	-0.177000	-0.037000	-0.254000	0.331000	0.132000	-0.138000	-0.276000	-0.394000	0.084000
19	1.258000	0.423000	0.006000	-0.306000	-0.584000	0.863000	-0.017000	-0.914000	0.000000	0.045000	-0.346000	0.715000	2.148000	0.647000	3.588000	0.049000	1.536000	3.406000	1.049000	1.872000
20	0.151000	0.240000	-0.160000	0.201000	-0.047000	0.004000	-0.336000	0.065000	0.233000	0.242000	0.053000	-0.389000	0.120000	0.087000	0.121000	0.120000	0.420000	0.000000	0.018000	0.409000
21	1.379000	-0.311000	-1.275000	-0.350000	0.118000	0.851000	-1.652000	0.283000	0.253000	-0.026000	-0.382000	-1.478000	-0.057000	-0.053000	0.609000	0.000000	-0.151000	-0.458000	-0.766000	-0.845000
22	5.087000	3.894000	1.945000	2.721000	2.625000	3.541000	3.204000	4.243000	4.719000	3.841000	1.980000	0.000000	6.183000	4.691000	7.694000	5.971000	14.997000	14.391000	9.378000	8.112000
23	6.688000	4.871000	0.245000	1.477000	0.000000	9.289000	6.232000	3.983000	5.812000	4.116000	0.294000	4.052000	5.418000	3.961000	6.514000	5.078000	10.659000	10.947000	6.346000	10.326000
24	3.940000	2.256000	1.149000	1.261000	1.832000	8.374000	9.373000	0.000000	2.326000	1.454000	1.633000	4.937000	4.600000	6.067000	4.285000	3.425000	25.735000	21.538000	14.080000	17.119000
25	4.608000	3.000000	-0.958000	0.000000	-1.171000	2.925000	3.407000	2.326000	4.066000	2.093000	0.684000	2.729000	4.170000	3.057000	3.924000	2.242000	3.919000	4.161000	-1.618000	1.792000
26	4.575000	2.776000	0.564000	0.000000	0.588000	3.814000	2.217000	1.971000	3.453000	2.117000	1.774000	3.675000	4.064000	4.262000	4.340000	3.320000	5.846000	9.277000	7.822000	6.356000
27	0.000000	7.374000	13.569000	17.842000	21.588000	20.506000	11.653000	16.692000	9.136000	9.571000	10.318000	11.520000	14.321000	12.163000	14.160000	12.933000	15.658000	14.635000	14.384000	19.170000
28	4.160000	3.183000	0.976000	0.000000	1.009000	5.277000	7.927000	2.616000	4.483000	2.941000	0.150000	7.559000	7.232000	4.206000	5.965000	3.847000	13.070000	6.131000	16.251000	19.380000
29	0.000000	1.642000	0.721000	1.277000	0.761000	2.763000	0.180000	-0.168000	1.010000	1.945000	0.582000	1.227000	0.794000	1.487000	-0.587000	-0.860000	0.108000	0.482000	0.153000	1.512000
30	0.286000	0.000000	-0.726000	0.160000	0.642000	-1.341000	0.678000	-0.271000	0.176000	-0.210000	-0.295000	-0.530000	-0.326000	0.676000	0.635000	1.088000	0.493000	-0.354000	-0.536000	0.699000
31	1.774000	0.642000	-1.601000	0.000000	-0.848000	-0.478000	-0.915000	0.374000	1.695000	0.436000	-1.191000	-0.207000	0.417000	0.257000	1.207000	1.283000	1.052000	1.591000	0.518000	1.469000
32	0.000000	6.929000	24.382000	22.625000	27.125000	13.907000	22.537000	20.048000	11.490000	14.912000	19.975000	20.081000	21.853000	23.804000	21.473000	23.686000	41.133000	32.505000	32.289000	43.826000
33	3.529000	2.632000	0.863000	2.524000	1.584000	2.160000	2.612000	2.929000	3.261000	3.078000	0.000000	2.409000	2.947000	2.547000	3.894000	3.341000	1.963000	1.984000	0.765000	3.246000
34	1.769000	0.000000	1.646000	2.591000	2.024000	3.132000	0.274000	2.052000	1.130000	0.983000	-0.777000	0.347000	1.746000	1.371000	3.023000	1.935000	7.562000	7.987000	7.245000	42.450000
35	2.695000	0.491000	-2.297000	-0.912000	-2.317000	3.653000	8.020000	-1.119000	1.204000	0.000000	-2.205000	2.122000	2.229000	-1.149000	2.322000	1.585000	15.868000	6.495000	2.406000	1.968000
36	2.243000	0.000000	-1.463000	-2.051000	-2.630000	2.812000	2.643000	-0.483000	1.163000	-0.171000	-2.761000	2.781000	1.999000	-0.823000	3.267000	1.152000	14.123000	6.926000	1.798000	26.774000
37	2.998000	1.912000	-0.047000	1.136000	0.000000	5.799000	1.268000	1.760000	2.061000	1.852000	-0.380000	0.891000	1.610000	1.033000	2.356000	1.317000	-0.421000	0.654000	0.588000	1.223000
38	-0.184000	-1.528000	-0.814000	-1.918000	-1.275000	3.095000	1.341000	-0.141000	0.000000	-0.288000	-1.114000	0.672000	1.651000	-0.097000	2.486000	1.745000	6.477000	11.395000	11.219000	4.473000
39	4.329000	3.013000	0.150000	1.307000	0.000000	5.834000	3.678000	2.983000	3.458000	3.147000	-0.495000	2.233000	3.802000	3.085000	5.027000	3.986000	7.378000	7.458000	3.548000	3.680000
40	4.712000	3.486000	0.000000	3.019000	2.054000	7.264000	3.903000	5.124000	4.774000	3.497000	-0.234000	2.311000	4.352000	3.056000	5.421000	3.044000	7.011000	4.591000	0.133000	1.780000
41	1.126000	0.858000	0.091000	2.249000	1.708000	4.090000	0.335000	2.560000	0.966000	1.527000	0.000000	0.481000	0.949000	0.594000	1.375000	1.443000	0.355000	0.462000	0.362000	1.454000
42	1.011000	0.538000	-0.213000	0.691000	0.706000	2.512000	0.213000	0.697000	0.273000	0.575000	-0.555000	0.000000	0.914000	0.529000	0.920000	0.067000	-0.488000	-0.137000	-0.262000	-0.010000
43	-0.889000	0.022000	-0.147000	0.341000	1.000000	4.047000	-0.210000	1.638000	0.133000	1.251000	-0.334000	-1.138000	0.300000	-0.110000	0.000000	0.109000	1.921000	-0.197000	-0.666000	0.361000
44	3.872000	2.820000	0.000000	1.123000	0.117000	5.394000	2.942000	3.135000	3.753000	2.590000	0.144000	4.043000	4.501000	2.790000	4.999000	3.127000	4.709000	4.508000	3.687000	3.251000
45	1.565000	0.000000	-2.300000	1.410000	1.549000	-0.761000	4.560000	-1.058000	0.395000	-0.651000	-1.489000	2.004000	2.647000	-0.147000	3.624000	1.961000	10.274000	2.621000	1.212000	18.523000
46	0.256000	0.133000	-0.914000	-0.176000	-0.385000	0.480000	-0.531000	0.632000	0.186000	-0.193000	-0.231000	-0.291000	0.090000	-0.003000	0.000000	0.046000	0.309000	0.036000	-0.182000	0.496000
47	3.101000	1.808000	1.288000	3.355000	3.393000	6.821000	2.701000	0.655000	0.968000	1.611000	0.659000	1.839000	0.000000	0.000000	3.365000	2.655000	5.818000	10.889000	7.400000	3.539000
48	5.039000	3.486000	-1.147000	0.000000	-1.267000	6.517000	3.413000	2.248000	4.341000	2.533000	-1.187000	1.685000	4.504000	1.875000	5.187000	2.582000	6.267000	1.655000	0.721000	2.266000
49	2.014000	0.000000	2.742000	-0.895000	-0.468000	1.920000	9.158000	-0.103000	0.753000	0.001000	2.294000	6.046000	9.008000	7.163000	4.301000	2.415000	19.159000	11.375000	10.577000	10.196000
50	4.985000	3.877000	0.000000	3.657000	2.418000	4.934000	7.700000	4.014000	4.879000	3.303000	0.036000	3.834000	5.637000	3.692000	6.093000	2.780000	6.687000	4.529000	2.345000	3.328000
51	4.586000	3.060000	0.347000	0.000000	-0.590000	4.299000	4.346000	2.567000	2.969000	2.243000	2.655000	6.078000	3.614000	2.674000	4.981000	3.565000	5.799000	6.990000	6.254000	6.121000
52	1.717000	0.909000	1.324000	2.372000	2.334000	9.350000	2.207000	2.655000	0.310000	0.960000	0.380000	2.234000	0.932000	2.251000	0.000000	1.959000	2.377000	-0.023000	0.435000	2.588000
53	0.101000	-0.112000	-0.392000	0.000000	-0.213000	-0.976000	-0.590000	0.251000	0.168000	0.099000	-0.506000	-0.508000	0.014000	-0.410000	0.387000	0.236000	-1.030000	-0.779000	-0.784000	0.228000
54	-0.410000	-0.148000	-0.300000	-0.278000	-0.500000	2.552000	-0.414000	-1.266000	-0.777000	0.369000	0.000000	0.262000	0.399000	0.207000	-2.702000	-2.134000	0.191000	-0.184000	-0.365000	-0.632000
55	1.536000	0.734000	0.571000	1.129000	0.650000	-0.304000	1.128000	1.651000	1.437000	1.256000	0.147000	0.938000	0.000000	0.663000	0.796000	1.273000	0.778000	1.056000	0.926000	1.608000
56	1.146000	1.184000	0.808000	0.695000	0.915000	1.522000	0.756000	0.877000	1.328000	1.121000	1.018000	0.658000	-0.230000	0.319000	0.000000	1.087000	0.493000	0.114000	-0.006000	1.267000
57	1.098000	0.623000	-0.177000	0.295000	-0.398000	1.107000	-0.235000	0.742000	1.150000	1.200000	0.061000	0.000000	0.890000	-0.022000	1.489000	0.704000	0.437000	0.352000	0.208000	0.420000
58	2.273000	1.488000	0.000000	2.655000	2.231000	8.439000	1.972000	3.006000	2.069000	2.303000	0.900000	3.004000	3.473000	3.103000	3.847000	3.594000	14.527000	7.103000	8.080000	10.735000
59	1.039000	0.481000	-0.213000	0.802000	0.201000	1.640000	0.074000	0.562000	0.468000	1.043000	-0.449000	0.000000	0.357000	0.033000	0.920000	0.408000	-0.095000	-0.237000	-0.315000	0.678000
60	0.000000	-0.540000	-1.458000	-0.388000	-0.936000	2.133000	-1.004000	-0.125000	-0.808000	-0.342000	-1.505000	-1.119000	-0.833000	-1.039000	-0.553000	-0.815000	-1.136000	-1.171000	-1.151000	-0.817000
61	1.527000	-0.262000	-1.543000	0.558000	-1.254000	2.765000	-0.160000	0.251000	0.257000	0.317000	-1.465000	-0.679000	0.000000	-0.056000	1.373000	-0.310000	-1.112000	-0.715000	-1.436000	0.431000
62	2.495000	1.202000	-0.010000	2.356000	1.970000	7.362000	1.579000	1.883000	2.283000	1.743000	0.000000	1.128000	1.137000	1.423000	2.000000	2.504000	0.751000	0.641000	0.028000	1.306000
63	1.515000	0.537000	-0.315000	1.504000	0.814000	8.602000	0.750000	2.048000	1.266000	1.299000	0.000000	0.320000	0.381000	0.758000	1.279000	1.580000	0.764000	0.446000	1.104000	1.193000
64	0.316000	-0.453000	-0.405000	0.650000	0.193000	3.678000	-0.683000	0.044000	0.081000	0.382000	-1.385000	-0.792000	-0.438000	-0.832000	0.000000	-0.392000	-1.316000	-0.892000	-0.739000	-0.045000
65	4.329000	2.918000	0.000000	2.620000	1.370000	6.238000	2.839000	2.464000	3.118000	3.077000	-0.475000	2.582000	3.755000	2.512000	4.604000	2.860000	2.131000	0.200000	0.051000	2.683000
66	1.861000	0.305000	-1.228000	-0.026000	-0.711000	4.393000	-1.114000	1.518000	1.071000	0.934000	-1.045000	-0.210000	0.389000	0.000000	1.165000	0.167000	0.115000	0.248000	0.295000	0.678000
67	0.540000	0.405000	-0.030000	1.060000	0.996000	3.399000	0.082000	0.297000	-0.444000	0.322000	0.002000	-0.044000	0.254000	0.215000	0.468000	0.086000	-0.352000	-0.291000	-0.394000	0.000000
68	0.000000	-0.598000	-1.696000	0.328000	-0.349000	3.473000	-1.622000	0.221000	-0.825000	-0.616000	-1.669000	-1.629000	-0.730000	-1.591000	-0.727000	-1.677000	-1.319000	-1.335000	-1.412000	-1.485000
69	-0.280000	-0.396000	-1.600000	0.227000	-0.369000	1.878000	-0.972000	-0.339000	0.000000	0.140000	-1.269000	-1.007000	-0.427000	-0.693000	0.463000	0.141000	-0.146000	-0.590000	-0.619000	0.197000
70	1.097000	0.389000	0.000000	0.965000	0.402000	-0.286000	0.434000	0.853000	0.916000	1.109000	0.366000	0.361000	0.373000	0.564000	0.717000	0.874000	0.352000	0.311000	0.348000	0.891000
71	1.074000	0.991000	0.419000	1.991000	1.378000	2.731000	0.593000	1.141000	0.757000	0.942000	0.498000	0.594000	0.795000	1.040000	0.807000	0.758000	0.145000	0.205000	0.000000	0.937000
72	1.602000	2.001000	0.000000	4.029000	2.498000	7.479000	2.668000	3.080000	1.399000	1.318000	0.955000	2.154000	2.698000	1.736000	1.675000	1.235000	2.085000	2.979000	0.997000	1.204000
73	-0.678000	-0.186000	0.166000	-0.057000	0.546000	0.410000	-0.452000	-0.072000	-0.150000	-0.132000	1.290000	-0.111000	0.156000	-0.125000	-0.056000	-0.048000	1.553000	-0.029000	-0.146000	0.000000
74	3.529000	0.862000	-2.455000	-1.065000	-1.584000	2.186000	3.946000	0.000000	1.565000	0.180000	-1.049000	0.530000	2.755000	1.534000	1.894000	0.303000	8.752000	12.986000	6.005000	4.754000
75	0.324000	0.000000	-0.483000	0.078000	-0.143000	-0.757000	-0.439000	0.060000	-0.129000	-0.171000	-0.476000	-0.424000	0.300000	-0.087000	0.411000	0.292000	-0.073000	-0.023000	-0.052000	0.513000
76	2.308000	1.286000	0.163000	0.963000	0.329000	4.587000	-0.036000	0.837000	1.471000	1.120000	0.093000	0.000000	1.144000	0.969000	1.524000	0.874000	0.819000	0.473000	0.394000	1.182000
77	5.020000	3.963000	-0.359000	1.079000	0.000000	4.677000	3.085000	2.898000	4.786000	2.936000	-0.157000	1.824000	4.808000	2.329000	5.256000	3.668000	4.243000	3.275000	1.251000	3.362000
78	2.258000	1.662000	1.072000	0.000000	-0.184000	3.831000	1.382000	0.912000	2.020000	1.105000	0.744000	1.160000	1.873000	1.730000	1.957000	1.790000	2.263000	1.322000	1.576000	2.226000
79	-0.853000	-1.215000	2.276000	1.453000	3.266000	3.451000	1.679000	0.755000	0.000000	-1.062000	-0.620000	1.263000	2.794000	2.864000	2.116000	1.405000	8.208000	8.441000	8.648000	7.326000
80	0.000000	2.108000	1.865000	4.759000	5.076000	8.164000	2.299000	4.478000	1.408000	2.056000	1.547000	1.930000	1.528000	2.173000	0.779000	1.878000	2.013000	2.093000	2.103000	1.930000
81	0.354000	0.223000	-0.430000	0.243000	0.118000	-0.713000	0.156000	0.299000	-0.176000	-0.405000	-0.135000	0.000000	0.178000	0.209000	0.349000	-0.115000	0.109000	0.044000	0.030000	0.319000
82	2.934000	2.794000	1.924000	2.072000	1.941000	2.870000	2.279000	2.257000	2.710000	2.272000	1.949000	2.056000	1.524000	2.044000	0.000000	1.760000	2.418000	1.792000	1.732000	2.607000
83	3.219000	2.787000	0.207000	3.797000	2.676000	1.518000	2.765000	4.262000	3.234000	2.586000	0.079000	2.343000	1.801000	1.880000	3.880000	1.811000	-0.530000	0.000000	-0.859000	1.729000
84	1.248000	1.184000	0.614000	0.865000	0.496000	1.947000	0.337000	0.245000	0.000000	1.139000	0.526000	0.083000	0.791000	0.898000	1.228000	1.556000	1.154000	1.079000	1.019000	1.291000
85	1.942000	0.939000	0.447000	0.000000	-0.257000	3.456000	0.871000	1.170000	1.485000	1.247000	0.015000	0.647000	1.225000	0.861000	2.499000	1.305000	1.988000	1.889000	1.857000	1.258000
86	1.004000	-0.145000	2.049000	2.139000	1.770000	1.281000	7.811000	1.820000	0.000000	0.403000	-0.446000	2.273000	3.872000	2.886000	3.586000	4.746000	30.217000	22.239000	16.310000	15.268000
87	0.864000	0.000000	-0.150000	0.289000	-0.010000	3.952000	-0.195000	0.108000	0.063000	0.364000	-0.218000	-0.161000	-0.252000	-0.058000	0.399000	0.544000	0.311000	-0.083000	-0.159000	0.282000
88	0.000000	1.716000	1.923000	3.425000	4.105000	5.589000	1.774000	3.277000	2.061000	1.899000	1.603000	1.565000	1.749000	1.612000	1.574000	1.241000	1.628000	1.613000	1.543000	1.686000
89	2.385000	0.471000	3.065000	3.595000	3.737000	5.938000	7.139000	1.446000	0.000000	1.744000	1.914000	4.627000	6.087000	5.683000	9.339000	6.633000	25.750000	22.824000	19.050000	67.372000
90	1.606000	1.027000	-1.144000	0.626000	0.457000	2.405000	-0.357000	1.238000	1.226000	0.923000	-0.786000	0.000000	0.983000	0.203000	0.597000	0.904000	-0.140000	0.363000	0.004000	-0.350000
91	6.806000	4.628000	0.000000	1.004000	1.501000	7.710000	4.904000	3.826000	5.594000	3.660000	0.203000	4.260000	5.274000	4.081000	5.980000	4.266000	7.975000	6.495000	1.392000	3.125000
92	4.982000	3.048000	-0.255000	0.000000	-0.184000	5.180000	4.854000	2.368000	3.940000	2.336000	0.082000	1.088000	4.515000	2.825000	4.438000	3.356000	11.088000	7.253000	4.114000	5.835000
93	5.902000	3.817000	-0.144000	0.000000	-1.284000	4.428000	6.677000	2.643000	5.034000	2.939000	-0.333000	3.746000	4.425000	3.089000	5.120000	3.587000	10.126000	8.354000	3.080000	4.161000
94	6.446000	4.337000	0.053000	1.101000	0.000000	5.098000	9.855000	3.691000	5.710000	3.569000	0.848000	6.039000	5.297000	3.625000	3.301000	3.423000	22.965000	15.204000	9.295000	9.995000
95	-0.486000	-1.152000	-2.903000	-2.037000	-3.656000	3.211000	2.523000	0.000000	-0.299000	-1.225000	-1.583000	2.456000	0.466000	0.052000	0.110000	-1.722000	2.888000	1.081000	-0.761000	1.009000
96	1.525000	0.000000	-0.603000	-0.610000	0.492000	0.643000	0.081000	1.071000	0.983000	0.483000	-0.811000	0.342000	1.469000	0.671000	1.641000	1.000000	3.889000	-0.092000	-1.182000	0.708000
97	0.000000	3.218000	10.354000	9.012000	10.058000	9.925000	6.714000	8.310000	4.089000	3.529000	5.053000	7.458000	9.679000	10.308000	5.009000	4.737000	12.495000	7.835000	7.289000	8.219000
98	0.869000	0.000000	-0.472000	1.024000	0.271000	-0.886000	0.126000	1.034000	0.612000	0.393000	-0.609000	-0.034000	-0.268000	-0.397000	-0.156000	-0.140000	-0.294000	-0.388000	-0.425000	0.419000
99	-0.161000	-0.292000	-1.396000	-0.293000	-0.408000	1.101000	0.000000	-0.442000	-0.347000	-0.462000	-1.076000	-0.729000	-0.417000	-0.279000	-0.176000	-0.221000	-1.162000	-2.090000	-2.261000	-0.258000
100	1.441000	0.223000	-0.875000	0.369000	0.951000	-1.410000	1.152000	1.204000	0.993000	0.190000	-1.600000	0.976000	-0.615000	0.000000	2.031000	0.417000	2.210000	3.107000	1.656000	3.050000
101	0.207000	0.285000	0.552000	1.104000	1.009000	0.661000	0.008000	-0.251000	-0.329000	0.426000	0.553000	0.049000	0.668000	0.000000	0.776000	0.052000	0.685000	0.462000	0.251000	0.267000
102	0.879000	0.127000	-0.488000	-0.157000	-1.301000	-0.777000	-0.256000	0.459000	0.537000	0.084000	-1.206000	-0.417000	0.000000	0.281000	0.311000	0.150000	0.140000	0.170000	0.149000	0.437000
103	0.000000	2.664000	2.067000	4.819000	4.459000	6.451000	1.964000	3.386000	2.635000	2.620000	1.638000	2.388000	2.643000	2.196000	2.837000	2.440000	3.956000	4.064000	4.040000	2.550000
104	2.610000	1.808000	1.470000	1.379000	1.164000	7.028000	2.089000	2.160000	2.695000	1.755000	0.620000	1.758000	0.000000	2.683000	2.315000	2.376000	2.444000	1.585000	1.514000	2.738000
105	0.602000	0.187000	-0.080000	0.658000	0.355000	-1.105000	-0.194000	0.781000	0.000000	-0.149000	-0.458000	-0.350000	0.330000	0.170000	0.340000	0.230000	1.001000	0.186000	0.744000	0.477000
106	0.472000	-0.069000	-1.117000	-0.395000	-0.920000	-1.912000	0.000000	0.723000	0.841000	0.440000	-0.791000	-0.010000	1.730000	-0.294000	1.617000	-1.128000	2.776000	1.861000	-0.494000	1.755000
107	2.688000	1.711000	0.000000	1.997000	1.459000	2.695000	-0.661000	1.907000	2.136000	1.749000	-0.318000	1.094000	1.638000	0.953000	2.161000	0.563000	2.016000	1.983000	1.938000	2.703000
108	1.045000	0.632000	0.470000	1.846000	1.087000	1.471000	0.356000	2.011000	0.742000	1.014000	0.423000	0.252000	0.584000	0.608000	0.972000	0.000000	1.050000	0.649000	0.656000	0.970000
109	2.816000	2.000000	0.000000	1.459000	0.949000	4.301000	2.827000	2.775000	3.172000	1.963000	0.616000	2.921000	5.123000	2.972000	3.802000	2.255000	11.260000	12.959000	5.502000	3.450000
110	2.723000	1.373000	0.053000	0.000000	0.153000	4.252000	0.549000	1.798000	1.869000	1.439000	-0.860000	0.996000	2.225000	1.029000	2.736000	2.111000	1.596000	1.084000	0.876000	3.082000
111	1.004000	0.329000	-0.423000	0.391000	-0.111000	-0.622000	0.091000	0.678000	0.966000	1.086000	-0.807000	-0.198000	-0.308000	0.000000	-0.023000	0.708000	-0.920000	-0.041000	-0.453000	0.495000
112	0.798000	-0.161000	-0.635000	-0.207000	-0.790000	-0.380000	0.000000	0.082000	0.289000	0.027000	-0.520000	-0.545000	-0.186000	-0.922000	0.302000	-0.314000	-0.376000	-0.346000	-0.413000	-0.045000
113	1.315000	0.071000	0.763000	0.360000	-0.021000	3.284000	6.273000	0.004000	1.160000	0.064000	0.828000	2.365000	3.687000	2.078000	-0.362000	0.000000	28.285000	22.213000	11.802000	11.284000
114	1.396000	0.192000	-2.078000	0.000000	-1.683000	4.038000	0.822000	-0.232000	0.717000	0.198000	-2.141000	-0.046000	0.764000	-0.385000	1.541000	-0.218000	-2.057000	-0.756000	-2.753000	0.466000
115	1.149000	0.182000	0.044000	1.054000	0.548000	1.596000	0.429000	1.501000	0.345000	1.323000	0.084000	0.035000	0.402000	0.562000	0.841000	0.000000	0.154000	-0.118000	-0.128000	0.745000
116	1.773000	0.670000	-0.197000	0.454000	0.000000	1.191000	0.310000	0.666000	0.797000	0.690000	-0.237000	0.132000	0.447000	0.266000	0.938000	0.609000	0.217000	0.224000	-0.187000	0.423000
117	5.649000	4.678000	1.146000	3.715000	2.339000	9.586000	5.669000	3.588000	5.129000	4.598000	1.351000	4.221000	5.728000	4.968000	6.543000	4.500000	3.780000	2.674000	0.000000	4.244000
118	1.894000	0.709000	-0.413000	1.046000	0.620000	3.307000	0.576000	0.481000	0.761000	1.385000	-0.870000	0.000000	1.166000	0.612000	1.765000	0.733000	1.586000	0.001000	-0.809000	0.969000
119	0.420000	0.626000	-0.232000	0.599000	0.060000	1.921000	-0.206000	0.145000	-0.009000	0.463000	-0.398000	-0.012000	0.251000	-0.386000	0.306000	0.485000	-0.109000	0.229000	0.000000	0.279000
120	3.447000	1.950000	0.270000	0.914000	0.000000	4.492000	1.365000	2.406000	2.538000	2.169000	-0.414000	1.316000	1.992000	2.396000	2.282000	2.743000	2.295000	-0.084000	-0.875000	2.374000
121	4.938000	3.004000	0.302000	0.702000	0.000000	7.539000	8.465000	2.515000	5.703000	3.990000	0.572000	4.674000	5.177000	3.430000	4.687000	4.839000	13.169000	11.551000	8.912000	9.652000
122	1.705000	1.325000	1.477000	2.104000	1.830000	0.000000	1.026000	2.034000	1.959000	1.997000	1.215000	0.826000	1.501000	1.304000	1.838000	2.148000	1.024000	1.141000	1.070000	1.941000
123	0.693000	-0.582000	-1.336000	-0.223000	-0.223000	-2.575000	-1.376000	-0.694000	-0.107000	0.018000	-1.121000	-0.797000	-0.792000	-0.487000	-0.030000	0.000000	-0.433000	-0.416000	-0.306000	0.521000
124	6.053000	4.429000	1.601000	1.236000	0.000000	6.543000	11.432000	2.776000	4.998000	3.599000	2.819000	5.779000	5.658000	4.780000	5.411000	4.597000	17.115000	11.434000	10.416000	18.145000
125	2.133000	0.926000	-1.209000	0.000000	-0.623000	4.249000	0.553000	0.082000	1.167000	0.957000	-0.021000	0.124000	0.868000	0.511000	1.637000	0.813000	0.805000	0.455000	0.363000	1.453000
126	0.928000	0.122000	-0.108000	1.259000	0.981000	10.086000	0.063000	1.225000	1.107000	0.915000	0.127000	0.000000	0.057000	-0.084000	0.348000	1.036000	0.368000	0.061000	0.049000	0.869000
127	1.808000	1.299000	-0.084000	1.581000	1.488000	3.554000	-0.095000	1.921000	1.596000	1.076000	0.051000	-0.326000	1.626000	1.354000	2.949000	0.995000	1.664000	0.957000	0.477000	0.000000
128	1.111000	0.439000	6.085000	2.639000	3.057000	2.567000	7.309000	3.160000	0.000000	1.973000	3.003000	5.763000	5.204000	5.089000	5.539000	1.488000	25.607000	21.977000	13.610000	40.249000
129	2.262000	1.742000	1.758000	2.268000	1.841000	0.000000	1.280000	1.949000	1.770000	2.099000	1.265000	1.169000	1.471000	1.232000	1.747000	1.588000	1.622000	1.772000	1.675000	2.252000
130	0.181000	0.993000	0.032000	0.826000	0.009000	2.264000	0.028000	0.819000	0.969000	0.791000	0.007000	-0.129000	0.454000	0.058000	0.000000	0.333000	-0.083000	-0.190000	-0.285000	0.157000
131	1.126000	0.260000	1.633000	0.828000	2.224000	1.919000	13.884000	0.766000	0.570000	0.000000	-0.180000	6.076000	6.622000	3.435000	3.310000	1.965000	23.133000	21.203000	11.957000	40.250000
132	5.717000	4.168000	1.141000	1.214000	0.000000	6.162000	5.672000	3.209000	4.867000	3.269000	1.173000	2.895000	5.074000	3.803000	5.145000	3.625000	11.572000	4.902000	4.567000	4.320000
133	7.209000	5.051000	1.603000	1.667000	0.000000	4.234000	5.715000	4.142000	6.211000	4.115000	-0.082000	3.721000	5.087000	3.973000	5.927000	4.737000	8.500000	8.567000	6.624000	7.237000
134	5.481000	4.046000	0.000000	2.249000	1.341000	7.540000	3.246000	3.502000	4.930000	3.141000	-0.241000	2.593000	3.893000	2.861000	4.351000	3.109000	7.373000	5.364000	1.177000	2.696000
135	4.389000	2.617000	0.799000	0.000000	-0.729000	2.663000	18.227000	2.762000	4.236000	2.385000	2.647000	9.550000	4.525000	4.905000	4.416000	2.918000	15.908000	14.432000	10.058000	15.015000
136	4.641000	3.679000	0.191000	0.000000	0.808000	5.051000	3.348000	1.873000	3.133000	2.537000	0.845000	3.469000	3.302000	2.620000	3.441000	3.003000	5.947000	6.124000	4.700000	18.149000
137	0.985000	-0.417000	5.453000	0.807000	1.453000	1.137000	5.170000	2.222000	0.000000	1.223000	1.451000	3.110000	1.385000	1.605000	2.195000	2.143000	28.129000	31.443000	23.207000	36.245000
138	0.606000	-0.196000	-1.395000	-0.481000	-1.102000	-0.277000	-0.119000	0.777000	0.674000	0.022000	-1.158000	-0.581000	-0.295000	-0.540000	0.058000	0.000000	-2.380000	-2.266000	-1.423000	-0.112000
139	4.963000	7.200000	7.233000	6.392000	6.876000	0.000000	9.728000	8.513000	8.653000	6.565000	7.716000	8.229000	6.996000	5.155000	8.905000	5.633000	28.764000	15.231000	11.668000	12.977000
140	1.083000	0.969000	-0.404000	0.000000	2.406000	-2.230000	1.298000	2.311000	1.538000	0.206000	-0.645000	1.845000	3.379000	3.717000	2.483000	1.470000	14.530000	13.926000	13.772000	19.618000
141	2.466000	0.797000	0.611000	0.090000	1.336000	-0.932000	11.983000	1.701000	1.998000	0.924000	0.193000	4.834000	1.734000	2.866000	0.000000	0.789000	14.939000	8.480000	7.002000	4.648000
142	3.610000	2.220000	-0.525000	0.000000	-0.696000	-0.723000	8.250000	2.429000	3.170000	2.161000	-0.240000	5.686000	4.517000	2.946000	4.739000	3.357000	13.059000	5.292000	2.655000	4.123000
143	4.703000	2.983000	0.000000	5.337000	3.688000	7.054000	8.014000	6.070000	3.563000	3.232000	-0.506000	2.913000	4.534000	2.490000	4.659000	3.098000	19.490000	11.897000	5.646000	5.747000
144	1.878000	0.016000	1.146000	-0.367000	0.514000	3.856000	13.495000	0.000000	0.831000	0.673000	2.796000	6.934000	5.485000	4.336000	2.947000	1.082000	37.649000	19.990000	18.420000	27.743000
145	4.727000	3.725000	3.662000	3.968000	4.291000	7.439000	5.982000	3.264000	4.126000	4.215000	1.645000	4.892000	4.387000	4.687000	5.694000	4.859000	2.271000	0.000000	-0.487000	4.373000
146	3.397000	1.905000	-1.253000	0.000000	-1.051000	4.754000	1.912000	1.917000	2.685000	1.188000	-0.470000	1.772000	2.915000	1.402000	3.520000	1.175000	6.644000	3.354000	2.426000	3.245000
147	2.026000	0.000000	2.991000	1.248000	3.611000	7.540000	11.735000	0.619000	0.802000	1.048000	3.762000	4.891000	5.747000	3.891000	4.298000	3.345000	23.377000	15.574000	13.943000	38.293000
148	4.727000	2.831000	0.632000	3.035000	3.483000	9.645000	3.269000	3.088000	3.328000	3.211000	1.018000	2.220000	3.344000	2.261000	4.327000	3.839000	0.000000	1.108000	0.716000	2.624000
149	2.398000	0.871000	-0.341000	0.107000	-0.128000	6.087000	-0.090000	1.726000	2.263000	1.468000	-0.608000	0.000000	-0.034000	0.308000	1.484000	1.587000	2.296000	0.057000	-0.113000	1.337000
150	3.186000	1.633000	0.000000	0.709000	-0.335000	5.880000	0.862000	1.798000	2.838000	1.971000	-1.270000	0.509000	1.522000	0.765000	2.682000	1.668000	0.568000	0.080000	-0.735000	0.975000
151	-0.737000	-0.679000	-0.074000	0.410000	0.471000	8.489000	8.135000	1.387000	0.000000	-0.785000	0.378000	7.365000	7.545000	4.137000	2.790000	2.614000	23.284000	24.171000	15.717000	28.378000
152	0.000000	3.756000	3.530000	5.031000	4.845000	7.802000	3.335000	4.226000	4.202000	4.180000	3.887000	3.000000	3.675000	2.799000	3.671000	2.859000	3.554000	3.292000	3.241000	3.176000
153	4.166000	2.793000	0.000000	2.777000	2.091000	5.512000	2.366000	4.084000	3.223000	2.869000	-0.013000	3.275000	3.359000	2.600000	3.601000	3.133000	5.632000	1.487000	0.543000	3.283000
154	3.158000	2.190000	1.728000	1.808000	1.618000	0.000000	2.480000	2.340000	2.343000	2.244000	2.171000	1.986000	1.330000	1.555000	0.669000	2.060000	2.247000	2.223000	2.114000	2.419000
155	2.777000	1.937000	0.215000	1.074000	0.389000	-0.330000	1.385000	1.612000	2.412000	2.241000	0.000000	0.861000	0.615000	1.374000	1.610000	1.957000	2.770000	2.474000	2.620000	2.902000
156	1.119000	0.042000	-0.765000	0.260000	-0.449000	-0.005000	-1.127000	1.026000	0.763000	0.388000	-1.225000	-0.799000	-0.739000	-0.246000	0.450000	-0.236000	-1.277000	-0.379000	-0.512000	0.000000
157	2.566000	1.421000	-0.248000	2.278000	3.621000	3.771000	0.000000	1.148000	1.469000	1.630000	-0.436000	-0.089000	2.104000	0.968000	2.540000	0.636000	1.004000	0.618000	-0.276000	0.973000
158	4.770000	3.288000	-0.792000	0.606000	0.000000	5.980000	10.164000	1.760000	3.643000	2.420000	-0.637000	3.204000	4.084000	2.278000	4.303000	2.822000	10.268000	7.029000	3.850000	0.834000
159	5.453000	4.217000	0.628000	1.299000	0.000000	7.481000	4.444000	3.234000	4.937000	3.238000	0.113000	4.160000	5.019000	3.687000	5.975000	5.207000	17.927000	13.173000	11.484000	7.852000
160	0.000000	1.541000	16.686000	8.462000	14.084000	9.588000	19.997000	9.410000	3.306000	5.463000	11.737000	21.474000	20.452000	17.501000	13.633000	11.292000	60.956000	42.881000	34.035000	44.144000
161	0.311000	-1.496000	-2.493000	-2.936000	-2.892000	1.389000	2.075000	-1.540000	0.000000	-1.231000	-4.034000	-1.672000	-1.241000	-1.411000	1.049000	-0.317000	5.327000	1.250000	-4.012000	-1.181000
162	0.000000	8.925000	25.635000	20.927000	23.253000	19.754000	36.151000	18.831000	11.930000	15.360000	15.404000	21.711000	19.100000	25.903000	32.182000	27.306000	73.329000	65.150000	52.718000	81.595000
163	0.512000	0.164000	1.979000	4.150000	5.955000	1.835000	10.771000	4.140000	0.414000	0.000000	5.033000	8.649000	10.892000	8.142000	4.889000	1.382000	40.123000	29.951000	18.637000	45.130000
164	2.661000	1.353000	0.255000	0.487000	0.091000	4.922000	2.142000	1.188000	1.616000	1.309000	0.385000	0.561000	0.528000	1.816000	0.505000	0.000000	3.515000	2.092000	0.732000	1.385000
165	2.264000	1.588000	0.000000	0.856000	0.398000	2.923000	1.926000	1.539000	2.013000	1.516000	0.228000	1.547000	1.554000	1.430000	2.576000	2.509000	1.138000	1.841000	1.232000	2.547000
166	1.359000	-0.137000	-0.719000	-0.255000	-0.518000	-1.615000	0.773000	0.759000	1.235000	0.283000	-1.911000	0.134000	0.990000	0.142000	0.000000	0.366000	1.654000	-0.336000	-1.223000	2.449000
167	2.260000	0.745000	0.706000	1.252000	1.104000	6.269000	2.304000	0.284000	0.000000	1.075000	0.931000	2.247000	1.209000	0.936000	2.745000	1.761000	7.685000	3.546000	5.535000	8.850000
168	0.891000	0.000000	-0.408000	2.077000	1.348000	5.142000	0.123000	1.174000	0.573000	0.754000	-0.901000	-0.159000	-0.007000	0.221000	0.236000	0.133000	-0.723000	-0.054000	-0.295000	0.803000
169	1.927000	0.640000	-0.592000	0.749000	-0.177000	3.932000	0.000000	0.842000	1.633000	1.097000	-1.123000	0.168000	0.850000	-0.034000	1.764000	0.801000	-1.223000	-0.018000	-0.828000	0.674000
170	5.081000	3.695000	1.261000	3.501000	2.620000	9.232000	3.455000	3.829000	4.460000	4.170000	0.930000	3.329000	5.192000	3.259000	5.585000	4.591000	0.323000	1.657000	0.000000	3.499000
171	0.709000	-0.276000	0.584000	0.024000	-0.244000	2.749000	0.000000	0.759000	0.329000	0.209000	0.196000	0.200000	0.853000	0.917000	2.521000	1.053000	5.791000	5.526000	5.232000	6.384000
172	1.201000	0.429000	0.088000	1.256000	0.631000	2.808000	0.286000	0.988000	0.518000	0.832000	-0.280000	0.406000	0.444000	0.572000	0.295000	0.652000	0.425000	0.000000	0.004000	0.945000
173	3.081000	1.890000	0.000000	1.031000	-0.124000	4.142000	1.777000	1.186000	2.343000	2.020000	0.129000	0.981000	2.978000	1.365000	3.743000	1.957000	1.290000	0.560000	0.014000	1.639000
174	5.158000	3.651000	-0.179000	1.671000	0.743000	7.525000	3.915000	4.207000	5.021000	3.596000	0.000000	2.677000	4.552000	4.197000	5.343000	3.517000	9.551000	8.156000	2.970000	5.436000
175	0.000000	0.430000	3.536000	7.196000	9.310000	7.492000	3.283000	7.202000	2.201000	3.099000	1.952000	3.139000	3.346000	3.535000	8.218000	5.311000	5.627000	4.333000	3.639000	7.762000
176	1.177000	0.087000	-0.474000	0.571000	0.235000	3.494000	-0.008000	1.380000	0.869000	0.778000	-0.534000	-0.041000	0.000000	0.268000	1.268000	1.188000	0.058000	0.475000	0.344000	0.970000
177	1.909000	0.876000	-0.164000	0.722000	-0.039000	2.760000	0.000000	0.600000	0.821000	0.783000	-0.712000	-0.310000	0.828000	0.442000	1.488000	0.615000	-0.059000	0.816000	0.694000	-0.240000
178	2.942000	2.677000	0.000000	1.370000	0.369000	4.224000	1.517000	2.217000	2.831000	2.067000	-0.159000	1.089000	2.444000	1.329000	3.224000	1.843000	0.717000	1.097000	1.135000	2.090000
179	0.000000	3.378000	2.291000	4.367000	4.296000	6.466000	1.586000	4.064000	3.486000	3.506000	3.454000	1.970000	3.748000	1.788000	3.847000	1.835000	3.587000	3.523000	3.363000	1.611000
180	1.400000	0.262000	-0.731000	0.000000	-0.742000	4.090000	-0.280000	0.640000	0.656000	0.800000	-1.443000	-1.552000	0.213000	0.197000	0.720000	0.466000	-0.759000	-0.167000	-0.292000	0.077000
181	0.302000	-0.075000	0.046000	0.178000	0.562000	-1.476000	-0.188000	-0.202000	0.173000	-0.279000	-0.030000	-0.229000	-0.155000	0.078000	-0.711000	-0.260000	1.231000	0.083000	0.085000	0.000000
182	-0.330000	-1.207000	-1.862000	0.199000	-0.302000	-3.466000	-1.228000	1.042000	0.000000	-0.088000	-1.614000	-1.528000	-1.020000	-0.874000	0.226000	0.023000	-0.365000	-0.574000	-0.543000	0.728000
183	0.007000	-0.284000	0.054000	0.162000	-0.319000	0.763000	-0.099000	0.487000	0.011000	0.000000	-0.186000	-0.401000	-0.300000	-0.436000	-0.095000	0.271000	0.356000	0.393000	0.362000	0.500000
184	0.024000	-0.150000	-0.558000	1.139000	0.562000	0.102000	-0.376000	1.370000	0.000000	-0.030000	-0.670000	-0.419000	-0.251000	-0.279000	-0.121000	-0.098000	-0.429000	-0.609000	-0.756000	0.121000
185	1.784000	0.052000	0.462000	0.346000	2.062000	1.300000	4.967000	1.064000	1.110000	0.000000	-0.286000	4.682000	4.563000	4.201000	3.998000	2.352000	10.905000	15.005000	2.621000	11.467000
186	0.642000	0.130000	-0.753000	-0.518000	-0.798000	3.433000	0.194000	-0.112000	0.458000	0.027000	-0.159000	-0.338000	-1.094000	-0.576000	-1.219000	-0.665000	0.468000	0.219000	0.046000	0.000000
187	0.000000	0.767000	10.206000	7.259000	9.196000	1.868000	12.647000	7.603000	3.492000	2.965000	5.487000	11.413000	9.960000	8.833000	8.118000	6.605000	21.143000	16.390000	12.268000	38.775000
188	4.137000	3.120000	0.722000	1.375000	0.720000	2.770000	2.166000	1.700000	3.489000	2.152000	-0.020000	1.529000	2.619000	1.757000	3.496000	3.161000	0.000000	0.811000	0.040000	2.696000
189	3.333000	1.542000	-0.388000	0.000000	0.532000	2.771000	7.001000	1.817000	2.962000	0.813000	-0.387000	0.137000	0.883000	-0.151000	1.479000	0.999000	14.386000	6.374000	5.502000	64.657000
190	4.974000	4.687000	1.381000	1.710000	0.000000	5.462000	6.189000	4.136000	4.737000	3.489000	0.872000	4.768000	6.067000	4.068000	5.948000	3.474000	11.131000	5.221000	4.029000	5.545000
191	0.000000	6.334000	19.174000	17.717000	20.145000	17.459000	31.680000	18.289000	11.423000	11.800000	17.163000	26.773000	21.402000	24.972000	19.356000	16.511000	72.997000	54.638000	43.125000	64.502000
192	-1.660000	-2.830000	-2.487000	-3.580000	-4.013000	-2.539000	-0.709000	-2.961000	-2.116000	-2.330000	-4.599000	-2.844000	0.000000	-1.605000	2.234000	-0.165000	6.485000	2.097000	-0.600000	-0.302000
193	1.178000	0.512000	1.034000	1.544000	3.056000	3.536000	1.488000	-0.199000	0.273000	1.133000	-0.027000	0.881000	2.136000	1.236000	2.555000	0.379000	0.497000	-0.015000	-0.321000	0.000000
194	0.000000	4.492000	8.294000	10.482000	12.261000	15.794000	6.499000	11.417000	7.372000	6.872000	6.474000	7.968000	10.419000	5.678000	11.534000	6.705000	15.539000	16.247000	12.550000	13.368000
195	1.854000	1.509000	0.793000	1.753000	1.472000	-0.301000	1.118000	2.169000	1.818000	1.414000	0.522000	1.013000	0.472000	0.798000	0.000000	0.976000	1.094000	0.738000	1.077000	1.549000
196	-0.787000	-0.302000	-0.764000	-1.795000	-0.755000	-0.832000	-1.579000	-0.370000	0.000000	-0.364000	-1.004000	-1.600000	0.037000	-0.518000	0.477000	-0.573000	-1.261000	-1.423000	-0.379000	-0.483000
197	-0.982000	-0.932000	-1.239000	0.000000	2.382000	-0.684000	6.393000	0.815000	-2.321000	-2.225000	-2.893000	-2.019000	3.639000	0.240000	1.427000	0.540000	32.479000	17.050000	10.235000	29.025000
198	-0.090000	-1.349000	-3.793000	-3.268000	-3.075000	0.000000	2.277000	-1.934000	-0.534000	-2.266000	-4.000000	-1.511000	2.737000	-1.182000	1.273000	-1.040000	8.081000	12.617000	5.454000	8.035000
199	-0.217000	-1.776000	0.695000	-1.340000	-0.613000	-2.606000	3.620000	-0.744000	0.000000	-1.414000	1.039000	0.855000	0.164000	0.910000	1.375000	2.864000	18.011000	14.939000	3.379000	20.806000
200	2.125000	1.612000	-1.513000	0.000000	-1.214000	2.382000	0.929000	1.948000	2.745000	1.393000	-0.603000	0.083000	3.134000	1.765000	3.522000	1.753000	1.854000	4.908000	1.985000	2.815000
201	3.583000	2.814000	1.613000	2.006000	1.344000	2.925000	3.352000	2.572000	3.041000	2.914000	0.890000	2.860000	4.671000	3.417000	3.455000	3.970000	0.000000	2.022000	0.946000	3.513000
202	0.471000	0.186000	-0.159000	-0.641000	-1.224000	1.476000	-0.608000	-0.227000	0.000000	-0.071000	-1.155000	-0.358000	0.527000	-0.373000	0.288000	-0.619000	0.565000	0.486000	0.175000	-0.162000
203	0.000000	-0.387000	-2.222000	-0.697000	-1.217000	3.980000	-1.201000	-0.492000	-0.809000	-1.277000	-1.749000	-1.722000	-0.769000	-1.361000	-0.418000	-0.510000	-3.080000	-1.279000	-1.911000	-0.912000
204	4.174000	2.837000	0.292000	2.366000	1.730000	3.044000	4.687000	3.295000	3.578000	2.959000	0.000000	3.792000	3.549000	2.898000	4.813000	3.739000	12.168000	10.284000	6.942000	6.422000
205	-0.802000	-0.514000	0.145000	0.769000	0.866000	3.638000	-0.883000	-0.539000	-0.175000	-0.407000	-0.301000	-0.798000	0.614000	-0.265000	2.245000	0.000000	2.867000	4.683000	3.690000	2.102000
206	3.390000	1.848000	-0.079000	0.000000	-0.530000	2.208000	0.817000	1.141000	2.024000	1.045000	-0.309000	0.564000	1.228000	1.219000	1.603000	0.736000	0.442000	0.252000	0.238000	0.968000
207	-1.089000	0.000000	-0.320000	1.578000	1.656000	3.383000	-0.706000	1.097000	0.056000	-0.223000	-0.747000	-0.842000	-0.548000	-0.581000	-0.565000	-0.774000	-1.315000	-0.926000	-1.263000	-0.506000
208	-1.613000	0.197000	-0.062000	2.670000	2.665000	5.049000	-0.054000	1.341000	0.000000	-0.098000	-0.080000	-0.094000	-0.135000	0.069000	-0.014000	-0.047000	1.286000	1.285000	1.085000	-0.253000
209	1.446000	0.830000	0.073000	0.421000	0.000000	3.511000	0.242000	0.724000	1.211000	0.654000	0.002000	0.144000	0.432000	0.256000	0.602000	0.463000	0.581000	0.589000	0.159000	0.865000
210	0.061000	0.812000	-0.332000	1.462000	0.714000	-0.696000	0.248000	1.333000	1.020000	0.802000	0.097000	0.000000	0.011000	0.183000	-2.439000	0.062000	0.633000	0.745000	0.583000	1.455000
211	3.538000	2.513000	0.000000	1.520000	0.498000	6.110000	2.231000	2.136000	3.227000	2.662000	-0.437000	1.939000	3.036000	1.834000	3.749000	2.567000	0.649000	2.274000	0.096000	2.755000
212	0.504000	0.202000	-1.107000	0.266000	0.108000	-0.673000	0.473000	-0.299000	0.677000	0.150000	-1.064000	-0.131000	0.495000	0.621000	0.437000	0.157000	-0.543000	0.221000	0.149000	0.000000
213	0.756000	0.361000	-0.122000	0.087000	-0.441000	0.000000	0.223000	0.865000	0.438000	-0.096000	-0.571000	-0.161000	-0.051000	0.147000	0.450000	0.438000	0.416000	0.217000	0.084000	0.523000
214	1.654000	1.488000	0.000000	1.206000	0.902000	2.541000	0.731000	1.314000	1.032000	1.416000	-0.148000	0.729000	0.585000	1.016000	0.888000	0.813000	0.355000	0.784000	0.638000	1.214000
215	1.024000	0.654000	-1.128000	-0.440000	-1.253000	3.784000	-0.579000	-0.735000	0.209000	0.758000	-1.360000	-0.375000	0.152000	-0.426000	0.000000	0.088000	-1.609000	-1.531000	-1.936000	-0.701000
216	0.000000	2.406000	2.027000	2.820000	2.308000	5.942000	2.349000	3.024000	2.647000	2.578000	2.010000	2.272000	2.478000	1.917000	2.568000	2.536000	2.001000	2.219000	2.141000	2.424000
217	-0.057000	-0.247000	-0.848000	-0.370000	-0.611000	0.839000	-0.495000	0.000000	-0.121000	-0.379000	-0.637000	-0.494000	-0.505000	-0.467000	-0.506000	-0.339000	-0.251000	-1.179000	-0.325000	0.035000
218	1.216000	0.124000	-3.821000	-0.704000	-0.534000	4.018000	-1.147000	0.332000	1.220000	-0.466000	-3.992000	-1.436000	1.560000	-0.682000	1.374000	0.000000	-1.218000	2.307000	-2.014000	-2.067000
219	0.814000	0.403000	-0.904000	0.105000	-0.246000	-0.959000	0.012000	1.340000	0.728000	0.341000	-1.339000	0.000000	0.504000	0.400000	1.775000	1.098000	0.532000	-0.060000	-0.173000	0.872000
220	0.394000	0.448000	0.195000	1.722000	1.167000	4.880000	0.597000	1.167000	-0.168000	0.517000	0.153000	0.435000	0.025000	0.360000	0.000000	-0.037000	0.073000	0.331000	0.273000	-0.284000
221	1.193000	0.425000	0.207000	0.767000	0.433000	0.811000	-0.075000	0.693000	0.756000	0.891000	0.316000	0.000000	0.346000	0.116000	0.992000	0.706000	0.602000	0.456000	0.401000	1.104000
222	-2.925000	-0.064000	-0.059000	2.037000	1.579000	4.047000	0.006000	2.026000	0.320000	0.088000	-0.428000	-0.048000	0.068000	0.000000	0.169000	-0.046000	-0.031000	0.012000	0.011000	0.192000
223	-0.477000	0.520000	0.047000	2.786000	3.757000	4.197000	0.149000	1.819000	0.372000	0.513000	0.223000	-0.132000	0.080000	-0.092000	0.000000	-0.176000	0.354000	0.267000	0.265000	0.447000
224	2.724000	1.991000	1.418000	2.242000	1.814000	2.661000	0.817000	2.589000	2.218000	1.738000	0.401000	1.581000	2.836000	1.576000	3.320000	2.170000	0.000000	1.536000	0.466000	2.350000
225	1.102000	1.093000	1.060000	1.204000	1.264000	1.507000	0.174000	0.523000	0.823000	1.326000	0.902000	0.000000	1.602000	1.241000	0.933000	1.165000	1.731000	1.389000	1.188000	1.298000
226	0.854000	0.048000	-0.344000	1.020000	1.069000	5.425000	-0.519000	0.622000	0.497000	0.829000	-0.304000	0.000000	0.659000	0.095000	1.106000	-0.420000	1.090000	0.318000	0.056000	1.553000
227	4.196000	2.768000	0.000000	0.913000	0.903000	0.856000	2.311000	2.532000	3.525000	2.832000	0.342000	2.579000	3.274000	2.918000	3.835000	3.150000	2.653000	2.098000	0.730000	2.612000
228	1.196000	-0.030000	-1.438000	1.349000	1.226000	1.852000	-0.839000	-0.141000	0.339000	0.354000	-0.962000	-0.412000	0.627000	0.247000	0.302000	0.129000	-1.609000	-0.562000	-0.996000	0.000000
229	0.294000	0.266000	-0.246000	0.637000	0.111000	8.764000	0.068000	0.868000	1.400000	1.096000	-0.027000	0.000000	0.479000	0.022000	0.993000	1.104000	0.331000	-0.061000	-0.148000	0.736000
230	0.626000	-0.571000	-1.107000	0.323000	-0.729000	4.575000	-0.448000	0.931000	0.290000	-0.314000	-1.570000	-0.466000	-0.260000	-0.207000	0.000000	-0.285000	-0.973000	-0.275000	-0.422000	0.493000
231	4.461000	2.328000	0.056000	0.000000	0.045000	6.914000	3.293000	2.335000	3.571000	2.534000	0.441000	2.857000	5.414000	1.825000	5.124000	2.745000	26.177000	19.625000	9.956000	12.300000
232	1.154000	0.147000	-0.407000	0.000000	-0.133000	2.327000	-0.399000	0.341000	0.513000	1.051000	-0.015000	-0.590000	1.432000	1.069000	2.368000	0.190000	3.784000	2.273000	3.668000	2.555000
233	0.451000	-0.538000	-1.290000	-0.414000	-1.115000	2.124000	-0.819000	-0.016000	-0.073000	0.070000	-1.523000	-1.003000	-0.503000	-0.661000	0.000000	-0.607000	-0.777000	-1.035000	-1.182000	-0.765000
234	0.599000	-0.181000	-1.034000	0.786000	0.718000	6.474000	-0.760000	1.860000	0.000000	0.643000	0.065000	-0.579000	-0.058000	0.239000	0.839000	0.525000	-2.418000	-0.742000	-1.281000	0.589000
235	1.031000	0.000000	-0.515000	-0.611000	-0.948000	-2.030000	-1.401000	0.680000	1.126000	-0.036000	-0.695000	-0.147000	0.090000	-0.077000	1.280000	0.810000	-0.237000	-0.342000	-0.261000	0.498000
236	1.803000	1.050000	0.027000	1.231000	0.517000	0.955000	1.609000	1.564000	1.196000	1.717000	0.077000	1.319000	2.065000	0.777000	2.656000	1.997000	1.369000	0.000000	1.032000	1.418000
237	1.247000	0.050000	-0.839000	-0.083000	-0.619000	0.943000	-0.318000	-0.025000	0.569000	0.604000	-1.015000	-0.541000	0.000000	-0.121000	0.878000	0.666000	-0.309000	-0.470000	-0.538000	0.191000
238	1.489000	0.362000	-0.452000	0.000000	-0.342000	2.486000	1.184000	1.305000	0.865000	0.940000	-0.447000	0.693000	0.722000	1.020000	1.513000	0.434000	0.588000	0.527000	0.421000	0.503000
239	2.100000	0.963000	-0.300000	0.651000	0.000000	3.765000	2.267000	1.023000	1.807000	1.758000	-0.237000	1.153000	3.264000	1.350000	3.573000	1.504000	4.398000	1.473000	0.614000	1.226000
240	1.787000	0.827000	0.259000	1.108000	0.987000	3.667000	0.431000	1.912000	1.285000	0.893000	-0.214000	0.000000	1.579000	0.701000	2.669000	1.451000	1.535000	1.469000	1.457000	2.148000
241	2.128000	1.122000	0.000000	1.122000	0.389000	4.776000	0.849000	1.169000	1.547000	1.829000	-0.069000	0.541000	1.476000	0.905000	2.073000	1.045000	1.079000	0.586000	0.462000	0.711000
242	1.148000	1.376000	-0.058000	1.022000	0.517000	3.836000	0.313000	1.547000	1.529000	1.274000	0.529000	0.000000	1.119000	0.488000	1.509000	0.784000	0.251000	-0.223000	-0.366000	-0.208000
243	0.000000	3.057000	3.058000	4.738000	4.857000	5.290000	2.858000	4.275000	3.252000	3.195000	2.852000	2.920000	3.189000	2.837000	3.458000	3.210000	3.244000	3.157000	3.145000	3.353000
244	0.223000	0.648000	0.498000	2.247000	1.787000	1.622000	0.581000	1.973000	-0.087000	0.575000	0.314000	0.477000	1.578000	0.712000	0.386000	0.647000	0.596000	0.000000	-0.041000	0.846000
245	1.016000	0.180000	-1.426000	-0.584000	-1.396000	0.307000	-0.783000	0.000000	0.494000	0.272000	-1.860000	-0.028000	-2.389000	-0.473000	-0.720000	0.087000	-1.937000	-2.180000	-1.349000	0.237000
246	0.462000	0.248000	0.590000	1.981000	2.332000	0.109000	1.110000	1.203000	0.000000	0.395000	-0.564000	0.701000	-0.093000	0.814000	-1.273000	0.255000	0.079000	-1.152000	-0.813000	1.264000
247	2.344000	1.780000	1.036000	1.867000	1.058000	2.092000	1.679000	1.919000	2.130000	2.174000	0.326000	1.337000	0.917000	1.520000	1.126000	2.062000	0.000000	1.064000	0.936000	1.922000
248	0.774000	0.000000	-0.713000	-0.009000	-0.588000	-1.941000	0.528000	1.069000	0.758000	0.323000	-0.817000	0.211000	-1.645000	-0.029000	-0.640000	0.686000	-0.898000	0.330000	-0.922000	0.920000
249	3.195000	1.768000	-0.343000	0.538000	0.000000	0.068000	1.222000	2.599000	2.469000	1.830000	-0.995000	1.543000	1.048000	0.646000	3.055000	2.633000	0.620000	-0.522000	0.008000	4.008000
250	0.000000	3.598000	20.385000	10.865000	18.485000	12.165000	23.569000	12.976000	6.874000	8.022000	17.802000	22.749000	24.648000	20.694000	17.870000	16.585000	50.018000	52.862000	44.851000	50.950000
251	1.924000	1.144000	0.000000	1.200000	0.451000	1.619000	1.239000	0.777000	1.167000	1.646000	0.087000	0.888000	0.292000	0.389000	0.398000	1.013000	0.548000	0.959000	1.025000	1.489000
252	-0.083000	-1.382000	-0.226000	-0.632000	-1.617000	1.625000	0.346000	-1.006000	0.000000	0.107000	-2.196000	2.978000	1.711000	0.531000	3.335000	2.847000	8.596000	9.069000	16.929000	25.525000
253	4.240000	2.252000	-0.682000	0.000000	-0.889000	6.255000	5.462000	1.130000	2.928000	2.118000	-0.659000	4.977000	3.807000	2.944000	2.588000	1.977000	8.456000	6.062000	3.670000	6.832000
254	1.752000	0.000000	-0.243000	0.903000	2.060000	3.224000	0.659000	1.670000	0.029000	0.713000	-0.150000	1.112000	2.964000	3.937000	3.629000	1.587000	9.916000	10.063000	6.037000	43.689000
255	0.726000	-0.187000	-0.502000	0.093000	-0.428000	3.513000	-0.131000	0.163000	0.549000	0.665000	-0.611000	-0.592000	-0.467000	-0.313000	0.000000	0.134000	-0.501000	-0.365000	-0.396000	0.528000
256	5.041000	3.285000	0.000000	1.413000	0.559000	5.927000	6.342000	3.441000	4.016000	3.721000	0.705000	3.157000	4.931000	3.905000	5.463000	4.300000	7.587000	7.665000	3.298000	4.223000
257	2.045000	0.000000	-1.843000	-1.254000	-1.799000	0.992000	6.139000	0.291000	0.936000	-0.027000	-1.240000	4.302000	2.701000	1.376000	2.904000	1.372000	8.028000	10.455000	5.236000	17.782000
258	0.394000	-0.036000	-1.864000	-1.639000	-1.698000	4.092000	-0.207000	-0.427000	0.648000	-0.201000	-1.124000	-0.718000	0.000000	-0.248000	0.425000	-0.367000	-0.291000	-1.620000	-2.277000	0.209000
259	1.992000	0.747000	3.652000	1.204000	1.826000	4.105000	3.515000	0.000000	1.866000	0.775000	3.357000	2.289000	3.263000	2.569000	2.890000	1.919000	12.116000	11.065000	10.061000	28.459000
260	5.424000	4.167000	0.203000	1.139000	0.000000	7.493000	3.435000	3.420000	5.300000	3.505000	0.658000	2.970000	5.110000	3.321000	5.875000	3.543000	3.661000	3.610000	1.853000	2.803000
261	4.254000	2.778000	0.618000	1.813000	0.712000	6.292000	3.687000	1.730000	3.353000	2.664000	0.000000	2.545000	3.953000	2.863000	3.723000	3.485000	3.112000	4.390000	-0.205000	2.719000
262	0.816000	1.128000	-0.395000	1.609000	1.111000	2.520000	0.236000	0.848000	1.061000	1.182000	-0.083000	0.000000	1.057000	0.459000	1.168000	1.118000	1.004000	0.515000	0.006000	1.259000
263	-0.686000	0.767000	1.668000	3.038000	3.091000	3.505000	0.575000	-0.208000	0.880000	0.788000	1.189000	0.393000	1.218000	0.017000	1.275000	0.000000	1.840000	1.109000	1.620000	0.650000
264	1.397000	0.540000	0.000000	1.872000	2.632000	7.244000	1.258000	2.402000	1.365000	0.955000	0.918000	1.451000	1.722000	1.626000	2.232000	1.096000	2.040000	1.184000	0.755000	2.647000
265	-1.465000	-0.015000	-0.255000	1.674000	2.390000	4.480000	-0.767000	0.676000	0.145000	0.000000	-0.448000	-0.745000	-0.113000	-0.187000	0.635000	0.119000	1.359000	-0.616000	-0.580000	-0.106000
266	1.098000	0.704000	-0.287000	0.733000	0.148000	3.353000	0.000000	1.564000	1.051000	0.774000	0.231000	-0.006000	0.318000	0.193000	0.701000	0.719000	0.531000	0.347000	0.283000	1.239000
267	1.997000	1.386000	-0.502000	0.000000	-0.556000	0.925000	0.052000	0.702000	1.728000	0.575000	-0.812000	-0.166000	0.280000	0.449000	0.970000	1.229000	-0.351000	0.032000	-0.035000	0.849000
268	-40.483000	-41.827000	-42.960000	-43.033000	-41.361000	-39.366000	-43.139000	-41.117000	-41.780000	-41.703000	-41.793000	-42.539000	-39.689000	-40.590000	-39.188000	-42.274000	-42.278000	-40.469000	-40.695000	0.000000
269	2.325000	2.201000	1.787000	1.996000	3.714000	0.000000	11.996000	2.368000	2.219000	2.352000	2.580000	11.132000	2.954000	10.437000	7.241000	5.786000	14.005000	9.088000	4.794000	34.048000
270	3.977000	2.872000	1.443000	0.000000	-0.871000	5.548000	7.045000	2.389000	3.860000	1.836000	2.335000	5.749000	3.970000	5.511000	4.441000	2.676000	22.779000	14.643000	10.823000	18.636000
271	1.790000	0.623000	-1.809000	-0.773000	-1.443000	5.549000	15.478000	-0.802000	0.000000	0.102000	1.482000	2.129000	3.152000	2.578000	2.909000	1.098000	22.504000	11.094000	4.417000	6.616000
272	-0.574000	-0.402000	-3.706000	-1.902000	-2.634000	1.797000	-2.239000	0.000000	-1.350000	-2.281000	-2.890000	-2.081000	0.455000	-1.738000	-1.455000	-2.203000	0.017000	-2.416000	-3.138000	0.570000
273	2.855000	2.002000	0.088000	1.568000	0.578000	1.867000	1.924000	3.031000	2.913000	1.736000	0.000000	1.790000	2.470000	1.966000	1.936000	1.763000	1.368000	2.439000	2.462000	2.612000
274	4.191000	2.974000	-1.384000	0.000000	-1.206000	8.159000	4.069000	2.801000	2.958000	2.293000	-0.814000	2.487000	3.758000	2.787000	4.401000	2.755000	8.331000	10.761000	7.190000	4.538000
275	1.054000	0.236000	-0.060000	1.641000	1.054000	4.737000	0.453000	2.073000	1.414000	0.750000	0.055000	0.000000	1.396000	0.719000	2.232000	0.918000	0.968000	0.664000	0.340000	1.207000
276	-3.603000	-0.217000	0.017000	1.106000	0.858000	5.664000	-0.300000	1.005000	0.035000	-0.291000	-0.061000	-0.025000	-0.035000	-0.242000	0.000000	-0.251000	-0.090000	0.080000	0.001000	0.177000
277	3.780000	2.485000	0.279000	1.422000	0.663000	6.338000	1.421000	2.624000	2.199000	2.158000	0.076000	1.046000	2.281000	1.636000	3.382000	2.404000	0.307000	0.965000	0.000000	2.587000
278	4.302000	3.095000	1.670000	4.452000	3.577000	5.806000	3.423000	4.665000	3.976000	2.478000	1.229000	2.694000	4.532000	3.672000	4.601000	3.699000	0.894000	0.000000	-0.095000	2.992000
279	0.000000	2.667000	2.735000	4.624000	4.460000	4.707000	2.704000	3.491000	2.760000	2.644000	2.742000	2.588000	2.720000	2.678000	2.473000	2.294000	2.681000	2.633000	2.548000	2.583000
280	5.153000	3.553000	1.306000	1.528000	0.000000	7.068000	3.157000	3.584000	4.721000	3.326000	0.165000	3.056000	4.193000	3.267000	4.245000	3.272000	9.790000	8.451000	2.511000	3.787000
281	0.359000	0.310000	0.056000	0.695000	0.617000	-0.600000	-0.073000	-0.477000	-0.647000	0.714000	0.395000	0.000000	0.524000	0.354000	0.546000	-0.208000	0.347000	0.409000	0.346000	0.525000
282	0.291000	-0.402000	-2.257000	-0.641000	-0.500000	-0.145000	-1.004000	0.454000	-0.443000	-0.466000	-1.663000	-1.378000	-1.180000	-1.204000	0.000000	-0.469000	-2.010000	-1.941000	-2.071000	-0.712000
283	0.036000	-0.246000	-0.582000	0.095000	0.464000	-2.401000	1.032000	1.221000	1.147000	0.823000	-0.523000	0.277000	0.087000	0.262000	0.106000	0.000000	1.007000	0.902000	-0.079000	1.503000
284	4.384000	2.897000	2.170000	0.000000	0.055000	7.163000	2.086000	2.544000	3.291000	1.979000	1.169000	2.646000	5.436000	4.424000	6.593000	3.334000	11.781000	18.250000	13.108000	7.380000
285	5.380000	4.168000	1.483000	2.286000	1.628000	3.746000	4.141000	3.342000	4.500000	3.831000	1.207000	2.938000	5.895000	4.896000	6.208000	5.120000	2.062000	4.108000	0.000000	4.075000
286	4.802000	3.723000	0.000000	1.705000	2.150000	5.014000	5.696000	4.193000	3.686000	2.558000	-0.176000	2.459000	4.852000	3.125000	6.970000	3.393000	11.837000	17.605000	11.910000	43.209000
287	1.111000	-0.268000	12.147000	5.782000	10.042000	0.870000	21.998000	4.393000	0.000000	2.570000	8.175000	13.781000	15.000000	9.196000	11.212000	10.234000	51.082000	33.159000	26.874000	57.280000
288	4.111000	3.500000	0.000000	0.610000	1.036000	2.911000	7.618000	2.413000	3.233000	2.445000	-0.908000	3.661000	1.762000	1.729000	3.249000	1.359000	7.745000	6.919000	1.774000	9.415000
289	4.708000	3.351000	1.205000	2.866000	1.842000	0.000000	4.061000	4.262000	4.719000	2.632000	2.087000	4.796000	4.529000	4.293000	6.530000	6.862000	5.437000	5.580000	4.129000	5.426000
290	1.569000	0.045000	-1.871000	-1.266000	-1.621000	5.322000	6.256000	-0.145000	0.981000	0.000000	-1.407000	0.951000	2.445000	-0.831000	1.273000	-0.823000	9.232000	8.447000	3.247000	2.767000
291	2.307000	1.324000	-0.652000	0.000000	-0.833000	2.291000	0.608000	1.495000	2.178000	0.832000	-0.329000	0.103000	0.909000	0.978000	2.033000	1.546000	-0.105000	-0.354000	-0.534000	1.319000
292	5.606000	4.128000	0.000000	1.798000	0.897000	7.368000	4.820000	4.018000	5.358000	3.481000	0.028000	2.905000	5.278000	3.788000	6.156000	4.010000	5.433000	5.270000	1.410000	3.047000
293	-0.135000	0.632000	0.309000	0.723000	-0.259000	1.784000	-0.711000	0.906000	-0.158000	-0.013000	-0.308000	-0.907000	0.805000	-0.283000	0.693000	0.000000	1.120000	0.251000	-0.848000	1.630000
294	-0.251000	-0.789000	0.159000	2.363000	0.064000	0.711000	0.355000	1.497000	-0.665000	-0.069000	-0.233000	-0.099000	0.203000	0.316000	0.000000	1.440000	0.752000	1.125000	0.198000	0.534000
295	-0.280000	0.433000	-0.063000	0.681000	0.141000	3.640000	-0.160000	-0.414000	-0.186000	0.069000	0.437000	-0.297000	0.010000	-0.343000	-0.157000	-0.226000	0.557000	0.364000	-0.268000	0.000000
296	0.000000	5.150000	12.065000	14.943000	17.419000	8.688000	11.678000	14.692000	8.667000	8.521000	9.800000	11.108000	15.201000	15.735000	12.023000	12.944000	25.888000	18.452000	19.195000	57.993000
297	4.191000	3.105000	0.128000	0.790000	0.000000	3.498000	1.952000	2.818000	4.028000	2.207000	0.495000	0.929000	3.826000	2.478000	4.068000	3.148000	11.174000	8.250000	3.572000	11.927000
298	0.130000	-0.571000	-1.686000	2.128000	4.269000	5.395000	-1.664000	2.903000	0.000000	-0.074000	-1.724000	-1.930000	-0.931000	-1.120000	-0.753000	-0.392000	-1.459000	-0.894000	-1.059000	-0.344000
299	0.499000	0.150000	0.354000	1.945000	1.623000	5.294000	-0.362000	0.971000	-0.611000	0.169000	0.242000	0.209000	0.066000	0.135000	0.013000	0.000000	0.324000	0.497000	0.413000	0.420000
300	3.160000	2.218000	-0.892000	0.728000	0.000000	1.756000	1.464000	1.844000	2.778000	1.684000	0.306000	1.120000	1.344000	1.172000	2.730000	2.369000	-0.153000	0.067000	0.424000	1.288000
301	2.283000	1.207000	-1.176000	0.000000	-0.940000	4.342000	0.178000	0.992000	1.561000	0.844000	-0.671000	-0.071000	0.427000	0.382000	0.866000	0.789000	0.240000	0.313000	-0.586000	0.772000
302	1.450000	1.172000	-0.062000	0.710000	0.222000	0.146000	0.128000	0.827000	1.324000	0.800000	-0.564000	0.000000	0.419000	0.145000	0.870000	0.212000	-0.517000	-0.292000	-0.758000	0.519000
303	5.462000	3.953000	1.494000	2.867000	2.291000	6.290000	3.068000	4.314000	4.939000	3.773000	0.000000	2.655000	3.941000	3.216000	5.196000	4.274000	3.126000	4.123000	0.880000	3.806000
304	-0.213000	0.136000	-0.030000	0.267000	0.144000	-0.325000	-0.399000	0.118000	0.197000	0.326000	-0.256000	0.000000	0.195000	0.071000	-0.267000	-0.217000	-0.143000	0.034000	-0.035000	0.163000
305	4.796000	3.596000	0.000000	2.341000	3.487000	3.108000	4.627000	3.033000	4.390000	3.098000	-0.233000	2.020000	4.922000	2.664000	6.150000	3.890000	7.060000	4.981000	1.979000	4.707000
306	-0.445000	-0.429000	-0.295000	2.062000	1.033000	-1.965000	0.121000	0.815000	-0.020000	0.570000	-0.528000	0.000000	-1.664000	0.553000	-2.523000	-0.174000	0.468000	-0.465000	-0.672000	0.959000
307	2.419000	1.853000	1.857000	2.147000	1.917000	0.000000	2.118000	2.265000	2.223000	2.288000	2.118000	2.031000	1.436000	1.549000	0.990000	2.260000	2.342000	2.252000	2.107000	2.356000
308	-0.147000	-0.426000	-0.881000	-0.559000	-1.010000	-1.174000	-0.309000	-0.255000	-0.110000	-0.278000	-1.418000	-0.689000	-0.733000	-0.583000	-0.254000	0.000000	-1.138000	-0.513000	-0.794000	0.043000
309	3.589000	2.217000	-0.105000	0.114000	-0.805000	1.082000	4.588000	1.923000	3.871000	2.429000	0.483000	3.750000	0.000000	2.536000	2.826000	2.722000	6.932000	4.475000	3.001000	2.251000
310	1.349000	0.047000	-1.450000	0.430000	0.071000	7.189000	-1.010000	0.195000	0.454000	0.556000	-1.090000	-0.763000	0.000000	-0.450000	1.188000	0.919000	-0.805000	-0.310000	-0.713000	-0.145000
311	0.609000	-0.150000	-0.347000	0.788000	0.223000	4.141000	-0.432000	0.686000	0.502000	0.643000	-0.349000	-0.178000	-0.026000	0.000000	0.466000	-0.127000	-0.101000	-0.144000	-0.185000	0.257000
312	1.205000	0.147000	0.478000	0.794000	0.249000	1.903000	-0.040000	0.993000	0.915000	0.813000	-0.281000	0.058000	0.236000	0.000000	0.786000	0.266000	-0.524000	0.067000	-0.179000	0.494000
313	5.214000	3.644000	0.000000	1.486000	1.256000	7.093000	2.325000	2.798000	4.025000	3.634000	-0.108000	2.555000	4.355000	2.453000	5.389000	3.513000	7.750000	2.931000	2.470000	2.401000
314	0.652000	-0.193000	-1.465000	0.187000	-0.804000	5.232000	-0.205000	0.715000	-0.095000	0.404000	-1.043000	-0.422000	0.166000	0.000000	0.545000	-0.044000	-0.947000	-0.212000	-0.215000	0.905000
315	0.887000	0.848000	0.107000	0.556000	0.027000	3.101000	-0.261000	0.855000	1.012000	0.897000	0.580000	0.000000	0.478000	0.503000	0.931000	0.512000	0.645000	-0.225000	-0.290000	0.727000
316	1.341000	0.153000	6.660000	2.918000	6.048000	5.985000	12.043000	3.442000	0.000000	3.266000	6.673000	10.974000	12.644000	9.564000	10.659000	9.784000	27.975000	28.662000	26.500000	37.658000
317	2.154000	0.000000	0.961000	0.045000	0.688000	4.628000	0.492000	0.546000	0.873000	1.268000	-0.245000	0.731000	2.021000	2.081000	2.977000	3.565000	5.804000	2.028000	4.464000	17.292000
318	0.227000	-0.428000	-0.614000	0.164000	-0.313000	4.942000	-0.470000	0.000000	0.379000	0.552000	-0.649000	-0.442000	-0.184000	-0.180000	0.342000	-0.223000	-0.500000	-0.279000	-0.333000	-0.216000
319	0.538000	-0.172000	-1.059000	-0.503000	-1.079000	1.661000	-0.662000	0.000000	0.132000	0.132000	-1.137000	-0.725000	0.337000	-0.881000	0.963000	0.229000	-0.182000	-0.062000	-0.254000	0.455000
320	3.159000	2.230000	0.000000	0.958000	0.433000	5.457000	4.274000	2.053000	2.203000	1.840000	0.243000	1.409000	5.739000	2.141000	6.189000	1.387000	8.272000	8.484000	1.844000	3.111000
321	2.450000	1.408000	0.250000	1.552000	1.233000	4.449000	2.178000	2.013000	1.768000	2.295000	0.461000	1.646000	2.846000	2.551000	4.750000	2.950000	0.000000	0.555000	0.041000	2.356000
322	-1.209000	-1.242000	-1.242000	-0.580000	-0.705000	-1.374000	-1.685000	-1.411000	-1.439000	-0.761000	-1.403000	-1.725000	-0.675000	-1.510000	0.000000	-0.522000	-0.978000	-0.767000	-0.823000	-1.490000
323	2.379000	1.816000	-0.739000	0.579000	0.000000	3.848000	-1.102000	0.943000	1.547000	1.406000	-0.309000	-0.013000	2.002000	0.650000	2.944000	1.165000	0.338000	0.603000	0.513000	-0.058000
324	3.474000	1.656000	-1.217000	2.627000	2.277000	2.342000	2.379000	3.697000	2.525000	1.365000	-0.977000	2.461000	4.250000	0.000000	4.195000	1.535000	6.225000	2.090000	1.849000	2.259000
325	1.892000	0.962000	0.740000	2.062000	1.691000	9.792000	0.658000	2.969000	1.929000	1.465000	0.498000	0.000000	1.080000	0.288000	1.733000	1.366000	1.064000	0.986000	-0.201000	0.937000
326	0.212000	0.251000	-0.070000	1.926000	1.395000	0.023000	-1.135000	1.987000	0.646000	0.149000	0.035000	-0.349000	0.347000	-0.398000	0.000000	-0.292000	1.573000	-0.050000	-0.215000	-0.073000
327	3.921000	2.901000	0.000000	1.483000	0.406000	8.695000	2.806000	1.478000	2.952000	2.199000	0.144000	2.402000	3.584000	2.308000	3.541000	2.733000	8.295000	7.193000	3.676000	4.499000
328	0.340000	0.128000	0.069000	0.163000	0.140000	-0.505000	-0.037000	0.075000	0.236000	0.166000	0.199000	0.000000	0.330000	0.131000	0.401000	0.162000	0.232000	0.170000	0.185000	0.406000
329	2.603000	2.677000	1.681000	2.925000	2.321000	2.752000	2.043000	2.743000	2.834000	2.550000	0.469000	2.215000	2.641000	2.528000	2.799000	2.705000	-0.554000	1.098000	0.000000	2.482000