SITE	GLY	ALA	LEU	VAL	ILE	PRO	ARG	THR	SER	CYS	MET	LYS	GLU	GLN	ASP	ASN	TRP	TYR	PHE	HIS
3	0.013180	-0.249610	-0.495830	-0.216130	-0.241950	0.314250	-0.338140	0.122760	-0.107960	-0.216550	-0.999340	-0.547820	-0.831440	-0.607470	-0.082510	-0.035110	-0.222580	-0.361180	0.072920	0.000000
4	1.628270	1.254340	-0.000870	1.310930	0.620580	0.455780	0.882340	-0.153390	0.000000	0.527220	0.343790	0.744710	0.805330	0.434060	0.572910	0.864170	1.320870	0.705160	0.681460	1.191310
5	5.092610	4.008820	0.000000	2.915800	0.990380	4.477830	8.439780	3.046050	4.005830	2.990160	0.346810	3.169080	4.262920	3.830410	4.970360	2.925060	18.072870	13.040450	7.883770	7.537380
6	1.627720	0.618350	0.266610	0.946240	0.593010	1.485630	-0.278280	1.911110	1.094640	1.086820	0.511920	0.000000	1.023160	0.379090	2.009900	0.760450	0.658760	0.526290	0.504960	1.253750
7	1.995130	1.360790	0.928380	1.845120	1.568260	0.000000	1.166500	1.760070	1.776050	1.752300	0.703380	1.010490	1.154740	1.284640	1.595230	1.643680	1.238170	1.303200	1.162330	1.763680
8	3.327380	2.272600	0.890320	2.195030	3.220720	1.861350	1.692200	2.452860	3.134870	2.116430	0.119230	1.635470	2.510370	2.188700	3.203380	2.203290	0.000000	-0.451820	-1.011220	1.547980
9	3.724970	2.475690	1.944330	1.049000	1.819290	4.642780	13.651810	1.079800	2.487870	1.780530	0.893300	6.759920	3.245850	1.423300	3.541250	0.000000	30.172600	16.461350	13.218300	4.672060
10	0.693640	0.044310	-0.516360	1.372010	2.018940	1.813230	-0.184260	0.000000	0.360730	0.616760	-1.008200	-0.323490	0.999510	0.468810	0.229170	0.966150	1.047780	-1.253100	-2.065000	0.860690
11	5.184620	3.784090	0.587300	3.097700	2.416700	2.552740	3.157060	3.819600	4.215260	3.882500	0.904500	2.149040	4.787760	3.557860	5.634950	4.669530	5.123600	1.653040	0.000000	3.357080
12	0.000000	3.194740	3.134870	5.323900	5.592810	10.132359	2.487240	5.900190	3.768240	3.495020	3.239620	2.974660	3.597680	3.362290	3.706930	3.278550	3.540100	3.740070	3.690900	4.163980
13	4.048090	2.584470	0.547100	0.979520	0.000000	8.980011	8.341880	3.105630	3.825420	2.318790	-0.235980	3.758190	3.122320	2.846510	4.334130	3.717450	12.232990	8.717780	5.111260	5.939710
14	1.915060	1.495170	0.936730	1.500430	1.128300	1.748860	1.044870	1.937890	2.045260	1.646170	1.052000	0.700890	1.303000	1.301660	0.000000	0.693670	1.528280	0.518770	0.284420	1.113660
15	0.314400	-0.270760	-0.249030	-1.091500	-0.269500	0.947440	-1.615000	-0.364720	0.331540	-0.590100	-1.552800	-1.057700	2.247170	0.621650	2.430400	-0.174610	0.088740	1.570650	0.399890	0.000000
16	1.013540	0.624310	-0.066710	0.337280	0.181710	2.138110	-0.420000	0.840070	0.443940	0.465310	-0.013230	-0.398410	0.754780	-0.399780	2.291330	0.000000	0.225230	-0.170650	-0.383920	-0.250350
17	1.512660	0.000000	7.474870	1.356570	6.575430	5.481490	21.356900	1.205720	0.764880	1.163510	5.768240	11.629178	12.421680	13.877720	9.585380	8.158200	41.738800	18.429420	22.081900	12.549390
18	1.106100	0.276110	0.252860	0.825190	0.519840	1.965730	0.025740	1.311100	1.029270	1.052280	0.414500	0.271340	0.581260	0.000000	0.700950	0.366190	0.482760	0.417960	0.108910	1.212860
19	1.250060	0.564020	-0.916900	0.203040	-0.530070	3.656170	-0.929100	-0.074160	0.056350	0.389300	-1.269100	-1.120000	0.024360	-0.596500	0.879260	0.663080	-1.491400	-1.164600	-1.259500	0.000000
20	4.387670	3.546470	0.024850	0.885710	0.000000	3.921520	3.978860	3.211250	4.740270	2.734080	1.647430	4.673650	3.799470	2.880810	5.611410	4.154760	8.726530	6.057740	6.219820	12.094260
21	2.453210	1.498400	0.333100	0.000000	0.064750	4.614510	1.497030	1.145290	1.918800	0.808570	0.308060	1.298460	1.257520	1.450020	0.762910	1.785300	0.695930	1.363010	0.637940	1.439230
22	1.542320	0.756670	-1.364740	-0.434340	-0.997340	-0.581840	-0.293400	0.381400	1.462540	0.000000	-0.626540	-0.632440	-0.040360	0.342360	0.857760	0.714970	0.929710	1.273420	1.604990	1.227140
23	1.244850	0.000000	5.272810	1.971630	5.479220	3.568080	10.540357	3.891410	2.612900	2.100070	4.059620	7.469410	7.913430	7.741080	6.322300	6.196420	28.534430	28.013230	19.031190	31.081330
24	0.576040	0.445940	-0.319160	0.793830	0.556140	1.333400	0.225640	0.972440	0.219660	0.403870	-0.207810	0.034770	0.000000	0.163120	0.574780	-0.158370	0.320500	-0.140050	-0.338160	0.581360
25	3.068330	3.203330	3.663470	3.228180	3.726930	4.455890	3.205760	2.603190	2.204630	3.659960	3.339820	3.554460	1.450720	3.435100	0.000000	2.690070	3.579840	3.493990	3.396050	4.074470
26	2.482740	1.010920	-0.670100	-0.187100	-0.640500	-0.939000	0.749110	0.953600	2.006660	0.992480	-1.278600	0.110600	0.000000	0.363400	0.397200	1.266320	1.039450	0.642850	0.427600	1.995160
27	0.789130	0.349670	0.254050	0.774970	0.475180	-1.111900	0.198800	-0.047300	-0.216900	1.042850	-0.196900	0.298240	0.125000	0.000000	0.466460	0.778740	0.136500	0.395950	0.321960	0.847520
28	0.753540	-0.040450	-0.231450	0.334670	-0.067550	1.140860	0.024600	-0.407850	0.183620	0.984940	-0.467150	-0.236050	0.404920	0.000000	1.073300	-0.339750	0.441950	-0.049400	-0.213650	-0.049850
29	5.608440	3.806150	0.000000	3.202890	2.977280	9.332465	8.718300	4.492720	5.333890	3.920120	0.503260	4.256770	4.184830	3.085840	5.639200	4.617120	9.150471	7.392550	4.503590	4.050460
30	2.855800	1.562940	0.000000	1.143440	0.149300	5.827440	1.559990	2.669990	2.607200	1.760520	-0.077300	1.110760	1.834820	1.525350	2.696480	1.395550	1.929220	1.664000	1.501450	2.580970
31	0.534030	-0.646880	-1.659080	-0.522580	-1.249080	6.443500	-0.527080	0.700180	0.768320	0.179780	-0.806580	-1.301980	-0.240580	-0.082420	-0.534380	0.000000	-0.430180	-0.735880	-0.952680	0.086930
32	1.634630	0.000000	0.062650	-0.442650	-0.675150	2.347220	0.271880	1.221880	1.633770	0.850670	-1.133250	0.172500	-1.110650	-0.399350	2.231020	1.433730	1.077270	0.500510	0.021980	2.024330
33	4.510840	2.692870	2.396690	2.271710	3.339510	8.893760	2.010660	3.152130	4.045780	3.023240	1.071460	2.026330	3.706300	2.519620	4.615040	3.562190	0.000000	0.509800	-0.092800	2.415460
34	1.428260	0.422470	-0.098600	0.531390	-0.153600	4.761950	0.195300	0.601210	0.533400	1.106090	-0.448200	0.052000	0.337740	0.000000	0.886440	0.224900	-0.175500	-0.035800	-0.090000	0.369590
35	1.532080	1.083450	0.462700	1.000060	0.544950	5.761340	0.671730	1.262350	1.386250	1.247850	0.768020	0.654660	0.893610	0.723050	1.304330	0.835830	0.759450	0.000000	0.018400	1.491210
36	2.021140	0.000000	7.433470	1.347270	3.916520	2.140890	4.525190	2.313130	2.254330	1.734070	2.665470	6.834200	6.582920	4.873330	8.580320	7.377590	11.869720	19.373250	13.366640	35.973170
37	2.150510	0.876440	0.073500	-0.860080	-1.091280	4.945600	-0.217510	0.000000	1.834600	0.978410	-0.979180	-0.248280	0.996350	-0.173310	2.024540	0.505060	0.308520	-0.085660	0.308960	1.205480
38	0.932270	0.000000	0.174440	1.157340	1.081490	7.009380	-0.048440	1.397630	0.078810	0.894070	-0.244090	-0.053340	0.415380	-0.094290	0.977100	0.611650	0.472290	0.641310	0.627710	0.905950
39	-0.560300	-0.014230	-0.998830	0.799540	0.121650	1.209810	-1.453130	0.253900	0.026610	-0.191000	-0.626810	-0.714770	0.000000	-0.504690	0.333720	-1.040630	-1.205030	-1.436230	-1.486230	-1.449830
40	0.000000	2.413700	2.323160	4.748780	4.741390	5.044500	1.777760	2.987060	2.424810	2.364760	2.420630	1.689840	2.508790	2.330050	2.356920	1.991360	2.439160	2.374840	2.347470	2.105260
41	1.659870	0.492510	-1.227420	1.925910	1.707870	2.660720	0.110340	4.760630	1.344340	0.428870	-1.087820	-0.116070	1.237370	0.000000	2.979310	1.159520	-0.890020	-0.584420	-0.919320	0.979270
42	2.939020	1.951290	2.840620	2.551870	3.035370	0.000000	2.776520	2.365850	2.237690	2.605450	2.177520	2.745580	2.712020	3.008600	1.615450	2.429010	4.182830	4.217590	4.126250	3.938970
43	4.587680	3.113500	2.209960	0.000000	1.135990	3.208650	10.301540	2.753580	4.252020	2.653460	1.996730	7.636680	6.429320	5.694490	5.978550	3.707640	10.359308	12.767860	11.670740	11.696380
44	4.960770	3.488270	0.000000	2.070700	1.693800	9.197820	2.691240	2.730830	4.219560	2.870090	-0.304900	2.267580	2.996430	2.285960	3.957580	2.737480	1.869960	2.655310	-0.625000	2.724430
45	3.617370	2.783350	-0.349300	1.231820	0.000000	1.471000	2.131300	2.152850	3.157530	1.857890	-0.541800	0.918540	2.193130	2.048180	3.144640	2.967170	2.630480	1.714120	2.330900	2.028740
46	4.602690	3.351260	0.000000	1.589110	1.260190	7.358300	2.893650	2.460520	3.688250	2.677910	-0.137000	1.990730	3.274970	1.538770	4.533930	2.849950	6.242940	5.601210	2.903340	3.933440
47	0.000000	1.411180	3.869330	3.265340	5.164250	0.351470	6.504180	5.343710	1.741780	2.090910	1.388720	5.237880	5.807150	3.908050	2.335220	3.575900	9.595114	8.140550	7.263750	9.656599
48	2.573960	2.235120	1.256240	2.750540	2.620370	1.688470	2.219050	3.568490	2.692490	2.394460	1.394830	2.117600	0.000000	1.772440	1.961320	2.415960	2.325070	1.998220	1.799290	2.144100
49	0.000000	6.269930	13.516800	16.088420	21.367300	13.734530	26.891200	15.978360	8.916490	8.509910	12.787060	18.417590	17.233590	15.787770	12.196110	11.932130	40.070000	35.104200	22.420600	52.265600
50	-0.290660	-0.929680	-0.158600	-0.703680	-1.247680	-2.143380	-0.175980	0.218750	0.000000	-0.740080	-2.013280	-1.187880	0.244460	-0.386770	0.523340	-0.189260	-2.543980	-1.904480	-2.591380	0.813260
51	1.343720	0.811700	-0.057160	1.154800	0.607950	2.783900	1.620870	0.875450	1.307010	0.528550	-0.329990	1.536350	1.080810	0.631250	0.637670	0.000000	0.549450	0.155480	-0.329390	1.346240
52	3.362610	2.040920	-0.594600	0.000000	-1.019600	3.146400	2.628180	2.045720	2.156510	1.449580	-0.877900	0.786160	1.627340	1.108920	1.757830	1.608580	0.725620	0.080200	-0.434200	1.749780
53	5.699540	4.860490	0.000000	1.766370	2.603880	7.014350	8.949230	3.891280	5.619750	3.663590	0.847790	4.757880	4.450480	3.061030	4.435220	3.985790	9.604150	9.609000	4.970940	2.142290
54	6.801530	5.599850	2.260680	3.161220	2.759000	2.941740	5.764770	5.011040	6.142300	4.836880	1.625810	5.376550	5.646920	4.616150	6.156700	4.726920	1.311090	1.421360	0.000000	4.004720
55	3.764030	3.100340	0.000000	2.200260	1.139660	5.134010	2.823260	2.495140	3.904810	2.826890	0.628760	1.218220	3.307670	2.044020	4.104960	3.690220	1.780100	1.040740	1.296510	3.344100
56	-0.388150	0.745400	-0.641820	1.479710	0.123580	2.098100	0.401050	-0.351450	-1.551320	-0.399400	-0.294250	-0.825120	0.000000	-0.686820	-1.033920	-0.478530	-0.330480	-0.258990	-0.330490	-0.768720
57	2.786120	2.296270	2.463030	2.609620	2.382320	0.948470	2.542040	2.450300	1.575000	2.477360	1.616360	2.260800	1.918200	2.427540	0.000000	1.713110	1.848150	2.355590	2.288970	2.773660
58	4.883400	3.450900	0.180700	0.870330	-0.007200	5.320620	3.756380	3.215700	4.611660	2.669970	0.290000	3.372330	3.211010	2.276930	2.774450	2.465400	2.096920	0.000000	-0.955500	1.342220
59	2.122060	1.720200	1.313690	1.859340	1.279790	5.833550	0.000000	2.039050	1.708240	1.922870	1.179340	0.610230	1.679360	1.380570	1.962380	1.948340	1.761280	1.475420	1.408150	2.016460
60	0.000000	6.546870	26.196780	23.821180	28.924180	10.461838	24.879880	20.896580	11.767140	14.534610	19.732480	25.098880	26.281180	30.699080	24.057780	24.365280	45.193780	45.266680	41.835580	59.952380
61	3.559030	2.226310	0.268630	1.870920	2.631000	5.771580	1.463270	0.000000	2.193180	1.741830	-0.920120	0.227990	2.579230	1.316300	4.429440	2.796030	4.028110	4.698270	4.854600	21.079380
62	5.478810	3.752310	0.885870	0.000000	1.433150	5.664260	9.841938	2.745560	5.210980	3.073520	2.614270	8.290980	4.506650	5.117620	4.658730	3.854030	11.035876	9.763783	7.300710	13.836170
63	6.278610	4.577840	0.284400	1.171630	0.000000	3.848310	8.136330	4.096180	6.002220	3.768060	1.940710	4.057970	5.895180	4.508820	6.274840	5.058680	22.465700	15.655320	10.558853	12.222850
64	5.338220	3.979920	0.507670	1.831540	0.000000	6.092690	7.313200	4.413030	5.592060	3.494450	0.982960	4.892000	4.926100	4.676830	4.305970	3.835950	16.051590	16.501020	7.189800	11.380940
65	1.821120	1.016510	-0.669400	0.768700	-0.069900	2.528740	1.532960	1.500360	2.130100	0.459030	-0.218500	0.915110	3.297360	1.942750	0.720950	0.000000	15.668020	9.807584	5.650980	3.163960
66	2.322140	1.608750	0.250080	1.863330	1.470420	7.883950	0.000000	1.943560	2.118120	1.170850	0.455700	0.535620	1.990920	0.727830	2.550010	1.015760	0.849830	1.274500	-0.080190	1.414620
67	4.065560	3.021460	2.043940	1.173480	0.000000	7.483930	2.797580	2.784350	3.649330	2.461840	2.899000	3.156430	3.991010	4.222830	4.752660	3.269660	4.942630	3.244250	2.991890	3.137630
68	-0.348170	0.263570	-0.050550	0.490560	0.399200	1.476460	-0.049740	0.406090	0.424090	1.616410	-0.359100	0.000000	0.629310	-0.421810	0.050720	-0.210870	0.425100	0.254060	0.203380	-0.351680
69	0.000000	3.417730	3.563550	4.544030	4.535290	6.931930	3.251830	3.457560	2.559140	3.540240	3.257160	3.202570	3.804590	3.384510	3.816230	3.615490	3.760400	2.986630	3.279290	3.879540
70	4.080910	3.026160	0.850250	0.890250	0.000000	4.655350	1.235430	0.750940	3.679780	2.115110	0.796520	1.398610	3.441240	1.839020	3.370690	2.435770	1.450380	2.124400	2.049750	3.146380
71	0.596510	0.214610	-0.148260	0.014040	-0.297460	2.727900	0.036990	-0.197190	0.090920	0.104250	-0.096040	-0.071590	0.000000	0.089200	0.385370	-0.012020	0.297970	-0.044610	-0.036870	0.226120
72	3.187830	2.622530	0.930540	0.970720	0.000000	3.556990	1.867380	1.912280	2.981380	1.863160	1.233630	1.311540	2.649520	2.199660	2.691400	1.871550	2.897610	2.801250	3.066260	3.096770
73	0.121640	-0.081120	-1.120300	-0.378810	-0.885600	0.889740	-1.157000	-0.334160	-0.129750	-0.366820	-1.464100	-0.915700	-0.309260	-0.393600	-0.164910	-0.441860	-0.352120	-1.396100	-1.065000	0.000000
74	-0.162100	-0.155100	-0.863700	0.119100	-0.504400	-1.113900	-0.338300	0.070600	0.041900	-0.145300	-0.914400	-0.638500	-0.464400	-0.174200	0.000000	-0.053300	-0.866800	-0.824200	-0.892800	-0.079100
75	1.588820	0.938020	-0.673700	0.091000	-0.266500	4.064190	-0.118300	-0.848200	0.125800	0.663190	-0.648000	-0.279100	0.000000	-0.166700	1.254170	0.363000	-0.112100	-0.522700	-0.672700	0.423300
76	1.096440	1.476790	1.196640	1.153520	1.079050	0.000000	0.924960	1.146670	1.237830	1.098810	1.046670	1.071400	1.207590	0.890930	1.346700	0.785110	1.142190	1.177760	1.160600	1.092050
77	0.458120	0.188300	-0.864600	-0.076900	-0.387700	0.185700	-0.192500	0.273190	0.009300	-0.171000	-0.705800	-0.591900	-0.558200	-0.365200	0.000000	0.126100	-0.315100	-0.219200	-0.286300	0.241860
78	1.271680	0.000000	0.909220	2.416590	3.364990	2.833310	1.735300	3.969040	0.660380	0.691480	1.672330	2.140070	2.194710	1.720410	3.185490	3.851040	5.489760	3.189490	5.391100	10.099527
79	4.968000	3.443000	1.587380	1.418950	1.949090	4.441830	2.870140	3.244490	4.381760	2.999800	1.240750	2.081970	3.799310	2.772030	4.337620	3.671420	0.000000	0.799890	0.321300	3.156170
80	3.262970	2.391220	-0.256390	0.702500	-0.324640	5.199590	1.582970	1.971770	2.854570	1.882460	0.120650	0.926510	1.683380	1.702100	2.956700	1.418410	0.753800	0.000000	-0.385740	2.049660
81	6.296720	4.818440	0.000000	2.800460	1.640040	5.549760	6.812340	4.296180	5.711170	4.031630	0.097500	4.947510	5.486430	4.253370	6.749160	5.000780	10.964019	7.002940	2.159860	3.956390
82	1.858240	1.448440	0.492460	0.844620	0.394400	1.897860	0.792520	0.825680	1.096310	1.041950	0.549670	0.503270	2.421200	0.859590	1.793010	0.355750	-0.056490	-0.555520	0.437230	0.000000
83	5.525820	3.410290	0.375500	0.000000	-0.611800	6.962930	9.381400	2.782670	4.343630	3.013650	2.080620	3.946440	5.498940	4.681280	6.286070	4.197020	10.387873	10.455352	9.715310	33.448600
84	0.000000	3.096430	7.313630	10.028020	15.817600	9.452159	6.624180	10.492017	5.366320	5.726210	5.331610	6.852340	7.913970	7.448090	9.142904	8.719957	11.310430	9.895329	10.414397	15.577790
85	1.255610	0.000000	7.230360	4.864320	6.877870	3.873860	5.860300	4.863370	2.086050	2.166800	1.002740	4.103490	6.156610	3.892290	7.169970	6.817890	18.444740	7.789300	7.248590	8.969730
86	0.000000	4.331030	26.276230	22.465030	30.500730	21.995030	26.475130	20.108230	10.764040	11.676620	13.565680	17.441870	17.183070	16.489840	19.188240	19.068000	34.019230	33.640130	33.876030	90.941730
87	2.016160	0.587550	-0.915180	-0.715880	-0.760380	7.666720	1.262980	0.126230	1.100620	0.712040	-1.070580	0.493510	0.000000	0.440590	1.312940	1.546700	-0.688280	-1.026680	-1.728480	0.157610
88	2.307090	2.026300	1.316860	1.738130	1.174350	0.769130	1.614270	1.254390	1.547110	1.909210	1.505590	1.221950	0.752970	1.134100	0.663180	0.000000	2.139970	1.154060	0.639080	1.859050
89	7.615730	7.031090	4.755450	6.359570	5.565150	10.799658	5.969730	6.513950	7.424580	7.466730	3.927060	6.635370	7.848470	6.343930	7.519970	7.219580	0.000000	5.156610	4.173180	5.297600
90	1.338320	0.496760	-0.321080	1.040820	1.100710	-0.916790	1.094340	0.690030	0.821270	1.084370	-0.553560	0.592780	0.534430	1.063150	0.027480	0.626800	0.027810	1.321430	-0.085230	0.000000
91	0.872780	0.155160	-0.341580	0.643190	0.119770	1.099900	0.000000	0.653230	0.295100	0.831870	-0.345180	-0.024130	-0.265180	-0.162110	-0.012820	0.606980	-0.375280	0.048980	-0.065440	0.724740
92	6.096580	4.323150	0.000000	2.285130	1.673490	4.827540	8.167850	3.535820	5.117080	4.162210	0.253200	5.345430	5.307430	4.034170	6.075310	4.736690	5.642510	7.384160	1.182450	2.943070
93	4.002180	1.934810	4.135390	0.000000	1.153170	4.949730	19.935760	1.163620	2.722140	2.311960	4.428920	12.644700	7.777060	5.017980	4.807600	4.112440	27.277500	21.322800	19.617030	20.283690
94	1.999730	0.825400	-0.494500	0.512250	0.435620	3.673490	0.523610	1.061410	1.170380	1.114480	-0.367970	0.000000	-0.314170	0.252930	1.214010	1.369330	0.430320	0.796980	0.283660	1.336940
95	3.663450	2.556020	1.082740	2.840070	2.072410	6.060830	2.164330	2.493560	3.113850	3.095370	0.129720	1.724510	2.809310	2.180810	3.264650	2.539240	0.996820	0.000000	-0.123750	2.558580
96	3.493010	1.390300	0.159500	0.280400	-0.048600	6.220780	10.918940	0.000000	2.079100	1.373400	1.167100	6.048750	5.673600	4.712220	4.157160	1.108900	11.305280	8.837380	4.664690	9.194910
97	2.737540	1.861480	0.000000	0.799200	-0.529200	5.843410	2.598400	0.816900	1.853910	1.962790	-1.049800	2.488500	3.564100	2.764780	3.675160	2.587410	1.900620	2.639120	2.298840	3.393810
98	1.438730	0.372900	-0.054900	1.034090	0.409920	4.324100	0.250200	1.173540	0.517730	1.002580	-0.191000	0.111200	0.424020	0.000000	1.036630	0.413440	0.257100	0.339200	0.388980	0.966550
99	1.122820	0.648670	-0.617460	0.729640	0.552580	3.467920	0.220510	1.594710	0.781160	0.569250	-0.788070	-0.218910	0.000000	0.057120	1.581080	0.692420	-0.278600	-0.076920	-0.433050	0.787420
100	0.000000	2.748950	2.363720	3.646750	4.144660	7.509130	1.589170	4.088150	2.535550	2.663990	2.515510	1.699780	2.599650	2.315300	2.579690	1.804370	2.812660	2.440510	2.331300	2.402290
101	5.307310	3.400140	1.412160	5.463110	4.053350	7.897080	2.734400	4.024810	3.707960	2.631500	0.000000	1.407910	4.563300	2.634200	5.670920	3.805340	3.163540	1.045930	0.471480	1.628510
102	3.475880	2.505540	5.539840	5.877180	8.197470	0.000000	5.335430	7.273940	3.436940	3.925390	2.694590	4.595630	4.394790	4.599950	5.527980	4.399950	6.981910	4.982620	5.306940	6.099820
103	0.000000	3.093750	2.222590	6.445700	7.498800	10.682406	5.009150	8.073180	4.474580	3.232450	2.005200	4.455130	5.051710	3.783720	5.608870	4.617720	8.033700	4.999570	1.830410	10.662460
104	6.001090	4.952720	0.000000	2.927800	2.054240	4.637040	8.440960	2.996090	4.934310	3.765020	1.082300	6.006050	5.798210	4.015310	6.141520	4.011340	14.055080	10.365670	4.827830	4.958720
105	4.209930	2.635910	2.472080	2.124270	1.295100	0.915500	10.836249	5.605160	3.584940	3.600370	2.436820	7.006800	0.000000	2.561920	4.119800	3.926460	14.204440	8.210540	7.378790	4.168240
106	0.822200	-0.589800	-2.259000	-0.287200	0.898700	-2.230600	0.926900	0.226700	0.315100	-0.101800	-1.762800	-0.391600	-0.429300	-0.459500	2.454420	0.000000	3.676100	1.642880	-0.352200	0.352900
107	4.830020	3.926350	0.000000	4.023990	1.884500	4.277440	5.783460	3.102470	4.857000	3.500040	0.175800	1.511400	5.070140	2.735800	5.547780	3.155070	13.342340	18.563440	12.914100	6.502400
108	1.410000	0.000000	3.554470	4.051800	5.049760	7.209130	10.328820	2.287610	0.598000	2.478000	4.240950	9.565870	11.560577	12.519698	7.812130	12.142976	21.064180	13.008150	17.991420	20.506550
109	-0.900000	1.024310	0.000000	3.190150	3.075690	6.922330	0.778120	2.394870	1.043590	0.556770	-0.300000	0.283050	0.845670	0.760500	1.535530	0.815620	1.697250	1.694170	1.169890	1.189390
110	2.565460	1.710010	-0.120430	0.782210	0.000000	1.743840	0.877570	2.261530	2.424480	1.650530	-0.380610	0.962670	1.906440	1.324520	2.277560	1.841950	0.155520	0.464590	0.276050	1.163910
111	1.247080	0.994320	0.147330	1.681220	1.692160	0.000000	0.467920	1.550480	1.182790	1.277450	0.039230	0.089860	1.827070	0.652210	1.610510	0.306060	0.209120	0.481630	0.396450	0.489750
112	0.000000	2.952980	2.676780	6.577570	5.987980	6.513550	4.649940	3.822060	2.557420	3.123920	2.795830	3.342840	1.687720	4.165890	3.499660	3.263420	5.556210	5.004830	4.047360	5.435230
113	0.499850	-0.067040	1.503300	0.845400	0.764400	0.506060	3.024930	2.061640	1.476960	0.000000	0.068120	1.282130	3.335770	2.632520	3.023900	2.400680	9.458595	13.022110	8.290810	4.357100
114	4.306480	2.526660	1.001150	0.000000	0.457600	2.549100	4.759810	2.049180	3.701240	2.324610	-0.072700	3.014000	5.837670	2.288790	4.459190	2.785000	12.716130	11.826150	3.504960	4.128960
115	0.000000	1.142350	1.132470	7.484150	8.578000	11.519580	3.886490	7.752710	3.036060	2.373200	1.541980	3.708180	5.031880	3.208510	4.022530	2.872550	5.389990	2.315940	1.556200	3.813720
116	0.670980	0.268680	-0.464890	0.692260	0.007590	-1.470990	0.478720	0.422760	0.000000	0.312280	-0.926490	-0.145390	-0.500690	0.086270	0.204290	0.452230	-0.938190	-1.723890	-0.990290	0.134160
117	1.458970	-0.265100	0.969060	0.931270	0.402000	-0.073300	3.050800	0.098600	0.000000	-0.201700	-1.193400	2.572380	4.229160	13.280170	4.112040	2.233690	16.647760	17.666150	15.638030	24.985800
118	5.523470	3.521140	3.836560	2.999220	3.256440	0.000000	9.437290	4.158770	5.127350	3.168080	4.817860	9.923660	6.673830	6.070720	5.369460	6.964990	18.659480	10.241172	9.840670	27.020300
119	1.892410	0.994980	-0.267680	0.470610	0.000000	4.357030	0.259010	1.335360	1.758020	1.347220	-0.317890	0.574380	1.041780	-0.265390	2.248000	1.604700	0.634800	2.182800	1.487420	1.775640
120	1.376500	1.186980	-0.001010	0.693700	0.153280	1.677770	1.102940	1.941790	0.578790	1.185790	0.058000	0.415570	2.066830	0.000000	2.564330	1.552610	0.327270	1.341600	-0.072660	2.648870
121	2.875820	2.430410	3.523560	4.026750	6.190940	6.402330	6.322140	4.442200	3.689160	2.965190	2.514630	4.507580	6.433910	5.322910	1.911120	0.000000	12.695860	14.422220	11.968007	30.259200
122	4.089600	2.824130	1.590560	1.408300	0.000000	5.272270	2.611470	2.780960	3.794440	2.458730	0.674220	2.459660	3.697110	3.100100	4.061340	3.737120	2.300570	2.235260	1.702710	3.079970
123	0.000000	0.257470	-0.338870	1.306170	1.020550	1.785430	1.374230	0.299680	0.479960	0.290640	-0.239300	0.762040	0.580050	0.618850	1.436760	1.000100	0.929460	0.545170	2.083960	0.877080
124	0.612980	0.000000	-0.549500	1.460800	2.426370	5.312910	1.315510	0.268370	-0.314600	0.288290	-0.304300	0.741140	-0.059600	0.497240	-0.287900	-0.019200	3.712530	0.576960	0.298000	0.998660
125	3.350490	2.648000	1.519560	3.410670	3.582900	4.284810	2.899160	2.840160	3.575430	3.205900	0.266170	2.102470	2.282820	2.196790	3.567120	1.743380	3.802230	0.000000	-0.653980	1.183030
126	0.000000	3.430630	7.049590	8.416030	9.889739	11.291560	6.848520	8.339790	6.196660	9.299914	6.058270	7.642680	6.495930	6.361860	12.355570	12.326540	11.121570	13.137770	10.182580	46.252930
127	3.222940	1.829200	-0.527500	0.000000	-0.278200	6.441920	-0.346900	1.506300	2.809450	1.344200	-0.653000	-0.691600	2.920680	0.822100	3.391650	1.737200	8.804480	5.491900	0.415600	7.675000
128	0.349680	-0.209120	-0.993580	0.185920	1.144660	-0.711980	0.110020	0.638540	-0.032240	-0.158860	-0.607830	-0.328880	0.000000	-0.056490	0.768850	-0.254700	-0.868580	-0.640480	-1.075180	-0.275970
129	4.928600	3.274760	0.000000	2.694780	1.386090	11.843530	5.736130	4.249340	4.162240	3.340740	-0.116700	2.684440	4.669900	3.565410	5.328370	3.430740	5.948180	1.626740	-1.133600	2.820650
130	1.315730	0.012190	-0.308880	-0.103040	-0.542180	6.872360	0.013240	0.882050	1.115520	0.842660	-0.035780	-0.303110	-0.103880	0.000000	0.941490	0.926440	0.713360	0.433560	0.176230	0.771110
131	1.565890	0.242770	-0.695120	0.286890	-0.455410	7.103410	0.000000	0.814220	0.947220	0.734640	-1.217720	-0.277700	0.309330	-0.140350	0.597610	0.583270	-0.323270	-0.279250	-0.221550	0.313060
132	3.123410	2.105200	0.002900	0.000000	-0.674800	2.882110	1.590700	2.450350	3.021870	1.609600	-0.824800	1.024900	2.921610	1.497500	2.395950	0.809300	0.796700	-0.646800	-1.061200	1.003300
133	2.298390	0.695100	-1.381900	0.115900	-0.404900	8.372750	5.524890	2.176920	2.278050	0.000000	-0.852800	6.716340	2.694430	2.265960	2.195080	1.412180	10.781553	4.399860	0.479200	8.671650
134	0.844680	0.000000	-0.966380	0.334740	1.994800	6.789780	-0.305930	1.343370	0.895850	0.560240	-0.713580	-0.598820	-0.395210	-1.022080	-0.316880	0.483530	0.491350	0.646480	0.285460	0.459870
135	4.373650	3.830430	2.941570	5.379390	5.956150	5.448290	3.510740	7.860390	4.356260	3.893590	2.446820	3.720520	4.733410	4.354110	4.933490	4.359670	2.361590	0.000000	1.454920	3.674800
136	6.256570	3.801280	4.141650	0.000000	0.886260	6.045320	19.392100	2.582100	4.809770	2.814270	7.797360	10.557949	4.929240	6.861780	5.254820	4.116310	23.620100	14.064460	10.423547	24.535800
137	2.165740	0.756490	-1.221500	-1.360200	-1.401800	1.730580	0.645640	0.568800	1.548970	0.397050	-1.142700	-0.383800	0.659120	0.136200	0.000000	0.150160	1.341810	-0.257300	-0.771500	1.414560
138	1.178270	-0.584000	-3.978400	-3.363400	-2.988200	0.438700	5.325300	-1.019600	0.000000	-1.307900	-4.203100	0.547100	0.378900	-1.083300	2.017470	0.468900	5.611850	7.527490	6.458050	0.387900
139	4.816850	3.050710	-0.511800	0.000000	-0.418500	4.885700	2.823110	2.749770	4.140450	2.361170	0.690200	2.180300	3.734520	1.890200	4.619660	3.249590	2.071880	0.695600	0.725500	3.762800
140	1.958570	1.049690	-0.433690	1.936660	5.328920	5.862160	1.706810	2.411150	2.673510	1.204550	-0.471190	0.809230	0.000000	1.063880	0.326520	-0.275690	0.576520	-0.032810	-1.274190	0.632910
141	4.149580	2.874130	0.000000	3.253350	3.679950	5.163730	2.787140	2.275000	3.511830	3.047480	-0.010000	2.975170	4.540880	3.425520	5.289090	4.079350	13.393480	7.824470	2.040650	13.693330
142	0.365560	0.000000	-0.936130	-0.154090	-0.678330	-0.999630	-0.518730	0.890460	0.107070	0.160010	-0.677030	-0.625130	-0.185300	-0.465930	0.169660	0.111270	-0.395140	-1.688030	-0.874030	0.158990
143	1.110700	1.029550	2.289280	2.259210	3.102910	7.251010	1.458420	0.000000	-0.155500	1.208270	2.176960	1.843050	1.261920	1.978100	1.135810	0.198220	2.236930	2.332350	2.280320	1.261970
144	0.000000	2.024290	2.342370	3.510600	3.087930	4.034860	2.746310	3.144280	1.761620	2.978370	1.935870	2.465380	2.919020	2.934470	1.960390	2.960270	1.502910	2.038030	1.852180	2.778640
145	1.753890	1.007310	0.432260	1.404290	1.002230	5.133950	0.305100	1.706570	1.726240	1.254750	0.733540	0.000000	1.390990	0.548680	1.547160	1.181370	0.335310	0.353870	0.298660	1.000130
146	0.856200	0.474700	-0.645400	0.434700	0.312500	0.139600	-0.306600	0.492800	0.682900	0.283400	-0.905500	-0.581800	0.298700	0.000000	0.627300	0.092300	-1.248200	-2.180000	-1.145300	-0.125200
147	2.485200	1.488180	-0.731830	0.000000	0.132320	4.610700	0.226560	1.700160	2.203970	1.271790	-0.046600	0.187900	0.759910	0.800690	0.770430	1.634990	1.126950	-0.779130	-1.140630	0.995090
148	3.105450	2.634490	0.975110	1.942820	1.531730	3.884710	0.000000	2.452080	1.566780	1.791990	0.873640	1.151380	2.619250	1.243440	3.049540	2.742470	2.647490	2.137640	1.907010	1.732160
149	4.304920	3.284700	0.000000	0.886090	2.666960	4.512030	2.118930	1.260740	3.207700	2.832140	0.820660	1.959780	3.063170	2.485580	4.721930	3.753880	4.064660	3.899010	3.001040	5.518840
150	-0.389100	-0.919700	-1.111200	0.106900	-0.254700	-1.728900	-1.185200	0.000000	-0.830100	-0.327600	-1.403600	-1.043800	-1.388400	-0.366100	-1.705600	-1.029100	-1.029000	-0.978800	-1.061800	-0.678700
151	0.878410	0.000000	-0.078600	-0.479580	0.061400	-0.103630	0.092510	1.133940	1.056750	0.759030	-0.375540	-0.240530	0.419560	0.074210	0.107500	0.568120	0.206220	-1.801050	-1.822250	-0.201050
152	0.532250	-0.009420	-0.008670	0.287980	-0.033070	-0.661760	-0.015700	0.147250	0.597990	0.775880	0.013030	0.000000	-0.463270	-0.409200	0.265560	0.497730	0.147540	-0.027960	-0.125980	0.411590
153	1.165930	0.221270	-0.457700	0.803090	0.371970	0.583530	0.060900	0.943110	0.555070	0.773050	-0.425500	-0.198000	0.000000	0.220640	0.314870	0.683720	-0.371500	-0.419700	-0.397000	0.649300
154	2.060570	0.364500	-1.699400	2.286850	1.673500	2.788040	9.298560	2.270210	0.847800	0.000000	-0.433300	4.677200	2.480020	2.363240	2.668440	0.332200	24.643800	18.602960	10.607939	4.794130
155	-0.013220	0.033950	-0.339410	1.547850	1.410040	6.931590	0.000000	1.377250	0.338880	-0.120910	-0.530220	-0.857220	-0.186290	-0.963920	-0.101260	-1.024020	0.322650	-0.812220	-0.935720	-0.810320
156	4.194730	3.384750	1.714030	2.825610	2.949930	1.919890	4.621420	3.862460	4.404120	3.105950	0.815500	3.057970	4.926950	3.936330	5.106780	3.506520	4.836260	0.500330	0.000000	2.835540
157	0.000000	0.631200	0.837100	1.132300	1.181300	7.721980	-0.038500	0.732900	0.569700	0.481000	0.561300	0.013700	0.992200	0.307600	1.003400	0.184400	0.726200	-0.236800	0.206700	0.144100
158	1.958760	2.076440	1.243890	2.439630	2.450610	1.475870	2.230610	2.081870	1.828650	1.838250	0.833410	2.280920	2.337540	2.374550	1.746810	1.644180	2.186830	0.000000	0.505550	2.809600
159	1.426670	1.323360	-0.268130	3.766130	2.614090	4.320870	0.000000	3.387050	2.170250	1.067140	-0.099820	0.715040	2.408690	0.861580	3.113890	0.654080	1.354870	-0.480220	-0.801020	-0.424080
160	1.778330	1.645340	1.391200	2.973920	3.120930	11.017978	2.085790	2.331780	1.392930	1.408250	1.152200	1.705280	1.544640	1.573270	0.000000	1.051100	3.985780	0.572100	3.101690	1.619870
161	1.591500	1.099900	6.617140	6.074780	9.838970	6.950180	10.145100	5.642380	0.000000	2.890020	6.399370	7.206910	11.467145	8.524530	9.640720	8.270770	14.939980	13.629880	12.399370	12.984830
162	3.427780	1.971910	0.139200	0.335000	0.000000	5.462090	0.695440	1.813110	2.861030	2.415890	0.611230	0.957630	3.377680	1.366190	3.465280	1.911770	1.854290	0.778310	2.515970	2.771530
163	5.388200	4.548210	1.677320	3.556910	2.470740	5.018900	3.478830	5.485450	5.304750	4.098680	1.281000	1.644340	5.197440	4.433540	5.822760	4.421050	0.944070	-0.218800	0.000000	3.214320
164	1.642290	1.178730	-0.263830	1.676500	1.026880	5.747810	-0.631420	1.537690	1.225740	1.437130	-0.220540	0.000000	2.232550	-0.441210	2.390260	0.895030	2.302560	0.280380	-0.038830	2.341590
165	0.907100	0.985000	0.745900	1.763900	1.334900	3.601730	0.092800	1.081100	-0.054600	0.893200	0.347400	0.163300	1.495000	0.652600	1.148200	1.224100	0.125800	-1.043000	0.056500	0.000000
166	1.367150	0.444970	0.050300	1.513610	0.616420	-1.412400	0.643800	1.520690	1.141300	1.182170	-0.109700	0.400560	0.000000	0.218500	0.735730	1.130210	-0.238300	0.316380	0.114600	0.875320
167	4.710170	3.296070	0.119300	3.524600	2.640810	2.804870	1.510560	3.639130	4.463630	3.251030	0.006100	2.004610	3.323390	2.196740	3.589040	2.316500	0.347350	0.000000	-0.424800	1.347270
168	-0.895900	-0.961900	-1.109500	0.637600	0.076400	1.348960	-0.788900	0.154600	-1.261800	-0.663100	-1.191200	-1.179000	0.397500	0.000000	0.150400	-0.732900	0.149800	-0.770300	0.256100	0.527200
169	0.088100	0.217700	-0.102400	0.340930	0.123350	-0.346900	-0.770900	0.349500	0.136730	0.242630	-0.375200	-0.076500	0.063600	0.107300	0.000000	-0.014100	-0.288700	-0.097100	-0.423300	0.280360
170	1.862780	1.003680	0.641870	1.347070	1.192080	1.141870	0.000000	1.585540	1.881260	1.616790	0.744640	0.326440	1.648470	0.678520	2.041160	1.745170	1.372480	0.958010	0.586810	1.912240
171	5.679150	4.383170	1.319950	3.202480	3.043880	7.452570	4.494240	3.802160	4.630440	4.026130	1.272800	3.395130	4.041390	3.406370	5.542360	4.195230	2.568970	0.348980	0.000000	2.720010
172	1.953040	0.000000	3.665940	1.522830	1.411800	5.798060	4.547920	1.147560	1.288140	-0.002200	1.944180	4.084710	2.791030	2.422020	3.023950	2.265840	17.010960	14.123490	10.352342	17.990190
173	4.667540	3.357900	2.316300	0.920910	0.000000	2.073270	5.045370	2.174430	3.549550	3.015130	2.054930	4.400310	3.319780	2.564810	3.589180	1.993090	12.044760	7.221240	7.034710	8.731890
174	3.553440	2.642720	-0.101900	0.000000	0.231130	6.381600	3.437500	2.203420	3.817680	2.038700	1.333010	2.307830	4.075000	2.069760	4.891990	3.011840	3.803970	4.669060	4.032270	4.017800
175	1.005640	0.000000	1.159300	2.274840	2.504530	6.281940	2.901430	3.548840	-0.229960	-0.132690	2.451830	0.858910	2.289220	0.341370	4.460740	3.169600	5.207310	0.944520	2.175350	3.664230
176	5.333510	3.502330	-0.208000	0.000000	0.815000	3.882810	8.196950	2.935380	4.827230	2.814650	0.221300	4.772690	5.112160	3.459470	5.111940	3.787640	11.411214	8.372100	4.125970	5.628410
177	0.000000	4.142790	3.919540	3.032840	2.776330	6.019240	4.132860	4.844990	4.949580	3.486040	2.667040	3.698960	4.789530	5.823570	5.027390	4.796990	6.417330	5.596950	5.261050	4.340300
178	6.747580	4.857140	0.000000	1.578600	0.126400	7.541720	5.070570	3.893200	5.382450	3.917960	0.148000	4.072270	5.535530	4.563730	6.176910	3.568080	7.269830	-0.532000	-0.547300	2.324100
179	2.460330	1.403590	1.119410	-0.080940	-0.454550	5.318230	0.000000	-0.114480	0.841810	0.574660	-0.387860	-0.593550	0.095620	-0.224010	2.292670	0.812980	2.830550	1.676140	1.323770	4.283540
180	5.739340	4.552480	0.000000	2.989100	1.335700	5.327130	7.077710	3.932010	4.763760	3.700440	0.728300	1.992600	5.674780	3.289380	5.779830	3.180450	7.440210	3.088550	0.727600	2.954590
181	2.257480	1.550430	1.217690	1.847850	1.300110	0.000000	1.283330	2.237550	2.503100	1.677780	1.223450	1.138720	1.800170	1.320740	2.782680	1.122210	1.595860	1.406260	1.418460	2.046350
182	2.081430	1.184400	0.300890	0.545550	0.446320	3.790720	0.062800	1.217640	2.042410	1.296930	0.083700	0.000000	1.675360	0.984100	2.094840	1.583140	1.600310	1.470560	1.455690	2.015290
183	-0.076700	0.026700	-0.364000	0.117800	0.054500	0.052200	-0.019000	0.093400	0.149600	1.570360	-0.510100	-0.234800	0.000000	-0.022600	-0.373400	-0.314100	-0.573800	-0.351900	-0.442000	-0.073700
184	6.267860	5.561950	4.346510	5.158080	4.369870	5.150080	4.495020	5.625250	6.114040	5.370820	3.356310	5.077430	5.893930	5.717990	6.092040	5.912150	0.000000	2.055400	2.547340	3.658110
185	1.829330	0.676100	0.318870	0.423120	0.111750	1.764710	-0.257060	0.432730	0.732400	0.517340	0.023300	0.080130	0.483270	0.000000	0.390960	0.036300	0.000100	0.373330	0.285420	0.140910
186	3.088500	1.532090	3.732530	3.256200	4.309730	0.000000	3.141680	2.999240	3.109620	1.399400	1.716820	4.867360	4.396390	3.563020	4.485390	3.527790	18.355670	16.400010	11.770813	48.565700
187	0.356570	0.128290	-0.317600	0.000000	-0.901980	-1.430180	0.275420	0.459890	0.946980	0.484290	-1.062380	0.071380	0.013870	0.425670	0.507510	-0.772580	0.794770	-0.486930	-0.761380	2.088380
188	4.163440	3.954420	0.000000	2.394470	1.845700	3.917280	3.551420	3.272560	4.658520	2.953800	0.412910	4.316880	4.971350	3.195920	4.779130	2.533550	3.194010	4.251170	4.158210	4.443520
189	-0.219690	-0.518080	-1.059690	-0.309360	-0.653890	-1.028490	-0.871490	0.000000	-0.386170	-0.505770	-0.921590	-1.188590	-0.677690	-0.427850	-0.387210	-0.244620	-0.568520	-0.492660	-0.541840	-0.094840
190	1.934520	0.984830	0.229390	1.510160	1.119070	2.884100	0.814550	0.803260	1.305710	0.764050	0.042440	0.394070	0.039550	0.395140	1.022050	1.024010	-0.200730	0.000000	-0.035590	0.993270
191	0.000000	1.828170	1.379230	4.041680	3.225290	3.537870	1.690070	3.084690	1.412280	1.547180	0.888220	0.919680	1.858990	1.804790	1.935040	1.746600	1.333830	1.289230	1.213440	1.962010
192	0.644280	0.094860	-0.391290	1.782280	0.832510	-1.250270	-0.017390	1.536040	0.318210	0.789010	-0.358230	-0.167930	-0.507570	-0.436540	0.000000	-0.116270	-0.194240	0.011340	-0.064930	0.323240
193	4.982770	3.631220	0.000000	3.411270	2.764190	7.488630	7.508720	3.395500	3.902870	2.926590	0.492700	4.681180	3.139600	2.909090	5.435820	3.073850	19.359710	12.631640	5.947030	40.972300
194	0.509990	0.071530	-0.082730	0.525200	0.167230	2.313130	-0.385260	0.000000	-0.225450	0.498850	0.271890	-0.130110	0.141200	-0.065750	0.508860	0.706820	0.886750	0.541430	0.794260	1.020220
195	0.245820	0.143420	0.107130	0.783800	0.527880	2.582280	0.000000	0.146760	-0.279140	-0.148830	0.330450	-0.036210	0.215190	-0.031450	0.306940	0.000730	0.404160	0.323460	0.303050	0.570930
196	4.375460	2.582850	0.000000	2.445050	1.473210	5.248340	2.274690	2.056350	3.287190	2.469330	-0.146700	1.958770	2.440100	2.412370	3.557760	2.573290	1.360720	1.255130	0.680600	2.582270
197	1.823400	1.209160	0.345880	1.087380	0.723610	-0.325000	0.878330	1.188640	1.502650	1.292430	0.515860	0.734370	0.157980	0.820100	0.000000	0.774560	0.953770	0.724830	0.483580	1.299280
198	2.403620	1.644520	0.951660	1.985570	1.068850	0.000000	1.287910	2.232200	2.189650	1.885880	0.893670	1.102860	1.427930	1.560750	2.501530	2.226450	1.841460	2.161320	1.836880	1.965050
199	0.447260	0.730100	0.250920	0.345350	0.429480	1.945410	0.038440	0.000000	0.132140	2.130480	1.394440	-0.181830	0.514720	0.102140	0.430170	0.417580	0.582420	0.221390	0.203910	0.390230
200	0.142700	-0.081660	-0.139080	0.187980	-0.258980	0.655960	-0.199280	0.000000	0.205220	0.159610	-1.139080	-0.252680	0.135010	-0.114780	0.237730	0.266400	-0.373180	0.214640	0.138600	0.461690
201	4.087010	2.415030	0.403680	0.000000	0.597730	5.915840	3.428990	2.328880	3.740300	2.100180	1.122750	2.928550	3.801210	3.681240	3.970810	3.643610	15.151860	15.877790	18.334770	17.466240
202	0.163600	-0.479900	-0.354500	-0.081600	-0.645100	-2.154800	-0.809900	0.000000	0.097700	-0.798500	-1.050000	-0.631300	-0.720600	-0.339700	-1.204800	-0.531300	0.098800	-0.092500	-0.153700	-0.208400
203	3.238530	1.915940	2.391790	1.553340	3.116210	0.000000	2.074430	4.481620	3.700570	2.504770	1.582450	2.114260	0.640000	2.122900	2.286600	1.953390	1.125020	0.931910	0.859590	2.570320
204	1.751000	1.204800	-0.054700	1.385100	0.544200	0.443800	0.423400	1.778400	1.729400	1.645000	-0.161600	0.331300	-0.890700	0.000000	0.629800	1.362400	-1.005100	0.260300	0.271100	1.510600
205	1.323040	0.092230	-0.788330	1.055740	0.747910	-0.325930	0.147790	0.373680	0.290520	0.762310	-0.648130	-0.255690	-0.276230	0.000000	0.233970	0.762040	-0.373130	-0.033390	-0.307630	1.031670
206	3.488040	1.906220	-0.854400	0.000000	-0.518700	1.255600	6.874140	1.131100	2.827970	1.821350	-0.542100	0.293900	4.506270	3.137810	4.571000	3.342180	21.481130	12.573781	9.266110	8.797640
207	3.872560	2.596880	0.878700	3.746940	4.276750	8.919590	1.971300	4.391910	4.031200	2.996240	0.767100	2.251370	3.017990	2.843980	3.847600	3.203680	1.753600	0.721900	0.000000	2.694310
208	1.199370	0.281100	-0.320100	0.451000	-0.251900	3.581930	-0.022900	1.110890	0.421600	0.899400	-0.361800	0.072300	-0.135900	0.278300	0.399400	0.000000	-0.271800	-0.269400	-0.331500	0.207000
209	1.664380	0.000000	-0.886560	1.410480	0.168620	5.184110	-0.322060	-0.045460	0.828330	1.051560	-1.005360	-0.089660	2.335620	0.032940	1.659110	0.274880	-0.487360	-0.768260	-1.116460	0.089650
210	3.416590	1.754200	2.824600	0.000000	1.571500	6.870550	7.467390	2.804680	2.913800	2.020400	0.966800	5.782560	4.901540	2.694370	3.995210	2.574970	19.063110	13.237280	9.678360	9.899790
211	0.645690	-0.608450	-1.023050	-0.888850	-0.160810	4.182730	0.274810	1.020320	0.593790	0.000000	-0.783950	-0.032530	0.509750	0.552730	1.327780	0.286840	3.825930	0.185080	0.974700	1.592750
212	0.561410	-0.235560	-0.591820	0.395350	-0.260670	2.491440	-0.541220	-0.297240	-0.251380	0.481740	-0.744020	-0.530320	-0.268820	-0.292810	0.091180	-0.298890	-0.352360	-0.233200	-0.365540	0.000000
213	3.058030	2.372010	0.753950	2.229890	0.779250	3.635180	2.494640	2.711860	2.346100	2.715740	0.000000	1.940300	1.373380	2.136500	1.425270	0.912200	2.415410	2.270140	2.102590	2.209100
214	1.475550	0.208400	-1.616000	-0.691500	-1.527100	3.700660	0.000000	0.963070	1.651760	0.613420	-1.207200	-0.195200	-0.706600	-0.520500	-0.292800	0.271800	-1.569300	-0.809000	-1.538400	0.747780
215	0.522980	-0.209600	-0.944600	-0.043600	-0.761200	3.382960	-0.667700	0.000000	0.282360	0.207400	-1.025500	-0.785300	-0.238600	-0.573600	0.207000	-0.435100	-0.906400	-0.574700	-0.753000	0.018200
216	0.819280	0.088220	-0.102580	0.351890	-0.171250	3.293260	-0.327000	0.000000	0.112780	0.213030	-0.560190	-0.176050	0.052790	0.106420	0.634600	0.038250	-0.282220	-0.300940	-0.585790	-0.015870
217	1.614440	0.770440	-0.145680	0.543810	0.113110	3.194310	0.049450	1.314750	0.905410	1.182660	0.661840	0.000000	1.000260	0.157280	1.893510	0.564220	0.627950	0.292710	0.152380	0.196450
218	2.047940	1.926020	0.000000	1.466160	0.561260	3.049020	2.319540	2.644680	2.660940	1.728980	0.148020	1.759510	1.854880	1.649260	3.374320	2.247220	0.027100	-0.373410	0.067140	2.010300
219	4.238830	2.697660	2.653450	2.190130	4.808940	0.000000	0.810180	2.933660	3.727140	2.803140	1.145050	1.556860	2.238490	2.485240	3.714260	2.553830	29.699490	4.695870	4.376090	2.877110
220	2.288640	1.367910	0.829390	1.174960	0.880340	-0.167060	0.924220	1.551970	1.798260	1.402620	1.066470	0.786610	0.853380	1.018600	0.000000	1.152070	1.253770	1.251540	1.122230	1.738040
221	2.555410	1.841660	1.491190	2.199780	1.831460	0.000000	1.864620	2.887690	2.144960	2.374890	1.327930	1.755670	2.748600	2.505360	3.311240	2.651630	1.528240	1.352930	1.070240	2.480830
222	0.798590	0.447880	0.718830	1.105480	0.859680	1.112510	0.119060	0.111740	0.047050	0.847390	0.534430	0.000000	0.892130	-0.048200	1.196340	0.036390	0.875340	0.634450	0.641370	0.455610
223	-0.202740	0.938480	0.885860	0.000000	-0.346940	2.525030	-0.613930	-0.476600	0.202990	1.121560	0.248060	-0.982500	1.210100	0.471050	-0.024390	-0.490190	-0.498590	0.576970	0.496900	0.823730
224	1.480850	0.327330	-0.801870	-1.357570	-0.904670	1.667480	-0.379790	0.570850	0.098280	-0.143790	-0.918370	-0.750170	1.422310	0.158680	1.672570	0.000000	-1.015870	-0.997770	-1.273970	-0.015890
225	0.000000	3.530300	11.848540	12.814720	17.264670	1.295510	8.006260	12.479260	5.871110	5.498660	7.849350	7.534680	7.163520	8.480179	6.531380	5.355370	7.151830	5.718750	5.640640	6.615030
226	2.674520	2.055200	1.125020	4.480380	7.587430	3.339900	3.004390	1.261180	2.159200	1.352670	1.270850	3.050500	3.546490	4.972860	2.561590	0.000000	8.125430	2.350690	1.696150	0.993440
227	0.955210	0.000000	4.001760	2.114790	4.309960	3.115400	18.285590	3.772830	1.122370	-0.652800	2.973740	7.657450	6.789750	6.471820	3.720460	3.922780	28.232000	14.975210	12.204280	15.205580
228	0.000000	2.953510	3.318110	5.237380	4.780560	5.348570	3.300780	5.343110	4.016780	3.941490	2.626390	3.559030	4.220530	4.039280	2.807560	4.011080	4.114710	3.933550	3.289160	3.800570
229	1.434060	-0.076200	-0.906900	0.140800	1.316350	-0.857900	0.661650	0.526900	0.000000	-0.085500	-1.719700	0.192000	0.173800	-0.070000	-0.243400	0.332100	-0.094000	0.104400	0.018900	-0.414000
230	6.224810	4.996330	2.188080	5.280630	4.361710	6.910720	7.157730	4.050080	5.018920	4.966770	1.335120	5.706280	5.429090	4.740050	4.717990	4.583330	4.492370	1.173390	0.000000	3.206650
231	7.296700	5.970000	2.297520	4.859260	4.121950	5.561790	5.765660	7.293840	6.017620	5.201590	1.669720	6.033940	6.221170	5.592220	6.821000	6.085050	0.985300	1.569320	0.000000	4.429010
232	1.635100	0.512700	-1.391550	-0.350650	-0.670250	2.491140	-0.381050	1.093520	1.063480	0.215360	-0.826850	0.000000	1.111660	-0.126750	2.994000	0.711200	3.172680	3.572560	2.148940	3.261940
233	1.915820	0.913250	-0.743680	2.913930	2.855950	1.403430	1.502550	3.507370	2.002690	0.880570	-0.385140	0.771850	-0.165770	0.661510	-1.386380	0.000000	-0.430340	-0.201950	-0.638180	-0.246280
234	5.313160	3.564940	2.381060	1.677100	1.660560	0.000000	2.857360	3.294180	4.774620	3.818980	2.414350	2.777350	4.204040	3.930160	5.280440	4.742280	4.617980	4.398570	3.979230	4.370430
235	1.355230	0.801370	-0.639100	0.000000	-0.571800	0.106290	0.574240	0.473520	0.781910	0.299930	-0.626900	-0.055450	0.176240	0.309880	0.426550	0.551260	1.002620	0.969460	0.972720	1.216100
236	3.971920	2.958230	0.494900	0.000000	2.834870	4.054130	1.600140	2.826610	3.567860	2.224330	0.719030	1.655440	3.157310	2.117650	3.568590	2.790730	8.145250	6.429660	3.015310	6.144860
237	1.116030	1.014810	1.496170	2.059930	1.619390	-0.251800	1.649720	0.715630	0.000000	1.971210	1.407260	1.456470	0.054900	1.494180	1.208970	0.601760	1.471400	1.661840	1.616410	1.778380
238	0.681890	0.000000	-0.330670	0.600260	-0.094130	-1.642990	0.300770	1.063560	0.873410	0.684850	-0.089150	-0.135820	0.289110	0.414710	1.124330	0.360420	-0.668920	-0.103060	-0.188630	0.897000
239	1.004320	0.562350	0.506440	0.857340	0.575320	0.492690	0.404080	0.711170	1.438270	1.494750	0.517550	0.347620	0.000000	0.298640	0.902660	1.132180	0.324440	0.439710	0.359580	0.982850
240	1.530300	0.487400	-0.945800	0.382300	-0.073700	-0.635700	-0.358200	0.000000	0.260800	0.824800	-1.236200	-0.525400	0.208800	0.132600	0.264900	0.647200	0.397800	0.588700	-1.287100	0.232800
241	2.087960	0.000000	1.351450	3.200880	3.401910	6.661020	2.119350	2.515890	1.088160	1.969760	1.652990	2.983740	3.961060	2.742060	2.760250	1.587790	2.949420	1.551110	1.978780	20.474070
242	0.863570	0.199550	-0.245630	1.059790	0.533260	4.127710	-0.361410	0.743930	0.452510	0.911720	-0.198590	0.000000	0.481010	0.113050	0.776150	0.051700	-0.490930	0.088260	0.053070	0.296710
243	0.843190	0.000000	-0.398470	0.299470	-0.324620	4.409130	-0.444970	0.630040	0.887150	0.866580	-0.748560	-0.224770	0.274440	-0.318610	0.859830	0.588030	-0.675260	-0.260360	-0.321650	0.176100
244	4.054220	2.638230	0.000000	1.860560	0.301200	4.583870	1.277390	2.618190	3.139310	2.624340	-0.197300	1.889260	3.844780	2.689810	4.095590	2.944940	3.576300	2.377240	2.039650	3.755540
245	1.719730	1.239600	0.000000	2.599470	1.638000	4.304880	1.844910	3.495170	1.486350	1.840060	0.353400	1.240180	2.316820	1.579480	3.765910	1.497560	3.484590	2.773910	2.607550	3.573950
246	0.762610	0.737630	0.689410	1.109300	0.832990	5.155870	-0.084860	-0.037830	0.000000	0.446270	0.701990	0.306570	0.886220	0.268620	1.146520	0.179470	0.492570	0.074000	-0.032120	0.343760
247	0.813590	0.110800	-0.584100	0.541940	-0.022100	0.105500	-0.414900	0.133000	0.012400	0.633390	-0.684300	-0.583100	0.084000	0.000000	0.531800	0.479210	-0.261600	-0.154900	-0.123100	0.534360
248	3.451550	2.111370	1.331550	4.159280	4.674450	6.693760	1.511990	5.618550	3.751160	2.588180	0.835930	2.400270	3.331510	2.774350	3.796670	2.263860	-0.222000	0.757700	0.000000	1.487330
249	1.457970	1.330400	1.605950	2.095790	1.985380	0.000000	0.916550	1.581220	1.340370	1.756850	1.476850	1.455070	1.561060	1.062540	1.711550	1.126430	1.671210	1.707080	1.724750	1.554060
250	-0.837090	-0.734490	-0.916890	-0.266640	-0.907990	-0.007900	-1.458490	0.000000	-0.616990	-0.804290	-1.166590	-1.287790	-1.172390	-0.914490	-1.112890	-1.036990	-1.164790	-1.477390	-1.502990	-0.642890
251	1.720730	0.000000	-2.485100	0.081700	-0.976300	4.756430	3.043690	-0.487200	1.069410	-0.454700	-3.588700	0.056400	1.889830	0.411900	2.226970	1.001350	10.031005	8.979210	4.085210	1.339410
252	2.584090	1.667450	1.521740	2.473430	1.789630	0.000000	1.316080	3.236200	2.310420	2.051400	1.617840	1.250630	0.888350	1.375920	0.364450	1.551140	1.600420	1.700770	1.640200	1.957540
253	1.440960	0.163290	-0.700230	-0.129420	-0.808830	0.996440	0.023520	0.019060	0.823210	-0.045120	-0.599630	-0.390790	0.996740	0.354180	1.621660	0.000000	-0.081610	-1.378130	-1.268330	-0.699930
254	2.026850	0.888380	0.127310	0.829170	0.209100	4.153850	0.226810	0.959090	0.951540	0.618220	-0.410240	0.600030	0.510860	0.844730	0.487170	0.744380	-0.545850	0.000000	-0.204540	0.986750
255	1.789820	1.807630	1.133010	1.320500	0.985240	0.000000	0.912630	1.789660	1.815780	1.378200	0.744440	0.846470	1.429240	0.922560	1.990500	1.744490	1.985920	1.940340	1.915960	2.132360
256	0.178400	0.100880	-0.905360	0.677500	0.058460	1.783980	-0.045540	0.169420	0.122200	0.204170	-0.448610	-0.405550	0.171510	0.000000	0.194800	0.133200	-0.267250	-1.316460	-0.503930	0.189480
257	0.206120	0.000000	0.269460	0.212050	0.262030	-0.936430	0.115950	-0.359180	-0.204650	0.333270	0.206630	0.119110	0.187440	-0.038760	0.287210	-0.117870	0.263480	0.256840	0.246240	0.199800
258	-0.062420	0.173150	1.715920	1.800970	0.032450	0.341190	1.633800	2.120950	0.409960	1.760190	1.525920	0.015110	-0.281510	1.453210	0.000000	0.119890	1.444840	1.552960	1.502600	0.165850
259	0.000000	1.447020	2.363230	4.196950	3.573360	5.237540	1.176890	3.429140	2.400270	2.503250	2.324490	2.333650	2.484370	2.407080	1.440530	2.467610	2.231720	2.461650	2.337630	2.617950
260	0.220140	-0.722000	-0.995700	-0.491500	-1.148100	-0.892300	-0.877600	0.398440	0.000000	-0.152500	-1.373000	-0.930600	-0.387800	-0.652600	0.325780	-0.094900	-0.965900	-0.747100	-0.933500	-0.367800
261	4.127870	2.705420	0.432760	0.000000	-0.136150	4.669170	1.850010	2.053550	3.872390	2.404180	0.490040	1.305500	3.950580	2.860030	4.695890	3.689200	3.802210	5.552390	3.371080	4.173160
262	1.748770	0.612630	-0.595920	-0.199890	-0.521820	-0.374630	0.422110	1.046460	1.862570	0.754790	-1.177220	0.000000	0.159910	0.122380	2.581320	2.002010	3.714240	1.790980	3.527290	4.136070
263	5.089330	4.254280	0.000000	2.075270	1.070770	5.942060	3.223550	4.145930	4.875100	3.269550	0.188000	2.537010	4.449940	3.276140	4.244670	3.858930	3.001360	0.416900	-0.821300	2.907790
264	0.235690	0.000000	-1.207200	-0.261900	0.315140	1.621240	-0.192500	-1.010300	-0.245600	-0.607900	-0.864600	-0.601300	-2.698100	-0.370400	-5.634800	-2.397900	0.146100	-1.743800	-2.103100	-0.594000
265	2.094890	0.000000	7.826370	2.164620	5.416010	-0.729300	14.988330	1.617170	1.429730	1.841490	4.258890	10.550430	6.714080	8.765000	6.834410	6.440890	30.967600	18.709140	17.042400	39.712200
266	0.000000	-0.537950	-0.284850	0.280320	1.951750	-0.916950	0.831160	0.449910	0.714680	0.339110	-0.967250	0.526770	-1.475750	0.602420	-1.037450	0.559400	-0.295750	-0.854050	-0.541350	1.122260
267	4.186940	2.946050	2.308780	3.986380	2.560660	2.419320	2.848810	3.387930	3.655020	3.452350	0.786650	2.640540	3.454500	3.303760	4.133900	3.743210	0.000000	1.499080	0.980800	3.568600
268	5.276270	3.482650	0.000000	3.222320	3.621520	6.717000	4.169030	2.427800	4.047020	3.647970	-0.419000	4.273000	4.515180	2.734870	4.980680	3.476450	8.761860	3.641240	0.211700	1.679240
269	5.260730	3.360780	1.488460	0.966900	0.000000	7.575050	8.256740	3.084140	4.550050	3.363430	1.554220	4.627620	5.487580	5.395670	6.443930	4.470340	15.436720	10.250731	4.663300	6.626670
270	1.466530	0.231800	-0.255800	0.924870	0.563600	7.421610	0.985350	1.249870	1.376020	0.970220	-0.144920	0.498500	-0.181380	0.423880	0.000000	1.006760	1.558620	1.351510	1.264170	1.493770
271	1.362370	0.648900	-0.346110	2.271140	1.915240	5.229220	-0.290810	3.516090	1.892830	1.365250	-0.491610	-0.137710	1.711790	0.000000	2.386980	1.568710	1.908230	1.352790	0.786140	1.616060
272	1.470480	0.350740	-0.024800	0.495290	1.846220	4.227770	1.151950	0.617830	0.246800	0.000000	1.031350	0.667260	1.841770	1.440060	2.500940	-0.493500	9.972238	10.041020	9.036310	9.022230
273	-0.274250	0.156030	0.376100	1.396270	1.764140	6.392630	0.078720	1.581100	0.361680	0.148620	1.315440	-0.166020	0.206680	0.000000	0.065470	-0.443720	1.335570	0.182950	0.187260	-0.111990
274	3.497130	2.627990	0.000000	1.968170	0.815070	4.373200	2.052740	2.114640	3.178710	2.553320	0.362690	2.174140	3.777240	3.321050	3.784880	2.411230	4.114510	4.730880	2.169110	3.701650
275	2.054180	0.971480	-0.295300	0.413170	0.368980	-0.678690	-0.379300	0.968160	1.742130	1.007280	0.380550	0.000000	1.559090	0.757260	2.062980	1.316660	2.040630	0.410500	0.687190	1.787580
276	0.000000	3.399360	3.604360	4.731960	4.563280	7.185440	3.200440	5.034170	3.966570	3.557810	3.472880	3.681490	3.910670	3.437460	4.250930	3.687210	4.671490	4.496990	3.916350	4.661130
277	3.156230	1.763390	-0.004700	1.077400	0.986460	10.054092	1.280460	0.976020	1.901050	1.881420	0.000000	1.075450	1.795420	1.695920	2.528260	2.156330	1.176070	0.613910	-0.443700	1.699150
278	1.098790	0.574080	-0.083500	-0.145000	-0.087400	1.355230	-0.237300	-0.038700	0.726940	0.380450	-0.091800	-0.228400	0.669160	0.000000	1.004060	0.844360	0.589860	0.260800	0.483880	0.960960
279	4.267460	2.471880	1.666500	0.927220	0.000000	6.703070	1.472150	2.110220	2.874500	1.728280	0.507880	1.402090	1.999000	1.753560	2.672630	2.011660	1.867110	1.634060	0.897110	1.038340
280	0.000000	5.011550	4.924970	5.611260	5.313270	8.630967	4.505300	5.617880	3.780400	4.895520	4.716990	3.505380	5.413550	4.887900	6.106590	5.256320	5.243980	4.631580	4.128530	5.263120
281	0.000000	6.026380	14.493230	21.907500	27.173200	7.415260	13.181280	18.673170	9.418837	9.658025	12.516490	12.523730	15.243870	13.331850	14.618810	12.767710	18.490870	15.881200	15.847370	85.174400
282	1.355500	0.000000	2.636350	1.444830	3.587230	4.906640	12.117800	1.627040	0.606500	0.028200	3.603740	9.685670	6.470700	6.228800	4.831600	3.418200	21.016500	15.660390	8.174650	26.977800
283	1.117280	0.000000	-0.267030	0.017570	0.541860	4.938230	1.696550	0.965870	0.751650	0.456880	-0.506920	1.646550	2.742520	1.076660	4.490310	4.007700	4.250900	6.643260	6.000130	5.917290
284	4.955750	2.889150	1.360890	0.000000	0.809900	4.890270	10.375302	2.872780	3.851370	2.005380	2.332450	6.115890	6.548370	3.891850	5.038270	2.421680	21.688000	13.904610	7.554430	21.917900
285	3.682410	1.784420	-1.321800	1.049670	3.465260	5.995280	0.995460	2.384720	3.152720	1.780270	-0.189000	0.821400	1.624070	1.238220	1.962840	0.644660	-0.723100	-0.423400	-1.031000	0.000000
286	1.360400	0.878840	0.406500	1.063970	0.694420	-0.987470	0.000000	1.264310	1.228080	1.199650	0.322560	-0.008980	0.734540	0.625630	1.634050	1.406540	1.135000	0.869790	0.589030	1.691360
287	0.864600	0.392890	-0.003500	2.374890	0.893450	0.610790	-1.163660	2.469850	0.480810	0.489460	0.091270	-0.800960	0.728760	0.000000	0.823600	-0.228420	0.736920	0.491900	0.524880	-0.306910
288	2.121130	1.328390	-0.090680	1.937640	1.601080	9.557178	0.360780	1.977040	1.581790	0.631980	-0.727880	0.326860	0.415280	0.000000	0.373990	0.541030	0.085620	-0.584580	-0.886880	-0.426080
289	1.117080	0.000000	0.911650	1.529600	3.847760	-2.288210	3.858890	1.108560	0.531310	1.427990	1.486990	1.837630	2.087780	0.528120	5.983810	2.096860	9.270495	8.409340	10.022389	18.023230
290	2.194580	1.634120	0.000000	1.896220	0.848000	1.268550	2.565410	2.455790	2.064260	1.893390	1.112480	2.985370	1.484580	2.355190	1.670720	1.589990	7.914170	7.669980	7.107410	33.843400
291	3.917010	2.346390	1.058130	0.000000	-0.767000	3.262830	3.470080	1.613920	2.960500	1.553150	1.193560	3.727750	3.563870	4.283250	3.771890	3.222020	5.951910	1.594410	1.444020	3.249810
292	5.267430	3.753300	0.000000	1.300500	0.301500	1.736290	3.554290	3.594240	5.190040	3.330330	0.511900	3.484350	4.001610	2.263880	5.198570	3.108930	10.308020	7.065790	1.589000	2.066370
293	4.180730	2.750970	1.618180	0.079100	0.000000	5.692290	0.990360	2.116930	3.301630	2.243500	1.192870	1.370230	4.022670	2.599280	4.036690	3.619150	18.153250	9.911833	7.842690	18.195860
294	2.145180	1.475430	0.911540	2.667570	5.187130	11.731900	1.999260	1.967290	1.527220	2.024370	1.104630	0.797410	2.698400	1.871380	1.844690	0.000000	9.429207	8.327850	8.103220	16.070040
295	0.582790	-0.360450	-0.937570	0.637300	0.603180	3.589520	-0.947470	1.001930	-0.066460	0.272570	-1.173070	-0.923870	0.000000	-0.454230	0.427790	0.327670	-0.515660	-0.299270	-0.628100	0.338210
296	1.364090	0.379050	0.219690	1.413100	1.496930	3.117160	-0.015970	0.373570	-0.176710	0.085050	0.579080	-0.066740	0.528290	0.056240	0.000000	0.056190	0.669660	0.039490	-0.046590	0.279390
297	-0.046200	0.473200	0.604380	2.370980	2.246710	2.201870	0.237200	0.493620	0.458810	1.982190	0.487100	0.122660	0.746180	-0.064860	0.470700	0.000000	1.937210	0.321070	0.315580	0.367270
298	1.241230	0.000000	3.501120	3.464390	6.844570	7.045520	9.757590	2.992720	0.664680	1.268670	2.047050	6.288690	8.001270	4.770720	6.786420	5.069550	23.267700	23.032100	16.898720	57.046300
299	-0.350350	-0.238220	-0.077420	1.363500	0.611050	0.160320	-0.228980	0.005910	-0.264870	0.035870	0.126390	0.000000	0.052860	-0.010110	0.705310	-0.129710	0.586700	0.252050	0.246070	0.823350
300	1.778230	0.803010	6.877640	4.160080	4.759210	-0.270320	6.852690	2.575550	0.000000	2.226170	5.920040	4.965520	4.995070	4.895210	2.785370	2.125380	8.955822	7.726970	7.425230	31.498480
301	1.345340	0.705660	0.372610	0.883080	0.529090	-0.085450	0.784300	1.027610	1.089800	1.210380	-0.037980	0.564380	0.000000	0.343290	0.529770	1.096940	0.235550	0.882680	0.816720	1.362320
302	1.129010	-0.313320	0.232090	0.929970	2.408550	-1.258920	0.968470	-0.242400	0.371210	1.022720	-0.298220	0.468930	0.615050	1.067840	0.000000	0.727070	1.712780	1.061850	1.275140	0.583580
303	4.221740	2.461590	-0.123100	0.000000	-0.457300	2.003810	12.447280	1.546970	2.543800	2.271140	1.292930	8.335000	3.984220	3.383130	3.345650	3.021650	21.074100	13.969000	7.392640	7.148800
304	2.886050	1.510620	-0.079200	0.000000	0.311460	3.949310	0.950920	1.917870	2.006020	1.617650	-0.308700	1.003570	1.711100	1.088370	3.342920	2.079810	4.869200	4.479630	5.078270	15.059420
305	1.544030	0.465420	-0.522950	0.167850	-0.403370	3.714660	0.068660	0.302590	1.213210	0.952000	-0.822210	-0.119610	-0.008570	0.000000	0.483070	0.172980	0.090310	-0.092980	-0.195380	0.453640
306	5.086290	3.038310	0.000000	2.974490	1.916700	8.350330	9.083690	3.845700	4.098470	3.243580	-0.267700	4.822150	5.721000	2.675190	5.760810	3.453420	16.074400	18.378520	10.877822	7.624900
307	1.888960	0.000000	7.474860	6.101990	9.529060	4.566400	18.992350	5.519710	2.527880	2.839970	8.974140	15.948450	12.523290	13.065750	5.839770	6.501840	44.507900	20.139340	27.118300	28.500700
308	0.825050	-0.456610	0.882030	2.067930	3.011920	5.425850	0.739080	2.246750	0.540610	0.552280	0.473170	0.200550	1.508310	0.435650	2.479050	-0.101710	3.470330	1.979250	1.682260	0.000000
309	1.464210	-0.079100	-0.992600	-0.476200	-0.746300	5.546250	-0.070200	0.480900	1.396450	0.580310	-1.273200	-0.604600	-0.037300	-0.702300	0.913430	1.154050	-0.417500	-0.715700	-1.018100	0.000000
310	4.620920	2.493480	0.407100	0.000000	-1.166200	5.683940	7.295790	2.951580	4.009450	2.379710	-0.518700	3.777160	4.981080	3.944840	4.610280	2.292150	17.907580	14.562440	7.778010	29.428200
311	1.916280	0.291140	-1.280740	0.824260	0.882490	7.411410	0.000000	1.868490	1.271490	0.563880	-0.880240	0.414390	2.545950	0.864090	2.006510	1.395240	0.743830	0.712640	0.277710	1.958320
312	1.695390	0.525980	-0.179150	0.573060	-0.108320	4.106710	0.724480	0.603390	0.830440	1.105990	-0.178610	0.313460	0.396170	0.000000	1.408040	0.953890	0.932960	-0.631830	0.767610	1.309730
313	1.947980	0.871200	-0.199930	1.219400	0.736760	4.870920	-0.094190	1.490590	1.523300	1.316820	0.083430	0.000000	1.185710	0.394350	2.160460	1.028100	0.348440	0.237750	0.077810	1.467440
314	4.415850	2.687630	1.600740	0.000000	1.314120	5.642370	12.092580	1.816320	3.291160	2.293180	1.738380	8.406520	7.197350	7.657920	5.757380	4.319570	27.458000	19.519810	14.034270	20.874390
315	0.000000	1.375180	1.118460	2.196730	2.243040	6.048890	3.527260	2.745220	1.702660	2.319740	1.043820	3.333600	1.975090	1.696520	2.900800	2.552310	6.583480	6.681730	6.615010	2.499850
316	0.708720	0.189850	-0.297280	0.319070	-0.275090	2.624660	-0.033800	-0.235220	0.162230	0.736810	-0.306400	-0.054660	0.000000	-0.103760	0.924420	0.485600	-0.045190	0.079440	-0.054540	0.584850
317	2.227430	1.103100	-0.056660	0.624910	0.248130	2.964020	0.061700	1.389390	1.175590	0.758900	-0.226610	0.000000	1.375740	0.397620	2.165030	0.771970	0.788170	0.432090	0.252790	0.682410
318	5.188300	4.705500	1.275900	3.177930	2.067190	5.944230	3.825220	3.319180	4.581050	4.053680	1.341260	4.389790	6.404010	3.936200	6.649930	4.487430	3.609340	0.367600	0.000000	3.852230
319	0.899280	1.493800	1.499200	3.783170	3.516070	4.401050	-0.160460	1.581750	0.687880	1.045580	1.522650	-0.354060	1.256360	0.818570	0.484040	0.000000	1.418780	1.241870	1.182700	0.150080
320	4.288480	2.906640	0.598100	0.000000	-0.112200	7.932300	3.066030	2.017100	3.611210	2.101970	0.267200	1.548460	3.357170	2.626040	3.861300	2.913470	5.441740	2.861620	0.533500	3.944010
321	1.331580	1.130090	0.141810	1.102750	0.913780	2.211340	0.903680	0.968230	1.394710	0.990060	0.397750	0.739100	0.226430	0.700910	0.538000	1.037190	0.000000	0.684420	0.636100	1.281020
322	5.099630	3.554320	0.000000	3.010790	1.615260	0.945050	7.517200	3.830970	4.701880	3.165290	0.267900	4.162870	4.576660	2.956590	4.484540	4.326910	14.302610	6.840960	1.193190	3.276890
323	1.786670	0.901740	0.010270	0.190150	-0.571510	-0.008680	0.453870	0.573450	1.367530	0.760200	-0.249010	0.179310	0.000000	0.090490	0.565810	0.772040	0.245880	-0.152910	-0.181510	1.059740
324	3.883460	2.350290	4.598040	2.956350	4.679860	0.000000	11.954768	4.843810	2.043750	3.573900	4.357630	9.901790	6.898130	7.151730	6.840480	7.537620	38.821500	21.008710	20.254140	35.176700
325	0.508200	-0.284000	1.175800	1.615310	1.472300	9.309080	3.036440	0.775200	0.041600	-0.068200	-0.225700	3.057950	0.000000	1.550140	0.700300	1.117600	4.437850	7.544480	2.726090	9.818420
326	3.407570	2.142470	1.085700	0.000000	-0.619800	2.843910	10.642080	1.714240	2.465200	1.843960	1.802050	6.619150	4.033400	5.357380	4.312130	4.070620	16.626810	22.822500	12.956500	6.554940
327	0.611510	-0.466800	-1.589700	-1.400200	-2.082700	2.450620	0.000000	-1.124900	-0.604500	-0.807400	-1.838300	-1.270500	-0.767600	-0.908500	-0.942200	-1.762200	-1.142600	-2.193800	-2.937400	-0.711000
328	7.065010	5.606200	2.280640	4.748350	3.596690	5.186090	6.983900	6.785930	7.070800	5.008900	1.803930	5.244140	6.350400	5.399590	6.615990	5.525110	6.276470	1.417610	0.000000	4.303700
329	5.703060	4.567770	0.190000	1.359360	0.000000	6.454990	3.947920	3.427380	5.026900	3.608440	0.872100	4.033840	3.849780	4.173630	4.756290	4.198450	0.987600	1.399740	0.789800	3.164150
330	0.000000	-0.813270	-1.985970	-1.536070	-1.308170	4.618520	-1.852570	0.559440	-0.467540	-0.902770	-2.130370	-1.996270	-1.183970	-0.937470	-0.489870	-0.739070	1.284710	0.486790	-0.049910	1.743420
331	0.572540	0.000000	0.462970	0.572150	0.244120	0.895230	-0.125160	0.851110	0.199380	-0.099840	-0.581600	-0.241810	0.395060	0.129080	-0.082780	0.595380	4.822370	6.528610	1.259540	2.404750
332	0.830760	0.562470	0.291360	0.594390	0.435470	0.203280	0.245950	-0.065840	0.000000	0.753720	0.403540	0.319990	0.437660	0.699510	0.850170	0.698680	0.288640	0.201420	0.169840	0.924820
333	0.000000	2.875520	2.298640	4.510010	3.466720	7.038370	2.617960	3.550820	3.270740	2.908390	1.303710	2.775390	2.875450	2.282810	3.090100	2.831370	3.299400	3.084920	2.098230	2.771050
334	-0.050110	-0.850930	-1.577430	-1.211530	-1.273530	-2.392030	-0.721630	-0.291030	-0.191470	-1.182430	-1.313830	-1.138130	0.000000	-0.797530	-0.510230	-0.265520	0.127290	-1.014730	-1.367530	-0.261280
335	1.023400	0.921450	0.160360	0.000000	0.505550	2.485920	-0.023520	-0.311150	0.466480	0.276460	0.007810	0.120250	0.433610	0.373700	0.022350	0.287060	0.811160	-0.095220	-0.408250	1.054750
336	1.390630	0.780740	0.389350	0.383430	0.091720	-0.380740	0.696640	0.413680	0.000000	0.220930	0.321270	0.445030	0.777820	0.479370	-0.197230	-0.300350	0.656860	0.456280	0.434260	0.797570
337	1.040620	0.000000	2.914780	1.057260	3.376700	-1.703400	2.018790	0.338860	1.373960	0.432490	0.534130	1.317400	1.308810	0.106600	1.571030	0.551910	1.015290	0.181200	-0.166600	1.934410
338	1.436630	0.707610	0.406620	0.000000	0.062210	-1.440050	1.206400	1.030750	1.599560	1.059290	0.150250	1.184130	0.879910	1.085150	1.785490	2.055590	1.801340	1.609800	1.965360	2.352810
339	1.004950	0.524500	0.568990	1.189970	0.831500	0.032780	0.241710	0.629370	0.780290	1.381400	0.147580	0.393970	0.000000	0.618010	-0.129270	0.746050	0.196840	0.090370	-0.017630	0.979320
340	1.262270	-0.519750	-2.022330	-1.488030	-1.835130	1.221000	-1.044930	0.000000	0.672870	-0.231920	-2.386130	-1.606030	-0.767330	-1.552630	0.529220	-0.314210	-2.110830	-2.080430	-2.566330	-0.637830
341	4.089650	3.008110	-0.162400	0.667300	0.000000	4.026320	6.482090	1.756480	3.317550	2.362230	1.728350	8.009940	4.049540	4.352900	3.788890	3.158070	25.275800	15.186820	12.574640	12.388310
342	0.472770	0.609290	0.957450	2.056140	1.744340	6.252850	1.343730	0.575230	0.000000	1.066240	0.416380	0.953640	0.383620	0.322820	0.694180	1.376930	1.674080	1.433450	1.293980	1.237900