SITE	GLY	ALA	LEU	VAL	ILE	PRO	ARG	THR	SER	CYS	MET	LYS	GLU	GLN	ASP	ASN	TRP	TYR	PHE	HIS
1	2.394900	2.098300	0.567800	1.922000	0.810200	2.213900	2.193700	2.306000	2.468000	1.885900	0.000000	1.937500	2.366000	2.339200	2.960900	2.492000	2.216900	2.131800	1.890800	2.404700
2	0.346000	0.156100	-0.199700	0.590300	0.365800	-0.557100	0.100800	0.606000	0.053600	-0.186800	-0.112400	0.016800	-0.416900	0.000000	-0.730200	-0.116600	0.661600	0.019400	0.190100	0.099600
3	0.457800	0.000000	-0.243600	0.341600	-0.059100	-1.232800	-0.377200	0.447900	0.800300	1.084500	-0.793700	-0.253800	1.351900	0.212800	-0.394900	-0.113800	1.024000	-0.549800	-0.901300	1.587900
4	0.239900	-0.338200	-0.604800	-0.081300	-0.305500	-0.423400	-0.705600	0.085600	0.000000	0.121800	-0.602100	-0.562400	-0.594200	-0.653300	0.077600	0.060700	-0.025000	-0.220900	-0.396500	0.323300
5	1.244100	0.725600	-0.382400	0.644600	0.508500	0.102200	-0.167200	1.047100	1.030800	0.960900	0.049900	-0.375100	0.365500	0.000000	0.850900	1.101400	0.598300	0.378800	0.137000	1.154900
6	6.506000	4.984600	2.971300	3.252000	4.123200	6.257300	5.722200	3.415300	5.500100	5.073100	1.189900	5.561700	4.180600	3.858300	5.516800	4.850200	1.092700	1.138700	0.000000	3.042000
7	0.506700	-0.687700	-0.138900	0.900300	0.793200	3.675900	-0.021900	1.267100	0.000000	0.964200	-1.456900	-0.674100	0.515200	-0.097700	2.406800	1.680300	4.459700	3.707900	1.280500	45.202810
8	0.865400	0.000000	0.020200	0.742400	0.284600	2.633200	0.014600	0.941300	0.257800	0.929200	-0.184600	0.160900	0.451100	0.091900	0.714600	0.692500	0.525700	0.346000	0.295100	0.752600
9	1.888100	0.794400	-0.079700	1.602400	1.302400	3.532300	-0.275300	0.972300	1.093600	1.405000	-0.140600	0.528000	0.973200	0.000000	1.218800	0.387600	0.140000	0.623500	0.247200	1.660900
10	4.191100	2.169500	0.528200	0.000000	0.497300	6.382800	12.575500	1.209500	3.056500	2.132500	2.087300	7.217000	5.524100	4.060300	4.525000	3.525400	14.342800	14.183800	8.947700	7.970700
11	2.534300	1.700000	0.000000	1.354800	0.350200	5.231700	1.636600	1.519900	1.758600	2.006600	0.109000	1.448500	1.972200	1.727700	2.694700	1.708200	2.172700	1.801200	1.670100	2.322700
12	0.486700	-0.257200	-0.484100	0.303800	-0.348400	2.474300	-0.823000	-0.148000	-0.325900	0.341000	-0.746500	-0.437500	-0.365100	-0.201500	0.000000	-0.326700	-0.595500	-0.435400	-0.467700	-0.063100
13	5.644100	4.345600	2.793700	5.222000	5.444300	8.866100	2.918200	6.414600	5.356600	4.683600	1.737300	3.505500	5.150100	3.702800	5.747900	5.107600	0.000000	1.351000	0.719400	3.883900
14	3.928300	2.395800	2.039500	2.699800	2.684500	9.229800	3.470600	3.863900	2.957200	3.016100	0.247000	2.556400	3.734700	3.461300	4.667700	3.878400	1.486000	0.000000	-0.627100	3.094100
15	0.297600	-0.392100	-0.515300	0.269600	-0.240800	3.937200	-0.503900	0.711200	-0.417700	0.341900	-0.813800	-0.317700	-0.240800	-0.083600	0.000000	-0.108000	0.088900	-0.654600	-0.886800	0.184100
16	1.630600	1.022100	0.171000	1.435400	1.117300	1.905100	0.468500	1.473000	1.035900	0.857100	0.640400	0.000000	0.954300	0.308500	0.930500	0.823600	1.302100	0.889600	0.826500	0.239800
17	1.696100	1.098100	-0.406300	0.940400	0.310000	5.892900	0.091100	1.612900	0.973700	0.934700	0.245200	-0.051200	0.098800	0.276900	0.708300	0.649100	-0.009800	0.000000	-0.097600	0.506200
18	0.000000	6.178700	13.087600	12.195800	15.476000	17.141000	24.538400	14.541900	8.183900	9.898000	12.211500	17.946200	18.140800	17.584700	15.466800	12.544900	31.552500	27.743800	21.433700	51.590300
19	2.116000	1.025600	-0.574500	0.361000	-0.362400	2.485500	0.000000	0.562500	1.496900	0.732100	-1.025700	-0.228200	1.100500	0.536900	1.769100	0.900900	-1.096000	-0.503700	-0.506100	1.013400
20	1.555300	1.507600	0.528000	1.262100	0.948700	2.109300	0.399900	1.309800	1.451400	1.317300	0.693100	0.000000	1.436100	0.942500	1.861300	1.241500	1.773400	1.540200	1.175000	1.404300
21	-0.136700	0.092400	-0.545900	0.007100	-0.208000	0.285000	-0.438800	0.000000	-0.021400	0.009100	-0.473500	-0.425300	-0.675300	-0.299800	-0.316400	-0.390100	-0.565000	-0.598300	-0.604400	-0.144900
22	3.655700	2.270300	0.000000	2.314300	3.144600	1.426100	2.567000	3.727000	2.760900	2.499700	-0.152100	1.997400	2.429400	2.671700	2.771200	2.432100	0.154900	1.552300	1.078500	2.100500
23	3.865100	3.018100	3.005900	3.382600	2.776900	0.000000	3.663100	3.801400	3.659900	3.594600	3.128400	3.348700	3.945000	3.207100	4.394400	3.878500	3.955700	3.062600	2.866200	3.934500
24	6.331100	5.367800	4.942700	6.258100	5.685100	5.263600	5.509300	6.161000	5.340700	5.143600	2.094400	4.451500	4.594700	4.528100	5.553300	4.728300	0.000000	1.635400	1.044600	4.379100
25	0.705600	0.078200	-2.258000	-0.342300	-0.632600	4.381700	0.308700	0.420000	0.876300	0.213700	-1.637200	-0.140900	0.894900	0.000000	1.675600	-0.007700	0.580000	0.339500	-0.966600	1.101200
26	1.773500	1.207100	0.204200	0.576500	0.000000	3.077100	0.477000	0.780200	0.816500	1.129500	0.598200	0.547800	0.497100	0.551200	0.928000	1.098700	1.183100	0.978500	0.939000	1.377600
27	0.718300	0.905500	0.789000	1.309800	1.522300	2.587800	0.079200	1.523300	0.649600	1.379000	0.479500	0.132100	0.189000	-0.207300	0.000000	-0.037900	0.901300	0.433900	0.381500	0.428300
28	1.951400	1.133600	0.207400	1.158300	0.896100	0.770000	-1.557800	1.563900	1.366100	1.089400	-0.959500	0.000000	1.515300	1.285500	2.418900	2.078900	2.421800	1.401400	1.658600	2.041300
29	1.090200	1.115300	0.402000	0.729800	0.655900	4.293600	0.938000	0.000000	0.047400	0.413700	-0.056600	0.701800	-1.399000	0.574100	-1.618100	-0.010800	0.546400	0.253800	0.621500	1.083100
30	4.146000	2.757300	1.934200	2.719500	3.975600	0.000000	2.785300	3.357400	4.034500	2.926800	1.685800	2.898400	2.862000	3.653100	3.717700	4.821200	8.445500	5.040600	7.285500	8.728700
31	5.570000	4.186800	2.003800	2.987900	2.331400	2.405200	4.374400	3.738600	4.802800	4.560500	1.533300	3.541600	1.800400	3.374200	4.542000	5.188400	6.550400	0.000000	0.719300	3.991900
32	2.089900	0.756500	-0.703900	1.502900	2.138600	0.107800	-0.399600	0.244100	-0.019200	1.203600	-0.275000	0.000000	0.676500	0.869400	0.580300	1.118200	1.356600	1.069500	0.814800	1.372500
33	3.260800	1.894700	-0.859800	0.000000	-0.717600	5.169500	2.129600	1.393500	2.404900	2.097200	-0.359300	1.570800	3.289000	1.254300	4.039100	2.216500	2.611700	4.666600	4.051000	4.975000
34	7.049500	5.336600	4.043400	5.886900	6.753200	11.134400	6.478800	5.800800	7.012600	5.705400	2.315000	5.417500	5.803900	4.944800	6.587600	6.165900	0.000000	1.493800	0.997600	4.453100
35	4.892500	3.137300	0.000000	1.994700	0.283300	8.884600	7.004100	3.054100	5.000500	3.286000	0.159800	3.876100	4.325800	2.287200	4.454600	2.818200	15.652000	2.109800	2.246800	4.353600
36	0.911500	-0.808500	3.154300	2.890300	3.107500	8.255000	3.796000	1.299200	0.000000	-0.275700	-1.503600	1.831800	2.946000	1.193000	7.142700	4.610700	6.228200	4.067700	0.100900	40.343640
37	1.946900	0.491800	-1.794200	0.021300	-0.265700	3.472700	-0.342800	0.874200	0.935300	0.738400	-2.037600	0.059300	0.000000	-0.189300	0.009400	0.181600	0.862300	0.735400	-0.111300	1.077500
38	2.972100	1.455700	-1.158200	0.000000	-0.802200	5.759700	2.670700	0.954800	1.801700	1.550500	-0.942300	0.067800	2.061800	1.295700	3.218700	1.315600	28.535300	2.945200	-0.722500	1.915500
39	5.046500	3.219600	-0.004300	2.903000	2.266900	5.451300	6.947500	2.740200	4.047800	3.183600	0.000000	3.856800	4.391100	4.032400	5.220400	4.112400	13.773300	9.919000	5.445900	6.036300
40	2.187200	2.218200	0.000000	2.644200	1.611700	4.700000	0.752500	3.566200	2.041600	2.214700	0.458700	1.817900	2.797500	2.094800	3.415800	1.645100	1.867800	2.561700	2.180900	2.367400
41	1.344500	0.638200	-0.220300	0.612100	0.328700	2.491200	-1.389800	0.708800	0.364300	0.485700	-0.935100	-0.028300	0.707500	0.000000	1.466300	0.150700	1.117800	1.085100	0.661300	1.866300
42	0.982900	0.216300	-0.488600	0.871500	0.406600	2.583100	0.064000	1.678100	0.842700	0.169900	-0.690200	-0.299500	-0.096000	0.000000	-0.175000	0.297600	-0.150400	-0.441000	-0.536000	0.175900
43	1.689400	0.491100	0.842600	-0.214200	0.270500	7.076100	0.639100	0.000000	0.600300	0.275200	-0.154600	1.073900	1.521500	0.725600	1.537600	1.121200	10.912100	11.297400	8.950200	19.050300
44	0.214100	0.225700	-0.226900	0.526100	0.120000	-0.804100	-0.019400	-0.015600	-0.135800	0.633900	-0.078300	0.310800	-2.328100	0.000000	-4.509300	-0.611600	-0.263800	0.095600	-0.012000	0.230400
45	2.015200	0.943000	-0.387500	0.000000	-0.533100	-0.810000	0.756000	-0.037000	1.988200	1.177000	-0.309500	0.645900	-0.347200	0.439000	0.715200	1.744700	0.399900	0.254300	-0.306000	1.225400
46	0.409600	0.000000	-0.211700	0.103400	-0.061000	-1.655800	0.233400	0.388800	0.327000	0.468500	-0.571400	0.011700	-0.423200	-0.103800	0.070500	0.237900	-0.269400	-0.412100	-0.446300	0.358400
47	0.550800	-0.535500	-1.365600	-0.405000	-0.710100	-0.593300	-0.736200	0.000000	0.413600	0.064300	-1.011700	-0.745800	-0.534200	-0.749300	-0.309900	0.278300	-0.178200	-0.360100	-0.402900	0.059500
48	4.077500	1.964700	2.027800	0.000000	3.517600	4.920400	12.493800	1.288900	2.586700	2.261300	1.474900	5.878500	6.867900	5.138800	5.416400	3.851500	17.459100	16.814500	8.272700	6.162800
49	2.912000	1.971000	-0.151900	0.816100	0.000000	4.610200	1.051600	1.467800	2.970000	1.718500	0.078800	0.534100	1.580200	1.415700	2.963400	1.474500	1.205900	0.720700	0.867200	1.712200
50	2.724700	2.181500	2.066000	2.268200	1.937400	0.000000	2.232300	2.444700	2.561700	2.320300	1.687900	2.014400	1.881900	1.905900	2.466200	2.577700	1.690400	2.014300	1.922400	2.693400
51	3.302800	1.674000	0.352000	1.776800	1.648000	0.758400	1.290000	2.291400	3.192600	1.949500	0.733600	0.301900	2.672900	1.691700	3.416300	2.111900	2.069300	0.000000	0.394500	1.461700
52	5.521800	3.809600	0.880000	3.138500	2.268500	10.171100	5.002100	4.454300	4.539100	3.992200	0.494200	3.702600	5.545700	3.858200	5.984300	4.920800	-0.153000	1.145600	0.000000	2.805800
53	1.272900	0.567800	-0.745300	0.418600	-0.492900	3.461200	0.083100	0.481100	0.649500	0.657200	-0.736100	-0.244200	0.000000	0.186600	0.714800	0.263400	-0.487700	-0.635800	-0.779400	0.192700
54	1.411300	0.258100	-0.057000	0.749300	0.062900	3.005100	0.000000	1.002300	0.612000	1.280400	-0.401400	0.028800	0.785700	0.068800	0.945500	0.122200	-0.366200	0.007200	-0.109400	0.331100
55	5.943000	4.271600	1.762000	3.870300	2.544500	6.534000	5.132600	3.549300	4.837600	4.557400	1.063400	4.316000	5.312900	4.625200	5.863700	4.117700	3.361500	-0.229800	0.000000	2.984700
56	3.937900	2.781500	0.589400	1.922700	0.506500	6.412000	2.736700	2.261900	2.910800	2.162900	0.000000	1.695400	2.633000	2.103400	3.465000	2.572100	1.923300	2.386100	1.885900	3.165300
57	0.673000	0.000000	-0.060800	0.438500	0.011100	3.304800	-0.218600	0.002300	-0.511800	0.707200	-0.294100	-0.169600	0.426700	-0.289300	0.872800	-0.009200	-0.225900	0.301500	0.071800	0.056500
58	1.884300	0.751900	-0.539500	0.453600	0.304500	3.704000	0.000000	0.723600	0.799600	0.453200	0.043100	-0.273700	1.126700	0.608300	1.968400	0.328600	0.532200	0.407600	0.277800	-0.112200
59	5.895400	4.725800	2.530200	4.416200	4.236400	8.517300	6.677700	6.499300	5.661000	4.174600	0.970700	4.707000	6.286000	5.218100	7.107200	4.899100	2.910500	1.341800	0.000000	3.223500
60	1.843100	1.857200	1.826800	2.434400	2.076700	0.000000	0.711500	2.273600	1.792400	2.434900	1.911400	0.634100	2.185500	1.642900	2.533100	1.902900	1.621700	1.775300	1.719900	1.081500
61	0.771500	0.991700	0.828900	0.838400	1.126700	3.556300	-0.326600	0.000000	-0.034500	1.226600	0.854500	0.439500	-0.896900	0.816100	-1.980300	-0.151400	0.633100	-0.001400	-0.158700	0.606100
62	3.866800	2.025700	1.365500	0.000000	-0.471300	0.268700	4.090500	2.258200	3.364400	2.052100	-0.080200	3.710900	1.029900	2.677200	3.769000	2.417100	12.801500	7.757400	11.629800	23.178600
63	0.247700	-0.620800	-1.060200	-0.483900	-1.017400	-1.185000	-0.703300	0.000000	0.054800	0.003000	-0.880300	-0.765100	-0.547800	-0.505500	0.155500	0.109300	0.520000	-0.468200	-0.849000	0.309100
64	1.857100	0.702400	0.065200	0.084200	-0.126600	-0.081000	-0.012300	0.647400	1.443600	0.895600	-0.099300	0.340900	0.465000	0.256500	0.000000	0.859800	0.565000	0.432700	0.303000	0.162900
65	5.608200	3.859000	0.000000	4.114500	4.337500	8.652500	6.601000	4.796400	5.470200	3.691500	0.023400	4.210900	4.059800	2.953900	5.204200	3.528100	9.071300	4.707800	2.021400	2.002900
66	1.588000	0.000000	4.320100	4.780300	6.877500	8.039300	3.312700	4.823700	1.459800	1.787200	1.169900	0.876800	2.538900	3.084200	5.719700	3.818900	6.168900	4.633800	3.986800	4.900500
67	0.854200	0.426300	-0.101900	0.731300	0.129400	3.582700	-0.847300	0.883000	0.006600	-0.059100	-0.053100	-0.335300	0.082000	0.091900	0.956600	0.000000	0.492400	-0.220500	0.099100	0.001600
68	0.870900	0.000000	1.991100	1.452200	1.848600	1.782800	2.465800	1.357200	0.372700	1.512700	1.317500	1.630800	5.842800	3.758200	2.836000	1.346800	6.028700	4.630100	4.913900	2.616400
69	1.825100	1.222800	1.415000	1.625500	1.634500	0.000000	1.192700	1.710500	1.468300	1.501800	1.086800	1.150200	1.141800	1.233000	1.157000	0.944200	1.370100	1.505800	1.496900	1.720500
70	2.001400	1.827800	0.000000	1.272300	0.175400	0.110400	1.807100	0.125400	1.189900	2.104200	-0.778900	1.952800	1.391800	1.483200	0.736500	1.091500	2.901400	1.181700	4.922200	3.050500
71	0.718700	0.061200	-0.334600	0.347100	-0.132900	-1.628200	-0.093800	0.608200	0.527100	0.572800	-0.697800	-0.302000	-0.992900	-0.478100	0.000000	0.515800	-0.124200	0.021800	0.368100	0.813500
72	1.365100	0.315000	-0.205800	0.473400	0.044300	0.468100	0.517000	0.888000	0.307600	0.944800	-0.574100	0.348600	0.000000	0.060900	0.644400	1.043700	0.680800	0.659700	0.599000	0.797300
73	3.810300	2.102600	-1.098600	0.000000	0.294400	1.000800	10.855600	2.201800	2.894800	2.379900	0.587600	4.261300	3.825600	3.357200	3.626100	2.369700	15.211600	6.568700	4.542900	4.881500
74	3.176700	2.227900	0.000000	1.643400	0.607500	5.930500	2.135300	2.164400	2.926500	2.376200	-0.053400	1.621600	1.739100	1.980000	2.344600	2.922600	2.089200	4.486000	-0.154300	2.915500
75	0.469500	-0.341900	-0.415300	0.298900	-0.162600	2.669700	-0.545200	0.255900	-0.401800	0.429700	-1.100000	-0.568800	-0.329000	-0.616200	0.084500	-0.317700	-1.010300	-0.478700	-0.448600	0.000000
76	2.936900	1.760500	0.000000	2.034100	1.541000	4.614600	1.440800	2.327600	2.600700	1.917400	-0.243300	1.197500	2.499700	1.814600	3.129900	1.610600	1.216300	0.172200	0.793600	1.251000
77	6.925000	5.610100	4.035000	5.370900	5.229700	10.596800	7.438100	5.960100	6.393800	5.963600	2.880700	7.102200	6.355600	5.606600	7.018000	5.430100	0.000000	2.963700	1.875700	4.439900
78	0.592800	-0.143600	-0.858100	0.077100	-0.374300	5.107900	-1.111000	0.000000	-0.388200	-0.434200	-0.460900	-0.609700	-0.517900	-0.222300	-0.841100	-0.509100	0.130100	-0.332700	-0.710000	-0.248300
79	0.000000	4.810400	5.969400	8.773700	8.705100	10.453900	5.893400	8.593700	5.945400	5.266300	5.895700	5.788000	5.816900	6.029700	5.304800	5.346300	5.977500	5.877900	5.881700	6.205300
80	4.976900	3.514900	0.000000	2.836800	1.542100	8.844700	7.986900	2.890900	3.676300	1.767600	0.481500	5.938400	4.300400	3.385100	2.834900	4.077600	32.614200	14.179700	9.427700	64.870200
81	0.000000	2.445400	2.582400	3.185200	3.020600	5.864700	2.602100	3.080900	1.335500	2.527500	2.439900	2.511400	1.308700	1.915900	1.003000	1.387000	2.529900	2.364200	2.303100	2.123300
82	0.956600	1.092400	0.336000	0.729000	0.477300	1.883800	0.922800	1.118100	0.969900	0.620100	-0.013000	0.138900	-0.631300	0.190700	-1.517500	-0.268800	1.173200	0.000000	-0.091000	0.639500
83	0.866800	0.456900	-0.975400	0.421700	-0.518100	-1.043900	-1.031400	0.724500	0.441200	0.298200	-0.917000	-0.365500	-1.054600	-0.154600	-0.279400	0.500100	-0.154900	0.000000	-1.087900	0.571200
84	0.871200	0.000000	-0.364600	-0.078700	-0.699700	-1.216400	0.283800	0.169800	0.559300	0.228900	-0.687600	-0.205700	-1.511000	-0.351300	-0.569400	0.417200	-0.197800	-0.139600	-0.339600	0.640900
85	5.008700	3.440400	1.697400	3.838300	3.165800	5.470500	0.000000	5.788500	4.540800	4.117300	1.735400	2.437000	4.823800	4.362400	5.185800	4.552700	4.094400	2.758500	1.806200	4.691900
86	2.056200	0.000000	1.322200	0.186200	1.687500	6.570100	10.522000	3.076500	1.837700	0.887900	1.953400	11.390200	5.742000	4.773500	2.818000	2.489400	22.519000	49.837070	45.098670	43.240740
87	1.523600	0.451300	-1.410400	-0.257900	-1.408000	2.221200	0.000000	0.842200	0.957000	0.816300	-1.338500	-0.414000	-0.295200	-0.275400	0.767000	0.882000	-0.696400	-1.154100	-1.387600	0.236400
88	1.343900	0.235800	-0.850000	0.907700	0.822000	3.032200	-0.023700	0.973900	0.562600	0.709400	-0.851700	-0.164200	0.229100	0.320200	0.970100	0.000000	-0.579900	-0.496900	-0.582800	-0.237000
89	5.605300	3.673500	0.000000	2.676300	2.986300	8.462000	8.408200	3.404100	4.971300	3.665500	0.125100	3.685800	4.395100	3.802700	5.316100	4.370300	17.498200	13.289300	5.101100	6.532000
90	2.871100	1.136500	-1.081900	0.346900	-0.258700	5.880400	1.222800	1.209200	1.510000	1.545800	-0.858200	-1.349800	2.127000	-0.329400	3.162300	1.603000	-1.343900	-1.379400	-1.580300	0.000000
91	1.453900	0.358800	-0.183900	0.451600	-0.224000	2.967400	0.074400	0.973700	1.034300	0.978300	-0.449600	0.000000	0.235200	-0.081100	0.792100	0.230900	-0.125500	-0.135000	-0.257900	0.442500
92	1.990600	0.000000	6.175400	3.066500	5.030800	7.267000	11.775100	3.346200	1.162700	2.282600	5.095700	7.622000	8.625600	8.032900	6.776400	6.982400	35.854200	32.621500	23.862000	53.228590
93	1.903900	0.000000	7.548200	2.916000	3.949300	6.820500	25.739700	1.865100	0.885400	4.277900	6.973600	20.054300	9.406700	8.725400	6.215600	5.404700	26.005000	30.523000	25.567200	41.133860
94	1.735100	0.764900	-0.264800	0.567300	-0.045500	5.461600	-0.740300	1.200100	0.788700	0.819400	-0.374700	-0.528000	0.928900	0.000000	1.735600	0.654500	0.628700	1.010500	0.905800	1.325400
95	1.879400	0.389700	-1.480300	-0.526900	-1.081600	4.324800	-0.717200	0.412400	1.288900	0.911600	-1.313300	-1.012500	0.623600	0.000000	1.418700	0.470600	-0.653900	-1.185000	-0.996100	0.795900
96	4.675500	2.511300	1.710800	0.000000	0.198100	5.838700	14.398100	1.512500	3.181500	2.603600	3.585300	6.628400	5.937600	5.508800	5.366900	4.027100	25.071000	16.524700	12.272600	25.473200
97	1.727500	0.000000	-0.515800	1.228700	1.944000	4.426100	-0.076300	1.873500	0.792700	0.949500	-0.627400	-0.507500	0.289100	0.655200	0.433800	0.791200	0.347400	-0.365200	-0.634600	0.758200
98	1.276200	0.426900	-0.243700	0.176300	-0.285500	4.486100	-0.553500	0.000000	0.675900	0.642300	-0.357600	-0.446600	0.230200	-0.385700	0.834700	-0.161600	0.534800	-0.236700	-0.376800	-0.115800
99	1.824900	0.974600	0.000000	1.235600	0.765600	2.802200	0.256500	1.861000	1.150800	1.470600	0.469600	0.373500	1.207300	0.722900	1.576700	1.156400	0.431300	0.694600	0.612600	1.088200
100	1.105200	0.549400	-0.468200	1.811000	0.918100	3.281100	-0.667000	2.330700	1.610200	0.504500	-0.606800	-0.736200	1.690500	0.431900	1.898500	-0.316400	-1.199100	-2.045700	-2.783000	0.000000
101	0.000000	1.313800	1.300300	2.414200	3.732300	4.466400	-0.298100	2.002200	1.244600	1.110200	1.380700	-0.291400	1.252100	1.025600	0.866300	0.681600	1.306000	1.144100	1.008400	0.378300
102	0.000000	3.122200	2.881100	3.930300	3.750400	5.275600	1.994700	4.092100	3.520900	3.128700	2.524600	2.209400	2.159300	2.522500	3.501000	2.689200	3.909700	3.101300	3.025100	2.931800
103	0.722600	0.665400	-0.070300	0.310900	0.120600	4.631000	-0.005300	-0.022400	0.239300	0.291300	-0.068200	0.000000	0.119100	-0.031900	0.266300	0.052500	0.628500	-0.018600	0.317200	0.701400
104	7.408200	5.789700	2.013900	3.392600	2.708900	2.934300	6.010300	5.406800	6.730100	5.099500	1.249700	5.691200	3.063800	5.371800	6.540000	5.024600	6.342900	2.810400	0.000000	2.879300
105	4.570000	3.051300	7.644300	5.688800	7.031000	0.000000	11.783300	4.299400	4.647900	5.334000	5.690000	7.218800	5.642100	6.478900	8.777400	5.870600	13.661500	12.576900	13.749200	13.109300
106	0.837500	0.511100	-1.115800	0.055800	-0.325900	0.580800	-0.350400	0.304100	0.406700	-0.063000	-1.249300	-0.470300	0.000000	-0.697900	0.658200	-0.256600	0.330900	0.486300	0.468300	0.754200
107	0.498000	0.799400	1.247000	0.892500	1.024400	1.100700	1.925500	0.000000	0.076000	1.536900	1.841300	1.850400	0.153700	1.261900	-0.333400	0.521900	0.977400	1.013700	0.951000	1.892800
108	3.181900	2.214700	0.730400	3.830300	3.854500	1.794600	2.306700	3.387700	2.479100	2.573200	0.459800	1.667600	1.749400	1.533300	2.935200	1.966400	1.022600	-0.476700	0.000000	0.942900
109	2.204900	1.758800	1.613700	2.052800	1.793500	0.621100	1.837400	1.970300	1.782700	2.392800	1.433500	1.824600	0.000000	1.437000	1.274700	1.815500	1.620200	1.893400	1.835600	1.965400
110	2.059600	0.836900	0.382500	2.688200	2.852500	0.474400	0.937500	1.809800	1.459500	1.929500	0.332000	1.025900	0.000000	1.466400	0.804400	1.672100	0.948800	0.655600	0.431300	1.984300
111	3.809900	1.926600	3.130900	0.000000	2.482700	4.737700	10.751500	1.227400	2.525700	1.774700	4.192300	6.821600	6.652300	3.928000	4.826800	3.197500	24.549600	15.773000	13.269400	16.712700
112	1.337800	0.000000	-0.330800	0.520700	-0.267300	7.200200	0.070700	1.438400	1.013900	0.589500	-0.751100	-0.443000	0.041400	0.399800	1.549500	1.127200	1.040100	0.646800	0.557600	1.249500
113	-0.207300	0.000000	0.182100	1.555800	1.566100	5.517300	-0.145600	1.436400	-0.144900	0.301900	0.113700	-0.254700	0.549000	0.033900	1.051400	-0.065400	0.582900	0.186200	0.229900	0.502000
114	4.762800	2.991700	0.000000	2.479600	1.786700	3.919900	3.833400	4.190000	3.711900	2.512000	0.258400	0.698500	4.452300	2.303400	4.561700	3.071500	3.539600	6.916200	2.908500	3.489500
115	3.606900	2.292300	2.448700	3.987300	3.873100	0.000000	2.890600	2.509000	2.764800	2.801600	2.328800	2.475200	2.662500	2.263600	3.155000	1.859800	2.137600	1.779300	1.692900	2.828900
116	0.000000	3.141500	3.735800	5.752100	5.631400	14.382600	5.675000	6.488700	4.369500	3.329700	2.231500	5.311200	4.293300	3.931700	4.483400	4.204000	13.967300	19.057600	14.286800	14.571300
117	4.625400	3.010000	0.751000	0.000000	0.011600	6.692400	9.029200	2.278600	4.010400	2.168800	3.128300	7.108800	4.435700	3.895500	3.682600	3.622800	22.298300	21.709500	14.932400	29.184900
118	0.000000	1.850000	1.932900	2.468500	2.370500	0.156800	2.146300	1.272400	0.383400	1.713100	1.639800	1.833500	-0.613900	1.435700	-3.690700	-1.046100	2.140200	1.048400	1.548400	2.298300
119	1.202800	0.429200	-0.706500	0.116200	-0.504900	-0.881400	0.000000	0.334500	0.852400	0.596900	-0.914500	-0.462300	-0.688900	-0.159700	0.098900	0.612700	-1.755700	-0.635900	-0.809400	0.260300
120	0.924800	-0.030300	0.075700	0.714900	1.051000	-1.359700	1.374800	-0.139600	0.000000	-0.286000	-0.462400	0.900700	-0.583400	0.703600	-0.464200	0.757600	-0.109100	-0.549600	-1.105900	-0.474200
121	1.928200	0.617900	-0.892200	-0.458400	-0.756800	-0.884900	1.795600	0.000000	1.746700	0.696100	-0.054500	0.172600	-0.398800	0.430400	0.411000	0.333500	0.353000	0.599400	0.273300	0.848100
122	2.017400	0.000000	9.149500	2.237200	6.769900	5.150200	13.677600	1.536000	0.879300	0.313300	9.122700	14.436800	13.916700	13.036000	7.362600	8.318400	43.737240	45.191190	39.029730	56.400240
123	0.000000	-0.651200	1.337700	4.047500	4.459700	4.877400	2.120600	2.657900	0.508100	-0.145300	-1.407900	2.157600	4.387600	4.978100	3.588800	0.539100	4.696700	0.479900	-0.131200	1.966000
124	1.894400	0.000000	0.458200	-0.516000	0.017200	4.718900	0.343600	0.366500	1.642100	0.295400	-0.675700	2.352600	3.649600	1.879200	3.080700	-0.078800	-1.272700	0.369300	-0.511600	11.280600
125	5.670800	3.627300	0.291900	1.310100	0.000000	8.203700	12.578800	3.415300	4.775300	3.741000	2.026200	5.890000	5.438200	4.363800	6.287000	4.721500	21.780500	11.350800	7.910500	7.881200
126	5.121800	3.242800	0.000000	2.326200	2.148800	7.608100	11.803200	3.629000	5.176900	3.377400	0.316900	3.412400	4.571000	3.658800	5.411500	3.283500	17.614600	15.886100	9.413700	6.427100
127	0.928800	-0.753100	6.652700	2.532000	6.968700	5.470700	14.063500	1.976600	0.000000	0.762000	6.553200	12.719000	8.788600	5.350800	7.623600	5.193000	23.195800	15.232300	10.301400	34.204400
128	3.721000	2.334700	0.000000	1.380900	0.194300	5.654300	0.400900	3.086700	3.515400	2.430600	-0.036800	1.069700	3.733200	1.554200	3.286400	2.437300	3.463600	0.821300	0.115800	2.555500
129	0.801200	-1.295700	11.013900	2.479800	3.622200	4.358300	10.395200	2.234400	0.000000	0.442400	7.642700	8.130600	8.611900	3.551800	7.707500	6.277600	9.723300	11.873300	9.382500	34.700700
130	2.519600	2.461600	0.000000	2.439600	1.131300	5.290800	1.017400	2.892000	2.843200	2.132300	1.254300	1.195800	2.734800	1.770600	3.051100	1.708400	2.716000	2.681500	2.553500	2.205500
131	0.000000	2.523700	2.259300	3.557700	4.077500	5.043100	1.402000	3.742000	2.680600	2.321900	2.406400	1.361000	2.954600	1.819000	4.450800	2.536000	3.646700	2.932000	2.893500	2.872300
132	1.774400	0.483400	-0.809900	0.852900	0.238200	5.010300	-0.199200	2.075100	1.595500	0.960200	-0.906100	0.000000	0.644000	0.720300	1.202200	1.482700	-0.146200	-0.601900	-0.523000	0.955600
133	0.471300	-0.195200	-0.447800	0.272000	-0.234400	-1.124700	-0.323000	0.482800	0.412200	0.297400	-0.340500	-0.489100	-0.057600	-0.185700	-0.039300	-0.226400	-0.796000	-1.749800	-0.925100	0.000000
134	3.773400	2.643000	0.727100	1.384800	0.596100	6.988600	1.518800	2.135000	3.064400	2.436800	0.690400	1.582300	2.330500	2.108100	3.402500	3.098200	0.884300	0.575400	0.000000	2.265300
135	2.367200	1.397400	3.925200	1.746800	2.323300	0.000000	2.469400	3.390000	2.441900	1.519600	0.675100	2.566000	2.070300	1.637200	3.886400	3.262800	4.498600	3.364900	1.421000	4.031800
136	4.012000	3.049700	-0.377600	0.701900	0.000000	1.154900	5.683300	1.835800	2.778800	2.519500	-0.155100	3.565400	4.786800	2.888700	4.708300	3.544800	7.691400	12.596400	5.684900	3.114400
137	4.331200	3.430100	0.000000	4.079900	3.001400	11.914000	5.860200	3.493200	3.580900	2.237900	2.088500	4.973800	4.288400	5.575400	4.317600	3.075500	4.729800	10.327500	4.656200	5.089400
138	0.734200	2.597300	0.495500	2.253800	1.699600	-0.874100	2.110600	1.680500	1.012200	1.951000	0.837900	1.421700	-0.175800	1.071500	-2.460400	0.000000	2.352900	1.562800	2.096900	3.185900
139	0.000000	-0.397200	-0.489500	-0.063000	-0.475900	-1.842400	0.282400	0.059900	0.018000	-0.038600	-1.004300	-0.021400	-1.659300	-0.633100	-2.042100	-0.106600	-0.794700	-0.371300	-0.627800	0.191600
140	0.372700	-0.903100	-1.262100	-1.228400	-2.006500	-2.340300	-0.916300	-0.472800	-0.345100	-0.862900	-2.146500	-0.845500	-2.729400	-1.073700	-1.250400	0.000000	-1.050400	-0.640100	-0.610500	0.095700
141	3.356200	1.782600	-0.977200	0.000000	-0.636300	0.621400	5.348300	1.768400	2.397200	2.066900	-0.362300	2.378700	1.717300	3.363400	1.668100	3.024400	8.223700	2.463000	1.670000	2.443000
142	1.969100	0.347300	-0.603200	-0.704600	-1.118200	3.789800	0.499600	0.974600	1.877100	0.978000	-1.122600	0.000000	0.224500	0.023100	1.928100	1.662100	2.167800	3.419000	1.505500	2.942100
143	3.232900	1.903400	1.156800	1.389100	0.985700	5.369900	0.000000	2.232500	2.726000	2.395900	0.760800	2.183500	1.866600	2.755200	1.914000	2.162300	2.542300	1.646200	1.390900	2.139500
144	3.770100	2.004500	-0.698400	0.000000	1.606700	5.189300	3.722800	1.003000	2.691100	2.574500	-0.133800	3.225200	3.210600	1.604100	3.525600	3.229900	5.494900	10.314100	5.589300	7.722700
145	5.321800	3.521300	0.000000	1.654300	0.790400	6.005800	4.591900	3.193300	4.424200	3.650000	0.553700	4.388700	4.665200	3.449200	5.112200	3.222300	7.600400	5.453100	2.726800	4.022900
146	1.733300	0.000000	5.125000	4.389800	5.868700	6.903000	11.713900	4.708200	1.016200	0.793200	2.317800	4.275400	7.801400	6.688300	6.823400	2.204300	20.705200	11.792500	10.149900	12.105500
147	3.742600	2.264200	1.240100	2.394700	2.561200	6.264200	0.000000	2.827000	2.635900	2.502700	-0.112700	1.097800	3.535500	2.186500	4.594300	2.713000	10.119400	8.942800	8.654200	11.769700
148	2.177700	0.151500	0.465500	-1.438500	-1.249600	2.678800	2.531200	-0.182500	0.777700	0.000000	-0.430000	1.894400	1.771100	1.821400	2.074500	0.261800	7.163500	5.757400	3.925700	2.778700
149	2.194200	2.010500	0.006500	2.157000	0.743300	3.641400	0.851800	2.394100	2.700000	2.159500	-0.013200	1.360500	2.347200	1.744900	2.610700	1.178300	-0.276600	0.000000	-1.482100	0.519100
150	0.224000	0.000000	2.758100	3.094200	5.054700	2.810700	0.226100	3.075100	0.427400	0.577700	1.000400	0.329900	0.773000	0.734900	2.786500	2.248000	5.518400	3.553800	4.266100	4.065500
151	3.088900	2.193900	2.065000	0.000000	-0.403400	3.706700	1.958200	2.296600	3.060600	1.836100	0.875600	1.589400	3.028600	1.955800	3.162200	2.521600	2.922100	1.295900	-0.128100	3.256400
152	0.099000	-0.004400	-0.554000	0.660300	0.224300	-1.052400	-0.361300	0.773200	0.000000	0.130200	-0.587200	-0.568400	-0.136900	-0.055600	-0.431100	-0.029800	0.778400	-0.216500	-0.412700	0.745400
153	0.000000	3.615500	3.885100	6.624300	6.606800	7.031400	3.155700	5.420800	4.280300	3.948400	3.635100	3.830000	3.978900	3.977800	3.440100	4.231500	3.843200	4.192700	4.207100	4.416400
154	3.650600	2.359400	1.099800	2.366000	4.475700	0.641200	2.624400	3.823600	3.016000	1.800900	1.115200	2.515400	2.709000	3.058400	2.615800	2.281700	0.000000	-0.845800	-1.147500	1.573000
155	3.138700	2.376400	1.717400	2.783000	3.126400	0.000000	3.214200	3.557200	3.105100	2.812400	1.858200	2.717300	1.294000	2.379800	2.864200	3.081200	2.072600	1.802400	1.687900	2.858800
156	0.000000	3.344800	3.149200	6.562500	6.520500	8.436700	4.225700	5.709300	3.919000	4.086200	3.288700	4.056100	3.211500	3.151400	3.155700	3.850200	3.986300	4.089800	3.822400	4.072000
157	0.857000	0.244000	-1.242000	0.298700	-0.455000	3.098500	0.462700	-0.066300	0.183400	0.296700	-0.609600	0.000000	-0.495800	0.210800	-2.306200	-0.360500	-0.535100	-0.988400	-1.484300	0.338300
158	0.543900	0.060400	0.096000	0.532900	0.292900	-1.688500	0.187200	0.501500	0.180800	0.662500	-0.012200	0.000000	-0.240500	0.036300	0.475200	0.680100	0.830700	-0.206900	-0.381800	0.899600
159	1.734000	1.174300	0.921300	1.146800	0.712000	-0.104500	1.376900	1.247600	1.548200	1.261700	0.446100	0.960200	0.000000	0.722100	1.025500	1.219200	0.765700	0.989200	0.914300	1.592600
160	2.822500	1.319800	0.584900	0.000000	-0.120900	0.679200	1.851900	1.556300	2.856100	1.502300	0.908200	1.557800	2.222900	1.688000	3.185400	1.611800	2.815400	1.648800	1.423200	1.827300
161	1.691300	0.389300	-0.340600	1.280700	1.037200	4.869200	0.502200	1.635600	1.067500	1.020400	-0.638800	0.275600	0.000000	0.288300	1.457100	0.589600	1.087100	1.093000	0.279200	0.762500
162	0.863600	0.050500	-0.656000	0.493700	0.022100	3.478800	-0.052600	-0.037800	0.112500	0.836600	-0.718000	-0.366400	0.182100	-0.156600	0.470900	0.000000	0.047100	-0.298500	-0.181400	0.284600
163	2.452000	1.041900	-0.516200	0.954200	0.256600	3.609200	0.322500	1.328400	1.742400	1.277800	-0.403500	0.000000	0.747100	0.130600	1.655000	1.126400	0.089900	-0.069900	-0.329200	0.916900
164	5.886700	3.735300	0.000000	3.302800	2.231400	7.870100	5.190000	3.513100	4.841800	3.795400	0.307200	3.713500	4.840400	3.190000	5.561500	3.561200	13.067100	11.642400	7.252400	4.314400
165	4.212200	3.161300	1.958100	2.804000	2.191400	6.182400	2.631200	2.882300	3.244600	3.612500	1.622500	2.711000	3.019500	2.887600	3.796300	2.207400	0.000000	2.058400	1.111800	3.204600
166	0.487600	-0.384000	-0.536300	0.788400	0.194700	2.424400	-1.256300	1.007400	0.000000	0.264700	-0.580300	-1.039600	-0.218900	-0.185200	0.003700	-0.294000	-0.509600	-0.427800	-0.509800	-0.085100
167	4.325000	2.489300	0.000000	1.312900	-0.002400	5.927700	2.128500	2.869800	3.344100	2.916900	0.388600	1.760700	3.067800	1.982800	3.715300	2.443500	0.269100	0.506500	0.259200	2.679800
168	1.350500	-0.561500	1.890300	1.460700	0.626800	6.768300	3.362800	0.889000	0.000000	0.580300	-1.263300	2.879500	4.154900	1.619200	4.026700	3.578300	18.668000	17.278500	12.696300	23.839600
169	1.037400	0.234200	-0.589000	0.124100	-0.570300	4.408700	-0.156800	0.899300	1.031600	0.744800	-0.642100	-0.244700	0.000000	-0.286600	0.814000	0.105700	-0.637900	-0.450000	-0.695500	0.385400
170	1.388600	0.381900	-0.365000	0.656200	0.066900	3.140100	-0.308600	1.185300	0.528500	1.102900	-0.950300	-0.040500	0.647600	0.000000	1.251500	0.534200	0.141400	0.347700	0.165900	0.541500
171	3.305500	1.674700	0.429800	0.000000	1.020200	3.114400	2.167400	2.638700	2.503300	1.151000	-0.166800	2.156900	5.459300	3.677400	1.502500	0.534800	2.150200	11.676300	0.281600	1.842000
172	2.146800	1.378800	1.042200	0.366900	0.823700	4.160200	1.291600	0.000000	1.758900	0.488900	-1.209300	-0.037700	4.012800	1.286200	3.809900	2.210100	8.224500	1.550200	5.250900	10.163800
173	2.838400	2.318100	2.200400	2.880900	3.661700	0.000000	1.863500	3.650500	2.918200	2.614000	2.117500	2.457600	2.372400	2.619400	2.532300	2.558900	3.491000	4.094600	3.367100	4.351300
174	0.045800	0.000000	-0.359700	0.535300	0.225600	-0.007600	-0.551000	0.230800	0.479600	0.336500	0.105700	-0.656500	-0.553600	-0.656100	0.511000	0.271300	0.511400	0.010600	0.014000	0.565200
175	0.225900	-0.054600	-0.123700	0.000000	0.007800	-0.526200	-0.232800	-0.064800	-0.003800	-0.065700	-0.320600	-0.269300	-0.377200	-0.439600	0.005200	0.048700	-0.683000	-0.440000	-0.462600	-0.006000
176	0.000000	2.897900	2.391600	5.117900	6.403800	5.748800	3.373500	6.281800	3.301600	3.531900	2.368800	2.822300	3.823900	3.665700	2.724700	2.420200	2.222200	2.345200	2.268200	3.637600
177	2.176600	0.828700	2.925000	0.000000	0.110800	2.411300	7.588000	2.052200	2.191100	1.409900	1.894000	5.781800	7.150600	5.427900	3.225400	1.883400	15.055700	12.790700	14.189800	38.093600
178	2.227000	1.435700	1.347500	1.529100	1.763200	1.230200	2.509600	1.430500	1.495300	1.929400	1.626100	1.974500	0.000000	1.779300	0.856900	2.868700	3.134300	2.828300	3.170800	3.805700
179	1.641900	0.394800	-0.009900	2.044100	1.264300	2.051400	0.000000	0.806000	0.511100	0.878400	-0.304000	-0.080100	0.664500	-0.209200	1.225700	0.270300	0.308300	0.450500	0.428100	0.279900
180	6.336600	4.397800	1.989400	3.998600	3.379000	8.535000	3.310900	4.376400	5.472200	4.710200	0.921300	2.963900	5.849800	4.313600	6.896200	4.531700	1.877600	2.417400	0.000000	2.750600
181	2.626400	0.606600	-1.700500	-0.929800	-1.604600	4.771300	6.268100	1.257200	2.611500	0.960000	-1.089800	1.968400	3.462900	3.005300	1.785000	0.000000	21.098200	15.315800	10.855200	7.642900
182	1.979100	0.783800	-0.886000	-0.226700	-1.020000	2.623600	0.169300	0.411200	1.422100	0.933100	-1.079900	-0.160800	1.064400	0.000000	1.304300	0.523500	-1.612200	-2.219400	-2.917800	1.363100
183	1.827000	0.000000	1.365500	5.294800	6.268900	10.600800	21.451800	4.315400	1.501400	2.016800	4.721900	13.719700	7.369100	5.388100	7.044400	3.921000	17.379000	14.921800	13.300500	15.235400
184	5.756000	3.958000	0.323100	3.344700	2.362100	7.414500	4.303300	2.927000	4.415000	3.648000	0.000000	3.528400	4.490300	3.120000	5.130700	3.705500	7.485800	7.101900	2.290800	3.332900
185	3.283700	2.253100	0.368100	2.149800	0.995900	4.883200	1.268300	2.769200	2.480500	2.669000	0.000000	1.413500	1.008100	1.488100	1.976700	2.365000	0.742800	1.429300	1.201800	2.297600
186	2.586800	0.669700	-0.082800	0.196500	-0.332900	4.303100	2.665900	2.590600	2.262300	1.462200	0.361200	3.437200	1.330000	1.568900	0.000000	1.253500	3.622600	1.240400	5.490600	4.595600
187	5.918200	4.079700	0.000000	1.990000	0.688100	8.992100	7.276900	3.958200	4.825400	4.105400	0.437800	5.086700	5.104000	4.108300	5.610200	3.903500	13.733400	12.026800	8.544700	7.901100
188	0.000000	3.777100	21.953900	14.047300	18.872100	8.815900	20.973500	11.929700	5.996800	8.768900	14.429700	21.141200	20.596900	21.124500	15.517700	16.470900	48.675825	36.281100	33.362200	67.209700
189	1.081000	0.000000	-0.446900	0.736500	-0.070100	4.289600	-0.098500	0.237100	-0.019100	0.760400	-0.780700	-0.012600	-0.433200	-1.099900	0.523200	0.303900	-0.155700	-1.543800	-0.498300	0.438400
190	1.209800	1.361400	-0.416600	0.520100	0.296900	4.865500	-0.361500	0.852800	0.873500	0.811200	0.000000	-0.406200	0.654200	-0.315400	1.131700	0.257300	0.746600	1.053700	0.957200	0.310100
191	3.650100	3.315700	0.267300	0.303200	0.000000	2.665800	1.422000	2.535400	3.400400	2.890100	1.053800	1.794300	4.580500	1.937500	5.498300	3.625200	4.322800	2.456000	1.902700	2.914200
192	1.682800	0.255800	-2.750800	-0.799400	-1.699000	2.133900	0.508200	1.386900	1.603100	0.000000	-2.768600	-0.265900	-0.641200	-0.896500	-1.350000	-0.948800	-2.745700	-2.914800	-3.871800	0.317200
193	0.444700	-0.033300	-0.781600	-0.019200	-0.256500	2.813200	-0.762900	0.000000	-0.105800	0.274300	-0.530400	-0.879400	-0.368200	-0.274400	-0.852600	0.039300	0.472200	0.222300	-0.021400	0.364800
194	-0.194700	-0.635800	-0.592300	-0.219700	-0.425600	-2.628000	0.000000	-0.240500	-0.202500	0.011600	-0.770500	-0.304700	-2.064700	-0.433800	-1.541300	-0.285300	-1.117200	-0.927300	-1.132600	0.146100
195	0.532800	-0.123800	-1.280500	-0.881300	-1.214600	0.010700	-0.396800	-0.378100	0.000000	-0.519100	-1.184800	-0.930300	-0.971900	-0.978400	-0.449300	-0.234700	-1.181500	-1.081100	-1.213300	-0.229800
196	0.577700	0.693400	0.327100	1.316900	1.631900	2.690800	0.094800	1.943000	0.766700	0.550600	0.127300	0.000000	0.129600	0.268700	-0.634500	0.305900	1.267700	0.316300	-0.155200	0.502700
197	4.076500	2.806500	2.051300	3.601600	3.593800	0.000000	5.190600	3.566700	4.170800	3.134600	0.766200	4.246400	1.938100	2.516200	3.054500	4.508600	3.281900	4.156600	2.589300	25.057200
198	2.654400	1.595600	0.235800	3.384400	2.071100	2.128600	0.583000	3.921100	2.336900	1.931400	0.260000	0.000000	1.876300	1.070900	1.450300	1.769300	1.164500	0.885800	0.791000	1.692400
199	0.703600	-0.039200	-1.895700	-0.524800	-1.695900	0.040500	-0.665600	0.055600	0.588200	0.000000	-2.476100	-0.557300	-0.234800	-0.715200	-0.334500	0.240700	-3.291300	-1.701400	-2.830400	-0.138200
200	0.346400	-0.243800	-0.866500	0.083800	-0.450900	-0.758100	-0.550700	0.344900	0.000000	0.060900	-1.243600	-0.802400	-1.115800	-0.732400	0.045000	0.219100	-0.711400	-0.952800	-1.100400	-0.117200
201	1.184300	0.563800	0.000000	1.283900	0.494500	1.228700	0.171000	0.493700	0.309900	0.873000	0.086300	0.120600	0.428500	0.413600	0.403200	0.292300	0.463300	-0.037500	-0.243200	0.622300
202	2.708700	0.894500	-2.221900	0.119600	0.745700	6.508900	1.905300	2.066200	1.145600	0.000000	-2.307200	1.264700	1.318000	0.670700	0.590900	-0.248800	1.519300	3.546200	3.231700	1.271600
203	4.324800	3.154400	5.201200	3.043600	2.728900	0.000000	4.507800	2.186000	3.099700	2.739100	3.233200	4.039200	4.718100	4.502900	5.807400	4.142900	11.439600	8.497600	8.191300	34.098300
204	5.352900	4.151300	0.000000	2.956400	2.280200	6.072000	6.138400	3.848200	5.103800	4.075800	0.845200	4.521500	4.315100	3.668300	4.800100	2.999500	7.671900	5.047700	4.935200	23.880700
205	0.722300	-0.276600	-0.721200	0.032600	-0.009000	2.252800	-0.317600	0.867100	0.188000	0.395400	-0.440000	-0.435100	-0.028200	0.000000	0.729900	0.068200	0.334700	-0.344900	-0.485900	0.698400
206	1.343100	1.051900	0.600900	1.218800	0.639200	1.163400	1.134700	1.383300	1.204300	1.004100	1.040400	0.815000	1.042300	1.154400	1.204400	0.000000	0.765000	1.037300	0.991500	1.439700
207	0.000000	1.960600	3.991700	1.792800	3.874800	6.501400	4.762000	2.523800	2.534800	4.042800	3.718600	4.254100	4.351300	4.720200	5.793700	5.539900	9.186300	7.809900	7.399400	9.209600
208	1.248400	0.494700	-0.908100	0.607500	0.054700	4.108400	1.567700	0.185100	0.331400	0.000000	-2.200400	1.011100	0.147200	0.832200	-1.703700	0.663700	7.142100	9.558000	5.573000	24.134500
209	1.604400	0.617800	-0.039600	0.718300	0.000000	2.988500	0.310800	0.988700	1.207800	1.166200	-0.213300	0.068600	0.215700	0.417300	1.233900	0.610300	0.829800	-0.414100	-0.652800	0.801700
210	1.483800	0.000000	7.495600	5.545100	5.765300	7.178100	6.790400	6.371400	1.885600	2.512300	4.376500	7.577700	5.050800	11.018400	3.917100	7.239700	10.795600	6.950300	5.185400	37.172100
211	1.324600	0.000000	0.400400	-0.289100	0.855400	0.140300	-0.367200	0.589100	0.416500	0.676700	-0.504100	-0.140700	1.606200	0.587600	1.811700	0.401100	1.095700	0.584900	0.155900	-0.442700
212	0.960000	0.000000	-0.425200	0.251900	-0.286100	2.582000	-0.566000	0.777000	0.594500	0.566600	-0.617500	-0.499500	0.195400	-0.214500	0.826200	0.019600	0.417300	0.217300	0.147500	0.652600
213	0.646900	0.934100	0.068500	1.975300	1.399200	3.842500	0.423600	1.777000	0.900800	1.257200	0.217000	0.362300	0.968700	0.687700	1.212600	0.000000	0.370100	0.190000	0.099600	-0.165200
214	0.510800	0.636100	0.773200	1.615600	2.597500	2.539200	-0.416200	1.083000	0.581500	0.675800	0.838500	-0.789400	0.320500	0.196900	0.737700	0.000000	1.831100	0.611500	0.582900	-0.244300
215	-0.042500	-0.817000	-1.443400	-0.198000	-0.275500	6.114600	-1.503000	0.686900	0.000000	-0.837500	-1.518900	-1.507600	-0.897500	-0.970900	-0.820000	-0.645500	-1.192000	-1.053000	-1.547300	-0.366300
216	1.949600	1.050200	-0.477800	0.360600	-0.012700	0.477800	1.885000	1.305500	2.208200	1.120200	-0.525800	1.374900	1.010700	0.717800	1.223700	1.921800	0.000000	-0.148400	0.169100	1.932400
217	0.839900	0.000000	-0.448400	0.627800	0.228100	0.794400	0.078100	0.806800	0.510400	0.473500	-0.733200	-0.389900	-0.265300	-0.073700	0.075600	0.475300	-0.268600	0.004200	-0.364300	0.899600
218	1.254100	0.543300	0.000000	1.162000	0.681200	2.721700	-0.201300	1.473800	0.758300	0.515800	0.281800	-0.157000	0.340700	0.315600	0.483200	0.593200	0.823900	0.549300	-0.046400	0.755200
219	3.649000	2.307000	1.507700	2.794000	4.733000	4.731000	2.822700	2.628500	3.817000	1.740500	1.224700	2.413100	3.641600	3.316700	4.566900	3.504400	3.303600	0.000000	-0.595600	2.571100
220	3.104000	4.029100	3.505700	5.315000	4.884600	0.000000	4.634900	5.529000	4.458900	4.110100	3.365600	4.688400	4.845600	5.405200	4.672300	4.126400	5.959800	3.959300	3.872100	3.877600
221	0.000000	3.204300	4.239400	7.900900	8.025800	9.924800	4.431800	6.429300	3.417800	3.662500	4.172400	4.508400	3.809800	4.297700	3.658200	3.637900	5.167400	4.317300	4.392300	4.710400
222	-0.412600	-0.067500	-0.045000	0.564900	0.561200	-0.489000	-0.987200	0.384700	-0.269800	0.322300	-0.049700	0.000000	-0.477500	-0.143000	-0.840900	-0.080800	-0.214600	-0.065000	-0.053500	0.223600
223	2.010900	1.232700	0.493500	1.212900	0.735100	-0.234300	0.407200	1.185700	1.752400	1.258900	0.511600	0.000000	0.467100	0.866700	1.931000	1.830000	1.839600	1.236500	1.154500	1.715600
224	2.158700	1.679600	1.277400	1.627200	1.608800	0.000000	1.910000	2.060000	2.039200	1.816900	1.291100	1.613400	1.658000	1.646100	1.902300	2.029000	1.492400	1.369000	1.352300	2.087400
225	-0.618100	0.060600	0.043400	0.701900	0.596100	1.413700	0.144100	0.492900	0.189400	0.073500	-0.006700	0.000000	0.080800	0.078700	0.099500	0.108700	-0.055900	-0.130200	-0.119600	-0.023300