SITE	GLY	ALA	LEU	VAL	ILE	PRO	ARG	THR	SER	CYS	MET	LYS	GLU	GLN	ASP	ASN	TRP	TYR	PHE	HIS
2	-0.044900	0.000000	-0.371400	0.023600	-0.473200	-0.068600	-0.732300	0.038400	-0.021900	-0.097800	-1.192400	-0.570800	-0.637900	-0.334100	-1.124100	-0.378000	-0.666700	-0.334700	-0.643300	-0.235800
3	2.101100	0.373500	0.042600	0.040700	-0.055400	2.664500	-0.136700	0.000000	0.290600	0.201600	-0.042500	-0.057500	0.133100	-0.423100	-0.101300	-0.016600	-0.216700	-0.092600	-0.159000	0.208200
4	1.514400	0.523600	-0.958300	0.000000	-0.367700	0.064400	-0.006500	0.159300	1.134700	0.194400	-1.292800	-0.355300	0.383600	0.273500	1.164600	0.896900	-0.467900	-0.419900	-0.441300	0.713800
5	2.781800	1.621800	0.535200	1.922100	1.725000	0.000000	1.712300	2.748200	2.343000	2.127800	0.415400	1.190000	1.805400	1.665800	2.365200	2.378400	0.476400	0.870900	0.411600	2.050100
6	1.612100	0.922800	-0.540900	-0.242300	-0.476200	0.607500	0.722800	-0.461900	0.634700	0.370700	-0.564100	0.327900	0.717700	0.775300	0.000000	-0.408300	1.813500	0.534700	-0.118900	1.558500
7	5.722600	4.184000	0.000000	3.104700	1.866400	3.913100	1.863000	5.397200	5.268000	3.785700	-0.171500	1.961300	4.091500	3.581900	4.964700	3.200100	7.365600	8.482600	1.516900	2.979600
8	0.016000	-0.356000	-1.568000	-0.075600	-0.458100	0.003600	-1.803800	0.126300	-1.053500	-0.539600	-1.867100	-1.588800	0.000000	-0.635900	-0.018000	-0.037000	-0.512600	-0.717700	-0.952900	0.336400
9	1.126400	0.535100	0.477900	1.137500	0.485000	4.680000	0.555200	0.654500	0.000000	0.677300	0.067700	0.539500	-0.469600	0.645700	-1.184700	0.433600	1.212500	0.615500	0.699000	0.861600
10	0.154000	-0.535900	-0.618400	0.117200	-0.224300	-1.389600	-0.316000	0.150100	-0.268800	0.128500	-0.440200	-0.408600	-0.847600	-0.224500	0.000000	-0.742400	-0.200900	-0.246100	-0.286300	0.152000
11	0.635300	-0.334500	-0.196900	-0.123400	-0.827600	-1.126600	-0.613600	0.030700	0.000000	0.353400	-0.807000	-0.697700	-0.499700	-0.694400	0.184400	-0.153700	0.244200	0.194200	0.161900	0.294500
12	5.541100	4.275200	1.481600	3.351500	2.564900	5.970400	4.318200	4.379200	4.621400	4.036800	1.096200	3.457000	4.909000	4.365200	5.040300	3.717100	1.915900	2.019600	0.000000	3.316200
13	0.923600	1.179900	0.417800	0.645300	1.002000	5.149800	1.652100	1.613100	1.355400	0.651300	0.206700	0.574700	2.293800	1.487600	0.416600	0.304400	2.393800	0.312600	0.209100	0.000000
14	1.047500	-0.055700	-0.028500	0.000000	-0.083600	6.282600	-0.279600	0.014100	-0.318900	-0.108400	-0.013400	-0.475500	-0.017600	-0.675500	-0.332000	-0.554700	-0.104500	-0.279600	-0.306300	-0.009300
15	0.902800	3.133700	3.339400	4.604900	4.834000	6.317000	3.186700	3.459100	2.642100	3.091500	3.484100	2.867300	2.286600	2.776000	0.000000	1.686500	3.231000	2.827900	2.760900	2.845500
16	5.081900	3.785400	2.023000	2.758800	3.480300	2.612400	5.523900	5.152700	5.402700	3.811000	2.035800	5.829200	2.659700	3.150700	4.204100	4.512400	0.000000	2.256500	1.677500	3.384200
17	2.201400	2.144800	0.886600	1.995000	1.587200	1.628400	4.080600	3.220600	3.268500	2.599900	0.778400	2.890300	-0.045100	2.324700	1.729400	3.291400	0.665300	0.000000	-0.804200	2.999800
18	1.303500	0.660900	0.455200	0.989800	0.476000	2.731900	0.710400	0.090600	0.000000	0.913800	0.294500	0.377000	0.445800	0.273000	1.128200	0.046600	1.116800	1.101600	0.950200	1.013900
19	1.982500	0.705200	-0.742200	0.868800	0.662600	3.305500	0.368300	0.000000	1.255900	0.998700	-1.090700	-0.003600	1.432400	0.187100	1.512300	0.454600	1.266200	0.178200	0.267700	1.857600
20	6.554700	5.067000	2.401800	4.364500	3.594600	7.889600	5.324900	4.605900	5.714000	5.257900	2.039700	5.312900	5.463800	5.137700	5.896400	5.830000	6.841000	0.000000	1.017400	4.721900
21	0.979500	0.000000	-0.404500	0.657800	0.928800	4.160300	0.637100	0.629500	0.558200	0.420700	-0.574700	0.134400	-0.654500	-0.101800	-1.230400	-0.165100	-0.841800	-0.331400	-0.640400	-0.022000
22	0.818100	0.066900	-0.140300	0.406600	-0.124000	2.150200	-0.141900	0.034500	-0.003200	0.754200	-0.944600	-0.213500	0.000000	0.057800	0.440900	0.179400	-0.825100	-0.033300	-0.117400	0.356200
23	3.757600	2.404200	0.000000	1.771500	0.336700	5.696600	2.016200	2.515900	2.657400	2.685100	-0.919800	1.551900	2.697100	2.125000	3.442000	2.057100	1.737400	1.451700	1.046600	1.520600
24	2.991100	1.846000	0.699800	2.899900	2.621600	8.893800	0.000000	1.036600	2.368100	2.107600	0.823800	1.576200	4.191100	2.183500	3.720200	2.051200	1.996900	0.952400	0.176100	2.060700
25	0.706400	0.250200	-0.212600	0.244600	-0.021800	2.210800	-0.055400	0.360400	0.499200	0.440800	-0.526200	-0.094900	0.000000	0.021400	0.371000	0.330700	-0.064500	-0.137000	-0.506300	0.528700
26	0.523800	-0.252600	-0.703000	-0.053400	-0.646000	1.343400	-0.970000	0.000000	0.357800	0.471800	-0.945900	-0.587900	-0.229700	-0.604600	0.175100	-0.636600	-1.208300	-0.618300	-0.622000	-0.302500
27	-0.142200	0.000000	-1.305700	-0.153100	-0.562200	2.926100	-2.341800	-0.381500	-0.783300	-0.452200	-1.257400	-1.129500	-0.437100	-0.838500	-0.313200	-1.132300	-0.824500	-0.725200	-0.493400	-0.318500
28	2.944300	2.014600	2.092200	2.257400	2.120800	0.000000	0.746300	3.205500	2.970700	2.578900	2.308300	1.186300	2.534000	1.302400	4.167400	2.976200	2.904700	2.027900	1.873100	1.962700
29	5.907200	3.551400	1.863300	0.000000	-0.019400	3.521500	11.464400	2.693100	4.635700	2.459600	1.671100	5.480400	5.811900	3.951200	5.321600	3.494800	11.846600	12.393000	10.939800	16.931500
30	2.789200	1.755800	-1.649500	0.359300	-0.452300	4.159800	0.716400	0.000000	1.682700	1.056100	-0.019700	0.968100	2.024900	1.393500	2.842500	1.397000	0.379300	-0.558400	-0.680700	0.228500
31	2.491400	1.632900	0.164400	1.044200	0.295100	0.000000	1.192000	1.884800	2.178500	1.721000	0.187100	0.877100	0.670700	1.049500	2.125000	2.678100	1.211700	1.269200	1.098600	2.722100
32	4.935300	2.945400	1.974600	0.000000	0.720600	6.011200	7.198900	2.738400	3.715200	2.065600	0.641400	6.053000	5.326100	7.466500	5.823900	4.037400	21.367300	6.876500	6.123900	7.059800
33	1.933400	1.253600	-0.481900	0.332200	-0.017600	2.940600	0.000000	0.118800	1.792000	1.180100	0.603000	0.263100	1.770400	0.323100	2.794700	0.611300	-1.164700	0.191800	-0.541100	-0.414500
34	5.875200	4.408600	1.392000	2.851400	1.622300	6.066100	3.908600	4.197800	4.943500	3.730800	0.384900	4.112900	4.584000	3.522000	5.156800	4.263200	-1.077300	0.863200	0.000000	3.229200
35	3.204600	3.638100	0.000000	2.726900	2.247300	9.704100	3.644100	2.821900	3.146600	1.920900	0.352700	2.808700	3.900000	1.865300	3.933700	1.988000	6.629200	2.879400	1.804500	3.509800
36	0.000000	3.875400	3.858100	4.921300	4.724000	5.041300	2.804600	4.856200	4.022300	2.485200	3.200300	3.281500	4.059700	3.245600	4.178300	2.474100	3.358900	3.591100	3.614500	3.929000
37	0.314300	0.270800	-1.603600	-0.681500	-1.272900	3.511700	-0.479100	-0.345700	-0.009500	-0.472700	-2.079000	-0.968200	0.382900	0.000000	0.789400	0.192400	0.014000	-1.249600	-2.737800	-0.294400
38	0.228300	0.109700	-1.606700	-0.226300	-0.934000	-0.125700	-0.799000	-0.134900	0.070100	-0.226000	-1.988100	-1.040700	-0.337000	-0.316100	0.000000	-0.336600	-1.583300	-1.702400	-2.009400	-0.231700
39	1.242500	0.000000	-2.088800	-1.168900	-0.492800	3.366300	-1.565800	0.237900	0.755400	-0.111700	-3.285100	-0.619200	1.428900	-0.086300	2.720700	1.077400	6.674000	1.010100	0.477700	1.331600
40	5.753200	4.049700	1.026100	1.347800	0.798800	6.022600	2.966200	3.137500	4.884400	3.160800	0.709900	2.789000	4.317600	3.311000	4.989200	3.924800	0.000000	0.413300	-0.083600	2.118700
41	6.046200	4.540200	0.000000	2.044500	1.677600	7.812000	3.006000	3.938100	5.456900	3.605600	-0.265100	1.639800	4.289600	2.927100	5.035500	3.722100	10.566900	6.348700	4.070700	2.985600
42	5.588900	3.946100	-0.767100	0.000000	-1.113600	5.683200	7.696000	2.814300	5.190600	2.703600	0.956400	3.917500	5.438900	3.672400	5.370700	3.540900	12.760200	10.417700	4.036000	5.382200
43	1.604800	-0.043200	-3.750900	-2.468100	-1.854500	3.161300	6.913800	0.000000	1.207200	-0.642500	-1.480700	0.843100	1.649800	0.709200	1.395700	0.458400	2.184400	0.196100	-1.014600	0.551700
44	0.000000	1.539700	2.744700	3.813200	4.777300	4.867000	0.172700	3.739800	1.557300	2.019500	1.495500	0.781700	5.160100	2.412200	5.167600	1.612400	2.290500	0.490400	0.353100	2.037300
45	4.062000	3.006300	1.194900	2.983800	2.004000	8.799500	2.693600	3.453600	2.952700	3.528800	0.290700	2.346100	5.196900	2.967700	4.920700	2.536400	1.375500	0.000000	0.421900	3.298500
46	-0.047200	-0.504100	-1.043200	-0.070600	-0.691400	-1.502900	-1.774600	-0.926800	-0.799800	0.139000	-1.096100	-1.243500	-0.373900	-0.779800	0.000000	-0.120900	-1.259700	-0.612100	-0.843800	-0.436900
47	1.465300	-0.359500	-0.958200	0.828700	0.639200	-1.888300	-0.541300	-0.452300	0.627100	0.218200	-1.643600	-0.806000	0.000000	-0.657200	1.991600	0.871100	-0.276300	0.001200	-0.252300	0.802900
48	2.265100	0.000000	1.972700	0.989300	1.605400	8.042200	17.168600	2.014000	1.136600	1.323800	4.576800	8.169700	8.016600	9.153000	4.880800	2.017900	21.088900	16.904300	14.156400	46.909500
49	2.188900	0.674000	-0.197200	-0.286900	1.209700	4.928500	0.101900	0.313300	1.050200	0.849900	-0.221900	0.000000	1.485600	0.519200	2.278000	1.654800	1.019500	0.822000	0.782700	1.747900
50	1.015300	0.000000	-0.828300	0.676600	-0.009600	4.185900	-0.986400	-0.113700	0.166600	0.585300	-1.336700	-0.619500	0.606200	0.079100	1.117900	0.044500	-1.135000	-1.413200	-1.219500	-0.369100
51	2.361400	0.000000	-0.591300	-1.422100	-1.006000	4.716700	6.220500	-0.015700	0.530200	1.181600	-0.136000	4.244900	3.741500	3.077900	4.504000	2.219900	12.003700	18.707300	5.049800	19.374400
52	3.765600	2.691100	0.000000	2.339900	1.724600	5.225900	3.477100	2.048400	3.061300	2.576100	0.178900	2.003700	2.999200	1.971700	4.248300	2.647600	1.509800	2.086400	1.941800	2.218700
53	0.719000	0.904900	-0.060900	1.812900	1.150500	3.101500	0.401000	1.093600	0.000000	0.681600	0.144400	0.109400	1.198000	0.699400	1.857200	0.321900	1.056400	0.821700	0.404400	1.207600
54	3.197500	2.126900	0.485000	0.998200	0.215700	6.488300	-0.027900	0.701000	2.340700	1.394600	0.123000	1.443800	1.337700	1.678500	0.000000	0.831300	0.811600	0.755300	0.575100	1.964500
55	1.251800	1.221000	0.000000	1.328900	0.637000	0.049500	0.027900	1.323400	1.162700	1.061800	-0.352300	0.051700	1.094000	0.538900	1.746200	1.193200	0.946200	0.634000	0.283500	1.116900
56	2.840300	1.557600	1.366600	5.016800	4.910400	3.086100	0.000000	2.414500	1.420600	1.969000	1.592400	0.552300	3.932500	1.696000	4.079700	1.353700	2.266100	1.798600	1.677300	1.652600
57	4.712200	3.675200	0.000000	3.829300	2.613100	3.913200	3.751300	3.788600	4.946600	3.168300	-0.062600	3.429000	4.600000	2.696800	5.596600	2.544500	4.736600	0.678000	-0.543000	2.377700
58	2.245100	2.029100	1.902400	2.747200	2.435600	4.928500	1.753500	1.885100	0.000000	1.946800	1.320400	0.900100	5.643100	2.856000	4.417700	2.293000	4.764200	0.518100	0.276200	1.413000
59	-0.001300	-0.443700	0.417400	0.249400	1.962500	1.524300	4.692200	-0.276100	0.000000	-0.291200	-1.356700	3.055000	2.411200	3.594100	1.868600	-1.267300	2.337400	3.098500	2.970100	2.262600
60	1.426800	0.220800	-0.671600	-0.218800	1.573200	1.962100	0.246000	0.578300	0.510500	-0.209200	-0.883400	0.196900	0.514500	-0.135900	0.000000	-0.446400	2.265600	3.612900	2.612100	2.195900
61	3.996300	2.748300	3.213200	1.808500	2.219700	0.000000	6.979300	4.277000	2.647800	2.135500	2.183500	6.184900	3.394000	3.397100	2.036000	1.566400	13.034700	5.794700	9.655900	7.369300
62	2.108900	1.765200	0.637300	2.876000	1.884400	5.993100	-0.586900	1.036200	0.784200	1.489400	1.205000	0.000000	2.239000	1.257800	2.440500	0.792000	2.284600	2.272900	2.132300	2.367200
63	1.406000	0.377500	0.075300	0.663700	0.445500	1.628000	-0.256800	-0.797400	-0.580200	1.108500	0.168600	0.000000	0.497200	0.318900	1.230300	0.416500	0.745900	0.344000	-0.088300	0.303300
64	0.733500	0.827300	0.628600	0.668100	0.612700	0.610500	-1.256200	0.565800	0.822300	0.810400	0.603700	0.000000	0.778000	0.108100	0.839000	0.765100	0.425900	0.589400	0.519000	0.639800
65	3.924900	2.752700	1.155800	2.467200	2.865700	2.990700	1.607100	3.452500	3.487300	2.301300	0.040800	1.885800	1.770200	1.941000	2.029000	2.022800	0.161400	0.000000	-0.533000	2.000400
66	1.303100	1.094800	0.996400	0.981700	1.064000	0.000000	0.654300	0.966400	1.133100	0.730900	0.954200	0.940200	0.848500	0.992900	0.859600	1.040900	0.794800	1.025400	1.003500	1.178300
67	0.000000	1.481900	1.233900	2.265000	3.901900	4.812500	1.071100	1.944400	1.383400	1.392100	1.255100	0.985500	1.186900	1.003200	1.092600	0.943300	1.166300	1.027400	1.035900	1.226800
68	3.473000	1.819600	-0.069200	0.000000	-0.037900	7.846200	0.935700	0.901900	2.283200	0.969500	0.006800	0.456500	2.109000	1.291500	2.741700	2.423000	3.727200	6.911700	5.465000	4.077100
69	-0.016100	0.063800	-0.100800	0.006400	-0.097700	1.377700	0.054200	-0.060600	0.031000	-0.067900	-0.058900	-0.209900	0.000000	-0.452500	-0.405700	-0.278000	-0.018000	-0.361900	-0.159300	-0.493500
70	2.721600	1.905500	-0.692600	0.000000	0.465100	0.669300	6.464100	1.324800	1.669900	0.634500	0.211200	2.694900	1.868700	1.164900	2.366500	1.228000	9.356700	6.482600	6.533500	7.669200
71	1.032600	-0.285200	-0.438500	-0.192400	-0.556800	0.940300	-0.604300	-0.326000	-0.580900	-0.629300	-0.908400	-0.558100	0.000000	-0.667400	-0.683600	-1.075500	-0.846400	-0.854300	-1.379800	-0.160800
72	4.077400	2.938300	0.895300	1.926000	1.067900	1.106800	1.881600	2.949900	3.392000	2.184100	0.833700	2.278700	2.772000	2.668300	0.873700	1.531600	0.738100	0.240200	0.000000	2.278500
73	3.332900	2.593200	1.083100	1.222700	0.349200	0.000000	1.961400	3.138100	3.299100	2.432300	-0.119200	2.085000	2.677500	1.721000	3.142600	3.113900	1.568900	1.107300	-0.102400	1.184300
74	0.992300	0.000000	-1.851900	-1.037500	-1.769300	-1.616600	-0.701100	-0.619300	0.748100	-1.184600	-2.097900	-1.299500	-2.510400	-0.960800	0.050600	-1.626400	-0.137100	-1.822700	-2.775000	0.094700
75	3.643900	3.302700	0.554300	2.509400	1.836600	4.840500	2.599200	2.335500	3.310900	2.746700	0.601100	2.406700	2.493800	2.821000	3.183000	3.026400	-0.351400	0.000000	-0.670500	2.220900
76	3.432500	2.345600	0.000000	2.595000	1.981900	7.624700	1.997700	1.637400	2.572500	2.273200	0.131500	1.440500	2.547700	2.369000	3.245100	2.808000	1.181200	8.294900	-0.075800	2.354000
77	0.000000	5.278600	18.071700	16.112000	20.261700	12.909800	16.410400	16.194500	8.694700	10.684300	13.353800	15.786700	15.379200	15.368100	17.662800	16.454200	36.388780	38.114540	30.885176	55.902100
78	5.845100	4.245700	0.803000	2.524000	1.787700	7.926800	7.898400	3.991500	5.473200	3.828700	0.937100	4.339500	3.492500	4.006200	4.441300	4.928800	15.363800	2.364200	0.000000	3.765100
79	1.678500	1.587100	2.240100	2.873700	3.004000	0.000000	3.224900	2.728500	1.918400	2.691300	2.244200	2.923600	1.230800	2.000300	0.730400	0.824200	1.727100	2.274300	1.877300	1.655800
80	1.609800	1.145200	1.088400	1.289800	1.056400	-0.800700	1.453000	1.401300	1.509400	1.684200	1.011800	1.240300	0.000000	0.721100	0.058100	1.339800	1.077000	1.146100	1.111200	1.534000
81	2.683400	2.165900	1.730800	2.114200	1.744900	0.520100	1.832200	2.326500	2.478000	2.431800	1.192100	1.970700	0.823300	1.663700	0.000000	2.084400	1.845600	2.012500	1.880000	2.515100
82	3.604400	1.567600	0.452900	0.000000	0.940000	2.055200	2.976200	1.534000	2.638700	2.211300	-0.376600	1.796800	3.983600	3.162900	3.836900	2.822200	4.459700	5.549200	3.391200	3.859200
83	3.228700	1.911800	-0.053400	2.456700	1.743000	10.230000	0.000000	2.390400	3.361000	2.363700	-0.131900	1.003000	2.229600	1.298100	3.242100	1.811200	1.949200	7.667800	0.005200	1.053200
84	1.732600	1.075100	0.424700	1.692000	1.253000	5.635200	0.899200	1.453300	1.076100	1.567900	0.050300	0.991300	1.114100	0.388800	1.270600	0.000000	1.212800	0.787300	0.540500	1.861000
85	2.483500	1.685400	-0.169300	0.784500	0.510400	2.642500	0.763500	1.563000	2.553500	2.023900	0.006000	1.134800	2.790400	1.614100	3.789500	2.117200	0.739000	0.000000	-0.172400	0.824100
86	5.130000	4.202600	2.521700	3.655800	2.502200	5.038300	4.065800	3.255900	3.765100	3.124900	0.862800	3.506900	3.935200	3.800200	3.600400	3.204700	3.635600	2.003400	0.000000	2.272200
87	1.002000	0.000000	3.995000	0.473800	1.030100	5.213300	11.474100	-0.703600	0.156700	-0.183600	0.764300	4.131500	1.789700	3.199500	1.473900	4.298400	20.238300	24.646280	12.403400	38.005730
88	1.680700	0.582000	0.041600	1.243000	0.858500	7.272300	0.536300	0.000000	0.728500	0.893200	0.032200	0.409600	1.107800	0.549500	1.682300	0.280400	0.181900	-0.591500	-0.637100	0.874300
89	2.529500	1.173400	1.877200	1.835200	1.612500	5.253800	1.970000	-0.133200	1.506200	1.494500	1.359500	2.533100	0.281400	1.850700	0.397500	0.000000	3.046800	1.696700	1.034200	1.217400
90	3.865200	2.604300	0.604000	1.476300	0.788300	-0.725800	2.767100	2.502100	3.699900	2.818600	0.000000	2.657100	1.640500	1.800000	3.789400	3.344500	-1.372400	-0.154600	-0.529300	2.481100
91	0.000000	-0.346900	-1.215100	-0.034300	-0.861700	-0.840100	-0.639300	-0.440700	-0.775000	-0.197800	-2.039200	-0.946600	-0.849600	-0.619900	-0.433100	-0.158800	-2.465100	-1.712000	-2.182500	-0.307900
92	1.802500	0.897800	-0.031100	4.013900	5.079100	4.991900	-0.055000	0.000000	1.390100	0.485300	-0.009300	1.000600	1.453100	0.601300	0.328000	-0.608600	2.365800	0.077900	-0.294900	1.232000
93	0.693800	-0.347800	-0.516200	0.901200	1.678000	7.090600	0.601000	0.440800	0.000000	-0.355700	-1.359100	-0.113700	1.918200	0.412900	3.201700	1.394900	0.930700	1.354800	-0.107900	3.673100
94	1.748100	1.213300	-0.971600	0.280700	0.096300	1.033500	-0.041800	1.104100	1.258100	0.867900	-0.245000	-0.020700	0.696300	0.691300	0.000000	-0.083300	2.337200	0.680800	0.702300	0.660500
95	3.094400	2.847100	0.858500	1.986600	1.471800	0.000000	1.654700	2.560200	3.011900	2.426700	1.079800	1.446100	1.879200	2.040700	2.901200	2.954300	2.186700	1.769700	1.683700	2.679500
96	-0.205700	1.234500	0.999100	1.668500	1.511900	0.000000	1.103400	1.006400	0.436900	1.190000	1.234100	1.059500	1.260300	1.194000	0.149300	0.505500	1.228800	0.927300	1.211000	1.396600
97	0.617000	-0.161200	-1.175100	-0.205700	-0.826300	-0.877200	-0.495100	0.000000	0.470800	0.213900	-1.116800	-0.849100	-0.734900	-1.662800	-0.045800	-0.149700	-0.225600	-0.156200	-0.462600	-0.963600
98	1.845800	0.219900	-1.906900	0.253800	0.557500	11.384400	1.851700	1.748400	1.321600	0.835800	-1.455200	0.997800	1.250400	1.258900	1.594500	1.192800	0.188400	-0.164000	-1.310700	0.000000
99	-0.147500	-0.958600	-2.146400	-0.846000	-1.483500	-0.172200	-1.440800	0.000000	-0.277200	-0.524800	-2.111800	-1.709300	-1.297900	-1.041000	-0.704700	-0.301700	-2.113700	-2.172800	-2.300400	-0.825200
100	1.844200	1.273500	0.410200	1.109700	0.652300	2.522800	0.000000	2.220700	2.080800	1.574400	0.699000	0.911100	2.026900	1.385900	3.664400	2.445100	2.635000	0.069500	1.301300	1.556500
101	4.415200	2.741100	0.000000	1.081500	0.318500	5.515000	3.524500	3.041100	4.219000	3.127500	0.566700	2.512700	3.854600	2.353000	4.097800	2.880300	5.230400	1.579800	2.104100	2.607800
102	1.649900	0.477800	-0.699800	0.630400	0.496800	4.927200	0.000000	0.916900	1.182000	0.932100	-1.139900	-0.165200	0.840300	0.201800	1.945700	1.338600	0.252200	-0.053000	-0.184400	1.134900
103	1.103300	0.104000	-0.179000	1.003500	0.618300	5.728600	-0.446700	0.496900	1.334700	1.116000	0.154400	0.000000	1.075800	0.738400	1.625000	0.460500	-0.108300	-0.737800	0.022100	0.276800
104	4.000600	2.489900	0.000000	1.702300	1.078600	7.077500	5.294300	2.846800	3.033800	3.055800	0.496200	2.428400	4.385400	2.622300	5.560000	2.870900	7.699400	12.963600	6.643200	4.402900
105	4.400600	3.107900	0.627900	0.000000	-0.784300	5.201900	3.037800	2.260300	3.669800	2.533200	-0.567700	2.892100	3.515300	1.502800	5.007300	3.972800	8.483500	1.873100	-1.119400	2.142100
106	0.662800	0.636900	0.060700	2.220000	1.711900	4.335900	1.450300	1.262000	0.000000	1.041100	0.022800	0.839600	0.699700	0.370800	1.471600	0.934400	0.935300	1.485200	0.610300	0.924700
107	0.756200	0.002600	-1.132300	0.353200	-0.541700	1.787000	-0.180100	0.233900	-0.021300	0.160700	-1.413800	-0.568000	0.523400	0.000000	1.198300	0.086900	0.802600	-1.078400	0.285100	0.807900
108	2.321000	0.519600	-0.881000	0.430400	1.137800	0.559100	-1.234700	-0.594700	1.675700	0.741200	-0.812700	-1.538600	0.000000	-0.612900	1.067400	0.665800	0.342500	2.209200	1.752300	1.643100
109	5.249900	3.544500	0.739700	2.802400	2.004000	5.022400	3.545000	3.474200	4.524600	3.753400	0.355400	3.068300	3.608000	2.813900	3.693100	3.234000	-0.355500	0.680300	0.000000	2.752800
110	0.244700	0.936500	-0.076200	0.567800	0.432700	2.167400	0.509000	0.000000	-0.209700	0.154000	0.097300	-0.043500	-1.617400	0.168100	-3.169400	-0.912800	1.267600	0.463600	0.481500	0.709900
111	0.537600	0.000800	-0.777800	0.000000	-0.722600	-0.702100	0.379800	0.220300	0.256900	0.381900	-1.774300	-0.405500	-1.203200	-0.483100	-0.502400	0.163000	0.426900	-0.613800	-0.983100	0.363000
112	0.344100	-0.146100	-0.354900	0.122800	-0.291800	-1.459400	0.000000	-0.267400	-0.263200	0.511700	-0.499800	-0.096100	-1.689700	-0.470100	-1.196400	0.272900	-0.560500	-0.079700	-0.151900	0.306600
113	2.771500	1.721100	-0.542400	1.751000	1.390100	1.842000	0.000000	1.184500	1.344800	1.709200	-0.280200	1.159800	2.307100	1.011300	2.118900	1.776000	1.554100	1.179100	0.599800	2.011400
114	3.300600	1.481100	-0.711200	0.000000	-0.806800	3.786600	2.514000	2.076400	2.164800	1.805000	-1.262200	2.567700	1.335200	1.686400	3.162700	2.906700	0.050300	5.981000	1.819600	2.575800
115	1.063700	0.219800	-0.582600	0.795600	0.001800	3.176200	0.460500	0.481800	0.465400	0.892900	-1.185500	0.051900	0.000000	0.340600	0.942100	-0.274000	-1.231900	-0.246900	-0.296100	0.504300
116	-0.095300	0.000000	-0.553500	1.129700	0.913800	2.873500	0.119800	1.378500	-0.674100	0.628000	-0.250700	-0.287400	0.239900	0.225500	0.728000	0.364900	0.691900	0.476900	0.435700	0.548400
117	3.883100	3.438100	0.707100	3.901100	2.845400	4.807300	1.721500	2.466000	2.597000	2.515800	0.000000	2.195700	4.266800	2.270600	4.420100	1.972700	1.580200	1.514000	0.014600	2.230600
118	1.351900	0.356000	-0.995800	0.024300	-0.462100	4.642000	0.000000	0.204600	0.464800	1.007900	-1.190600	-0.582200	0.847300	0.454600	2.329300	0.790500	-0.667000	0.037800	-0.908900	0.460100
119	2.397800	1.865000	1.736900	1.962500	1.434800	0.000000	1.191900	2.094800	2.262000	2.365900	1.581800	1.555400	1.780700	1.475800	2.116300	2.291300	1.933600	1.757100	1.677200	2.476800
120	1.020600	0.035000	-1.459500	0.065500	-0.629900	-1.010900	0.000000	0.496600	0.443800	0.473400	-2.593300	-0.711200	0.345100	-0.461200	0.830100	0.693300	-0.203000	-0.161100	-0.323000	0.556300
121	4.858900	2.755500	0.533000	0.000000	-0.030300	4.841600	5.802100	1.574800	3.316400	2.606500	1.921900	3.043100	5.660800	3.324300	5.647600	2.763300	14.783800	11.678700	6.929600	3.280700
122	1.531300	0.430100	-0.782100	-0.025300	-0.828600	3.990300	-0.148400	0.172900	0.518500	0.428100	-1.022300	-0.525100	0.000000	-0.137100	0.897200	-0.129500	-1.300300	0.074200	-0.846900	0.544500
123	1.672000	0.386300	0.254400	1.094000	0.430300	5.551100	-0.003600	1.206600	1.189500	1.218700	-0.059000	0.277500	0.331500	0.000000	0.930100	0.430000	0.176800	0.519100	0.487500	0.903500
124	4.372700	2.956300	0.813200	1.506300	0.000000	6.789100	5.099200	2.601200	3.351000	3.060500	-0.150200	3.592400	4.504100	3.042500	4.952500	4.156700	2.124600	4.978100	3.711900	3.990400
125	2.083000	0.291700	-0.243000	-1.427100	-0.662000	4.901700	1.248100	0.000000	1.290400	0.583800	0.542100	2.800500	4.240000	2.163000	2.764600	2.031100	14.464100	8.044100	8.436000	11.524100
126	0.659600	0.000000	-0.354700	0.330200	-0.429100	3.392600	-0.143200	0.542500	0.505700	0.822900	-0.737500	-0.145600	-0.017000	-0.166200	0.482100	0.156400	-0.673300	-0.361300	-0.553300	0.196600
127	0.936500	-0.009400	-0.412600	0.196000	-0.536300	2.614500	-0.246000	0.439400	0.231600	0.829100	-0.761600	-0.061200	0.000000	-0.139900	0.472800	0.053900	-0.052200	-0.321200	-0.447000	0.082100
128	3.846800	2.503000	0.000000	2.132700	0.925200	4.655200	1.743200	1.968500	2.867600	2.607600	1.424900	2.841500	4.113900	2.602800	4.874500	2.527300	7.133100	10.210200	6.231800	22.057500
129	4.970800	3.560400	0.000000	3.560800	1.604300	6.201000	4.464000	3.814500	3.835800	3.493200	-0.163900	4.807200	4.345200	2.667700	4.874600	3.288000	7.463500	7.184000	2.518100	2.123400
130	0.317200	-0.635500	-0.975800	-0.228000	-0.765700	5.545900	-0.586100	0.077700	-0.009800	0.054500	-1.167000	-0.791300	-0.594500	-0.868600	0.000000	-0.121300	-0.814700	-0.900600	-0.996300	0.041500
131	-0.363300	-0.391500	-0.619500	0.941200	0.262000	1.365000	-0.981400	-0.342800	-0.764100	0.068500	-0.632000	-0.584500	0.000000	-0.090900	0.645600	-0.005300	-0.647500	-0.543200	-0.759800	-1.004500
132	3.044900	1.674800	0.270100	0.000000	-1.013800	2.019400	5.994000	1.619600	1.888800	1.176100	-1.381500	1.173000	3.574300	1.317700	3.244800	1.341500	14.717700	16.896700	8.134800	19.724200
133	0.000000	3.240300	4.190200	5.925500	5.644500	6.495300	3.595200	5.749100	3.185300	3.486000	4.039800	3.895700	4.175400	3.949600	3.487100	3.673600	4.285500	3.842800	3.500500	4.351800
134	-0.275100	-0.220300	-0.468500	1.859200	1.386500	1.009100	0.787400	1.377700	-0.786900	0.910300	0.638300	-0.418600	-0.383600	-0.092100	0.000000	-0.603400	-0.193700	-1.139700	-0.425000	-0.058400
135	0.515500	0.717200	0.861900	0.972200	0.763300	3.105900	0.468000	0.820100	0.000000	0.375600	0.945400	0.646500	0.931300	0.597400	1.054500	0.672400	0.738500	0.579600	0.499300	0.838600
136	0.000000	2.769200	3.814500	4.843800	4.655700	5.405400	3.445500	4.679000	3.804300	3.743300	3.510100	3.528500	3.360200	3.446800	2.967300	3.613000	3.652300	3.743000	3.649600	3.730100
137	1.245200	0.799500	-0.974500	0.000000	-0.459500	0.725300	-0.603500	0.315900	0.691700	-0.016600	-0.776000	-1.411900	0.134800	-0.071600	1.216700	0.793900	0.178500	0.748600	0.751500	1.039600
138	3.221000	1.827500	-0.033800	0.000000	-0.674000	2.467900	1.114400	1.543100	2.684300	1.291100	1.148400	1.108700	1.689000	1.973500	2.263400	2.421400	3.232700	2.807000	2.777000	3.241600
139	2.311800	1.937900	1.097600	0.975400	0.666700	0.659300	1.531300	1.798700	2.654200	2.131100	1.413700	1.094200	1.324200	1.597600	0.000000	0.485400	1.985300	1.778000	1.002200	2.193200
140	5.326100	3.283300	-0.113900	1.614000	0.000000	5.538100	6.152500	3.625800	4.228000	3.330300	-0.049100	2.493300	4.286300	2.876300	4.945000	3.974900	9.137700	5.275500	2.558000	3.923300
141	2.350100	1.716500	-1.079700	0.000000	-1.027000	1.696800	0.372700	1.104700	2.576200	1.622300	-0.801600	0.892800	3.902900	1.323300	4.325100	1.546500	3.543900	2.693200	1.398400	1.558800
142	0.071500	-0.448000	-0.811300	-0.033100	-0.333200	0.346300	-1.319600	0.011100	-0.302000	0.187900	-0.609500	-1.110500	-0.266000	-1.255900	0.000000	-0.616600	-0.137900	-0.338300	-0.451700	-0.096000
143	2.319700	1.094600	-0.471200	1.737800	1.646700	4.115200	0.000000	1.727800	1.754000	0.884300	-0.432000	-0.261200	1.724900	1.080300	2.231600	0.511800	0.311700	0.198700	-0.027000	-0.099900
144	7.298400	6.394400	2.142000	5.071600	4.160400	10.450300	4.799100	5.228600	6.042500	5.303000	2.237000	4.815700	7.048300	5.782100	7.873400	4.860400	6.193400	1.565100	0.000000	4.347100
145	2.153600	0.000000	-0.650300	0.764700	1.008800	3.900900	9.307400	2.232300	1.288200	0.272400	-0.108900	2.948900	4.631900	3.491400	3.610800	2.670600	13.408500	8.104600	7.675000	41.414780
146	0.997400	0.194500	-1.594600	0.044100	0.027700	11.737600	-1.890300	0.833100	0.972500	0.121200	-1.434300	-1.370100	0.047300	-0.398900	1.032400	0.233900	-0.735400	-1.103400	-1.813200	0.000000
147	3.489200	3.091800	2.804300	2.932600	3.491800	0.000000	2.907600	4.020300	3.535800	3.771000	2.745300	2.854700	3.644600	3.156700	3.448200	2.911000	3.096300	3.532200	3.466400	3.319700
148	3.966100	3.840100	0.000000	3.235600	2.114000	12.951800	3.295300	5.165500	5.139500	3.901800	0.452100	2.649300	4.349700	3.346700	5.877700	3.328100	10.048800	4.185500	0.182500	2.245200
149	3.065700	1.914500	4.828000	3.402900	4.389900	0.000000	10.068600	3.273500	2.765300	2.649000	2.084300	5.464200	6.787000	4.927100	6.341000	4.454500	24.928860	19.153200	14.133100	42.182840
150	3.513600	1.994300	0.599400	0.349700	0.000000	3.127100	1.576000	1.345100	2.389100	1.829400	0.354900	1.771500	1.943500	1.594400	3.428400	2.191100	8.172500	9.561300	7.466800	14.690000
151	2.214200	0.888000	-0.649300	0.017000	-0.894800	4.717300	0.182800	0.307600	1.062400	1.015800	-0.774800	0.000000	0.613900	0.314000	1.321500	0.452300	-0.103600	-0.720300	-0.544800	0.122400
152	3.353000	2.186300	0.095200	0.000000	-0.339500	4.766400	1.734300	1.645300	2.361800	1.917800	0.068300	3.060200	4.911200	2.138000	5.424000	1.305600	12.381300	7.888100	4.819600	10.640200
153	4.582200	3.240400	1.526400	1.029700	0.000000	6.173600	4.039200	3.085500	3.949800	3.211600	0.767200	2.688900	5.016000	2.979600	5.824000	3.801300	8.955100	13.828500	12.188600	13.627900
154	0.426900	-0.418400	0.524900	1.579700	1.171800	4.007800	1.853900	-0.072900	0.393400	0.000000	0.193200	1.929300	5.187800	2.288700	2.682200	2.223800	9.201200	5.295300	6.213900	17.244200
155	1.321200	0.712300	0.080200	1.009800	0.137500	4.391300	0.565900	0.406200	0.497900	1.149800	-1.045400	0.595800	0.000000	-0.068500	1.021200	0.646200	-0.136800	0.308100	0.205000	1.237200
156	5.135300	3.224200	0.000000	1.756600	0.520200	5.283700	3.491700	3.302800	3.883100	3.323100	0.396300	2.900400	4.379200	3.485800	4.747200	4.079700	5.246800	1.218900	0.325800	2.921700
157	4.435800	3.949100	0.000000	2.929200	2.012800	6.257300	2.786600	3.426600	4.713900	3.054300	0.056100	2.653100	4.968000	2.730500	5.413400	2.580800	6.936900	6.133800	2.274200	2.838900
158	0.000000	5.586800	12.804500	11.931000	14.063300	15.877700	8.991800	13.532200	8.502500	8.101000	8.657600	8.915100	10.416400	7.814300	11.551500	9.662300	17.518300	13.544000	13.826600	14.043600
159	4.382200	3.122900	-1.104000	0.000000	-1.397900	6.593700	5.328600	2.631700	4.094400	2.294300	0.070100	4.785100	2.423400	3.012800	3.262800	2.693600	10.867500	5.572900	3.723400	2.250100
160	0.619100	0.598300	0.339700	1.100000	1.003700	-0.987500	1.065800	1.213400	0.562000	0.931700	0.571800	0.704100	0.634900	1.579900	0.000000	0.967300	1.259400	0.954400	0.945700	1.154000
161	0.416900	0.461800	0.235300	0.644800	0.406000	0.825100	0.021600	0.579500	0.571800	0.922500	0.753700	0.337800	0.000000	0.657600	0.299300	-0.017400	0.501900	0.170800	0.117300	0.314300
162	0.526100	0.000000	-0.088100	0.868900	0.748900	-0.605600	-0.195000	0.777700	0.618400	-0.101100	-0.159700	-0.162500	0.567400	-0.048300	-0.030500	0.066800	0.275300	0.377300	0.329700	0.502100
163	-0.172700	0.000000	-0.437400	2.905800	1.518500	5.019000	1.126400	2.218200	1.531800	0.295500	-0.896900	1.246100	1.097800	1.214500	0.659600	0.427200	0.823000	0.224100	-0.672000	0.879600
164	1.463100	0.754100	0.015300	0.157900	-0.100500	2.774500	0.000000	1.317800	1.309500	0.851700	-0.967400	1.022700	1.372300	1.195300	2.281100	2.344100	1.874400	1.979700	2.470900	3.490700
165	0.000000	2.942200	2.834300	3.032500	2.853300	5.036400	2.786700	2.981800	2.967800	2.977300	2.084700	2.720000	2.764100	2.314100	2.815700	1.848000	2.241400	2.852100	2.826400	3.011400
166	-0.157700	0.000000	-0.260900	1.103300	0.179700	1.945700	0.028800	-0.439000	-0.653000	0.865900	-0.197200	-0.242400	0.034700	0.092700	-0.432300	-0.730100	0.060900	-0.210500	-0.365200	0.391800
167	5.318700	3.666400	1.201400	2.649800	0.841700	1.629400	6.049100	4.641500	4.916100	3.207300	1.084500	4.421800	3.685100	4.630900	4.598000	4.986200	6.217300	2.402800	0.000000	3.484900
168	0.000000	-0.097300	-0.640700	-0.479200	-0.433400	7.369600	0.419600	1.064600	1.094500	0.562900	-0.850700	-0.044700	0.505700	0.412500	1.533500	1.581100	2.789300	4.837400	4.721700	3.741800
169	1.162000	0.638500	0.697700	1.121400	0.693800	1.299200	0.000000	1.117700	1.054000	1.095600	0.326100	0.440200	0.657900	0.553700	0.833700	1.188800	0.893600	1.027200	0.890100	1.128100
170	4.337300	2.823500	1.329200	3.723800	3.046200	2.240600	3.379500	3.958500	3.644800	3.295600	1.067500	2.774000	4.242400	3.027000	4.806900	3.827000	0.000000	2.323300	1.774600	3.117400
171	1.207200	-0.322600	-2.138200	-1.983700	-0.563100	1.630300	-0.310800	0.074900	0.000000	-0.394800	-3.183900	-0.055300	1.627700	0.148400	2.481500	0.910100	6.225600	7.505500	6.406400	1.336500
172	0.404300	0.311600	0.026900	0.568500	0.094900	0.801900	-0.295900	-0.557000	0.000000	1.121900	-0.222500	-1.244100	1.293900	-0.036200	1.928100	0.152600	-0.366800	0.420200	0.267300	0.789800
173	1.218500	0.312300	-0.860000	-0.165100	-0.636700	1.639700	1.089000	0.897400	1.601800	0.793100	-1.337800	0.903300	0.000000	-1.005100	1.801400	0.257200	0.008800	0.150900	0.049300	0.806700
174	2.879700	1.901600	-0.791000	0.742900	0.000000	1.742600	1.427100	0.841700	1.963800	1.573500	-0.624000	1.305500	1.935100	2.241300	2.184700	1.995100	-0.194100	0.722400	0.275200	2.831800
175	2.571000	1.719100	0.000000	2.136800	1.635300	4.239600	-0.511000	1.781900	1.908200	1.899900	-0.072000	-0.218200	3.537300	2.284900	2.751100	2.220900	4.253700	6.862900	3.700900	5.304600
176	0.602800	0.475900	-0.531700	0.000000	-0.529000	2.058200	0.135300	0.205900	0.580400	0.178900	-0.518000	-0.078100	0.324100	-0.009100	1.267500	0.661100	1.327400	1.012700	1.058400	1.024300
177	4.939500	3.064000	0.348800	1.755100	2.442800	3.123600	3.839000	3.110200	3.324600	1.859900	0.000000	2.617000	3.350000	2.574100	3.099800	2.858700	4.418500	7.538500	3.887700	5.047900
178	1.269800	0.634100	-0.493100	0.381500	-0.276300	0.916300	0.872500	0.554500	1.075100	0.701600	-0.036900	0.216100	0.463800	-0.177700	0.000000	-0.518500	-0.572000	-0.439800	-0.519200	0.411800
179	2.369900	1.874700	0.832400	2.172000	1.180500	0.000000	1.394200	2.355400	2.298400	2.366200	0.626300	0.634800	1.921600	1.623700	2.430600	2.267500	-0.062900	0.921000	1.445300	2.402800
180	0.063300	-0.299000	-0.141200	0.177900	-0.011300	-0.613400	-0.725500	-0.136500	-0.177300	-0.039400	-0.309700	-0.368900	0.000000	-0.428200	0.296700	-0.787200	0.098800	-0.259700	-0.308100	-0.500500
181	0.222900	0.772400	0.706800	0.615500	0.201300	0.764500	0.000000	0.129900	0.142600	0.675400	0.772500	1.235600	1.856400	1.232800	0.437800	-0.258200	0.925700	0.307900	0.067800	0.449600
182	1.060300	0.000000	0.299200	0.809700	0.367600	2.166600	-0.252200	0.892200	0.747300	1.307400	-0.139200	-0.296600	0.179000	-0.197700	0.008600	0.533300	1.099800	0.849100	0.770900	0.888200
183	1.576700	1.260700	1.098800	1.397800	1.114000	0.388300	1.471100	1.424000	1.508400	1.748000	0.927300	1.292100	0.000000	0.945400	0.002800	1.576600	1.072300	1.282700	1.188000	1.680400
184	1.503000	0.472700	-0.243500	0.255100	-0.411400	-1.335000	0.226000	0.384400	0.762800	1.107600	-0.428300	-0.091900	-0.086100	0.000000	0.711600	1.124600	0.442700	0.310400	0.202500	1.062100
185	2.320700	1.090000	-0.445200	0.127300	-0.597400	5.155300	0.000000	1.682000	2.891500	1.674500	-0.240600	0.508700	3.080400	1.759400	4.352600	1.948900	10.528000	3.357300	2.076200	3.532200
186	0.000000	-0.001800	0.206000	3.512800	5.589300	7.689800	1.282700	4.683000	0.220600	1.293900	0.335400	0.566000	1.377800	1.350100	2.773500	2.121200	5.735100	3.844900	4.038700	54.371100
187	0.990100	0.132900	-0.124900	0.605900	-0.032700	9.725500	0.242100	0.746000	1.123400	1.082000	0.014700	0.170100	0.118600	0.000000	0.548400	0.891900	0.154000	0.091600	0.060500	0.595900
188	1.801400	0.000000	2.251000	3.778600	3.371500	3.842700	0.773800	0.186000	0.715900	0.967800	-0.403400	0.417700	3.565100	2.155200	4.419900	1.760200	4.313200	3.677800	2.708100	2.132900
189	1.985200	0.000000	2.464100	4.400800	6.058300	7.243700	23.780060	3.682400	0.947400	0.982800	8.647100	4.455700	5.229600	3.879700	6.328000	5.403300	48.573800	31.251166	27.823250	26.603450
190	1.935400	0.884300	0.061900	0.351600	-0.553100	2.712800	0.000000	0.701400	1.828000	1.287900	-0.397100	-0.005300	0.620400	0.563500	2.222400	1.629200	0.480300	-0.408200	-0.717400	1.374600
191	1.508300	0.103200	-1.070400	2.743800	2.059500	4.779000	-0.060900	2.640300	1.529300	0.776200	-0.865800	-0.415600	0.000000	0.142100	1.022800	0.852900	-0.350700	-0.678800	-1.030600	0.587400
192	4.698500	2.168100	0.352100	0.000000	-1.189100	4.911500	10.593100	1.976200	3.084900	2.643900	-1.032200	4.854500	4.038800	3.454100	4.457500	3.407300	10.201100	11.408900	1.246200	10.400700
193	3.717700	1.828800	-0.383000	0.000000	-0.399500	5.172000	2.671500	2.254600	3.439800	2.464800	-0.775600	1.876300	3.058000	2.387100	3.693100	1.528500	3.328700	2.375800	2.862100	18.019700
194	0.992100	0.089400	-0.683200	0.389200	-0.471700	4.387100	-0.175800	0.720800	0.839000	0.604600	-1.278200	-0.323300	0.137300	0.054000	0.784800	0.000000	-0.463500	-0.500400	-0.638500	-0.167300
195	5.187200	3.973300	1.665600	5.082600	4.671100	9.451200	3.964100	5.944500	4.386100	4.170500	0.373600	3.425200	4.392300	3.148400	4.935500	4.469400	2.649300	1.662600	0.000000	3.209500
196	5.504500	3.666300	-0.522000	1.554000	0.000000	7.602200	5.182500	2.847900	4.083500	3.510900	-0.521800	4.695300	4.363100	3.170600	5.476500	3.779300	16.419600	13.339700	9.263800	16.971800
197	2.479900	1.624200	0.000000	1.482800	0.509200	4.579600	0.628500	1.778000	1.781400	1.637100	-0.005400	0.259500	1.013400	1.047200	2.696900	1.136900	1.816100	2.145200	1.798400	2.590100
198	0.223000	-0.348100	-0.721000	-0.146100	-0.859200	2.148100	-1.255000	-0.550400	0.198400	0.454800	-1.293200	-0.609800	-0.483600	-0.550500	0.000000	-0.054300	-0.935200	-0.825800	-1.002200	-0.196300
199	4.954700	3.229500	0.000000	1.589600	0.920700	7.373900	3.859100	3.445200	4.557300	2.457000	-0.516600	2.913400	3.725300	3.009100	4.506400	1.922500	14.098700	10.498400	2.001300	2.274000
200	3.758800	2.038500	-0.027800	0.000000	0.629600	4.402100	2.415200	1.431800	2.718100	1.814100	0.732600	1.988900	4.890600	2.355900	4.006200	3.061900	6.933000	1.877600	1.656400	1.770700
201	0.325400	-0.316800	-0.306900	0.186200	-0.277000	4.224700	-0.375100	0.518900	-0.116000	0.643800	-0.321700	-0.766000	0.000000	-0.364200	0.757200	0.153300	-0.309700	-0.195900	-0.241000	0.227200
202	1.080200	0.461000	-0.764600	0.615200	-0.070100	3.331500	0.000000	0.426700	0.467000	0.418200	-0.614500	-0.447700	0.274500	-0.335000	1.315400	0.318100	0.554500	0.521500	0.394400	0.263500
203	2.430000	1.174400	-0.321100	1.466800	1.126800	6.140500	0.000000	2.601600	1.769300	1.645900	-0.291000	-1.214300	4.902800	1.335000	6.012100	1.353500	2.644400	4.930300	4.200400	-0.428000
204	1.421500	0.903400	-0.124700	1.325600	0.757100	3.864600	0.000000	0.653800	0.563700	0.702800	-0.551400	-0.015400	1.034800	-0.069500	1.780600	0.311600	0.595300	0.742000	0.497700	-0.375300
205	0.671200	0.252000	-0.143100	0.502100	0.177200	3.212000	-0.462400	0.000000	-0.065900	0.182300	-0.027900	-0.168100	0.572400	-0.168500	0.863600	0.138600	0.304800	0.218600	0.099000	-0.470400
206	1.132300	0.167700	-0.277800	0.229700	-0.055900	4.628600	-0.167600	0.176300	0.006600	-0.215500	-0.294800	-0.215400	0.000000	-0.073300	-0.010700	-0.110200	-0.454200	-0.405100	-0.435400	0.086600
207	1.007300	0.826800	0.113100	1.173000	0.812700	0.000000	-0.296600	1.099100	1.075400	0.738900	-0.207000	0.267200	1.032500	0.426800	1.217700	1.178100	1.055700	1.091600	0.289100	1.027800
208	0.000000	1.038000	-0.048100	1.474200	1.008800	3.680600	-0.120300	1.504900	0.312600	0.776600	-0.202700	0.228500	0.918300	0.182300	-0.717600	-0.281300	0.458800	0.597400	0.145500	0.458700
209	0.272200	0.340800	0.053300	0.375500	0.566100	-0.252800	-0.068700	0.396800	0.155300	0.121800	0.252600	0.003600	-0.470100	-0.204500	0.000000	0.071100	0.071900	0.174000	0.142000	0.398800
210	5.034700	4.829800	5.712200	6.121800	6.423100	4.261000	4.906000	5.256300	4.399800	4.929500	4.892700	4.549600	3.891000	5.376000	0.000000	4.539400	4.787700	4.772400	4.717700	4.778000
211	5.375700	3.465100	0.000000	2.102700	2.887900	4.934900	5.001900	3.516200	5.312200	3.289500	0.320400	3.464200	4.338000	2.732300	5.038700	2.976700	11.927000	4.933700	2.312700	3.277000
212	4.970400	3.518700	0.000000	1.921200	1.166200	3.602800	4.437100	2.776800	4.371500	3.562700	0.111000	2.334200	4.346600	2.404000	5.165000	3.294400	10.315600	7.944500	3.761600	4.791000
213	1.507100	0.338700	1.739200	2.260000	2.687800	3.572700	1.218700	-0.806600	0.000000	1.255400	0.244200	1.540200	2.884700	1.650300	3.594000	2.562700	2.553900	4.509200	2.739000	4.018000
214	1.118500	0.000000	0.063100	3.056900	2.452700	2.627500	0.449700	1.365900	0.546700	1.015800	0.212400	0.478900	1.193500	0.526500	1.604200	0.377800	1.602400	-0.632600	-0.151000	0.418400
215	5.186400	3.606600	0.000000	3.026200	2.058400	6.556800	3.221200	2.888100	3.793700	3.364000	0.239200	2.396200	4.370200	3.030900	5.757100	3.110400	1.626400	5.815000	2.300300	2.333900
216	1.679300	1.881600	-1.142400	1.245800	0.000000	5.599400	2.103000	1.815400	1.801000	1.684100	-0.810900	1.762300	2.593300	1.756100	3.813800	1.438800	1.846300	1.863900	1.776800	2.848200
217	0.004600	0.063400	-0.442300	0.044200	-0.135800	0.690100	-1.004100	0.335500	0.000000	0.055700	-0.693400	-0.549200	0.147800	-0.473300	0.184400	-0.431000	-0.677300	-0.704700	-1.368100	-0.945100
218	2.258100	0.943000	0.363300	0.000000	-0.004500	7.426200	1.854500	1.258400	1.111100	0.553200	0.043600	1.443500	3.166700	2.272500	4.330700	1.808000	8.074300	10.923800	5.596600	6.009800
219	0.500000	0.155300	-0.226200	0.289700	-0.068600	2.514700	-0.301300	-0.330500	-0.141700	0.160700	-0.285100	-0.298100	0.328200	0.000000	1.075000	0.802600	0.595000	0.408100	0.481300	0.450900
220	-0.429100	-0.921900	-2.427200	-2.169300	-2.545700	2.658400	-1.440700	-0.464800	-0.266900	-1.417300	-2.253100	-1.757100	-0.037500	-0.886700	0.000000	-0.830500	-0.337900	-1.605100	-1.323300	-1.179900
221	-0.389600	-0.438300	-0.278600	-0.137100	-0.103300	-1.485800	-0.756200	-0.240200	-0.162700	-0.030800	-0.075700	-0.753500	-0.280400	-0.256800	0.000000	0.018400	-0.205700	-0.228200	-0.365100	-0.022500
222	-0.442400	-0.473200	-0.461800	0.139700	0.128100	0.523700	-0.728100	-0.738000	-1.069300	-0.396000	-0.215400	-0.744400	-0.101400	-0.911900	0.000000	-0.271700	-0.154400	-0.566600	-0.586100	-0.386800
223	-0.542900	-1.370400	-2.782600	-0.921500	-0.833700	-0.450600	-2.520200	0.606500	-0.364300	-1.115500	-2.552000	-1.867300	-0.722800	-1.159100	0.000000	-0.777300	-2.039800	-2.548800	-3.012500	-1.035500
224	0.000000	3.273600	4.320000	5.596100	5.565800	6.278100	4.176000	5.332400	4.154600	4.263800	4.039000	4.172200	4.260300	4.401800	3.802900	4.345400	4.160100	4.120600	3.723500	4.442000
225	2.069600	1.639300	1.936300	2.945400	2.821900	2.927500	0.000000	1.647500	1.637800	1.813400	1.680700	1.112300	2.296200	1.656200	1.924300	0.976700	1.742100	1.535900	1.502000	1.089900
226	5.510200	3.999300	0.000000	1.621000	2.372500	1.760800	8.663600	2.979800	4.514200	3.604300	-0.115500	3.103000	5.487000	3.814900	6.226500	3.737700	3.641300	5.324100	1.444100	3.146100
227	0.539800	1.034700	1.810700	2.261400	2.260500	1.718700	1.734000	1.074800	0.000000	1.648700	2.018100	1.708800	0.160000	1.824400	-1.760300	-0.014800	1.800000	1.229400	0.969000	1.279300
228	0.464400	0.000000	-0.399200	0.348900	-0.089200	-1.238900	0.436800	0.402800	0.409500	0.480100	-0.469100	0.133600	-0.874300	-0.176400	-0.183100	0.355900	0.267500	-0.666900	-0.491700	0.361200
229	1.703400	0.951000	-0.693000	0.916200	0.294100	0.850200	-0.298600	1.044000	1.503300	1.464900	-0.923000	0.240800	-1.136900	0.164000	0.000000	1.462900	-0.803200	-0.049700	-0.998900	-0.058100
230	3.845500	2.231200	0.838500	2.982000	1.441600	1.566800	2.178600	3.208600	2.983900	2.664200	0.564300	1.653300	0.000000	1.575300	1.786800	1.499800	1.592300	1.531000	1.210600	2.088000
231	4.536000	3.238100	0.000000	2.701200	1.552700	9.406300	2.329800	2.561100	4.187400	3.228300	-0.277300	2.076800	4.454500	2.295200	4.864100	3.121400	10.638400	3.616700	5.758800	4.319500
232	2.814300	1.204400	-1.130300	-0.265000	-0.897400	4.697100	0.632400	0.000000	1.703100	1.199400	-1.317300	0.933300	0.377100	0.815500	2.934800	1.135200	2.131000	1.749700	0.846200	0.343100
233	2.520500	1.238800	9.758100	4.691300	6.800900	4.975100	7.715500	4.755200	0.000000	2.268000	3.726800	6.010200	11.123700	8.071900	9.347900	6.559800	30.733320	16.910100	17.055700	47.185300
234	5.275600	3.497200	-0.297600	0.708300	0.000000	6.687000	3.752900	2.623100	3.932500	3.260800	-0.050200	3.460800	2.966600	2.903900	5.408800	4.104100	4.401000	10.538800	2.947200	4.457200
235	2.132700	0.000000	-2.630400	0.093000	-0.337200	3.677100	1.239800	-0.838700	1.064000	0.557200	-2.536000	2.868400	1.990200	1.065500	2.426900	1.317300	4.090400	2.722300	-0.318800	0.458500
236	5.904600	4.344700	0.000000	4.441700	3.212900	11.636000	2.924900	4.078300	5.930800	4.444600	0.374500	3.544600	5.055100	3.676200	5.837200	3.751400	19.251700	9.685000	9.529300	26.535230
237	1.783500	0.918000	-0.632100	0.000000	-0.678500	7.075000	-0.302800	0.597200	1.191900	0.733300	-1.125100	0.420700	0.937000	0.853700	1.543600	1.483800	-1.135000	0.000300	-0.019500	1.143500
238	4.479200	3.096900	0.000000	1.693000	0.205100	5.337800	2.921000	2.085600	3.245000	3.058100	-0.676500	1.942500	2.661900	1.658700	3.891200	2.409500	-1.768100	1.023600	-1.246100	0.835800
239	4.628600	3.456400	0.000000	2.954600	2.107600	9.108700	4.503200	2.745400	4.051900	2.749300	-0.084900	4.124000	3.146100	2.022000	4.165000	3.531200	5.012900	10.277600	2.873200	2.401100
240	4.174300	2.991200	0.000000	2.150500	0.815300	6.131000	1.090900	3.127300	4.233100	3.217700	-0.033700	2.062300	3.240900	2.418200	4.232300	2.598200	1.759000	1.499500	0.510000	1.961300
241	0.853500	0.000000	-0.455900	0.885800	0.471000	2.920200	-0.065600	0.533100	0.306900	0.509000	-0.453100	-0.306600	-0.462500	-0.282800	-0.029500	0.362400	-1.179700	-0.259700	-0.282800	0.108800
242	0.000000	2.131600	3.810300	9.290400	8.597100	10.861500	4.519900	9.777200	3.720900	3.530100	1.609200	5.330200	3.205400	2.255400	4.206700	2.749700	5.043000	5.691000	3.240400	28.645520
243	4.540100	4.329700	1.647400	4.733200	4.715300	4.779200	5.292400	4.421000	4.042800	3.159500	1.166000	3.047800	5.956300	3.427100	6.122000	3.265300	2.174100	1.442700	0.000000	2.045200
244	0.745300	-0.075900	-2.373800	-0.272000	-1.464000	2.698300	-0.077200	-1.854700	0.169800	0.573300	-2.320900	-0.439800	0.000000	-0.275800	-0.916600	0.338900	0.760800	4.173700	1.812900	1.610600
245	0.943700	0.000000	-1.921100	-1.058600	-1.499400	-1.001000	-0.491600	-0.023300	0.673300	0.001700	-2.799100	-0.792200	-0.877500	-0.544800	0.413000	0.392300	-1.286500	0.079500	-1.774700	0.233900
246	1.005200	-0.157900	-0.663700	-0.868400	-0.957700	-0.691800	0.871700	-0.596100	0.000000	0.046300	-0.451500	-0.509900	0.450100	0.129200	2.316100	0.660400	4.340600	1.609300	2.287600	-0.076700
247	2.115800	0.875300	-0.300000	0.000000	1.045700	2.627800	1.408200	0.788400	1.291600	0.940400	-0.210100	0.578900	2.953200	1.764100	3.200500	2.435900	2.312600	3.706000	0.534000	33.358908
248	1.919200	0.004000	-0.746400	1.351600	1.122400	2.669200	-0.283100	1.414300	0.000000	2.156500	3.136400	1.460700	3.219100	2.847000	1.499000	0.106200	1.790700	8.256400	10.225600	4.150600
249	3.897000	2.763100	0.000000	1.610000	0.475700	6.959900	1.954200	2.959100	3.389000	3.058400	-0.190300	1.559200	3.173500	2.130700	4.359500	3.740700	4.441700	6.066800	3.985800	2.953900
250	4.047700	2.913100	-0.086800	1.247100	0.000000	5.932300	5.235400	2.654200	3.960400	3.148700	0.445500	2.616200	4.493200	3.169000	4.812700	3.827600	14.572200	6.598800	2.541500	3.095000
251	0.000000	-1.923700	-0.746600	-1.811700	-1.398600	4.138500	6.089700	-0.638400	-0.639500	-0.648500	-0.170100	4.407000	2.268700	1.809300	4.004100	2.453100	20.545000	22.533900	12.844300	25.226830
252	5.058300	3.407000	0.389800	1.246400	0.000000	4.835400	6.014000	2.934600	4.739000	3.436100	0.211000	2.712900	4.705500	3.735200	5.334700	4.385300	23.888230	15.919300	11.931300	6.281200
253	0.000000	-0.714900	1.958000	3.516100	5.471900	7.014500	7.036300	3.815000	2.813300	1.960600	-0.488000	5.744000	5.923500	4.688600	8.555800	7.940400	15.823500	16.721500	12.622400	23.617940
254	3.058300	1.419800	-1.068600	-0.030600	-1.723500	4.534600	7.537500	0.000000	1.748000	1.211900	-0.545100	3.115700	3.492900	2.898500	3.602000	2.237500	13.431200	9.192800	5.216600	4.485600
255	5.293300	3.379900	-0.007100	3.365200	3.858200	7.837000	2.889000	3.545800	4.131900	3.377800	0.364600	2.197900	4.142800	3.052200	5.186200	3.813100	0.222200	0.000000	-0.018200	2.884600
256	5.133300	3.276800	0.000000	3.687100	2.951700	6.672400	3.795600	2.838300	3.982000	3.461800	0.234100	3.029100	3.086300	2.815000	3.858900	3.241300	5.949600	7.211700	3.620100	3.874400
257	4.820200	3.396700	0.000000	4.014400	3.977700	5.751500	3.831000	3.089100	4.417200	3.488800	-0.293500	3.600900	4.279700	2.545500	5.260600	2.922400	1.110100	1.774400	-0.448000	1.916300
258	5.330600	3.700900	0.000000	2.354200	0.851300	6.298500	4.683800	3.411200	4.607000	3.639100	-0.456400	4.590600	4.224100	3.676400	4.962200	3.120400	14.844100	12.414200	7.260000	5.710500
259	0.142900	-0.359100	-1.611900	-0.509600	-1.424600	1.496800	-0.820100	0.000000	-0.262800	-0.866200	-1.927600	-1.156400	0.096100	-0.512400	0.688700	-0.248900	-0.850600	-0.907900	-0.978900	-0.085600
260	1.316700	0.594000	-0.139900	2.515800	2.416000	5.999100	0.226700	1.366400	-0.324300	0.757000	-0.591600	0.269400	1.884100	1.393600	1.254000	0.150200	0.107000	-0.308900	-0.862900	0.000000
261	1.539500	1.265100	1.062400	1.523300	1.315300	0.000000	0.555700	1.322800	1.610200	1.743300	0.840500	0.749200	0.846100	0.940200	1.079900	1.649500	0.660500	1.079700	0.970000	1.610600
262	1.866100	1.166400	0.644300	0.978100	0.656700	-0.094800	1.141100	1.162300	1.589900	1.120300	0.520100	0.786800	-0.445400	0.415700	0.000000	1.173200	0.706600	0.976000	0.961300	1.485000
263	3.071600	1.504400	0.790700	1.126700	0.952600	1.617300	0.945600	2.511300	2.186200	1.929900	0.917300	0.203600	2.793100	0.000000	2.168400	-0.029000	6.860200	6.275500	4.584700	6.962400
264	4.344100	2.901800	0.000000	3.733000	3.064600	10.937800	0.373300	5.203000	3.325000	3.093400	0.023300	1.801700	2.273200	1.749800	3.599900	3.091400	2.399100	8.700200	2.184100	3.436500
265	0.594700	0.000000	-0.319600	0.237000	-0.280000	3.325400	-0.175600	-0.021300	-0.115900	0.539200	-0.464600	-0.258900	-0.148300	-0.434900	0.228300	-0.077700	-0.334600	-0.243900	-0.299300	0.225900
266	2.594000	1.492700	0.000000	1.652400	1.074200	3.964300	0.953700	2.107500	2.297600	1.975600	0.171200	0.847900	1.676700	0.819100	2.381900	1.661000	0.503400	1.052800	0.504900	1.708200
267	3.700200	1.877900	-0.632000	0.000000	0.382700	6.155000	1.890900	1.216900	2.313900	1.962800	-1.193400	2.187700	3.077200	2.112400	4.030200	1.944700	4.101500	0.478600	-0.817300	2.239300
268	1.661100	0.897700	-0.519200	0.876800	-0.007400	4.538300	0.000000	1.371600	0.915100	1.156500	-1.057600	0.023900	1.178700	0.021700	1.915000	0.832400	0.655800	0.984300	0.700900	-0.247400
269	0.622900	0.000000	-0.335400	0.214500	-0.284800	3.684100	-0.745400	-0.118000	-0.188800	0.539300	-0.374500	-0.393100	0.145800	-0.336800	0.711900	-0.141600	-0.451800	-0.498200	-0.567000	-0.188100
270	1.624200	0.328000	-0.087000	0.872900	0.093600	4.503600	-0.897800	1.157300	0.472700	0.473000	-0.824300	-0.515100	0.498200	-0.201300	0.000000	-0.837500	-0.653200	-0.469500	-0.586100	-0.959500
271	1.984700	1.758700	1.617300	2.620400	2.443200	0.000000	0.508200	2.708400	2.222300	2.378600	1.498800	0.685500	2.011900	1.664700	2.620900	1.793900	0.252000	1.909100	1.739200	1.772500
272	1.319900	1.158300	0.845900	1.469300	1.354400	0.636000	0.225200	1.000000	0.000000	1.216600	0.809500	1.230300	1.253600	1.158200	1.537000	0.284200	1.168800	0.812200	0.579000	0.822500
273	0.949300	0.000000	-1.565800	0.611300	0.899100	6.534700	-0.637700	0.328400	-0.346200	0.247400	-1.085100	-1.026800	1.302500	-0.333200	1.753000	-0.568600	0.872100	-1.286900	-1.503200	-0.386500
274	4.195600	2.795000	0.000000	1.922400	2.604300	6.594300	3.547300	2.107200	3.546200	3.057400	-0.564500	3.461700	4.105500	1.906700	4.798400	3.640000	1.606100	2.257300	2.068100	2.742400
275	2.626600	2.142800	2.901300	3.282900	3.136400	0.000000	2.766500	3.129400	2.403800	3.004400	2.947100	2.313500	2.856600	2.186200	3.913900	3.422900	4.139300	3.840300	3.718300	4.433600
276	1.775900	0.899100	0.731100	1.380600	0.943000	0.305000	0.261300	1.522200	1.511200	0.890800	0.379100	0.672700	1.122400	0.728100	1.687500	0.000000	1.405300	1.039900	0.954800	1.818300
277	1.694700	0.000000	-1.536500	0.951300	1.965700	1.910400	5.042300	1.348300	0.766800	0.305000	-0.736900	3.489800	2.571800	2.276100	2.801600	1.277300	14.657800	13.771500	9.170400	23.593690
278	4.367900	2.211700	-1.320200	0.000000	-0.707000	4.829300	8.113400	2.679600	3.742200	2.447300	-1.210000	2.566600	4.118300	2.319100	4.712200	2.586700	12.559700	6.455200	4.537600	3.310300
279	1.875300	0.497700	-0.608700	1.446300	1.240100	2.290500	-0.592100	0.887700	1.276100	1.132000	-0.810400	-0.405900	0.000000	0.270900	0.707600	0.963700	0.611700	0.353900	-0.336200	1.450200
280	6.250500	4.749400	6.352400	5.052900	5.230300	10.366600	15.107800	5.621400	5.381100	5.181100	5.029500	10.263600	0.000000	5.400200	4.407100	5.485300	16.183300	11.084200	10.934200	11.977100
281	4.175100	2.584000	-0.481000	1.089500	0.000000	5.971600	5.142700	2.571200	2.990200	2.868400	-0.671500	3.747000	4.149000	2.933300	4.617400	3.492200	6.880700	8.788400	5.105100	4.078800
282	4.364200	3.023800	0.000000	2.710500	1.969600	5.340200	2.681600	2.255200	3.413100	3.205100	0.126200	2.933700	3.125500	2.488300	3.872400	2.782500	0.836300	-0.093500	-0.721200	2.500400
283	4.709700	3.086800	1.223200	2.893000	4.972900	7.210000	0.000000	3.148900	4.559300	3.332600	0.733100	3.701900	5.308100	2.870300	5.531500	3.222300	9.606800	10.659100	12.250600	4.456100
284	4.220700	2.933100	1.208900	2.840100	3.519900	8.824800	4.082000	2.411400	3.129400	2.943300	1.548600	3.438000	1.867100	3.521100	2.810000	3.676500	4.941800	0.000000	0.348600	3.065600
285	4.692200	3.320000	0.340600	1.087100	0.000000	5.628400	3.441000	3.198100	3.561600	2.099100	0.420100	2.968700	1.814600	2.552000	1.484800	2.728100	3.569700	3.445700	2.308500	2.442700
286	0.814900	0.000000	3.657700	1.239600	2.370900	-3.414000	12.736700	1.510600	0.472300	0.616700	2.700800	7.852500	5.719200	5.186200	3.925500	3.876500	37.141590	27.112560	23.539810	51.739800
287	3.813300	2.723800	2.155800	2.711000	1.494100	0.000000	6.244400	3.261200	4.104400	2.629800	3.408200	5.157000	2.040600	1.510200	3.938200	3.321000	6.434400	4.799800	4.213800	30.728870
288	2.151900	1.899700	0.667300	2.144100	1.711400	0.000000	1.664300	2.646400	2.272800	2.084200	0.585100	0.924300	1.451600	1.358000	1.493400	1.061500	-0.007400	0.715100	0.365400	1.284200
289	6.020800	5.394000	3.165600	4.857500	5.426500	7.519200	10.042200	5.261700	5.918900	5.373100	3.841300	7.297100	0.000000	3.669700	2.219600	5.338400	9.296200	9.283600	8.490900	5.458700
290	1.829800	0.647600	-3.069100	-1.673400	-2.569000	6.990100	0.601700	0.000000	1.140300	-0.023500	-2.991100	-0.204000	0.037200	-0.541900	2.517400	0.816300	5.795200	1.579800	5.783000	5.115600
291	1.613500	0.750400	-0.253400	-0.205300	-0.471400	4.315700	0.261800	0.000000	0.354700	0.193100	-0.178700	0.382300	0.309300	-0.047000	0.869700	0.373000	0.299700	0.254200	0.201600	1.060500
292	1.656900	0.486600	-1.207300	-1.645900	-2.457700	-0.124900	-0.396600	0.000000	0.563500	-0.985800	-2.619800	-0.510400	-0.249900	-0.635300	1.266500	-0.271500	-3.416100	-2.344500	-3.059400	-0.554000
293	4.129300	2.630000	0.620200	1.217700	0.764200	5.678400	0.000000	3.032100	3.322600	2.242200	0.320500	-0.697400	3.851900	1.510200	5.159300	2.702000	1.486300	1.187500	0.633100	1.711700
294	5.941200	4.807900	1.880200	3.143300	2.546200	9.345500	4.857800	4.730300	5.553200	4.226200	1.317100	2.377500	4.496200	4.285800	5.212600	4.016200	1.072900	1.609200	0.000000	3.286200
295	1.116300	0.000000	1.763200	-0.496700	1.953900	0.210800	8.688300	0.634600	0.215300	0.470900	0.856300	6.968400	4.771700	3.212400	4.351200	1.034000	16.505400	6.361600	4.960300	34.490470
296	1.074700	0.000000	-0.043500	-0.149700	0.047500	2.422800	-0.640000	-0.698600	0.267800	0.981000	-0.775400	-0.227800	0.169900	-0.092300	1.991300	1.240400	1.588400	1.169800	1.300300	1.650300
297	0.810900	0.215700	-0.448000	-0.239100	-0.499000	2.021100	-0.731000	-0.170800	0.340800	0.242700	-0.597300	-0.652900	0.000000	-0.185100	0.049800	0.055400	-0.842200	-0.827000	-0.921600	-0.202000
298	0.601500	0.229800	-0.477800	0.095000	-0.186500	-0.950600	0.043400	0.356300	0.511700	0.276800	-0.524500	-0.238400	0.000000	0.279300	0.290600	0.705600	0.637200	0.111900	-0.042200	0.797800
299	3.378700	2.184200	0.590500	0.000000	-0.614800	4.731800	3.932900	1.362300	2.514100	1.563400	2.708400	3.127000	6.743600	4.519600	5.580300	3.083600	11.313100	9.092700	8.326600	8.045200
300	0.482500	0.355300	-0.685400	-0.345000	-0.754200	-0.475800	-0.198300	-0.173100	0.445800	-0.004400	-0.593900	-0.516800	0.000000	-0.031100	0.158200	0.141800	0.094100	-0.623600	-0.256500	0.280700
301	5.216900	3.677100	0.292500	1.222100	0.000000	7.677600	1.645900	2.975800	4.500700	2.776000	1.238300	2.454500	5.330800	3.191100	5.542800	2.621000	4.819700	2.735700	0.806700	2.283600
302	0.000000	1.840700	5.237100	6.735800	9.038400	12.042200	3.135000	5.348700	2.883900	2.552200	3.753900	3.219700	5.813100	4.204100	7.055800	3.444000	5.311400	4.191700	3.608300	3.840500
303	0.000000	2.439900	3.811300	4.554600	4.535300	5.463100	1.869200	3.077000	3.831500	2.403600	3.570000	2.289800	3.850800	3.438500	2.721400	2.319700	3.667800	3.732200	3.726100	3.813000
304	1.880600	0.932900	-0.562100	0.000000	-0.853300	4.166600	-1.228800	0.607800	1.636800	0.576600	-0.567900	-0.183600	0.704000	-0.064500	1.574200	0.645800	-0.618700	-0.064000	-0.538800	0.690800
305	0.603400	0.000000	-0.770700	-0.147400	-0.552700	-0.500700	-0.253000	-0.680100	0.347600	-0.225600	-0.542300	-0.202600	0.367300	0.200900	0.368100	-0.193600	0.253900	0.246500	0.307700	0.975900
306	5.436900	3.616300	-0.703400	0.915800	0.000000	5.716400	5.432900	3.235300	3.870300	2.748200	-0.171900	3.447000	4.982800	3.398800	5.164600	3.704600	7.759300	8.275500	4.347600	6.933800
307	2.270800	1.942400	2.363300	3.071800	2.867500	0.000000	2.090400	2.874500	1.774800	2.430600	2.672600	2.446100	1.937200	2.305500	2.164900	2.380400	2.482500	2.343100	2.147300	2.290100
308	1.406200	0.500200	0.104700	0.196500	-0.239500	-0.959100	-0.121500	0.621200	0.607300	-0.074600	-0.157300	0.149200	0.575900	0.000000	1.182300	0.456200	1.288400	0.583600	1.162000	1.536100
309	1.575500	3.454500	0.914300	3.312700	2.397500	7.770200	2.404900	4.515600	3.779600	2.683300	-0.445300	2.089900	3.184400	2.585500	3.663400	2.618800	1.019000	0.000000	-0.646700	2.043500
310	0.542700	-0.585200	-0.878100	0.518700	0.554100	4.812200	-0.363500	-0.094300	0.000000	-0.801200	-1.409300	-0.845900	-0.311400	-0.773900	2.069900	1.339400	7.481500	3.488300	3.847200	6.146300
311	1.836600	1.041800	-2.474500	-0.925200	-2.100400	0.530500	-0.310800	0.000000	1.471700	0.139700	-2.084900	0.555200	1.305000	0.558400	1.589700	0.879100	1.294400	0.259600	-0.183900	1.485300
312	4.373900	2.637100	-1.168800	0.000000	-0.930500	4.295500	3.811100	2.493400	3.895900	2.493200	-0.907800	2.729000	4.239800	2.936000	5.402200	3.672600	8.590300	7.572900	4.358000	9.919300
313	4.841500	3.641100	0.000000	2.379100	0.896700	4.933500	2.774200	3.232500	4.067200	2.778200	0.008000	2.015500	3.133100	1.475700	2.828500	2.470100	2.696100	-0.303200	-0.997600	1.602100
314	4.706400	3.287400	1.252100	0.000000	-0.836700	1.873400	11.310700	2.702100	3.807800	2.453800	2.167600	6.478600	4.303000	4.345400	4.748400	3.034100	14.929200	6.917300	4.568200	4.983300
315	1.763100	0.000000	0.714100	-0.025200	-0.037100	3.817100	5.887400	0.332700	0.795700	-0.062400	-0.724200	0.446600	2.718200	4.581600	-0.119500	0.431500	13.185700	5.729600	3.511900	7.367900
316	1.418700	0.135700	-2.272600	-0.153800	-0.623400	0.296800	1.122600	1.497300	0.716400	0.091000	-2.146100	1.244300	1.378500	0.535500	1.338800	0.000000	-0.164400	2.361900	-1.830500	0.818300
317	0.000000	-0.189800	-1.172900	1.507300	0.335300	9.111100	5.717700	1.961200	0.652300	3.474900	-1.132000	3.205000	0.600200	0.316800	0.281500	-0.817200	10.263700	0.064000	-0.795300	48.936800
318	1.930900	0.000000	6.967100	5.695000	6.485100	1.746300	6.615900	3.103400	0.987000	2.824700	7.872800	6.772100	9.752400	6.902700	7.888600	7.290200	25.841120	31.243120	22.468100	28.298740
319	1.966400	0.000000	4.514200	2.938100	3.958100	3.094300	15.886000	2.362400	0.827000	2.011000	3.809100	9.839000	10.037900	8.057000	7.670600	6.676500	30.733630	27.129170	19.076600	39.527430
320	2.175100	1.681500	0.973100	1.682600	2.692500	3.450100	13.591400	1.084700	1.849100	1.798200	2.223200	5.879400	5.372600	3.903700	1.846100	0.000000	28.587760	25.486050	16.122000	9.772800
321	2.052400	1.085000	-0.280800	1.138300	0.249300	6.027900	0.000000	1.772100	1.772800	0.834100	-1.442000	0.529600	1.589300	1.146100	1.604800	0.445700	3.052800	3.997000	-1.012700	0.056300
322	4.029200	2.458500	2.588700	1.209700	5.650200	8.854700	3.458300	0.859400	2.112100	2.635000	1.432000	2.986100	1.894800	2.278500	0.000000	2.171200	9.059500	3.126800	2.872800	1.695400
323	2.066000	1.761400	1.694700	2.281800	1.815000	0.000000	1.851700	2.297800	2.248500	2.285600	1.567700	1.693200	1.478900	1.711600	1.721400	2.155600	1.197000	1.407200	1.134500	2.221900
324	1.257700	0.686100	0.711200	1.251700	0.528500	0.759200	-0.573600	0.308500	0.000000	1.193600	0.139600	0.421500	0.983400	0.599400	1.403200	0.776400	0.783000	0.447000	0.457400	1.023100
325	2.992500	1.640300	0.632000	2.006400	2.346000	3.364500	0.497200	1.496900	1.374600	0.746000	0.178800	-0.201000	0.924100	0.000000	1.295400	1.277100	5.762500	9.653400	7.461000	5.747800
326	4.908900	3.142600	2.659600	1.875000	2.296800	6.611700	3.163000	3.702200	4.816300	3.122100	0.984200	2.490100	3.454200	4.013300	2.176300	2.673900	2.433200	1.578400	0.000000	2.237800
327	2.224400	1.756900	1.788600	1.932000	2.011400	0.000000	0.681100	1.567700	0.887700	2.035300	1.948900	1.078200	1.155300	1.653500	1.418600	1.437300	1.958300	1.823700	1.797300	1.737600
328	-0.200600	0.670900	0.511300	1.134600	1.092500	3.934100	0.626500	2.382600	0.973300	0.577700	1.055200	0.248500	0.013700	0.290400	0.000000	0.007900	1.169500	0.388500	0.375000	0.263000
329	3.929200	2.457400	8.111100	4.279600	5.251300	0.000000	5.225300	4.005400	3.070600	2.821100	2.750600	4.762400	3.550100	4.011800	4.104500	3.553100	7.856400	4.596900	4.187800	4.863700
330	1.348900	1.128200	0.406400	1.074200	0.937400	2.256600	0.961300	1.823700	0.739700	1.251100	0.383600	0.697200	-0.006600	-0.237100	-0.722000	-0.158400	0.492600	0.430400	-0.235700	0.000000
331	1.289700	0.811100	-0.203300	0.121100	-0.322400	4.637300	0.000000	-0.133700	0.307600	0.366300	-0.327900	-0.070500	0.124100	0.173000	0.122300	0.135700	-0.173300	0.121800	0.053000	0.678200
332	6.483500	5.202600	2.126600	4.077400	4.941100	4.404700	4.998200	4.358300	6.597500	4.503900	1.728100	4.950200	7.014000	5.645900	6.782000	4.233800	4.177300	1.117500	0.000000	4.207500
333	3.136300	2.343100	1.081100	1.713000	1.054400	7.685200	1.795300	2.480600	1.855500	1.818500	0.993400	1.580900	1.414100	1.725400	0.000000	1.416700	1.886800	1.229400	1.861300	2.582000
334	1.923700	0.111900	-1.459500	0.000000	0.471500	-0.909900	1.788000	0.781700	1.360200	0.438900	0.173000	4.471100	2.845500	1.764400	2.978600	1.572100	14.323800	8.079200	4.244400	1.496700
335	0.860200	0.794500	0.064600	0.998400	1.073400	1.371800	0.067000	0.000000	-0.204200	0.843000	-0.296100	-0.015400	0.896800	0.661000	1.229700	0.805900	0.853700	0.635500	0.234200	0.688700
336	1.887500	1.453300	1.044300	1.914400	1.044500	6.460900	0.000000	1.916700	1.070600	1.087000	-0.324200	1.486300	2.675000	1.648000	2.487500	1.284100	0.971300	1.650200	0.868800	2.137600
337	1.656600	1.360300	1.491500	1.473700	1.311500	1.209000	1.599600	1.380000	1.560800	1.225300	1.359900	1.502700	1.235500	1.387000	0.000000	1.035500	1.434100	1.179000	0.933800	1.657900
338	1.243100	0.371400	1.374600	-0.834100	-0.754700	-0.469200	4.103600	0.000000	0.965600	0.260100	2.971700	1.462900	4.070400	2.693600	3.766600	-0.178800	1.242500	10.273500	5.916000	13.754200
339	0.951800	0.472400	0.644100	0.876100	0.732300	0.592500	0.000000	-0.162500	-0.368700	0.853800	1.078800	0.072500	0.028200	0.138800	0.630900	0.067200	0.923800	0.778600	0.729500	0.345300
340	0.000000	2.831800	3.416700	6.096400	7.503800	6.024900	3.951700	6.979900	3.937200	3.292700	3.388400	3.894900	4.456300	3.610100	3.941900	3.433900	3.977600	4.118700	4.076300	4.296200
341	1.746000	0.426800	0.008300	1.595900	0.970700	1.056900	2.026000	2.357000	0.627200	0.806400	-1.437700	0.963200	1.631700	1.333700	1.402200	0.085800	4.547600	-0.525600	-1.320900	0.000000
342	4.177800	4.012700	0.000000	1.776300	2.594500	4.481300	7.342900	2.877600	4.290800	3.280900	0.243800	5.016000	4.851400	2.890300	4.824900	3.485000	13.233900	13.669900	6.076300	3.861200
343	1.401900	-0.396100	0.237200	-0.864700	0.301500	-0.227200	1.982900	0.443900	0.000000	-0.037900	-3.377000	3.031800	0.118900	-0.721300	1.191100	0.782500	10.210400	5.602400	5.505000	13.489700
344	3.067400	2.418200	1.169100	2.425400	2.151900	2.641400	2.265600	3.589100	3.101700	2.807700	0.991700	2.217700	3.160700	2.241000	3.123000	2.581100	0.069800	0.715800	0.000000	2.590700
345	0.000000	2.841400	3.269900	6.076100	5.734600	5.406600	4.228100	6.270100	4.484700	3.904100	2.855900	4.039100	4.578300	4.560900	3.989100	4.660000	2.796500	3.388000	2.814800	4.449000
346	-0.604200	-1.049200	-2.370300	-0.338900	-0.180000	2.335000	-0.924400	-0.047700	-0.549200	-1.569000	-2.787700	-1.525200	0.294100	0.000000	-0.035700	-0.799200	-1.486000	-2.318600	-2.277500	-1.141700
347	0.000000	2.237200	4.500700	5.214400	5.777400	7.541000	3.668200	5.226900	4.342300	3.892100	3.321500	3.443600	4.933300	4.766200	3.759200	4.075300	4.765500	2.526100	1.748200	4.683700
348	1.904200	1.297100	-0.618800	1.172800	0.000000	0.078600	0.057800	0.797200	1.486700	1.131100	-0.297500	0.869400	1.415200	0.715700	1.571800	1.663100	0.644000	1.147900	1.090400	1.730500
349	0.379800	0.500200	-0.368500	0.558300	0.017800	-0.068100	0.684700	1.064600	0.839100	0.698500	-0.117200	0.123000	0.625900	0.837300	0.734400	0.421100	-1.918800	-0.732900	-1.262700	0.000000
350	1.351500	0.811300	0.460700	1.352300	0.735800	3.328300	1.221900	0.919100	0.859400	1.331800	0.215800	0.882100	0.845400	0.582000	1.609100	1.724400	0.844700	-0.315400	0.000000	1.173100
351	1.753100	0.031000	-0.835100	0.784500	0.701100	5.524500	0.083300	0.596700	1.289700	0.000000	-0.606000	-0.195700	-1.102800	-0.361600	-1.636100	-0.263200	-0.574800	-0.915600	-2.223400	-0.110200
352	3.062500	2.793400	0.738300	2.174500	1.019600	1.781600	3.024300	2.924900	3.299000	2.545700	0.000000	2.267400	2.218200	2.538600	2.733100	3.115600	1.949100	1.769200	1.412100	2.653300
353	0.000000	-0.052900	-2.420300	-0.189100	-0.721000	0.243500	-0.472000	0.231300	-0.067200	-0.062100	-2.541900	-1.551300	-0.336200	-0.587800	-0.800400	-0.429400	-1.175400	-0.710500	-1.120900	0.762500
354	1.624800	0.413900	-1.181600	-0.104600	-0.455200	2.481400	0.000000	-0.071800	0.518200	-0.186900	-1.268200	-0.546300	-0.629700	0.097500	0.488400	0.244800	0.400800	-0.637100	-0.926200	0.530200
355	2.527200	1.493400	0.144900	0.492900	-0.131200	0.000000	1.711400	1.497100	2.056900	1.366700	-0.187600	0.871900	0.293800	0.537300	0.899900	1.843000	1.159200	1.406600	1.264500	1.609900
356	4.272500	3.072400	0.000000	2.320300	1.810700	2.406600	0.207500	3.096800	2.586100	3.169000	-0.616500	0.888300	3.687700	2.299700	4.738800	3.644400	5.483900	4.391700	0.000300	2.250800
357	1.373500	0.000000	-2.269500	-0.665100	-1.482500	2.569700	-0.640200	0.475900	0.471100	0.233900	-2.770100	-1.000800	-0.125000	-0.971500	1.229700	0.165000	-0.340100	-0.727300	-1.280000	-1.029900
358	1.691700	1.199800	-1.125700	0.394000	-0.944900	3.418100	-0.194200	0.406600	0.999800	1.151900	-1.556800	0.000000	0.986300	1.162200	1.703500	0.613600	-0.105900	0.780000	-0.308000	0.061100
359	4.185000	2.828600	0.000000	2.139500	1.216600	6.040300	2.572400	2.615900	3.840100	3.150800	-0.182800	1.966000	3.624200	2.657400	4.341000	4.152100	2.970100	1.549700	1.319700	2.968300
360	2.086300	0.639300	-3.141100	-1.313100	-2.178400	5.334000	0.137100	0.006900	1.302300	0.719000	-2.327800	-0.070900	0.000000	-0.080100	2.032700	0.085600	1.846400	3.377700	1.607200	1.547800
361	0.000000	-1.590900	-3.870300	0.399300	0.988800	1.392300	5.520200	-0.180800	-0.350400	0.225400	-0.977800	2.994900	2.393800	0.297000	1.689300	0.514200	13.793600	6.792000	1.533200	3.075000
362	2.037500	0.699000	-1.538400	-1.009300	-1.612500	2.535900	0.151400	0.237300	1.563700	0.853800	-1.490200	-0.197500	0.000000	-0.286700	1.436200	0.470500	-0.195200	0.290800	4.094200	3.022900
363	2.838400	1.415600	-1.030100	0.000000	-1.196000	3.490600	1.655000	0.545600	2.448900	1.538500	-0.070500	1.987800	1.760500	1.385900	3.191400	2.501800	1.613200	1.862300	0.632200	1.762100
364	2.010300	0.000000	1.021700	0.623400	1.264200	4.787700	6.015900	2.374900	1.800800	1.509900	-0.014400	5.248500	5.217400	2.800200	7.299500	3.522800	13.594300	5.180000	6.877400	30.789180
365	3.981700	2.682000	0.000000	1.487800	0.481700	4.365400	3.296200	2.177100	3.705800	2.750000	-0.458400	2.305400	3.827000	2.100400	4.370700	2.442500	5.558200	8.690000	3.231400	1.707300
366	1.862900	0.845700	0.024200	1.798100	1.765300	7.978300	0.000000	1.993200	1.751900	1.652600	-0.281200	0.365600	1.128600	0.515900	1.590700	1.454300	0.299100	0.388900	0.219100	1.193800
367	1.491400	0.000000	-1.354100	0.730800	0.488000	2.758900	-0.419500	2.182800	1.102300	0.675300	-1.406500	-0.728500	0.183800	-0.002300	1.335700	-0.087300	-1.504800	-2.502300	-1.873700	-0.526500
368	5.275800	3.975800	0.000000	2.256200	4.678200	7.676400	5.159900	2.642400	4.628900	3.973300	0.754200	3.142600	4.548000	2.335500	4.973500	3.184600	6.604800	5.842200	3.318600	6.657800
369	5.834500	4.876500	1.500600	4.090000	2.963300	7.213400	5.623300	3.883700	5.091300	4.762100	0.765300	4.340300	5.574800	4.697100	5.842800	5.150600	3.990800	0.189000	0.000000	3.717900
370	0.000000	-0.245900	-0.971900	-0.002500	-0.252600	3.945400	-1.290200	0.484400	-0.393700	-0.774600	-1.160300	-1.503700	-0.642400	-0.567800	-0.271200	-0.769100	-1.832000	-1.077000	-1.378600	-0.477700
371	2.336100	1.813400	0.040400	2.339200	2.033400	6.710500	0.000000	2.384300	2.048200	1.139600	0.293200	0.542400	1.572400	0.968400	2.376900	1.012900	0.432200	0.601400	0.558500	0.821500
372	5.991300	4.379600	2.047400	3.996300	3.287500	6.737700	3.294500	4.704600	4.092600	3.381500	0.910900	3.754900	5.278000	3.206700	3.914300	3.535500	3.360100	0.231900	0.000000	1.572200
373	1.216900	1.414400	1.532100	1.976200	1.757900	0.000000	1.368400	2.000500	1.381400	1.595200	1.595500	0.953900	1.794800	1.450000	1.285700	1.493900	1.464200	1.436300	1.033500	1.623000
374	0.019700	0.000000	-0.621200	0.808500	1.119800	0.475100	-0.710000	0.268300	0.147800	0.118500	-0.395100	-0.679600	0.008200	-0.289800	-0.030400	-0.537200	-0.786300	-0.697300	-0.701700	-0.003900
375	5.854100	4.188300	0.000000	2.179400	0.938400	7.071700	6.917000	4.731400	4.805900	3.820300	-0.224300	4.321600	4.983000	4.444600	5.813600	4.802700	8.740300	8.704200	5.804700	7.996600
376	0.586900	0.338900	0.718300	1.204800	1.600100	4.366600	-0.437400	1.699300	0.000000	0.301700	0.079600	0.304000	0.460000	0.088600	-0.236400	-0.039500	-0.055800	0.424500	0.526500	0.829500
377	4.565200	3.606900	0.000000	1.986600	1.440100	1.724000	2.422600	3.277400	4.509100	3.178700	-0.237400	2.042900	3.455700	3.444900	5.077200	3.891200	5.492600	3.136600	3.252400	2.300800
378	0.000000	-1.123000	0.023100	1.662000	3.316800	11.202700	-0.413000	2.131300	-0.017900	-0.066900	-0.892000	-0.782800	-0.109800	1.128200	0.590800	-0.570600	0.146100	-0.770900	-0.952800	1.449100
379	3.153800	2.335900	-0.253200	0.984500	0.000000	3.224500	0.303700	1.159200	2.476300	1.550500	-0.066700	1.006500	2.756700	1.947600	3.631900	1.946300	2.226400	2.290300	1.902500	1.231400
380	-0.066900	-0.413300	-0.297200	-0.097700	-0.325800	-1.374000	-0.310500	-0.019200	-0.155800	0.033300	-0.413300	-0.366100	-0.368500	-0.375200	0.000000	0.053700	-0.077100	-0.389800	-0.484600	0.042000
381	0.920500	0.000000	-0.143500	-0.085400	-0.468100	-1.981000	-0.486500	0.260500	0.601600	0.336800	-0.094400	-0.911200	-0.549900	-0.510800	1.012100	0.772200	0.390200	-0.112500	-0.109300	0.751700
382	-0.096000	-0.075000	-0.471800	0.028600	-0.253400	-0.334900	-0.878400	0.141100	-0.559200	-0.235300	-0.399700	-0.503100	-0.103200	-0.200900	0.000000	-0.745600	-0.235400	-0.583200	-0.612800	-0.032900
383	0.254800	-0.219700	-0.549200	0.851600	0.515500	2.254300	-0.472000	0.096300	-0.229400	-0.067300	-0.467400	-0.533900	-0.001300	-0.483000	0.000000	-0.134300	-0.439100	-0.279300	-0.322600	0.174200
384	3.657600	2.349700	0.398700	0.000000	0.197000	4.737900	7.851600	1.226100	3.267800	1.758300	1.162600	6.373400	3.787000	3.349800	3.998600	1.482800	11.384800	7.380400	6.978200	9.665200
385	0.232900	0.207700	-0.468100	0.000000	-0.303600	-0.497800	-0.291700	-0.029700	0.168400	-0.249000	-0.314900	-0.436100	-0.227200	-0.097800	-0.042500	-0.129800	-0.317500	0.140900	-0.098600	-0.028000
386	6.010000	5.133200	2.786800	4.379500	3.109100	4.978600	5.054200	5.010500	5.774900	5.169500	1.940200	4.665200	4.881800	4.964300	5.790900	5.120200	0.000000	2.296500	1.539900	4.695400
387	3.213400	2.568200	1.341600	2.406600	2.137700	6.174300	0.000000	2.330700	2.911000	2.907000	1.109400	2.010600	3.146200	2.299100	3.813400	2.693000	1.711900	0.795700	1.119100	2.305300
388	0.328200	-0.068900	-0.259000	0.861400	0.626600	-0.946700	0.000000	0.930300	0.409200	0.165900	-0.868100	-0.703700	0.354100	-0.208600	-0.444900	0.043000	-0.537300	-0.880100	-0.353600	0.172000
389	1.147600	0.100800	7.944400	2.685700	3.703500	5.635800	8.693600	1.821800	0.000000	1.641300	4.570000	7.397400	2.986900	8.429700	5.303800	4.906400	11.412200	7.781300	8.129500	17.264100
390	3.454300	2.840600	0.000000	1.573500	0.280400	1.384000	2.317200	3.187500	3.130100	2.224200	-0.431200	1.313100	1.332300	1.951000	3.391800	1.735700	6.472000	9.885200	3.151000	2.917900
391	2.550200	1.646200	0.000000	2.187200	1.687700	2.995400	1.538400	2.875700	1.281600	2.175000	-0.031500	1.184700	1.461500	0.918500	1.897600	2.208300	0.182000	0.415000	0.297000	1.618800
392	4.123700	2.988100	0.000000	2.355900	1.265700	4.279500	1.591700	2.182100	2.641500	2.167500	0.035100	1.972700	2.819900	2.558700	2.071400	1.761500	1.705300	1.094100	0.080500	2.875100
393	6.031200	5.031900	3.216000	3.513200	2.951000	5.175700	0.000000	4.816800	5.130000	4.812300	2.771000	4.677900	6.472300	5.907800	5.465600	5.233500	4.455800	4.760500	3.647600	6.038400
394	0.000000	4.886000	3.728200	5.058000	4.872200	8.802300	3.801900	4.702400	5.686200	4.478600	3.454000	3.924900	7.340200	3.812400	7.414500	4.955400	9.881600	11.618600	8.863100	12.208000
395	5.434800	4.156600	-0.060300	1.547800	0.000000	3.650600	9.872600	3.681700	4.179800	3.019200	1.097200	5.367900	4.804600	3.789000	5.432000	2.898800	26.524450	14.110000	12.136400	7.666300
396	0.516500	0.583600	-0.080200	0.778800	0.537300	-0.775400	0.150100	0.970300	0.548100	0.313400	-0.260100	0.230100	-0.147900	-0.213200	0.000000	-0.346200	0.128900	-0.579100	-0.082500	0.752100
397	2.191300	1.041000	0.214400	0.720400	0.605200	2.309000	-0.305600	0.147700	0.128700	0.448600	-0.235900	-0.209800	0.905400	-0.137700	1.610400	-0.097900	-0.191500	-0.516900	-0.651100	0.000000
398	6.260500	4.528700	0.000000	2.518700	2.947400	8.701700	6.642200	4.128900	5.512000	3.367500	-0.364700	2.615300	5.244600	2.845200	5.643300	4.051900	14.831500	8.638000	2.016700	6.312200
399	3.372800	2.248800	1.203600	1.850000	1.355500	0.000000	1.118200	2.612600	2.821600	2.296300	1.569700	1.024400	2.140400	1.754400	3.282400	2.433900	1.371600	1.832000	1.462100	2.072900
400	5.183000	3.604200	-1.236800	0.000000	-0.348200	4.674300	8.773200	2.722800	3.507200	2.729000	0.333800	5.235800	5.948000	3.479200	6.072100	3.908000	11.647000	4.336700	2.577700	3.739700
401	1.408200	0.859200	0.579200	0.396300	0.907000	3.395000	0.000000	0.740000	1.564900	1.032500	0.714000	-0.075900	2.122100	0.906100	2.614800	0.739600	1.505100	0.638300	0.416500	1.454000
402	4.575900	3.268500	0.000000	2.754100	0.708800	3.723800	8.001100	3.524300	4.025400	2.631300	-0.228100	3.536700	4.625200	3.667000	5.035700	3.018600	7.520000	5.091700	2.136700	3.041600
403	-0.146000	-0.277700	-0.066200	0.773600	0.336800	2.090500	-0.576800	0.903400	-0.332400	-0.344200	0.188300	-0.436300	0.479100	0.227000	0.000000	-0.148200	0.278500	0.104700	0.048400	-0.099200
404	0.000000	1.751000	2.499400	3.381100	3.319000	4.973300	2.151100	3.106500	1.876800	2.165100	2.246900	2.251600	2.228400	1.968200	2.334200	2.390000	2.322100	2.184900	2.052600	2.596200