SITE	GLY	ALA	LEU	VAL	ILE	PRO	ARG	THR	SER	CYS	MET	LYS	GLU	GLN	ASP	ASN	TRP	TYR	PHE	HIS
1	0.075700	0.125100	0.184100	0.186700	0.080700	0.116800	0.150600	0.132500	0.113000	0.122100	0.000000	0.146500	-0.045200	0.132800	-0.281600	0.137300	-0.206900	0.494000	0.503800	0.181100
2	1.122500	0.130200	-0.817300	0.160100	0.503800	0.350300	-0.153900	0.640200	0.755400	0.550800	-1.004700	-0.600600	-0.300800	0.000000	0.236700	0.335400	-0.772600	-0.319400	-0.716800	0.335600
3	0.470200	0.527000	-0.277800	1.260000	1.402500	-1.173400	0.708500	0.000000	-0.337700	0.247900	-0.419900	0.142100	-0.479700	0.487500	-2.752100	0.089400	0.088900	-0.182000	-0.284500	0.831600
4	0.960500	0.455300	-1.430800	0.000000	-0.543100	0.965200	-0.313000	0.504200	1.323800	0.750400	-1.269900	-0.340500	-0.034200	-0.212900	0.674000	0.787900	-0.705700	-0.881500	-1.311700	0.605200
5	4.199900	2.875100	0.000000	3.256400	1.916500	9.072100	3.280100	3.950600	3.909700	3.282200	0.462500	2.129600	2.988300	2.961000	4.485500	4.037500	2.650100	3.859800	1.647700	4.071300
6	1.039200	0.000000	-0.412200	0.407600	-0.208300	2.740300	0.389400	0.154900	0.325000	0.628200	-0.493500	0.149100	-0.512400	-0.173200	-0.465800	0.187800	-0.339700	-0.098000	-0.163800	0.304500
7	1.324300	0.318000	-0.436600	0.479000	-0.275900	5.340900	-0.046600	1.290300	0.757000	0.993200	-0.528500	0.000000	0.235400	0.044300	1.014800	0.777400	0.635300	0.621500	0.215800	0.705000
8	6.120800	4.092500	0.666800	1.439700	0.000000	6.745800	6.970500	2.971700	4.529700	2.991800	0.118100	4.938800	5.081300	3.967100	5.919600	5.088200	7.576900	7.271900	6.020600	6.193000
9	3.481000	1.948700	-0.018400	0.000000	0.394000	6.085400	1.653300	1.973900	2.293700	1.573300	0.570900	1.212100	2.065800	1.867700	3.437100	2.880800	1.707900	0.986200	1.059100	2.513700
10	0.821200	0.000000	-0.248300	0.431700	-0.275100	2.414400	-0.233600	0.106700	0.135700	0.392000	-0.563100	-0.188600	0.114200	-0.473600	0.605400	0.020200	0.034300	-0.503500	-0.374800	0.408800
11	2.233400	0.933600	0.041100	1.074100	0.510500	3.644300	0.912300	1.048600	0.678400	1.299500	-0.439900	0.811800	0.498400	0.611500	0.000000	0.221900	-0.081000	0.447200	0.243900	1.036000
12	3.782200	2.123800	0.319300	0.945900	0.816600	4.930300	0.280900	2.133200	2.692200	2.337200	0.422500	0.000000	6.836600	1.871500	6.937200	1.301500	6.138200	6.449200	3.561700	0.698600
13	0.913900	0.000000	-0.678800	0.490800	0.113800	2.255300	-0.479900	-0.689600	0.032700	0.490700	-1.040300	-0.631600	0.342800	-0.006300	1.530400	0.362900	-0.877400	-0.858000	-1.009700	0.270800
14	0.656300	0.036800	-0.069300	0.338500	0.000000	1.164100	-0.618100	-0.037400	-0.086400	0.259300	-0.183000	-0.472500	0.554000	-0.355200	0.866600	0.087900	-0.136000	-0.182900	-0.282300	-0.269100
15	3.802500	2.925000	1.943200	2.806900	1.942500	4.714400	2.612700	3.573900	3.062300	3.413000	1.403600	2.405800	3.400500	2.557200	3.966400	3.027900	0.000000	1.837300	1.332300	2.386500
16	3.540800	1.763800	0.208100	0.000000	0.809200	6.557400	2.516300	0.965100	3.165500	1.973500	1.030900	2.090900	5.091300	3.266200	5.084800	2.314400	11.019700	10.764100	8.287900	7.699700
17	0.485100	-0.145100	-0.254800	0.211500	-0.310700	2.998800	-0.936600	0.206500	-0.135700	0.060500	-0.990200	-0.706400	0.000000	-0.177900	0.794300	-0.112800	-0.369500	-0.337400	-0.414000	-0.109500
18	0.760200	0.000000	-0.461000	0.250300	-0.466400	2.378900	-0.511400	-0.160700	-0.033500	0.570300	-0.644800	-0.556600	0.290500	-0.221400	0.929800	-0.191800	-0.308400	-0.407300	-0.477800	-0.516100
19	2.190200	1.315900	-0.271000	1.107800	0.559200	3.273900	0.000000	0.865700	1.481400	1.036600	-0.462000	0.646500	2.934700	1.192100	3.698700	1.222500	-0.667700	0.446400	-0.519400	0.670700
20	1.721700	0.730600	-0.372400	0.812100	0.339500	2.298200	0.382200	0.628100	0.678700	0.368500	-0.116100	0.000000	0.679000	0.396100	1.809500	1.537200	1.122500	0.932200	0.841400	1.838900
21	0.635100	0.118100	0.077900	0.460600	0.127700	5.170300	-0.940800	0.216500	-0.051500	0.588800	-0.224800	-0.438500	0.491800	0.000000	0.758500	0.397900	0.009400	-0.068300	-0.101500	-0.137700
22	0.726700	0.900600	0.082700	0.622400	0.187200	2.230200	-1.049400	0.524300	0.399400	0.204300	-0.259100	-0.312000	0.387700	0.000000	0.626400	0.137100	0.237800	-0.119100	0.199800	0.303400
23	0.999100	0.093100	-1.709100	1.039300	0.421300	5.056500	-0.175700	0.785100	1.011700	-0.231400	-1.662400	-0.635600	-0.343000	0.000000	0.169400	0.060700	-0.427700	-1.967600	-2.251000	0.008900
24	2.445000	1.894300	1.811900	2.103300	1.933700	0.000000	1.983000	2.232800	2.103000	2.363800	1.755700	1.808500	1.676300	2.002000	1.761000	2.220000	2.251000	1.842100	1.825100	2.135900
25	3.181500	2.152500	0.000000	1.933900	0.476200	-0.300700	1.977600	3.104100	2.893800	2.270600	0.434200	1.591000	2.039300	2.182400	2.756300	2.803300	2.263300	2.133400	1.988900	2.995400
26	0.359600	0.000000	-0.549500	-0.015700	-0.366700	-0.831700	-0.515800	0.205500	0.339800	0.150800	-0.401600	-0.563200	-0.293400	-0.169600	0.234000	0.382800	-0.087400	-0.161500	-0.219500	0.396400
27	1.114700	0.632900	0.248800	1.953800	1.443100	2.775200	0.252900	1.483800	0.000000	0.132300	0.300700	-0.080600	0.328900	0.410500	0.755500	0.732700	0.396200	0.276300	0.234000	0.638500
28	5.125500	4.657300	1.092800	4.132000	3.106700	7.025600	6.875700	6.023300	4.979200	3.831500	1.635600	3.841400	3.866300	4.527900	5.818800	3.900000	7.361100	1.259400	0.000000	3.120900
29	1.783400	0.641200	-0.722800	1.220500	0.660200	6.577800	0.174800	1.916700	1.919400	1.052700	-0.240300	-0.039900	0.503900	0.000000	1.661000	0.542400	0.877600	0.504700	0.416600	1.042500
30	-0.051700	-0.320100	-0.220200	-0.009400	-0.118200	0.289800	-0.393900	-0.087400	-0.066700	0.060100	-0.342900	-0.454700	-0.213200	-0.179300	-0.105700	0.000000	-0.381900	-0.298900	-0.345100	0.050200
31	1.364700	1.184300	1.078800	1.584000	1.313900	0.717400	0.439300	0.976400	1.067400	0.803600	0.697400	0.036800	0.000000	0.427500	1.223000	1.271300	1.419200	1.168600	1.144600	1.606800
32	3.431400	1.794500	2.828000	0.000000	1.718000	6.859800	12.424200	0.854800	2.308000	1.091800	4.025200	5.471100	6.746800	6.016100	4.053700	3.174300	16.039700	10.510600	9.750500	23.699100
33	0.487800	0.687400	-0.128400	0.452600	0.192700	0.800200	-0.114200	0.295500	0.439900	0.315700	-0.047700	-0.263700	0.252000	0.000000	0.403000	0.288400	0.096400	-0.536200	-0.586900	0.273100
34	1.851600	0.950200	1.098100	1.116300	0.774900	0.000000	0.274700	1.650500	1.780400	1.398500	0.684200	0.484200	1.391600	0.943300	2.366900	1.417100	1.561800	1.162200	1.148900	1.529100
35	2.409800	1.326200	8.800200	4.463500	8.142300	5.228800	13.970800	2.255400	0.000000	2.099600	7.799300	10.161300	13.828400	12.074500	8.090300	6.690700	42.893903	37.626360	34.963890	32.073200
36	-0.211000	-0.156900	-0.186800	0.012300	-0.187400	-0.761600	-0.495600	0.000000	-0.053500	-0.141100	-0.444700	-0.147100	-0.303500	-0.201500	0.290800	-0.117200	-0.942600	-0.501700	-0.399900	-0.392000
37	3.952200	3.528800	2.408100	3.196600	3.114000	5.567500	0.000000	3.038300	3.448500	3.430900	2.557700	2.102500	4.227100	2.768700	4.949600	2.915400	3.757400	2.857900	2.857600	3.275500
38	1.024800	-0.078800	0.039500	0.051400	0.664500	0.307500	-0.972200	0.146400	-0.052900	-0.292600	-0.106500	-0.197200	0.097400	-0.487600	0.000000	0.106600	-0.094000	-0.063900	-0.250400	0.000000
39	6.147000	5.547800	3.207800	5.180700	5.195800	3.496800	5.000600	5.975500	6.478500	5.116400	2.221300	4.600900	6.734800	4.390800	6.994200	6.031600	-0.029600	0.664000	0.000000	4.353200
40	2.364300	1.953200	0.656800	2.011300	0.931500	0.431400	1.700000	2.243200	2.212600	2.266100	0.508700	1.572400	1.145900	1.772800	2.582900	2.516000	1.673100	0.000000	0.517600	1.790900
41	0.157500	-0.266100	-0.416000	0.314600	-0.128600	0.105500	-0.126500	0.407400	0.166300	0.321000	-0.521700	-0.277200	-0.406500	-0.263300	0.000000	0.120500	-0.343000	-0.157800	-0.149600	0.184300
42	0.890600	0.000000	-0.099400	0.475000	0.495000	1.709900	0.314800	-0.131600	-0.132600	-0.116100	0.086800	0.002500	0.336700	0.057200	1.780000	0.909500	1.821700	0.738700	0.428800	1.712500
43	4.520800	3.628700	0.000000	2.219000	1.230800	5.210500	4.687000	2.412400	3.673100	2.617400	0.182200	5.316400	4.285900	2.592500	5.023200	2.848100	9.041500	7.424700	4.627300	2.609600
44	0.259400	0.085400	-0.327100	0.417400	0.116200	2.026700	-0.848400	-0.393400	-0.464600	0.113700	-0.914700	-0.148600	-0.211500	0.000000	-0.074800	-0.463000	-0.291900	0.233200	-1.466200	-0.098400
45	0.000000	3.237900	3.250100	4.585700	4.243000	7.726000	2.823600	4.036100	3.600400	3.195000	3.030800	3.502000	2.713900	2.627500	2.401900	2.885500	3.575100	3.459000	3.434800	2.979600
46	1.824100	0.000000	0.265600	1.954200	1.897100	-0.222800	1.780200	1.912400	1.949400	1.848400	1.779300	1.853100	1.106000	1.167100	0.176900	1.864800	1.851400	0.148900	0.114200	1.907300
47	0.262600	-0.032100	-0.342100	0.497000	0.198600	0.735700	0.000000	0.586400	-0.125100	0.382400	-0.189400	0.065800	-0.028900	0.419700	0.718700	0.016400	-0.257800	-0.214800	-0.428800	0.413400
48	2.005300	0.504600	-1.113600	0.344600	-0.001400	4.432800	0.801200	0.000000	0.245100	0.799600	1.690800	0.819000	4.758900	2.369000	1.992000	1.399800	12.810600	14.283900	12.436900	13.301400
49	0.852500	0.000000	-0.307700	-1.285700	-0.426700	1.652100	0.300100	0.150100	0.135200	0.189100	-0.031600	-0.503900	2.229600	1.605100	3.471600	1.532600	13.576200	8.127300	6.113100	16.685200
50	6.607200	5.120300	1.790500	2.934600	1.968200	5.741700	3.163100	4.114300	5.720300	4.436100	1.296500	4.225400	5.717500	4.394900	6.280500	4.595300	1.948400	0.945900	0.000000	3.755200
51	6.844500	5.153800	0.038100	1.606000	0.000000	6.485000	6.584000	3.978900	6.175900	3.942900	0.329700	3.808900	5.267400	4.007200	5.961200	4.607000	10.030600	11.535600	6.691100	53.100400
52	4.603400	4.174200	0.000000	2.929200	5.031500	6.547400	7.591200	3.918500	5.498500	3.489700	-0.209900	4.578700	4.985000	4.016600	5.298100	4.689000	7.832500	5.030300	-0.243700	3.042600
53	2.961300	1.725800	-0.856300	0.802900	0.951900	4.787100	3.125300	0.561100	1.939900	0.815200	-0.951100	2.380100	0.000000	0.051000	1.949600	1.265900	9.434500	19.663900	8.156900	11.803100
54	1.596000	0.270200	-3.578400	-2.739000	-2.893900	1.768100	7.981900	-0.420600	1.656800	0.000000	-2.827000	1.966700	1.489800	-0.240900	0.740800	0.821100	19.864100	7.047300	4.483900	3.036100
55	2.664700	1.221300	0.308100	0.498000	1.146700	3.977100	0.182700	0.631400	1.539900	0.357400	-0.821500	0.000000	2.487300	0.635000	3.723300	2.496100	14.762600	22.457500	17.407400	17.551200
56	1.823800	1.510300	-0.327300	1.183200	3.742800	-0.007100	0.487100	0.697200	1.818800	1.227300	-0.367800	0.000000	1.725400	0.852000	3.970600	2.597500	4.223300	5.111100	4.610400	3.388100
57	0.576000	0.000000	5.744300	3.420300	3.750400	7.127900	2.340500	2.787300	0.743700	1.237700	1.648500	2.418500	3.700600	2.993500	8.667100	6.424300	20.138800	17.708000	17.318100	29.665200
58	1.518300	0.678300	1.580700	2.133200	3.561000	9.041900	3.021100	2.101900	0.000000	1.301400	-0.075400	3.078800	0.432700	1.041500	0.138500	1.979600	5.261500	4.182600	3.628000	12.071200
59	3.206400	2.232500	0.836100	1.389200	0.768200	0.000000	2.603700	2.842400	2.870800	1.652100	-0.024800	2.134500	2.409700	2.440400	2.689600	2.247000	2.120900	1.587500	1.427500	2.225200
60	-0.307600	-0.747100	-0.448600	-1.130500	-0.713400	0.359400	-0.191400	-0.047000	0.000000	-0.615700	-1.400800	-1.090800	-0.760300	-1.316400	-2.548000	-1.501200	-0.181900	-0.513700	-0.633700	-0.351100
61	2.435800	0.646100	-0.174300	1.140200	0.322500	3.854100	0.091200	1.199400	0.599700	0.649800	-0.407000	0.000000	-0.067700	-0.075100	-0.630200	0.392100	1.318200	-0.586100	-0.039900	0.657800
62	0.000000	2.750400	2.869900	3.842000	3.838400	4.218600	2.673000	3.433500	2.658300	2.874400	2.923300	2.782300	2.848700	2.582900	1.718900	2.172600	2.832700	2.705900	2.365500	2.612400
63	1.422900	0.806800	-0.253200	0.000000	-0.559100	-0.085700	0.587200	0.410500	1.214300	0.774400	-0.019800	0.328100	0.314100	0.313900	1.005200	0.744200	0.797300	-0.022900	0.085200	0.796200
64	2.782000	2.107400	-0.213800	0.154100	0.000000	10.526400	2.319900	1.777000	2.899700	2.380800	1.613300	2.850700	0.402900	2.410200	0.479800	2.339200	7.769000	3.845800	3.689500	2.340200
65	3.892900	2.208500	0.551400	1.985900	0.962300	6.094800	0.000000	2.198200	2.278800	1.875700	0.040300	0.254200	3.231500	2.058200	3.028300	1.774900	0.937100	2.703000	0.249800	3.337600
66	0.235900	0.051300	-0.304000	0.135900	-0.214000	-1.306300	-0.127000	0.022100	0.276900	0.620900	-0.263900	-0.178500	-0.812300	-0.239300	0.000000	0.525100	-0.416400	-0.135400	-0.222500	0.218500
67	0.265900	0.431800	0.186600	0.711900	0.344400	0.684900	0.276700	0.486400	0.665000	0.543900	-0.001900	0.341400	0.089900	0.149300	0.000000	0.562900	0.276300	0.173600	-0.220300	0.409100
68	4.771600	4.383000	2.969800	4.417100	3.204300	7.054600	6.673500	5.078900	4.699100	4.001100	1.006200	5.234700	4.119700	4.984400	4.509300	4.390800	4.995000	1.040800	0.000000	3.210900
69	5.047000	4.566000	3.648600	3.919800	3.381200	5.419200	4.752100	3.584300	4.445500	3.835500	3.418300	4.531300	1.404100	3.754800	0.000000	3.197400	3.875800	3.798100	3.741100	4.601100
70	4.665600	2.748300	3.110200	1.272700	1.558600	0.000000	5.082400	3.443300	3.404400	2.885000	4.088700	4.829500	2.583600	3.047500	3.487400	2.924200	7.751500	6.804100	7.733600	19.460600
71	1.087200	0.000000	-0.433200	0.838800	1.120300	0.661400	0.490500	-0.402000	-0.589000	0.554000	-0.123500	0.182900	0.138900	-0.204000	3.120000	1.335200	2.081600	0.992600	0.586700	5.631700
72	0.278500	-0.072700	-0.794900	0.409000	-0.009500	-0.074800	0.000000	-0.685600	-0.906600	0.232500	-0.937700	-0.658000	-0.663700	-0.843900	-0.327300	-0.783500	-0.612800	-0.666000	-0.630200	0.085200
73	4.078100	2.500100	0.223300	0.789700	0.000000	4.878700	5.214600	2.981500	3.077100	1.766800	0.360400	4.086900	1.457300	2.160700	3.122900	3.220100	4.033700	4.106200	2.486000	4.389700
74	1.410000	0.000000	4.847700	3.658200	6.826300	5.174300	12.818100	0.958000	1.281300	2.795400	3.806100	9.457500	5.665300	5.720000	8.145000	6.736800	25.797400	25.488900	20.264800	34.003130
75	0.974700	0.000000	-0.769000	1.092300	0.565200	5.338300	-0.263100	1.178900	-0.085500	0.605600	-0.979300	-0.510400	-0.246000	-0.113600	0.833200	0.030400	-0.018100	-0.617400	-0.660100	0.017600
76	3.185300	2.475800	1.871800	0.661900	0.000000	3.467700	2.416500	1.801000	3.301800	2.686300	1.377500	2.010400	2.687600	2.155400	3.252100	3.302600	3.634200	1.967800	1.751100	2.772500
77	7.130500	5.410500	1.419100	3.405700	2.189200	8.497400	6.494600	4.740900	6.019200	5.255200	1.132800	4.328400	6.518200	5.321800	6.997700	5.994800	12.429900	0.000000	0.307900	4.249500
78	2.976000	1.571100	0.130200	1.486500	1.654200	7.154300	-0.719800	2.204300	2.836500	1.990800	0.559700	0.000000	2.605800	2.132100	4.566800	3.079200	4.454400	4.419400	2.454700	4.711100
79	0.778200	0.165200	-0.876100	0.913500	0.005900	1.253400	-0.404300	1.186200	-0.138600	0.105500	-0.467900	-0.449900	0.103200	0.009500	0.652900	0.179400	0.120400	-0.587700	-0.684500	0.000000
80	5.229000	4.902400	3.137100	3.325000	3.088300	6.374600	3.148000	5.457200	5.065700	4.607100	2.574700	2.979000	4.329800	3.691400	5.721700	4.689600	2.310400	0.000000	1.818000	4.049200
81	1.849100	0.000000	6.827600	1.279000	4.959400	2.122200	23.201300	1.602700	1.142300	2.247200	10.691400	16.570300	14.453000	13.909400	7.014600	4.188300	37.852470	35.256390	19.129300	50.990310
82	0.731000	-0.237400	-0.261500	0.099800	1.168600	2.844700	-0.668500	1.075100	0.000000	0.047200	-0.426000	-0.090400	-0.625000	-0.443200	-0.529000	-1.632100	0.224900	1.802700	0.474200	0.776800
83	1.917900	0.000000	0.555100	-0.695600	1.390000	1.732000	12.055700	1.502300	0.039100	-0.685900	2.887900	12.222000	4.862300	3.597600	2.981300	2.520300	25.940700	23.264400	16.791200	19.884200
84	5.594800	3.775800	-0.030000	0.889500	0.000000	6.180900	8.773600	3.069500	4.360500	3.018300	0.665100	4.620000	4.770500	4.091200	5.367100	3.434900	16.984300	12.592400	8.082700	6.239400
85	1.895200	-0.287100	5.560400	1.175400	4.207800	2.225000	15.458100	2.476000	0.000000	0.522500	4.623200	10.763900	12.216400	9.758400	7.035400	4.418800	18.282300	16.415800	11.136100	33.580690
86	5.460500	3.257700	2.271000	0.000000	-0.452200	7.237500	7.320200	2.702900	4.353400	2.409700	0.581300	4.704800	4.284800	2.156200	4.360200	2.545500	18.264300	6.842800	8.152300	10.286700
87	4.543900	2.884900	0.000000	1.592400	1.619100	2.638900	3.492500	2.857100	3.907900	2.922300	0.771400	2.782700	3.982900	2.949700	4.707400	2.590300	1.728700	3.711000	3.402500	3.840000
88	3.295500	2.312000	0.642400	1.565900	2.946300	6.304700	11.272700	0.000000	1.717700	2.473800	3.639400	6.704200	6.313400	5.031000	6.088500	1.431300	21.386000	14.551000	10.704100	7.204700
89	3.500200	1.935900	-0.248900	0.839400	1.842200	0.542800	4.663700	1.650200	1.815300	2.081100	0.105700	3.381500	2.961300	3.626400	0.000000	1.812700	4.505300	0.856200	0.989600	2.005400
90	1.058400	1.306400	0.332900	1.093600	0.463900	0.240100	1.028700	1.396100	1.270000	1.777800	0.903600	0.925600	0.000000	0.601000	1.803300	0.673600	1.398300	-0.311200	0.542000	0.947900
91	1.462100	0.723600	-0.128300	0.854100	-0.002000	0.328400	-0.180300	1.057300	1.279600	1.115600	-0.913000	0.000000	1.077900	0.404100	1.511400	0.351200	0.042000	0.079000	-0.140200	0.531200
92	5.099100	3.879000	2.180400	3.914900	3.773500	6.150200	3.340900	5.630400	4.659100	3.604400	2.047600	2.755200	4.216800	3.589400	5.276000	4.313300	1.692800	0.000000	0.729800	3.684400
93	4.628400	3.673700	2.911500	2.991600	4.295500	5.296300	2.679400	2.317700	3.397300	4.110900	0.982900	2.182900	5.236900	3.177300	5.564000	2.321900	3.003800	-0.008300	0.000000	1.658400
94	-0.692900	0.749000	-0.113500	3.209600	3.741200	5.254400	0.116800	3.557500	1.125700	0.424900	-0.017400	-0.783600	0.378400	0.000000	0.505800	0.340000	0.628000	0.123600	-0.182400	-0.429600
95	0.000000	3.927900	11.020200	14.883800	16.586400	13.940900	15.800500	13.508500	7.770300	9.083000	7.990500	13.259100	10.536100	9.993700	13.742100	13.372300	34.386550	27.872400	25.002400	45.342170
96	1.143000	0.589700	0.291000	3.252700	2.774100	5.006000	-0.042400	0.614000	0.000000	0.358500	-0.035200	0.277300	0.719200	0.264900	1.149600	0.198200	3.586100	0.969600	0.867000	0.710400
97	4.147000	2.919300	0.819600	2.050600	3.047200	0.884400	2.135500	2.754500	3.803600	3.089800	0.337600	2.220300	3.628600	2.890600	3.694800	4.014900	2.848600	0.283300	0.000000	3.300200
98	-0.069900	-0.611700	-1.104800	0.200800	-0.518100	-1.260000	-0.563900	0.198700	-0.372400	-0.049600	-0.946000	-0.814200	-1.094600	-0.291200	-0.959000	0.000000	-0.506100	-0.395700	-0.536800	0.033300
99	1.903700	1.416400	-0.191100	2.399300	2.270600	1.849800	2.090500	0.712600	1.363900	1.327100	-0.188500	1.735900	1.780400	2.105000	1.498400	1.601700	1.887500	0.349500	0.000000	1.976300
100	4.525700	3.072200	0.000000	1.956900	1.365200	6.484800	9.509200	3.422000	3.878100	2.783900	0.306100	3.608300	4.964500	4.086500	5.309500	3.928100	13.571300	8.407300	6.152300	4.179100
101	3.374100	2.575000	2.158800	2.638700	2.248600	0.000000	2.775100	3.152300	3.015400	2.752500	2.095300	2.302500	2.233600	2.806300	2.905900	3.582600	3.390800	2.277000	2.089000	3.653800
102	2.066400	0.784000	-0.687600	0.262300	0.000000	1.881300	0.530400	0.844200	1.745300	1.307500	-0.478900	0.211100	0.432400	0.290700	1.003100	0.978600	0.304100	0.699000	0.309000	0.910700
103	3.491700	1.730000	-1.469700	0.000000	-0.806000	4.326300	8.094800	0.811000	2.128200	1.795200	-1.301800	3.535000	2.636500	3.268800	2.879100	1.502800	17.905900	8.144600	5.636600	5.675600
104	1.058900	-0.246600	-0.287500	0.741100	2.062600	3.017400	1.335200	0.511900	0.000000	0.785800	-0.291600	0.622500	0.884400	0.637500	1.354900	1.817600	2.781300	2.133300	1.995800	3.503400
105	0.905800	0.196400	-0.673000	0.652100	0.683500	5.190100	-0.218500	0.619800	0.284000	0.235100	-0.743400	-0.437600	-0.047700	0.000000	0.848500	0.715800	0.327300	0.637900	0.498500	1.058000
106	2.494000	1.766600	0.247300	0.661900	0.000000	6.816000	0.680000	1.770000	2.411400	1.919800	0.405100	0.480100	1.424500	0.955200	2.203800	1.058300	0.911400	0.765800	0.674700	0.625400
107	1.063000	0.000000	2.171100	0.641500	1.464400	5.191300	12.465600	1.764400	0.681200	2.428900	5.126800	10.313500	8.990900	8.206600	7.386800	5.815000	33.899450	37.607130	21.982000	24.376700
108	1.219100	1.138900	1.139500	1.662500	1.504900	0.000000	0.939200	1.727000	1.359200	1.142500	0.878600	0.887600	1.135900	1.042900	1.338800	1.302200	1.223100	0.867200	0.833500	1.381900
109	2.821200	1.755700	0.301400	0.316700	2.490300	-0.236900	0.548200	1.900200	2.619300	1.572000	-0.036700	-0.386700	2.458400	0.000000	3.475700	0.958400	1.404800	2.724500	1.272500	1.083500
110	3.867400	2.206400	9.452200	3.229200	5.814700	0.000000	8.600600	4.386300	4.002800	3.692500	5.397100	6.989200	5.931600	5.995300	6.223000	5.032700	31.666000	18.306100	13.649500	36.860800
111	5.814400	4.443000	0.315800	1.216200	0.000000	7.556600	12.424100	3.440500	5.107400	3.573300	1.200300	4.060200	5.971900	3.516700	5.888000	3.251100	11.553200	16.005500	8.935400	6.644800
112	6.249000	4.645400	0.000000	2.142800	0.679200	5.633800	3.665500	3.922300	5.752000	3.758300	-0.311900	2.156200	5.775000	3.286200	6.140300	3.894000	11.414900	13.833500	6.524000	3.432300
113	2.531800	0.865300	-0.995400	0.814700	1.315800	4.748800	3.059000	1.663100	1.770800	0.000000	-1.909500	1.242100	3.443700	0.446600	4.057700	0.730300	11.498500	16.077600	8.784400	17.569800
114	4.436600	3.054300	0.590700	1.894500	1.325700	8.138300	0.125500	3.655800	4.091400	2.451500	0.615000	0.000000	6.782600	2.616700	6.589600	2.761500	0.068700	-1.702000	-0.571400	0.820600
115	2.275900	3.361100	2.551900	2.171300	1.978500	3.590800	10.530300	2.500400	3.080300	2.715200	1.263600	6.826500	4.188900	4.081600	0.000000	1.276800	15.791700	16.957800	12.349100	8.678200
116	5.243700	4.210000	2.370200	2.634500	1.840700	5.728200	3.412100	4.484600	5.320600	3.821700	0.653400	3.209800	6.154500	4.095100	6.010900	3.881300	2.191400	1.016200	0.000000	3.085800
117	4.048300	3.078400	0.993300	0.920900	0.000000	2.396200	3.949300	1.987200	2.910700	1.889200	0.299500	2.517700	4.497700	2.724700	4.730200	2.146500	7.338300	1.370100	-0.922200	1.716900
118	3.115200	2.953300	-0.635600	0.675100	0.000000	6.396900	1.177300	2.134200	2.690000	2.786800	-0.342900	0.937900	2.533800	1.594400	2.779700	2.211600	1.307300	1.783700	1.099400	2.375600
119	2.395200	1.484500	0.513000	1.509500	0.610900	8.247800	0.776600	1.163600	1.110000	0.805500	-0.018600	0.458100	0.293500	0.736500	0.000000	0.514100	1.243200	0.402100	0.274000	0.624800
120	2.818700	2.263900	1.682000	1.364500	1.027900	0.000000	2.292400	1.893800	3.037000	2.780100	1.475200	1.747900	1.359500	2.133700	2.672600	2.717000	2.742900	2.046800	1.799300	3.498300
121	5.708300	4.662900	3.435400	3.527500	2.799600	4.249700	4.921500	3.873700	5.131700	4.991000	2.063900	4.744700	5.993000	4.999400	6.504300	5.989900	3.748500	0.000000	0.647700	4.140600
122	3.693500	2.343600	-0.142200	1.002900	0.492400	1.973000	2.484400	1.664400	2.807100	2.345300	-0.212400	0.526700	2.851700	0.000000	3.597100	2.759200	11.477400	8.059400	6.033900	3.284700
123	5.157500	3.177700	-0.169400	1.251000	0.000000	1.986800	4.985800	2.582100	4.196700	3.564900	1.504000	5.669800	4.292500	3.552400	4.804200	4.022700	8.267800	2.617500	1.045700	3.366900
124	4.634300	3.000600	0.454400	1.629900	0.907300	2.620300	2.663100	2.812100	4.165000	3.334400	0.582100	2.764700	3.230500	3.347000	3.746800	3.332900	0.508300	0.000000	-0.423100	2.756900
125	4.652800	2.900400	0.000000	1.541900	1.477200	6.922700	7.300000	3.182700	3.560600	3.092200	-0.125800	4.950100	2.996700	2.872600	3.430200	3.048000	4.824600	4.418000	2.840600	4.940400
126	1.693900	0.000000	1.450300	2.393900	2.119400	4.384600	4.288600	0.578800	0.676400	1.951800	0.400700	4.100600	4.621300	3.032300	5.167600	3.438600	14.274300	9.973400	9.322300	7.438700
127	3.202500	1.170100	2.810700	2.281700	2.723500	6.815000	0.000000	2.972300	3.140000	1.381100	-0.161100	3.453100	5.569400	2.152000	5.863000	1.592300	23.585900	28.656800	17.191700	27.092800
128	3.295200	1.385100	-0.511900	3.328900	3.492800	10.080000	1.288500	3.087100	2.250600	1.896400	-0.097800	0.829400	2.041700	0.922300	3.021800	1.259000	0.257000	0.000000	-0.576700	0.687700
129	3.581300	3.362600	1.487700	4.315700	6.063900	5.484500	2.613000	4.131500	4.190700	3.172700	1.872700	3.111300	4.174000	2.924400	4.661400	3.003700	2.230900	0.000000	0.742100	2.424300
130	-1.020900	0.927900	-0.072300	4.951500	4.780900	6.235500	-0.206500	4.765800	0.063500	0.717700	-0.068900	-0.067600	0.370000	0.000000	1.067000	0.486600	0.926100	0.027900	-0.035500	0.334800
131	1.471800	0.000000	6.753000	4.882200	7.157300	6.484000	17.578100	5.468700	1.075900	2.270600	7.752600	13.780200	14.514500	14.605200	8.638600	8.215200	25.985300	16.626100	13.710300	16.887200
132	4.579300	3.593700	5.482400	4.093200	3.902700	6.859200	8.913100	4.650900	3.988900	3.317000	3.603300	7.725700	3.222300	5.442400	0.000000	1.773500	11.201000	7.732700	7.092500	4.583400
133	1.168600	0.000000	10.312600	2.577900	10.305200	4.406500	18.303900	3.238600	0.388500	0.617700	9.127800	15.027400	10.123200	7.382500	8.311600	8.957400	47.608680	41.415900	30.652000	29.683500
134	2.382400	0.743400	-1.151700	-2.133400	-2.710600	2.361900	4.123700	0.415200	1.852000	0.000000	-1.562700	2.049100	2.892300	1.440800	3.518900	1.643700	12.331600	6.954200	2.085100	5.334000
135	4.366800	2.870600	0.000000	0.564100	0.802200	3.335900	-0.315400	1.743500	3.666800	2.618000	-0.010500	0.786100	6.195200	2.138100	5.993000	2.373200	6.834300	1.737900	2.200100	1.930500
136	6.095100	4.439000	0.000000	2.115500	0.787200	7.876800	8.571100	4.238000	5.437500	3.565600	0.269800	4.739800	5.265000	3.644000	6.343700	3.669400	7.114800	6.782400	2.828300	3.228400
137	4.392500	3.124900	0.527800	1.624700	0.796000	1.900800	0.329400	3.061900	3.523800	2.554900	0.000000	1.093900	4.210000	1.540100	5.444600	2.401700	2.159500	1.098100	0.049700	2.701200
138	5.173400	3.650600	0.000000	4.891700	4.631200	3.816000	11.787600	3.070200	4.301200	3.384400	0.771200	5.623300	4.607300	2.934200	5.091100	3.830800	13.793300	6.063800	3.799900	2.460300
139	0.953600	-0.399300	0.056100	-0.221900	-0.440600	-1.393200	-0.166700	0.981800	0.000000	0.516500	-2.032200	-0.788600	4.077300	0.044500	2.667600	1.474800	9.883500	7.538300	6.279100	4.905100
140	3.671200	2.720700	-0.364900	0.000000	0.737000	4.371600	1.876100	1.209800	2.535600	1.967200	1.545900	2.517800	2.656300	1.795200	3.820400	2.600300	7.557800	8.186800	6.575300	8.551700
141	4.579700	3.415700	0.000000	2.131500	1.805700	6.693300	2.341400	3.003300	3.629600	2.944100	0.775900	2.680700	3.164800	2.404300	4.970300	2.728000	12.772400	11.011800	6.832600	4.126900
142	3.423400	3.888600	4.874600	4.560600	4.662700	2.315400	5.264000	3.400500	2.971600	4.979900	4.472400	4.699500	2.837600	5.023100	0.000000	3.076600	5.061600	3.732800	3.591100	4.645400
143	1.537700	0.765700	-0.118400	0.680600	0.381000	-1.062600	0.712800	0.939000	1.432000	0.713100	-0.453500	0.289500	-1.176700	0.284100	0.000000	-0.817100	0.976200	0.960500	0.929000	1.580600
144	0.463400	-0.035800	-0.006900	0.423800	0.130700	-0.902700	0.175100	-0.468900	-0.677800	0.400000	-0.388400	-0.056100	-0.412500	-0.235500	0.000000	0.427300	-0.234100	0.009400	-0.100200	0.499900
145	1.683800	0.407000	-1.040700	0.389000	0.174600	0.330100	-1.573200	-0.703900	0.142900	0.712400	-1.170900	-0.694900	0.504000	0.000000	1.162900	-0.020400	0.153200	-0.179000	-0.702700	0.630400
146	6.534400	4.610100	2.290500	3.954500	3.744400	10.844800	2.974500	4.037800	5.280400	4.669100	1.560600	2.959100	5.436100	4.484200	6.288400	5.340500	0.917000	0.000000	0.731000	4.109600
147	2.307900	1.642400	0.292000	1.513800	0.519600	3.507100	0.000000	1.177900	1.838300	1.848000	0.118100	0.056400	1.492900	1.188600	2.098700	1.856400	1.123700	0.224200	0.622000	2.054400
148	1.732900	0.684500	-0.819500	0.723100	0.170500	2.778500	0.118900	0.834200	1.610300	1.181700	-1.109100	-0.302600	0.399100	0.000000	1.115600	0.825200	-0.434700	-0.317800	-0.391300	0.643000
149	5.641800	3.674000	0.000000	4.540200	2.780200	7.273500	1.107700	4.061300	4.345300	3.662200	0.412700	2.240400	5.240100	3.062500	5.771700	3.172100	6.819200	2.348000	1.017500	2.317900
150	1.429400	0.000000	-1.644400	0.045800	-0.478400	5.697600	-0.008200	-0.386500	0.450000	0.372400	-0.935800	-0.029900	0.796400	0.557800	2.670000	1.647600	11.480200	9.696100	10.802100	10.558000
151	0.842300	0.000000	-0.153400	0.542900	-0.001800	3.964800	-0.305000	-0.132500	0.354200	0.751300	-0.659600	-0.145100	0.170600	-0.230600	0.523500	-0.032100	-0.166900	-0.081700	-0.083900	0.273300
152	2.996100	1.304600	-0.659400	0.000000	-0.244300	4.875900	1.095400	1.449100	2.639400	1.568700	0.078900	0.134600	0.468400	0.850800	2.065500	0.988300	1.407200	0.283100	-0.019400	1.805700
153	1.880400	0.000000	-1.987700	-0.292500	-0.881900	3.765700	10.067200	0.674500	1.296800	1.054600	-1.893400	3.457700	7.524000	0.594800	5.564300	3.918700	12.673400	12.246600	5.825000	35.262750
154	1.265700	0.611400	-0.109100	0.772000	0.026400	2.693600	0.092000	0.988800	0.493200	1.157000	-0.325400	0.290900	0.770400	0.331200	1.488900	0.549600	-1.485300	0.641900	0.229000	0.000000
155	0.773400	0.464900	0.459200	1.736600	1.518900	3.458100	0.169300	1.486300	0.000000	1.080800	0.366900	0.240800	0.900600	0.999100	1.430400	0.489500	0.010200	0.380600	0.346700	0.333100
156	3.239000	3.198300	0.000000	3.047400	2.734400	4.291500	1.435100	2.410200	3.683100	2.633200	1.004800	1.744600	4.125200	2.340100	4.579800	2.715200	3.236800	3.706000	2.459800	4.313900
157	-0.153400	0.408800	-0.178400	1.968500	1.531000	4.314500	-0.849700	1.521500	0.502900	0.509000	-0.223200	-0.828900	0.000000	-0.445900	0.129700	-0.134200	-0.174100	-0.307800	-0.444100	0.214400
158	4.195300	2.975500	0.001800	4.465600	3.456900	13.022500	5.494000	4.237100	3.878900	2.675300	0.000000	2.976200	5.262200	3.340800	5.679000	3.448600	27.138300	21.571100	17.299900	14.840400
159	0.000000	1.056000	9.533400	9.797700	7.636900	1.389200	7.458100	5.738600	0.978600	3.570000	5.191800	6.521800	2.970000	3.746100	8.970500	4.998100	20.856800	15.674100	12.043700	13.480000
160	3.436400	2.247400	1.706700	0.000000	0.242400	4.397900	5.130700	1.801800	2.789900	1.738400	1.868500	4.032700	3.856200	3.847100	3.919300	2.354200	21.212700	3.995200	3.647800	15.038300
161	6.175800	4.800400	0.000000	1.347100	0.710700	5.958400	2.016800	3.819100	5.558000	3.503400	0.706100	2.646600	5.511100	3.938800	5.599300	4.102600	5.576000	4.704800	3.635000	3.342500
162	3.833800	2.069600	0.054200	0.132000	0.117200	4.799500	6.460500	0.000000	2.042600	1.042600	0.829500	5.341900	3.689900	1.522200	2.984700	2.419300	13.116200	9.642500	8.443300	10.759000
163	1.260700	-0.195100	-3.843800	-1.450100	-2.139300	5.738400	-2.995900	0.752700	0.883600	-0.938100	-3.227100	-1.083500	0.000000	-1.915200	2.021000	-0.409500	3.018000	0.212900	-2.711800	1.093800
164	4.896600	3.516100	0.748800	0.000000	-0.539200	4.764700	12.143900	2.668400	3.919900	2.510400	2.893300	5.748400	6.082300	3.940800	6.814600	3.346200	14.567000	16.444500	5.809300	17.008000
165	2.127600	1.711000	-0.906200	1.651000	-0.048700	4.989100	0.979500	0.222900	0.000000	1.216800	-1.324100	0.090200	4.561500	1.160500	5.818200	1.210300	6.491700	6.652100	2.870700	1.772400
166	0.506100	1.406600	1.197100	2.956600	3.426500	6.131700	1.399200	1.088300	0.081800	1.511500	1.417100	2.591100	2.816900	0.674200	0.750300	0.000000	1.816100	1.715800	1.830900	2.657600
167	1.059000	0.302200	-0.128100	0.506400	0.006300	-0.982500	-0.213300	0.782500	0.916900	0.937200	-0.385900	-0.132400	0.000000	0.188600	0.530900	0.762100	-0.250700	0.009200	-0.462400	0.683800
168	1.341300	0.731800	0.204500	1.009100	0.598300	-0.993700	0.995200	0.763600	0.683500	1.061200	0.270600	0.728800	0.000000	0.535900	0.582400	1.199700	0.428000	0.719200	0.615900	1.273000
169	5.065400	3.289600	2.460100	5.189100	5.135900	2.909200	5.444500	3.795700	4.562500	4.017100	4.198200	5.283900	0.000000	3.465200	3.489900	3.867700	8.356700	5.690500	6.354800	5.589200
170	1.063700	-0.369100	-3.038900	-2.588600	-0.925200	4.033100	-0.084000	-0.755800	0.172000	-0.236800	-2.660100	-0.878700	0.994200	0.000000	2.447300	0.841300	2.107600	1.486000	1.893900	1.016500
171	0.580600	-0.088300	-0.248800	0.287200	-0.277200	3.084500	-0.284700	0.656600	-0.087300	0.523500	-0.497300	-0.178100	0.000000	-0.385500	0.302500	0.264300	-0.332400	-0.243400	-0.210800	0.390900
172	4.632800	3.224600	1.820700	3.240900	2.736500	6.143200	0.000000	4.374100	3.659800	3.992900	1.668200	2.193100	3.890400	3.200900	4.645000	3.832400	2.933600	3.127100	2.963800	3.431000
173	2.121200	0.000000	6.068800	1.852600	5.155500	8.801300	11.561400	3.336300	0.729900	2.545000	2.386400	7.668400	8.174500	6.198800	6.787900	5.119200	24.274100	32.112270	23.328100	26.123600
174	1.274900	0.438100	-0.486100	0.495700	0.000000	3.396500	-0.077200	0.649800	0.557700	0.941700	-0.410000	-0.045400	0.874600	0.222000	1.285300	1.070500	0.610400	0.862400	0.694600	0.886500
175	1.142100	0.000000	-0.231200	0.663800	0.234400	2.966900	-0.365500	1.245400	0.868500	0.813500	-0.119800	-0.532800	0.698300	-0.098400	1.304800	0.099500	0.022900	0.337500	0.191100	0.539100
176	3.995000	2.844500	0.000000	1.013700	0.543500	6.825500	3.070100	3.100700	2.939600	2.324400	1.950100	2.068000	4.554500	3.187000	4.434200	0.969500	7.039600	2.707700	3.059700	5.305300
177	0.000000	3.784700	3.999800	5.372700	5.761900	8.233500	0.530900	5.105400	3.932500	4.151100	4.134100	0.907600	4.315200	3.507500	4.490200	3.252300	4.370100	4.047100	4.087400	2.203000
178	1.647600	0.000000	7.262600	2.703300	4.863700	1.800700	12.439200	3.176700	1.131700	1.930000	5.387200	10.747300	6.990200	7.423300	4.959500	5.178000	25.194200	22.523200	18.232200	18.717800
179	1.698500	1.087200	-0.245100	1.174700	0.467600	0.436000	-0.043800	1.460300	1.214800	1.313200	0.004900	0.000000	-0.346000	0.282800	1.142700	1.169700	0.463000	0.795400	0.356500	0.862700
180	4.954700	3.070800	1.304800	0.000000	0.356600	5.095500	1.638500	1.960600	3.330100	1.813900	0.327100	2.197700	4.211900	4.658100	4.579200	2.915900	8.548900	8.359500	5.028900	7.960300
181	5.491500	3.184200	2.253500	0.000000	0.213800	6.895000	7.585900	2.538900	3.843700	2.353000	0.855500	3.975800	7.082000	4.607500	5.988500	2.912700	20.315800	18.411000	13.240100	12.893400
182	0.000000	-1.900200	-3.043300	-1.702600	-1.016600	3.677200	3.362100	0.741300	-0.592600	-2.226300	-1.749800	-1.112700	5.828800	1.891100	3.258800	0.390000	32.848900	26.122200	16.051900	23.445400
183	6.084600	4.256400	0.327500	1.323800	0.000000	4.810100	8.895400	2.859700	5.276200	3.383500	0.841400	6.792800	6.520400	4.934800	5.839700	4.454400	17.133800	13.312400	8.441200	5.669700
184	2.037900	1.279400	1.502700	1.387800	1.383900	5.370900	0.957100	1.388400	1.293600	1.370600	0.937100	0.912900	5.880800	1.546700	3.702200	0.000000	2.195000	2.365000	1.794500	3.105300
185	4.361700	2.371800	3.150500	3.275400	3.606800	4.694000	12.292100	3.499800	3.587100	2.610100	3.817200	6.785900	7.563400	8.074700	1.478000	0.000000	23.911800	19.744600	12.869600	49.233180
186	1.426300	0.185700	-1.492300	-0.469000	-0.761500	3.284700	0.000000	-0.029100	0.080300	-0.001000	-1.580000	-1.116000	1.339700	0.112300	2.912300	1.550700	5.426300	6.791200	7.318900	4.443300
187	2.679900	1.974600	2.404300	1.699400	2.289900	3.172800	2.740000	2.775600	2.600400	1.565000	1.715800	2.551500	3.646200	3.592000	0.000000	0.315200	5.002500	6.283800	4.363500	3.573300
188	3.290400	2.359700	0.000000	2.066000	1.347800	0.312800	1.091500	2.252200	2.744800	2.168000	-0.104400	1.666700	2.671400	1.726200	2.388500	2.236400	0.389400	0.664800	-0.569800	2.450800
189	2.778100	2.345200	1.679000	2.696400	2.230500	2.129700	0.000000	1.981100	2.108400	2.659300	1.332400	1.727800	1.986400	1.749900	2.235600	1.513900	2.476600	1.591000	1.826200	1.643500
190	-0.219100	0.341100	-0.695600	-0.311100	-0.626500	0.862200	-0.264200	0.122900	-0.353300	0.017100	-0.687000	-0.624800	-0.074000	-0.796700	0.000000	-0.349400	-0.817300	-1.110300	-1.322800	-0.610500
191	-0.452100	1.497500	0.000000	3.179200	2.258900	2.406700	0.963600	2.427400	1.384900	0.850700	-0.665800	0.434300	1.127100	1.073400	2.084900	1.347000	0.479300	3.114700	0.649200	0.767100
192	-0.167800	-0.225200	-0.741700	0.224400	-0.320600	0.233100	-0.024700	0.295600	0.000000	0.222400	-0.438400	-0.152700	-0.398700	0.143800	-0.293900	0.283700	0.164000	-0.094700	-0.160200	0.411000
193	1.184800	0.670500	-0.975200	-0.084000	0.000000	1.895200	0.715900	-0.538500	1.241600	0.427900	-0.853300	0.383400	0.529600	0.470600	0.729800	0.955100	-0.516300	0.833800	-0.206600	0.631800
194	4.731700	4.590200	3.328600	4.700900	4.892200	7.280000	3.795700	3.448700	3.270000	3.553700	3.165900	3.540900	1.577900	3.538200	0.000000	2.680700	4.277400	3.807800	3.696500	4.465400
195	2.888900	1.953800	0.000000	1.923600	1.314800	0.206200	2.313500	1.578700	1.830900	2.165600	0.638800	1.932100	0.906000	1.864900	1.430300	2.969800	2.673000	2.670200	1.909600	2.710200
196	1.908300	0.861900	0.872000	2.503500	1.700700	2.065600	0.769100	2.141300	0.453200	1.433800	1.178700	0.876000	1.252600	0.941600	1.284500	0.000000	1.277700	0.054200	-0.152000	0.843000
197	3.196300	2.003900	0.418200	1.187400	0.659300	5.096800	0.000000	1.797400	2.734300	2.759700	1.171700	0.628500	3.113300	1.816000	3.628100	2.556600	2.164800	1.720100	1.288900	2.026300
198	4.158500	2.190200	-0.426600	2.507000	1.733700	6.754700	14.384600	0.000000	1.850600	2.544300	1.698600	7.010000	3.285700	1.225000	4.957700	3.570900	27.059900	22.992400	6.570000	9.859100
199	2.433200	1.066100	-0.439200	0.022100	-0.188300	2.656200	0.000000	1.223800	1.819600	1.150800	-0.095800	0.064100	1.382300	0.865400	2.697000	1.185800	2.986200	1.640000	3.244000	1.858500
200	1.055900	0.810500	-0.589800	0.593100	-0.258300	3.258400	0.267900	0.580600	0.578100	0.561500	-0.731400	-0.332100	0.000000	0.439500	1.279400	0.967600	0.996200	0.492400	0.461300	1.232600
201	3.376900	2.464200	0.000000	3.320000	2.382000	6.030900	2.877400	3.736500	2.556900	2.271900	-0.219100	3.646300	4.192300	2.846800	4.531200	2.117200	7.084500	0.720000	0.481300	2.702100
202	1.198700	0.000000	3.720200	2.246300	3.487300	6.716900	8.920900	2.502600	1.808500	1.923200	3.958600	7.316800	9.556700	6.829000	6.188200	4.528800	25.296100	23.397900	13.364000	28.474100
203	2.103100	1.816200	1.416500	1.852000	1.504400	0.000000	0.024600	2.250400	2.130200	2.077900	1.621700	0.798300	1.949700	1.108100	2.486900	2.110100	1.633500	0.824600	1.609900	1.904100
204	1.186300	0.946100	0.882400	1.400000	0.895700	-1.046400	-0.013600	0.830600	0.989000	1.376100	0.433100	0.000000	1.387500	0.532400	1.050800	1.243200	0.637800	0.998600	1.182300	1.414200
205	3.885900	2.136800	0.000000	2.778000	2.637800	4.522400	6.412300	2.305000	2.644600	2.944500	0.025900	4.108600	4.310900	3.527500	4.526700	3.075100	8.845800	2.908400	0.252700	2.839600
206	0.000000	3.488500	3.925100	6.262600	5.593100	9.838100	2.079800	4.235100	3.918600	3.726900	3.517400	3.775700	4.031100	3.649600	2.852200	3.576600	3.920100	3.968900	3.860900	3.975400
207	-0.050800	-0.303000	-0.159300	-0.025900	-0.059200	-0.996200	-0.307900	-0.048000	-0.122600	-0.019500	0.004900	-0.322900	-0.191700	-0.079000	-0.134900	-0.063100	-0.063200	-0.113800	-0.092000	0.000000
208	0.216500	0.189300	0.112400	0.449600	0.140300	0.358500	-0.287500	0.435300	0.166800	-0.040200	-0.370400	-0.260400	0.095600	-0.020200	0.133800	0.000000	-0.909600	-0.448000	-0.873300	0.339700
209	3.354700	2.125200	-0.408000	0.000000	-0.587500	4.146600	1.435200	1.304400	2.825900	1.413100	-0.624300	1.132100	3.268500	1.787200	4.027600	2.193000	1.486300	-1.011600	-0.641400	1.214800
210	1.856300	0.684200	-1.869800	-1.110800	-2.046600	1.905600	1.233200	0.000000	1.502500	-0.232700	-1.499100	0.011800	1.636700	0.465800	1.559700	-0.117200	-0.955200	1.334500	-0.882100	1.033400
211	4.397400	2.682400	2.388600	0.000000	-0.534700	2.845200	0.813400	2.136900	3.691300	2.178700	0.598400	1.643500	4.739800	2.434400	5.053800	2.870500	12.456400	12.999500	7.594500	7.047900
212	5.951000	4.048400	-0.751500	1.051700	0.000000	5.618700	4.637300	3.522700	5.292400	3.156000	-0.296700	3.480300	5.368600	3.669800	6.110200	4.052800	9.966100	3.451600	0.019000	2.797900
213	2.803400	0.717500	3.224500	2.428500	3.080700	4.598000	16.781300	2.603100	0.000000	1.393000	5.153300	9.866000	5.176700	6.521000	5.980100	6.010600	23.445300	14.505700	9.130600	22.944800
214	1.314500	-0.123600	-2.980600	-2.350700	-3.489700	4.607500	-0.151700	-0.208100	-0.003000	-0.762000	-3.648000	-1.312600	0.000000	-0.978200	1.244400	0.494700	3.509200	-0.571800	-0.144400	0.595900
215	-1.391500	0.062000	-0.698900	0.276400	0.518900	3.988800	0.882500	0.730300	0.000000	-0.590300	-0.849600	0.815700	-1.616700	-1.122700	-0.278700	-1.473800	0.612200	-1.032700	-1.590900	0.606000
216	0.000000	3.144200	2.890000	7.191100	7.319300	8.995800	3.659500	5.180700	5.137800	5.242500	2.185000	4.430400	4.830700	5.030300	4.342100	3.925500	6.513000	3.295800	3.978700	4.932700
217	5.000700	3.729400	0.180200	0.830100	0.000000	4.891700	12.646800	3.137600	4.969500	2.960900	4.341000	3.986900	4.926700	4.050000	4.605300	2.752700	15.423700	8.744400	6.213600	4.656300
218	-0.125500	0.130800	-0.584800	-0.157800	-0.178200	0.590800	-0.178600	0.263400	0.177000	0.063300	-0.258200	-0.360900	-0.416000	-0.924100	-0.144500	0.000000	-0.233700	-0.391000	-0.603600	-0.142600
219	0.122800	0.567000	-0.420900	-0.064100	-0.430100	2.320300	0.310700	0.000000	-0.748800	-0.187700	-0.457000	-0.073800	-1.019000	0.205900	-2.932600	-0.417500	0.271900	-1.479000	-0.545300	0.259800
220	4.028900	3.111000	2.222300	2.719200	2.167800	1.412900	3.533100	4.160000	3.754900	3.719100	1.437200	2.058500	3.649500	4.052400	2.933200	3.081400	2.012200	0.000000	1.193400	3.032000
221	0.720500	0.000000	-0.476000	0.157900	-0.344900	-2.142500	0.093500	0.661900	0.087400	0.560700	-0.475900	0.089100	-0.504800	0.172800	-0.305100	0.732900	-0.231000	-0.030100	-0.106700	0.787500
222	1.598500	0.244700	-0.747200	-0.402200	-0.693900	-0.148500	0.724900	0.283800	1.338700	1.092000	-0.908000	0.217100	-1.085500	0.000000	-0.306400	0.915900	0.706700	-0.113200	-0.427000	1.092800
223	4.438000	2.705900	1.640600	0.000000	0.351300	5.091700	8.211300	2.131200	3.513500	2.437600	0.707100	7.224900	3.710000	4.054300	3.632200	3.321600	21.106400	11.415700	7.757800	8.403300
224	1.421300	0.349900	-1.874800	-0.365100	-1.547900	3.047900	0.000000	-0.707700	0.732700	0.254600	-1.971900	-0.195300	0.660900	-0.274800	1.532200	-0.604000	-1.405000	-0.972700	-1.668900	0.569100
225	2.637000	1.663900	0.747400	1.867400	1.286100	5.620800	1.974200	2.171200	1.956600	2.534700	1.049800	1.666200	0.000000	0.303100	1.846000	1.746200	1.570100	1.532700	1.398300	0.292300
226	5.272300	3.454500	0.000000	3.118200	2.120400	6.570200	6.018400	4.394000	4.927600	3.460800	0.396500	2.840900	4.797800	2.887000	5.166800	3.122200	1.514700	4.818600	1.170600	2.425500
227	1.133100	0.002400	-0.062600	0.557200	0.243000	5.638700	0.724700	1.535700	0.000000	-0.093700	-0.312500	-0.339300	2.882000	1.364400	3.169200	1.131400	4.669100	1.238100	2.236100	2.863800
228	0.585400	0.290900	-0.315500	0.424900	-0.157600	2.878000	-0.813900	0.275800	-0.015800	0.091700	-0.357800	-0.402000	0.477700	-0.283500	0.800800	-0.187300	-0.131900	0.195900	-0.082100	0.000000
229	3.811100	3.493600	0.578000	2.347100	1.886800	3.851700	0.592300	2.017800	3.038500	3.340200	1.897200	0.616700	4.443200	2.251100	5.503200	2.936400	0.229400	0.350400	0.000000	1.590000
230	1.553000	0.000000	0.997600	-2.329700	0.732600	4.944900	13.589600	-0.836300	0.249300	-0.435300	1.951400	5.170900	6.093000	4.103300	4.799800	2.337300	26.192600	16.260900	9.760200	52.380100
231	1.186300	0.752600	0.150500	1.754900	1.395800	1.536700	0.502300	1.035000	0.794800	0.250600	0.307700	0.512200	0.987300	0.431100	-0.004600	0.000000	1.417500	0.904700	0.726200	0.260000
232	0.000000	2.280400	4.833100	5.723200	8.808200	7.372800	12.223800	6.477300	5.799100	5.120100	3.398600	8.117600	7.715700	3.519600	8.800200	6.463800	35.712870	22.450200	21.040800	28.651100
233	7.241800	5.422100	2.231400	2.932200	2.345200	7.262800	4.258700	4.847600	6.041700	4.807700	1.186200	3.728600	6.421500	4.568800	6.960100	4.700000	5.423000	0.369900	0.000000	3.096300
234	5.283200	3.843400	0.000000	0.270700	-0.996500	6.127500	2.068500	2.020900	4.733800	2.800000	-0.187900	1.800300	6.145900	3.125200	6.463700	2.441200	11.391300	7.231500	5.016500	7.872200
235	5.191400	3.522800	0.459000	1.109300	0.000000	5.458000	5.457200	2.979300	4.280200	3.262400	-0.474400	4.185100	4.339500	3.270800	5.390000	3.871100	11.458500	15.034100	8.815600	9.198800
236	0.000000	1.616300	7.424100	3.470100	7.670400	1.413700	9.646900	3.613700	-0.006700	2.047500	2.387200	7.655400	5.172000	4.180600	5.050200	3.198000	14.232000	5.995900	5.801800	8.375200
237	0.510800	0.301600	-0.748600	0.816800	0.829700	-0.322900	0.257700	-0.643700	0.000000	0.603000	-0.367100	0.056500	-0.150200	0.493300	-0.168000	0.824300	2.009200	0.747300	-0.078300	2.153800
238	1.039200	0.000000	1.224800	0.269200	1.324200	-1.083000	2.616000	0.889900	0.227300	0.346200	0.795100	2.591400	1.443800	1.822200	1.822600	2.379500	5.312000	7.983900	5.829900	6.639000
239	5.056700	4.089900	0.000000	2.411100	1.479700	3.782200	5.179400	1.016900	4.671700	3.986800	0.330000	2.214800	2.380300	2.504900	4.455100	4.042500	15.922200	1.603200	-0.622100	2.245300
240	3.359400	1.851100	2.241100	2.313300	1.890200	3.677400	7.499200	3.685100	2.462400	2.574300	0.000000	3.787300	1.765800	2.018800	3.188900	2.473800	20.692900	24.889900	10.655900	10.956600
241	-0.145300	0.000000	0.528400	0.717400	0.561600	3.978100	1.184600	0.970500	0.367000	0.154600	-0.649700	0.610000	-0.061300	0.141100	-0.304300	-0.111100	1.440900	0.826300	0.778400	0.505300
242	1.982200	0.928100	-0.455600	-0.164300	-0.359600	5.613800	-0.174700	0.509100	0.875300	0.703900	-0.582900	-0.276700	0.751500	-0.268700	1.434400	0.306300	0.180600	-0.672800	-1.299700	0.000000
243	1.061700	1.010000	1.082000	1.280400	1.060800	0.350200	1.049100	0.736900	1.081700	0.747600	0.825300	0.911400	0.227500	0.801500	0.000000	0.825700	0.805400	0.824600	0.399900	0.865500
244	4.116200	4.723700	3.727800	4.126900	3.920900	4.488300	4.522400	3.877800	4.101900	4.476700	3.712000	4.107800	2.272600	4.378100	0.000000	2.811400	4.010700	4.111600	3.052600	4.054600
245	4.250400	3.130200	0.000000	1.857800	1.177200	2.097400	4.903700	3.155600	4.398200	3.191500	0.406300	4.364800	1.046700	1.781200	3.458800	4.150900	4.080000	3.414300	2.463500	5.678300
246	1.176700	0.397600	-0.337900	0.296300	-0.233700	-0.730600	0.731600	-0.670800	-0.397700	0.759400	-0.386400	0.349600	-0.661900	0.087000	1.074800	0.564100	1.176200	0.001800	-0.503800	0.000000
247	0.890400	0.000000	-1.691500	0.437000	-0.736700	2.757000	-0.860400	0.836000	0.662200	0.616600	-1.639200	-0.205500	0.774700	0.203800	1.234100	-0.193100	5.491700	0.598400	-1.162500	-0.246400
248	1.850600	0.000000	5.141900	4.103300	3.104300	4.329600	5.359800	5.665100	0.665600	2.826600	1.711500	4.159500	1.885300	1.946300	3.317600	2.767000	30.564600	13.152100	11.358600	36.525190
249	4.723000	2.903200	-0.856900	0.000000	-0.618400	7.093600	8.352700	1.462300	2.403900	2.251400	0.646200	5.672300	3.563900	3.190400	3.497300	2.661500	20.612400	9.307700	5.702800	18.222000
250	1.407100	-0.033100	-1.826700	0.051600	-0.232900	2.504600	0.000000	1.497800	0.719900	0.272700	-1.613900	-0.253900	-0.075900	-0.674100	1.103300	-0.099800	-0.908600	0.040800	-0.935300	0.480700
251	0.819700	-0.003800	-1.314300	-0.142600	-0.794000	4.199700	0.000000	0.583100	1.001700	0.469000	-1.462400	-0.541700	0.048900	0.067300	1.834300	1.059700	2.954300	2.053300	0.548900	1.369600
252	2.589700	1.445500	-0.900800	0.000000	-0.789200	2.625500	2.097900	0.580800	1.663100	0.990300	0.148400	0.872800	3.246100	2.738300	2.788300	2.394500	5.974900	5.326800	3.249000	4.138200
253	4.539200	3.467300	0.000000	1.574100	0.727500	6.208000	2.932900	3.310000	3.794900	2.719500	-0.234400	1.507300	3.270700	2.434400	3.758000	2.519500	4.385000	5.086900	0.910300	2.041100
254	3.180500	2.199800	0.000000	1.102200	1.126000	4.854300	0.757600	1.618400	2.393700	2.170000	0.622600	0.118700	3.615500	1.908600	3.329300	2.455000	0.729900	0.057900	0.235900	2.141600
255	0.000000	3.246400	9.135900	11.753500	13.263300	15.345900	15.745200	10.403600	5.929400	5.746200	6.317000	10.098200	9.998200	9.057300	9.055500	7.142100	21.874200	24.349600	22.465000	68.507900
256	2.569500	1.459500	0.240000	2.360400	3.744000	1.764200	3.011200	4.105000	2.479800	1.897000	0.487100	2.018600	0.000000	1.288200	-0.380800	1.223600	0.545900	1.304100	1.103600	1.176800
257	2.924400	1.549600	0.233200	1.173100	2.056600	2.571900	6.380700	2.626700	1.432500	1.097900	-0.675000	2.638100	3.323200	3.994000	1.724400	0.000000	20.659700	6.442100	5.415000	1.919800
258	5.041300	3.677000	0.743900	1.802100	0.895600	5.274000	2.869900	2.979900	4.501300	2.827700	0.117000	0.000000	5.951400	1.680500	6.735200	3.202800	12.401500	15.967300	11.681400	5.238200
259	4.957000	3.363500	0.193500	0.000000	-1.323700	5.055100	6.429600	2.060800	4.141200	2.023800	0.243900	4.736800	3.867700	3.123100	3.879200	2.795100	9.129800	2.587000	0.979900	5.043200
260	0.464500	0.232800	-0.105900	2.178200	1.659400	4.976400	-0.146900	-1.115800	0.366900	0.000000	-0.549400	1.198500	0.912400	-0.078700	1.433300	0.806500	7.028100	9.168700	7.139600	9.177700
261	0.000000	2.741300	4.495000	8.123400	7.602700	7.734100	4.820100	7.363900	3.480600	2.548100	6.009400	4.124000	5.264500	5.678700	3.948900	3.376300	7.710300	3.465400	2.734800	3.293800
262	4.858100	3.237400	0.000000	1.539100	0.681200	6.238600	7.198500	3.632300	4.367100	2.969000	-0.003800	2.670300	4.767900	2.930500	4.861500	4.036600	9.117600	3.046000	0.065600	2.415900
263	1.718700	1.440300	0.606800	1.329600	0.614900	2.854500	0.948500	0.000000	0.281600	1.567700	0.502100	0.618900	1.469900	1.309900	1.852900	0.167700	2.297200	2.169200	1.846500	2.511400
264	0.147000	0.397300	0.129100	0.428400	-0.051600	3.351800	0.000000	0.088700	-0.064700	0.696700	-0.009900	-0.091600	-1.225400	0.665400	-1.945200	-0.162900	0.144100	-0.202200	-0.431000	-0.033900
265	0.000000	-0.184000	-0.212100	3.574900	3.082200	-2.368500	-0.117300	2.651700	0.721600	0.780200	0.099800	0.021100	-0.516100	-0.151700	-0.132100	0.710400	-0.053600	0.018200	0.194700	0.852300
266	1.409000	0.896200	0.574800	0.938400	0.622700	-0.781400	0.506600	1.106100	1.273300	1.064300	0.529600	0.534200	-0.341600	0.000000	0.585900	1.270500	0.720700	0.744600	0.717000	1.056400
267	2.385400	0.767300	-1.163300	0.599600	1.324700	0.035000	1.426900	0.272700	1.296900	1.224900	-0.877900	0.022000	1.653700	1.680700	0.000000	0.442900	0.964100	-0.346800	-1.663500	1.738900
268	1.800800	0.000000	7.750700	2.806300	6.039200	2.436900	14.687600	0.811000	0.837900	1.368900	6.929900	12.528000	10.100000	7.389900	7.827800	5.564900	30.942100	21.722900	17.009400	18.167700
269	1.293800	0.232800	-0.226600	1.374500	0.815800	6.971300	-0.363100	0.938100	0.646500	1.188800	-0.394500	0.000000	0.469700	0.109600	1.250900	1.010500	-0.289500	-0.197400	0.270500	0.788000
270	1.274000	0.000000	-0.489300	0.299800	-0.247300	6.532700	-0.093600	0.785300	1.242400	0.649500	-1.367400	-0.321000	0.398000	0.347400	1.543600	1.050000	-0.159000	-0.843400	-1.080100	0.616000
271	2.222100	0.000000	1.284100	0.965600	2.679600	4.765500	11.884500	2.036000	1.139700	0.125800	3.003700	9.421500	5.886500	6.360600	4.577700	1.823400	30.198000	16.123600	10.032800	36.677480
272	1.970300	0.267200	-0.281300	1.968400	1.996700	9.233100	0.502100	3.181500	1.697400	1.060100	-0.143200	0.107100	0.930500	0.306700	2.377000	1.273700	-0.251000	0.000000	-0.760100	-0.041300
273	0.371500	-0.336100	-0.098500	0.158300	0.159900	3.615800	-0.028000	-0.238600	-0.394800	-0.043800	-0.495100	-0.207300	-0.041500	-0.301200	0.000000	0.224200	-0.357900	0.186200	0.163700	0.468100
274	0.926700	0.000000	1.366300	0.360300	0.665900	1.475100	0.523000	-0.028800	0.389100	-0.038000	-0.539700	-0.502900	1.466100	0.708000	2.658200	1.312100	0.674000	2.508400	0.638000	1.528700
275	0.000000	3.572100	5.618200	7.497200	7.518600	8.598400	5.379200	9.301200	5.101600	3.954300	4.593700	4.839000	4.981600	4.534600	5.305000	6.133100	7.437000	7.248700	7.496400	7.986500
276	1.808100	0.000000	7.759000	2.089500	5.135700	5.955500	16.376800	1.570200	1.114800	1.558100	5.903500	10.884400	8.917800	8.444600	7.606300	8.469100	11.149800	7.121600	6.203000	43.641184
277	3.506900	2.679000	-0.393500	0.419800	0.000000	3.557200	3.039800	2.779500	2.887100	2.367500	0.549000	2.141000	2.753400	1.758100	3.284100	1.735000	6.138800	0.477300	0.086700	0.959100
278	7.026500	5.579800	2.506900	5.446700	4.553500	9.000500	4.574500	6.718000	5.905700	5.043400	2.696600	4.281800	6.472700	4.958300	7.367500	4.568100	1.498800	0.000000	1.023600	3.840800
279	0.000000	1.041500	6.238600	5.884200	6.168300	9.842900	21.466000	5.316700	3.925900	4.181300	5.732900	10.409400	9.630800	9.091300	6.894800	4.522500	27.490300	28.331300	17.131600	37.861540
280	0.000000	4.198700	9.102100	8.295900	10.069300	14.297100	19.106900	7.045900	6.768000	5.552500	11.449100	13.002000	16.689600	14.595000	11.491700	7.036700	29.910600	23.493500	16.203100	16.354100
281	5.794900	4.422900	0.000000	1.200800	1.435300	5.781700	5.511500	3.634100	4.868000	3.401000	0.321500	4.022900	5.678900	3.219800	5.566600	4.070500	19.569100	12.732800	5.132200	3.867700
282	3.438700	2.430100	-0.005800	0.360100	0.000000	1.347500	2.644700	2.053000	3.339800	1.889600	0.261600	1.804300	1.217000	1.477500	0.793500	1.049100	-0.212300	0.345900	0.914600	3.767700
283	5.627500	5.042600	2.055000	4.255700	3.486400	6.129300	3.993100	5.513400	5.125400	4.428700	1.564100	3.855000	5.924600	3.764600	5.896600	3.535400	2.663400	2.513300	0.000000	3.435400
284	2.817500	1.484100	0.581100	0.000000	-1.159600	2.238200	1.824800	1.865400	2.497200	0.868200	-1.396400	2.118900	1.878100	1.832900	1.976900	2.212700	1.975500	2.644900	2.230000	2.643600
285	0.135700	0.000000	0.135000	0.241100	0.309000	-1.776200	-0.230200	0.206600	0.307700	0.416500	0.079100	-0.180800	-0.117000	-0.124100	0.139600	0.536300	-0.391500	0.042900	0.030500	0.485600
286	0.218700	-0.268300	-0.825400	-0.044300	-0.752700	-0.307800	-0.477000	0.000000	0.057000	0.041700	-1.281300	-0.758400	-0.584400	-0.371000	-0.202700	-0.084000	-0.837000	-0.794600	-0.887200	-0.324800
287	1.258600	-0.374900	-1.434200	2.024300	1.510800	2.535400	0.630000	0.441700	0.000000	-0.386700	-1.892500	0.230500	-0.248200	-0.504600	-0.303400	0.155800	-1.411500	-1.513900	-2.098300	-0.192700
288	1.320200	0.751000	0.561200	0.855600	0.352800	0.000000	0.614100	1.175300	1.124400	0.738800	0.310000	0.499600	0.474400	0.813000	0.940100	1.148800	0.403800	0.722800	0.689500	1.130400
289	1.822700	1.135000	-0.324800	1.742300	1.676300	0.701700	0.000000	1.607200	1.357200	1.335200	-0.356400	0.198100	2.375500	0.418500	2.139700	1.136800	3.440200	1.260400	2.639300	7.650300
290	0.281000	-0.309000	-1.158600	0.139900	0.374200	3.424200	0.244400	1.766700	0.857000	0.000000	-1.225200	-0.797200	0.219800	-0.004600	1.184700	0.288700	-0.635400	-1.266300	-1.619700	0.258100
291	3.217300	2.052900	-0.128900	0.000000	0.350200	5.632500	2.848300	1.602300	1.974200	1.340100	0.571500	2.312000	3.379100	2.376000	3.081100	1.949500	18.935600	12.100800	12.758600	25.061100
292	1.037400	1.772900	2.576500	1.849600	2.240500	0.577000	2.136200	0.587900	1.436900	2.643100	2.972800	2.436100	1.398100	2.093500	-0.279000	0.000000	2.246500	2.736300	2.517800	3.065500
293	1.632300	0.729000	-1.089200	0.000000	-0.853600	-0.388400	0.051600	0.849800	1.687400	0.874300	-1.304600	-0.155800	0.290700	0.107500	1.614100	0.889200	0.565400	0.480400	0.067400	1.326200
294	2.052600	1.310600	1.105900	2.199600	1.696300	-0.002400	1.543200	1.581600	2.153400	2.211500	1.153300	1.399400	0.000000	1.279300	1.000600	2.043700	1.398600	1.465200	1.449500	1.807000
295	1.119700	0.452400	-0.369400	0.359500	-0.025700	-0.379900	-0.050200	0.362300	0.698000	0.922800	-0.475200	0.353100	-0.330500	0.000000	0.379000	0.937500	0.642700	0.859500	0.640900	1.019700
296	2.384100	0.000000	4.260200	1.448600	4.833800	5.151700	8.939600	1.318900	1.399100	1.665000	3.346400	7.014700	8.319400	4.260000	4.022800	3.147400	11.017600	18.429200	15.063700	10.623300
297	1.399300	0.508800	-1.182500	0.569500	-0.245200	5.007300	-1.912200	1.276100	0.845500	0.767000	-0.919700	-1.080500	0.339600	0.000000	1.085000	0.901700	-0.688400	0.381400	0.477600	0.600200
298	1.049500	0.178500	-0.166000	0.439200	-0.187600	4.444100	0.305800	1.159400	0.885800	0.819600	-0.529500	0.084800	0.000000	-0.014000	0.808800	0.951600	0.276000	-0.064800	-0.174600	0.853100
299	2.636800	1.329200	0.286100	0.000000	-0.846000	2.778100	9.830000	0.919600	1.750700	1.439100	0.457800	3.745600	4.169600	2.903700	4.237200	3.055000	6.214700	5.055000	3.089700	5.420900
300	4.582200	3.232600	2.216100	3.386200	2.184400	8.362100	2.899900	3.609700	3.521800	2.495300	0.000000	1.545000	4.318100	2.372500	5.178000	4.003400	4.705600	4.431600	4.059400	5.866200
301	-0.563200	0.000000	-0.744400	0.497400	0.228500	3.220200	-0.896500	-0.085500	-0.861500	-0.607500	-0.624000	-0.757200	0.321300	-0.737200	0.907400	-0.695900	-0.352700	-0.663200	-0.737200	-1.009200
302	1.085200	0.000000	-0.162800	2.491500	2.486900	1.719700	0.274400	2.548800	0.819300	0.530000	-0.123300	-0.091900	0.120900	0.629500	1.151400	0.574900	-0.070500	0.086200	-0.134100	0.276700
303	1.470800	0.000000	10.685900	6.259300	10.088700	5.527800	4.239800	4.598200	1.369400	3.405900	2.651900	3.414200	4.848300	5.132000	8.309700	7.355400	19.562100	16.599200	30.239800	37.609790
304	1.534500	1.336800	1.591300	2.873100	2.721700	0.000000	2.602100	3.094700	1.667700	2.929000	1.282000	1.373300	1.355900	1.268000	1.591600	1.324900	2.524800	2.792900	2.732800	2.939900
305	3.506000	3.268200	0.000000	3.174800	2.622600	6.242200	7.423300	4.937900	2.962700	2.935300	0.309200	2.961200	4.967200	2.779300	4.825700	2.286800	14.849300	18.655500	14.213600	10.624600
306	1.543800	0.701800	-1.108800	1.003800	-0.778500	2.340700	0.076500	0.723600	0.953500	0.418400	-0.964100	-0.382600	0.072700	0.000000	0.047700	-0.019700	-0.452900	-0.937000	-0.857700	-0.196800
307	6.331900	4.744200	1.897500	4.796300	2.613600	3.348500	3.580200	6.857600	5.561300	4.287200	0.797100	2.224800	5.537400	4.393800	6.814800	3.977900	2.910600	0.000000	-0.032300	3.308100
308	5.108800	3.304700	1.756200	0.000000	-0.053100	6.785500	7.631000	2.791600	4.714200	2.629500	2.278200	6.590800	4.986700	5.321800	4.737000	3.843300	18.932200	14.032500	11.460900	6.360500
309	0.000000	0.056200	3.773800	4.998300	6.001400	5.953900	12.688900	4.226900	3.576900	2.148200	5.945800	9.421600	7.919200	5.985600	3.620100	9.877600	26.915300	25.476900	11.901500	41.654344
310	4.139200	2.735600	-0.086600	0.000000	-0.674400	6.185500	3.091400	2.383800	3.820000	2.205800	-0.294100	2.396200	3.025300	2.464900	3.774000	2.504300	4.118400	6.395900	6.986500	7.165500
311	6.631000	5.267600	1.698400	2.357700	2.356500	7.544300	7.527600	4.886000	5.832300	4.457600	1.512300	4.521300	6.405500	4.922500	7.228000	5.746900	2.147500	1.331100	0.000000	3.955100
312	4.377200	2.384500	0.526700	1.657700	1.037200	4.435800	0.000000	2.428100	2.765500	1.887000	0.341400	0.631100	1.941800	1.040800	3.100500	1.885600	2.127100	1.553600	1.339400	1.959000
313	0.048600	1.207300	0.650400	1.386100	1.292900	4.314600	0.769600	0.826300	1.486800	0.938000	0.645100	0.316700	1.158900	0.837100	1.126700	0.000000	0.720300	0.902800	0.425900	0.859600
314	1.912000	1.199400	-0.136200	1.216700	1.176900	1.475600	0.067100	2.008800	1.779200	0.880300	-0.026100	0.216000	0.982800	0.829500	1.537000	1.396900	0.778600	-0.525700	-0.050000	0.000000
315	4.730500	4.482700	4.541400	4.774400	4.784200	2.736900	4.770700	4.399900	4.620600	5.102300	4.541900	4.371400	1.034400	4.467700	0.000000	3.519200	4.786800	4.688100	4.447700	4.349900
316	2.876900	1.726600	0.083700	0.446400	0.000000	0.817700	0.646000	1.784600	2.882600	1.909700	0.740200	1.335400	1.201800	1.695600	1.937800	1.769900	2.247500	1.622000	1.424100	3.412700
317	0.427700	0.000000	0.433800	0.730400	0.526800	-1.005100	0.195800	0.704300	0.419300	0.792900	0.115500	0.193400	0.110300	-0.024700	0.590000	0.106100	0.533500	0.490100	0.491400	0.704800
318	1.421200	0.602900	0.564500	1.719600	1.330600	-0.232200	1.007800	1.718300	0.903100	1.172300	0.612400	0.716100	0.533400	0.925800	0.000000	0.048500	1.253100	0.864100	0.624800	1.636000
319	4.669200	2.460600	-0.584900	0.000000	-0.148800	5.939100	4.216700	2.520400	2.914200	2.089000	-0.838600	2.171900	4.233800	2.608500	4.228000	2.431300	19.308600	23.864200	16.091300	14.267000
320	2.967100	1.378900	0.989400	0.000000	0.531100	5.397800	0.479300	0.565400	1.883600	1.558200	0.652800	0.318000	2.223400	1.096600	3.606700	2.197100	8.563200	7.929200	6.687700	8.957000
321	0.266500	-0.371300	-1.059100	0.073500	-0.534200	5.652000	-1.143900	0.431500	0.090700	0.422400	-1.405500	-0.785500	-0.501100	-0.689300	0.000000	0.177700	-1.863300	-1.160100	-1.339400	-0.460600
322	2.605900	0.976000	-0.826700	0.731400	0.474200	3.455900	0.752600	0.743400	1.696500	1.302000	-0.804600	0.000000	2.707200	0.694100	3.111200	0.763700	0.762900	-0.588600	-0.897600	0.504200
323	1.961000	0.000000	0.936400	0.585900	1.195300	3.976200	9.722300	0.433000	0.873000	1.615900	2.796900	6.677400	6.086000	5.554200	5.925100	3.803700	26.906100	22.759100	16.372700	23.894700
324	1.761200	0.879000	-0.491800	0.794100	0.100400	4.823900	0.052400	0.523400	1.115000	1.217200	0.102400	0.000000	0.776300	0.571500	1.514500	0.909700	1.086500	1.119400	0.515000	1.416500
325	0.916100	-0.074000	-0.784800	0.000000	-0.695900	3.744900	-0.596800	0.324100	0.777400	0.630800	-0.791800	-0.655900	0.015500	-0.630100	0.776000	0.002400	-1.148000	-0.478500	-0.517600	-0.262800
326	5.157900	3.867400	0.000000	4.663000	3.731300	6.115700	5.595000	3.130200	4.961700	3.198400	0.141200	5.081200	5.279600	3.981300	5.841700	3.948600	8.641100	9.338700	6.048100	3.482900
327	-1.607500	0.073300	-0.042500	2.851100	3.157900	5.985800	-2.152800	2.187900	0.000000	-0.344600	-0.119400	-3.298900	0.683100	-0.781900	0.993300	-1.217000	-0.369600	-0.133300	-0.149000	-1.447200
328	4.833200	3.157600	0.000000	1.715800	3.209000	4.390900	8.312300	3.336500	4.757100	3.005100	0.259800	5.228700	4.973300	4.185000	5.610300	3.884700	8.044900	4.030600	1.271800	3.260500
329	0.752800	0.000000	0.586900	-0.453700	-1.179900	-0.452500	0.429400	0.208600	0.561700	0.277700	-1.185900	-0.347000	0.686500	0.616000	0.965100	0.815000	0.417800	-0.692600	-1.023000	0.606900
330	1.455600	0.000000	6.056300	2.026600	4.292000	3.880700	4.292400	4.413500	1.141300	1.586000	1.885800	2.050800	4.171500	3.461000	4.380400	4.317600	9.336600	5.678000	5.585200	46.802320
331	5.049300	3.219100	1.161900	0.000000	-0.761800	6.573700	8.004100	2.430100	4.289400	2.445400	2.833300	4.546300	6.177900	5.170100	5.318000	3.844300	18.542100	12.819900	8.142900	9.782400
332	4.497100	2.779000	-0.939400	0.816400	2.544200	7.273600	3.034300	2.529300	3.947100	2.075200	-0.654700	1.536900	2.712900	0.000000	3.871100	2.899400	10.141800	12.185500	7.422700	5.343200
333	5.532600	4.067500	0.000000	4.605500	4.591800	4.935900	4.229200	4.897600	5.394800	3.425000	0.745300	3.260000	5.567000	4.321300	5.785400	3.303300	9.341600	4.162500	2.881200	3.029300
334	0.592400	-0.222400	-1.408300	0.089900	-0.413800	6.272000	-0.530200	0.291500	-0.454400	-0.911200	-2.051200	-0.816900	-0.639200	-0.842500	-1.126200	-1.334500	0.467000	-1.124400	-1.579900	0.000000
335	0.000000	2.395000	4.269300	6.323100	7.711500	14.931800	4.461800	6.522400	3.528300	3.917900	3.801200	4.365000	5.192600	4.755000	5.045500	5.716700	5.615900	5.316700	4.773700	4.512900
336	0.359600	0.524900	0.532300	0.664500	1.002200	1.284800	0.205800	0.632500	0.518600	0.559800	0.644600	0.510900	0.301400	0.445900	-0.554100	0.000000	0.217500	-0.061800	-0.152300	0.146800
337	5.436300	3.629800	3.831100	5.112900	3.521000	3.398700	6.840200	5.264000	3.975300	2.478400	3.662700	7.937200	0.000000	3.708600	4.500900	3.262800	4.030700	3.463400	3.682600	8.611700
338	1.406500	2.417900	1.792100	2.371900	2.895000	1.441600	1.969300	1.245900	0.994800	2.893500	1.887700	2.190200	0.000000	1.840000	-1.909400	0.703100	1.657600	1.671800	1.416000	2.095500
339	3.036000	2.253100	1.509100	2.098100	1.544600	0.952200	2.017400	2.230400	2.249400	2.749700	1.488000	1.884600	1.658600	0.000000	2.908700	2.669700	2.274900	2.274100	2.190700	3.191400
340	0.444200	-0.256000	0.000000	0.626400	0.216300	-0.122200	-0.782400	-0.411600	-0.340000	0.721700	-0.557600	-0.516400	-0.370000	-0.253500	0.329200	-0.033500	-0.186300	0.047000	-0.159800	-0.045700
341	3.595500	2.441600	0.871700	2.297000	1.678000	1.212800	2.363600	2.678200	3.214300	2.774600	-0.017200	2.094400	2.208300	2.149200	1.982000	2.554900	2.116800	0.000000	-0.212800	2.167400
342	5.078200	3.378100	0.116400	0.896500	0.000000	5.118300	7.975100	2.537400	4.500600	3.302300	1.404100	2.180300	5.027700	2.520900	5.600500	3.465700	20.172600	6.968100	5.523900	3.859400
343	1.777200	0.721300	-0.427700	1.151100	0.201500	6.649800	0.709800	0.997200	1.423800	0.968500	-0.496800	0.124500	0.554000	0.662100	0.000000	0.424900	0.831200	0.998000	0.846700	1.498000
344	0.664100	-0.556800	-1.509200	-0.825200	-1.524500	3.534400	-0.940900	0.000000	-0.302400	-0.188700	-1.740400	-1.233200	-0.460700	-0.709000	0.653000	-0.721600	-1.552200	-0.937400	-0.959900	-0.302300
345	5.843800	3.675200	0.000000	2.590500	2.981900	11.501500	7.560900	2.941500	4.448400	3.788600	-0.067300	3.909400	4.956200	3.358600	6.023900	4.651100	13.988500	10.726600	7.329000	6.244300
346	3.436000	2.200900	2.133600	4.027400	3.957800	9.079500	0.000000	3.071800	2.547700	2.981300	1.749400	1.683400	3.590000	2.329800	4.244700	3.096300	2.024300	2.096000	2.024100	2.848400
347	0.812200	-0.046700	-0.187200	0.249500	-0.197300	3.989000	-0.351500	0.549600	0.143500	0.640300	-0.508100	-0.301300	0.000000	-0.364100	0.706800	-0.034900	-0.271700	-0.074400	-0.175300	-0.066900
348	0.601600	0.000000	-1.396500	1.232300	0.396200	3.588900	-0.253800	0.083700	-0.456800	-0.260800	-1.675400	-1.078900	0.300100	-0.343100	0.936600	-0.513800	-0.711300	-1.152000	-1.294300	-1.527300
349	6.013900	4.371500	0.000000	3.430300	4.634000	7.043300	9.267500	3.080800	4.558700	3.717500	0.078000	5.625700	5.666900	4.370000	6.359000	4.955800	15.188000	8.414800	5.225900	55.686800
350	4.114600	2.922200	2.827100	3.148300	3.025800	0.000000	3.549900	3.934700	3.764200	3.542600	3.054700	3.396100	3.015600	3.535100	2.727000	3.865300	3.865000	3.293700	3.327400	3.637300
351	0.247700	0.000000	-0.009500	0.265300	0.237800	-1.590700	0.059700	0.249700	0.236400	0.373600	-0.097200	0.082800	-0.444600	-0.113000	-0.010100	0.269600	-0.003800	0.221800	0.195600	0.542900
352	0.455100	0.142900	-0.363000	0.225600	-0.252400	-0.941800	-0.381900	0.447500	0.285700	0.287400	-0.852900	-0.584500	-0.188100	0.068700	0.271100	0.252200	-1.109000	-0.838600	-1.000100	0.000000
353	4.084500	2.361500	0.440700	0.000000	-0.426500	3.962300	2.717700	1.488800	3.223400	1.506300	1.162500	0.901100	4.249000	3.174300	4.130400	2.510300	3.957600	1.705000	1.540800	3.019600
354	0.695300	0.000000	-0.128300	1.985100	3.152200	1.183100	-0.062200	2.841200	0.636200	0.640200	-0.255200	-0.286900	0.293100	0.195300	1.387500	0.682200	0.318800	0.360600	0.240700	0.499600
355	5.270100	3.821000	0.565400	0.983300	0.000000	5.180000	4.874500	3.128400	4.902500	3.087600	0.954700	4.690700	5.419700	3.790000	4.840500	3.875600	23.132700	15.946700	8.205700	8.419600
356	6.851400	5.482700	2.254400	4.301800	3.646100	7.103800	4.290800	6.234700	6.429700	4.919100	1.956800	4.343000	6.205400	4.945000	7.472200	5.904700	0.000000	4.071300	3.564500	4.974500
357	7.324500	5.061000	1.720000	2.562300	2.391400	8.617600	0.279800	4.815400	6.418400	4.464500	1.632900	0.000000	6.464900	3.932700	6.955500	5.520400	5.305500	0.630700	1.713700	1.806600
358	1.011500	0.000000	5.421500	1.433400	4.466000	1.496200	10.087300	2.512800	1.506700	2.089700	3.349300	10.033600	10.295500	5.268800	4.347800	4.570000	10.018900	16.207400	10.969900	12.147400
359	3.645200	2.483900	0.000000	1.371100	1.586000	5.303800	1.924900	3.305600	2.886500	1.750300	-0.075500	1.386900	2.347500	1.407400	3.584800	3.343700	1.750400	1.263800	0.816000	2.498100
360	0.621700	0.569300	0.235100	0.159500	-0.085700	-0.091300	0.461700	0.253100	0.000000	0.428900	0.154200	0.278600	0.187100	0.395600	0.290200	0.510500	-0.211300	0.197700	0.205800	0.773600
361	4.655100	3.001200	2.708100	0.000000	0.178200	3.234400	11.744400	2.290000	3.613900	2.304100	1.520300	4.710600	6.240800	5.802000	4.753800	3.118400	12.083100	6.571700	2.370200	12.750600
362	0.000000	2.379100	2.472300	2.814000	2.663500	2.058800	2.365500	2.755300	1.407300	2.196000	2.092600	2.354700	2.670400	2.529400	0.553400	2.573300	2.059200	2.294700	1.996700	1.278300
363	-0.065900	-0.004100	-0.106200	0.298600	0.202600	-0.466300	0.013700	0.218400	-0.053600	-0.038700	0.109000	-0.214000	0.000000	0.011500	-0.026800	-0.040800	0.154100	0.044400	0.053800	0.153800
364	0.227500	0.251000	-0.015300	0.050300	-0.006400	2.189700	-0.098400	0.000000	-0.200700	0.164700	-0.196800	-0.237400	-0.025100	0.242400	0.615300	0.281300	-0.168000	-0.350900	-0.398400	0.385200
365	2.982000	3.078100	0.000000	0.036800	-0.566000	1.106400	3.362600	1.849400	3.948200	2.650700	-0.294100	3.028200	3.486300	2.585500	4.095600	2.590500	5.123600	4.968400	5.012100	5.624600
366	2.711100	2.336900	2.305900	3.200900	2.645300	0.000000	2.193700	3.432600	2.579500	2.706900	1.600300	2.109800	2.374100	2.551900	2.202700	2.726800	2.746600	2.176300	2.131200	2.838500
367	0.145700	0.000000	0.020300	0.422000	0.304300	-0.935300	0.035300	0.427100	0.139300	0.070700	0.157200	0.062900	-0.536600	-0.171800	-0.524400	-0.357200	0.432200	0.137500	0.231100	0.474200
368	2.507200	1.706600	-0.266100	1.783200	1.400200	2.892900	0.000000	2.141300	1.391900	0.808500	-0.992800	1.183700	1.785100	0.982700	2.269700	1.330900	0.703500	-0.329000	-0.069200	1.296700
369	0.609600	0.558400	-0.267900	0.413500	0.156000	0.427600	0.099100	0.740700	0.548200	0.428900	-0.272100	-0.047800	0.000000	-0.010900	0.422300	0.523600	-0.299300	-0.596100	-0.645100	0.369300
370	3.667500	2.188200	0.766700	3.857300	3.447600	3.294300	2.019300	5.228900	3.344900	2.592800	1.001700	2.261900	3.346500	2.267200	3.998500	1.998600	0.661800	0.042000	0.000000	1.151900
371	0.150800	-0.166300	-0.432600	0.397500	0.046000	0.382000	-0.397500	0.464200	0.365700	0.040200	-0.335900	-0.592600	0.198500	0.000000	0.476900	0.241200	-0.063600	-0.288500	-0.346500	0.275900
372	-1.173800	1.000100	-0.190200	4.845100	4.459300	4.168600	0.391400	4.388900	1.474800	0.606300	-0.310900	-0.117000	0.915500	0.705400	1.686500	0.486500	0.386100	-0.578900	-1.004400	0.000000
373	3.949500	2.794700	2.503100	0.000000	-0.268400	5.295800	16.953700	2.296200	3.042900	1.125800	2.507400	7.029800	5.932200	5.352700	5.062900	2.997400	25.817400	16.257600	10.312700	32.993790
374	1.670000	1.060800	0.675500	1.465600	1.325600	0.509300	1.162700	1.491200	0.395800	1.110300	0.869200	0.866200	0.866200	1.023100	0.000000	0.809000	1.234300	1.348400	1.136500	1.026800
375	2.686400	1.490100	-1.344200	1.204500	0.654100	5.350400	0.169200	0.448700	1.740600	0.990500	-1.223200	0.000000	3.025400	1.494000	3.811500	2.227500	0.628000	-1.852000	-1.350100	2.134700
376	4.901300	3.289700	0.564700	0.087700	-0.300700	5.720700	3.086500	1.704800	3.497500	2.081500	0.113100	2.339700	3.199400	3.003500	3.909300	1.661600	-0.416600	0.000000	-1.059400	1.999200
377	4.008300	2.814900	-0.240500	0.000000	-0.957500	4.442300	1.849800	2.357600	3.865000	1.996400	1.042800	2.326800	5.328400	3.725500	4.641600	1.449000	8.053800	7.016000	5.681100	8.681000
378	5.568500	3.922500	0.000000	1.379300	-0.214200	7.074000	2.386000	3.472700	4.075300	3.330200	-0.433300	2.903300	3.344200	3.333400	3.701700	4.026200	1.056300	0.269700	0.103600	2.824200
379	-3.065700	-1.615200	-3.351100	-1.736200	-1.359600	-0.664900	-1.243300	-2.777500	-0.865300	-2.150800	-3.524400	-0.928600	-0.651400	-0.911300	0.000000	-0.989500	8.451600	3.396500	0.680700	0.933700
380	0.703400	0.368600	0.102400	0.652900	0.914700	0.086400	-0.265000	0.972800	0.709700	0.386600	0.002300	-0.531900	0.676900	0.327000	0.287600	0.000000	0.494600	0.223000	0.157700	0.218500
381	0.000000	3.055500	6.618000	7.085100	7.127000	4.180700	6.035300	4.545700	1.611000	4.813600	4.104000	6.790700	5.929600	6.491900	5.278600	5.227500	9.868300	10.128900	8.716800	21.511100
382	-1.105400	0.144900	0.300000	0.331300	1.862100	3.237300	0.037800	0.017200	0.272500	0.091400	0.322200	-0.052200	-0.121500	0.000000	-0.195600	-0.279900	0.224300	0.121500	0.176900	0.029900
383	0.000000	2.903500	2.174900	3.144200	2.595200	4.503900	3.598500	3.076000	2.253900	2.729600	1.379600	3.425900	2.795000	2.211000	1.301900	2.315900	0.146300	2.191400	0.129900	2.528300
384	0.000000	3.597200	3.699800	5.740700	7.294100	8.250500	2.863700	4.554800	3.480800	3.587900	3.668400	3.590100	4.550000	3.945700	3.496400	3.804000	5.421100	3.798500	3.857200	4.745500
385	1.183700	1.198100	0.442800	1.798100	1.493400	3.023100	0.765400	1.306800	0.000000	0.968200	0.248600	0.758600	0.848600	0.622400	0.479300	0.228600	1.287600	1.322000	1.199300	1.099500
386	0.000000	2.465300	1.217200	2.291800	1.854900	5.538900	0.785900	1.147700	0.589400	1.043200	1.019500	0.534800	0.415400	0.579900	-0.481800	0.464500	1.041400	1.118900	0.828900	0.908500
387	-0.319900	0.206700	-0.245800	0.874600	0.641700	-0.865200	0.012400	0.801000	0.313300	0.133100	-0.328100	-0.308100	-0.206700	0.000000	-0.329700	-0.086900	-0.483000	-0.420100	-0.617400	0.044300
388	1.113600	0.750200	0.072400	1.174000	0.678500	1.761300	0.000000	1.830000	1.319800	0.964800	-0.094500	0.453700	1.672200	0.770500	1.573000	1.184300	0.290200	0.205000	0.108600	1.141800
389	5.364400	4.844200	2.554200	3.944000	4.677700	2.886400	7.132100	5.315200	5.025900	4.519900	1.986000	5.304000	6.511400	4.026800	6.682700	5.666700	0.384200	3.627800	0.000000	3.417200
390	3.290100	3.104000	2.598100	2.813400	2.371500	1.795700	2.909600	2.839500	3.524800	2.741300	2.097600	2.589500	2.197400	2.947900	0.000000	1.836700	2.938500	2.936500	2.783200	3.355400
391	4.297100	3.631400	0.940200	3.230700	2.858500	2.468400	3.582800	3.255400	3.734000	3.351400	0.637300	2.888100	3.378800	3.174700	3.623400	3.284400	0.000000	0.901200	0.046600	2.896900
392	1.228300	0.773700	1.048000	1.461800	0.934900	1.049200	0.189900	0.367200	0.000000	1.165700	0.819500	0.296300	1.054900	0.477500	1.263100	0.711300	1.327200	1.330400	1.245800	0.868800
393	2.484800	1.188000	0.000000	2.671000	2.747900	7.004200	1.789800	2.370100	1.628200	1.737400	-0.134900	1.305700	2.044700	1.853500	2.983700	2.302600	3.058200	1.773600	1.393200	2.824300
394	3.878500	2.920700	0.000000	2.489000	2.080100	3.914000	5.246600	2.180700	3.312900	2.709000	-0.282500	3.914400	3.585800	2.762600	4.204700	2.895800	4.781000	5.093500	5.032000	3.632900
395	0.271400	0.111900	0.205800	0.448700	0.359300	-0.724800	-0.351200	-0.406400	-0.368200	0.168900	-0.162500	-0.295700	-0.381100	-0.072400	-0.368900	0.000000	0.050300	0.274700	0.259600	0.110600
396	0.000000	2.334500	4.166900	5.228400	5.121400	6.832200	2.881700	4.110200	3.395200	2.311600	3.934300	3.358900	3.891800	3.496300	3.925600	1.905800	3.968200	3.937300	3.913500	4.076400
397	1.045300	0.246000	-0.353700	0.875900	1.137100	3.384900	-0.045600	-0.130900	0.787800	0.402100	-0.381000	-0.499800	-0.464000	0.000000	1.230400	-0.875300	1.252500	1.067400	0.815100	0.106600
398	0.100700	-0.045400	-0.317600	-0.153600	-0.204100	-0.497500	-0.753700	-0.221000	0.000000	0.019300	-0.310500	-0.602100	-0.795400	-0.293900	-0.945500	-0.068400	0.089400	-1.992000	-1.170700	0.138500
399	2.866200	2.472000	0.000000	2.225700	1.719600	4.048100	1.177500	1.959500	2.954800	2.093700	-0.371700	0.614900	3.047000	2.267200	3.623000	2.728800	3.882500	4.854700	4.414600	3.890900
400	0.000000	-0.348100	-0.202300	0.242000	0.041800	-0.783000	-0.953800	-0.323100	-0.803000	-0.083300	-0.481600	-0.898000	-0.698300	-0.641800	-0.205300	-0.576800	-0.422000	-0.072400	-0.143500	0.029100
401	0.703600	0.170900	-0.506900	0.323200	-0.000900	1.184800	-0.057700	0.914100	0.895900	0.018700	-0.642400	-0.176700	0.045800	0.307800	0.267700	0.000000	0.084700	-0.553200	-0.949800	0.349200
402	3.433800	1.805900	-0.272500	0.000000	-0.544300	5.146300	6.317800	0.822100	3.235500	1.210800	0.811100	3.978400	1.060100	2.863300	2.453700	2.167300	6.906200	7.119900	5.901300	3.567800
403	5.144700	3.624200	0.000000	0.965600	-0.064700	5.107400	3.637100	2.940900	4.716200	2.766600	0.461800	2.482800	4.617000	2.812900	5.187900	2.585300	10.457800	2.853600	-0.044400	2.509500
404	5.901200	4.082100	0.000000	2.831200	2.207500	8.435800	8.185900	4.721300	5.369200	3.955600	0.822800	4.670000	3.643400	4.586400	3.842400	3.027700	5.199100	4.598300	3.790000	35.320680
405	0.073400	0.000000	1.667700	1.341100	3.317800	5.959800	1.185200	1.123100	0.002400	-0.106500	-0.456100	0.783400	5.039400	2.025000	4.666900	1.601900	2.523700	2.077900	1.839700	0.819100
406	0.000000	2.806000	12.640900	7.006400	9.662000	8.535000	11.442600	8.423300	5.459700	5.089400	7.559800	9.200900	11.553000	10.609900	10.512700	10.930000	27.574100	26.395900	23.541500	33.274100
407	0.000000	3.948600	8.982400	11.636800	14.573300	12.491600	7.393700	9.713600	5.871300	5.157000	9.136200	7.911600	8.403800	7.447400	6.984800	5.913400	8.027600	9.600400	8.229400	8.203000
408	4.676100	3.550300	0.000000	2.590900	0.489000	3.297900	9.461200	2.242500	4.079400	2.881400	0.399900	4.784400	5.505900	4.121000	5.409300	3.047600	9.355000	10.525500	6.522100	5.576700
409	0.000000	1.797600	1.259400	2.481000	3.730000	4.305500	2.113500	3.280000	1.899200	1.564100	1.134500	2.003200	2.703300	1.921600	2.198800	1.492300	3.698800	2.671100	2.854100	1.801600
410	1.036000	0.000000	-0.479500	0.533000	-0.187000	-1.576900	-0.065700	0.956400	0.199200	0.501000	0.351900	-0.213300	0.368800	0.153100	0.802900	0.021900	0.179000	-0.136200	-0.173100	0.212900
411	0.103300	-0.089000	-0.156400	0.295900	0.144800	0.822900	-0.219000	0.264400	0.027300	0.059600	-0.117300	-0.233900	-0.144500	0.042700	0.000000	0.036000	-0.796200	-0.267400	-0.262400	0.081000
412	2.242900	2.743600	1.547900	2.662000	1.345500	3.442500	1.741900	1.710000	2.093500	1.682100	1.686700	1.970200	2.915700	2.641100	1.865800	0.000000	2.121500	2.135000	2.426000	2.402100
413	0.927500	-0.096100	-1.188600	-1.331200	-1.295600	2.331600	7.506000	0.571100	0.719200	0.000000	-1.941000	6.872000	3.719400	0.876200	2.460000	0.887000	21.487100	14.422600	11.156500	16.103600
414	-0.180200	-0.148100	-0.469300	0.000000	-0.367600	-0.830900	-1.295900	-0.043200	0.100900	0.151600	-0.256200	-1.275000	-0.369600	-0.023000	-0.083400	-0.043500	-0.484100	-1.227100	-1.138500	0.191700
415	1.226900	0.184500	0.016300	0.579300	0.030400	-0.951400	0.520000	0.575500	0.520700	0.865300	-0.308700	0.196800	0.000000	-0.177800	0.664400	0.903200	0.335900	0.019700	0.009800	0.786600
416	2.048200	0.000000	6.064800	2.464600	5.875300	2.819400	12.450000	2.768500	1.784500	2.497600	6.372700	8.808200	7.979200	8.525300	8.676400	6.342800	7.637900	8.551500	7.545600	53.902980
417	1.525000	0.000000	3.029300	1.273800	0.695900	3.603900	1.560800	0.518700	-0.697300	1.017600	-1.601300	-0.547400	3.195700	1.617800	4.149400	3.928200	16.544800	9.836800	10.011400	50.266050
418	-0.381800	-0.106600	-0.481200	1.282200	0.589300	2.259700	0.046500	1.455700	-0.608400	-0.021000	-0.505900	-0.376900	0.107700	0.000000	0.796000	0.034700	1.132400	1.264900	0.758400	0.940000
419	2.639100	1.171100	-0.486000	0.045500	2.542000	4.817700	0.391300	0.000000	0.989000	0.671600	-0.215000	0.501400	1.744800	0.733200	3.241900	1.570500	4.033900	8.476600	5.721600	5.482600
420	0.000000	3.412500	3.257300	4.840100	4.421900	7.065900	3.159400	4.741500	3.640900	3.429200	2.701400	3.147500	3.145900	3.351100	3.260900	3.390100	2.716000	2.850600	2.760900	3.338400
421	1.593900	0.342800	-0.281500	-1.686700	-1.015900	0.290200	5.716900	-0.092500	0.353700	0.000000	-3.013100	2.006300	2.554100	1.573100	2.760700	0.122200	9.258300	4.878200	3.069700	1.101100
422	0.890500	0.000000	-0.343700	0.494800	0.795400	2.612600	0.616600	1.336100	0.308300	0.669000	-0.527500	0.295900	1.562400	0.213400	3.151800	0.914200	4.247800	1.910900	1.211500	22.403900
423	0.000000	5.509400	17.161100	19.689200	20.296100	10.140000	21.443700	16.572400	6.592100	9.933100	16.000400	15.634600	19.097700	18.102800	15.589500	13.683900	35.672360	26.428100	23.647200	66.232200
424	5.852600	4.169700	0.000000	2.553000	1.784100	6.045900	5.212200	3.712800	4.287300	3.507000	0.736900	3.446100	5.378800	3.769700	6.007100	3.563900	11.433100	9.563400	6.476300	4.141200
425	2.150100	0.894000	-0.827300	-2.015300	-1.255600	4.015600	1.933100	-0.398300	0.733400	0.131700	-0.555100	0.694800	0.063300	0.394700	0.000000	-0.562500	3.812500	7.418100	6.410900	3.539400
426	6.935100	5.850500	1.975400	3.179900	2.879500	5.654000	7.128600	5.203900	6.579300	5.016800	1.591200	4.911700	6.106100	4.980800	7.605800	5.663700	2.744900	1.401600	0.000000	4.293400
427	-1.187500	-0.731300	-2.777600	-0.492200	-1.256800	-1.772400	-1.636500	-1.024400	-0.672700	-0.976100	-2.567400	-0.869400	-1.085400	-1.031900	-0.399900	0.000000	1.871400	2.654100	0.223000	1.228000
428	0.698100	-0.224600	1.838800	-0.020200	-0.189700	-1.443500	0.900100	0.134400	0.000000	0.286400	-0.108900	-0.009700	0.916400	0.200700	2.234000	0.624300	1.846600	1.513400	1.264700	0.329700
429	0.321900	0.000000	-0.101800	2.331400	1.171300	-0.701900	-0.388100	1.761700	0.095100	0.528300	0.088600	0.173200	0.351800	0.262700	0.847800	0.888700	0.165900	0.388400	-0.250700	0.710900
430	3.969100	2.397200	-0.511000	0.000000	-1.226200	2.966500	6.455300	2.264800	3.613000	1.910000	0.608900	4.393700	5.383600	4.225900	4.876700	3.288100	18.628400	20.262600	12.232400	32.663390
431	4.447400	3.658900	2.739500	2.794600	2.617700	11.345300	6.588800	3.007200	4.021900	3.394300	4.905500	6.113700	0.000000	3.614200	4.051000	4.899000	13.884700	8.727200	8.602100	7.629300
432	0.947500	0.318000	-1.052900	-0.266500	-0.755700	1.357400	-0.576300	-0.001800	0.000000	0.267300	-0.832700	-0.766800	-0.111500	-0.400700	0.449700	0.471700	-0.062200	0.261600	0.307700	0.690600
433	1.620900	0.838400	0.352900	0.739200	0.307400	2.623900	-0.275900	1.387700	0.862400	0.961000	-0.076400	-0.227700	0.525700	0.000000	1.024100	0.529400	0.257300	0.345000	0.162000	0.336300
434	2.591400	1.701500	0.860000	1.210600	0.599800	0.000000	1.557900	1.595500	2.473800	2.008300	1.232400	1.248600	0.404000	0.906700	1.922400	1.494100	1.489400	0.960200	0.377000	1.467800
435	0.000000	3.962700	6.114300	9.291300	10.021200	9.864900	5.551100	8.980700	4.877500	5.103100	5.330400	5.851800	6.364300	6.463900	9.947800	6.100400	11.866700	10.259700	9.983700	59.516800
436	2.788800	1.923200	0.642400	0.823300	0.000000	7.235300	0.856600	1.682800	2.320100	1.602700	0.680900	0.831500	1.465100	1.494500	2.174700	1.894700	1.193700	0.897500	0.741000	1.382400
437	5.559800	3.990600	1.320200	2.255700	1.614600	4.166400	1.850300	3.159700	4.453900	3.899500	0.984900	0.000000	7.142900	4.030500	7.376900	3.867200	9.333700	5.405100	1.483300	1.786000
438	5.400500	5.115400	3.663000	4.610500	5.134600	11.379400	4.805200	3.941700	5.178200	4.292900	4.073800	4.380600	1.519600	4.340800	0.000000	3.096000	4.869400	4.138500	4.069400	3.746600
439	0.805400	0.000000	-0.733500	0.041900	-0.186400	-1.750600	-0.391700	0.457400	0.570200	0.416200	-0.870300	-0.466700	-0.457200	-0.181800	0.110500	0.101800	-0.367200	-0.604600	-0.731400	0.066900
440	0.335500	0.248600	-0.205700	0.453500	0.344400	0.499600	0.000000	-0.386300	-0.182000	0.330400	-0.234600	-0.195500	-0.404400	-0.224200	-0.254600	0.411500	0.072500	0.086900	-0.033000	0.484100
441	2.667900	1.192800	0.000000	0.918600	0.620300	2.935200	0.154300	1.667300	2.501600	1.747400	0.641400	0.702200	1.930000	1.221300	2.826400	2.258200	1.655800	1.002600	0.788700	2.315800
442	5.515800	3.978300	0.000000	1.645500	0.438700	7.105500	5.948700	3.989000	5.193800	3.961400	0.259400	2.296400	4.342000	3.283400	5.318600	3.890200	6.110000	4.239900	3.188300	2.738700
443	0.946600	0.000000	-1.167100	0.054800	-0.686500	3.461700	-0.590200	-0.047200	0.069200	0.299800	-1.419900	-0.905300	0.081300	-0.359400	0.777500	-0.167600	-0.254700	-1.407000	-1.195800	-0.122500
444	0.835300	-0.393300	-1.115700	0.232900	-0.500900	5.440600	-0.528800	0.220100	0.000000	0.318000	-0.794200	-0.751200	-0.299400	-0.824600	0.112000	-0.390200	-0.563000	-0.324800	-0.398400	-0.001400
445	3.889200	1.844000	-0.124800	0.000000	0.165800	6.016800	8.666300	1.915600	2.713600	1.686600	1.280900	3.833500	4.264600	2.720900	4.645200	4.070900	21.217200	11.469200	11.546700	14.746900
446	5.386000	4.190500	1.065900	4.833100	4.863000	7.151700	4.751000	4.165300	4.533500	4.423400	0.751100	4.030100	5.790500	3.915700	6.298700	4.061600	4.118500	3.706900	0.000000	2.626400
447	0.874000	0.210500	-0.072300	0.691900	0.153000	4.552100	0.225400	1.115300	1.074800	1.085200	-0.016300	0.239000	0.375400	0.000000	0.964100	0.427000	0.021200	0.278800	0.151200	0.777000
448	0.697200	-0.439600	-1.457700	-1.044700	-1.639200	2.298000	-0.904600	0.000000	0.141200	0.154800	-1.338700	-1.109800	-0.042600	-0.293300	0.889900	-0.384700	-0.959900	-0.917600	-1.311900	-0.942000
449	4.261000	3.256500	0.000000	3.649300	2.603800	6.499400	4.184500	3.585700	3.655900	3.338200	0.089300	3.479000	4.420600	2.685300	5.296800	3.455100	10.330800	9.527200	3.174400	4.032100
450	1.648800	1.123000	-0.617800	1.016100	-0.119000	2.136300	0.000000	1.854900	1.408100	1.171800	-0.995000	0.054300	1.309500	0.947100	2.107100	1.218100	1.450900	-0.838400	-0.727400	0.844400
451	-0.200200	0.000000	-0.576500	0.991200	0.367800	5.672100	-0.453700	0.151400	0.035000	0.093400	-0.576500	-0.575100	0.862300	0.156400	0.736300	0.329000	0.894600	1.264800	0.815900	0.952500
452	3.680800	3.859800	3.999600	3.766200	4.035400	5.804900	5.234000	4.137800	4.570400	4.286500	2.120100	5.182700	4.175000	3.370800	3.460500	4.024300	5.446400	0.000000	0.598300	3.752500