SITE	GLY	ALA	LEU	VAL	ILE	PRO	ARG	THR	SER	CYS	MET	LYS	GLU	GLN	ASP	ASN	TRP	TYR	PHE	HIS
3	-0.005910	-0.015830	0.021830	0.008020	0.085960	0.000000	-0.478370	-0.201600	-0.315750	-0.055390	-0.001880	-0.294640	-0.724440	-0.588570	-0.801550	-0.496950	-0.017480	-0.193210	-0.273170	-0.414410
4	0.129710	0.000000	0.193990	0.598390	0.531320	-0.144680	0.015310	0.503250	0.097110	0.220180	0.214020	0.134270	-0.546040	-0.130580	0.255950	0.263930	0.353760	0.228150	0.232900	0.350530
5	2.292091	1.741560	0.000000	1.168760	0.924580	1.878420	1.871670	1.660720	1.896900	1.592350	-0.260490	1.442500	2.308410	1.527510	2.621453	2.014230	0.862230	2.587352	-0.019370	1.377280
6	0.380300	0.000000	0.276190	0.798100	0.694540	-0.849420	0.192730	0.728120	0.342900	0.533400	0.372070	0.256050	0.216180	0.256840	0.484820	0.490580	0.436290	0.398740	0.402520	0.579640
7	-0.246820	-0.587650	-1.472730	-0.740660	-1.007810	-0.337950	-1.021230	-0.899160	-0.599550	-0.636900	-1.333260	-1.372590	-0.458880	-1.196350	0.000000	-1.201700	-1.753350	-2.785820	-1.621170	-0.739660
8	3.854931	2.451139	0.974820	0.000000	-0.293620	5.271720	2.134230	0.699600	2.693251	1.671390	1.088020	1.647330	2.576118	2.465642	3.418383	2.944175	4.246624	1.583020	1.390320	3.598707
9	4.580691	3.617111	3.538936	5.110670	6.112020	1.784830	4.080827	5.857210	4.641293	0.000000	3.820784	3.872800	4.565256	3.712271	5.922520	5.006390	4.178365	3.501503	3.246755	4.674060
10	1.485910	0.750960	-0.819540	1.417780	1.321290	4.013459	0.000000	0.696600	1.160870	1.295060	-0.903650	-0.230160	1.252120	0.836830	3.113380	2.171700	1.275820	0.233990	-0.142820	1.655400
11	-0.673840	-0.445130	0.179510	1.188700	1.047010	2.530052	0.113900	0.000000	-0.756730	-0.481500	0.189040	-0.019790	0.025310	0.121600	0.105490	-0.244010	0.356460	0.127960	0.122380	0.305410
12	0.221970	0.010730	0.046030	1.131450	0.911760	2.807630	-0.017920	-0.122350	-0.708550	0.371380	-0.035770	0.000000	0.187470	-0.072280	0.013150	0.045140	0.416620	0.290790	0.227290	0.496810
13	5.195420	3.530047	0.000000	3.561738	2.570130	6.913050	8.307310	3.653801	4.075003	2.707640	-0.210790	4.565116	5.036960	3.972383	5.395670	3.303391	18.317870	13.995750	7.976680	6.431150
14	2.649371	2.397739	2.655275	2.169020	2.246163	0.000000	3.502411	0.308900	1.254730	1.695310	2.777785	3.242875	1.240950	2.853292	-0.529740	2.641576	2.889768	2.014440	1.834390	3.048260
15	0.094890	-0.419210	-0.552580	0.019670	-0.354520	-2.157050	0.035470	0.065030	0.000000	0.239450	-0.590640	-0.361020	-2.763670	-0.622800	-0.748310	0.034630	-0.159400	-0.095960	-0.112520	0.159430
16	1.724810	0.357870	-0.672740	-0.509360	0.498240	-1.543190	0.366260	0.422290	0.918060	0.372010	-0.696440	0.000960	-0.871700	0.000000	-0.139850	0.217520	-0.221080	-0.230510	-0.545030	1.149890
17	1.833880	0.000000	4.473030	-0.816440	3.897266	0.507310	11.938810	1.177470	2.128490	0.262020	5.131697	10.544070	4.528854	4.439562	4.149759	3.098520	12.905890	11.215910	4.966425	9.049040
18	1.133710	0.098480	-0.687360	-0.052520	-0.567450	1.091490	-0.185830	-0.401080	0.350850	0.322580	-0.635190	-0.015710	0.089350	0.000000	0.658060	0.008180	-0.283190	-0.031460	-0.054360	0.607990
19	0.800280	0.054170	-0.617700	0.158540	-0.338970	2.965470	-0.048080	0.526440	0.409030	0.632490	-1.192160	-0.307350	-0.395610	-0.412720	0.000000	0.331260	-1.264600	-0.753910	-0.840410	0.304230
20	2.613970	0.761120	-1.771920	-1.354270	-2.033910	3.155780	0.773700	0.000000	1.244760	0.361700	-2.339690	-0.328510	1.700330	0.320990	2.502170	1.247160	8.214840	9.883720	6.148630	34.845870
21	4.060825	3.130811	0.000000	2.137850	0.688120	5.766340	2.978591	1.908150	3.258604	2.906655	0.361230	2.591384	3.756796	2.693535	4.630150	3.720740	3.293351	3.450936	3.805663	4.327237
22	1.115370	0.000000	-0.009890	0.994120	0.371580	2.109050	0.556050	0.123750	0.320540	0.894450	-0.500500	0.382910	0.321660	0.376350	0.750370	0.660130	0.181610	0.108250	-0.143520	0.845000
23	2.340850	1.093440	0.000000	0.500910	-0.019550	3.474560	0.987570	0.994920	1.377890	1.817060	-0.260920	0.737370	1.511210	1.184790	2.250890	1.827970	0.173460	0.781270	0.517200	1.580050
24	3.992775	2.712387	-0.548370	1.412070	0.000000	5.729070	2.133570	1.611350	2.965898	1.597500	-1.046830	1.869250	2.914174	1.748840	3.605957	1.196440	1.994310	1.085610	1.772080	2.783944
25	0.836070	0.000000	-0.268750	0.808890	0.537960	2.777419	-0.909590	0.553760	-0.077070	0.456140	-0.510620	-0.027420	0.175130	-0.087110	0.660870	0.007770	-0.206760	0.094990	-0.447620	0.434300
26	0.282870	0.538620	-0.049860	1.375480	0.653860	3.329551	-0.373490	1.839370	0.698560	0.764460	-0.157700	0.000000	0.978230	0.335080	1.290210	-0.070910	0.081700	-0.141400	-0.226490	-0.507480
27	-0.087830	0.792480	0.755360	2.281340	3.395033	5.359990	-0.136330	1.624620	0.768760	0.620570	0.688130	-0.725560	0.446790	0.051860	0.440240	0.000000	0.607070	0.571440	0.666610	0.090350
28	0.000000	2.448609	8.531230	6.251910	10.241130	9.137200	4.269655	6.192610	4.481580	4.153614	5.618730	4.444280	4.734350	5.697090	9.447370	8.497920	10.746230	8.697550	8.169980	10.016450
29	0.770240	1.492680	1.688870	2.091720	2.126970	0.000000	1.363540	1.633730	1.189670	1.303710	1.717890	1.268180	1.258390	1.362500	0.956420	1.267100	1.932510	1.665840	1.618840	1.584100
30	3.667498	2.824770	0.007240	2.000740	2.028970	2.857170	2.437970	2.451700	3.787409	2.380700	-0.585760	2.252210	2.701940	2.300790	4.354900	3.174550	0.252610	0.000000	-0.839850	2.107890
31	1.931420	1.185500	0.529240	1.591740	1.021540	0.000000	0.725300	1.684190	1.672260	1.043060	0.274320	0.719690	0.543530	0.672790	1.301490	0.821680	0.198370	0.839300	0.725810	1.013860
32	3.174956	2.489679	1.094150	1.754510	1.352840	6.610900	1.599140	2.864487	3.077766	2.381752	0.670220	1.404300	2.366867	2.141080	2.529298	2.165600	0.000900	0.000000	-0.538170	1.763620
33	0.064480	-0.264280	-0.223340	0.074460	0.126550	-1.037980	-0.079840	0.025010	0.070870	0.124190	-0.255950	-0.124760	-0.221110	-0.177430	-0.053670	0.000000	-0.169390	-0.138610	-0.175870	0.175530
34	0.675600	0.300140	-0.219680	1.284550	0.766200	-0.340910	0.000000	1.258800	0.706960	0.393630	-0.153290	-0.211350	-0.271780	-0.297500	0.438680	0.555120	0.003510	-0.461940	0.068200	0.840990
35	6.257510	4.515414	2.136120	3.892104	3.843660	8.764700	6.968820	5.098980	5.131363	4.135826	2.343250	5.490451	3.237540	4.121940	0.000000	4.094336	16.905230	22.409030	17.949030	41.647030
36	0.000000	3.587920	2.686830	4.769568	4.961585	7.753590	3.232760	5.150949	4.100169	3.052670	2.671190	3.226650	3.270990	3.482070	3.593550	3.436090	3.097420	3.021310	2.478840	3.430640
37	0.525680	-0.067400	-0.326910	0.000000	0.058010	2.693299	0.073400	0.492810	0.139960	0.277740	-0.150060	-0.068510	-0.175210	0.262390	-0.384260	0.362640	0.386790	-0.513460	-0.763170	0.501480
38	0.982360	0.496410	-0.131440	0.000000	0.041670	-0.971410	0.441100	0.474380	0.773470	0.620180	0.096000	0.352190	-0.041230	0.629340	0.582690	0.861270	0.438900	0.305780	0.257030	0.800380
39	5.255770	4.023272	0.734590	3.939170	3.701605	13.201790	3.274785	4.079604	4.976260	3.498273	0.857460	2.404530	3.392926	1.804370	3.742359	3.032598	1.534390	0.662950	0.000000	1.017180
40	0.426050	0.096850	-0.473980	0.376420	-0.059560	-1.117950	-0.354860	0.776000	0.322260	0.088720	-0.375730	-0.319450	0.000000	0.083830	-0.085630	0.362450	-0.332560	-0.618620	-0.684150	0.240970
41	1.029370	1.507120	3.300732	2.400540	3.865634	7.749550	6.245220	1.892070	2.124940	1.146780	1.183950	9.235700	0.995420	4.423825	3.094490	0.000000	10.237370	7.766040	5.650220	23.077800
42	0.542050	0.193200	0.057420	0.470210	0.228290	-0.334840	0.000000	0.590690	0.493580	0.582470	0.123400	0.059160	0.491280	0.163140	0.845490	0.539520	0.551410	0.132190	0.313740	0.675590
43	-0.078800	-0.067050	-0.016070	0.417200	0.459230	0.282900	-0.018400	0.553010	0.031680	0.194950	0.052740	-0.053800	0.000000	0.095220	-0.217200	-0.200560	0.142080	-0.146120	-0.245130	0.124020
44	-0.847350	-0.547960	0.408180	1.214240	3.290015	6.018300	0.488810	1.134360	0.000000	-0.193440	0.479770	-0.068580	0.479940	0.199180	0.764010	0.522750	2.067470	1.618690	1.827240	1.017950
45	0.974440	0.555660	0.178100	0.155110	-0.066380	0.782080	0.000000	0.321540	0.871290	0.518510	-0.238640	-0.444210	0.501010	0.000870	0.931740	1.116500	0.207710	0.416560	0.717830	1.432780
46	5.398538	4.372300	0.000000	2.704240	1.813230	3.537000	5.817115	5.170961	5.334184	3.617650	0.456900	5.407825	4.260840	2.982360	5.024709	3.482300	14.673770	12.094490	8.739280	4.470260
47	2.887877	2.354560	2.194540	2.732650	2.193970	0.000000	2.670744	2.878605	2.491744	2.907090	2.510605	2.183260	2.247110	2.357450	2.575640	2.713022	2.457738	2.488289	2.135460	2.637636
48	0.510110	0.256160	0.517910	0.574400	0.535200	-0.802200	-0.059960	0.391660	0.446760	0.529920	0.542130	0.000000	0.015580	0.292350	0.245110	0.530190	0.626900	0.502190	0.478950	0.639980
49	2.205110	1.169170	2.653071	1.133720	2.085530	4.237620	0.011560	1.629480	1.263100	0.907140	-0.553590	0.000000	0.547610	0.795470	0.589970	1.006750	-0.451720	-0.473200	-0.755310	0.785200
50	0.000000	0.003900	-0.574380	0.294460	0.032210	-0.898980	-0.188700	0.370240	0.073550	-0.001120	-0.960350	-0.456300	-0.957720	-0.643490	0.037830	0.216500	-0.613060	0.048690	-0.295780	0.049440
51	0.272460	-0.000540	-0.399230	-0.107210	-0.200640	-0.405020	-0.285040	-0.110020	0.065060	0.054980	-0.707550	-0.326380	-0.120200	-0.222380	-0.089640	0.000000	-0.829470	-0.707470	-0.773510	-0.205430
52	0.000000	3.236186	2.627843	4.041591	3.673643	5.536640	3.014569	4.213749	3.680119	2.634748	2.428623	2.867143	2.914444	3.103904	3.450386	2.625383	3.434787	2.672632	2.608636	3.928585
53	5.386320	4.124106	4.179170	4.107873	3.656100	8.379990	4.579940	3.636715	4.476740	4.677760	2.862278	4.220450	4.758710	4.638440	5.303250	3.860889	4.435670	0.000000	0.846810	3.944353
54	6.461570	4.740092	1.576360	3.576111	2.836830	5.388170	4.785973	4.425712	5.281590	3.962850	1.399360	4.140047	5.399730	5.094220	6.307940	3.970421	3.210900	0.000000	0.188790	2.746260
55	2.444675	1.522040	0.004650	3.014922	3.288562	3.484825	-0.531420	2.382531	2.146650	1.349130	0.108750	-0.449460	1.357980	0.015600	3.437390	0.872060	0.486830	-0.119600	-0.155420	0.000000
56	2.604880	1.639480	-0.725460	0.934180	0.595500	4.444972	0.629000	0.795180	1.983560	1.516680	-0.035170	1.210990	0.000000	0.838000	3.078170	3.088190	7.599230	13.070070	7.691970	24.475410
57	6.139440	4.488544	1.847170	1.743050	0.744230	7.165930	4.073360	4.098240	4.784764	3.846150	1.199180	3.169400	4.678308	3.548660	6.324170	4.957649	0.935030	0.660560	0.000000	3.410960
58	3.941630	3.274920	2.036490	1.764720	1.072200	4.886977	4.420930	0.000000	1.337540	3.111600	1.578910	4.964515	6.584750	3.607000	4.351984	2.732550	3.517220	4.397757	3.408250	2.732500
59	4.936240	3.003018	3.386399	0.000000	0.418090	4.293306	11.639640	2.640250	3.979334	2.490070	2.680810	7.965490	6.239540	7.063550	4.706900	4.394362	22.743940	16.553140	13.510940	12.523280
60	1.359310	0.432510	-0.337010	0.000000	-0.335310	-1.755900	0.070220	0.757610	0.709740	0.616080	-0.940250	0.011560	-0.595650	0.156380	-0.878300	0.240730	-0.035410	-0.403960	-1.075550	0.408210
61	0.368080	-0.078180	-1.028960	-0.809550	-1.306730	1.026580	0.030130	0.000000	0.381870	-0.384180	-0.873860	-0.238630	-1.232930	-0.545440	-0.852950	-0.390580	-0.545860	-0.475110	-0.498780	-0.140320
62	2.129070	1.739490	1.504040	1.899590	1.781790	0.000000	1.645020	2.076940	2.104640	2.060760	0.995840	1.359480	0.504470	1.511500	1.817280	2.090580	1.736380	0.879390	1.365890	2.253300
63	0.000000	-0.079700	-0.576290	-0.183830	-0.440530	-0.320590	-0.382170	-0.037640	-0.113110	-0.112790	-0.800480	-0.497790	-1.078770	-0.803300	-0.664450	-0.510580	-1.290430	-0.984220	-1.110750	-0.302690
64	0.017870	-0.323390	-0.714660	-0.514140	-0.164590	0.593190	-1.016170	-1.483780	0.000000	-0.253050	-0.654880	-1.266890	-0.861540	-1.030730	-0.672140	-0.552700	-0.759840	-0.676080	-0.696920	-0.639160
65	0.024370	-0.198400	-0.148070	-0.074160	-0.163320	-0.474010	-0.322140	-0.101370	0.035400	0.038920	-0.154240	-0.261610	-0.634420	-0.579200	-0.007960	0.000000	-0.030590	-0.499850	-0.623710	0.072610
66	0.465900	0.432610	0.560870	1.222420	0.742480	0.889570	0.695940	1.234570	0.041630	0.537930	0.529830	0.047340	0.012080	0.712460	0.000000	0.511510	0.670450	0.804400	0.240230	0.751620
67	3.124807	2.326580	1.348870	1.977990	1.396800	2.065370	0.000000	2.314490	2.977090	2.539760	0.762070	1.550320	1.873880	1.722460	1.881490	2.041110	1.503340	1.961700	1.939970	2.581900
68	0.000000	4.658192	11.448060	9.408940	13.776150	10.780840	10.022300	8.231380	6.140820	7.682620	9.295100	9.618350	6.548100	9.543730	6.336590	7.539350	10.159420	7.912520	7.505400	27.260650
69	0.543590	0.148660	-0.803010	-0.138270	-0.588850	0.271810	-0.457040	0.000000	0.068630	0.157110	-0.476790	-0.562920	-0.577120	-0.338630	-0.360870	-0.159460	-0.243900	-0.358780	-0.389000	-0.004870
70	2.554420	1.086490	-0.606470	1.356140	2.176940	0.144750	0.000000	2.586801	2.310879	1.431690	-0.302570	0.379320	2.063220	1.402920	2.556541	1.797910	-0.528870	0.329190	0.105630	0.888530
71	3.557303	2.076860	0.422830	0.572200	0.704720	7.385600	0.000000	2.225700	2.575650	1.599980	-0.218740	1.580420	3.885036	2.407430	3.721657	2.129480	0.001380	0.187690	-0.734280	1.220130
72	4.888386	3.368012	0.494910	0.000000	-0.890890	6.053820	10.165170	2.624470	3.844514	2.570590	0.665890	2.806680	4.825734	3.527556	5.246910	2.631760	14.134910	7.788500	4.719452	2.197990
73	5.724520	3.865379	2.294360	0.000000	0.730360	3.942492	18.174770	2.649630	5.131978	2.975000	5.210511	9.850390	7.005320	7.148860	4.533140	2.668250	32.904770	24.921170	20.442070	15.950670
74	1.671690	0.607200	-1.449320	-1.066550	-2.124280	-0.089420	-0.235770	0.000000	0.908730	-0.113520	-1.097580	-0.493480	0.662280	-0.023210	2.246530	0.898890	-1.299230	0.621480	-1.267500	1.758440
75	0.000000	0.571150	6.552390	3.786631	5.315830	3.652038	7.452660	4.321701	2.490740	2.628280	3.638715	7.394500	12.598730	8.974330	9.450670	6.693990	17.240150	16.386850	12.515290	8.169530
76	0.000000	0.463230	0.379120	2.242210	3.506832	2.239170	0.784730	1.588900	0.665290	0.966250	0.542970	0.535000	0.785700	1.144560	1.035550	0.591020	1.112390	1.109140	1.019050	1.147860
77	0.474190	0.586010	0.006370	1.144970	0.635600	2.032430	-0.866780	0.578880	0.418690	0.430190	0.139750	-0.730940	0.438440	-0.271640	0.448310	-0.426040	0.333680	0.000000	-0.064260	-0.321560
78	0.000000	3.579666	3.574294	4.445260	4.323060	6.730880	2.579673	4.431150	3.684094	3.607135	3.448584	2.774973	3.657769	2.985799	3.782954	3.600773	3.186657	3.473904	3.425305	3.627035
79	3.127165	2.028620	1.295660	2.071230	1.419560	1.626280	2.347890	2.741400	2.878517	2.694590	1.121010	2.028470	0.000000	2.164660	2.656090	2.571230	1.277910	1.697190	1.595180	2.041490
80	2.660210	1.378650	-1.778630	-0.724490	-1.320050	1.138500	-1.667790	-0.079030	1.837810	0.631080	-2.136860	-1.206120	1.282070	0.000000	2.506200	1.595300	-1.827400	-0.986770	-2.279490	-0.203690
81	6.893260	4.901811	2.048320	3.187170	2.360190	7.601730	2.503720	3.977143	5.591570	4.232230	1.694320	3.538557	6.515240	4.410355	7.190340	4.910766	0.659930	0.000000	0.053840	3.112250
82	7.288920	5.948940	3.305446	4.913779	3.938892	9.601850	5.318530	5.918070	7.061880	5.605050	1.866950	5.086550	6.198000	5.707170	6.398700	5.685700	0.000000	2.048730	1.359170	4.598590
83	2.154630	0.550890	9.466930	2.189050	2.443230	2.755850	15.835430	-0.194930	0.000000	2.041200	3.312410	11.037410	5.415607	5.727752	7.264220	5.735227	42.177830	30.216930	27.136530	11.671660
84	2.080870	1.711070	1.343750	2.317647	1.790480	0.000000	1.360470	2.686794	1.831740	1.636860	1.130160	1.328280	1.216080	1.524800	1.922140	1.861390	1.927460	1.112480	0.978560	1.839230
85	1.024090	0.866150	0.106000	0.380910	0.649870	3.854392	0.040950	1.383080	1.073980	0.383330	0.643920	0.130970	0.922940	0.557460	0.000000	0.638140	0.032130	-0.320700	-0.403610	0.323640
86	-0.066810	0.386910	-0.564410	2.552629	2.373369	4.836090	0.256670	2.863731	0.647410	0.203460	0.206060	-0.172290	-0.390750	-0.596920	-0.202910	-0.057040	1.404530	0.204920	-0.064040	0.000000
87	2.212630	4.515279	2.624860	4.993020	4.522819	6.079860	4.138087	5.554300	4.164468	4.133706	0.789600	4.285121	4.140323	3.674963	3.990082	3.156460	2.056230	0.000000	-0.086680	3.014550
88	-0.362420	0.000000	-0.184100	-0.010680	-0.336170	2.989075	-1.314890	-0.271120	-0.594410	-0.408980	-0.483380	-0.600440	0.074810	-0.856330	0.343490	-0.734040	-0.150260	0.103940	-0.457630	-0.577650
89	0.978150	0.966160	-0.023780	1.197470	0.729440	3.489079	-0.096780	0.000000	-0.051780	0.748200	0.132910	-0.269850	1.088160	0.026940	1.877500	0.022810	0.939130	0.546620	0.494840	0.271910
90	5.697114	4.673668	2.071720	2.895310	2.221370	5.474617	4.111463	4.054947	5.572841	3.993310	1.135840	4.534317	5.468366	4.144702	6.388900	5.095899	1.834620	1.266490	0.000000	3.757981
91	1.742330	0.450730	-1.068840	-0.054460	0.290410	3.076531	-0.485140	0.976320	1.300850	0.333990	-1.078030	-0.824390	0.705250	0.000000	1.776940	0.965550	-0.358130	-0.493730	-0.668430	0.156700
92	1.601090	0.267630	-0.906740	-0.511940	-0.846000	2.298130	-0.916440	0.556200	0.959900	0.312240	-1.035040	-0.666180	0.000000	-0.123800	1.569860	0.407880	-0.308220	-0.473660	-0.867060	0.586410
93	6.121980	4.150837	1.377870	1.338510	0.000000	5.785110	5.417260	3.687545	5.296960	3.306485	0.151650	3.433752	5.434150	3.906761	6.114490	4.390149	16.089200	12.708500	11.540820	14.060600
94	1.527820	0.404530	-0.604960	-0.295710	-1.008290	4.592020	0.689180	0.495880	1.005630	0.347640	-0.304540	0.061800	0.824470	-0.199310	0.000000	0.275550	0.704130	0.045560	-0.757430	0.817570
95	1.464740	1.072310	0.369400	1.492630	1.122150	0.000000	0.537910	1.611580	1.452960	1.416940	0.224910	0.899810	1.096030	1.141830	1.339150	1.515510	0.498960	1.120750	0.524890	1.628360
96	1.540310	1.326510	1.073650	1.539720	1.743340	1.470300	0.000000	0.788790	0.255280	1.207630	1.092340	0.809400	1.513190	0.775560	1.704560	0.272210	1.319450	0.995880	0.907290	0.807490
97	4.397450	5.110180	4.922650	6.550260	5.999780	6.182500	4.275570	5.883440	5.143380	0.000000	4.697560	4.362070	5.405500	4.811940	5.685050	4.707810	5.027900	4.592440	4.240650	5.491490