SITE	GLY	ALA	LEU	VAL	ILE	PRO	ARG	THR	SER	CYS	MET	LYS	GLU	GLN	ASP	ASN	TRP	TYR	PHE	HIS
10	-0.244200	-0.145100	-0.123600	0.340300	0.714600	0.248500	-0.057800	0.087800	0.121200	0.010100	-0.363000	-0.356000	-0.197300	0.000000	-0.519200	-0.323100	-0.098700	0.120800	0.373600	0.741900
11	-1.095500	0.279600	-0.702500	1.629000	0.901600	1.708100	0.237300	1.662300	-0.321800	-0.594300	-1.090500	0.026300	-0.295000	-0.088300	0.494600	0.000000	-0.383500	-0.818700	-0.961100	-1.022100
12	1.150600	1.062600	0.093100	1.298800	0.659100	2.091500	1.786700	1.518300	1.532200	0.990600	-0.142600	1.318300	0.513800	1.210700	1.170700	1.539500	1.093100	0.698000	0.000000	1.886300
13	5.263700	4.353900	0.327300	1.612900	0.000000	4.013900	5.945700	3.683600	4.211000	3.154900	0.196600	5.019200	3.902500	2.878300	3.693000	2.779600	17.596800	24.965830	15.545900	20.864120
14	0.325600	0.347100	-0.991300	-0.036300	-0.259000	0.829400	0.138400	0.000000	0.259700	0.082400	-0.580400	-0.412700	-0.037000	-0.056600	-0.119700	0.108400	0.526600	0.231300	0.241600	0.468900
15	-0.173300	0.411300	0.824700	0.859000	0.469700	0.305100	0.945800	0.279600	0.000000	0.728600	0.873800	0.830300	0.184200	0.973800	-2.929700	-0.438200	1.080100	1.104100	0.817400	1.582600
16	0.458700	-0.083100	-0.131700	0.293300	-0.019500	-1.809300	-0.106300	0.293300	0.341500	0.513000	-0.380500	0.000000	-0.988000	-0.138300	-0.522400	0.443100	-0.428000	0.133700	0.013100	0.593800
17	0.234500	-0.283100	-0.198000	0.148300	-0.097700	-0.991600	0.061700	-0.275800	-0.219000	0.371600	-0.245200	0.022400	-1.660000	-0.492400	-1.594300	-0.197500	0.038600	-0.014500	-0.087700	0.000000
18	0.501800	-1.063100	-2.122600	0.075300	0.571300	0.207300	-0.055900	-1.173200	-0.731000	-0.397900	-1.980300	-0.857400	-0.521600	-0.539000	-1.719300	0.000000	-1.123700	-2.172500	-2.468600	-0.513900
19	3.568900	2.374800	0.661800	1.034000	0.000000	5.192000	3.891200	3.475800	3.267300	2.816600	0.702200	3.110700	2.910900	2.813300	4.492700	3.443700	18.786500	14.565100	11.427200	8.156500
20	0.245000	-0.435300	-1.018300	-0.120900	-0.763600	2.866900	-0.321300	-0.323200	-0.489400	0.001400	-1.076900	-0.621700	-0.446600	-0.219500	0.000000	-0.338000	-0.546900	-0.585800	-0.829800	0.090300
21	1.230800	0.398100	0.233700	0.825000	0.353400	1.492800	0.165700	0.314700	0.351800	0.688600	-0.197900	0.000000	0.497200	0.179900	0.827500	0.567800	-0.490200	-0.510000	0.337300	0.756100
22	5.251500	3.763600	-0.038100	1.632900	0.000000	6.639400	4.465100	2.814600	4.254000	3.797300	0.206800	3.829100	4.086200	3.379700	4.927800	3.348700	10.546900	11.853500	5.020300	3.963500
23	4.078200	2.995400	-0.093500	2.542700	1.092000	5.459900	4.088200	2.814400	3.235600	2.757000	0.000000	3.237900	3.820600	3.088300	3.673300	1.986400	5.610000	4.488800	1.536200	3.173200
24	-0.128500	-1.026900	-0.814800	0.393200	0.030300	4.323400	-0.862500	0.000000	-0.846800	-0.092100	-0.990300	-0.838600	-0.621100	-1.235400	-0.081400	-0.481000	-0.574800	-0.666000	-0.768600	0.055100
25	1.020500	0.233500	-1.207000	0.102500	0.116100	1.677700	-1.099400	0.472400	0.256100	-0.014400	-1.252300	-0.729800	0.659900	-0.217300	1.114000	0.000000	-2.041900	-1.140500	-1.619400	0.564600
26	5.200000	4.174100	0.714800	0.855100	0.000000	3.959800	9.492000	3.369900	4.324200	2.368200	0.520400	4.479500	5.153500	3.241100	5.425800	4.529300	10.969700	7.480800	4.940600	5.800500
27	1.621400	1.758700	1.874100	2.778000	3.569600	3.923400	0.000000	2.368600	1.941800	1.928600	1.585000	0.842000	2.256500	1.472700	1.930200	1.654700	2.620900	1.757800	1.589700	1.589600
28	4.655100	3.304700	0.000000	1.647000	2.231900	4.875500	4.785000	3.498900	4.556200	2.871400	-0.247700	2.820300	4.363000	2.893400	5.747000	4.012100	10.935900	2.101300	-0.536200	2.913300
29	1.166100	1.311800	0.994300	0.977300	0.794600	3.652200	0.581600	0.900100	1.107700	0.841100	1.162100	0.493000	1.397400	0.850200	1.093000	0.000000	1.199500	0.761200	0.622400	0.683800
30	0.623100	-0.200400	0.855300	0.571100	0.502600	-1.514000	-0.447200	0.902400	0.103400	0.800100	0.083000	-0.215900	0.000000	0.414900	1.126600	0.484600	1.182500	1.016400	1.034500	-0.085700
31	-0.106000	-0.374600	-0.165200	0.353600	0.207000	0.461100	-1.172000	0.617800	-0.723000	0.541900	-0.145100	-0.340700	-0.031100	0.114500	-0.298700	-0.525100	0.031300	-0.349700	-0.474400	0.000000
32	1.898700	0.289300	-0.301600	0.564700	0.345100	1.060100	1.047400	-0.140400	0.907100	0.365500	0.009200	0.853200	0.506100	0.647600	0.000000	-0.154400	2.590600	1.087000	0.695700	0.483800
33	1.018500	-0.119400	-1.894200	-0.954300	-1.342300	-0.868200	-0.681200	-0.120000	0.779500	-0.267700	-2.462300	-0.975200	0.009900	0.010300	-0.031500	0.000000	-1.412700	-0.696000	-2.190500	-0.417800
34	5.269100	3.932400	0.427700	0.709400	0.000000	7.769500	12.207700	2.870200	4.858400	2.997100	1.118300	4.549300	6.456600	4.252800	6.336000	3.996900	24.542590	15.816100	9.664200	9.707100
35	5.774800	4.379800	1.547800	2.012300	0.923900	4.523600	3.916600	3.335900	4.656800	3.759700	1.244700	2.688800	4.422800	3.907300	4.860500	3.244600	1.657500	0.709600	0.000000	3.187600
36	2.588300	1.096400	-1.385300	-1.354500	-2.335500	2.357700	3.229600	0.914600	1.966800	0.574400	-1.687000	-0.051200	0.000000	0.103000	2.588600	2.263000	8.454500	3.935000	0.804000	2.555500
37	5.076700	3.773300	-0.249200	1.235300	0.000000	2.561300	5.322700	3.612200	4.863600	3.031700	1.351700	4.865100	5.173000	4.104800	4.785800	3.489100	14.023400	10.788500	6.434300	13.899000
38	0.000000	1.901000	0.918100	2.304200	1.185000	5.573800	0.296600	3.209900	2.276400	2.253600	0.794100	1.740200	4.144600	2.550200	4.887400	2.370400	1.053300	0.345300	-0.315500	1.962000
39	-0.973500	-2.174800	-0.423400	-2.242100	-0.971400	-1.086600	9.668200	0.092500	0.000000	-1.106100	-0.085100	3.310500	5.533600	5.804500	8.300100	1.983000	28.392681	23.569730	14.987200	20.514440
40	0.000000	3.016100	1.970700	4.557100	5.832200	3.808300	4.532800	5.364300	3.434400	2.998600	1.500300	2.118800	3.165800	3.598100	3.583700	3.447500	6.437400	2.997000	3.962400	4.005800
41	1.397400	1.238100	-0.435500	0.404000	-0.029400	-0.347300	0.221100	1.646800	1.602100	0.921100	-0.310400	0.000000	0.475400	0.437000	0.075700	-0.004000	1.282900	1.736900	1.416500	1.418500
42	0.000000	5.106200	13.842700	12.715500	16.764800	16.923600	22.114390	13.113300	8.326500	8.455500	16.982400	19.940420	20.301700	18.789700	14.958900	12.499100	36.793520	31.960360	27.447200	26.858060
43	-0.410000	-1.342000	-2.290600	-1.737100	-1.738300	-2.117800	-1.937800	-1.228300	-1.010700	-1.184300	-2.371000	-1.153400	-1.363200	-1.393700	0.286100	-0.042700	-1.951500	-1.095300	-2.390300	0.000000
44	5.644900	5.396800	2.298500	4.939800	4.047500	4.387700	5.523900	3.771400	4.710100	5.448200	1.453700	4.595100	6.101400	5.508900	5.987900	5.183500	2.792300	2.256500	0.000000	4.398400
45	3.025600	1.456700	-0.296000	0.328500	3.404600	0.714400	9.408600	0.000000	1.456100	1.231300	-0.070300	3.269600	4.421500	3.471500	5.170900	1.001200	8.973700	7.241600	3.308500	3.291100
46	1.523300	0.615400	0.000000	1.486000	1.309100	6.332500	-0.980900	0.581200	0.733000	1.180900	-0.298600	-0.424600	0.925500	0.395200	1.745800	1.180000	1.038500	0.432700	0.039600	1.625200
47	0.363500	-1.029300	-2.286800	-1.704000	-1.824600	-0.767700	-0.453600	-1.479900	-0.675000	-0.607500	-2.247500	-1.413500	0.000000	-1.205400	1.116800	-0.190900	-3.500800	-3.349100	-2.118000	-1.667000
48	5.131800	3.381800	0.000000	2.836200	0.954700	6.044200	3.772200	2.944300	3.955000	3.379300	-0.290800	3.053000	4.849100	3.160100	5.653700	2.241200	9.256700	8.454500	3.223500	3.214100
49	3.715000	1.980700	4.421400	0.000000	2.419800	5.018600	14.157800	1.405500	2.964500	2.117000	5.189700	9.420100	7.213900	7.865800	6.436600	4.837100	35.397270	19.237220	17.680400	44.505900
50	0.696200	0.460200	0.332100	0.742700	0.502100	4.303400	0.453800	0.095500	0.035300	0.115000	0.313400	-0.420300	0.322900	0.000000	0.825100	0.180500	0.952600	0.847700	0.806500	0.934700
51	2.850300	2.168700	0.334400	2.224600	1.354200	5.864600	0.000000	2.157400	2.066400	2.143700	0.012300	0.488300	3.034600	1.652200	3.605000	1.784100	1.374800	1.843100	1.748200	1.288000
52	1.042400	0.529900	-0.206200	1.200600	3.221600	2.158700	9.987600	1.178100	0.992400	0.000000	1.457300	6.070600	5.004000	1.873900	4.439000	1.251500	25.763390	10.899700	10.076500	60.768700
53	0.435500	-0.200700	-0.209400	2.535900	1.984100	8.666700	-0.652900	0.850300	-0.074700	0.367100	-0.137500	-0.759800	0.561100	-0.169300	0.353900	0.000000	0.035700	-0.119600	-0.099000	-0.096400
54	1.802700	1.142400	0.956500	0.825600	0.405200	3.276500	0.505100	1.036300	1.058200	1.463600	0.251300	0.776100	1.237100	1.059600	2.473000	1.742600	0.653300	0.728200	0.000000	1.509200
55	5.225200	3.280000	0.385900	0.000000	-0.004000	6.279500	10.425800	2.655600	4.678300	2.690500	1.139200	3.873400	7.042100	2.058800	6.504400	4.077700	13.758200	10.750400	7.672500	7.291300
56	2.908500	1.472800	-1.049900	-1.164800	-2.042200	3.330000	0.631000	0.000000	1.683600	0.776500	-0.597000	0.050100	0.886900	1.044300	1.958000	0.698800	0.997900	-0.331700	-1.196800	0.977600
57	1.684000	0.000000	2.184700	-0.793300	-0.671200	0.690100	13.935800	0.341600	0.474700	0.392200	-0.079600	6.243600	5.160600	2.904400	5.651400	2.119800	22.470430	10.893800	8.266600	10.998600
58	6.018600	5.100400	0.110300	1.550000	0.000000	7.199300	10.131800	3.507400	5.533100	3.794300	0.725600	7.000400	4.736200	4.503900	5.412300	3.231200	17.602200	12.300900	6.610700	5.324200
59	2.132400	0.388700	-1.031400	-0.930300	-1.043100	3.223300	1.141800	0.282100	0.608500	0.095300	-0.590200	0.810700	0.000000	0.362700	0.422000	0.180300	5.379300	10.571000	6.632300	14.384700
60	0.922500	0.391600	-0.090400	0.592300	0.000000	-0.932000	-0.174200	0.686900	0.675200	0.733300	-0.188700	-0.228000	1.039000	0.317300	1.279900	0.907200	-0.401300	0.268600	0.103500	0.838700
61	4.890000	4.644100	4.019900	4.417100	3.940000	6.964900	4.228300	4.099600	4.715200	4.045100	3.674500	4.143300	1.635800	4.202500	0.000000	2.691500	4.128800	3.920900	3.883300	3.827100
62	0.602300	-0.137100	-0.757900	0.200500	-0.587300	-1.711800	-1.035000	-0.351800	-0.266500	0.397800	-1.015700	-1.123600	-0.609100	-0.737400	-0.127000	-0.575500	-0.318200	-0.230800	-0.356700	0.000000
63	0.709700	0.117400	-0.209000	0.486500	0.167300	-1.143700	-0.566000	0.487400	-0.090400	0.641500	-0.746000	0.000000	-0.176900	0.117500	0.147000	0.489600	-1.062500	-1.021400	-0.963300	0.327900
64	2.883200	1.598200	0.000000	3.684000	2.775900	2.108300	1.537000	4.722400	3.068700	2.221600	-0.201400	1.182400	3.352700	2.409300	4.285200	2.883300	1.304000	0.351900	-0.015200	1.778700
65	1.635000	-0.037400	-0.313800	-0.685400	1.119000	3.832700	-0.239600	-0.715300	0.731200	0.000000	-0.591900	-0.313200	2.340300	1.269500	5.696500	3.338300	4.000400	2.693600	2.232600	6.665800
66	1.103800	0.296900	-0.392400	0.479600	-0.322900	4.787700	0.300200	1.381700	1.333000	1.070000	-0.179600	0.000000	0.360700	0.446200	0.589700	1.180400	0.969100	0.191800	-0.006000	1.143800
67	0.601800	-0.688700	-2.129600	-1.074100	-2.037900	3.655300	-0.566300	0.000000	0.211100	0.249800	-1.581300	-0.749000	-0.941700	-0.942800	0.024800	0.155600	-0.993300	-0.793000	-0.828400	-0.283500
68	0.748200	-0.954900	0.040500	-1.619200	0.772900	2.146100	6.687900	0.000000	-0.355700	-0.695100	-2.337500	2.833300	2.396100	1.504900	2.899700	0.668900	20.110620	11.377400	6.509500	16.065000
69	1.423900	0.239300	-1.174800	0.672000	-0.167300	4.896100	-0.539100	1.374100	0.904800	0.596900	-1.212500	-0.690500	0.000000	0.021400	1.132000	-0.141800	-0.311100	-0.176900	-0.853800	0.390600
70	0.527600	-0.208600	-0.660000	-0.050700	-0.752300	3.212800	-0.351500	-0.501100	-0.243000	0.340800	-0.591500	-0.339400	-0.140100	-0.610200	0.404100	0.000000	-0.149700	-0.325300	-0.571200	0.087400
71	1.622500	0.344500	-0.555200	0.288800	0.012600	3.671700	-0.033700	0.972900	1.361100	0.840800	-0.563900	0.000000	0.755500	-0.047700	1.637500	0.422200	0.317600	0.001500	-0.298500	0.405600
72	4.464700	4.002000	0.000000	3.575600	3.614700	5.689200	9.534500	3.485200	5.243900	3.188700	1.650100	5.674400	6.009300	4.288500	5.592700	2.748500	15.862600	18.807800	11.923600	10.404700
73	-0.257000	-0.442500	-0.411100	0.000000	0.063700	1.819000	-1.732100	-0.696000	-0.773000	-0.218000	-0.162200	-1.902900	-0.165000	-0.831100	0.315900	-0.402300	-0.074100	-0.090400	-0.115300	-1.036600
74	0.227500	0.145900	-0.036800	0.210200	0.014900	0.751100	-0.809300	0.579900	0.193600	0.163800	-0.494400	-0.317600	0.012400	0.016000	0.000000	0.015700	0.073500	-0.244500	-0.301900	0.282800
75	1.706700	0.609300	-0.662400	-0.285600	-1.724700	4.052700	-0.759900	-0.391000	0.526200	0.409600	-1.096500	-0.625400	0.667200	0.067900	1.583300	0.425200	-1.524500	-1.265500	-1.844500	0.000000
76	0.210300	0.470500	0.011500	0.113800	0.354200	-0.062900	-0.219400	0.156700	0.215600	0.286100	0.244300	-0.187200	-0.001700	-0.519800	0.000000	0.229200	0.141700	-0.027200	-0.067700	-0.179200
77	1.847100	1.438800	1.691600	2.430500	3.220500	0.494700	1.040400	3.565700	1.692500	2.102700	1.189200	1.197600	2.377800	1.361900	2.147800	0.000000	2.463600	2.401100	2.121100	2.291600
78	3.946400	2.535300	2.989300	3.868500	4.968200	5.749100	3.075600	2.731300	2.296500	2.334600	0.526000	1.930100	4.318200	2.984600	4.690100	3.007300	-0.049500	0.095300	0.000000	2.162700
79	1.917300	0.997400	0.942700	0.449300	0.123100	3.953100	-0.836700	0.989900	0.704600	0.382500	-0.453900	0.224000	-0.154100	0.000000	0.955600	1.202500	0.999700	1.000900	0.992300	1.109900
80	3.510000	2.325800	-0.449300	0.000000	-1.004000	2.635500	5.059900	1.579100	2.873100	1.604200	0.507800	2.770500	4.743800	2.777400	4.415800	2.550800	3.116800	3.738300	5.159300	6.999700
81	3.334500	1.953200	0.000000	0.123100	-0.644500	3.499200	1.114500	2.019300	2.764900	1.039000	0.240600	1.218500	1.754800	1.362600	2.529600	2.182600	1.057200	1.276400	1.225400	2.502900
82	2.612200	1.074600	1.353800	2.599500	2.264900	-0.124500	2.037400	2.170100	2.497800	1.989200	1.138200	0.314200	2.035100	1.605300	2.015900	0.000000	1.868000	2.333900	2.301800	2.318100
83	2.206200	1.397600	-0.024500	0.494000	0.399700	4.964700	0.520200	1.634800	1.556200	1.211000	-0.151000	0.000000	1.056100	0.883000	0.912100	0.634000	1.264400	0.067400	-0.014000	1.082200
84	2.589800	1.792400	0.105000	0.358400	-0.093900	1.902600	1.147200	0.967800	2.285400	1.181800	0.167000	0.700200	1.144800	1.278200	0.000000	1.011500	-0.697700	0.234500	0.124800	0.671500
85	4.638400	2.895800	-0.174300	0.766800	0.000000	0.264300	1.250800	2.694200	4.184300	2.903000	-0.212600	3.193100	4.534600	3.571000	5.269300	3.734600	3.839400	4.597800	3.981800	6.936800
86	2.700800	1.797600	0.000000	2.128300	0.638100	2.418400	0.568700	1.538700	2.115100	2.168300	-0.074900	0.636500	2.263300	1.627700	2.994200	1.880500	1.702400	1.243600	-0.805900	0.985000
87	1.040000	1.166000	0.521000	0.657400	0.355700	1.752200	0.089600	0.641400	0.826000	0.800100	0.413700	-0.029100	0.836200	0.000000	0.997200	0.936200	1.309700	0.524600	0.426900	0.867600
88	5.413000	3.854600	2.957100	1.985600	2.832000	11.510300	4.378400	2.422200	4.010800	3.936000	1.200100	3.434700	4.193700	4.314300	4.940900	3.184900	3.693400	0.900800	0.000000	1.964900
89	0.809400	0.805100	0.555500	0.453700	0.337200	1.484700	0.147500	0.354700	0.681800	0.496900	0.816500	0.000000	0.386600	0.222800	0.317300	0.293400	0.300400	0.480800	0.396800	0.422000
90	5.876300	4.819600	2.578800	4.830100	6.273900	2.974300	7.117300	5.042200	6.014800	4.320200	0.645300	4.933300	5.012800	3.671500	5.547600	3.922200	4.267800	1.757000	0.000000	2.268700
91	2.902500	2.087500	2.162700	2.860000	2.483400	0.000000	2.658900	3.372200	2.851300	2.583200	2.088600	2.489600	2.390900	2.803600	2.089700	2.562100	2.663600	1.804000	1.578800	2.830200
92	0.574600	0.655600	0.147900	0.637200	0.561800	0.226400	0.068100	0.542800	0.568700	0.545200	-0.277500	0.000000	0.486800	0.190300	0.437300	0.433700	0.021500	0.235700	0.255000	0.397500
93	-0.276300	-0.277600	-0.042000	0.069300	0.080800	2.919000	-0.416000	-0.057800	0.036000	-0.103600	0.070300	-0.116900	-0.096100	-0.000600	-0.149800	0.000000	-0.411700	-0.372400	-0.538200	-0.317900
94	0.979900	0.487300	-1.007000	1.183200	0.614900	3.471600	-0.203400	-0.218400	-0.100400	0.257400	-1.645800	-0.511200	-0.392000	0.000000	0.720800	0.785500	0.687100	-0.068700	-0.450700	0.165000
95	0.052300	-0.079000	-0.630700	-0.228800	-0.519000	-0.202500	-0.505700	-0.333900	0.000000	-0.257600	-0.996600	-0.706000	-0.328700	-0.421700	-0.009300	-0.081200	-0.044000	-1.023600	-1.025000	0.123300
96	5.847600	5.247600	3.064300	5.124600	4.305400	6.723200	7.376400	6.033500	4.934800	5.005200	2.820000	4.532500	5.657000	6.022800	6.719100	5.510000	6.716800	0.000000	1.511200	4.371100
97	2.656900	1.596000	0.348900	0.755500	2.107700	3.710200	-0.223600	2.744700	1.502500	1.627300	0.668900	0.000000	4.603900	1.415400	5.101000	2.334400	4.306200	-0.556400	-0.954000	-0.046000
98	5.280600	3.845800	0.175400	0.817700	0.000000	8.978600	3.546400	2.840400	3.888500	2.638100	-0.389100	2.916700	4.451800	2.348900	5.964200	4.168600	22.470790	10.640100	8.308500	5.014800
99	6.496000	5.038100	1.425300	2.701000	2.049100	7.935400	5.218000	4.737200	5.803900	4.397800	1.220000	3.696000	6.522800	4.175500	7.190300	4.391400	2.717300	0.720900	0.000000	2.577500
100	0.000000	2.356000	8.221400	7.418000	13.099000	9.548900	18.553500	5.332700	4.529200	5.039900	6.918800	14.600900	13.870000	10.980600	12.593800	11.630600	44.124500	31.521860	30.631060	79.220300
101	1.042200	0.175600	-2.249400	-0.410500	-1.108600	-0.490600	0.940600	0.061200	1.075300	-0.185300	-2.084000	-0.329700	1.040500	-0.186600	0.806500	0.000000	3.182300	3.611700	0.411400	2.305500
102	4.634700	3.440300	0.032000	1.255000	0.000000	5.127600	5.900600	3.398600	4.481700	2.741900	0.134100	2.916300	5.096000	3.115800	5.669700	3.543600	20.014800	19.947900	10.758700	28.725430
103	2.615300	1.823900	1.198300	2.137700	1.905800	0.000000	1.374600	2.269200	2.347200	2.331000	0.951300	1.747400	1.534200	1.730600	1.325000	2.599100	2.029700	1.425500	1.406000	2.362100
104	1.503200	1.176600	0.357300	1.247300	0.454200	-0.447000	1.222800	1.293100	1.493500	1.393200	0.141000	0.823900	0.918500	0.777400	1.320500	1.398400	1.321000	0.000000	0.085100	1.633100
105	0.438500	-0.032200	-0.392900	-0.230100	-0.663700	-1.105100	-0.690900	-0.052600	0.386100	-0.034300	-0.833000	-1.001200	-0.384700	-0.289200	-0.063100	0.000000	-0.577200	-0.221300	-0.304700	0.346400
106	1.211100	1.255000	0.463200	0.920500	0.000000	1.678000	0.088200	0.947600	1.508500	1.496200	-0.427300	0.539400	1.273300	1.009800	-0.065500	0.518200	1.129300	0.921200	1.041000	1.731700
107	1.163000	-0.185500	-0.023700	-0.478300	0.378300	2.459500	4.663900	-1.248700	0.000000	-0.301300	-1.852000	2.153000	0.734800	1.033400	0.820700	2.069400	12.924300	6.245800	5.268600	12.757200
108	0.756400	-0.096100	-1.137100	-0.457000	-0.856400	-0.076200	-0.332200	0.000000	0.801000	0.422800	-0.919700	-0.603600	-0.938900	-0.311700	-0.103300	0.604900	-0.250800	-0.899600	-1.130900	0.233200
109	0.884500	-0.164000	-0.754200	0.304700	-0.411400	-0.619300	-0.502300	-0.153600	0.009300	0.468800	-1.062400	-0.542200	-1.411900	-0.336700	0.000000	0.173700	-0.656300	-0.161900	-0.568400	0.050000
110	5.476900	3.676500	0.578600	1.265600	0.000000	6.597300	4.096200	2.594700	4.226400	3.479700	0.010300	3.376700	5.260100	3.709300	5.823800	4.372900	4.951600	2.234000	1.168400	7.392900
111	5.810400	3.836600	-0.054500	1.158500	0.000000	6.931800	5.819700	3.106700	4.631300	3.720400	-0.212200	4.379300	4.282200	3.528500	5.529100	3.224700	9.753900	7.345500	4.672400	5.710600
112	1.716100	0.396900	-0.257700	0.097100	-0.616700	2.675600	0.000000	-0.134200	0.792000	0.473900	-1.009400	-0.554000	-0.144400	0.089400	1.702200	0.565700	-1.807600	1.788600	-0.573000	2.053900
113	3.465400	1.982100	0.855600	2.010600	1.742500	6.183400	0.955100	1.893400	3.390600	2.783700	1.006500	0.000000	3.267600	2.111800	4.343000	2.300800	3.884900	3.207200	3.162800	3.863300
114	6.202400	4.291700	0.691100	1.127200	0.000000	8.552300	8.825200	3.851800	4.896500	3.322300	0.855000	5.931400	5.954600	4.501100	6.176500	3.427800	22.905580	16.927000	11.447400	20.489790
115	4.759300	3.188300	0.996600	0.000000	0.762000	9.076000	10.866900	1.338200	3.931000	2.938600	3.172600	6.858100	6.357400	4.071300	5.086000	3.887700	15.977100	9.134200	10.725600	13.090200
116	2.311700	2.482200	1.484400	3.147100	2.419000	3.105400	0.040400	3.507500	2.115800	2.433600	0.858400	1.341400	2.333200	2.314200	2.903300	2.885000	1.945300	0.613300	0.000000	2.582000
117	1.155000	0.636600	0.212100	1.721200	1.718400	4.474700	-0.022300	1.320700	1.215600	0.608800	-0.250000	-0.169800	0.550500	0.141100	0.000000	-0.141700	-0.550900	-0.025900	-0.075800	0.122500
118	1.484500	0.210500	14.314500	6.954300	9.820900	9.099400	26.896530	2.685200	0.000000	2.187100	9.213000	27.157750	15.011800	14.771600	7.249200	6.739600	25.020510	28.378106	27.655630	32.546320
119	0.910000	1.011100	0.631400	0.703400	0.000000	1.348400	0.883800	1.812300	1.498700	0.910400	0.789200	0.795000	0.771000	0.494600	0.753700	0.726900	1.021800	0.889400	1.065300	1.228800
120	1.728600	0.000000	10.350000	4.158200	8.935200	3.186100	19.216100	4.116500	1.011600	3.071900	10.935900	16.703600	12.204900	12.525800	8.928300	5.724500	35.364930	36.101150	20.338380	16.746300
121	0.208100	0.085200	-0.583200	0.243800	-0.279100	0.697100	-0.378500	0.802000	0.196100	-0.093200	-0.648500	-0.802300	-0.055600	-0.567900	0.000000	0.099600	-0.182500	-0.469100	-0.593800	-0.264500
122	2.236500	1.040600	0.086900	0.160400	0.002000	4.684900	1.675800	-0.771200	0.139900	0.853500	-0.413100	0.288100	0.000000	0.848000	2.227500	2.063700	3.316900	1.895900	1.777500	2.971300
123	6.627700	4.269900	0.530600	0.752000	0.000000	7.117300	6.309000	3.150400	5.497400	3.345900	0.903000	5.750900	5.811400	4.301100	6.075700	4.883500	14.148500	19.453100	9.383000	20.467840
124	6.148000	4.264400	0.322600	0.911400	0.016200	5.934400	3.846200	3.397800	5.558900	3.619700	0.420700	3.222600	5.544200	3.390300	5.625200	3.417000	1.725800	0.000000	-0.584900	3.530700
125	5.945500	4.240300	0.000000	2.435600	1.789500	7.490400	4.529700	4.442800	4.199800	3.535400	-0.016000	4.135100	4.973000	3.507000	6.686600	3.427200	12.203600	3.598900	0.811700	5.700300
126	5.537700	4.403600	-0.214500	1.511600	0.000000	6.396100	5.086600	3.038800	4.481100	3.088300	-0.188700	3.969400	4.258300	2.834100	3.490000	3.259300	13.945200	8.646100	3.650000	3.273300
127	5.135100	3.552300	1.942400	0.000000	0.309200	5.043200	5.607800	1.818700	4.638600	2.572200	0.730800	5.043200	4.796900	4.173700	5.477400	4.811000	7.809000	8.000600	6.892800	8.241300
128	3.165800	2.423100	1.786900	3.482900	3.500500	1.751500	4.589600	2.911700	2.334500	2.860300	1.568700	3.734300	0.000000	2.724200	-0.253700	2.985100	3.631000	3.063300	2.044700	3.565200
129	1.808500	0.663300	-0.637900	0.692900	-0.151400	5.164600	0.821600	1.398600	1.420600	0.990000	-0.600500	0.186700	0.077600	0.546800	0.910300	0.803800	0.043800	0.000000	-0.242600	1.069100
130	0.000000	-0.880900	-1.289000	0.871200	-0.428700	-0.955300	-0.816000	0.501200	-0.556400	-0.098400	-1.538200	-0.938900	-1.248300	-1.488800	-1.175700	-1.238300	-0.720300	-0.945800	-0.955500	-0.879900
131	4.544200	3.247500	1.528600	2.872600	1.947400	3.117700	3.365100	3.211200	4.292100	3.806000	0.592400	2.725500	3.315800	2.432700	4.035500	3.082700	-0.574700	0.920300	0.000000	2.985300
132	1.999900	0.000000	3.251000	2.070900	1.082300	4.653600	15.142000	1.638100	0.793700	1.850800	5.374200	5.589300	7.871200	4.162200	5.612400	5.497300	27.555190	12.928500	12.247300	28.465085
133	0.764900	0.264500	-0.445100	0.337800	-0.340800	2.263100	-0.003000	0.829100	0.678400	0.871900	-0.950100	0.000000	-0.171700	-0.059000	-0.353100	0.266200	-1.182800	-0.167200	-0.470700	-0.165200
134	0.476300	0.158000	-0.544000	0.289200	-0.133000	2.060900	0.000000	0.807900	0.031200	0.777400	-1.117600	0.048700	0.254000	0.264300	1.241500	-1.066500	0.225500	-0.056900	-0.242400	-0.268500
135	5.075300	3.391700	0.000000	2.357300	0.993900	3.167600	5.310200	2.705800	3.501300	3.178300	0.241100	3.588000	4.039600	2.931800	4.702900	2.092600	4.463400	2.750100	2.069800	4.074600
136	2.082800	1.948200	0.000000	2.050400	1.518500	3.784300	1.013200	1.221100	1.457800	1.554000	0.729500	0.586700	1.558000	1.560500	1.779200	1.732700	1.759400	1.819500	1.820300	2.094300
137	1.293800	0.730800	-0.229200	0.510400	-0.072100	6.560200	0.779500	-0.190100	0.392900	0.281100	-0.111800	0.319800	0.631800	0.560500	-0.633600	0.000000	0.454300	-0.096600	0.006200	0.900500
138	1.286100	0.359600	-0.596000	0.719500	0.660300	-0.707200	0.614600	0.000000	0.618600	0.744200	-0.557700	-0.188500	0.402800	0.417700	1.592200	0.926700	-0.172500	-0.711700	-1.102300	0.928300
139	0.983700	1.010800	0.620400	1.326900	1.078800	1.045700	-0.036300	0.879700	0.497600	0.939700	0.482700	0.000000	0.966300	0.405200	1.396900	0.807200	0.147900	1.184000	1.048800	0.920400
140	0.626600	0.382700	-1.025800	-0.282700	-1.050900	3.944300	0.000000	-0.870000	-0.198000	0.295000	-0.964300	-0.297900	-3.753600	0.009800	-4.439600	-1.307300	-1.329900	-0.943300	-1.184300	0.158100
141	-0.132900	-1.265500	-1.387500	-0.964600	0.981200	-3.645700	-1.044700	1.702500	0.000000	-0.817800	-2.152500	-1.257100	-1.885200	-1.318900	-1.834700	-1.148000	-2.237600	-2.419200	-2.622800	-0.491900
142	3.851300	2.969000	0.000000	2.187900	0.818400	2.218700	3.405700	2.816600	3.760800	2.786700	0.115900	1.931600	2.089300	2.500500	2.474900	3.643000	3.347900	3.357200	3.227900	3.925400
143	1.443800	0.000000	4.380500	3.347300	6.781100	-0.593500	16.853300	2.625000	0.848000	2.492700	1.279400	4.773700	11.528200	11.473600	4.920300	1.483600	17.928200	9.833600	7.848500	30.260690
144	4.990100	3.161100	0.000000	1.944800	0.872900	5.905300	8.035700	3.473800	4.796800	2.576400	1.017800	3.754800	3.702400	2.966200	3.977400	2.965600	7.682900	4.224400	2.338600	3.647000
145	3.744400	2.403000	0.667100	1.984300	0.889200	5.977000	1.716400	1.911600	2.672800	2.681000	0.541100	1.281800	2.672200	1.814200	3.353600	2.353200	1.142000	-0.330700	0.000000	2.805300
146	6.290000	4.308300	0.000000	3.134500	1.798100	7.261300	9.543200	4.555100	4.888100	4.110300	0.320400	6.568600	5.405200	4.307100	6.096500	3.991400	17.098200	12.295400	5.644400	3.867900
147	2.340400	2.090800	-0.309100	4.000200	3.274900	4.826900	0.622000	4.252200	2.197800	2.033200	0.000000	1.291400	1.950400	1.426000	3.122800	1.562000	0.892900	0.579900	-0.138200	1.241300
148	1.528100	0.000000	-0.517900	0.582600	2.296100	2.282300	0.092600	2.881200	-0.168800	-0.188700	-1.235900	0.386000	1.701300	0.964900	4.086600	1.288500	6.416800	3.546400	3.208700	4.196700
149	1.200200	0.762300	-1.615500	-0.340800	-0.192800	2.765700	-1.435300	-0.126700	0.444800	0.254800	-0.536500	-0.939100	0.000000	-0.780400	-0.443900	-0.927700	-0.903900	-1.226800	-1.369900	-0.750000
150	4.392900	2.743300	1.479300	0.000000	-0.116400	5.695200	3.449500	2.712800	3.800400	2.161100	-0.088500	3.588300	4.333100	4.509100	5.169600	4.108600	12.155000	6.117200	6.561600	7.332700
151	1.128800	0.605200	0.646500	0.896300	0.030500	2.083800	0.465500	0.945100	1.085000	1.017900	0.096500	0.302400	-0.237000	0.296500	0.000000	0.981100	0.340900	0.669300	0.559300	1.238000
152	5.843900	4.431700	0.556800	1.093700	0.000000	4.067500	5.434600	3.413900	5.301800	3.519200	0.946200	2.051900	5.544000	3.135700	6.023600	4.758900	13.926400	8.486800	5.956200	4.003300
153	0.744200	0.458700	-0.057300	-0.409500	-0.608200	2.763800	-0.102800	-0.001300	0.000000	0.146700	-0.224700	-0.288500	0.224800	-0.202100	0.705300	0.579600	0.350600	-0.005500	-0.117700	0.448000
154	2.398400	1.836000	-0.378100	0.976500	0.000000	0.666700	1.918000	1.918900	1.662500	1.272600	-0.092900	1.305000	1.442200	1.221400	1.963100	1.555700	1.988300	1.893600	1.934800	2.812100
155	3.084100	2.479800	0.000000	1.521400	0.744700	5.773800	1.954700	3.148400	2.154900	2.488200	0.421300	0.923000	2.248900	1.840000	2.893500	2.904600	3.358100	4.231100	2.413200	3.808900
156	1.112100	1.032300	-0.686700	1.086200	0.626100	2.549500	-0.164600	0.511700	0.000000	0.158000	-1.402500	0.371500	0.893800	0.315500	-0.419500	0.453500	1.668100	0.494800	0.592700	1.559700
157	2.326000	1.835000	-0.065400	0.908200	0.248600	1.688600	1.359200	1.318800	2.143900	1.441500	0.000000	0.741200	0.907400	1.054000	1.811000	1.232700	1.752300	1.224200	1.103900	1.995800
158	5.110100	3.473500	-0.978700	0.000000	-1.182100	6.051600	3.358500	2.331400	4.606900	2.257800	-0.511200	2.174700	3.611700	2.566100	3.655400	2.947500	2.590200	4.664300	1.798300	2.301900
159	4.018500	2.693800	2.361900	2.784000	2.704600	0.000000	3.001000	3.733700	3.450100	3.385500	2.367200	2.801600	0.947700	3.227800	3.170600	3.225000	2.396200	2.587200	2.465000	2.984200
160	0.835000	-0.485400	-1.059700	3.713700	3.884000	-1.466000	0.000000	3.024400	0.507600	-0.115200	-0.613000	-0.798900	1.209500	0.155900	1.375800	-0.191100	1.308400	-0.133300	-0.384800	-0.179900
161	1.056100	0.536300	-0.062800	0.543500	0.160100	0.572000	0.613900	1.143800	1.004300	0.789000	-0.075600	0.164300	0.000000	0.366000	0.568600	0.951000	0.758500	0.593600	0.464800	1.399700
162	3.693600	1.586300	-0.245800	1.430100	1.749600	4.971600	3.138500	1.379500	2.394800	1.979400	0.257700	1.839900	1.826200	2.578400	2.210000	3.318800	1.985100	0.000000	0.696200	2.895700
163	4.196800	3.178300	1.506500	3.917900	5.955200	3.731100	2.350500	5.659000	4.092600	3.410100	1.193200	1.966100	3.434100	2.905500	5.363500	3.885800	3.691300	0.976800	0.000000	3.089400
164	0.168800	0.326300	-0.415100	0.646300	1.051300	2.175100	0.233200	0.110700	-0.198500	-0.338800	-0.429000	-0.286700	0.085300	0.050600	-0.230900	-0.123200	-0.475800	-0.298700	-0.360000	0.000000
165	1.993000	2.905700	3.257700	3.725000	3.771600	0.000000	2.931200	3.420600	3.265000	3.367400	3.087100	2.938500	2.790500	3.185000	2.387300	3.198400	3.071400	3.102800	3.228600	3.417300
166	0.662400	0.255300	-0.065900	-0.073200	-0.426400	-1.276000	0.360000	0.289000	0.722300	0.076200	-0.298900	0.000000	-0.104900	0.028900	0.331300	-0.284900	-0.121500	0.032000	-0.079100	0.232700
167	3.125300	2.222500	2.556100	3.319300	5.030500	0.000000	3.770600	3.326200	2.710500	2.800800	1.853400	3.498100	3.109100	3.357300	2.657700	3.216600	3.419000	2.502600	2.109500	3.853000
168	0.423700	0.266600	-0.036100	0.631500	0.265000	-1.085100	0.097400	0.648600	0.222800	0.151000	-0.088400	0.000000	-0.388700	0.140100	0.007700	0.256700	0.147400	-0.254600	-0.261400	0.506800
169	0.578400	0.211000	-0.004600	0.000000	-0.376100	0.766200	0.310900	-0.031600	0.493600	-0.052800	-0.275200	-0.113800	-1.203100	-0.556300	0.159500	-1.051200	-0.019800	-0.818800	-0.909600	0.199600
170	1.027100	0.468600	-0.409400	0.011200	-0.244900	-1.429800	0.465700	1.382500	0.891500	0.754700	-0.330200	0.021500	-0.050600	0.155100	-0.261200	0.000000	0.563500	0.156500	0.063100	-0.311000
171	1.401200	0.407800	-1.102600	2.548100	2.337700	0.226900	-0.004700	1.859500	0.000000	-0.181300	-1.712600	-1.247900	0.758900	0.805300	-0.428900	0.318800	-1.646300	-2.280800	-2.576000	0.275200
172	0.888200	-0.820400	-0.765500	-1.473400	-0.874100	5.850000	0.269800	0.765500	0.000000	-0.531800	-2.190800	-0.223500	2.185900	2.069400	3.384000	0.156700	3.564800	5.775100	1.107900	-0.650300
173	5.627800	4.106500	0.000000	1.105000	0.290400	5.699600	5.215800	3.312700	4.897400	3.043700	0.362300	4.144300	4.912200	3.229100	4.910400	3.846800	7.956800	9.348700	4.707500	3.649800
174	5.291600	4.045300	-0.307800	1.125900	0.000000	6.288300	6.767600	3.435000	4.171800	3.218300	-0.156100	3.858900	4.702600	3.555600	6.040900	4.320200	14.501300	15.058300	7.906600	7.588600
175	3.073100	1.532600	-1.018300	-0.553600	-0.591500	4.503600	0.000000	0.532400	1.754200	0.781800	-0.033800	-0.412000	2.410600	1.543800	4.886600	1.943200	5.641200	7.043900	6.030300	10.388700
176	6.296300	4.640900	0.000000	4.710000	2.651500	6.130000	4.301100	4.771700	5.587800	3.819200	-0.079000	3.602400	4.858700	3.803700	5.988700	4.704700	3.202200	2.743800	0.440100	2.836400
177	2.918700	2.166000	1.127900	1.234900	0.978100	4.284600	0.908100	1.889600	1.989600	1.665900	0.968800	0.699400	2.010500	1.194600	2.378800	0.000000	1.485600	1.179300	1.097200	1.256400
178	3.387600	2.637800	1.655000	3.261500	2.647500	6.981200	0.000000	2.583100	2.677300	2.860200	1.564400	1.955700	3.547400	3.209000	3.984000	3.033700	2.281400	2.797400	2.414900	2.869900
179	1.139800	0.813500	0.866500	-0.142100	-0.025700	4.751600	-0.377100	0.489400	0.498000	0.321400	0.238100	0.000000	1.057300	0.100600	0.773200	0.567800	0.669500	0.168900	0.070800	0.557000
180	0.553200	0.236300	0.223400	0.263800	0.229900	-0.888800	0.061100	0.265900	0.351600	0.359400	0.375100	0.000000	-0.143600	0.303600	0.117200	0.319500	0.166400	0.056500	0.164800	0.183600
181	0.728200	0.498200	1.443300	1.056500	1.172100	-0.659100	0.688700	-0.370500	0.000000	0.761900	0.330400	-0.228100	0.886400	1.273600	1.285600	1.872800	1.162100	0.737200	0.663400	1.603800
182	1.258200	0.219400	-0.550500	-1.199300	-0.384900	0.793800	0.000000	0.784800	0.693800	-0.466800	-0.801200	-0.302300	-0.203700	0.154800	0.458500	0.469500	0.086600	-0.006600	-0.067000	-0.089200
183	5.108700	3.761900	0.604200	1.135100	0.000000	6.294200	3.161200	2.632400	4.062900	1.989600	1.442500	3.334300	4.197100	3.225400	3.852800	3.727700	4.132300	2.753900	2.872300	4.454600
184	0.411400	-0.121200	-0.017200	0.592100	0.402600	-1.631600	0.419600	-0.164600	0.000000	0.516800	0.323600	0.252000	-0.031400	0.521900	-0.644000	-0.117600	0.464600	0.340100	0.438500	0.470000
185	-0.152100	-0.391400	-0.252100	0.066400	-0.137900	-1.597300	-0.302900	-0.002700	-0.224500	-0.000500	-0.159400	-0.407500	-0.576300	-0.143600	-0.410000	-0.126900	-0.262700	-0.253100	-0.238800	0.000000
186	0.409900	0.101200	0.327800	0.530000	0.441200	0.404200	-0.229000	0.504000	0.463100	0.614600	0.355500	0.000000	0.398300	0.128900	0.478300	0.515000	0.505700	0.416000	0.407600	0.815700
187	1.130200	1.044400	-0.305700	0.943700	0.968000	0.701000	2.379900	1.724100	0.850900	0.970300	0.260900	2.306100	0.951500	1.259000	0.000000	-0.027500	0.687600	0.493000	0.272400	2.421500
188	0.507200	0.435000	-0.070500	1.152000	0.578400	2.706900	0.066800	0.482000	0.175100	0.951800	0.187900	0.000000	0.011700	0.519400	0.659700	0.492300	-0.134800	-0.242700	-0.324200	0.862200
189	0.910200	0.346600	0.190700	0.572700	0.194600	-0.957700	0.384000	0.670000	0.719100	0.728600	0.000500	0.288800	0.011600	0.000000	0.210300	0.656300	0.054400	0.371300	0.044600	0.858200
190	1.821000	0.765500	-0.467500	0.579800	-0.008500	-0.146300	-0.216700	0.775800	1.049900	1.014900	-0.683800	0.000000	-0.042700	0.138200	0.754600	1.252300	0.537900	0.949800	-0.115400	1.335900
191	6.511200	4.836600	2.015900	5.523300	4.264600	13.123000	3.943000	4.619900	5.196000	4.943800	1.766400	3.515700	5.579300	4.688700	5.905200	4.281800	2.992300	0.000000	0.750300	3.200300
192	1.419800	0.279100	-1.236500	0.168600	-0.477600	3.602800	-0.189400	0.824400	1.133900	0.855800	-1.084100	-0.008900	0.089200	-0.391200	0.816600	0.000000	-1.270000	-0.878800	-1.181500	-0.188500
193	2.219900	1.578800	0.952700	1.601200	1.061100	4.893100	1.153000	1.518200	1.923900	2.326000	0.530700	0.852600	1.033800	1.264300	2.100400	2.195700	1.595900	0.000000	0.503100	2.120300
194	6.187400	3.894500	1.084100	4.761900	3.636200	8.818400	8.516300	4.239100	4.923800	4.424100	0.802900	5.265800	4.925800	4.132400	5.390900	4.637700	6.582800	2.519200	0.000000	3.060000
195	4.262700	2.101400	1.845000	0.000000	1.934200	5.944300	20.179250	1.051600	3.401100	1.331900	5.100100	10.578600	5.283800	7.817800	3.459800	3.805700	10.094600	25.638180	24.136910	22.742090
196	1.417800	0.754200	-0.231700	0.610100	-0.081200	3.547600	-0.420500	0.450000	1.006500	1.359600	0.000000	0.285800	0.590000	0.619400	1.303500	0.669500	0.188900	0.248700	0.032800	0.571600
197	2.252000	0.462800	-0.052200	0.782400	0.616400	2.635800	0.977600	1.266300	1.416700	0.115400	-0.852100	0.000000	2.043200	1.346500	2.647500	1.000000	1.837500	0.810600	0.681500	2.370500
198	6.049500	4.389200	2.464300	4.247900	3.663600	10.929500	4.858700	4.070200	4.854300	4.876500	1.920100	4.637700	5.143400	4.544000	5.706300	5.186200	0.000000	2.172400	1.624800	4.395700
199	2.272400	1.212900	2.333100	0.000000	-0.177700	4.580100	1.489600	0.467600	1.456700	1.321400	0.356200	1.254800	2.195400	1.890700	2.802400	2.230700	4.144200	2.644000	2.679900	4.269600
200	0.912300	1.055100	0.421500	2.174400	1.628500	4.212700	0.855800	1.526300	0.951000	1.617900	0.191600	0.562100	1.584000	0.677900	1.906100	0.000000	0.687700	0.276900	0.051100	0.054800
201	-0.356500	1.318400	0.630900	2.596200	2.845600	5.144800	-0.200900	2.314000	0.983200	1.057000	0.801700	0.000000	0.943300	-0.229000	1.845400	0.286000	0.514400	0.326600	0.238500	0.420100
202	0.563100	0.088100	-0.166200	2.362700	2.459900	4.682200	-0.073800	2.274700	1.108700	0.417600	-0.290200	-0.224800	0.000000	0.099300	0.239600	0.528500	0.942200	0.551800	0.288100	0.560100
203	2.993800	1.900600	-0.306500	1.336900	0.647600	1.380200	1.057100	2.097000	3.061500	2.035500	-0.908200	1.292600	1.966100	1.403200	1.788200	2.537500	-0.223000	0.000000	-1.903400	1.298100
204	0.827100	0.800500	-0.016600	0.550900	0.224500	-0.333700	0.216800	0.781900	0.938000	0.499600	-0.352700	0.000000	0.044100	0.139800	0.776000	0.776400	-0.112300	-0.269200	-0.391400	0.818200
205	1.337500	0.482500	-0.377300	0.950600	1.098100	2.545000	0.141100	0.022800	-0.317800	0.593300	-0.168700	0.000000	0.415500	0.159100	0.922100	0.764600	0.396600	-0.266500	-0.366700	0.396000
206	4.559900	3.231500	2.525900	0.556400	0.000000	5.413200	10.761400	2.508000	4.056900	2.597400	0.556900	6.323000	5.084000	5.260000	4.515800	5.067900	31.056110	14.891800	10.529200	7.865500
207	5.928600	4.381000	1.117700	1.992700	3.670200	9.157300	6.356600	4.291800	4.752000	3.733700	1.121900	3.033100	5.167400	3.580200	5.792700	5.096800	4.609600	2.168700	0.000000	3.762400
208	-0.130200	0.325500	0.542100	1.103100	0.995400	-0.164100	0.825900	0.000000	-1.189100	0.184600	0.750100	0.674900	-0.794000	0.306400	-3.189900	-0.725600	1.014200	0.581600	0.628500	0.461500
209	0.478600	0.029000	-0.233600	0.256100	-0.331300	-1.597700	0.264100	0.243100	0.350600	0.506100	-0.556400	0.000000	-1.146800	-0.223200	-0.427100	0.374400	-0.265900	-0.524300	-0.715300	0.538400
210	0.082100	-0.422800	-0.766200	-0.061000	-0.543900	-0.484900	0.044600	-0.315200	-0.249300	-0.121000	-0.825600	-0.252200	-1.724400	-0.491100	-1.244900	0.000000	-0.369100	-0.687300	-0.818700	0.041500
211	1.960000	0.464300	-1.012800	2.963400	1.593800	-0.496800	0.445600	1.084900	0.728600	0.114600	-0.815700	0.216600	-0.548300	0.000000	-0.113100	-0.578300	-0.975200	-0.587900	-0.831900	0.070700
212	5.299400	3.803500	1.357000	4.593400	3.544800	13.908100	3.243200	5.014200	5.372900	4.197100	0.700500	3.002500	3.570800	3.671700	4.419800	4.708000	1.139400	-0.169900	0.000000	3.207000
213	1.285200	0.459200	-0.473400	0.377500	-0.489500	3.229100	0.620900	1.085800	1.111200	0.977200	-0.290200	0.221100	0.135300	0.583700	0.547700	0.000000	-0.141100	-0.612900	-0.370600	0.686500
214	1.155000	0.152900	-0.477700	1.146000	0.699200	2.161900	-0.128300	0.922100	0.290300	0.932400	-0.693800	0.171100	-0.133300	0.055300	0.288100	0.000000	-0.017700	0.095100	0.035700	0.356800
215	1.412700	-0.452200	5.013200	2.603500	1.516800	6.511300	14.387800	1.023200	0.000000	1.827100	5.431100	16.273200	9.833000	11.563300	4.513900	6.217600	42.856300	27.776155	23.791170	21.265730
216	4.738800	3.210000	0.000000	2.480400	2.518400	7.902300	1.548700	2.477900	3.729900	3.232800	0.059600	2.302100	3.355900	2.197400	4.439200	2.838700	3.777000	6.425000	5.830800	3.275300
217	1.099700	0.497000	0.289300	0.870000	0.284800	3.340600	-0.615300	0.965500	0.696600	0.887300	0.007800	0.000000	0.501500	0.116800	0.989900	0.452900	0.188200	0.171900	0.073600	0.392400
218	0.674200	-0.144200	-0.737600	0.752100	0.549700	4.746600	-0.900700	0.115300	-0.220200	0.434400	-1.039600	-1.008900	-0.057900	-0.324300	0.495600	-0.305900	-0.862900	-0.259200	-0.300700	0.000000
219	1.421600	0.000000	4.337800	3.784400	5.176700	3.099000	5.371600	3.300000	0.339100	0.944300	1.282700	2.883600	6.066600	5.169500	5.656000	4.418100	18.971200	23.091680	17.944700	49.691800
220	0.000000	3.826100	3.908100	5.448700	5.364200	8.089900	1.783500	4.888500	4.493600	4.466700	4.497900	1.140200	4.604800	3.288500	5.091200	3.576600	4.089400	3.796600	3.750700	1.838900
221	5.061600	3.614600	2.925700	1.461600	0.000000	9.128100	7.588700	3.843300	5.100500	2.993800	0.534600	9.058700	5.829300	4.837300	5.467400	4.444900	16.275900	21.330020	13.508100	32.205050
222	0.000600	-0.096700	-0.202100	-0.000600	0.043400	-0.351000	-0.683600	-0.008900	-0.399100	-0.138900	-0.314300	-0.927500	-0.066500	-0.430300	0.000000	0.002600	-0.489600	-0.260300	-0.309300	-0.086900
223	2.450600	0.856300	0.668900	1.000500	0.766900	2.379500	0.547700	0.952500	1.486200	0.600100	0.230000	0.418500	0.623600	0.775500	0.000000	0.754600	0.475200	0.418500	0.303300	1.214300
224	2.876400	2.191700	0.000000	2.323500	1.332000	0.838200	1.838700	2.693200	2.876400	2.194600	0.419300	1.504700	1.919100	2.248200	3.122900	2.541700	3.253200	3.146200	3.026300	3.299700
225	0.280200	0.390900	0.297000	1.320100	1.202600	0.508400	-0.582400	-0.389100	-0.982000	0.651300	0.638000	0.211800	0.531400	-0.138400	0.233700	0.000000	1.119300	0.463700	0.468900	0.434200
226	1.112400	0.399000	0.693500	1.884600	1.817100	5.172800	-0.400300	1.390000	-0.228900	0.004300	0.438800	0.017500	0.731100	0.009000	0.127500	0.000000	1.254700	0.542800	0.500700	0.502400
227	3.940300	2.460700	-0.075600	0.992700	0.000000	2.807800	1.552300	1.488700	2.708600	2.424600	0.146200	2.872800	2.251600	1.456900	4.198800	2.370900	3.000400	0.596900	0.976000	1.957700
228	0.544900	0.928200	1.670900	2.389600	2.468500	0.757500	1.849500	0.865300	0.000000	2.280300	2.408600	1.598400	0.502300	1.990200	-1.344400	1.157300	2.002400	1.482500	2.657300	2.271400
229	4.289800	3.027200	0.333400	2.155600	0.683200	1.918500	3.763100	3.352900	4.173700	3.154800	-0.212600	3.389500	3.747500	3.041200	4.490600	4.211100	3.972100	1.392200	0.000000	3.546800
230	2.161100	1.546500	1.272400	1.983400	1.370900	-0.007400	1.718500	1.584000	1.564800	2.269500	0.993100	1.402500	0.000000	1.282600	0.337000	1.876600	1.659400	1.823200	1.691300	1.927700
231	2.332300	0.416000	-0.705000	1.880800	1.588400	-0.208700	-1.033600	1.263800	1.137000	0.691900	-0.316400	-1.697700	0.078700	0.000000	0.771200	0.647300	0.081700	0.016000	-0.219900	0.810500
232	5.893600	4.100800	1.283800	2.787700	2.996300	7.480600	7.939300	4.745400	4.526100	4.194600	0.689300	4.520000	4.928400	3.536600	5.380700	4.906500	6.033700	2.717400	0.000000	2.869500
233	3.533100	2.314000	0.000000	1.383400	0.047800	6.218600	2.474600	2.021000	2.819000	2.728300	-0.124400	2.088100	2.563500	1.140300	2.500200	2.444900	2.532400	1.283800	0.136600	2.818600
234	0.256100	-0.962500	-1.585400	-0.904500	-1.600800	1.782400	-1.857700	-0.347600	0.000000	-0.238500	-1.892700	-2.604100	-0.734800	-1.217800	0.048200	-0.187800	-0.796000	-1.356300	-1.423100	-0.305700
235	5.376300	3.667100	0.000000	3.325500	1.842300	6.066200	15.206700	4.550900	5.264300	3.777900	0.280100	6.042500	5.228800	3.511300	5.412100	3.966900	10.320400	12.001700	6.538300	10.359500
236	5.598600	3.782100	1.599900	3.202100	4.503900	8.932800	4.386100	4.554300	5.114300	4.173400	0.893600	3.975600	5.173000	3.947300	5.384300	4.819700	0.908700	1.672100	0.000000	3.581400
237	1.007400	0.163100	-0.287300	0.432200	-0.222500	4.376700	-0.309100	0.811000	0.265600	0.781800	-0.734900	-0.126400	0.213700	-0.343400	0.642100	0.000000	-0.710000	-0.151800	-0.520000	0.076900
238	1.025000	-0.533600	-2.613200	-0.271100	-0.618600	2.416200	-1.195000	-0.977100	0.000000	-0.256700	-2.352300	-0.959100	-0.111800	-0.821700	0.470600	-0.478000	-1.302900	-2.469300	-2.740800	-0.563200
239	4.090200	2.326500	0.659400	4.179600	4.591600	12.138300	3.290200	3.907500	4.288400	2.976400	-0.006800	2.008600	3.793000	2.520300	3.891000	2.799100	1.708200	0.000000	-0.512600	1.784300
240	2.534800	1.621200	-0.062700	1.653000	0.992800	6.362500	0.655200	1.296200	2.125300	1.956800	0.457800	0.000000	2.970700	0.611900	3.626800	1.946400	2.628400	2.458400	2.529300	2.502600
241	1.314200	0.371000	0.000000	0.590700	0.019300	4.099100	-1.034700	0.797900	0.655900	1.201500	-0.129600	-0.020700	0.486700	0.098100	1.231900	0.680500	0.066300	0.038500	-0.214600	0.442900
242	2.873500	1.843900	0.609000	2.232500	1.659500	4.150300	1.677500	1.759300	2.120400	2.159200	0.406600	1.480100	2.294000	2.022100	3.243500	1.917100	1.589500	0.600500	0.000000	2.572100
243	0.565200	0.885000	-0.330200	1.105600	0.774200	3.308000	0.194100	1.268000	0.889600	0.788600	0.183500	0.200900	1.109200	0.752100	1.460900	0.000000	0.306700	0.007800	-0.428400	0.064400
244	-0.765600	0.530900	0.617100	0.630500	0.600200	1.724100	0.308700	0.410700	-0.057100	0.447200	0.521300	0.000000	0.727100	0.542900	0.850000	0.541700	0.437400	0.382200	0.411800	0.392000