SITE	GLY	ALA	LEU	VAL	ILE	PRO	ARG	THR	SER	CYS	MET	LYS	GLU	GLN	ASP	ASN	TRP	TYR	PHE	HIS
3	0.346900	0.156100	-0.841500	0.060000	-0.680500	0.509900	-1.119800	-0.155700	-0.056300	-0.111000	-1.070900	-0.709100	0.246400	-0.069500	0.579400	0.130800	-0.821800	-1.390100	-0.829200	0.000000
4	0.993900	0.081300	-0.512300	2.761770	3.982980	-0.620800	-0.084100	1.916400	1.463300	0.657700	-0.690300	-0.180300	1.375800	0.127500	2.472230	0.000000	-0.215700	-0.708100	-1.058100	-0.540400
5	4.643120	2.808000	4.201440	3.021100	4.144720	0.000000	5.270810	4.565970	3.865390	3.847560	2.070200	4.626800	5.701710	4.735760	3.721550	2.872500	12.975515	9.358790	8.396690	12.359360
6	5.315900	3.461410	-0.458500	0.000000	-0.449900	5.424510	4.636390	2.362900	4.582220	2.528900	3.109990	2.596200	4.716930	2.109100	5.530880	3.395530	15.775740	9.352010	6.928430	10.111300
7	5.065310	3.956680	0.846800	0.000000	-0.395100	5.628030	14.419270	2.936570	5.257270	3.022300	3.707100	9.745110	5.764650	5.302030	5.051450	3.860710	22.698670	20.081360	14.088320	26.685700
8	6.526760	4.982170	0.682100	4.985070	6.966170	5.784830	4.446620	4.860330	6.141500	4.125690	0.000000	3.623690	4.976740	3.544840	6.039460	4.263060	3.956370	4.830730	1.803000	3.170370
9	5.024250	3.338300	0.651800	0.000000	0.153100	7.143790	10.428120	2.680530	4.406410	2.395000	2.267600	5.385560	6.655840	5.762490	4.586260	2.364700	16.268110	10.525940	8.557690	15.486880
10	1.797000	1.097300	5.156860	1.780200	2.285500	-1.031800	13.890900	2.500930	1.904900	1.853600	2.245000	3.303400	2.871980	5.376270	3.867150	2.522610	16.348660	13.356266	7.436400	0.000000
11	0.000000	2.277280	5.603620	8.994200	11.235996	0.816500	3.490050	6.172050	2.844200	2.633080	3.713530	4.723480	4.440300	5.520500	4.062990	2.954130	3.210480	3.393060	2.981680	3.965200
12	1.355600	0.922100	0.470000	0.484200	0.000000	0.083100	-0.441800	0.796600	1.318500	0.572600	-0.251100	-0.210700	1.047200	0.121600	0.331800	0.943000	0.702600	1.588400	0.313000	1.668700
13	0.000000	2.468840	1.604300	4.356900	3.917750	6.666290	1.935520	3.108410	2.409810	2.353550	1.636030	2.010870	2.165120	1.958660	2.431980	2.031040	3.419280	1.546800	1.435300	2.206800
14	0.000000	2.900960	3.749110	7.364960	7.369210	7.736830	3.427900	8.320290	3.046050	2.744490	2.810700	3.335160	2.854670	3.343900	2.626680	3.468810	5.656490	4.041840	2.045600	3.779070
15	-0.910100	0.000000	-0.194800	0.376100	0.082200	1.388500	-0.324800	-0.752400	-1.184200	0.061900	-0.148600	-0.142800	0.231400	0.434700	-2.027000	-1.162100	0.800000	-0.678700	-0.988100	-0.018300
16	0.374200	-0.501000	-1.184900	0.258200	1.098600	-0.751400	-0.635900	1.114700	0.000000	-0.100900	-1.053100	-1.128100	-0.740000	-0.926500	0.100900	-0.991900	-0.166700	2.225730	1.842050	32.678400
17	0.319800	-0.353600	-0.609900	0.022800	-0.412500	-0.005300	-0.252400	0.396100	-0.056200	0.111900	-0.440500	-0.435900	-1.207500	-0.272300	-0.789000	0.126400	0.013900	0.069400	0.000000	0.353300
18	1.343100	-0.028000	-0.949700	0.517700	1.632100	3.359740	0.309800	1.186100	-0.081200	0.441000	-0.684600	-0.166400	0.363300	0.402300	-0.786500	0.000000	-0.931500	-0.485200	-0.756300	0.169100
19	6.087400	5.098790	2.046800	4.505470	3.570380	6.358460	7.219770	4.299130	4.942060	4.797580	1.335100	4.822360	6.123540	4.804630	5.935280	5.124950	2.378490	2.211300	0.000000	3.869640
20	0.482800	0.000000	-0.536500	-0.326700	-1.035700	3.599600	-0.298800	-0.351400	-0.039300	0.405700	-0.926900	-0.017600	-0.313600	-0.386900	0.006700	0.179100	-0.194500	-0.223200	-0.380000	0.037700
21	0.000000	-0.431500	-0.403700	1.221400	0.799800	-0.015300	-0.200800	0.872500	0.774400	0.144300	-0.591800	-0.534900	-0.203600	-0.184400	-0.110300	0.132800	0.380900	-0.027500	-0.111700	0.443000
22	4.701230	3.072100	-0.360800	1.161400	0.000000	0.320100	6.882960	2.639100	3.509000	2.925500	1.139500	3.787100	3.930000	2.742900	3.965700	3.036400	12.343450	7.877530	3.576800	2.729900
23	2.301350	1.170600	-0.649100	0.423400	-0.655800	5.473210	0.308300	0.815200	1.842180	1.671900	-0.781700	0.000000	0.972000	1.101300	2.668230	1.109200	1.683700	2.340810	-1.453900	0.715200
24	0.756100	0.045600	-0.384800	0.408400	-0.085900	2.637220	-0.475200	0.138700	0.000000	0.658700	-0.731100	-0.085800	-0.053900	-0.139200	0.440200	-0.020500	-0.124600	-0.294500	-0.392600	0.272700
25	2.249250	1.828120	0.960200	2.068410	1.624800	5.084460	1.890080	2.602940	2.710730	2.733150	-0.374700	2.167320	2.183630	2.493860	3.363030	3.087100	-0.141500	0.000000	-1.024300	1.769530
26	6.573780	4.422930	0.000000	3.877300	5.045140	8.912440	8.519870	3.507100	4.962510	4.376370	0.386200	5.207220	5.644480	4.170920	6.265370	3.733300	8.249810	5.765580	2.170300	3.972900
27	1.766820	0.868100	1.438800	0.000000	-0.519200	4.098960	0.481300	0.916500	1.292200	0.912200	0.139000	0.712200	1.559800	1.448500	2.111910	0.609200	1.194700	1.337300	1.169200	1.548900
28	1.768540	0.740600	0.535500	1.618370	1.216400	3.492280	0.465600	1.706560	0.000000	1.464300	0.508500	0.582100	0.930500	0.633300	1.463700	0.750800	0.881700	0.787900	0.717800	1.022000
29	1.231700	1.079600	0.150600	1.093200	1.200700	3.413970	-0.251700	2.149710	1.711600	1.369800	0.168700	-1.188300	0.348300	0.000000	1.910000	0.317800	5.318720	1.349300	-1.055300	4.519330
30	0.000000	3.422870	3.734400	4.878920	4.837780	8.143130	2.889300	4.884080	3.625490	3.624870	3.638620	3.001700	3.904590	3.291260	3.938580	3.629910	3.616040	3.657810	3.617920	3.776540
31	4.281500	2.383500	-0.228300	1.726900	1.159900	4.073130	4.224190	2.343300	3.590700	2.616400	1.528000	3.703940	2.747800	2.642300	3.218330	2.387700	0.000000	0.860700	0.090500	3.512120
32	0.485800	-0.507500	-0.730400	-0.203400	-0.521700	-1.690900	-0.393400	-0.103700	0.000000	0.081700	-0.485100	-0.445300	-0.265700	-0.157000	0.009200	0.104600	-0.213000	-0.162500	-0.178700	0.049800
33	1.491200	0.713500	-0.171200	0.724300	0.306300	-1.092000	0.000000	0.921800	1.308200	1.162600	-0.238400	-0.055500	0.445000	0.393400	1.364700	1.114900	1.259200	1.898150	1.878120	1.304300
34	0.168300	-0.048600	-0.123200	0.280500	0.019500	0.108500	-0.056700	0.267900	0.120100	0.122200	-0.110800	-0.054700	-0.434300	0.013400	0.000000	0.163500	0.068800	0.032400	0.038000	0.241700
35	1.725000	1.018500	-0.583800	1.309200	-0.108400	3.724990	-0.511300	0.843900	1.013100	0.703400	-0.425900	0.000000	1.331200	0.823800	1.607400	0.517300	-0.515900	-0.419800	-0.661700	0.355900
36	5.656660	4.575690	0.000000	1.843800	0.857400	7.193790	7.477790	3.094900	5.486990	3.563320	1.011200	4.305750	5.613220	3.403200	5.463040	4.362420	3.212300	15.176820	8.417070	6.983690
37	4.798900	3.395350	1.545700	3.285700	3.256160	5.838160	2.599370	2.695260	3.534160	3.089930	1.028700	2.252100	3.480300	2.518520	4.075950	3.718670	0.646900	0.000000	0.126700	2.820800
38	1.162800	0.000000	-0.343700	-1.988400	-2.367400	0.440600	0.138400	-0.716200	0.778700	-0.504500	-1.996200	-0.061800	0.314300	0.318000	0.761500	1.171500	2.548660	0.332800	0.583100	1.826350
39	2.921800	1.320000	0.440200	0.000000	-0.777500	2.788410	3.877990	1.849400	2.465600	0.561000	1.859900	3.533100	1.889200	5.125860	2.187000	1.536400	9.470990	13.714780	6.633470	41.372900
40	3.551290	2.194350	1.256300	1.652200	1.541700	2.680140	1.465800	1.829400	2.359070	1.978600	1.388900	0.922100	0.836600	1.289500	0.000000	1.100700	1.741000	1.249900	1.004000	2.154790
41	5.111500	4.205410	1.707200	4.702030	3.737260	4.914990	5.733880	6.207930	4.048400	4.321980	0.987500	3.603450	6.453130	4.685980	6.785540	5.234760	5.121420	1.277800	0.000000	3.366640
42	0.431400	0.449600	0.046400	0.489500	0.493800	-0.394400	-0.012000	0.502700	0.345500	0.436900	-0.109600	0.149600	0.418000	0.390300	0.598100	0.302700	0.000000	-0.355900	-0.504100	0.293900
43	3.698790	2.902510	3.213590	3.358220	3.702900	3.056860	3.112750	3.594020	3.729690	2.782470	2.983130	3.343470	1.161300	3.925340	0.000000	1.742800	6.861340	6.651840	6.063490	6.185280
44	0.157000	0.231800	0.248700	0.762800	0.567800	-0.510200	-0.083400	0.617900	0.154300	0.384300	0.145600	0.000000	0.257600	0.247000	0.386900	0.308700	0.179200	0.068000	0.012900	0.553600
45	0.706500	0.376300	-0.052500	0.493400	0.354100	0.747600	-0.179400	0.000000	-0.429900	0.657500	0.063900	-0.210200	0.446900	0.300000	0.658500	-0.417000	0.815800	0.122000	-0.057100	0.521100
46	0.000000	3.247460	6.164580	7.290830	9.853650	9.038440	13.827910	7.753530	4.529390	3.502990	4.931950	7.948900	8.168930	6.689330	7.251810	4.522070	20.600670	18.487350	15.193130	23.801900
47	0.661500	0.378500	0.265700	-0.042400	0.376000	2.594520	-0.171200	0.000000	-0.392400	0.520000	0.318000	0.061700	0.844200	0.616300	1.120800	0.220700	0.365800	0.093700	-0.007000	0.194800
48	2.506810	1.092200	-0.738500	0.158000	-0.340400	-1.244300	1.086900	0.617400	2.108580	1.553800	-0.041700	0.214400	0.738500	-0.498900	1.335800	0.000000	0.652900	3.030720	-0.494700	2.196900
49	0.560100	0.122200	0.170100	0.659100	0.343100	-0.851900	-0.073300	0.541700	0.611900	0.686600	-0.010100	-0.182300	0.113700	0.316000	0.515600	0.630200	0.157000	0.000000	-0.033200	0.597400
50	0.813800	0.598800	0.050600	2.229920	0.696100	2.131580	-0.494600	2.318450	0.421800	0.954400	0.256900	0.005200	1.059000	0.725200	1.484900	0.000000	0.869800	0.580500	0.612000	-0.553200
51	1.261500	-0.220300	-0.186600	2.500700	4.684140	3.098800	0.929200	1.062100	0.406500	-0.316200	1.257200	5.174110	4.944800	3.884850	2.584900	0.000000	12.012839	11.710390	7.443550	2.439200
52	0.000000	2.343160	6.079110	3.972970	5.773340	11.193621	5.914920	3.949000	4.756480	4.674850	2.174100	5.013180	7.397300	7.271390	7.216690	6.728750	25.232000	24.813800	24.302200	51.976500
53	3.138940	2.399300	2.748660	3.385220	2.476410	0.000000	1.890450	3.021750	3.052560	3.007590	2.413330	2.376030	2.971800	2.424200	3.307310	2.912270	2.590480	2.679980	2.629280	2.917030
54	1.568200	0.374000	-0.207200	0.000000	-0.061100	1.489500	0.761800	0.677400	1.252800	0.809300	-0.381100	0.301700	0.519200	0.101200	0.863800	0.839200	1.182500	0.381700	0.298700	1.139500
55	5.390550	3.380420	0.000000	2.951660	2.509330	9.345560	8.280500	2.901350	4.105520	3.594970	0.382400	3.026030	4.349340	2.932390	4.987460	3.110020	8.055010	6.236190	0.556100	2.860540
56	0.583400	-0.807900	0.920700	1.993450	1.313500	6.501860	0.869000	2.373140	0.000000	0.442000	-1.539600	0.612300	-0.147900	-0.493100	0.344400	0.536300	3.738760	4.059520	2.897360	2.283470
57	1.440800	0.666100	0.272000	1.025300	0.426300	4.195230	0.000000	0.753000	0.637100	0.994300	0.098400	0.404000	0.706400	0.263600	1.195100	0.677400	0.254300	0.529000	0.485300	0.725500
58	4.800700	3.066900	1.199300	2.920760	2.233240	7.375880	2.741630	3.136710	4.170930	3.559470	0.255900	2.485630	3.400660	2.235760	4.463210	3.049180	1.031100	0.905900	0.000000	2.652220
59	4.434190	2.441600	0.972500	0.000000	0.303100	4.846250	10.146250	1.649400	3.511600	2.503100	2.389500	5.028250	4.676660	3.647950	4.747900	3.319100	19.271970	5.877990	3.277200	3.292100
60	1.201100	0.272100	-0.572800	0.406600	0.029100	3.607500	-1.023600	0.562400	0.398000	1.062100	-0.007200	-0.069500	0.758100	0.000000	1.062600	-0.359100	0.091500	0.618500	0.401100	1.015700
61	1.164300	0.300400	-0.059500	0.856300	0.195500	3.317460	-0.318700	0.998300	0.870500	0.975700	-1.063600	0.000000	0.441300	0.260900	1.053600	0.279400	-0.749700	-1.368500	-0.280700	0.202200
62	4.751830	2.571700	0.767400	0.000000	0.758700	4.554380	5.835170	2.393500	2.996300	1.516800	1.412900	3.305800	3.879800	3.500900	4.111200	1.960600	10.432500	5.307160	4.092700	4.816140
63	3.899280	2.849380	0.000000	2.510990	1.450500	6.434370	1.557400	2.307740	2.819000	2.599010	0.762800	1.029700	4.143910	2.590180	5.288560	2.746760	6.200130	5.760210	6.278520	4.198630
64	0.143900	-0.497200	-0.625000	-0.063300	-0.496700	2.625800	-0.867200	-0.086400	-0.648000	-0.062600	-0.801700	-0.676400	-0.347200	-0.806200	0.000000	-0.558400	-0.797500	-0.631500	-0.771200	-0.448600
65	1.561800	0.766000	0.132400	0.880200	0.322700	3.640800	0.412200	0.826500	0.891400	1.462200	-0.335800	0.580100	0.000000	0.212500	0.546600	0.632000	-0.137800	0.229000	0.395700	0.711100
66	2.069900	0.973700	-0.507000	-0.166300	0.231000	3.650890	-0.993400	0.000000	0.791300	0.296600	-0.600100	0.234900	1.729700	0.647500	2.547900	0.651000	6.853520	5.903100	3.859090	3.868440
67	0.000000	3.825770	3.427910	5.254910	5.072870	7.713960	1.211500	4.748760	3.653510	3.930060	3.520080	0.808700	4.444490	2.906120	4.855110	3.050600	4.264320	3.437700	3.404420	1.106400
68	1.665200	0.000000	0.708200	1.647700	1.333300	3.223570	1.610500	2.329000	0.724200	1.664300	0.912100	1.890800	1.716900	2.174900	2.983170	2.659120	5.573520	6.265650	5.253940	4.047530
69	0.828100	0.599000	0.421000	0.567600	0.444000	0.341900	0.228600	0.648700	0.799300	0.525800	0.339000	0.000000	0.301400	0.196500	0.010500	-0.046800	0.924400	0.642100	0.212600	0.809100
70	1.110300	0.395300	0.455100	0.163000	0.607100	1.772700	0.127900	0.790500	1.210700	0.680700	-0.047800	0.000000	1.288500	0.772100	2.498310	1.292100	0.534700	-0.921500	0.888600	0.686600
71	5.529940	3.561900	0.559800	0.000000	-0.488300	4.751190	12.303340	2.715800	3.796900	2.520000	1.862900	6.470290	8.067620	5.287080	6.505960	3.903700	15.039829	7.880320	5.602410	45.762200
72	1.461400	-0.459900	-3.100200	-1.131000	-1.762200	1.542600	0.635300	-0.391900	-0.138300	-0.158100	-2.777100	-2.412600	0.497500	-0.891300	0.000000	-0.632600	-2.607300	-0.481300	-1.325900	0.057200
73	6.418810	4.688040	-0.195100	1.207000	0.000000	6.763920	5.813300	3.626050	5.028470	3.660520	0.166700	2.801880	5.303890	2.790240	6.731210	4.026830	12.861234	9.204170	4.254580	4.853690
74	6.786950	4.339970	-0.309800	0.000000	-1.195400	5.388550	9.983270	2.841400	5.516380	3.098400	1.247900	8.015590	5.636090	5.401840	5.384180	3.085600	20.273740	11.801520	8.338500	8.116300
75	1.695000	0.000000	1.077000	1.716200	2.653350	1.672000	9.378200	2.797370	0.188100	1.081000	1.310600	3.681490	5.459620	5.070100	5.500450	5.857960	35.232400	15.183640	9.837670	54.042300
76	3.848470	2.238100	-0.525500	-0.473500	-0.876000	8.307700	2.882100	1.661400	3.254080	1.768700	-0.602300	1.860300	2.693300	1.673300	3.931420	2.054300	-2.072500	0.737400	-1.329400	0.000000
77	-2.438900	1.150700	1.184900	3.914060	4.311880	10.149270	0.758900	0.271000	0.000000	0.598300	-0.291900	0.556500	1.772900	0.847100	1.302300	0.933100	1.033000	0.282400	-1.083900	2.065200
78	2.562760	1.500200	0.178700	1.457600	0.954700	1.100700	1.741600	2.748140	2.698100	1.770100	0.000000	1.198700	2.370240	2.360000	2.693450	2.550580	3.053790	0.870200	1.576200	2.277580
79	0.000000	4.399600	31.378600	21.725120	30.935000	14.271580	41.676300	18.309660	12.080168	13.731586	24.532800	35.043600	27.665700	31.356900	26.965500	27.469300	83.844800	69.280800	67.850400	79.290900
80	0.000000	0.361900	10.492580	8.069870	13.485480	3.532700	18.194560	4.004600	1.683400	2.331200	11.111100	14.788245	13.985430	12.697540	10.872390	9.525100	25.061100	20.029570	17.597810	46.592500
81	1.690400	0.000000	4.353230	3.256460	3.376210	0.058100	3.112770	1.834100	0.678600	2.229300	0.686200	2.067000	3.941830	6.587860	6.080790	7.668830	11.489442	13.305460	8.122930	48.666600
82	2.706650	1.216200	1.948000	-0.440800	-0.017600	4.169100	8.364480	0.881200	1.908900	1.414400	1.904900	4.085020	3.831980	4.379150	2.271610	0.000000	13.294180	14.185420	6.685730	36.068000
83	2.581500	0.554400	-1.081200	-1.691100	-0.363700	5.486010	10.422400	0.000000	1.451500	0.578000	-1.866800	3.844520	2.810300	2.927700	2.789100	1.714800	16.700330	18.172240	13.906946	16.169350
84	5.025570	3.103600	0.000000	3.435210	2.505600	5.710710	6.212050	4.170780	4.842090	3.283680	0.301300	3.174530	4.568040	2.750000	4.925110	2.920000	8.106050	3.814650	1.342800	1.920700
85	3.718230	2.259670	1.648300	3.919800	3.726670	14.934220	2.655530	4.187950	3.080500	2.890480	0.822300	2.369040	3.360330	2.879020	4.155930	3.477800	1.006500	0.000000	-0.344800	2.462130
86	4.708990	2.846400	0.031900	2.096400	3.346700	8.742900	3.174800	3.171500	3.606400	3.019900	-0.393100	3.787690	4.813230	2.517000	6.029500	3.618130	2.087200	0.000000	-0.887100	3.014900
87	5.453890	3.754270	0.393200	1.272700	0.000000	7.976610	9.429370	2.842800	4.351480	3.625850	-0.141700	4.384080	4.082570	3.273880	6.135350	4.079010	11.498870	8.263790	5.581110	6.096410
88	2.607910	1.302400	-0.048000	3.116280	1.053100	11.082759	0.623400	2.432060	2.391100	1.961420	-0.086100	0.000000	1.523000	0.855500	2.207710	1.782940	0.504000	0.755000	0.120000	1.490000
89	0.131000	-0.170700	-0.987200	0.216600	-0.083900	0.214900	-0.989700	1.089400	0.212100	-0.334200	-0.568000	-0.583300	-0.333700	-0.741900	0.289000	0.000000	0.013700	-0.498500	-0.385000	-0.226400
90	1.910790	2.240200	0.000000	2.738800	2.802470	3.138470	1.210100	4.268360	2.105290	2.987650	1.264500	1.194600	2.907840	2.671710	3.087960	1.618500	2.465590	2.202180	1.730700	2.112620
91	1.546900	1.868940	1.556600	1.685530	1.621260	1.401300	1.545800	2.330740	1.640660	1.387500	1.456100	1.548300	0.354800	1.364600	0.000000	0.627500	0.823000	1.426100	1.482800	1.772930
92	0.000000	5.625370	11.356470	17.564090	17.531750	21.480210	18.475500	17.058790	9.430970	8.263440	8.055290	14.587740	14.247500	17.024320	12.141940	10.511110	26.665800	18.006130	13.624180	34.535900
93	0.000000	-0.478700	2.128690	1.090700	1.837400	-0.407700	0.001100	2.173800	-0.212200	0.745500	0.633200	-0.263800	1.579200	0.445500	2.381430	1.626800	1.533900	0.852300	0.009200	1.857000
94	0.776500	0.783600	0.917000	1.824120	1.542200	1.145600	0.652800	1.995100	0.960500	1.100200	0.946000	0.590600	0.926200	0.487100	-0.144600	0.000000	3.377140	2.947770	3.286690	2.667930
95	2.637150	1.938660	0.439900	0.783000	2.232180	5.454980	0.784700	1.289100	1.602000	2.930670	0.740600	0.000000	3.156350	1.618900	3.576200	1.932130	2.021080	1.177100	0.851600	1.234700
96	4.852440	3.103980	1.518000	0.000000	-0.170100	6.410040	10.140670	0.961300	3.331890	2.343700	1.509600	5.207710	6.950830	5.612370	5.590510	4.178130	11.143350	9.984630	10.794240	7.514920
97	0.041600	0.000000	-1.445100	-0.281000	-0.471800	3.975530	-2.721100	0.426800	0.438300	0.356900	-0.953900	-1.696000	0.854900	-0.743100	1.514500	0.648800	-0.053100	-1.722700	-2.085600	-0.761500
98	1.827600	0.406400	-1.603800	-0.535500	-0.796800	2.746300	-1.595900	-0.409600	0.571500	0.253400	-0.899200	-1.440000	3.593480	0.516400	4.296210	0.000000	0.729000	-1.465900	-1.971100	-0.889800
99	5.615230	3.636930	0.600700	0.000000	0.662300	8.418740	6.863910	3.017240	4.733590	2.817630	-0.016300	4.923000	4.478350	3.573150	4.905240	3.378870	8.087740	4.767270	3.162770	3.985350
100	6.359600	3.907700	1.038400	0.000000	-0.738600	6.572490	12.791659	2.502700	5.103680	2.747200	2.891900	2.298700	4.928200	3.005800	5.613540	3.448900	24.023100	18.073280	11.990800	12.581520
101	3.375000	2.151300	-0.663500	0.497300	-0.270200	2.225900	9.633680	0.000000	1.558600	1.259100	-0.826400	0.596800	3.291200	2.384800	3.245500	2.566300	9.409550	4.362900	1.324600	2.346500
102	6.630490	4.702460	0.000000	2.624000	1.350300	5.909810	7.234410	3.457640	5.712050	3.548110	0.034900	4.164510	5.265550	4.055500	5.597470	3.765550	10.159890	12.623466	5.552710	7.473650
103	0.000000	2.948900	7.826860	6.356690	10.752250	9.588880	16.505610	7.785390	6.543800	3.468900	8.445050	10.303460	9.500620	10.314380	5.680150	3.413250	31.580300	19.161470	18.908600	9.200030
104	0.000000	0.135100	10.189590	7.246750	10.399830	3.055620	24.388900	7.805890	3.202580	4.957440	13.425149	19.889400	15.974410	17.047750	11.579450	9.680260	45.096200	50.079700	34.928700	35.603300
105	1.383500	0.000000	-1.419100	0.909500	-0.592700	1.900400	-1.522000	2.016000	1.668100	0.911000	-1.723900	-0.639600	0.255800	-0.260500	2.246730	1.225400	1.669900	2.833220	2.865830	5.306310
106	0.914400	-0.807500	-1.375600	0.340900	0.146300	1.680300	4.434340	0.456200	-0.080000	-0.155300	-0.193000	2.943330	1.899300	0.861500	1.133600	0.000000	7.874350	11.414180	8.804300	23.387300
107	1.345600	0.939500	0.429000	1.517000	1.629100	7.117600	0.000000	2.661140	1.335500	0.840900	0.406300	-0.252500	0.868600	0.515800	1.283700	0.978200	1.414200	1.543300	1.487500	1.549700
108	2.160620	0.941200	0.000000	1.274000	0.747500	4.321190	0.322400	1.371600	1.051900	1.080300	-0.065300	0.161400	0.716900	0.958500	1.357400	0.920500	0.415100	0.304400	0.209200	1.257100
109	3.646740	2.679650	1.292500	2.826040	5.503990	8.846710	3.640980	0.000000	1.333300	2.889210	2.974880	3.060180	3.974580	4.601340	5.041460	3.538500	13.815260	18.935750	12.963167	12.698854
110	2.289900	1.239200	2.035400	0.370400	0.656400	3.710860	2.332300	0.000000	1.037100	0.343500	1.813200	2.022400	1.376000	1.930400	0.769300	2.156800	2.592130	1.336300	1.273900	1.190500
111	0.000000	-0.219800	0.768700	0.066500	1.336600	-1.754200	2.233390	1.131600	0.057700	0.208000	0.663600	1.897280	-0.608000	0.136100	-0.548200	-0.247800	1.270500	2.161620	0.672800	1.751730
112	1.975900	1.216000	-0.373400	0.052100	-0.082800	3.735140	0.279400	1.019100	1.297100	0.816300	-0.279800	0.000000	0.576300	0.306600	1.649200	1.311400	1.115100	0.802600	0.762600	1.445400
113	1.293700	0.000000	12.268590	4.451020	9.836690	6.321870	20.617630	3.846800	3.554700	3.308900	12.742740	18.556470	13.456402	15.798100	8.966460	7.839490	44.820600	34.549500	33.031600	46.276200
114	4.667270	3.129840	0.000000	1.239400	0.252800	1.073800	2.301370	3.468990	4.222600	2.825280	1.319200	1.124700	2.842900	2.525200	2.832610	2.656960	2.550420	1.653300	1.197100	2.467320
115	2.061620	1.356200	1.301200	1.563700	1.325500	0.000000	1.445700	1.815630	1.972930	2.072930	0.987000	1.283600	1.267800	1.371200	2.082530	2.031720	1.785240	2.236540	2.233110	2.157330
116	0.000000	5.905110	14.952210	14.575200	17.478880	17.137330	15.878690	14.279170	9.297800	8.592140	11.655473	13.803340	17.384710	16.042250	14.988870	15.208020	47.820000	43.060900	32.120500	58.873000
117	-0.531600	-0.646200	-0.753000	0.074800	-0.297100	1.150600	-2.228400	0.000000	-0.478800	-0.417100	-0.719600	-0.686500	-0.400000	-0.668100	-0.598400	-0.779900	-0.729600	-0.881700	-0.615400	-0.445900
118	1.765590	1.525500	1.091000	1.843050	1.472100	3.542020	2.001680	2.091450	2.240920	1.654100	1.185100	1.358300	1.692450	1.968480	0.000000	1.142000	1.606300	1.572000	1.340400	2.849940
119	1.244000	1.069300	1.175600	1.630450	1.414900	0.000000	0.688900	1.541200	1.286300	1.460600	1.462800	0.496000	1.259800	1.389600	1.389100	1.410600	1.441200	1.266200	1.223700	1.587800
120	1.122000	0.780100	0.705300	1.174000	0.991600	1.646600	-0.088900	0.846800	0.563400	1.131300	0.566600	0.518100	0.966900	0.209600	1.315600	0.000000	0.904100	0.586000	0.534800	0.535400
121	1.111300	0.323300	-0.698200	0.583800	0.370300	2.992000	-0.962500	-0.161100	-0.578700	-0.337500	-1.155500	-0.717600	0.245300	0.000000	-0.088700	-0.176500	-0.270400	-0.303200	-1.126300	-0.270100
122	1.154200	0.342000	0.062100	0.469400	0.001400	-0.549900	0.233900	1.036400	1.066200	0.775700	0.012000	0.000000	0.163000	0.335900	1.227800	1.209400	-0.011300	0.091000	0.015700	0.854500
123	4.528200	2.816180	0.816900	0.963100	0.000000	4.426780	8.873930	2.232350	3.835060	2.473440	1.742100	1.852500	4.958630	3.170320	5.727510	4.396530	10.771650	13.265130	6.542220	6.081010
124	2.439900	1.589000	0.000000	1.336900	0.834400	2.810700	1.250200	0.727500	1.612800	1.507400	0.416100	-0.357500	2.268900	1.166000	3.469000	1.213400	1.198100	0.524100	0.049300	1.559700
125	7.279130	5.851130	1.850400	2.884630	2.501300	8.468320	5.108110	4.833630	6.187560	5.091420	1.623200	4.347940	6.352280	5.155860	7.509800	5.970790	2.344000	0.000000	0.501700	3.458800
126	2.710110	0.834400	-2.982100	-1.229900	-0.989000	3.363640	1.113700	0.000000	1.673300	-0.339500	-3.051200	-0.656500	1.410700	-0.039500	1.307400	-0.060400	0.650000	2.163700	0.212400	0.045400
127	1.439700	-0.008100	0.519100	-1.701800	-0.577200	-0.196600	9.617550	-0.831300	0.000000	-0.480200	-2.125200	2.233800	1.980400	0.976800	0.642200	-0.424900	15.783970	10.712400	6.679300	6.785390
128	7.099260	5.077490	0.494100	1.624500	0.000000	6.691740	10.066460	3.951950	5.669590	4.330370	0.646000	6.525490	6.324670	4.241030	6.758150	4.785040	12.139821	7.084980	4.348940	5.639130
129	3.302710	1.992800	1.880600	1.786000	1.993300	4.551610	5.125040	2.218400	1.959700	1.575000	0.326000	2.415300	3.999260	3.127800	4.044550	3.703380	2.586100	0.000000	-0.350300	2.749900
130	1.220700	-0.242600	6.728260	2.223500	2.424970	-0.799100	23.604900	-0.407900	0.000000	0.386700	7.610770	12.803002	10.441530	8.119570	1.984200	3.328330	14.444030	10.589560	7.901210	9.493930
131	0.191200	-0.064100	-0.072300	0.651000	0.396100	2.446880	-0.322600	0.949500	0.000000	0.245800	-0.323500	-0.376900	-0.094000	-0.006700	0.139000	0.203500	0.617500	0.306400	0.229500	0.549000
132	0.355900	0.000000	-0.303600	2.202030	2.178050	2.947790	-0.010100	1.618730	0.343700	0.508500	0.195500	-0.073000	0.242400	0.149400	0.166400	0.154900	0.621000	0.093600	0.068500	0.641900
133	3.372100	2.848700	1.781000	2.199000	2.233400	6.793370	7.996990	1.888900	3.203000	2.271600	0.944600	4.511610	1.199300	3.846520	0.000000	2.338100	16.263280	22.089730	7.759800	7.079580
134	0.378600	0.468600	0.101100	0.641800	0.193900	-0.333500	-0.409900	0.630900	0.219200	0.452500	0.000000	-0.149400	0.474600	-0.009800	0.519500	0.060200	-0.036700	-0.277600	-0.335000	0.198300
135	2.093360	1.352500	0.300400	0.422200	0.000000	3.785110	0.503100	1.313600	1.676600	1.851900	0.105400	0.152200	1.148000	0.550900	2.489820	1.069500	0.790600	-0.085500	-0.252100	1.207900
136	3.120130	2.023500	0.552300	0.000000	-0.211100	5.658510	0.604500	1.043700	2.495360	1.402500	0.484100	0.491200	2.359020	1.463900	2.348900	1.218800	0.558300	3.611920	3.224860	2.833810
137	1.235400	0.241800	0.233000	0.993300	1.895900	-1.257900	0.381100	1.414000	0.937700	0.955000	0.000000	0.350900	0.172400	0.354500	0.834500	0.914200	0.474500	0.332500	0.279700	0.745700
138	-0.060400	-0.911800	-1.316400	-0.990300	-1.528100	-2.559100	-0.166300	-0.360300	0.107000	-0.383200	-1.349200	-0.558700	-0.682300	-0.825500	0.039800	0.000000	0.683700	2.144450	4.687940	0.748100
139	0.793600	0.311100	0.277300	0.456100	-0.025900	-0.459600	0.269100	0.451100	0.796500	0.634100	-0.504400	-0.045800	0.129200	0.170200	0.716600	0.898800	0.318300	0.000000	0.498400	1.074700
140	2.923440	1.328100	0.000000	0.567700	0.434200	-0.365800	1.022900	2.242220	2.937830	1.848810	-0.348800	0.860600	1.584900	1.104300	2.843550	2.337950	0.297700	0.699400	0.539200	2.083700
141	0.886600	-0.198300	4.118560	-0.827000	0.189200	1.855500	5.682460	-0.727400	0.000000	-0.627800	1.238100	1.535700	6.932760	5.906500	4.850980	4.153330	28.874800	28.444400	16.006100	19.788770
142	1.126700	0.401700	-0.459500	-0.004200	-0.321800	3.601300	0.000000	0.104700	0.515100	0.253100	-0.144500	-0.130800	0.004200	0.138600	1.213100	0.502300	1.417600	0.422700	0.083000	1.014700
143	4.656810	3.106020	0.000000	1.800100	0.946000	6.461630	4.784530	2.584400	4.009190	2.504000	-0.142000	2.808010	4.292380	2.093800	4.225390	3.485950	12.837251	9.225000	5.653630	6.626340
144	1.070500	0.448300	-0.157400	0.298200	0.091200	3.462330	-0.585400	0.419300	0.129700	0.246100	-0.186400	-0.578700	0.049500	-0.506800	0.000000	-0.284400	0.026000	0.206600	0.102600	0.130200
145	0.000000	3.964710	12.216730	11.513390	15.825570	7.514930	9.157810	12.825452	6.772740	6.256740	7.726160	8.574100	9.746650	11.876650	11.294360	8.076800	12.037680	12.070520	11.781860	54.419100
146	1.232600	0.000000	9.741290	2.024300	3.665550	5.896220	12.069689	6.574770	1.463300	2.057200	3.064860	8.406100	8.387450	7.315910	7.163800	8.661720	41.902300	41.423700	40.242700	33.281200
147	2.831180	2.119270	0.637400	2.815280	2.935830	7.801520	0.000000	2.418810	2.913380	2.119200	0.663700	0.908600	1.774700	1.589700	1.846430	1.748200	0.089300	0.858700	0.762000	2.088520
148	2.322200	1.600700	0.985200	1.111000	1.272400	1.692500	2.135700	1.184100	2.550200	0.893000	0.397900	1.495900	1.762200	1.937500	0.691300	0.000000	2.736660	2.146800	2.209300	6.465160
149	3.134850	1.751800	-0.577500	0.000000	-1.038800	6.057960	1.162300	1.468400	2.250440	1.336900	-0.038400	0.821500	1.321400	0.877400	1.623100	1.541800	1.037900	0.305900	0.094800	1.340400
150	0.979300	0.287600	-0.992300	0.329300	-0.037500	-0.312100	0.024100	0.690300	0.725900	-0.005500	-1.099700	-0.427000	0.024500	0.000000	-0.480600	0.513100	0.616500	0.511400	0.559000	0.844100
151	3.806600	3.086380	-0.370800	1.023300	0.000000	4.580610	2.281120	2.658720	3.672730	2.483310	0.668500	2.554670	3.417940	3.051290	3.536320	3.479830	3.446840	2.005660	1.474100	4.406550
152	-0.175700	-0.171300	-0.401100	-0.356900	-0.191300	1.061300	-0.431100	-0.378400	-0.257800	-0.326900	-0.725300	-0.642900	-0.348800	-0.271500	0.088400	-0.006200	-0.198700	-0.679500	-0.639100	0.000000
153	0.000000	2.438270	3.852920	4.735180	5.059620	5.889780	2.436670	3.270080	2.598090	2.619410	3.728730	2.478760	3.752010	3.767390	2.523060	2.551640	3.839500	3.861580	3.468540	4.002500
154	2.353350	1.175600	0.396800	0.000000	-0.535500	2.855610	1.606100	1.102600	2.041460	1.134900	-0.244500	0.978100	0.597400	0.966100	1.948580	1.351700	0.783400	-0.960600	-1.423400	1.468600
155	0.000000	0.039100	-0.040100	0.894400	0.674000	-1.188100	-0.413600	0.852500	-0.440800	0.022700	-0.000900	-0.203500	0.145100	0.130400	-0.286200	-0.190400	0.137900	-0.158300	-0.200300	0.373000
156	4.275250	2.735100	0.800200	2.691200	2.690400	0.984900	4.119660	3.964530	3.084410	3.050290	0.339300	2.848730	4.183900	2.677300	6.442620	1.987400	4.030280	6.089570	1.743600	0.000000
157	1.247300	0.580200	-0.437800	0.660000	0.000000	-0.620100	0.000300	0.836700	0.957700	1.059100	-0.467100	0.024400	0.053700	0.138300	0.881400	0.863100	0.030600	0.154100	-0.224500	0.997800
158	0.000000	-0.601500	-0.585700	0.178900	-0.190600	-1.230900	-0.267100	0.419600	0.042100	0.081600	-0.491300	-0.599500	-0.897900	-0.536000	-0.124500	0.215700	-0.059000	-0.023200	-0.590700	0.267600
159	4.498090	2.850600	0.000000	1.875700	1.143800	8.744520	5.344540	3.565830	4.043690	3.050900	0.260900	1.495300	5.199730	2.480400	5.312340	3.344030	14.382430	8.603680	1.105700	3.539840
160	4.157880	3.127270	0.000000	3.064700	2.379180	4.260240	3.696810	4.191380	3.629020	2.524340	-0.000800	2.258750	2.751700	2.468010	3.122860	3.616360	6.082790	6.770590	3.807830	4.442530
161	0.942800	1.028200	0.612700	1.276500	1.163600	3.688520	0.991900	0.909200	0.953800	2.399990	0.409600	0.849600	0.774200	1.124800	0.954400	1.182900	1.473800	0.000000	-0.182000	0.836700
162	1.709700	0.956400	0.887800	1.477400	1.806000	6.372190	1.230400	-0.201300	0.000000	-0.049300	-0.470200	0.612100	-1.452000	0.336100	-2.640500	-0.531600	2.745870	1.657700	1.176100	3.259640
163	0.182700	-0.265200	-0.400800	-0.013900	-0.325500	-1.670200	-0.016100	-0.007600	0.000000	0.273500	-0.744700	-0.272400	-1.408600	-0.571000	-1.556700	-0.087600	-0.646400	-0.458300	-0.585200	0.173900
164	1.501800	0.498400	-0.951200	0.575000	0.144900	0.098400	0.037800	0.677700	1.040300	0.822700	-0.893100	-0.313800	-0.719200	0.000000	-1.014100	0.907800	-0.159500	-0.374100	-0.452400	0.583400
165	4.402790	2.487000	1.279400	0.000000	1.069200	3.770630	9.854280	2.059100	3.436550	2.146700	5.135170	6.068820	5.355260	4.222420	4.977750	3.257590	15.009190	10.478940	6.406670	18.916450
166	0.269100	-1.154900	-3.155800	0.542200	-0.034900	2.435960	-0.602800	-0.064100	-0.673100	-0.787400	-3.306700	-0.964100	-1.123600	-0.779200	-0.081900	0.000000	-2.409300	-4.222200	-3.442400	-0.932800
167	0.253000	-0.634700	-0.902300	-0.412400	-0.978500	0.942900	-0.930800	-0.190300	0.000000	0.057300	-1.142000	-0.673700	-1.056100	-0.727400	-0.291600	-0.570300	-0.723000	-0.876300	-0.999800	-0.292300
168	4.421860	3.016540	0.000000	2.459960	1.145100	5.202520	2.845100	3.815320	4.277950	3.223940	-0.176700	2.330020	3.295140	2.580170	4.563770	3.740750	1.246800	0.913400	0.659600	3.079530
169	5.501390	3.620830	-0.115700	1.082300	0.000000	7.497860	6.647750	3.155200	4.503920	3.430810	0.445400	4.511350	4.725850	3.813980	5.333990	3.480250	12.595997	10.314930	9.619010	6.967260
170	2.180700	0.866600	-0.231500	1.364500	1.906570	6.938120	0.650700	1.630060	1.670530	1.226400	0.023200	0.000000	1.234500	0.906100	2.563960	2.126430	1.888280	0.447900	0.385900	1.764060
171	1.074900	0.119800	-0.497200	0.213900	-0.358600	3.527550	-0.024600	-0.632400	-0.467800	0.660500	-1.264700	-0.013800	0.000000	-0.246300	0.621700	0.444400	-0.338100	-0.258200	-0.332300	0.625100
172	0.000000	-0.800100	5.204200	4.599260	6.267960	3.635000	12.699430	2.569100	0.373200	2.899500	3.046000	9.025350	6.864490	4.540710	6.579050	3.819190	24.557000	22.879600	20.723050	26.828600
173	4.934860	3.423720	0.000000	2.504800	1.222100	6.208690	7.482300	4.077530	4.403280	3.272510	0.612200	3.260270	5.313840	3.871090	6.466210	3.617850	11.435390	6.726860	3.577100	5.849590
174	0.870800	1.084200	-0.301500	1.843000	1.400200	4.551390	0.114200	1.155600	0.393700	1.164800	-0.021900	0.005300	1.395500	0.901700	1.791900	0.000000	1.325200	0.404900	-0.063600	0.526400
175	0.000000	3.331170	2.818640	4.051250	3.533420	7.625680	2.335300	4.243660	3.555800	3.268730	2.200200	2.453300	3.453760	2.839250	3.206780	3.079500	2.283900	2.763960	2.003200	3.272590
176	0.000000	0.926800	0.588200	2.798350	2.675280	5.412320	1.119600	2.604840	1.299700	1.198500	0.629000	0.804800	1.312900	1.153900	1.571900	1.303200	1.875860	1.239600	1.022700	1.807410
177	0.000000	0.490700	2.594400	6.280200	9.517490	-0.666800	13.932943	6.580550	0.638200	1.253100	5.095940	9.042480	8.879620	8.668560	4.900000	3.363810	32.540400	17.815400	15.330340	82.649000
178	1.129700	0.414900	0.096400	1.180700	0.857800	4.823480	-0.191700	0.709700	0.425800	0.224600	0.062800	0.428500	-0.408200	0.000000	-0.907200	0.038000	0.456900	0.515100	0.301400	0.936600
179	2.390400	1.685500	1.161000	2.885500	2.525400	1.356000	3.959300	2.560700	0.901000	-0.338600	1.440800	4.090000	4.747120	2.429100	2.204000	0.000000	10.682420	3.215100	3.050800	41.828200
180	0.021800	0.134700	-0.388200	0.710200	0.334200	0.452700	-0.534700	0.000000	0.241900	-0.031300	-0.322600	-0.170100	-0.489200	-0.249100	-0.123100	-0.087200	0.134500	0.110800	-0.006300	0.280500
181	0.623400	0.259800	-0.352200	0.132000	-0.034800	3.317970	0.222300	-0.576000	0.286100	0.083900	-0.502900	0.131100	0.705700	0.345100	0.838600	0.000000	0.635500	-0.136600	-0.300000	0.997300