SITE	GLY	ALA	LEU	VAL	ILE	PRO	ARG	THR	SER	CYS	MET	LYS	GLU	GLN	ASP	ASN	TRP	TYR	PHE	HIS
1	0.268700	0.240500	0.118200	0.209400	0.296900	0.290300	0.060600	0.184000	0.207100	0.146600	-0.101000	0.000000	0.112200	0.121200	-0.427300	0.132400	-0.182000	0.038100	-0.016300	0.113400
2	2.636100	1.885500	0.076200	0.862900	0.093400	2.851700	2.519300	1.217500	2.412200	1.389900	0.168200	1.779000	0.000000	1.305600	0.987800	1.734700	1.330200	1.256500	1.157900	2.418500
3	-0.434700	-0.342400	-0.835500	0.548600	0.199900	-1.685900	0.119300	0.000000	-1.176600	-0.645800	-0.677800	-0.207600	-2.447200	-0.319000	-3.973720	-0.948700	-0.177300	-0.678600	-1.046600	-0.131300
4	0.786400	0.000000	-0.871100	-0.019600	0.093500	-1.616700	0.492600	0.330000	0.502400	0.304900	-0.568500	0.159800	-0.978500	-0.435600	-0.536500	0.476500	-0.132800	0.369600	0.098400	0.625400
5	1.083900	0.000000	-1.395000	-0.039200	-1.393900	-1.651300	0.322000	0.545500	0.467100	0.450800	-2.262100	-0.207900	-2.155800	0.041300	-0.419000	-0.136000	0.160800	-0.912900	-1.284500	-0.042000
6	0.919700	0.000000	-0.290000	0.258700	-0.169100	-0.313800	-0.101900	0.372700	0.371500	0.598500	-0.668700	-0.159600	-0.549600	-0.196600	-0.837200	0.354700	0.373400	-0.555300	-0.748100	-0.152700
7	0.309800	-0.841300	-0.566000	0.651700	0.453600	2.008900	-0.186700	-0.493400	-0.474300	0.149100	-0.635100	0.000000	-0.460700	-0.568500	-0.289900	0.414100	1.041700	1.161700	0.077900	3.144300
8	5.714500	4.495400	1.882700	5.320700	4.370400	7.943500	3.196900	5.605200	5.499900	4.891900	1.437200	4.672000	5.268500	3.722400	5.904100	4.591100	0.629200	0.776700	0.000000	3.782000
9	2.026100	0.764500	-1.085400	-0.101800	-0.791900	2.471200	0.142200	0.037200	0.962300	0.912400	-1.059100	-0.197800	0.000000	0.270900	1.371800	1.331900	-0.383600	-1.172500	-1.664200	0.741600
10	2.237600	1.076700	0.295100	1.014700	0.177600	4.961100	0.000000	0.916500	1.231200	1.199600	-0.006700	1.276400	1.126500	1.103000	1.561900	1.116800	1.507400	0.196700	0.887300	1.123100
11	0.813900	-0.136500	-1.994200	-0.363400	-0.948000	3.084200	0.636500	-0.217000	-0.208700	-0.738100	-1.487100	-0.317600	-0.286200	0.000000	0.023400	1.078600	0.169900	-0.250000	-0.659300	0.172900
12	2.686700	1.348300	0.931300	1.488600	-0.214800	6.928800	2.772700	0.476100	0.783400	1.367200	-0.145400	2.290300	2.098200	1.464400	1.790200	0.460400	1.009400	-0.646300	-1.271100	0.000000
13	5.360100	4.652000	0.062800	2.601400	1.162300	9.289500	7.695900	4.692200	5.378600	3.710900	0.000000	3.910200	4.661000	2.924200	5.691300	4.770300	9.877600	7.053500	4.726700	4.893300
14	6.629800	5.036000	4.367100	4.111000	5.676200	9.532400	6.546800	5.378400	5.803300	4.580100	3.686300	6.433000	0.818100	4.722400	0.000000	3.224700	5.987000	5.308100	4.902300	4.334000
15	1.035900	0.648300	0.077400	1.126700	0.809600	-1.275100	0.717300	1.133800	0.000000	0.513800	0.209600	0.219100	0.170200	0.249700	1.074500	0.747700	-0.124500	0.386300	0.299000	0.955700
16	1.360000	1.012300	1.026500	1.356600	1.302900	1.211400	0.388600	0.019800	0.000000	0.797400	0.422000	0.554700	1.164400	0.143400	1.435600	0.730700	1.217600	1.203400	1.122800	1.131000
17	1.201700	0.958200	0.300500	1.394900	1.509400	2.574500	0.317300	0.000000	0.043200	0.989600	0.145700	-0.093800	1.138000	0.445700	1.507500	0.604400	0.247600	-0.008500	-0.214900	0.380200
18	-0.193000	0.089100	0.093200	0.641800	0.738800	-0.554600	0.277400	0.471400	0.000000	0.051700	0.276700	0.219100	-0.516200	-0.137600	0.031200	0.107400	0.457900	0.286300	0.299400	0.536000
19	-0.360000	0.000000	0.236000	0.496100	1.177500	1.990800	-0.466700	0.227400	-0.460100	0.371500	0.152300	-0.152500	0.043800	-0.376600	-0.258900	-0.446600	0.098800	-0.273200	-0.413600	0.085500
20	1.676800	0.000000	3.895600	3.203400	5.570100	0.886800	4.522900	1.816700	1.524800	1.153300	0.148400	1.801900	4.787500	4.711300	4.752700	4.789600	12.841200	4.730400	5.330000	10.986600
21	0.060800	0.107200	-0.213200	0.300500	0.151200	-1.108700	-0.144900	0.238000	0.000000	-0.048900	-0.273200	-0.287400	-0.171700	-0.026300	-0.116700	-0.009800	-0.949900	-0.505800	-0.497000	0.034300
22	0.983200	0.846500	1.255900	1.284100	0.920200	2.977500	0.604900	0.505000	0.000000	0.302200	0.255800	0.617400	0.445400	0.826200	-0.743800	0.153800	0.993600	-0.016400	-0.101900	0.930600
23	0.386900	-0.117600	0.150600	0.494600	0.282200	-0.890700	0.142100	0.477300	0.000000	0.512400	0.118900	0.005100	-2.306900	-0.037800	-0.675600	0.159800	0.142100	0.237700	-0.063400	0.500400
24	0.937200	1.209600	1.048300	1.997800	1.368600	2.391200	1.118600	1.874900	0.715000	1.306100	1.222800	0.793200	0.556200	1.051700	-0.677700	0.000000	1.741000	1.394800	1.320200	1.798900
25	5.086300	4.180700	2.630500	4.969000	4.864900	9.004600	4.405500	3.903700	4.650900	4.634700	1.847600	3.846300	3.808100	4.351100	4.273800	5.565800	2.993200	0.000000	1.038200	4.473300
26	5.142300	3.644700	12.893100	7.265900	10.089400	4.556500	24.449400	8.081800	4.715800	0.000000	10.285100	18.419400	14.652100	15.783600	11.726100	15.128900	58.306800	38.969000	32.959900	31.389300
27	1.292300	0.483600	0.601600	1.627400	0.784000	-1.177400	1.065300	0.617900	0.886800	1.369200	0.750400	0.604200	-0.171600	0.790100	0.017500	0.000000	8.346200	0.921300	1.218500	3.196200
28	0.815700	0.237600	-0.473400	0.409200	-0.236000	2.387800	-0.096100	-0.066900	0.313900	0.598300	-0.340100	0.003900	-0.137900	0.000000	0.559800	0.466500	-0.233500	-0.004600	-0.119900	0.455000
29	3.450100	1.762100	0.265700	1.152600	0.784700	4.634500	1.038900	1.700300	2.852500	1.818500	0.000000	0.712400	2.553600	1.588400	3.158700	1.733800	0.135300	-1.117700	-0.438300	2.368200
30	4.835800	3.557400	0.280400	2.546300	1.861200	5.821200	11.153700	2.959600	5.115100	3.525200	0.000000	4.525200	3.974700	4.397100	5.179500	3.494200	13.791300	10.099800	2.908600	5.153500
31	0.811500	0.322700	0.169400	0.547500	0.341000	2.965400	-0.534800	0.159000	0.483400	0.901900	0.290100	0.000000	0.581000	-0.102800	1.022600	0.516300	0.558000	-0.538200	-0.089900	0.329200
32	0.954700	0.007500	-0.347900	0.478000	0.035500	1.946800	-0.621400	0.673500	0.000000	0.452300	-0.147300	-0.196300	0.219500	0.357200	0.541500	-0.034500	-0.289000	-0.112800	-0.147700	0.041800
33	5.056000	4.062900	3.497500	3.865200	4.990700	6.862900	0.000000	3.620500	4.055800	3.942000	2.943400	2.076900	4.674100	3.449000	5.199300	3.553900	5.631600	3.709500	3.356200	4.727100
34	-1.206800	0.897100	-0.183000	1.809200	2.019700	5.973300	-0.048400	2.575100	0.617100	0.537700	-0.019300	-0.391400	-0.026600	0.174100	0.081200	0.000000	0.471500	0.100100	-0.207500	0.451500
35	3.589000	2.448000	0.000000	2.772300	2.598200	6.695500	3.482400	3.643800	3.084400	2.428600	-0.058400	2.742500	1.629700	1.567200	2.845000	2.546400	5.786100	10.260900	5.770200	4.345100
36	0.861000	-0.163700	1.052200	-1.240100	-1.624200	3.839800	0.630000	0.000000	1.154800	-0.308800	1.030900	0.585400	0.979500	1.124900	0.954100	-0.010500	1.366100	5.269000	1.652900	0.577000
37	0.244800	-0.103600	-0.025800	0.474700	-0.034900	1.114800	-0.075400	-0.391600	-0.281700	0.319200	0.015400	0.000000	-0.185400	-0.196900	-0.064300	-0.002300	0.466500	0.315400	0.256600	0.626600
38	0.451300	0.442500	-0.075400	0.444900	0.253500	0.839100	0.276500	0.463900	0.443600	0.461300	0.126500	0.161100	0.075200	0.235100	0.000000	0.159300	0.078700	-0.094100	-0.234000	0.389400
39	-0.114600	0.359700	0.381100	2.215600	1.791800	2.528200	0.000000	1.623000	-0.023800	0.201900	-0.085000	-0.128700	0.939900	-0.140800	-0.085000	-0.074400	-0.637800	-0.635800	-0.757700	0.215000
40	5.812400	5.356300	7.920200	5.541700	5.657300	4.990100	9.582100	5.414600	6.195700	0.000000	8.849400	6.886500	7.232300	6.918300	8.485800	7.583400	12.223300	8.385800	8.159700	9.299100
41	3.105700	1.730000	-0.170800	0.901200	0.788500	5.341800	0.593600	0.524200	1.456900	1.765200	0.096100	0.000000	1.744700	1.237900	2.583200	1.199100	1.357300	0.867600	0.578300	1.085900
42	2.415000	1.811500	1.090500	1.809200	1.172100	0.000000	1.339200	1.729800	1.725300	2.188700	1.208600	1.303400	1.144900	1.180400	1.819200	1.236100	2.213900	1.696800	1.211600	1.405200
43	0.777600	0.370100	-0.414900	0.000000	-0.501200	1.809700	-0.135600	0.038400	0.019800	0.084300	-0.625600	-0.371200	0.135800	-0.565600	0.652500	0.409000	-0.346000	-0.137600	-0.170600	-0.265000
44	3.397600	1.874800	2.130600	2.735300	2.116600	5.426700	3.474400	1.459400	2.546200	1.202500	2.471600	2.981600	2.532700	8.160500	4.113300	0.000000	16.368200	10.162100	6.001700	5.395800
45	2.983800	1.641900	-0.978200	0.404500	-0.042900	1.526400	1.418100	0.000000	1.406700	1.497700	0.448100	0.397500	1.651600	0.471800	4.132200	2.546500	0.770400	1.048900	0.865600	2.729900
46	6.523000	4.777500	2.440200	3.605400	3.274400	6.085400	6.652300	4.634900	5.802700	5.124600	2.259700	5.702100	5.048000	5.277800	5.983000	4.122300	1.733300	1.076100	0.000000	4.708600
47	5.687000	3.232200	-0.050400	0.000000	-0.452000	4.257500	5.738100	2.204100	4.371900	2.565400	-0.047500	4.754100	4.646800	5.346600	4.978200	3.514700	6.202100	8.551500	1.645900	2.639200
48	1.645900	1.487800	1.068300	4.611400	7.126900	2.481100	11.461400	5.575900	3.153100	1.745300	0.196000	1.763400	5.801400	2.466500	5.243100	2.488000	11.624400	8.309300	1.637500	0.000000
49	1.155900	0.114600	0.269900	-0.813300	0.276500	4.084700	-0.705400	0.065600	0.360600	-0.375300	-0.924300	-0.320800	0.000000	-0.519000	1.762500	0.595800	0.541300	-0.772100	-0.443400	0.831600
50	0.183400	-0.114900	-0.334700	0.428100	0.205900	-0.375800	-0.381900	0.137300	0.000000	0.103600	-0.285900	-0.121700	-0.713000	-0.451400	-0.667000	-0.140600	0.235300	-0.243700	-0.311600	-0.155900
51	1.347300	1.371000	0.000000	1.317600	0.684300	0.348800	1.879000	0.620700	1.077600	2.346300	-0.256200	1.538700	0.768500	1.377100	-0.113100	1.248100	-1.222400	-0.152700	-0.616100	2.259000
52	0.513100	0.000000	0.189600	0.459700	0.330500	-1.310100	0.090700	0.430400	0.468500	0.617300	0.067200	0.095200	-0.616400	-0.302900	0.104500	0.411200	0.114000	0.152400	0.120200	0.483200
53	1.289500	0.497700	0.270700	1.260400	1.006900	0.240600	0.226900	0.900300	0.600100	1.028500	-0.057500	-0.161400	0.448400	0.083100	0.000000	1.121300	1.065500	0.582300	0.334100	1.255700
54	3.925200	2.395000	0.144000	0.000000	-0.332300	2.249000	6.811900	1.528900	2.514300	2.023800	-0.073700	4.715600	3.255800	1.358400	3.643200	3.103700	6.982200	4.932000	3.922200	6.241000
55	1.590100	0.518700	-1.215700	0.018900	-0.745200	3.162200	-0.093800	1.184000	0.850600	0.851000	-1.833500	-0.443800	-0.175600	0.000000	1.044300	0.617800	-1.036400	-1.490900	-1.792100	0.009000
56	0.664600	0.000000	0.176900	1.402900	1.186800	4.609000	0.340600	0.640000	-0.062600	0.637700	0.288600	0.134100	-0.061300	0.424800	0.231300	0.602300	0.269700	0.084300	0.078300	0.465900
57	3.289600	1.484100	1.060900	0.000000	-0.584600	0.636600	0.967000	0.991500	1.682800	1.526900	1.866500	1.131800	4.113600	4.672100	4.075900	2.517600	7.959300	5.074200	0.929800	4.820400
58	5.198300	5.017800	8.022200	6.342000	6.766600	5.880900	8.614300	6.512500	5.700600	0.000000	6.576000	6.338000	6.904300	7.518800	8.397900	6.552900	9.752300	6.523100	6.274100	7.913600
59	0.146200	-0.091400	-0.362200	-0.112700	0.022900	1.779100	-0.517200	-0.019900	0.000000	-0.388200	-0.389600	-0.299500	-0.233400	-0.636100	-0.526900	-0.409900	-1.101000	-0.505100	-0.659700	-0.400200
60	-0.282700	-0.170400	-1.551300	0.673400	-0.015600	4.495100	-0.790000	0.493500	0.884000	0.055800	-1.704700	-0.463600	0.042700	0.000000	1.158800	0.345700	0.136500	-1.577600	-1.942000	-0.401300
61	1.924500	1.043100	-0.079700	0.830100	0.681700	4.088700	0.492400	1.101900	1.511200	0.817200	0.011900	0.000000	0.627600	0.446200	0.891600	0.988200	0.254100	0.111600	0.061200	1.060400
62	1.689000	0.970500	0.153500	1.125600	0.705500	0.057300	0.772100	1.115700	1.505900	1.124400	0.675900	0.731600	0.147100	0.458500	0.947300	0.000000	1.349700	1.266800	1.307900	1.515600
63	2.835800	2.183600	2.106000	0.000000	0.980700	4.893200	1.573200	1.137100	2.553600	1.758000	1.690700	1.949800	1.864400	2.177000	1.891300	1.952000	2.464300	2.248300	1.902700	2.796200
64	0.384600	0.000000	-0.417300	-0.074900	-0.368500	-0.956300	-0.543800	-0.180100	-0.034500	-0.172400	-0.330500	-0.495800	-0.447600	-0.452900	0.244100	-0.023600	-0.057400	-0.085000	-0.085800	0.272800
65	2.913800	2.994800	2.192200	5.428500	7.373900	7.376200	6.072300	7.054600	2.111800	0.000000	1.888200	4.892400	5.125600	4.802800	7.365900	5.639100	13.359100	9.438400	8.684700	6.420000
66	1.297700	0.873400	0.967600	1.437700	1.262400	1.332400	-0.072700	0.556800	0.461300	1.315800	0.642100	0.000000	1.221400	0.555900	1.489700	0.761200	1.658700	0.814700	1.068300	1.229400
67	0.745200	0.589600	0.034200	0.461500	0.168900	0.223900	0.199100	1.177700	0.657300	0.469800	-0.551500	0.258900	0.563400	0.472800	0.537900	0.000000	0.106900	0.151000	-0.210800	0.703100
68	0.000000	2.650000	3.907800	4.804200	4.723900	6.863900	3.240000	4.706300	3.803300	2.746100	3.734800	3.423200	3.857600	3.858400	3.843800	2.815900	3.786100	3.925900	3.812000	3.929800
69	0.490600	-0.047200	0.022200	0.825200	0.620900	0.448300	-0.443500	0.382600	-0.672400	0.253300	0.115900	-0.269800	-0.258900	0.000000	-0.546500	-0.261800	0.739400	0.309800	-0.239200	0.406200
70	0.089700	-0.089400	-1.107800	-0.040700	-0.445200	0.251100	-0.938800	0.000000	0.145400	-0.152500	-0.510300	-0.727000	-0.424300	-0.383900	-0.313300	-0.368600	-0.883400	-0.864700	-0.693800	-0.239900
71	1.886300	1.611000	0.921100	1.481900	0.882500	1.157100	1.246400	2.670500	1.646900	1.210800	0.468800	1.389900	1.792100	1.382900	1.726300	0.000000	1.493500	1.378100	1.308200	1.348200
72	3.782000	2.655300	6.196800	6.102500	8.685400	10.465800	10.086000	6.594100	4.069800	0.000000	6.326600	8.147600	12.703500	9.363800	9.336700	5.365400	36.194400	17.971400	16.804300	30.410300
73	4.767200	3.396500	4.227800	1.691000	2.257800	5.864000	3.285600	3.707200	4.559700	3.455000	2.183100	2.815100	5.687400	4.881400	5.898900	4.251900	4.125400	0.000000	0.867500	2.971100
74	2.766400	1.015500	-2.017900	-0.510700	0.552100	5.329300	0.653900	0.631900	2.230300	0.419200	-1.973300	0.270700	0.561100	0.000000	1.506700	-0.092600	1.247300	2.073000	1.069900	1.271900
75	2.314200	0.429800	3.257000	1.970100	3.165000	4.262700	3.697300	1.580800	0.000000	1.060400	1.055200	2.436100	2.537600	5.184400	3.142700	2.209700	7.225700	5.962300	5.005400	23.288600
76	0.301300	0.197900	-0.082000	0.310600	-0.061600	-1.412200	0.192000	0.545800	0.411400	0.244400	-0.523000	-0.045200	0.111400	-0.033600	0.273000	0.357800	0.058900	0.000000	-0.166000	0.410200
77	-0.323300	0.102900	-0.509700	0.394800	0.043900	-0.066200	-1.173900	0.122000	0.000000	-0.169800	-0.239000	-0.525000	-0.309900	-0.459800	-0.275700	0.160200	-0.352200	0.032200	0.002400	0.264800
78	-0.308900	-1.046800	-1.542700	-0.784600	-1.078400	-1.597300	-1.940200	0.000000	-0.418000	-0.682100	-1.238700	-1.666200	-1.479200	-1.087500	-0.511000	-0.450000	-0.458100	-1.002500	-1.056700	-0.468800
79	4.358600	3.239900	0.343000	0.541200	1.765700	6.162800	0.725200	3.049500	3.685400	2.732200	0.000000	1.852100	4.553600	2.115900	5.413900	2.776100	1.950200	-0.186200	-0.185900	1.486300
80	0.581200	-0.339100	-0.781400	-0.292000	-0.348900	-0.773900	-0.544500	-0.512000	0.000000	-0.085700	-0.609200	-0.681600	0.321400	-0.418900	-0.014200	-0.796900	-0.279200	-1.211300	-1.354800	-0.495800
81	4.294300	2.936200	-0.234700	0.164400	0.000000	5.413300	11.450900	2.418800	3.755800	2.161600	2.281600	3.435800	4.462200	2.240000	5.885200	3.828700	10.434000	7.731000	5.189800	7.766800
82	5.430100	3.775200	5.303200	2.273200	2.736800	9.377300	14.095100	0.000000	2.567100	3.409100	4.864700	10.195000	9.242900	9.619200	5.658800	5.386800	25.023200	14.967100	15.614400	18.141000
83	2.002400	1.153800	-0.829300	0.511300	-0.289900	4.160700	0.455600	1.132500	1.663600	0.664800	-0.228800	0.118000	0.387700	0.280200	0.000000	0.371600	-0.220100	-0.196700	-0.605600	0.492900
84	6.423900	5.953600	7.353300	5.758700	7.818100	9.950300	22.878700	5.127100	7.438900	0.000000	8.105900	15.726000	10.168900	12.631500	9.326300	9.000800	33.326800	23.315700	18.837000	17.663100
85	2.411500	1.439500	0.346400	0.326200	-0.091700	1.243900	0.000000	0.420900	1.131700	0.980000	0.169100	0.333500	1.072900	0.450700	1.969200	1.624500	1.082200	0.220900	0.124600	0.885600
86	1.625900	0.395000	-1.575600	-0.213300	-0.518100	2.717000	0.294500	0.439100	0.986300	0.570700	-1.018400	-0.077800	0.000000	0.417600	2.529100	1.536400	3.012000	1.296600	0.975400	2.130800
87	0.022100	-0.608400	-1.352100	-0.572800	-0.940900	1.538700	-0.691600	0.000000	-0.542000	-0.242400	-1.323800	-1.045800	-0.723100	-0.354300	-1.471200	-0.661300	-0.546100	-0.929500	-1.018800	-0.173700
88	0.000000	-0.217100	-0.072000	0.055400	-0.093900	-0.581000	-0.125500	-0.007600	0.053900	0.079600	-0.052400	-0.123100	-0.164200	-0.088800	-0.001200	0.059500	0.083200	0.030900	-0.001600	0.214700
89	0.011700	0.026000	-0.056900	0.207700	-0.013900	-0.483800	-0.141500	0.302200	0.000000	0.194100	0.090600	-0.083200	-0.800200	-0.676400	-0.167600	-0.163200	0.252100	-0.037600	-0.047300	0.238900
90	1.478700	0.373400	2.947700	2.580700	3.714100	5.854200	5.068700	0.833400	0.000000	0.542700	2.759300	5.148800	3.040700	3.631200	5.447100	1.771500	20.413500	12.434700	7.782500	31.386100
91	1.827800	0.636300	0.361400	0.433300	0.450100	1.386400	-0.049400	0.273700	0.318600	0.394600	0.506600	0.000000	0.429900	0.329300	0.347800	0.273600	0.654400	0.338900	0.282400	0.408900
92	2.675900	1.888400	1.728100	2.505500	2.040100	-0.050800	1.499900	2.150700	2.795700	2.254100	1.248800	1.305800	2.100100	2.141300	2.469500	2.363000	1.649200	0.000000	0.729400	2.445900
93	0.809800	1.709700	1.365100	2.216400	2.191900	0.000000	1.208700	2.061700	1.557100	1.923000	1.545100	1.290100	1.495100	1.301100	1.276700	1.368800	2.054900	1.718200	1.845600	1.939500
94	1.060100	0.523800	-0.080300	0.949900	0.834200	1.376700	0.041000	0.976900	0.822700	0.612200	-0.606200	-0.260500	0.401600	0.140800	0.129000	0.000000	0.197700	-0.325200	-0.378100	0.075500
95	5.162500	4.629100	8.482900	7.561800	8.447200	4.081200	12.792600	8.171900	6.386300	0.000000	7.499300	13.553100	9.161100	7.603800	7.716500	7.443300	18.129300	17.973300	18.810300	38.524800
96	0.828100	0.000000	-0.911300	-0.720900	-1.133400	4.487000	-0.576000	-0.300000	0.236200	-0.320700	-0.702700	-0.669200	-0.247600	-0.931100	0.330700	0.063400	-0.657600	-0.722600	-0.887700	-0.247300
97	6.773500	5.398600	3.776900	2.962800	2.517900	8.574200	5.947300	4.556800	6.021900	4.987800	2.206900	3.795700	6.496300	5.316400	7.292500	5.789900	3.748000	0.000000	0.713400	3.855600
98	1.165100	0.395500	-0.228800	0.468100	-0.238600	1.476700	0.183500	0.561400	0.667700	0.405200	-0.393100	0.000000	0.244700	0.358700	0.586600	0.691300	0.447700	0.018100	0.006500	0.644100
99	1.962300	1.265300	3.139600	0.955700	1.687900	1.515100	1.755200	0.000000	1.558400	1.216100	0.275500	1.334000	1.892800	1.522500	3.134700	2.688600	4.394100	1.941400	3.870400	38.882000
100	2.289000	0.749800	-0.135900	-0.100300	-0.608700	3.772900	0.203200	0.000000	0.936300	0.764100	-0.400100	0.004400	0.395800	0.484000	0.400500	0.591400	0.505800	-0.035100	-0.118800	0.533100
101	1.347200	0.499100	-0.191800	-0.175300	-0.596100	-0.453900	0.084900	0.905600	1.064500	0.171400	-0.769900	-0.053900	0.414600	0.000000	-1.622600	-0.709200	0.440900	0.428100	0.476400	0.919600
102	0.368200	0.000000	0.049500	0.871100	1.022300	2.241800	-0.075800	2.177300	0.028800	0.033600	-0.385000	-0.148500	0.153000	0.307800	-0.134100	-0.174600	1.021300	0.164700	0.416000	0.494300
103	0.564400	0.130800	-0.838500	-0.204700	-0.869600	1.238900	-0.671700	-0.178800	0.304400	-0.193300	-0.673300	-0.690800	-0.545700	-0.561700	0.045000	0.000000	-0.442200	-0.560100	-0.526500	0.035800
104	1.847000	0.991800	0.428200	1.279600	2.731900	5.422700	-0.152900	2.151900	1.866100	1.162300	0.201000	0.000000	2.700900	1.329700	3.431300	1.699100	0.780600	0.354700	0.235900	0.889200
105	1.008100	-0.238300	-0.578300	1.057900	1.155100	1.544600	-0.867400	1.860200	-0.027000	0.032300	-0.359000	-0.644400	1.395000	0.169300	2.580700	0.083200	1.004100	-0.416100	-0.740200	0.000000
106	6.032500	4.526900	1.075300	1.361300	0.000000	5.115900	6.432600	4.122200	5.660400	3.696300	-0.161100	3.803000	5.130500	3.764700	6.350800	4.844300	17.747500	16.942200	11.958900	8.402000
107	4.959300	3.595500	0.488700	0.643800	0.000000	6.041600	1.315000	2.864600	4.483800	2.871400	0.903800	1.982500	3.896900	2.995500	5.159800	3.783700	9.045400	16.073600	9.200100	11.205500
108	4.571300	3.160200	-0.227300	0.000000	-0.527100	3.497300	9.744100	1.793500	3.441400	2.417800	-0.047400	2.364900	4.839800	1.669900	5.044500	3.757200	12.147400	8.303700	5.944600	33.738100
109	1.388200	0.000000	-2.000200	0.398500	1.684700	2.191600	1.377400	0.702900	0.472100	0.540400	-1.577400	-0.152200	2.791300	1.556600	6.366800	4.616200	3.839300	4.465700	3.568600	12.857600
110	5.639900	3.705300	7.334500	7.023400	9.623300	6.558800	14.136600	6.560100	4.333600	0.000000	6.186700	8.288800	9.649000	8.560600	9.079400	8.939600	26.329100	12.816200	10.699900	16.075300
111	0.209100	0.592000	0.115200	1.145700	0.309600	6.937600	0.197100	0.549300	-0.137900	0.251600	-0.176200	0.060400	0.000000	0.347600	-0.096600	0.561800	-0.100200	0.084800	-0.016900	0.647000
112	0.000000	2.394900	2.493500	4.513700	3.377700	6.373700	3.548900	5.895300	3.832600	3.503700	1.434100	3.099200	3.023300	3.384400	2.518300	3.363400	2.715600	2.246800	2.129500	3.384800
113	1.864300	0.440700	-0.036900	-0.002000	-0.030300	2.326000	-0.112800	-0.036500	0.387700	0.215600	-0.057600	-0.120600	0.003400	0.013900	-0.014200	0.000000	-0.286500	-0.199000	-0.285200	-0.041900
114	1.301300	1.830000	1.826400	2.192200	2.117600	0.000000	1.924400	2.053500	1.960300	2.072100	1.787200	1.847800	1.245100	1.797400	1.119600	1.857800	1.822200	1.659300	1.381600	2.018800
115	2.664200	2.447900	1.273800	1.894200	1.582600	1.769500	1.798500	1.578400	2.553200	2.250100	1.382600	1.269700	1.956000	2.086200	2.700000	2.475900	2.785700	0.000000	0.649100	2.726800
116	1.671200	1.099200	-0.479700	0.000000	0.369900	5.416300	0.525500	0.680600	1.230200	0.530300	0.078100	0.501600	1.002100	0.460700	2.545800	1.091700	0.599300	0.734900	-0.159300	1.428200
117	4.351100	2.595200	3.179400	3.089900	4.407400	0.000000	10.211400	3.149100	3.090900	2.274000	3.518300	6.247500	4.326100	5.469200	5.642600	3.584600	10.643700	9.117600	9.179600	18.594200
118	2.234200	1.563400	0.276000	0.000000	-0.636200	5.582800	1.750200	1.944800	2.051400	1.932200	-0.379300	2.061000	1.544100	1.618600	2.675500	2.422000	4.104000	2.203000	3.318700	2.630600
119	1.821100	0.758600	0.210700	1.108300	0.316800	3.888500	0.054900	0.816200	0.684400	1.188800	0.115300	0.595000	0.617500	0.051500	1.021200	0.200100	0.322800	0.346600	0.143100	0.000000
120	5.718100	4.532500	1.300700	3.997700	3.543100	6.520800	5.195500	5.121900	5.380200	3.845900	1.027700	3.471800	5.158700	4.124800	5.648800	4.788300	2.103800	1.648100	0.000000	3.627800
121	1.559600	0.413500	-1.822900	-0.685100	-1.164600	4.346200	1.487900	0.667200	1.784200	1.056600	-1.004900	0.308300	1.403200	0.684000	0.000000	0.381900	3.156100	4.021000	3.276100	6.444600
122	-0.278800	0.000000	0.957100	1.318500	1.457100	3.405700	-0.414100	0.877400	0.260700	0.642100	-1.235500	0.102500	1.197000	-0.308100	0.679200	0.616800	0.841800	0.957400	0.842800	0.696900
123	0.866700	-0.433000	-1.811770	-2.278480	-1.902390	-0.762900	0.430200	-0.706100	0.000000	-1.116400	-1.314670	-1.257350	1.160200	-0.922100	1.859000	0.149500	-0.239300	-0.711100	-0.250200	11.191200
124	-0.012900	-0.023000	0.005100	0.000000	0.161600	1.219400	-0.056200	0.364100	0.542900	0.214900	-0.321500	-0.287500	0.218000	0.090600	0.607200	0.379400	-0.161200	-0.016200	-0.280600	0.318100