SITE	GLY	ALA	LEU	VAL	ILE	PRO	ARG	THR	SER	CYS	MET	LYS	GLU	GLN	ASP	ASN	TRP	TYR	PHE	HIS
176	-0.691100	-0.542000	-0.545900	-0.304000	-0.510500	-0.674700	-0.506800	-0.125300	-0.259700	-0.249800	-0.767500	-0.598800	-0.979700	-0.440800	-0.715300	-0.446500	-0.891800	0.000000	-0.336500	-0.342800
177	0.251800	0.205900	-0.828600	-0.365600	-0.635800	0.145600	-0.154600	-0.633300	0.000000	-0.115800	-0.447800	-0.364400	-0.497700	-0.147900	-0.604700	-0.337500	-0.869000	-0.587500	-0.637400	0.061200
178	0.000000	5.333700	15.399800	11.985300	14.600000	8.195900	14.646900	9.624000	7.554600	6.966800	12.140100	12.987400	14.602600	14.695900	9.903000	12.269100	10.332100	13.647900	13.261500	8.880500
179	4.317000	2.628300	6.832400	3.392900	5.192400	0.000000	8.493400	5.128200	4.087600	3.246800	3.579000	11.346500	5.729300	7.459700	6.864200	5.136900	23.954100	29.281420	23.440900	30.324320
180	0.632900	0.658700	0.493300	0.499200	0.390500	1.691100	0.421000	0.399600	0.474400	0.517600	0.464600	0.000000	0.424300	0.128600	0.740700	0.795600	0.673000	0.428600	0.345800	0.861400
181	3.320700	2.295100	0.000000	1.855800	1.548600	1.028900	2.563900	2.536200	3.401200	2.120800	-0.317300	1.594800	2.551100	2.258300	3.426900	3.119700	5.512800	2.489600	2.701900	1.683800
182	1.395000	1.049200	0.620200	0.690700	0.476900	1.351100	0.837900	0.874800	1.246200	1.008400	0.748600	0.756800	0.000000	0.763300	-0.296100	0.703200	0.939200	0.654400	0.703500	0.993800
183	-0.678900	0.437800	0.257800	0.737500	2.368700	4.405400	-0.068000	0.261900	0.344800	0.087300	0.250900	-0.073200	0.119800	0.033100	0.000000	-0.150600	0.106900	0.055600	-0.050300	-0.062000
184	0.000000	3.052800	2.528400	4.115300	3.823400	5.009900	2.779700	3.731000	3.009800	3.428200	2.227400	3.011700	2.822000	2.643900	3.114200	2.529800	2.651300	2.528200	2.456900	2.575100
185	0.935100	0.826400	0.442500	0.542900	0.483700	4.601200	-0.740300	-0.184800	-0.231100	0.415200	0.243000	0.000000	0.902500	-0.101800	1.086300	0.857100	0.294200	-0.284300	0.269800	1.071500
186	4.321200	2.178700	1.375300	0.000000	0.273100	-0.322500	8.913100	2.353600	3.863200	2.193700	1.102600	6.317300	2.583800	2.598000	3.843000	2.853500	13.667200	9.576100	4.306700	17.599200
187	2.058300	2.021500	2.118600	1.491400	1.955400	2.881400	1.458300	0.000000	0.256800	1.948000	1.954300	1.602100	0.725700	2.071800	-0.447100	0.058200	2.374700	1.587800	1.311700	2.185100
188	2.255300	1.345400	0.035600	0.983200	0.000000	-0.561800	0.916000	1.179600	1.706600	1.559300	-0.757500	0.795400	0.159500	0.733900	0.542500	0.737000	1.386400	1.609600	-0.951200	1.934400
189	0.127800	-0.304300	-0.442000	0.092300	-0.396800	-1.618600	-0.387900	0.163000	0.000000	0.324200	-0.851300	-0.235100	-1.220900	-0.528000	-0.446800	-0.464700	-0.333800	-0.268600	-0.275500	0.052700
190	5.731500	4.289800	1.933300	3.083000	3.575700	7.161100	6.598500	3.859700	4.787900	4.706100	0.908800	5.183200	6.323100	5.165200	6.568800	4.784500	2.505800	0.587600	0.000000	3.907300
191	5.093900	3.086900	-0.033200	2.983500	2.315000	7.691100	8.415500	3.645400	3.728400	2.127500	0.000000	3.214300	4.449200	2.473400	4.756300	3.132500	20.046000	16.877900	10.446600	27.366490
192	1.665300	0.806100	-0.804800	0.682900	-0.429200	3.963600	0.279800	0.330100	0.857100	0.949500	-0.481200	0.000000	0.343300	0.476200	1.197000	0.561600	-0.463400	-0.283400	-0.193400	0.583200
193	1.433000	0.334600	-0.446300	0.485200	0.016600	2.850000	0.009100	0.846600	1.033300	0.837900	-0.963600	-0.309600	0.000000	-0.298200	0.613600	0.295000	-0.061200	-0.360800	-0.668900	0.608400
194	5.492300	3.386100	0.000000	2.087600	1.972700	9.364800	6.515900	3.002300	3.985800	3.689700	0.216300	3.734400	4.658700	3.847700	5.113000	3.325300	15.733900	17.332600	10.002200	5.326800
195	4.043000	2.916300	1.316200	2.461200	1.436500	6.909800	2.763800	1.880200	3.073500	2.694700	0.000000	2.605900	3.171200	2.771400	4.528100	3.096400	8.796800	11.023100	6.285700	6.606400
196	0.485400	-0.109700	-0.123200	0.424900	-0.003000	2.365100	-0.597600	0.028000	-0.054900	0.548000	-1.054500	-0.116500	0.206300	0.000000	0.568600	-0.160900	-0.534200	-0.251000	-0.338800	-0.045700
197	2.749600	1.154000	0.073600	1.153200	0.460200	6.942600	1.057000	1.286000	2.670500	1.632600	-0.029400	0.641700	2.236700	1.506300	3.171300	1.099900	0.000000	0.319500	-0.768700	1.745300
198	4.648300	3.302700	0.579700	4.880700	3.705100	6.426400	4.032300	5.249300	3.822700	3.629100	-0.097800	3.946800	6.220000	2.863800	6.185800	4.213100	5.686600	0.000000	-0.687200	2.476900
199	1.972700	0.805900	-0.034300	1.708200	1.853200	7.932300	-0.581500	1.907400	1.400400	1.412500	0.027700	0.000000	1.701100	0.970900	2.552400	1.618300	0.600600	0.438100	0.364300	1.442000
200	-0.612900	-0.376500	-0.676500	1.022900	0.154900	3.552200	-0.396500	0.673700	-0.599700	-0.119700	-1.214400	-0.623000	0.198700	-0.130800	0.000000	-0.620900	0.180800	-0.622400	-0.759600	0.289400
201	0.367700	1.598300	-0.156900	2.515900	2.958500	6.846200	0.207600	2.707700	1.317600	1.082200	-0.528100	-0.325600	1.158000	0.000000	1.444500	0.542800	1.581400	0.160200	-0.603200	1.071700
202	2.243500	1.361000	0.026100	2.970000	1.920800	6.205100	0.099700	3.541000	2.036700	1.403000	0.287700	0.000000	1.560100	0.744100	2.175200	1.529100	0.646600	0.658100	0.436600	0.606300
203	2.366700	2.401300	0.401900	1.540100	0.826000	2.118000	0.549600	1.538300	2.436700	1.857300	-0.155100	0.000000	2.190500	1.199600	2.520500	1.933700	1.330100	1.539500	1.343700	2.244700
204	5.125800	3.381400	0.000000	2.194300	3.101000	3.915500	12.272600	2.860900	3.147200	3.100700	0.434000	4.189900	3.735400	3.604800	4.413700	4.318500	13.591300	6.828900	5.808200	4.262600
205	-0.236800	-0.287400	0.197100	-0.072300	0.103400	-2.701600	1.409200	-0.895800	-0.531800	-0.017400	0.004200	0.948800	-2.566400	0.245500	-5.100200	-0.398500	0.593500	0.434500	0.387600	0.000000
206	1.130300	0.156600	-0.949500	0.014800	-0.716800	-2.146000	0.000000	0.502200	1.011600	0.744500	-0.846200	-0.023100	-0.914600	-0.110700	0.160900	1.032800	1.032800	0.307100	1.898000	1.318600
207	0.320800	-0.125900	-0.335200	0.236900	-0.122900	0.398700	0.292400	0.423700	0.385000	0.541000	-0.550300	0.000000	-0.628100	-0.265300	-0.558600	0.291100	-0.258400	0.206500	0.129100	0.619900
208	2.036300	0.441400	-1.461200	-1.292600	-1.434700	0.024400	2.272400	0.315700	1.532800	0.000000	-0.773300	1.226900	-0.579400	0.986800	0.282300	0.616100	0.643700	3.486400	1.829900	1.397800
209	2.282700	0.000000	4.758200	0.864400	3.405400	3.884200	13.046500	0.786700	1.470700	0.703900	6.231000	9.205700	9.465100	7.349600	4.589100	2.609500	18.328700	27.939580	16.157500	42.108730
210	2.571100	1.177300	-0.523000	0.963800	0.270600	6.391400	0.760600	1.025800	1.751100	1.719100	-0.274900	0.568400	0.929200	1.109000	2.000100	1.037800	-0.434300	0.000000	-0.106500	1.142300
211	1.222200	-0.149600	-1.405400	-0.196500	-0.833500	3.266100	-0.324900	0.545900	0.185700	0.426400	-1.501400	-0.435800	-0.085600	0.000000	-0.340400	-0.392800	-1.071900	-1.318500	-0.958100	-0.403900
212	4.736800	3.260100	0.012500	1.417900	0.000000	5.887600	7.654600	3.130100	3.765300	3.426500	0.310300	3.015200	4.541400	3.008200	5.189000	3.377300	9.925500	10.173900	4.030200	3.202200
213	5.800300	3.587300	0.000000	5.238400	3.942500	8.189300	9.565900	4.770300	5.716200	3.901500	0.872100	4.618600	5.191700	3.290400	5.990100	3.747300	19.017000	8.719900	6.487400	5.108400
214	1.922600	0.970900	-0.186900	0.000000	-0.448000	4.186500	0.724800	0.959600	1.377800	1.025500	-0.388900	0.046100	0.673400	0.758200	1.640600	0.760700	1.262400	0.648700	-0.129600	1.217700
215	1.808600	0.544800	-0.782800	0.238100	-0.752400	5.178700	0.028200	0.726300	1.155000	0.994600	-1.609800	-0.368100	0.902300	0.000000	1.666300	0.588100	-0.446200	-0.597500	-0.781600	0.690900
216	4.873900	2.800300	2.807500	0.000000	-0.625600	8.807700	13.386600	1.398300	3.500900	2.472400	1.028500	5.963400	4.839000	4.170600	4.688900	2.488400	15.889600	10.580000	9.645700	6.996000
217	2.067800	0.775200	-0.229000	1.663000	1.814900	7.824200	0.393600	1.863300	2.160300	1.549300	-0.536700	0.000000	1.401500	1.043900	2.978100	1.677300	1.486400	0.891100	1.935800	1.852400
218	0.650400	-0.056400	-0.324200	0.245000	-0.451700	1.781800	-0.616800	-0.403400	-0.212200	0.512100	-1.050300	-0.448100	0.000000	-0.042200	0.516600	0.141100	-0.690200	-0.590300	-0.739900	0.092600
219	1.745300	0.727500	-0.933900	0.000000	-0.923100	3.698600	-0.400000	0.883900	1.436700	1.276700	-0.796800	-0.709000	1.041200	-0.182700	2.085100	0.769600	0.054500	-0.173200	-0.251800	-0.034500
220	4.320700	2.675500	0.000000	3.365800	3.228200	4.852200	7.224600	2.471100	3.451800	2.768900	-0.142400	3.026600	4.326500	3.362800	4.877000	2.630000	5.353600	3.517700	-0.168000	2.163100
221	0.483400	-0.244600	-0.256800	1.395700	1.255400	6.042900	0.501500	1.370400	0.000000	0.264700	-0.314900	-0.278500	0.545500	0.692900	2.482200	2.047000	2.244800	1.959500	3.329600	3.696800
222	0.646300	0.492000	0.608300	1.037700	0.599300	3.563000	-0.507700	-0.047800	0.197200	0.331900	-0.669300	0.000000	0.799600	-0.313800	1.297000	0.769400	0.000600	0.100200	-0.014900	0.096800
223	2.406400	1.591700	0.000000	0.987000	0.167800	4.074400	0.164800	1.397100	1.445600	1.036400	-0.153500	0.496400	1.037900	0.851400	1.137700	1.381500	0.462600	0.827000	0.286600	1.065900
224	0.344300	-0.110300	0.001200	1.143100	1.534100	-1.471300	0.502300	1.739100	0.000000	0.398900	-0.163300	0.348100	-0.431000	0.112300	0.512600	0.182900	0.077900	0.368100	0.361600	0.787700
225	2.646900	1.020800	5.332100	1.567700	3.085500	-0.801900	7.532100	0.000000	1.610900	1.273000	4.985300	8.534600	5.725800	5.885700	4.963600	2.639400	17.733800	15.363900	11.961600	23.911700
226	5.160000	3.828600	0.000000	1.935600	1.197100	7.803400	2.047600	3.093200	4.729200	2.816400	0.417700	3.320500	5.009500	2.621300	5.158900	3.908300	6.055800	11.975100	7.128300	4.601400
227	1.885100	0.892400	-1.276100	0.000000	-0.893500	1.436600	0.732300	1.615300	1.831000	0.963900	-1.100700	0.721600	1.355200	0.738400	2.020300	1.637700	-0.208300	0.266300	-0.055400	1.323100
228	1.359800	0.859900	-0.558300	0.268200	-0.175200	1.517900	0.103200	0.435700	0.953600	0.391100	-0.949100	-0.220800	0.000000	-0.092400	0.769800	0.799300	-0.164100	0.036900	-0.561400	0.424100
229	1.877900	0.626900	-1.205800	-1.080100	-1.189500	3.854900	-0.341700	0.000000	1.131700	0.241500	-1.615600	-0.002900	1.222100	0.533600	2.254900	1.394800	-0.203100	-1.607900	-1.482200	0.802500
230	0.655900	0.299300	-0.631000	-0.028000	-0.497900	1.649100	-0.282600	0.000000	0.359800	0.027200	-0.638700	-0.726200	-0.033100	-0.079500	0.285000	-0.266300	-0.453800	-0.721700	-0.953500	0.344900
231	5.330500	3.849200	0.000000	1.240000	0.071300	4.246300	1.925200	2.782400	4.498900	3.137000	-0.024000	2.346200	5.284000	3.090800	5.585400	3.650700	3.028500	6.958400	4.846600	3.915500
232	0.329200	0.219900	0.391100	2.519200	2.085500	-0.522200	0.314100	1.471600	0.161700	0.912100	0.636600	0.000000	1.257600	0.354000	1.219300	-0.141600	0.777900	0.462000	0.462900	0.323400
233	0.732000	0.349200	0.369600	0.950800	0.840100	-1.419300	-0.141200	0.913100	0.147200	0.871500	0.359900	0.176900	0.000000	0.020800	0.654000	0.326400	0.923200	0.734700	0.717600	0.888800
234	-0.099200	-0.151500	-0.392500	-0.300500	-0.536700	-0.464700	-0.644500	0.000000	-0.054800	-0.352900	-0.952700	-0.525200	-0.157700	-0.350600	0.227800	-0.095700	-0.800100	-0.900400	-1.210000	-0.072600
235	1.989500	1.100000	-0.088500	0.671400	0.380900	2.952200	0.205400	1.164400	1.723900	1.096000	0.363200	0.604300	0.000000	0.521700	1.121900	1.144400	0.684700	0.510700	0.443800	1.068200
236	1.913300	1.216500	0.714800	0.724800	0.369700	1.936600	0.550900	1.076800	1.200200	1.435000	0.434300	0.000000	1.674700	1.358200	2.518100	1.767900	1.594100	0.176800	0.844000	0.508200
237	5.390200	3.913400	0.268100	1.016200	0.000000	6.637900	3.708300	2.892200	4.020000	2.956900	0.180800	3.997600	4.988100	3.462000	6.095300	4.339800	5.680900	9.232000	8.445100	7.829600
238	3.067300	1.831800	1.901300	0.247200	0.526500	3.167400	14.779300	0.000000	2.010900	1.556300	11.234000	13.881400	5.154100	2.198100	4.608900	1.924900	25.436900	15.949300	14.216000	18.486400
239	6.074300	3.767600	1.269600	0.000000	-0.681800	4.064600	12.998500	2.728300	4.938700	2.851500	2.280000	7.840400	6.445200	3.908100	5.268100	3.865000	16.135200	15.334500	9.635700	8.746700
240	2.788900	1.042000	-1.130700	0.642800	1.247400	2.471800	7.977300	0.813300	1.128300	0.000000	0.340300	4.786500	2.753700	2.098700	2.522300	0.394400	12.207500	5.353400	4.001400	3.048400
241	0.000000	8.477800	32.440480	24.324100	29.583090	19.763800	40.651210	21.304100	12.929000	16.135000	26.841220	34.730980	32.717200	31.839970	28.280420	28.659440	76.853000	54.666500	48.642800	55.635400
242	0.667000	-0.710600	2.612700	1.538300	3.641500	-1.647100	5.055500	2.583900	1.377900	0.362000	2.415300	3.935500	5.291300	5.444600	0.000000	0.803400	22.252700	26.533800	17.019700	42.957450
243	1.773900	0.722400	-0.921900	-1.310000	-1.510500	1.688800	-0.001800	0.000000	1.335400	0.084400	-1.541200	-0.331400	3.125700	1.022100	2.835600	0.655500	6.509900	7.149800	2.987700	4.101600
244	4.471400	3.571300	2.631100	5.865000	5.902200	7.552900	3.176500	5.478200	4.420800	3.377700	2.974900	2.238600	5.729400	2.888500	7.995900	3.372900	12.772800	6.882800	3.349500	0.000000
245	0.000000	10.021900	30.343100	23.409400	35.867952	19.004100	30.434780	23.707900	15.868500	17.072000	26.221990	27.610290	35.147994	32.479350	27.709000	23.578500	74.605500	65.985800	54.700800	47.608700
246	1.388300	0.745800	-0.073600	3.052500	4.221300	5.398500	-0.890700	2.707900	0.603500	1.041100	-0.247800	-0.983100	2.681300	0.000000	2.614900	0.240100	0.579500	0.200700	-0.489200	0.552900
247	5.829700	4.647400	1.086200	4.336200	3.094100	9.898000	4.550600	3.845800	4.872100	4.772400	0.897500	3.724100	5.726600	3.694700	5.522000	4.707100	4.930600	0.767300	0.000000	3.346000
248	5.066400	3.742600	1.478700	2.893500	3.135100	2.599100	2.384900	3.229500	3.944500	3.916100	1.071000	2.242900	3.371500	2.313100	5.076500	3.760900	3.010800	0.000000	1.050400	3.231500
249	2.264800	0.890200	1.151800	2.958200	2.194600	-1.178700	3.429000	0.652000	1.432700	1.381900	-0.420100	3.534900	0.446500	2.355200	0.000000	2.744800	7.816100	2.251500	2.675500	2.601600
250	5.406500	3.775600	0.000000	1.679000	1.905200	3.963100	6.323200	2.826500	4.736800	3.816200	0.306200	3.708400	4.390800	2.766400	4.894000	4.133800	11.275900	11.923500	7.846700	5.666100
251	3.931500	2.547900	0.000000	1.557900	0.658500	5.394400	2.660800	1.599400	2.893700	2.639700	-0.427300	2.193700	3.261600	2.719800	3.815100	2.545900	1.375400	1.701900	1.202700	3.290400
252	0.494300	-0.874300	-2.904700	-0.089000	-0.828400	2.822400	-1.476200	-0.652900	-0.260000	-0.400000	-2.428200	-1.870400	0.099200	-1.153700	1.121200	0.000000	-2.174800	-2.694800	-2.879100	-0.579800
253	4.760000	2.963900	0.180300	0.954600	0.000000	5.520400	4.521500	2.684700	3.691200	2.865100	0.697800	3.183500	3.979100	3.346700	3.952500	4.005600	11.222900	12.225000	9.543600	7.293100
254	6.245400	4.708700	1.162700	4.121500	3.252300	6.288900	4.844400	3.679500	5.113500	4.738500	1.011300	5.102000	5.574000	3.875600	6.404700	4.954300	1.161800	0.994800	0.000000	4.036800
255	0.841600	0.090800	-0.346200	0.198900	-0.114800	3.187100	-1.419700	0.454600	-0.085200	0.401300	-0.568700	-0.835100	0.000000	-0.365700	0.509800	0.012600	-0.758400	-0.220500	-0.524600	-0.070900
256	1.640300	0.747800	0.000000	0.903400	-0.062200	4.825900	0.083300	0.685400	0.973400	1.038600	-0.802000	0.272200	0.965800	0.504000	1.604300	0.597200	1.017100	-0.068800	-0.239900	0.509500
257	3.954900	3.550300	4.418600	4.747400	6.112200	8.525300	8.451100	5.152600	3.938400	3.454100	6.064500	7.336500	4.620700	5.339400	-0.356000	0.000000	21.008400	17.903600	17.572500	26.316100
258	0.000000	3.444400	3.445000	4.143500	3.752600	5.696400	2.621300	3.849400	3.519100	3.465300	3.224900	3.060300	2.966700	2.990800	3.253400	3.418000	3.528400	3.374500	3.256600	3.619100
259	2.587000	1.891800	0.000000	2.384300	1.613200	0.312900	1.441900	2.476500	2.088300	1.942200	0.200900	1.527800	1.180800	1.490600	2.347200	1.915800	0.468500	0.807800	0.585100	1.788200
260	4.443900	2.819900	8.948600	3.467800	5.120500	0.000000	25.315600	4.123600	4.757600	3.815600	11.126100	18.529200	3.051600	5.780600	3.901300	4.861000	49.247500	30.723730	22.557500	26.549120
261	-0.017800	1.457000	1.645200	2.127600	2.637700	3.154100	1.468100	2.607800	0.000000	0.778700	0.729100	1.442600	1.748200	1.832400	3.405900	0.562100	5.013400	4.455600	4.185700	4.351000
262	0.570800	0.102600	-0.146200	0.334500	0.255200	-1.163900	-0.619300	0.585900	0.494600	0.471200	-0.140600	-0.291900	0.000000	-0.177700	0.691800	0.333700	0.646100	-0.086300	0.484200	1.201500
263	-0.193300	-0.043700	-0.287600	0.069200	-0.087200	-0.605500	-0.466600	0.000000	-0.162400	0.073800	0.003400	-0.224900	-0.168200	-0.177500	-0.774500	-0.209800	-0.058100	0.035100	-0.032500	-0.009800
264	2.923900	1.717900	0.147000	2.393600	1.227200	4.041300	0.280400	1.663200	1.373900	1.999900	0.167600	0.434700	1.503600	0.844400	1.542000	0.000000	0.936600	1.280100	1.307200	1.368600
265	2.978900	2.122600	3.837400	5.038000	5.626900	0.000000	2.879300	4.772600	2.889500	2.697200	1.395700	1.037800	1.953600	2.996200	4.418100	3.474000	10.070300	26.053790	7.635300	6.656300
266	6.062400	4.665400	1.518600	2.650100	2.469700	6.089200	4.294900	4.861700	5.643900	4.003800	1.580500	4.620000	4.531500	4.116500	6.434000	4.644200	4.913300	0.000000	0.828100	3.312500
267	6.809300	4.529600	1.653600	0.634600	0.000000	8.357700	8.318200	1.949900	4.501700	3.259400	0.788300	5.752600	5.916400	4.491200	6.183600	4.885300	12.843100	16.148100	15.353700	9.933100
268	7.935800	6.411600	2.410700	3.600000	2.493100	7.038200	6.698700	5.737600	7.255300	5.462800	1.894300	6.120200	6.185400	5.276200	6.652700	6.018600	4.650800	2.255700	0.000000	4.599400
269	2.983500	1.860500	1.226500	1.945900	2.939600	5.623700	11.302700	3.690800	3.164700	1.505500	2.708100	7.117900	9.281900	8.545200	3.936300	0.000000	25.643200	17.107100	12.284000	27.559350
270	0.000000	9.998600	35.297140	26.611200	32.747600	16.075900	40.871380	22.540100	13.051500	15.910200	24.398600	29.289710	30.963100	31.855660	29.670810	29.104780	56.328900	53.544600	50.018000	84.344600
271	-1.107000	-0.125200	5.411400	6.772100	10.790000	6.859100	7.613700	8.057400	0.730600	-0.113400	5.002400	7.067000	4.961800	5.318300	0.000000	-1.486600	21.489500	23.245500	18.713500	79.762700
272	5.878200	4.261900	2.787100	5.732200	3.235200	7.343400	4.583800	4.399900	5.178200	4.326200	2.454000	3.523900	7.177600	5.374000	7.636100	5.196600	5.938700	1.696200	0.000000	4.434200
273	3.986200	2.710500	3.296100	0.000000	1.729400	6.069700	13.564400	1.692600	2.960800	1.625300	2.758600	4.949800	8.839500	5.985400	6.497000	3.142800	30.586350	22.428900	16.778000	46.078270
274	-2.352500	0.460100	2.901400	2.478500	4.198800	6.635800	12.129100	2.342500	2.213900	0.786800	7.949700	10.422800	6.944700	8.398600	0.000000	2.310800	29.963730	22.955200	17.594800	36.149776
275	1.280900	1.383200	-1.015300	0.611400	-0.160700	5.938500	0.000000	3.372200	2.183500	1.942300	-0.996000	-0.435400	0.676800	0.533200	1.727200	1.580700	-1.337500	-1.201000	-1.734900	0.194000
276	0.000000	4.930500	12.199400	14.924400	16.669700	14.074300	13.089100	15.752500	8.750600	8.541700	7.966300	11.367600	12.022500	10.583200	15.601700	12.458600	32.322950	34.450610	33.455210	36.065770
277	1.918500	0.896500	5.493700	1.134800	2.039200	-1.240300	6.248500	2.500700	0.000000	0.980700	1.518700	5.087600	2.742200	2.975400	2.530200	0.805700	11.311000	14.693600	9.756600	37.521000
278	3.553400	3.697100	2.092700	5.128900	5.526800	5.395900	5.892300	5.131600	4.245500	3.733700	1.920700	4.357900	4.828200	4.148100	4.283600	3.224300	0.456500	0.501800	0.000000	2.660400
279	1.760400	0.487500	6.918100	5.284300	7.336000	6.219500	10.940100	5.544500	0.000000	1.784800	4.620000	5.952100	10.828900	4.314500	10.809200	5.034900	29.147480	30.873920	21.629100	57.455500
280	3.733700	2.051700	-0.752900	0.000000	-0.121700	5.349000	3.548400	2.230100	2.536900	2.256300	-0.579100	2.987900	2.709500	3.102500	4.218400	3.106900	9.973400	10.408700	5.969200	9.384400
281	2.365200	0.621000	-0.933800	4.277600	3.748200	-0.435000	2.222000	2.050300	1.146800	0.764600	-0.900600	0.314400	0.000000	0.576200	2.051200	0.920400	2.136400	0.124000	-0.482500	0.335700
282	3.477300	2.005700	-0.163600	0.000000	0.920400	6.216700	7.508600	1.737000	3.186600	2.239900	-0.215900	5.968100	4.393900	4.493800	4.305800	3.404400	17.539700	9.294900	8.187600	5.212300
283	5.335000	3.290900	2.838400	1.142300	0.000000	9.934400	11.313400	3.350600	4.426400	3.107400	0.401700	6.692000	5.367700	2.977300	4.729900	3.239200	10.893000	12.286100	7.914900	10.843100
284	4.778900	3.070200	0.000000	1.434500	0.477200	7.016500	7.716000	2.857500	3.631100	3.250700	0.088100	3.337700	3.473500	2.424400	4.752700	3.133300	7.848800	5.066000	2.175600	3.492600
285	2.383900	0.866900	-1.291600	-1.001500	-1.744900	5.022900	5.763700	0.000000	1.346500	0.923700	0.077400	5.092300	2.154100	1.824300	2.746300	2.046900	15.187600	5.115600	2.747900	7.648200
286	6.166800	3.966400	0.000000	4.204400	3.014700	6.832900	7.861100	4.249200	4.775700	3.811500	0.349300	3.934400	4.342800	2.775100	5.483600	3.376600	13.959200	6.283600	2.841500	2.263400
287	6.586100	4.532900	1.477900	4.629800	4.392900	7.541200	6.908600	5.101700	5.383200	4.499800	1.352200	5.293700	6.203600	4.848600	6.694300	5.403900	3.624000	2.589700	0.000000	3.924000
288	0.000000	-0.328700	1.335100	4.256100	4.092500	3.726700	11.189300	3.421900	1.871900	0.298700	2.473300	6.129900	7.580000	6.461100	3.180000	1.865600	7.699300	11.540900	9.794000	38.226240
289	6.252000	4.324700	0.974600	2.711500	1.824000	9.115600	6.295200	4.902600	5.878700	4.253300	0.745400	4.843500	5.295100	4.738300	6.100200	4.375800	4.395500	2.142500	0.000000	3.332100
290	3.471400	1.976600	-0.302800	1.850600	2.286100	8.091200	0.941400	2.438300	2.478200	2.323100	0.029600	0.000000	3.532400	1.615100	4.676300	2.178900	2.674200	0.607200	-0.387000	1.145200
291	4.232000	3.044700	0.000000	1.961800	0.959900	6.446100	0.999700	2.424800	3.687200	3.035500	0.018900	2.170200	3.298400	2.932800	2.978700	3.238500	4.392000	3.089000	2.012700	4.117900
292	4.002200	2.223000	0.000000	4.775500	3.896800	7.975300	2.167100	3.972500	2.717700	1.831500	0.465500	1.937600	3.164400	2.264700	4.016800	2.315400	3.366900	5.614100	5.395000	3.870400
293	2.629100	2.019700	0.565900	1.916100	1.585500	5.293500	0.705100	4.081700	3.355900	2.141500	0.747000	1.256800	4.171200	2.721600	4.491200	2.775000	0.282200	0.000000	-0.721300	1.638900
294	3.055700	2.293400	2.563800	3.290700	2.817100	0.000000	1.279100	2.350300	1.995100	2.841600	2.182400	1.378600	3.035500	2.247100	4.217500	3.066900	3.232900	2.878700	2.881200	2.823500
295	0.314200	0.240900	-0.133500	0.764400	0.774800	0.817300	-0.520500	0.451700	0.212400	0.405800	-0.100700	-0.472400	0.086500	0.083200	0.000000	-0.076100	-0.383600	-0.404100	-0.477500	0.087600
296	0.156000	-0.272100	-0.891100	0.099200	0.563600	1.641500	-1.399900	1.259100	0.388200	-0.725700	-0.892900	-1.378900	1.273800	-0.351600	0.910600	-0.553100	-1.373700	-0.874200	-1.071000	0.000000
297	6.490100	5.133000	2.046400	2.709300	3.433800	12.097500	6.913900	4.217900	5.683700	4.039400	1.254700	4.525100	5.514400	4.886100	5.493800	4.751100	2.199500	2.450700	0.000000	3.126300
298	1.169000	0.153000	-1.510600	-1.766900	-2.399900	4.130600	0.832400	0.357400	-0.061800	-0.046000	-2.065500	0.318000	-0.752600	-0.605100	0.126800	0.303700	-1.633700	-3.429700	-3.468300	0.000000
299	5.825600	4.138800	0.000000	1.499500	0.778700	3.501700	8.910800	3.439300	5.157200	3.299400	0.511500	5.696800	4.834000	3.233400	5.065800	3.405900	24.195600	18.062800	11.756500	8.228400
300	3.901100	3.052300	0.000000	0.940800	0.235100	2.365800	4.058300	2.214600	3.773900	2.656500	0.231100	2.680500	4.725800	2.751300	5.034000	3.123500	11.957900	11.668200	6.405300	27.687700
301	4.851700	3.409800	2.304300	2.142500	1.570900	7.115600	0.000000	2.895800	3.954300	3.175600	1.165900	1.626000	6.050900	3.130200	7.573700	5.273600	9.859300	20.501800	16.585000	16.617700
302	0.000000	7.617100	38.684390	24.111000	32.870550	17.458100	49.733700	22.146300	13.372600	16.391000	32.610530	36.950640	42.199990	39.844850	34.557410	28.848970	77.009800	60.266900	61.103700	74.828600
303	-0.733500	-2.314300	3.007800	0.949000	1.314100	-1.340700	2.382500	2.981500	-0.902000	-1.380500	-0.920400	0.678900	2.195600	1.691200	2.712900	0.000000	2.762300	4.872900	3.433200	2.133200
304	1.133300	0.458900	0.849300	3.031300	4.763500	10.810000	2.968700	3.505600	0.380500	0.590600	0.075100	2.608500	5.137200	1.063900	5.392400	0.150800	7.526700	-0.028400	-0.670300	0.000000
305	4.232500	2.665700	2.330200	5.979200	7.582000	0.953600	19.574500	4.413200	3.065300	1.914800	3.789100	13.664800	0.000000	2.616500	1.423700	1.616500	34.333660	26.285130	16.265400	13.673000
306	2.301200	1.955200	2.686900	1.431200	2.041000	6.190000	4.244000	0.000000	1.172500	1.568900	0.697800	2.711700	1.270600	2.973600	-0.657100	3.150100	4.120600	2.570100	2.386200	13.548600
307	1.678800	0.919000	0.266400	0.579200	0.050300	0.339700	0.667300	0.450300	1.224000	1.320600	0.474900	0.483000	0.110000	0.246500	0.000000	0.699400	0.419100	-0.075800	-0.530000	0.609600
308	-0.010500	-0.433900	-1.353600	-0.413100	-0.695900	-2.170100	-0.703500	-0.294400	-0.030000	-0.170400	-1.755300	-0.849300	-0.952000	-0.763600	-0.446100	0.000000	-1.191800	-0.882400	-1.102000	0.124300
309	2.609300	1.461000	-0.474100	3.431200	4.310100	1.084000	0.161600	1.287100	2.362900	1.439000	0.000000	1.664400	1.915200	1.158900	1.475100	1.189500	4.368400	4.500800	4.886500	3.305200
310	1.074900	-0.608100	-0.116300	2.789200	2.301800	2.096700	1.798400	1.768300	0.356400	-0.594900	-1.346100	3.679800	3.927900	0.470600	4.965400	0.000000	22.565200	10.650300	6.985500	41.869780
311	0.584800	0.408100	0.194900	0.643000	0.252000	5.112500	0.031300	0.146900	0.504700	0.536600	0.063300	-0.368300	1.498700	0.000000	2.573500	0.328900	1.241600	1.090100	0.808900	0.912100
312	1.429400	1.034100	0.087800	0.187500	0.000000	2.998500	-0.278100	0.701000	0.688000	0.412200	0.242000	-0.095100	0.608500	-0.034400	-0.013000	0.667800	0.829200	0.466000	-0.247200	0.068600
313	3.415200	2.585600	0.351500	2.717600	1.803300	6.347400	1.915500	3.800200	3.680700	2.662900	0.585300	1.825200	2.664700	3.129700	4.282200	1.913600	1.354300	0.000000	-0.150200	1.565700
314	0.000000	3.296700	2.921400	5.874900	6.549700	13.182300	14.022800	5.245800	4.889400	3.388200	4.252800	6.283300	8.751900	5.897200	5.306300	2.691300	34.930210	16.735300	13.029800	38.787910
315	6.557300	4.790900	1.885600	6.574100	7.741100	12.497200	7.380200	4.841900	6.143300	4.944500	0.979500	4.621400	6.665500	4.664900	7.711100	5.344800	8.453000	3.269700	0.000000	3.404500
316	1.427200	0.101900	-1.381800	0.321300	0.413600	7.908800	-0.136900	1.253000	0.638400	-0.198200	-0.796900	-0.561400	0.000000	0.208500	0.842500	-0.413000	0.006500	5.340200	-0.606700	3.546200
317	0.000000	0.425800	1.131700	2.019900	2.160600	0.121900	1.540000	3.041600	2.050700	2.033300	1.463800	1.125800	1.911300	0.928600	2.173900	2.185300	2.124800	1.909600	1.988400	2.520900
318	3.348500	1.497200	-0.427700	2.453600	2.147200	9.813300	9.774000	3.774200	2.183000	1.584800	0.339900	5.751500	0.000000	2.093600	1.608700	1.519400	34.956413	0.322400	0.366600	29.350680
319	4.294200	2.488700	1.683400	0.000000	0.789800	5.870500	11.120600	1.328000	3.044800	2.538900	1.265200	7.335400	4.348600	4.092700	4.517700	2.485200	23.681600	16.141600	11.690200	26.878650
320	1.815600	0.950300	-0.287100	0.964200	0.505700	4.402100	0.482300	0.736600	0.990000	1.183200	0.248900	0.000000	1.330300	0.614600	1.891200	0.914700	1.246600	1.038800	0.968100	1.696300
321	1.477200	0.000000	-0.552800	0.593900	0.297600	4.102200	-0.049700	0.815500	0.352100	0.892900	-0.582500	-0.208200	0.191900	-0.209400	0.981100	0.103300	-0.188800	-0.168000	-0.306900	0.025400
322	2.972000	1.629400	0.029400	0.329000	0.875800	5.033100	-1.193200	2.248900	2.511100	2.088500	0.236600	0.000000	2.919500	1.131400	3.772600	1.361500	1.477500	-0.044400	-0.149600	0.120100
323	4.260700	4.595700	1.605500	4.679600	4.705300	5.626400	3.464100	5.289200	4.650700	4.515400	1.148300	3.647300	5.336600	4.638300	5.872200	5.128400	1.967500	0.000000	0.220900	3.386100
324	1.009000	0.508100	0.702000	0.002800	1.589100	0.607200	-0.838100	0.000000	0.168200	-0.108400	0.460300	-0.219500	0.894300	0.044500	0.478200	0.520400	0.265800	0.342600	0.261000	1.151800
325	1.064100	0.000000	0.363000	0.663300	0.496700	-1.221100	0.683100	1.066400	1.178000	1.115400	0.652200	0.498100	0.286100	0.336200	1.568700	1.265000	2.364400	3.742200	2.144300	1.288300
326	0.123900	0.198200	0.504400	0.983500	0.653700	-0.230800	0.596700	0.380100	0.459200	1.307600	-0.005600	0.441500	-0.530500	0.000000	-0.299800	0.546500	-0.470600	-0.832900	0.093500	1.145200
327	4.909300	3.489600	0.466400	1.748700	0.872700	2.537300	3.802400	2.440700	4.333300	3.440100	0.000000	3.428900	2.035700	2.410900	2.592000	2.980700	1.536400	2.781900	-0.052900	3.100000
328	3.781400	2.178800	0.398700	2.477900	3.198100	5.740700	1.747300	3.287600	3.235000	2.524400	-0.204500	1.355100	3.911400	2.700800	4.250700	3.302000	0.776800	0.000000	-0.418800	2.106700
329	0.569800	-0.129500	-0.497900	0.072300	-0.462400	0.526300	-0.255400	0.322800	0.409700	0.419200	-0.370300	-0.564400	0.000000	-0.197900	0.644300	0.386700	0.096200	-0.109100	-0.165200	0.333200
330	3.962900	2.645700	0.000000	1.857600	1.049200	4.173800	2.496100	2.736300	2.931400	2.869400	0.425400	2.039500	2.904100	2.191200	3.087000	3.281900	1.035600	1.898800	1.656600	3.016200
331	6.548500	4.590100	1.504400	4.042000	2.850800	5.797000	5.369100	3.807500	5.255600	4.725600	1.092100	5.187100	5.581000	4.763100	6.260100	4.284000	3.681500	1.060200	0.000000	3.622400
332	0.683500	-0.557500	-1.929700	-0.582800	-0.763600	3.767500	-1.421300	-0.822800	0.000000	0.240700	-2.194100	-1.307200	1.634600	-0.503900	2.541300	0.687300	-0.327900	-0.384000	-1.036100	1.578600
333	0.461500	-0.600900	-0.649900	0.031300	-0.395200	1.198000	-1.537800	-0.238900	-0.484900	-0.498200	-1.256500	-0.846400	0.000000	-0.812300	0.979100	-1.548000	-0.169900	-0.326300	-0.584000	-0.576400
334	4.172800	2.208100	1.507300	0.000000	2.090800	4.096300	7.369900	2.181200	2.863000	2.258800	4.106100	5.147400	8.517300	5.561500	6.077400	3.133600	20.994600	13.547100	20.323800	18.479500
335	5.210100	3.948500	1.813200	4.809000	4.185600	6.327500	5.733800	4.842100	4.694200	4.296400	1.224700	2.945200	6.524600	4.218000	6.839100	5.107200	9.007300	1.330200	0.000000	3.853000
336	-1.159500	-1.439500	-2.460700	-0.693400	-0.938300	-0.140800	-1.227000	-1.082000	-1.141700	-0.615100	-0.601900	-0.327500	0.000000	-0.640800	1.002800	-0.265700	0.430900	-0.466700	-1.127000	-0.127600
337	0.888400	0.021600	-0.585100	0.544300	3.056800	0.143800	-0.637700	-0.103200	-0.001200	0.188100	-0.068600	-0.604500	1.827000	0.749400	0.906200	1.304500	0.000000	-0.236000	-0.676200	0.642600
338	4.503900	3.173900	0.000000	1.681200	0.996300	3.093100	9.217200	2.537300	3.447200	2.521700	0.039500	4.988100	4.558700	3.699000	4.974300	3.244700	10.183100	6.151500	1.096900	3.351100
339	4.026100	2.752300	4.157500	3.747000	5.082700	0.000000	11.853100	4.894900	3.251500	3.168300	4.139400	7.277300	3.167500	3.362000	5.425300	5.399600	11.581600	9.136300	12.528200	59.497500
340	5.035700	4.012300	0.000000	3.110400	2.557400	3.517400	11.100300	4.574400	4.429900	3.266400	0.571500	4.377900	4.488800	3.153900	4.975900	4.530400	15.079600	9.659300	3.908700	4.155500
341	0.951100	0.000000	3.461000	1.337000	3.536700	5.255900	14.178400	0.593000	-0.398700	1.023300	1.991900	7.885900	5.490300	5.231000	7.194900	5.951600	23.213500	21.300600	23.678300	21.395300
342	3.428700	1.491900	-1.580900	-0.098400	-1.459000	5.539900	3.786400	1.288900	2.436100	1.043300	-2.053600	-0.021700	1.688500	0.000000	2.460600	2.345000	18.361400	10.325000	7.276000	4.991500
343	2.491600	0.683200	-2.140100	-2.467800	-0.909500	4.055300	0.557100	0.082500	1.624300	0.000000	-1.688400	-0.002500	2.426200	0.959000	2.860400	1.639400	24.068400	6.208900	12.427300	14.609600
344	6.292900	4.698800	0.479700	1.053700	0.000000	5.519000	5.788500	3.653800	4.705300	3.455600	0.455800	4.463300	5.250200	4.304500	6.004600	4.477300	7.621600	6.511600	2.276100	5.370300
345	1.309600	2.124300	-0.055600	2.471600	1.900000	8.539000	0.946000	4.194600	2.513600	1.305100	-0.200600	-0.654900	1.857800	0.914600	1.504800	0.000000	1.752900	1.445900	1.359200	2.146300
346	0.000000	1.980000	1.316500	2.689400	3.140100	3.985900	1.554600	1.593800	0.654100	1.716300	1.532100	1.130600	1.688500	2.014700	2.054800	1.217100	1.858400	1.240900	1.170100	1.902900
347	1.972800	1.774800	0.494100	1.917500	2.071400	6.556100	0.406300	1.326500	1.158400	1.524400	0.311100	0.000000	1.313800	0.755500	1.966300	0.792700	0.864200	1.133900	1.085100	1.010800
348	5.292800	3.177400	1.426500	0.000000	0.455700	5.395100	7.003400	2.348000	3.280300	1.818300	2.597100	7.288300	6.692500	5.048400	5.268500	2.689900	21.563700	20.187100	13.529800	18.315300
349	6.391200	4.466600	0.000000	2.511800	1.160900	6.333800	6.247400	3.296200	5.372600	3.675300	0.347600	4.594000	4.713800	3.971700	5.864700	4.655200	3.369800	4.266800	0.966700	3.417000
350	6.201900	4.219300	0.372600	0.788100	0.000000	6.738900	7.691000	3.460500	4.814900	3.581900	0.675100	4.517700	5.580400	3.399900	6.244300	4.696700	11.871700	7.910200	5.169000	5.355000
351	4.401200	3.215700	3.291600	2.871300	4.305600	3.436200	6.808800	2.559100	3.052600	2.745500	0.000000	4.701600	4.898700	3.789400	5.303100	4.291500	7.473200	6.852100	0.190000	2.884500
352	3.606000	2.279200	4.707700	2.561300	2.938400	1.264500	10.878800	2.275400	3.058000	2.999700	4.596700	1.475300	8.095100	4.174000	6.695200	1.884900	23.930100	7.371500	6.631800	0.000000
353	0.000000	6.188700	35.152600	22.514700	31.965200	22.999400	56.618400	19.911400	12.195600	15.242500	29.408270	40.859900	31.732960	33.100950	30.319780	30.156990	81.200900	70.258000	59.970300	67.166300
354	0.000000	7.519500	16.259200	16.250700	19.504500	15.528600	32.319730	15.406500	10.638300	8.236500	15.953400	25.798500	17.120500	21.604000	12.115900	15.622100	51.004500	19.804300	30.700180	70.952500
355	4.137400	4.239100	0.000000	3.608900	2.606700	0.929000	8.497700	5.628300	3.996400	3.364100	0.713200	4.285300	4.447500	3.355700	1.582800	1.224000	17.215500	8.572900	5.795800	5.097200
356	6.460500	5.729200	3.528400	4.329200	3.065800	5.438900	5.963600	5.119300	5.441200	5.198200	2.036300	4.716800	5.589000	4.644600	7.855800	5.345300	4.273300	1.879400	0.000000	4.430200
357	0.718100	0.418100	-0.243700	0.599000	0.295300	3.310200	0.187200	0.957500	0.000000	0.701000	0.016100	-0.412700	0.706400	-0.061300	1.410000	0.976100	0.755700	-0.711500	-0.829900	0.671900
358	0.649700	0.571800	-0.751400	0.134800	-0.051900	1.822600	-1.211200	-0.383000	-0.089500	0.144400	-1.749100	-0.616400	0.000000	-0.563800	0.260500	-0.070200	-0.487300	-0.102400	-0.200100	-0.109800
359	0.906400	0.901700	0.311400	1.270600	0.887900	0.359600	0.816900	1.185800	1.002400	1.088100	-0.127000	0.548000	0.227800	-0.310600	0.000000	-1.308400	0.896700	0.053700	-0.324700	0.601500
360	0.000000	3.671000	3.776600	4.843300	4.691200	6.588900	3.203500	4.683300	3.851000	3.763900	3.615400	3.514700	4.089800	3.481700	4.447500	3.784800	3.783200	3.610300	3.591000	3.830700
361	3.434900	2.127400	-0.727700	0.000000	-0.331300	2.116500	1.349400	1.556000	2.974500	0.430700	-1.255800	0.836600	2.675300	1.616700	3.118500	1.066100	0.506200	-0.238400	-0.830200	1.084100
362	0.753500	1.086200	0.564200	0.289500	0.812100	2.637200	-0.455600	0.000000	0.080300	1.116000	0.653200	-0.179800	2.516300	1.395800	0.339600	0.604500	0.899200	-0.605000	-0.266600	1.050400
363	3.550700	2.714700	0.000000	1.708100	0.756400	3.550800	2.013000	2.358100	3.320000	2.563500	-0.225500	0.803700	3.270700	2.198300	4.132200	2.346400	5.883700	4.702800	3.099200	2.676300
364	1.163000	0.315200	0.290700	1.259700	0.795200	-0.914500	0.527800	0.704600	0.662000	1.079200	0.094600	0.073500	-0.728700	0.302600	0.000000	0.937700	-0.066900	0.382100	-0.005400	0.713800
365	2.072400	0.814700	-0.634100	0.683900	0.172300	2.201300	0.536000	0.765800	0.854300	1.026000	-1.679000	0.134300	0.510000	0.079700	0.000000	0.782300	-0.327700	-0.204100	-0.259900	0.489500
366	5.898800	4.050200	0.102700	1.499500	0.000000	5.066900	6.831500	3.064300	4.735600	4.156500	-0.214100	4.558700	4.503200	3.403700	5.616500	4.176900	6.689000	9.320000	7.400900	5.323600
367	0.915100	-0.030700	-0.645100	-0.303400	-0.632300	3.280400	0.000000	-0.712800	0.028000	0.506300	-0.627400	-0.239900	0.409500	-0.152700	1.121100	0.709800	0.263600	0.228200	0.198400	1.047600
368	0.077300	0.481700	-0.062400	1.428500	1.139300	1.957900	-0.270200	0.220300	-0.285600	0.689500	0.084600	0.000000	0.768000	0.105600	1.008100	-0.176300	0.696200	0.450300	0.345900	-0.062000
369	3.963100	2.524600	-0.082700	0.889100	0.000000	8.542800	0.414500	1.505300	2.726300	1.894500	-0.251200	1.720200	2.252000	1.943200	3.455000	2.123000	2.892500	2.463300	0.206500	2.687400
370	0.409200	0.655800	0.623700	0.872000	0.695300	-0.092200	0.201200	0.676400	0.762700	0.782300	0.662500	0.009900	0.000000	0.159500	-0.136100	0.235400	0.532000	0.599100	0.571200	0.503300
371	2.276200	1.489300	1.013400	2.087700	4.720200	0.119000	0.000000	3.130900	2.250500	1.145200	0.392600	1.371000	2.937000	2.002200	3.752300	1.663800	6.754800	3.629600	3.732100	3.434400
372	0.812200	-0.085000	1.807900	1.072300	2.324700	-0.447300	0.108400	1.918700	0.835200	0.350500	0.253000	0.192300	0.280300	0.295100	0.161600	0.000000	-0.805100	-0.273500	-0.225700	0.313700
373	0.962300	1.458900	2.178500	3.063000	2.824200	6.045800	0.000000	2.480800	1.128400	0.924800	-0.006800	0.594500	2.392800	0.984900	1.504700	1.352200	1.570000	1.572500	1.435200	1.633200
374	1.296200	0.722100	-0.365800	0.707100	0.228000	-0.982000	0.188900	0.877300	0.866800	0.649100	-0.382100	-0.095600	-1.237400	0.000000	0.346600	0.328600	0.736800	-0.358000	-0.299800	-0.529300
375	4.369200	2.776700	1.428400	1.097900	0.940800	0.000000	3.013400	2.727600	3.866000	3.255300	2.677800	3.525400	1.793300	3.184700	3.725000	3.248200	3.638300	0.224000	-0.510400	2.400300
376	2.510900	2.255900	2.113400	3.509600	3.227400	0.000000	2.586800	3.579900	2.421900	2.739900	1.792000	2.807400	2.417900	2.666700	1.377800	2.537300	3.565200	2.964200	3.056300	2.691000
377	0.143000	-0.118500	-0.117100	0.200100	0.152800	-1.329700	-0.267100	0.134200	0.150700	0.259900	-0.253100	-0.336800	-0.518500	-0.500600	0.000000	0.157000	-0.312600	0.088200	0.061600	0.385100
378	0.629500	0.803200	0.886000	1.302300	0.972500	2.870300	0.376800	0.811600	0.000000	0.421200	0.856700	0.744200	0.956500	0.714800	1.085400	0.453700	0.542900	0.664800	0.675300	0.228700
379	0.000000	3.322200	3.484400	5.218800	5.500700	6.414200	3.039400	4.886600	3.290700	3.573400	3.078000	3.188600	3.549400	3.402800	2.374600	2.956300	3.386800	3.558200	3.475200	4.081500
380	3.164400	1.735700	0.628300	0.857000	0.348900	0.000000	1.062500	1.911000	2.880300	1.932700	-0.566400	0.483900	0.687300	0.945700	1.351500	2.482000	3.154900	0.996700	0.624200	2.002300
381	5.101000	3.423500	0.768000	2.261700	1.818700	0.864900	4.683700	3.668700	4.824500	3.335700	0.000000	3.325300	2.213300	2.852800	5.033600	4.416800	12.070100	15.796500	4.267500	3.426900
382	0.948800	-0.569800	2.073300	0.911300	1.867500	-0.428800	0.963100	1.156300	0.250600	0.000000	-0.377500	1.111100	3.199600	1.069700	3.404300	1.782900	5.843200	6.115200	5.030500	16.216900
383	2.604100	0.992600	2.135300	4.167700	4.703300	3.351800	6.547000	1.068700	1.887400	1.627800	0.479100	5.317200	1.488200	2.945200	0.000000	0.681600	7.491100	3.895600	3.062200	5.817100
384	5.451300	3.624000	0.000000	2.403800	1.199500	6.604200	7.170000	2.670800	4.082000	3.464800	0.161500	4.722500	4.717700	2.689800	5.337400	4.180500	12.433200	7.941400	3.443200	4.593300
385	3.686000	3.462600	0.000000	4.142200	5.657600	6.878900	6.763600	2.332700	3.609300	2.989500	0.049700	2.234500	4.540300	2.468100	5.926500	2.813800	8.876300	5.202400	2.781100	2.520200
386	3.364900	3.216900	0.676600	3.003800	3.681000	9.031400	2.404300	2.689100	2.547900	2.852900	0.849900	1.892400	3.536000	3.087000	4.085700	1.830700	0.000000	0.431700	-0.133000	1.094500
387	0.906300	-0.361300	5.614100	6.221900	5.548800	5.164200	14.553700	1.977200	0.000000	2.040400	2.993300	10.013400	8.054800	6.861700	10.059000	6.523100	32.781630	26.380200	24.323100	19.189900
388	0.668200	-0.153400	-0.917600	-0.594100	-0.804300	0.481400	1.210800	-0.380700	0.193800	0.011100	-1.621300	0.850400	-0.253200	-0.900100	0.000000	0.051100	0.261800	0.469100	-1.185900	-0.174800
389	3.378800	2.521800	1.770700	4.341200	5.178700	0.000000	4.700900	5.115600	3.762800	2.554900	2.286100	3.125000	-1.035200	2.683300	2.227600	3.097600	1.920600	0.860700	1.122000	2.880200
390	0.498500	-0.252600	-1.184300	-0.384000	-0.845100	6.277300	0.260200	-0.906300	0.150600	-0.757500	-1.947500	0.091800	0.781900	0.000000	1.065700	1.088100	-0.109300	-0.269000	-0.012200	35.259890
391	0.695400	0.972100	0.966800	0.907800	0.820000	0.000000	0.771000	0.821900	0.847400	0.740500	0.216800	0.676800	0.455200	0.707200	0.392100	0.681100	0.815300	0.414400	0.644500	1.381200
392	0.650700	0.353200	-0.122000	1.442100	0.223600	0.120900	0.208200	0.776100	0.697200	0.415500	0.579000	-0.013300	-0.470000	0.000000	0.352500	0.512200	-0.193500	-0.208100	-0.286800	0.402200
393	0.651700	0.935800	0.215700	1.164700	1.184700	-0.477300	0.016500	1.135600	1.069600	0.577600	-0.372600	0.256900	0.443300	-0.356000	0.923100	0.000000	0.525800	-0.286200	-0.601100	0.578000
394	0.000000	2.822200	3.661800	5.083800	4.807200	8.481900	3.628700	4.845600	3.714500	3.611000	3.316200	3.552600	3.350600	3.721600	2.881200	3.726600	3.646400	3.499600	3.420300	3.863600
395	2.969900	2.515400	0.747000	1.896800	1.522700	2.745800	0.000000	1.955500	1.518800	1.447000	0.702700	0.940700	2.534400	1.385100	3.203000	1.537900	1.656200	1.976900	1.918400	2.364200
396	0.414600	-0.005800	-0.322200	0.705400	0.599500	3.230500	-0.335200	-0.552900	0.000000	-0.141800	-0.525300	-0.512600	-0.753500	-0.563700	-0.430400	0.043100	-0.209600	-0.602000	-0.665300	0.009500
397	0.180000	-0.274000	-0.157600	0.014800	0.000000	-1.716000	-0.619000	-0.024600	-0.341300	0.173600	0.246100	-0.292500	-0.976200	-0.506300	-0.186900	0.118200	-0.038100	-0.064800	-0.108200	-0.083400
398	1.322600	0.843400	2.565100	5.363600	4.991500	-0.344000	10.623600	3.529900	0.000000	0.260300	2.599100	6.049600	5.981900	4.065800	3.786100	1.765600	25.722100	8.174200	7.218800	5.563400
399	0.535400	0.259700	-0.143000	0.473900	0.220400	-0.952500	-0.105000	0.827200	0.503700	0.465600	-0.199400	0.000000	0.026000	0.300200	0.385100	0.599400	0.707400	0.206200	0.179700	0.846800
400	1.578900	1.216400	0.134900	2.211800	1.536900	3.338500	0.000000	1.304100	1.422700	1.194100	0.427900	0.795600	1.399400	0.790200	1.948100	0.305300	0.566800	0.231800	0.501400	0.885900
401	0.000000	2.728800	2.878300	5.074900	5.084700	7.401200	2.351300	3.510600	2.658600	4.144700	2.696700	2.573200	2.767000	2.330500	2.880200	2.464500	4.236400	2.708500	2.627900	2.605000
402	1.228800	0.568800	0.076700	0.000000	0.064700	3.300800	0.321900	0.511800	0.828400	0.420200	-0.732200	0.315100	1.047900	-0.349400	1.333500	0.732600	0.905500	0.075400	0.982400	0.697500
403	-0.367100	1.052800	8.745200	6.033800	9.587100	6.247800	15.718300	4.592100	0.000000	3.464300	6.402700	11.936300	13.707100	10.755600	9.885100	6.817900	42.554190	29.828270	27.991000	32.425400
404	1.784300	0.903300	0.935300	0.617300	-0.231500	3.372000	0.901100	1.128800	1.082800	0.000000	0.109500	-0.453000	2.210400	1.697900	3.403500	1.424300	1.748700	0.465600	0.329300	0.835200
405	1.043800	-0.174200	-1.867000	-0.258000	0.941200	0.700300	-1.067000	1.198200	0.614500	0.193700	-1.334600	-0.680300	0.701500	0.000000	2.136000	0.570300	-0.432100	-2.244700	-2.159400	0.593600
406	6.589400	4.819500	1.599300	2.029900	0.924900	6.426200	10.645100	4.291200	6.250200	4.113900	2.539100	3.909400	3.472400	3.760000	5.063200	5.272600	6.292500	1.166500	0.000000	3.834200
407	0.000000	6.168100	26.225710	20.693200	25.954300	12.694100	25.464000	19.766000	11.881300	11.538200	19.169000	20.962400	25.349300	25.166100	12.990300	22.945900	54.752000	35.224256	37.591490	44.245100
408	2.757700	2.625400	1.973500	2.193500	2.284800	0.000000	2.679700	2.802500	3.103400	3.457100	2.683000	2.991600	2.450000	3.099500	2.377400	2.687900	2.876400	2.534300	2.280100	3.595600
409	3.793700	2.852700	2.382400	2.708400	2.279400	2.481700	3.196600	3.214000	3.527200	2.997100	2.409500	2.883500	1.819600	2.844400	0.000000	2.283100	2.453900	2.885900	2.790800	3.322700
410	1.842600	0.685400	0.359400	0.000000	-0.257300	1.168900	2.009300	1.007000	1.819500	1.379300	-1.114300	1.565900	1.341100	2.046500	1.983500	2.848700	8.879600	1.644600	1.568200	8.906800
411	1.838400	-0.091500	-0.513900	0.057000	3.046500	2.604000	10.688400	0.000000	2.037600	0.875200	-0.456000	3.080300	4.048900	1.930300	1.799800	1.708100	9.885600	12.421800	11.798800	10.517900
412	0.962000	0.346100	-0.467600	0.733700	-0.050600	5.840900	0.407200	1.115300	1.192300	1.048800	-0.450500	0.000000	0.055500	0.276800	0.640700	0.902700	-0.080500	0.070300	-0.211200	0.253000
413	0.910600	0.000000	-0.209700	0.654600	0.085300	3.353500	-0.067600	0.783900	0.122600	0.965400	-0.736500	-0.364700	1.087900	-0.166500	1.181000	0.257100	-0.009200	0.076900	-0.004600	0.434200
414	6.084300	4.710500	2.386000	3.544300	2.624300	6.881000	5.431500	4.256500	5.183200	4.880200	1.383500	4.719400	4.239100	4.025100	6.349600	4.572400	0.825800	1.207800	0.000000	3.845400
415	4.124600	2.917900	0.000000	2.273500	2.105700	5.046600	4.330100	1.565100	2.370700	2.775300	-0.093500	3.792300	3.664000	2.878400	4.154200	2.834500	8.390500	7.050500	3.806500	4.897100
416	0.724700	-0.067300	-0.138400	0.251600	-0.188800	2.860900	-0.217600	0.023900	-0.103400	0.412700	-0.387800	-0.272500	0.000000	-0.435500	0.531500	-0.095100	-0.037100	-0.214200	-0.235200	0.128700
417	0.417500	-0.432800	-0.720400	0.700100	-0.801400	2.403800	-0.946200	-0.101800	-0.529600	-0.119200	-0.887400	-0.740000	0.000000	-0.433000	0.374500	-0.441700	-0.820300	-0.664800	-0.735500	-0.659000
418	3.689800	2.992000	1.912600	2.101700	2.587200	6.553000	4.354800	2.558900	3.733400	2.398800	2.764800	3.625200	4.338100	2.224500	3.478100	0.000000	25.964000	25.568400	19.001800	50.356800
419	0.066500	1.270300	1.549700	2.905900	3.266500	4.727400	-0.359600	2.153300	1.368100	1.286300	1.678400	-0.300500	1.161200	0.716700	0.860600	0.000000	1.470200	1.263000	1.091900	0.287600
420	5.260000	4.309100	0.000000	2.661400	2.817400	8.628000	5.926100	4.244200	5.322300	3.547800	1.089700	1.468400	5.316100	2.373400	6.377400	4.044100	5.170500	4.901400	1.847900	3.807500
421	-0.130600	0.182400	-1.232200	-0.314600	-1.089100	2.545500	-0.517700	0.075300	0.652100	0.766200	-1.780500	-0.911800	-0.466000	-0.299300	0.000000	-0.190800	-0.964000	-0.642100	-0.712900	0.165900
422	4.980800	4.444900	2.741700	6.077500	5.761700	5.418100	2.571200	6.990500	4.570400	3.935000	1.530400	3.385200	5.272600	4.194700	5.930900	4.643800	3.265200	0.000000	0.353800	3.160000
423	5.249700	3.496900	0.608400	0.785900	0.000000	4.773100	11.297000	2.535300	3.939100	2.982700	0.150100	5.598900	3.849600	4.061600	5.103500	3.940200	11.364300	7.060700	5.576300	5.031500
424	6.948600	5.023100	1.509300	0.880500	0.000000	6.397400	9.180900	3.828000	6.178400	3.954600	0.480600	5.273000	3.633800	3.226200	6.186100	4.724600	17.952400	13.083600	11.478900	8.070600
425	5.248600	4.184200	2.343300	2.420800	1.937500	6.031700	0.000000	3.987900	4.310800	3.705800	4.119300	3.307100	6.933100	4.146100	6.415400	3.712700	10.702300	9.117400	5.941400	5.487300
426	1.090400	1.254000	11.847500	7.686800	13.357300	5.989800	20.878400	4.981300	0.000000	4.184200	8.872500	12.031200	13.647600	16.775600	10.568900	8.374600	35.887750	26.346800	22.845000	56.985500
427	-3.188000	-1.086900	-0.141500	2.891000	2.794000	10.910400	3.215300	2.943500	0.288500	-0.668300	-1.394300	3.817000	0.775800	1.254600	-0.226500	-1.364600	10.717100	6.856300	3.079800	0.000000
428	0.289900	-0.386600	-0.920900	0.214400	0.360300	6.025900	-0.476900	-0.607000	0.037300	-0.381400	-0.917800	-0.185900	0.000000	-0.211800	-0.581300	0.191000	-0.979500	-1.074400	-1.253000	0.244600
429	1.588300	0.816700	0.480800	0.000000	0.177300	-1.092500	0.975100	0.889200	1.778300	0.623300	0.344700	0.745500	0.565100	0.958600	1.720600	1.927400	1.197000	1.180800	1.123000	1.868800
430	0.996300	0.169900	-0.565900	-0.883800	-0.644000	0.915800	-0.077900	0.423700	-0.632300	0.036400	-0.496100	0.000000	1.307900	0.098300	2.413400	0.837200	2.516800	2.422700	2.821400	1.451700
431	0.433400	0.000000	-0.067600	0.490000	-0.026700	-1.912700	-0.269500	0.434700	0.386800	0.662800	-0.082100	-0.309400	-0.751800	-0.270500	0.375000	0.365700	-0.128000	-0.144000	-0.149700	0.263900
432	0.799700	0.417200	-0.044200	1.420800	1.106300	0.614500	0.258100	0.129000	-0.476300	0.881100	0.095100	0.201200	0.000000	0.133000	-0.731500	-0.057600	0.700600	0.376300	0.359400	0.750000
433	0.000000	12.158200	35.051670	29.313560	36.474130	19.688500	50.172100	28.419670	17.167700	19.204000	31.968820	42.617030	35.347680	34.526970	31.226410	30.626000	53.781100	40.779410	38.026910	88.267600
434	2.875900	2.163800	0.556700	3.003500	3.344600	6.396800	1.678500	3.271500	1.996900	1.864100	0.507100	1.998300	2.860200	1.863900	3.302600	1.451100	0.104900	0.000000	-0.339900	0.940000
435	0.519200	-0.089300	-0.487000	1.159200	0.546200	4.915000	0.169700	0.296500	-0.412900	0.136200	-1.281800	-0.098100	0.000000	-0.095300	0.474500	0.578300	-0.485800	-0.210300	-0.282400	0.367800
436	1.771100	1.102200	-0.959600	0.000000	-0.818500	1.364100	0.282000	0.294700	1.392400	0.579300	-0.920000	-0.271200	0.009900	0.266000	0.659600	0.793500	1.428000	1.101900	1.152300	2.071200
437	0.706600	0.000000	-1.065700	-0.822100	-1.421300	3.576000	-0.004100	0.179600	0.092000	-0.103200	-1.529400	-0.657800	-0.476000	-0.591500	-0.871600	-0.425400	-1.516700	-0.887100	-1.378000	5.499000
438	1.304400	1.256200	2.035600	0.987000	2.359900	3.013900	3.865100	4.129700	2.931400	1.063100	0.754100	2.815700	3.066700	1.354200	2.666000	0.976900	18.263100	10.343400	3.845500	0.000000
439	0.000000	1.533500	0.880900	2.310500	3.415500	4.417100	1.306400	2.224400	1.370200	1.421600	0.550900	1.019200	0.953100	1.031000	0.821600	0.979700	0.670200	0.612000	0.491300	1.185500
440	0.000000	3.619800	2.908600	4.743700	4.317100	5.158600	3.122400	4.812800	3.790100	2.880600	2.427100	3.126300	3.477800	3.182400	3.451000	2.801000	1.699600	2.630800	2.423300	3.403700
441	1.093900	0.373200	-0.950400	1.745000	2.166300	3.195700	0.000000	2.433300	1.186200	0.336200	-0.725700	-0.426300	1.250800	0.551700	1.340000	0.391200	0.351100	-0.091400	-0.329000	-0.112500
442	2.790900	0.678000	-0.983100	-0.635100	0.082700	11.911500	10.163600	-0.123100	1.746900	0.000000	1.077200	7.417100	0.111700	1.345400	-0.214400	1.141800	15.714400	13.888400	6.044200	6.233700
443	5.381700	3.447100	0.819900	0.000000	-0.047200	5.729500	2.772000	2.518900	4.644200	2.833600	0.142100	1.995700	3.986900	2.536800	4.300700	3.727400	5.004400	2.661200	1.095300	2.907700
444	3.519700	2.191400	1.907500	0.667200	0.125400	3.429200	4.760300	0.000000	1.111800	1.484600	1.401200	3.053400	3.379200	2.915500	2.862300	2.745000	4.092200	7.940300	5.480500	16.989300
445	4.735500	2.798100	2.253900	0.000000	1.235300	6.604600	13.379600	2.668100	4.000700	2.434800	4.243400	10.037200	6.328500	5.662800	5.503500	4.192000	30.784380	20.532300	14.846600	22.465200
446	5.187300	3.725000	1.590700	3.111300	3.255100	7.083800	4.586400	2.914800	3.982400	3.426600	1.672700	4.068600	4.028500	3.591500	4.740500	2.781100	2.072500	0.137000	0.000000	2.488400
447	1.847800	1.212700	5.833300	3.520500	7.696700	9.570000	14.282800	0.858900	0.000000	1.489400	5.013100	11.388200	7.041800	8.961400	5.861800	9.944600	25.704900	37.373340	31.817810	32.143740
448	1.959300	0.000000	3.442800	3.717500	4.918900	5.410900	11.533800	0.279300	0.376400	3.093800	5.087100	5.082800	7.408400	6.821500	4.420000	6.982100	13.471000	21.386200	5.678000	32.949940
449	3.965100	2.754400	14.136600	6.363100	9.154900	0.000000	20.176800	5.684200	3.252200	4.604900	9.340500	12.676500	9.096400	7.038500	11.502900	7.964600	35.136879	23.909900	24.140800	55.215500
450	0.880800	0.701900	-0.152100	1.294900	1.115400	3.838000	-0.257300	1.830300	1.032800	1.084700	-0.353700	-0.455600	0.707600	-0.051500	0.551600	0.000000	0.711200	-0.156800	-0.292500	0.518200
451	4.765200	3.261900	1.430600	4.728500	4.296500	10.318400	3.634600	3.971100	3.708500	3.310700	1.493300	3.417000	4.157600	3.889700	4.250200	3.578500	1.351000	0.000000	-0.168100	2.027500
452	-0.049800	1.191100	-1.725700	0.857900	1.493200	9.078300	-0.996700	0.438200	1.701100	0.000000	-0.966800	0.733600	0.608800	-1.523900	1.070700	-0.081500	6.758300	2.049500	0.881900	11.881900
453	0.165800	1.012500	0.466400	1.934000	3.446100	3.585900	0.988200	1.476200	0.519800	0.303400	0.351600	0.435700	0.616700	1.227000	0.000000	-0.607900	1.011500	1.157500	1.031000	0.680400
454	1.096200	1.055300	0.446700	0.738800	0.090400	6.565400	-0.305800	0.731000	1.065400	0.194800	-0.529600	0.236900	1.243700	0.000000	0.817000	1.129200	0.016000	0.319200	0.228700	0.683600
455	2.911800	1.447600	-0.211900	1.175500	0.710500	4.254800	0.757400	2.491000	2.568000	1.758300	0.000000	0.451100	1.220700	0.667100	2.553900	2.112400	-0.406500	0.036100	-0.328500	1.493100
456	0.000000	2.176800	1.790700	3.042500	3.464600	7.334200	0.646700	2.379300	1.452500	1.785400	1.635000	0.521900	1.540700	1.543600	1.898200	1.093100	2.096700	1.681500	1.642000	1.701000
457	4.006600	2.685900	4.570800	3.298900	2.990800	5.632200	6.438200	4.366500	4.352500	1.729800	4.109100	5.964000	6.941800	6.267600	3.817400	0.000000	12.695300	12.217900	11.589700	21.329200
458	1.219500	0.339400	-0.310400	1.674000	1.683300	0.436800	0.360500	1.192900	1.072000	0.780700	-0.300800	0.000000	0.377800	0.620300	0.911600	1.015000	0.446100	-0.357800	-0.592100	0.149700
459	0.955400	0.000000	19.729500	13.713200	20.624900	7.356400	9.305600	9.764200	1.240000	6.874500	19.840700	7.325500	24.853600	11.874400	19.217100	19.819500	21.671500	19.093600	14.886800	75.587200
460	1.058700	-0.532700	3.945800	1.402800	1.822100	7.151400	2.111700	2.465000	0.000000	-0.280600	1.095600	4.867400	4.506300	5.856000	4.017900	3.083100	12.291400	23.496400	17.425500	15.133300
461	5.397500	4.147800	0.429400	2.047900	1.326500	5.314600	3.550900	3.215000	4.151400	3.816300	0.435500	3.383100	5.321100	4.500700	6.198700	4.719500	0.105900	0.000000	-0.292400	3.319300
462	6.275700	4.745700	0.683000	1.023500	0.000000	6.232800	7.686200	3.850900	5.769500	3.821500	1.641600	7.179000	5.254400	4.580700	5.831600	4.904700	7.893900	4.212200	3.307500	7.602400
463	2.435800	1.446500	-1.127900	-0.741400	-1.516900	5.136000	0.206400	0.516700	2.232100	1.099600	-0.647100	0.004600	0.841900	0.248100	2.249900	1.615500	-1.223200	4.581800	0.839300	0.000000
464	5.973500	4.271100	0.000000	2.321700	0.520500	5.220600	7.355700	4.267600	5.084000	3.394200	0.203800	3.472300	4.962800	2.998500	6.333000	3.950800	13.755600	9.129100	5.938500	8.239800
465	0.908700	0.396100	-0.637600	-0.225900	-0.587300	0.661600	-0.604800	-0.701100	-0.191300	0.410100	-0.782900	-0.473300	0.336300	0.000000	1.320200	0.292800	-1.128300	-1.001200	-1.126900	0.070300
466	0.000000	3.872100	19.890700	19.681100	23.915500	11.186600	15.113000	18.850500	10.687400	10.882100	13.794400	14.865100	17.622300	17.492500	20.565200	19.867900	29.208920	26.855600	27.021800	81.055500
467	0.347900	0.000000	-0.349800	0.279200	-0.120500	1.435900	-0.393000	0.469200	0.000000	-0.301900	-0.187900	-0.420300	0.027200	-0.432600	0.233000	-0.522200	0.039600	0.002600	-0.189900	0.120300
468	3.160400	2.824400	2.282600	2.869700	3.075900	3.387700	2.122600	2.718600	2.255300	2.032500	2.572500	1.915500	2.443800	2.460400	0.000000	0.860300	2.839800	2.370000	2.239900	2.474900
469	3.634200	3.132400	0.000000	2.717000	1.934000	2.684400	1.664200	3.458500	3.973500	3.092900	0.462600	2.276200	3.303500	2.700600	4.356100	2.612500	2.159700	1.714600	2.426600	2.449200
470	1.531800	0.924400	0.627800	1.296900	0.920100	1.211600	0.000000	0.376000	0.063700	1.132800	0.298800	0.632700	1.139800	0.459400	1.401500	0.487700	0.596700	0.454000	0.423900	0.729400
471	3.638900	1.907400	4.686300	2.180700	3.421500	0.000000	3.281800	2.364100	2.731900	2.323000	1.973900	4.026800	3.755700	4.949100	3.505900	3.380800	2.677700	5.406800	3.373600	13.013500
472	0.927300	0.529500	-0.229900	0.039800	-0.691900	3.577200	-1.469300	0.062000	0.496500	0.340400	-0.455600	-0.164100	-0.078500	0.000000	-0.580900	-0.211900	-0.376400	-0.177600	-0.771600	0.067400
473	5.220000	4.246100	1.385800	2.674500	1.553200	3.142600	3.899000	4.056100	4.245900	3.319200	1.064700	2.842500	3.438300	3.945000	4.946800	3.660100	1.631300	1.253700	0.000000	3.214600
474	2.515400	0.661900	-0.375800	-0.139000	-0.439000	4.918400	0.068900	1.253600	1.153500	0.422300	-0.313600	-0.015700	0.238800	0.426000	-0.003200	0.721700	-0.500800	-0.198600	-0.390700	0.000000
475	0.972500	0.539300	-0.497200	0.476600	0.109800	-0.671600	0.210100	0.726000	0.799600	0.306500	-0.335800	0.179500	-0.807400	0.000000	0.934300	0.856500	0.551500	0.634200	0.636400	0.869900
476	4.567300	3.983700	1.392500	3.843700	2.687500	7.655600	5.237600	3.389700	4.426400	3.552000	1.485800	3.971500	4.563800	3.567000	4.666900	5.014700	3.392400	0.054100	0.000000	3.575200
477	0.646600	0.441300	-0.739500	0.007400	-0.059700	-0.041300	0.147100	0.000000	0.041500	0.367800	-0.328200	-0.516200	-0.247300	-0.213900	0.763500	0.164900	0.417100	-0.678300	-0.407400	0.121500
478	0.923700	0.000000	0.193700	0.305200	-0.339500	-0.673700	-0.068500	1.009800	0.574800	0.104600	-0.732100	0.552800	1.871500	-0.446500	1.612100	0.714600	0.056100	1.302500	0.345500	0.860700
479	1.392400	1.134300	0.325700	0.000000	-0.542900	2.311200	-0.138000	1.063500	0.704400	0.595500	-0.310900	-0.158600	1.259900	0.475000	1.787100	1.350500	0.889100	0.500900	0.353000	1.342100
480	1.216800	0.967800	1.036700	1.136600	1.178400	0.000000	0.886200	1.079300	1.099100	1.202600	0.670000	0.928700	0.642800	1.080700	0.839800	1.200700	0.096100	0.796400	0.614900	1.164700
481	2.280400	1.327700	0.193600	1.205500	1.411900	2.975300	-0.333700	1.695400	1.685600	0.916400	-0.109300	0.117600	2.325100	1.402200	2.657500	0.966200	0.420600	1.544100	0.495900	0.000000
482	3.389100	2.369900	2.120900	2.687600	2.466400	0.000000	2.406900	3.671200	3.110200	3.004200	2.463300	2.444000	2.965000	3.006500	3.253100	3.225000	2.089300	2.237500	1.930000	3.180000
483	0.176600	0.062100	0.081200	0.488100	0.303100	-0.708300	0.117000	0.400600	0.260900	0.179800	0.093000	0.025100	0.191900	0.232100	-0.184900	0.000000	0.101900	0.121200	0.072300	0.175900
484	2.345700	1.326900	-0.223100	0.000000	-0.455100	5.330900	0.110200	0.636000	1.828200	0.871800	-0.180600	-0.209600	1.016700	0.517000	1.410600	1.604500	0.286100	0.154700	0.202100	1.164000
485	1.444700	0.619600	-0.608600	0.560000	-0.430600	-0.712200	0.226400	1.134900	1.141700	0.584100	-0.758200	0.000000	-0.084600	-0.278200	1.088500	0.517500	-0.000500	0.094300	-0.003100	0.818600
486	2.743300	1.923100	3.083900	1.628600	1.089900	0.000000	3.845800	3.059900	2.981600	2.184000	1.353400	3.676000	3.808100	3.291400	4.718400	2.932100	6.260400	2.394300	1.502600	2.745000
487	0.714000	2.847400	0.243700	2.861500	3.224400	6.382800	4.851700	3.837400	3.376600	2.098100	0.000000	2.926700	4.261600	2.884700	2.796700	2.194200	1.955000	-0.143400	-0.984200	2.378800
488	1.381400	0.000000	-0.989300	2.164600	1.120100	6.129700	-0.505700	2.627600	1.014200	0.558100	-1.125300	-0.561500	0.004300	-0.299400	1.023100	-0.296600	0.553400	-0.230900	-0.340300	0.403800
489	3.417000	2.793500	1.559400	2.168800	3.539300	3.096300	1.647900	2.476600	3.066000	2.679600	1.275200	1.662900	3.193800	2.626400	4.262200	2.971300	0.607900	0.000000	0.253100	2.348900
490	1.242200	0.000000	8.981700	5.776800	7.510500	5.801300	16.048200	4.954800	0.732700	2.191200	8.356500	11.944900	14.857300	14.612600	10.534400	8.636200	40.063970	29.200390	22.719300	38.518210
491	1.145800	1.189700	-0.162100	2.199800	1.931200	6.435100	0.468400	1.211400	1.350300	0.791700	-0.892700	0.373800	0.787400	0.696600	0.154000	0.000000	0.039500	-0.006100	-0.150000	0.266600
492	0.141900	-0.291600	-0.487100	-0.263200	-0.307200	-2.023000	-0.678200	0.000000	0.174000	0.210900	-0.734800	-0.992500	-1.181100	-0.368100	-0.059000	0.365900	-0.473900	-0.370700	-0.473300	0.406100
493	1.080500	0.213100	0.000000	0.501300	0.343800	-0.328900	0.016700	0.596100	0.585400	0.811700	-0.981700	-0.129500	-0.333700	-0.085900	0.615800	0.236400	0.214600	0.417700	0.403100	0.611600
494	3.774100	2.844600	0.000000	2.514300	1.738400	2.871500	2.112700	2.450000	3.295300	2.950400	0.626700	2.173000	2.594100	2.426300	3.281600	3.420500	2.278300	1.463500	0.910700	2.669200
495	1.249800	-0.008100	-1.074800	2.169300	2.478400	9.511600	-0.734700	0.691700	0.666300	0.529800	-0.759900	-0.924300	1.175100	0.000000	2.383300	1.916800	0.041200	0.818100	0.378600	0.989400
496	0.386600	0.968400	0.000000	1.099000	1.272200	1.174500	-0.086600	1.358900	0.825100	0.791200	0.116100	0.488400	0.432700	0.227500	0.368300	0.713700	0.770400	0.726500	0.558100	0.855000
497	0.000000	0.129300	-0.536800	1.492000	1.119500	7.080000	-0.670400	1.068800	-0.534100	-0.228900	-0.889100	-0.600900	0.119000	-0.453000	-0.387300	-0.770100	-0.101100	-0.284800	-0.282900	0.161200
498	-0.370000	0.963000	0.665100	2.355300	1.475200	1.744300	0.501400	1.817800	-0.357900	0.984000	0.000000	0.244200	1.449300	1.480500	1.557700	1.490700	0.048800	0.673500	0.293800	1.193200
499	1.588200	1.710200	0.385100	1.417500	0.770300	3.434700	1.260800	1.545600	1.037100	1.215400	0.000000	0.987400	1.284400	1.406200	1.532900	1.485700	1.459800	1.276600	1.346100	1.413900