SITE	GLY	ALA	LEU	VAL	ILE	PRO	ARG	THR	SER	CYS	MET	LYS	GLU	GLN	ASP	ASN	TRP	TYR	PHE	HIS
2	0.939500	1.116500	1.065100	1.476800	1.164800	1.532300	1.245200	1.364000	1.179100	0.761900	0.727400	1.139900	0.723500	0.662700	0.000000	0.732300	1.406900	1.431700	1.268400	1.109500
3	-0.199100	-0.148900	-0.602500	0.033200	-0.219400	4.427600	-0.629200	0.000000	-0.397700	-0.203900	-0.461200	-0.670300	-0.243500	-0.539900	-0.340400	-0.811600	-0.378400	-0.570000	-0.578800	-0.305300
4	1.201800	0.451700	-0.149100	0.721300	0.525300	-0.370600	0.256000	1.109600	1.289100	1.151200	-0.428400	-0.021500	0.592700	0.779200	1.115200	1.228900	0.552600	0.000000	-0.546200	1.080600
5	1.296700	0.000000	0.595700	2.649500	4.304600	4.798700	9.721000	0.240300	1.549100	-0.206100	2.101100	9.711500	4.006500	4.620300	4.068200	3.859100	45.724200	30.549800	21.964300	9.879400
6	0.521200	0.000000	-0.181600	2.550200	1.450700	11.392300	-0.069000	0.706200	0.317900	0.839300	-0.359400	-0.479400	0.704400	0.057900	0.640100	-0.403000	0.148500	0.358100	0.227500	-0.093000
7	1.015200	-0.073400	-0.166000	-1.174000	-0.610400	-0.895300	3.316700	0.000000	0.907500	-0.356600	0.052100	2.279200	3.454100	1.488300	4.609300	2.323300	15.954100	9.647500	4.175600	43.105500
8	2.316100	1.564500	0.777100	1.570600	1.341600	5.032000	0.000000	1.960300	1.308000	1.819700	1.111800	0.684700	1.486500	0.899600	2.074500	1.252100	1.797100	1.576200	1.409200	1.500400
9	4.851400	3.333700	1.022700	3.814500	5.440700	8.207500	3.857000	4.534200	4.811300	3.150200	1.238500	3.115900	4.204200	3.533400	6.014600	3.177300	1.243100	0.000000	0.341600	3.396500
10	4.398500	2.583100	2.970700	2.230700	3.229600	0.000000	3.685600	3.669500	4.014900	2.720100	2.376100	4.103800	5.162600	5.715100	4.745500	2.473200	5.483600	5.802900	7.654400	13.408800
11	4.644100	3.044400	-0.893100	0.000000	-0.713000	2.758200	10.005200	2.268700	4.171600	2.265400	0.332800	3.848900	4.953800	2.869700	4.620500	2.675600	10.111200	5.793200	4.903400	15.919800
12	7.180200	5.020800	-0.054300	1.530000	0.000000	7.215500	9.453700	4.064000	5.955300	4.174600	0.218300	5.209900	5.580700	4.315700	5.722400	4.886100	28.088900	14.202100	8.797400	12.400000
13	6.709900	4.940200	0.000000	3.817600	4.001300	4.165000	4.662200	5.176000	5.878500	3.599600	-0.511400	4.316400	4.730200	4.050300	5.381900	4.441100	6.453500	3.629400	0.634600	3.635900
14	4.666600	3.080800	0.668600	0.000000	-0.935600	7.501100	14.815600	2.715600	4.416700	2.204700	1.573300	6.886900	6.253700	4.532900	3.151100	2.213000	18.664000	11.649200	9.441800	7.220200
15	1.547100	0.761300	2.741900	-0.315100	-0.928400	-2.190000	3.682200	1.694900	0.966500	0.212200	-0.855100	2.006500	1.014800	2.444100	2.479100	2.141300	9.446500	11.058900	2.637800	0.000000
16	0.000000	4.352800	22.860200	13.599600	20.280000	13.327900	17.020400	11.633600	7.069300	8.442200	13.883300	17.136000	18.589900	19.117000	11.680900	15.784600	28.349600	22.620400	20.038300	51.149300
17	3.226200	2.157100	0.000000	2.109800	1.165800	0.638100	2.663700	1.852700	3.033300	1.885200	0.128600	3.182700	0.396200	2.268800	0.629300	2.047700	-0.144200	0.792700	-0.506300	1.408100
18	0.493700	0.000000	3.155400	2.035200	4.129100	2.792400	7.347100	0.584300	0.322000	0.384100	2.760900	6.640000	4.556400	4.691800	4.720200	3.090100	34.073800	23.819400	16.375900	46.360100
19	0.000000	0.353800	-0.393300	2.152400	1.818700	-1.629600	0.906400	0.844300	-0.429300	1.426800	-0.272400	0.310500	1.941900	1.274000	2.242100	0.832700	6.113700	3.891000	2.528000	19.097600
20	0.473500	0.346300	0.123300	1.152000	0.603100	1.105900	0.323200	0.000000	-0.127400	0.133100	-0.157100	0.186400	0.830300	0.240000	1.150700	1.014400	0.203600	-0.736600	-0.863000	0.083700
21	0.799700	0.544900	0.010500	0.584600	0.401300	0.289100	0.781600	0.498600	0.938700	0.505500	0.268300	0.462400	0.671900	0.616100	0.000000	0.847500	0.435400	0.192600	0.126000	1.123600
22	0.793800	0.407000	-0.092600	0.692800	0.058600	-0.555000	-0.033700	0.903200	0.986000	0.880200	-0.028900	0.000000	0.204900	0.179600	0.825900	0.743500	0.119700	-0.081600	-0.206900	0.891800
23	0.172600	0.570900	0.444900	0.991900	0.882900	0.561200	0.389900	0.867200	0.546800	2.218500	0.253900	0.384300	0.373100	0.155500	0.368200	0.209900	0.074600	0.101600	0.000000	0.421500
24	-0.603600	0.000000	-0.222300	3.050000	1.850200	3.033600	1.166000	2.460800	-0.819700	1.798700	0.482800	0.584800	2.541300	2.396600	0.704300	0.209200	2.556300	0.451400	-0.514400	1.253500
25	0.139200	0.243800	-0.085300	0.025900	-0.030200	0.385500	-0.914400	-0.054000	0.148000	0.134200	0.066000	-0.361600	0.225500	-0.298700	0.056600	0.000000	0.010400	0.065100	-0.084600	-0.364500
26	1.305700	1.009300	1.853500	0.000000	0.372400	1.620900	2.475500	1.776900	1.890400	1.019400	-0.183900	2.147500	2.444200	1.613400	2.367700	0.154700	2.266100	1.008600	1.916100	0.851400
27	-0.361400	-0.396700	-0.779100	0.000000	-0.327000	-0.521900	-0.512700	-0.456000	-0.749500	0.042000	-1.107100	-0.547700	-0.242000	-0.502500	-0.010300	-0.383300	-0.632100	-0.340100	-0.473400	-0.183100
28	0.377400	0.457400	-0.610500	0.729700	0.275700	0.672200	-0.358000	0.731400	0.644000	0.425900	-0.079500	0.097900	-0.037100	0.093000	0.000000	-0.137300	-0.330700	-0.501500	-0.513800	0.126800
29	3.031000	1.915700	-0.197500	0.984100	0.176300	3.394900	2.538600	2.306200	3.129500	2.324400	-0.198600	1.402100	1.981900	1.379600	2.526800	2.475300	4.332000	0.000000	-0.593400	2.010600
30	7.293300	5.705700	3.372900	4.353300	4.352500	4.204300	5.926200	6.389600	6.863000	5.384200	1.956900	5.859100	5.266400	4.924600	5.874900	5.626200	0.000000	1.517900	0.548000	4.356100
31	1.763100	1.101300	-0.050100	4.452200	5.455600	8.035500	1.259200	2.758700	1.891500	1.005400	0.013200	0.681300	2.287400	0.578200	2.342800	0.506800	0.620100	0.000000	-0.433000	1.826000
32	0.000000	3.684100	2.705200	5.123600	4.603300	9.220800	3.257000	4.125500	3.425200	3.692800	2.805700	2.953600	3.232000	3.174300	2.294700	2.428600	3.170100	3.052300	2.955000	3.446200
33	5.609800	3.892900	1.169400	1.206500	0.000000	6.766800	8.092200	3.572100	5.114900	3.360600	0.516200	2.446400	4.986800	3.349900	5.177900	4.852200	6.743000	10.705300	5.961200	5.530200
34	1.505900	0.323600	-1.212100	-0.407600	-1.116200	-2.673900	-0.278100	0.753500	1.351500	0.658600	-1.199800	-0.384400	0.158700	0.000000	-0.768300	0.558200	0.739500	-0.732200	-0.750600	1.306800
35	-0.066800	-0.642700	-0.713300	-0.345600	-0.622900	-0.795700	-0.585500	-0.487700	0.000000	0.187800	-0.622800	-0.519300	-1.782600	-0.813500	-0.922300	-0.075000	-0.475200	-0.347200	-0.412800	-0.116000
36	1.052400	-0.543200	-0.006100	0.451500	0.057700	0.619300	0.041300	0.423500	-0.052800	0.780800	-1.724100	-0.446300	-0.613500	-0.592600	0.000000	-0.821600	0.524800	-0.323200	0.213200	-0.661500
37	5.863000	3.968200	0.000000	4.314500	3.147500	6.650900	5.993000	4.054000	4.757100	3.851200	-0.070500	2.071500	4.568800	3.786100	5.479900	3.337500	7.400000	12.035300	3.506200	6.593500
38	1.199200	0.275400	-0.703200	0.394400	-0.205600	4.713400	-0.136000	1.062100	0.394500	0.714700	-0.513600	-0.092300	-0.169800	0.000000	1.229600	0.291900	0.340200	-0.715900	-0.303200	0.642600
39	0.271500	-0.642000	-0.752900	0.246500	-0.291100	2.363200	-0.657400	0.543400	0.000000	0.030700	-0.835500	-0.765500	-0.527300	-0.522400	0.057100	-0.491300	-0.404600	-0.538500	-0.636400	0.013700
40	0.609800	0.366500	-0.209800	1.771600	3.698900	3.198500	0.259900	1.233300	-0.648000	1.143400	0.109600	-0.105200	1.950700	0.911800	1.854500	0.384300	0.495200	0.694800	-0.330800	0.000000
41	0.000000	6.345400	12.040000	15.359400	16.904200	20.853400	10.997100	15.514000	8.381900	7.988000	10.242500	10.386900	10.356700	9.464500	10.251400	9.530400	13.256200	11.111800	12.510300	16.564500
42	1.839500	0.000000	0.485900	1.370300	4.865800	9.148900	10.735300	0.670800	0.207100	-0.317900	2.914900	8.302600	6.619900	4.173800	2.145000	1.903500	26.627300	16.357000	11.590400	79.659600
43	2.293700	1.695200	-0.261500	1.068900	0.615200	1.612300	-0.075700	1.163000	1.987400	1.547000	0.197400	0.000000	0.410500	0.426900	1.026400	0.499200	0.606200	1.508200	0.073200	1.029800
44	5.148400	3.363600	-0.449300	0.000000	0.484300	4.752800	5.328000	2.726000	4.384800	2.453900	-0.388400	5.659400	5.016300	5.109100	4.507000	3.658700	11.185700	10.556600	8.561100	17.134700
45	3.909400	2.574400	0.761200	1.182600	1.854300	5.494200	1.476100	2.801200	2.909600	2.561000	-0.253900	1.309500	2.552800	1.726500	3.739600	2.361500	-0.043000	0.000000	-1.073900	1.559100
46	2.180700	1.314800	-1.053300	0.000000	-0.651700	1.567000	2.013900	1.616000	1.294200	0.611300	-0.013800	1.187900	2.830300	1.238500	1.174800	2.231200	1.248700	1.011300	0.524200	1.868100
47	2.170500	0.000000	2.631200	-0.781200	1.944800	2.599900	8.598300	1.653400	1.689600	1.171200	2.980400	4.795400	4.220200	5.617800	3.646400	5.758900	13.161500	11.897500	15.402600	12.170100
48	1.288300	0.735300	-0.662500	0.378000	0.248900	0.871000	0.069900	1.167300	0.957700	0.413100	-0.396100	-0.453900	0.686200	0.470200	-0.177000	0.000000	0.275300	0.661000	0.839600	1.463200
49	3.227500	2.844100	0.000000	2.648500	0.344500	7.761400	7.224900	3.281900	4.127800	2.343700	0.168400	4.624300	4.075100	3.486000	3.692100	2.751100	11.201000	9.159900	4.444900	3.491100
50	0.670300	-0.424200	-0.652500	-0.497000	1.817000	0.717300	2.192400	-0.408600	0.000000	0.063700	-0.792300	1.673600	0.353400	0.513000	1.423700	1.223900	5.092800	1.852600	0.996600	4.423300
51	0.000000	4.015500	4.328500	6.602700	6.774300	12.631100	5.090100	6.958400	4.728800	4.031400	3.908000	4.827900	5.229700	4.673100	5.688100	5.004200	4.100900	4.514000	4.444800	5.291000
52	2.951800	1.631100	-0.213400	2.111000	2.427200	5.167500	0.873100	1.947400	1.956100	1.651300	0.663600	1.232200	2.070500	1.106900	2.722400	1.620000	0.452700	-0.057300	0.000000	0.650300
53	1.253000	1.326900	-0.215400	0.387500	-0.035600	0.756000	0.304100	0.273800	0.573400	1.360200	0.234000	0.083700	0.377700	0.000000	-0.022600	0.331000	-0.651000	0.364700	0.029200	0.081200
54	0.189200	0.411900	-0.743400	0.215800	0.492800	0.025800	-0.043600	0.480100	0.000000	0.561800	-0.599900	-0.424100	-0.360900	-0.412600	0.141900	0.013500	0.509900	-0.035300	-0.188400	0.793600
55	2.789800	1.947800	2.747400	2.697200	1.799300	0.582700	5.588500	2.271200	1.973400	2.021400	1.047600	4.467900	1.580000	2.421600	0.000000	1.451300	4.412700	5.704400	3.239800	4.428900
56	0.943700	0.344000	-0.703900	1.727000	1.840500	-0.060600	0.128900	1.625600	0.864500	0.535500	-0.896600	-0.128400	0.214300	-0.048300	0.000000	0.398100	0.720000	-0.125000	-0.316800	1.029700
57	0.000000	-0.144700	-0.355100	1.139800	1.153100	-1.066100	-0.143200	1.698600	0.233800	0.385000	-0.405700	-0.320100	0.194000	0.018500	0.337900	0.153800	-0.172900	-0.208900	-0.246400	0.383700
58	0.392400	0.214100	0.286700	0.453500	0.481800	0.000000	0.032900	0.419500	0.457000	0.519100	0.352000	0.254700	-0.337300	-0.072600	0.418400	0.447500	0.419000	0.321000	0.299600	0.647400
59	0.449000	0.166500	0.157500	0.393100	0.329300	1.333400	-0.612600	0.329300	0.139700	0.263800	-0.370500	-0.397700	0.066900	-0.329800	-0.123900	0.000000	-0.284700	-0.149300	-0.186700	-0.468000
60	0.000000	3.307800	7.927600	9.302200	13.527700	8.994300	6.128600	5.103500	1.933900	3.411500	4.669300	5.176200	5.267400	5.442600	3.934400	3.993000	11.557100	7.373600	8.103400	70.596600
61	2.311100	0.943400	-0.504600	-0.170800	-0.783400	2.226400	0.000000	1.889300	1.743800	1.293900	-0.698800	-0.411000	3.457800	0.850200	4.436700	2.545100	6.806700	13.900700	11.460800	54.973100
62	0.000000	7.136300	29.570500	22.712800	27.516600	13.049600	39.203100	19.006400	11.498400	14.115100	24.207500	32.922000	27.878800	27.956300	22.483500	19.893100	80.284300	56.113300	50.203000	91.159300
63	1.523100	0.795100	0.570600	1.030400	0.484700	-1.694000	0.501500	0.264500	0.470900	1.281000	0.168000	0.295900	0.000000	0.270000	0.028700	-0.073000	0.515300	-0.654400	-0.935900	0.472100
64	2.281400	0.564700	-0.802300	0.226200	-0.614700	3.381500	0.495200	0.891600	1.983500	0.300100	-0.761300	0.250200	0.150700	0.000000	1.121100	0.264300	1.201400	-0.032400	2.221900	1.259600
65	6.494900	4.511900	0.000000	3.162300	3.743200	9.972100	10.072000	4.576700	5.945600	4.301300	0.025700	4.930300	5.061900	3.108800	5.871600	4.863600	15.044400	8.364700	3.802900	4.774100
66	3.916500	2.666200	0.000000	1.733200	1.538700	7.845500	1.682500	3.316000	3.836900	2.812500	0.147000	1.620900	3.144300	2.641800	4.071800	3.367900	1.219900	1.645000	1.295300	2.849300
67	0.538800	0.000000	-0.455100	-0.088500	-0.730200	4.749300	-0.336700	0.610500	0.810600	0.928000	-0.239600	-0.085500	-0.112400	0.029200	0.461100	0.725200	0.061000	-0.240300	-0.370000	0.747500
68	3.651200	2.243100	-0.060500	1.435800	0.514100	5.697500	1.045400	2.012000	2.663000	2.523300	-0.687100	1.091300	2.336900	1.379400	3.324300	2.942900	0.464700	0.000000	-0.805000	1.735800
69	4.756000	2.729500	0.737100	0.000000	-0.700800	5.967600	9.603700	2.503600	3.327500	2.635700	0.583500	6.557400	5.830400	4.933200	5.143100	3.848500	23.114800	9.439100	9.119000	5.642200
70	1.752400	0.692500	-0.318800	0.586000	-0.156400	4.184100	0.099100	1.491000	1.448900	1.180900	-0.337300	0.000000	0.680000	0.446500	1.392800	0.350900	-0.681600	-0.472900	-0.620100	0.501600
71	1.458100	0.566700	-0.055800	0.624500	-0.114200	2.419400	-0.128000	0.589200	0.856600	0.808800	-0.738200	0.076500	0.359600	0.000000	1.055000	0.428900	-0.885300	0.084700	0.076600	0.630000
72	4.788100	2.659000	4.280400	0.000000	0.086000	6.176400	5.399200	1.733700	3.325800	2.834300	2.271600	5.746800	4.281200	8.416500	4.458800	4.719900	30.925900	31.912300	20.586100	27.666000
73	3.013700	1.774900	0.000000	2.534100	1.652400	5.832900	2.173800	2.694400	2.084400	2.465200	0.162700	1.258400	4.036900	2.240000	5.162800	3.608500	6.539000	5.693100	5.493000	3.759800
74	0.707100	0.000000	0.062000	0.461800	0.063900	3.328900	-0.091400	0.650200	0.108600	0.730300	-0.100800	0.010300	0.424900	-0.305700	0.904200	0.091100	0.264600	-0.095900	-0.109900	-0.000300
75	0.465200	0.000000	-0.286500	0.820000	0.098600	2.509000	-0.499900	1.112900	0.025500	0.805600	-0.980700	-0.442000	-0.359100	-0.394600	-0.001400	0.058700	-0.709100	-0.018500	-0.101900	-0.101000
76	3.162900	2.249200	0.937100	1.814700	2.732800	5.405500	1.893400	0.000000	1.557200	1.867100	2.299400	1.710500	3.247500	3.114700	4.084700	2.318700	3.980700	2.699600	3.764000	1.747600
77	0.000000	2.330200	2.314700	3.396400	4.962400	5.835800	1.498400	2.864800	2.263400	2.290800	2.393500	1.444300	2.389900	2.197200	2.365300	1.919500	2.514700	2.266000	2.261500	2.265100
78	1.056300	0.000000	-0.830100	0.516600	1.152500	6.854500	-0.852900	1.072200	0.339100	0.193900	-0.832900	-1.515600	1.151400	0.880600	2.120600	0.665000	0.939100	1.173400	0.608500	1.689400
79	-0.083900	-0.291500	-0.421300	-0.265100	-0.298700	-0.986700	-0.401100	0.000000	-0.193300	-0.325000	-0.405700	-0.728100	-1.183200	-0.409500	-0.116200	-0.024700	0.112600	-0.465000	-0.539000	-0.098100
80	1.992900	1.092100	0.500100	4.037100	5.910100	3.985000	-0.622800	0.890600	1.243100	0.946000	0.104100	0.000000	2.053800	1.305700	2.179500	2.035100	4.376300	3.591100	3.133300	2.657700
81	4.814200	3.456600	0.508100	0.000000	0.138900	4.927400	15.980800	1.683200	3.557000	2.003600	2.125300	6.479400	7.095000	5.518000	6.055000	3.764500	22.521900	13.030900	8.781400	5.926000
82	4.143100	2.169700	-1.709600	-0.990000	-1.891400	4.459600	4.419800	2.111400	3.048700	1.301700	1.002300	3.774100	6.983000	3.190700	5.040400	0.000000	22.791600	11.431600	6.671000	13.555600
83	6.397000	5.046000	0.000000	2.438500	0.983200	4.264400	10.940600	3.580200	6.010500	4.083800	0.295400	4.068300	5.739100	3.540800	6.323300	4.820300	14.930900	7.744500	2.517800	5.096700
84	6.662100	4.675700	0.408400	0.982300	0.000000	6.772800	6.316100	3.269900	5.473000	3.652800	0.776100	4.501700	5.286500	4.257600	5.310800	4.372100	11.235000	7.781800	3.553500	3.320300
85	0.000000	4.379100	14.305300	11.569200	16.143300	8.953500	27.580000	11.431800	7.912600	7.206800	13.881500	20.464200	15.619700	16.611200	9.576600	10.702200	50.584500	22.013900	20.940100	78.688400
86	2.743700	0.984000	-0.147900	0.139100	0.514400	6.470500	10.322900	1.722900	1.709000	0.496600	-0.899900	1.624500	3.301300	0.623600	4.242800	1.315700	10.349800	7.360400	1.610500	0.000000
87	-1.275900	1.288500	1.214100	2.711600	3.219200	10.969900	2.943700	0.922300	0.000000	0.434300	-0.326700	4.188600	0.373300	0.709100	-0.260900	0.771700	6.371600	2.084700	0.434300	37.318900
88	1.865700	0.940900	-0.223000	0.626600	0.059600	0.849800	3.567700	1.869600	2.421800	1.122600	0.128400	1.286000	2.102600	0.000000	2.511800	0.901600	10.660000	4.764300	3.346800	4.209100
89	0.000000	4.371800	34.552000	24.316000	33.813900	15.278900	40.468500	23.438700	12.225000	14.998200	24.631700	33.540400	30.659700	33.192700	30.553000	29.406500	98.093100	85.262100	73.208100	95.408100
90	0.000000	3.792200	17.896400	13.708100	20.270900	14.829600	23.147600	12.769700	8.902200	9.701700	16.657100	20.977900	19.437400	19.166200	16.194700	17.467200	46.967900	47.718000	40.683300	51.498700
91	3.718800	2.350900	0.000000	2.599500	1.834700	2.663400	-0.082300	3.284700	2.464700	2.829300	0.396800	1.665500	2.715700	1.846600	3.441700	1.549300	8.118800	5.042800	1.057500	1.180800
92	2.272900	0.613400	0.927800	-0.985600	1.889200	5.718700	14.957200	0.000000	1.641900	0.961100	0.318300	4.731100	3.927100	3.186700	6.005100	4.908800	34.257200	27.885500	18.798000	36.727300
93	1.181400	-0.931500	3.725300	0.517600	1.521000	3.583400	14.677100	0.182100	0.000000	-0.444600	2.534200	10.613500	6.581800	7.033700	2.486300	1.817300	32.080500	16.968300	17.463900	41.597600
94	6.252100	5.052900	2.742900	3.801400	3.998700	8.017100	0.000000	5.500800	6.404400	5.366000	2.442300	3.562900	6.374700	4.889800	6.791200	5.941000	9.137900	12.430500	6.845700	5.703800
95	4.521200	3.309100	2.478800	4.285300	4.812400	11.361300	3.389800	4.572100	3.936600	3.401300	1.764600	2.659600	4.299300	3.333600	5.141300	4.109700	1.548200	0.000000	0.388000	3.478100
96	4.799700	2.705300	0.985900	0.000000	1.332500	3.900100	12.332800	1.874400	3.670800	2.577800	0.840000	4.583000	5.382400	3.810700	5.715800	4.015400	18.549900	11.045600	5.198300	4.700100
97	1.610000	0.000000	0.414500	2.097300	1.710900	4.587800	-0.084300	1.692200	0.486800	0.690900	-1.415400	-1.520600	2.199200	0.176800	2.771100	1.003200	9.081600	3.857800	5.815500	4.949900
98	1.280100	0.000000	-1.370600	-0.242200	-1.039400	5.450500	-1.137000	0.615200	1.291600	0.602000	-1.091500	-0.956600	0.802600	-0.275100	1.658500	0.543400	-1.257600	-1.233900	-1.496300	0.101800
99	2.373000	1.089900	0.199500	0.000000	-0.098700	4.300400	0.605200	0.878600	1.868600	0.925000	-0.204500	0.340200	1.689500	0.875900	2.011700	0.884600	1.331400	0.718900	0.787500	1.804700
100	1.197600	0.000000	-0.003900	2.461500	0.780900	7.840300	-0.817400	2.197200	0.873300	0.075700	-1.101900	-1.104500	1.593200	0.190700	1.791600	-0.377200	-0.786700	-0.922100	-1.268800	-0.004200
101	3.719700	2.490100	5.286500	3.046100	4.486900	0.000000	5.363700	4.217900	3.465800	3.359300	3.955100	3.087200	3.820300	3.011700	4.647000	4.332300	2.757000	2.128700	1.956200	5.355800
102	0.872500	0.155700	-0.355200	0.289900	-0.010500	0.708300	-0.178500	0.923400	0.519900	0.511500	-0.681200	-0.516900	-0.059500	0.000000	0.208200	0.600000	-0.553500	-0.644800	-0.849200	0.429500
103	2.916300	1.857800	0.000000	0.961300	0.282200	4.249000	2.242700	1.542700	1.675600	1.096700	0.283500	2.183600	2.985000	1.890900	3.207500	2.110700	2.179700	0.863200	0.362200	1.900100
104	4.880300	3.324300	0.103300	0.000000	-0.597600	6.868100	8.450200	2.607700	3.891800	2.379600	1.158900	5.297900	5.997200	4.201200	5.474500	4.262900	15.601700	11.523700	7.236400	18.323900
105	1.359100	0.000000	2.860800	2.258000	4.517100	5.711700	3.962800	3.216300	1.976800	1.837600	3.165900	2.906200	5.921500	3.764000	5.611200	4.771400	18.045300	13.690500	11.726600	18.903100
106	1.413000	-0.145800	2.789300	1.188400	1.975300	4.348500	10.801600	1.913800	0.000000	-0.874000	-0.759600	4.922500	1.716900	1.203200	1.325400	-1.047600	22.803400	15.921300	12.440800	23.306600
107	5.115300	3.120400	0.670800	0.000000	-0.328200	4.444600	1.420100	2.230500	3.161400	2.080900	1.274500	2.601400	3.617900	3.295000	3.415100	2.879600	13.915800	16.110900	11.821700	7.715700
108	3.939900	2.231300	-0.012400	0.324200	-1.584700	3.621600	10.260200	0.000000	2.230800	1.303300	0.628500	5.012300	6.353200	3.357900	4.545400	3.254400	14.396700	11.632400	8.956400	9.707300
109	2.430200	0.998600	2.590600	0.662200	0.434000	2.996900	7.430300	0.000000	1.156200	0.102300	2.075700	7.166300	4.724900	4.100900	2.139000	2.779200	20.043700	17.111900	11.667700	10.504000
110	5.934200	3.829300	0.601700	1.641900	0.000000	5.274100	2.613600	3.893900	3.682600	3.321800	0.381900	1.536600	3.756000	3.553900	5.067700	4.033500	12.330400	11.037200	6.829700	5.095400
111	0.000000	2.900900	10.680900	8.713200	11.859400	13.003700	13.742200	9.368300	3.630900	4.539500	10.157500	16.502200	12.523700	6.663700	10.684300	7.134200	35.873400	17.917700	16.977900	12.770400
112	2.317500	0.901800	4.178400	1.316600	3.959700	5.627000	23.913800	0.000000	1.485700	1.053800	4.905800	16.160600	8.394600	5.720800	2.169500	3.140100	48.477400	24.408300	19.676800	16.238800
113	3.838200	2.418900	4.368600	4.061900	4.878200	0.000000	10.910100	9.490300	4.494500	2.796300	3.634900	6.712200	3.701000	1.859200	4.654200	5.212100	19.650600	12.338500	9.015600	73.433000
114	3.290300	2.283900	0.810600	1.511800	1.547100	5.487800	6.436900	2.331800	2.912900	2.619100	0.027600	2.291800	1.536900	1.686700	2.854100	1.928400	7.749700	2.920000	4.073700	0.000000
115	0.550500	0.202200	-0.414700	0.428800	0.168400	4.210400	0.000000	0.790100	0.726700	0.172400	-0.908600	0.032900	0.500900	0.447300	0.000400	-0.095100	-1.483600	-0.429000	-0.932500	0.351200
116	0.000000	7.179200	26.050900	24.432300	28.769900	16.794300	23.118900	20.644600	13.662600	13.562900	20.450400	20.939400	23.251100	21.660100	22.245300	21.941000	33.152800	34.308800	29.895300	67.040100
117	3.426100	2.326700	4.888000	2.790400	2.123900	6.951200	8.330400	1.239000	0.000000	1.633200	2.375000	7.269500	5.461100	5.380300	3.595700	6.231800	24.702800	29.041200	23.773300	25.696200
118	0.704500	-0.267500	-0.769700	0.973900	0.366300	-2.793500	-0.809300	1.145000	0.549300	0.543100	-0.656100	-0.510300	0.000000	-0.035400	1.857100	1.100300	0.296600	-0.136700	-0.419100	0.783000
119	6.732400	4.831900	1.303200	3.819500	3.163700	8.085100	7.843400	5.953500	5.699800	4.926100	1.241400	6.059700	5.410800	5.242200	6.249400	4.907100	2.822900	2.947800	0.000000	3.928500
120	1.695000	0.000000	5.218900	1.391600	3.251900	4.009400	10.385400	0.605100	1.631600	0.778700	5.452200	8.392600	7.077000	6.564100	5.318100	4.066000	23.743400	12.855300	11.151700	15.286500
121	2.986000	2.031600	1.540600	2.719000	2.958200	7.366800	1.527900	2.852300	3.001400	2.754700	1.449100	1.450000	1.693500	1.692300	0.000000	2.026800	1.868300	2.110300	1.988700	2.464100
122	5.292900	3.998400	2.416100	2.885600	2.870700	8.377900	3.151500	4.449600	5.325500	4.434800	0.723900	3.118000	4.291100	3.141700	5.238100	4.695500	0.648000	0.041200	0.000000	3.276100
123	4.004700	2.030900	-0.865400	0.000000	0.861600	8.493700	2.854200	2.649500	2.700400	2.485600	-0.510900	1.558300	3.967600	2.006200	4.043700	2.420400	0.651800	2.377800	2.977100	5.538400
124	1.012100	0.166000	-0.621800	0.232900	-0.657600	3.109900	0.206100	-0.196700	0.258900	0.737000	-1.534100	0.246200	0.531300	0.000000	1.213700	0.762000	0.558000	0.702600	0.554200	0.908700
125	0.177600	-0.788500	-1.300700	-0.683000	-1.220700	1.177400	-0.881500	-0.408100	-0.462000	-0.132900	-1.880600	-1.004200	-0.430800	-1.180700	0.000000	-0.805500	-1.410100	-1.086300	-1.268800	-0.237300
126	2.656700	1.065500	-0.151900	0.000000	-0.459800	3.532800	0.424600	0.297900	1.506800	1.370800	-0.577200	0.083300	1.275600	0.229200	1.421400	0.744800	0.877800	0.810300	0.264600	1.968100
127	2.363800	2.006800	0.000000	2.728600	1.524000	4.092000	1.175500	2.486800	2.742500	2.347400	0.427500	0.798800	3.416100	1.718200	4.561400	2.046800	3.484800	3.344300	3.141400	2.688600
128	0.699600	0.312700	0.125700	0.467400	0.167300	4.853700	-0.445300	-0.213000	0.358400	0.546300	0.052100	0.000000	0.955600	0.058600	1.226400	0.727800	0.815400	0.321600	0.147000	-0.189600
129	0.192000	0.157900	-0.544600	0.096400	-0.408400	1.661100	-0.582300	0.000000	0.218700	0.414600	-0.551400	-0.704400	0.276100	0.021000	0.597400	0.321000	-0.555500	-0.462600	-0.612500	-0.171100
130	3.163000	2.565300	1.897000	2.091600	1.295600	6.088100	2.013700	2.078700	2.918700	1.725700	2.057100	1.856000	2.439900	2.472500	0.000000	1.060900	1.646500	1.995500	1.849700	2.669300
131	1.252100	1.267500	0.954700	1.985600	1.672900	0.000000	0.590400	1.799400	1.375500	1.736100	1.553100	0.775000	1.353900	1.362000	1.547600	1.224800	1.408600	1.282900	1.295300	1.679200
132	0.572500	0.183400	-0.475100	0.760900	0.485000	1.654200	-0.357800	0.000000	-0.617300	0.019500	-0.004100	-0.432500	0.545900	-0.332400	0.801400	0.378500	0.179600	-0.130000	-0.286300	0.073500
133	0.000000	2.768000	5.861600	6.577300	7.020600	6.974600	12.282400	7.379700	4.800700	3.345500	7.505000	9.452600	13.406000	11.111100	8.502600	6.761100	19.628600	12.448300	12.987000	12.298600
134	1.536000	1.410600	0.000000	2.294600	0.938800	4.995100	1.014400	2.061700	1.445400	1.233800	-0.459600	0.775000	1.526800	0.734800	1.728700	-0.143500	-0.419000	0.195700	-0.164100	0.244800
135	0.681000	0.069800	-0.607600	0.573500	-0.130200	1.601500	0.675600	0.509400	0.000000	0.422100	-0.589200	-0.565200	0.220300	0.254300	0.648500	-0.047700	0.775600	0.285800	0.834900	0.530600
136	1.104400	0.066900	-1.901100	-1.110600	-1.421600	1.724800	-0.776600	-0.334300	0.000000	-0.355100	-1.736900	-0.989600	-2.386100	-0.246600	-3.742300	-0.413600	-0.730100	-0.645500	-0.866200	1.074500
137	0.405900	-0.146200	-0.414600	-0.000900	-0.396400	-1.788000	-0.683800	0.000000	0.155700	0.318900	-0.649200	-0.400900	-1.339300	-0.658300	-1.536800	-0.169700	-1.038000	-1.053500	-1.241400	0.169300
138	2.696100	1.233000	-0.020500	0.000000	-0.526200	0.499500	0.285000	1.163800	2.054700	1.249800	0.233100	0.670900	-1.242700	0.497300	0.116000	1.394800	0.559200	0.636200	0.634400	1.529800
139	5.251000	3.485200	-0.298600	1.170700	0.000000	4.409800	8.327400	3.111600	4.518000	3.693000	0.116700	3.158500	5.329500	3.835200	5.277000	4.314700	12.832800	10.232900	5.826600	13.538400
140	1.298300	0.000000	-0.903500	-0.703600	-0.433900	2.541700	-0.974700	0.769800	0.799500	0.647700	-1.150800	-0.835100	-0.338400	-0.377800	0.925300	0.386900	-0.433400	-1.145600	-1.376300	0.489200
141	1.452800	0.000000	-1.066500	1.371900	0.341100	2.885700	-0.103300	1.931100	1.058700	0.560800	-1.444800	-0.519000	-0.018000	-0.299300	0.618500	0.745600	-1.014500	-0.476600	-0.746200	0.398900
142	5.137200	3.710800	1.562800	4.090100	3.200500	7.300200	3.243100	5.205700	4.116300	3.992200	0.635700	3.248500	4.239000	2.774800	5.086200	4.383300	-1.697700	-0.685900	0.000000	2.415800
143	2.903200	1.378900	-1.429000	0.000000	-0.838700	5.058300	-0.288600	2.009200	2.294900	1.576800	-1.202600	-1.411700	3.186700	1.564500	3.882200	2.140800	5.765500	5.714300	0.398000	1.253600
144	0.657500	0.057700	-0.309600	0.400600	-0.054400	2.599600	-0.667900	-0.191800	-0.114600	0.466300	-0.703600	-0.210500	0.074000	-0.018400	0.557700	0.000000	-0.269800	-0.395100	-0.477700	-0.014400
145	3.390400	2.123300	0.367700	0.000000	-0.485400	2.915000	3.237000	2.103900	2.365000	2.095500	-1.119300	2.364200	2.890600	1.783200	4.785500	2.967700	8.590100	4.339800	5.175700	13.179400
146	5.005300	3.138700	0.360900	2.288100	1.735800	7.431100	5.960400	2.333900	3.764500	3.786600	0.855000	3.107600	4.968500	3.105100	5.443800	4.616000	4.265000	2.378400	0.000000	3.272600
147	0.000000	-0.302100	0.120900	4.393800	4.720600	6.058000	0.253800	3.232100	0.303800	1.146100	-0.149800	-0.115600	1.475300	0.483100	2.453800	1.835100	3.674000	0.557400	0.371800	2.585200
148	0.925200	-0.206700	-1.335100	-0.427200	-1.422800	2.130700	-1.720700	0.000000	-0.176600	0.195400	-1.753700	-1.396500	0.195000	-0.962800	0.893700	-0.281500	-1.668000	-1.054900	-1.245200	-0.661400
149	5.096600	3.090800	0.000000	1.352800	1.105700	5.302200	4.418000	2.271700	3.707500	3.086300	0.515000	5.463700	4.429800	2.832900	5.504300	4.383000	8.492500	8.553800	5.788200	4.086300
150	0.987500	1.824700	-0.490100	0.000000	0.267300	2.916000	1.819300	1.472900	2.044700	0.971300	-0.319100	2.319600	2.654100	1.594800	2.641900	0.934200	1.475900	1.242500	-0.538600	2.628900
151	0.647600	0.631400	0.904400	1.888500	1.348500	1.497400	-0.381100	0.715500	0.000000	0.546900	0.551300	0.331300	1.361000	0.590700	1.565900	0.794100	1.067600	0.990300	0.344600	0.806100
152	0.148500	-0.172400	-0.158700	0.516300	0.362700	-1.078500	-1.018400	0.194300	0.000000	0.009800	-0.133800	-0.291900	0.108300	0.053200	0.476900	0.218100	0.381000	0.293000	0.292000	-0.380900
153	0.487900	0.450200	0.078700	0.723200	1.041600	2.874900	0.592200	1.311400	0.000000	0.636500	-0.174700	0.518400	1.333400	0.673300	1.424100	0.735600	1.099600	0.233600	0.007700	0.665500
154	-0.779700	1.185500	0.686400	3.263500	3.293100	5.054800	0.062500	0.522000	0.295700	2.389200	0.611100	0.545100	0.865800	0.211700	0.962600	0.024900	0.649200	0.543700	0.539300	0.000000
155	1.379200	1.601100	1.887200	2.555400	2.096300	6.575800	-0.371000	2.652000	1.879800	1.065500	0.856200	1.517300	2.599700	1.311000	0.629400	0.000000	2.037800	1.239000	1.138400	2.306300
156	1.129800	1.248300	1.535500	0.214700	0.041700	2.209800	0.733000	0.000000	0.908500	1.034200	0.077800	0.875700	2.608800	1.782400	1.219400	1.227200	2.404700	0.434000	3.322600	9.639000
157	0.580500	0.103900	-1.793300	-0.416900	-1.334800	0.430000	-0.694800	0.237600	0.581200	-0.141600	-2.639800	-1.405000	-0.495100	-0.585000	0.000000	0.138000	-1.912400	-1.106000	-1.182300	-1.221800
158	1.182300	0.588500	0.262500	0.798800	0.547400	1.088800	-0.965500	1.132900	0.991000	0.906300	0.099100	-0.389900	0.522400	0.000000	1.162600	1.028500	0.174000	0.760700	0.745700	1.334100
159	0.443600	-0.785900	-1.605600	-0.488000	-0.916700	-1.682600	0.374100	0.240000	0.344700	-0.119800	-1.861100	-0.587800	-1.089500	-0.187900	0.000000	0.398000	0.306700	-0.078400	-0.753800	1.037800
160	2.084300	0.000000	2.332000	2.190100	5.208400	7.629400	6.210800	1.704800	1.422900	1.646300	1.491900	8.281500	8.635800	6.237900	3.748400	4.369500	19.096500	13.101800	8.480900	27.941400
161	3.009300	1.987300	0.000000	1.298500	0.070600	4.069900	1.433900	1.684800	2.287500	2.286200	-0.753200	0.253500	3.566700	1.863300	4.051100	1.928500	4.939600	2.454400	1.277300	0.915700
162	1.051100	0.000000	-0.236700	1.705400	0.632800	3.421600	-0.251000	0.824300	0.415600	0.907600	-0.225200	-0.124200	1.373100	0.867400	1.444800	0.262000	0.645600	0.368200	0.206100	1.225800
163	0.929100	0.000000	0.341700	0.302100	0.013800	1.076200	3.895100	0.775100	0.448400	1.385900	-1.771100	3.150100	0.737700	-0.970000	1.598700	-0.502500	2.198400	1.253300	-0.418600	22.087300
164	4.500600	3.611400	0.000000	3.379700	2.610600	3.845100	4.308200	2.662900	3.404900	2.726400	0.050300	4.121100	4.026700	2.841200	4.823600	3.301700	12.254600	7.272700	3.893300	4.350500
165	1.081400	0.533900	0.231100	1.041800	0.410900	8.653800	0.000000	0.952900	0.709000	0.899400	-0.261300	0.375000	1.206000	0.249900	1.419100	0.498000	0.396600	0.051900	-0.072800	-0.309500
166	0.946700	-0.262500	-1.178200	-0.824700	-1.417300	-0.412800	0.288200	0.000000	0.554700	0.357200	-1.587100	0.015800	0.507300	-0.078100	1.701200	-0.147600	-0.520400	2.362500	0.127000	2.586700
167	2.640200	1.954500	0.000000	3.422300	3.061600	3.689400	2.334900	2.145400	2.019200	2.024500	-0.163400	0.967400	1.827000	1.374700	3.092300	2.085000	0.822500	6.367200	3.597800	3.166000
168	0.522700	0.482000	-0.525400	1.753000	0.906600	2.172500	1.322400	0.000000	-0.207500	1.066100	0.181400	0.439300	-0.172500	1.670300	-0.255000	1.609500	5.496100	8.918000	7.872000	6.111100
169	0.408200	0.014100	-0.516100	0.238600	-0.263200	-1.445000	-1.011400	0.000000	0.393300	0.457500	-0.395300	-0.464300	-0.069400	-0.130200	0.235900	0.228700	-0.072200	-0.170800	-0.856900	0.146400
170	0.527000	0.000000	-0.073000	0.456100	0.050800	0.192000	0.094100	0.334500	0.489300	0.930800	0.099700	0.191800	-0.156500	-0.046500	-0.013300	0.688800	-0.124800	0.262300	0.191600	0.698400
171	0.766700	-0.057000	-0.223200	1.020200	1.482500	0.688500	0.221900	0.861200	0.805400	0.849800	-0.065700	0.153800	0.121500	0.000000	0.039000	0.391400	-0.650700	-0.038300	-0.190800	0.584000
172	1.262400	-0.011500	-1.784600	-0.258700	-0.078300	3.715300	-0.037400	0.000000	0.738700	-0.212800	-1.766200	0.852200	1.891000	-0.249500	2.134800	0.991200	5.945500	7.422000	4.710200	15.440400
173	0.547600	0.000000	-0.378200	1.297000	0.772700	6.642600	0.245600	0.975900	0.735500	0.850800	-0.131300	0.117300	-0.251800	-0.165500	0.149300	0.659800	0.127900	0.003900	-0.224500	0.675100
174	0.094900	-0.586300	-0.987700	0.486600	-0.996600	4.155900	-0.745600	0.000000	0.033200	0.036400	-1.020400	-0.741200	-0.624800	-0.674200	-0.263300	-0.357500	-1.034800	-1.145800	-1.383900	-0.362400
175	4.318000	3.237600	1.463600	2.744200	2.028000	6.508000	2.761100	3.841500	4.402400	3.683800	0.679900	2.804400	3.875700	3.109700	4.886600	4.320700	0.115600	0.000000	-0.091000	3.455000
176	3.681000	3.088500	2.944100	2.907400	2.601200	6.234600	3.161600	2.371000	3.086400	3.014000	1.594900	2.921400	3.260000	3.362300	2.831700	0.000000	3.836800	4.542800	2.838900	4.453900
177	1.248000	0.501800	0.346000	0.945900	0.473200	3.776200	0.000000	1.076900	1.040400	1.209400	0.347600	0.170800	0.532000	0.283600	1.011300	0.657100	0.664700	0.521000	0.493700	1.124200
178	0.294500	-0.079300	-0.956300	0.666400	0.093300	2.233700	-0.572800	0.185200	-0.156800	0.368800	-0.294300	-0.511000	0.433900	-0.109300	0.890400	0.000000	0.872100	-0.312300	-0.532700	-0.080700
179	4.661000	2.956900	0.901100	1.810000	1.543000	6.434800	0.531800	2.397600	3.391500	2.910800	0.951300	0.976100	3.889900	2.400700	4.240200	1.776700	2.276400	1.778000	0.000000	1.043900
180	1.237400	1.156800	0.763700	1.288800	0.979300	0.000000	0.042800	1.207700	1.227500	1.171400	0.496000	0.357500	1.330600	0.653200	1.454600	0.529700	0.320000	0.740100	0.565900	0.468000
181	2.109300	0.966800	-0.244700	0.027000	-0.340900	2.683500	-1.674300	-1.529400	0.000000	0.114100	-0.874900	-0.531600	1.704400	0.511200	2.078100	-0.342400	2.493600	-1.484000	-2.241300	0.095200
182	0.848100	0.000000	-0.207600	2.517700	1.795800	3.618200	-0.345600	2.298000	0.191500	0.750000	0.236200	-0.173000	0.332800	0.406500	1.015400	-0.358900	0.431900	0.171100	0.126500	-0.010200
183	0.000000	1.198000	16.912600	13.632700	20.110200	6.540000	19.058600	13.176900	5.369900	7.475500	13.809100	18.265900	15.600700	17.026900	14.386700	15.396700	31.329900	29.260000	26.057500	62.771600
184	2.218200	1.769700	0.000000	1.130100	0.281400	1.033400	1.606400	0.765600	1.689600	1.728600	0.217700	1.649100	1.169700	1.587000	1.918100	2.327100	1.020700	1.140900	0.473000	2.095300
185	0.000000	2.710500	9.757500	8.533600	9.155700	4.109500	6.831300	7.762000	3.132200	5.802300	6.126300	7.865700	6.890500	7.308500	4.145900	5.793600	13.219300	11.204600	10.619100	10.842900
186	0.619500	0.000000	-0.414600	0.219500	0.012900	-1.443700	-0.482400	0.270800	-0.094900	0.084600	-0.323800	-0.180700	-0.249000	-0.153000	0.064900	0.293500	-0.306300	-0.370200	-0.473100	-0.083900
187	1.195800	0.917300	0.629500	0.970000	1.010300	0.000000	0.374400	0.954800	1.013000	1.072500	0.516400	0.831700	0.843300	0.873000	0.835700	0.976100	-0.254300	-0.558500	0.208800	0.963100
188	0.000000	2.306100	2.047500	4.604400	4.425600	5.509400	1.821900	2.982500	2.309000	2.293800	1.895900	2.126100	1.957100	2.122700	2.120200	1.878700	3.611300	3.651200	3.637300	1.902800
189	0.835000	0.055100	-0.279500	0.671800	1.877600	4.962800	0.427600	3.182500	0.000000	-0.086100	0.052700	-0.083300	0.430500	0.508100	0.665100	0.602000	0.243300	-0.077700	-0.032100	1.166100
190	4.138200	4.914500	6.036500	8.181100	8.468300	9.816900	5.380500	6.543600	5.484900	0.000000	5.837200	4.961400	5.630400	5.104000	5.332300	4.829700	7.305700	5.423600	4.704400	5.097500
191	0.296500	0.254500	0.493500	0.552700	0.631300	6.211500	0.197900	0.186500	0.195300	0.309400	0.558300	0.115000	0.366800	0.000000	0.759700	0.307400	0.549700	0.387700	0.325800	0.439100
192	0.211100	-0.115200	-0.015900	0.445900	-0.138400	-2.135500	0.181600	0.000000	-0.688800	-0.312800	-0.803700	-0.568700	0.253100	-0.001100	0.392500	-0.804600	-0.463600	-1.014100	-1.206700	-0.964300
193	0.000000	10.077300	19.561400	26.284200	27.711200	25.855000	17.270900	24.556300	13.306100	13.972400	15.594400	15.936400	17.652400	17.259600	18.684900	19.306400	25.091500	22.024400	21.502500	63.593000
194	0.077600	0.000000	-0.175500	0.641800	0.317800	0.627500	-0.151400	0.664500	0.122300	0.192900	-0.165000	-0.313600	-0.212400	-0.064600	-0.350900	0.038200	0.157300	-0.151600	-0.241200	-0.188500
195	0.618500	0.000000	-0.237300	0.974400	0.604700	-1.059200	-0.056000	0.857700	0.125800	-0.173000	-1.343000	-0.490300	-1.855700	-0.236500	-0.812400	-0.194500	0.204600	0.063600	-0.134200	0.429500
196	0.773200	0.407100	0.111800	-0.258600	-0.143500	2.329700	0.020800	0.000000	0.463000	0.026700	-0.235200	0.027400	0.513900	0.336900	1.003000	0.237100	-0.002600	-0.612300	-1.004100	0.307100
197	1.222500	1.117800	0.252200	1.995700	2.680700	4.795300	1.360000	2.592700	1.385600	0.525000	-0.501400	-0.097500	0.000000	0.681400	0.059400	0.938500	0.516800	-0.289800	-0.500100	0.220100
198	0.573700	0.413700	-0.661400	-0.126500	-0.507600	1.200700	0.169700	0.000000	0.662000	-0.154800	-0.046500	-0.143200	-0.195500	0.124800	0.181900	0.074900	0.758600	0.509100	0.913900	0.686200
199	1.099600	0.326300	-0.510400	0.000000	-0.675200	5.928200	-1.745400	0.000100	0.727800	0.263400	-0.770600	-1.452300	0.780100	-0.144900	1.216500	0.403300	-0.602300	-0.560600	-0.571800	-0.852800
200	0.000000	0.721700	-0.271100	1.567600	2.452600	6.270100	-1.060300	1.494500	1.114900	0.513400	-0.016400	-0.392800	0.498000	0.267300	0.691500	0.289100	0.191000	-0.147600	-0.418300	0.096200
201	0.000000	2.374500	2.250000	4.667200	4.648500	5.582400	2.140400	3.100900	2.391100	2.247500	2.192800	2.196500	2.276200	2.372900	2.391600	2.067000	3.842500	3.850900	3.818500	2.035700
202	0.093000	-1.020900	-1.720800	-2.244300	-2.478200	4.017300	-0.500900	-1.067200	0.000000	-1.476700	-1.524400	-0.632400	-0.262600	-0.662200	-0.171100	-1.018000	4.070700	3.411100	2.476500	5.232500
203	0.487400	0.131600	-0.712700	0.024900	-0.212400	-0.430400	-0.308500	-0.191200	0.295000	0.062900	-0.869000	-0.524000	-0.224000	0.000000	-0.202100	0.370200	-0.262800	0.129100	-0.019800	0.330800
204	2.973700	1.772300	-1.634800	-0.895000	-1.637400	6.472800	-0.562500	0.851600	2.761600	1.133400	-1.164100	-0.441100	3.393200	0.890100	4.040500	2.238800	3.095000	7.691800	1.701300	0.000000
205	3.770900	2.378000	0.000000	1.120200	2.214400	2.868700	1.636300	2.624000	3.207300	1.855900	0.468800	1.742300	2.075700	1.987000	1.713400	1.752500	0.564300	0.335800	0.298500	1.238400
206	4.063800	2.909500	0.000000	2.416100	-0.041600	7.451000	1.127800	2.665400	4.043100	2.608900	0.164100	1.422500	3.942000	2.540100	4.614300	2.966000	0.899700	-0.592600	-0.399900	1.798800
207	5.211100	4.040600	3.220100	3.762400	3.366800	7.226400	4.666000	3.639300	3.996500	3.652500	1.232100	4.050400	5.287900	4.626400	5.943600	3.610300	2.766200	0.000000	-0.017800	2.517200
208	0.677900	0.057700	5.091000	3.701300	6.649700	7.601600	17.047800	3.526500	0.000000	0.199600	3.515900	7.416000	6.126800	4.424100	7.689100	3.000600	19.456100	12.087800	11.557500	55.378100
209	6.048100	5.306200	2.747300	7.573700	6.845800	8.435000	5.319200	6.601500	6.069600	4.907800	2.323600	5.443700	4.896100	4.730000	6.806200	5.636100	0.000000	2.138800	1.422700	4.427700
210	0.000000	-0.468700	0.405300	-0.337900	-0.558400	2.207000	7.964800	-0.502200	-0.555100	-0.391300	-2.453900	1.162300	6.067500	1.989400	5.644600	1.438300	22.680600	18.967300	13.416400	14.094900
211	0.000000	4.958600	16.560800	16.584100	21.132300	8.046000	48.335300	14.805000	6.713500	8.827100	18.255300	35.930600	32.409500	15.705800	21.064700	13.711200	71.942800	60.566800	56.792800	98.610800
212	0.995100	0.569800	0.946500	-0.313000	0.321900	1.997500	1.159200	0.000000	0.452800	0.701700	-0.949800	1.607200	1.570400	0.454300	2.170100	1.700900	2.536100	1.885900	1.392700	2.375100
213	2.057400	0.000000	10.520400	6.023300	10.914300	10.709100	13.858300	3.873300	3.382400	4.394900	9.170900	8.940900	18.890100	10.332900	11.786300	5.226200	37.254400	30.769300	23.681500	50.363400
214	4.135800	2.677000	0.621600	0.207300	0.000000	5.804700	6.696300	1.128800	2.954800	1.790700	0.914600	1.219600	8.201000	4.826300	5.783100	3.572200	20.175800	16.720500	11.903000	6.844500
215	2.090100	1.035400	-0.398400	0.037300	-0.607800	7.113300	-0.385000	1.134500	1.121900	0.681700	0.057800	-0.091900	0.678500	0.000000	1.766300	0.510000	0.435800	-0.054700	-0.194600	0.112700
216	3.265400	2.375800	2.293300	4.582900	4.275400	0.000000	2.456000	4.099100	3.147600	2.999900	2.290000	2.311000	2.790500	2.981200	3.594500	3.351900	3.469300	2.823200	2.853200	3.585800
217	-0.366400	-0.469500	-2.200000	-0.647200	-0.988000	3.405700	-0.919500	0.000000	-0.207700	-0.520300	-1.186100	-0.886500	-1.801000	-0.881300	-2.341800	-0.721500	-0.825500	-0.731700	-0.753500	-1.683300
218	0.232900	0.117900	-0.520100	-0.321000	-0.659300	2.219000	-0.813600	-0.236600	0.000000	0.001000	-0.519000	-0.585400	-0.118300	-0.455800	0.357700	0.220900	-0.425300	-0.740300	-0.794700	-0.132400
219	1.264800	0.930000	0.601800	1.383200	0.939600	0.645700	0.270700	0.000000	0.718700	0.918100	0.633300	0.732000	0.676200	0.633900	0.628400	1.088500	1.204100	0.997200	1.002500	1.240200
220	0.932000	0.435500	-0.214300	0.000000	-0.373300	3.853300	-0.084700	0.158100	0.416500	0.317200	-0.195000	-0.154800	0.163300	0.092900	0.484400	0.529600	-0.289200	-0.661200	-0.760000	0.305000
221	-0.417200	0.196400	0.000000	0.537900	1.784200	3.072700	-0.317900	0.118800	0.227600	-0.042000	-0.141200	-0.439700	-0.242100	-0.246200	-0.241300	-0.501000	-0.247800	-0.412000	-0.442400	-0.354100
222	0.000000	2.658200	3.936800	4.763200	4.733000	5.376800	3.723700	4.603400	3.886500	2.671700	3.763700	3.761900	3.851600	3.589500	3.894300	2.700500	3.849300	3.912000	3.849300	3.943100
223	0.986100	0.456100	-0.385400	0.000000	-0.051900	4.146700	-0.297500	0.145700	0.307200	0.270600	-0.198800	-0.090900	0.214200	0.316300	0.682900	0.531200	-0.735900	-0.395500	-0.690800	0.605600
224	2.290800	1.169300	-0.441500	0.494800	-0.030500	3.203400	-0.877500	0.000000	1.214300	0.602300	-0.171600	-0.234700	1.101800	0.545500	1.969300	1.392600	3.938800	4.130600	3.210200	3.807500
225	0.000000	0.337400	-0.058700	2.013500	1.677800	0.636400	0.254600	1.636700	0.346200	0.869600	-0.384900	0.020900	0.539800	0.615300	-0.102800	0.426000	-0.154700	-0.290500	-0.412500	0.558000
226	1.364300	0.000000	4.682100	0.918600	3.497000	1.370600	3.469300	1.949700	1.086000	1.095800	-0.190400	1.511300	1.599800	1.269600	4.406000	2.703500	9.845500	8.361000	7.649000	35.172300
227	0.952600	0.264300	0.060900	-0.275700	-0.801000	1.961400	-0.516500	0.000000	0.142300	-0.409800	-0.852000	-0.884100	0.487400	-0.224300	0.828300	0.444100	0.590100	0.422900	0.195100	0.865900
228	1.483500	1.723500	-0.871300	0.856200	1.688700	0.887400	0.507500	0.177700	1.503600	1.118900	-0.952400	-1.162300	2.973500	1.149000	0.000000	-0.046800	4.970900	2.033600	0.930000	3.003000
229	1.626900	1.486100	0.112100	1.588300	1.290800	7.554800	0.271500	0.000000	0.319500	1.240000	0.179500	0.622900	1.150700	0.837900	1.421700	0.799800	1.478000	0.596500	1.507700	1.434800
230	1.617200	0.740300	0.456600	2.220800	4.493200	2.196900	2.422900	4.717500	0.000000	0.906100	0.367800	0.997300	6.929300	2.356200	12.299600	2.588100	8.756000	3.693000	1.963800	31.076600
231	-1.153100	-1.306400	-2.726200	-1.054100	-1.208300	-0.842900	-2.120700	0.000000	-0.631000	-1.611400	-0.831100	-3.490400	1.185300	-0.920800	2.085100	-1.080900	12.156400	0.704500	-0.173200	-3.888600
232	0.000000	0.103300	-0.386000	-0.032700	-0.199100	4.157700	-0.846300	-0.102000	0.090600	-0.063200	-0.332100	-0.752900	0.280200	-0.245000	0.372700	0.159200	0.092400	-0.095100	-0.318100	0.160300
233	0.026600	-0.127900	-0.080800	0.050600	0.067300	-0.752000	-0.161600	0.000000	0.031600	0.142400	-0.172600	-0.114500	-0.020300	0.107700	0.153300	0.176500	-0.008400	-0.162500	-0.249900	0.050200
234	-0.282300	0.026100	0.000000	0.200700	1.776000	2.104600	-0.581200	1.656800	-0.030400	1.667500	-0.149600	-0.420100	0.062900	-0.333500	-0.223400	-0.315200	1.513400	-0.121100	-0.317900	-0.252300
235	2.006700	1.895600	3.903200	3.750600	3.077900	2.086500	2.488000	2.859300	2.028300	2.008900	1.286800	2.858700	2.640200	2.273600	0.000000	2.822000	11.127900	18.693700	10.579100	34.013700
236	0.413300	-0.014600	-0.457800	0.000000	-0.131300	0.034700	-0.824300	0.413500	0.407700	0.583300	-0.528600	-0.511100	0.012100	-0.195300	0.552400	0.157100	-0.311100	-0.351300	-0.524600	-0.103800
237	1.345600	0.000000	6.149300	1.509200	3.968500	3.245100	4.806400	2.681400	1.712500	1.949500	3.914900	1.914600	9.726400	3.628800	10.800400	5.700000	11.319900	14.337000	12.671900	21.968800
238	0.015400	-0.990300	-1.818500	-0.230000	-1.170400	0.556400	-1.148600	-1.303200	-0.692700	-0.153500	-1.422500	-1.172500	-0.059600	-0.595700	0.957700	0.000000	-0.807000	-0.554300	-2.007100	-0.202600
239	0.081700	0.152200	-0.540000	0.000000	-0.598200	1.157000	-0.298400	0.029600	0.335900	1.589500	-0.592500	-0.520100	-0.194700	-0.115800	0.219600	0.036900	-0.412600	-0.270800	-0.262000	0.166700
240	0.434600	-0.743000	-1.647500	-0.798800	-1.137500	1.924700	-1.509700	0.000000	0.031400	-0.268600	-1.970000	-1.572800	-0.845500	-1.093300	-0.104600	-0.323400	-1.075200	-1.222800	-1.250200	-0.305400
241	3.129500	1.222900	-0.320700	1.863100	2.231200	8.826100	-0.728100	3.334900	1.838900	0.261900	-1.378000	-2.527300	4.978500	2.161200	0.000000	-2.272200	13.521900	11.118200	7.396700	14.036700
242	2.105200	2.239400	0.532400	1.740600	1.122100	0.000000	0.665900	1.354800	1.921000	2.153100	0.372300	0.520500	2.286000	1.217800	2.195600	1.920100	1.024700	1.301300	0.824900	2.469900
243	2.492800	0.251600	3.232300	-0.307100	2.501400	2.419300	3.143100	2.036900	0.000000	0.310600	2.706100	-0.259000	9.537100	2.090100	9.944200	4.889700	17.163100	12.256000	9.779100	25.392500
244	1.806100	1.501600	0.128400	0.106100	-0.000600	7.929100	-1.708500	0.000000	1.376700	1.252500	0.424700	-2.612800	8.461700	0.362800	7.871000	1.573100	10.862300	8.470300	1.753600	1.022800
245	1.141900	0.393500	0.000000	0.554300	0.036100	1.835800	-0.727600	1.094600	0.946700	1.081900	-0.272200	-0.205300	0.618400	0.103000	1.063800	0.952300	-0.114200	-0.068200	-0.207300	0.695600
246	2.076600	0.000000	-0.295100	-1.298400	-0.639000	1.457600	-0.327900	-0.177500	1.460000	0.427300	-1.374000	0.056600	2.301900	0.891000	2.250400	1.491400	0.352500	-0.894900	-1.174000	0.579300
247	3.820400	2.683900	0.000000	4.392900	4.453300	6.827600	3.060000	2.271800	3.230700	2.458000	-0.145700	1.668900	2.962800	2.392800	4.470300	2.919600	2.450300	-0.263600	-0.955600	2.024500
248	2.403200	1.232200	0.000000	0.399800	0.192800	3.340900	0.755100	1.059700	1.508500	1.773600	0.151700	0.629100	1.856500	1.229600	3.243900	2.164500	-0.193200	-0.300900	0.164800	1.636600
249	1.360200	0.000000	-1.763500	-0.152700	-0.944300	3.943500	-0.832200	1.269500	1.226800	0.829500	-1.543600	-0.549800	-0.225200	-0.526000	0.431800	0.680200	-1.397100	-1.238200	-1.523600	0.112000
250	1.475100	-0.174900	-3.140600	-0.411000	-0.828200	0.882200	2.106500	0.000000	0.741500	-0.957400	-3.354000	0.668700	1.350600	-0.768200	1.510500	0.996300	8.635600	7.694500	2.046900	0.940100
251	0.000000	5.606700	25.206700	18.812600	24.945300	14.713200	30.692900	14.681300	10.980000	12.963400	21.489000	25.393100	28.556300	25.749700	24.193400	18.751800	68.236400	51.353400	50.355800	64.259400
252	1.294600	0.000000	-0.682700	0.426200	0.134800	3.987800	-0.312100	0.627200	0.220500	0.708100	-0.863400	-0.218500	0.236400	0.233200	1.824500	0.548800	0.233300	-0.563300	0.254600	1.284000
253	3.173100	1.477600	-0.292800	0.000000	-0.435900	3.731800	0.832000	1.778300	2.861400	1.730300	-0.138400	0.514600	1.103700	0.407100	2.495900	1.142600	1.449700	1.718700	2.474000	1.593300
254	3.379900	2.258800	0.517200	3.644300	3.115000	3.543600	5.369100	2.932100	3.987600	2.804800	0.000000	1.269500	4.510700	3.053400	6.088400	5.107600	30.084100	24.260700	18.501600	18.231000
255	3.775700	1.965300	1.370300	0.808900	0.000000	6.536700	4.577300	2.801700	2.757100	2.685700	0.407900	4.639500	5.760600	4.762000	5.116600	3.666700	13.693700	15.897000	8.997900	4.650700
256	1.318600	1.685700	0.828100	2.444300	1.786000	5.061900	0.312900	1.039500	1.067200	1.505300	0.343200	1.062400	2.453900	1.419900	2.143200	0.000000	1.863800	2.318700	1.772200	2.252200
257	1.761100	1.156200	-0.538700	1.269000	0.441500	3.670100	0.000000	1.039900	1.246000	0.581700	-0.695500	-0.252700	1.522300	0.513400	1.952900	0.608700	-0.249600	-0.050400	-0.168900	-0.382900
258	-1.914200	0.000000	0.038800	2.104600	2.516300	3.786300	-0.449700	0.891400	-0.153700	0.019000	0.107100	-0.416900	0.049500	-0.328000	-0.025200	-0.400500	-0.059700	-0.129100	-0.168500	0.018700
259	-0.933600	-1.625200	5.994400	3.771700	5.831500	10.200700	3.041800	1.951500	0.000000	1.192300	4.366700	4.449900	14.309900	5.986400	5.657700	6.406000	19.878100	14.512400	12.318200	40.594900
260	0.000000	3.924900	4.136700	5.923400	5.573700	11.755400	3.835000	5.868600	4.192400	4.142200	3.408300	3.721900	4.258700	4.125800	4.342300	4.183600	3.497400	4.029500	3.953000	4.291300
261	-0.777100	-0.406300	-2.040800	1.455200	1.697600	1.975700	-0.500700	1.251400	-0.180400	-0.830300	-1.373000	-0.980100	-0.353800	0.000000	0.663900	-0.876100	0.880400	1.187900	0.126700	0.933600
262	1.805200	2.298800	3.770600	5.842600	6.779800	4.056000	17.876700	4.385100	1.663500	1.025400	2.366800	9.575400	4.312900	5.542800	2.182900	0.000000	43.239800	24.464500	18.118700	31.269500
263	2.565700	2.021800	3.453800	4.605400	5.670300	2.661000	4.033700	5.387900	3.201500	2.544400	1.955200	4.624200	5.865700	2.813900	0.000000	-1.219400	22.467200	13.956400	16.525500	77.201800
264	0.000000	8.538000	28.471100	22.232300	27.062500	12.776800	32.262000	21.244500	14.557800	13.957400	20.646900	26.118900	24.469600	23.215300	23.465500	23.338000	40.739800	47.131300	42.521800	81.301500
265	3.236100	2.555800	0.000000	1.090900	0.183900	4.757300	3.098000	2.276200	3.064300	1.370500	-0.476000	3.383700	2.502500	1.612800	2.931700	1.825700	4.370500	3.620300	1.005500	1.413200
266	3.929700	2.365400	3.795500	0.000000	1.070900	5.402100	4.183600	1.405800	2.846700	1.617200	1.305800	3.643200	6.677700	5.683300	6.601700	5.165400	19.980000	12.921500	9.051900	31.401600
267	-0.141600	-0.482500	0.032200	1.450200	1.591000	-2.257100	-0.351100	0.301200	0.000000	-0.417700	0.155300	0.444600	1.831300	0.865400	1.815800	0.829500	5.324100	5.262900	6.590100	5.561700
268	2.845100	1.674700	0.669300	1.390400	1.123800	4.461500	0.000000	2.753200	2.871700	1.933600	0.561600	0.587600	1.720000	1.594300	3.941100	2.757700	1.137700	0.459800	0.091100	2.498100
269	4.561500	4.558600	5.663800	5.663800	6.232900	4.146500	5.175300	5.576400	5.535200	0.000000	4.698400	4.834200	5.397200	5.125800	5.836900	5.322100	5.288700	4.315400	5.123300	6.141100
270	1.093000	0.075000	1.413000	3.434400	4.652100	-0.388000	1.429600	1.136300	0.000000	0.769200	1.324100	0.628400	2.940800	0.250600	3.594500	0.926700	4.355200	1.639800	2.123100	1.313100
271	1.068000	-0.121900	-0.338200	0.580100	1.019700	6.187700	1.951000	0.153300	0.000000	0.099000	-0.047300	-0.485600	3.805300	0.806100	3.161900	2.042600	22.148000	16.868500	15.689200	19.478600
272	2.578200	1.975000	0.000000	2.190500	2.038200	5.453600	1.656800	1.616600	2.592900	1.768300	0.336900	1.747200	2.809400	2.338400	3.076600	2.609600	1.694300	0.805400	1.284400	2.191400
273	5.511300	4.479900	1.307500	4.739000	4.657300	11.461600	4.087900	4.680500	4.683500	3.911800	0.738500	3.232000	4.814300	4.002700	5.600600	5.000500	2.991300	-0.416800	0.000000	2.420400
274	0.000000	9.642300	27.435200	21.855400	26.856700	19.273600	39.307100	19.673900	11.468300	13.117600	23.699600	26.278000	28.186900	35.547300	19.563400	18.399700	81.034600	62.204600	59.063600	46.256200
275	1.092300	0.280400	-0.891600	0.101700	-0.068800	4.600700	-0.397100	0.485900	0.779700	0.126600	-0.726500	-0.391300	-0.366100	0.000000	-0.365600	-0.105200	0.065300	-0.522300	-0.653800	0.109800
276	2.581700	1.666800	0.323800	0.000000	0.975700	0.742600	2.147600	1.132400	2.201900	1.186600	0.197500	1.256800	0.965500	1.987500	1.636100	1.777900	1.793700	1.589500	1.538200	2.736600
277	2.351200	1.371100	-0.366900	0.817900	0.000000	3.658200	1.554900	2.359700	2.415200	1.345600	-0.173000	1.213400	0.351500	1.407500	0.316700	1.389900	0.994500	0.518200	0.767100	2.339600
278	0.493800	0.572200	1.052800	4.323300	3.398700	5.621400	0.348600	2.243600	0.000000	0.653700	1.095800	0.678100	1.073900	0.184000	1.339900	1.032700	1.404500	0.909500	1.425800	11.109600
279	2.128200	1.342200	0.166700	-0.071900	0.091400	1.341000	2.944900	0.000000	1.226900	0.860400	0.374900	0.457000	2.300200	2.221700	2.327600	1.029400	3.182600	3.171600	1.987000	10.685100
280	-0.104700	0.104700	0.173600	0.560700	0.246000	0.139300	-0.939900	0.751500	0.000000	0.166900	-0.433600	-0.807100	-0.555600	0.117100	-0.451400	0.286900	0.719100	0.433800	0.513800	1.078100
281	4.732900	3.372900	1.346000	5.693800	5.903100	1.805200	1.825500	3.831000	4.749200	3.212100	1.155200	2.431300	4.152100	3.348600	5.364200	3.258800	1.794100	0.000000	-0.488100	1.743700
282	2.022800	1.223100	1.126900	3.623200	6.576900	0.011400	-1.521000	4.504800	2.305800	1.427000	0.748700	0.407000	2.031900	1.491800	2.273000	0.918500	1.295600	0.984700	0.691900	0.000000
283	7.197100	6.094300	3.083900	4.810300	6.005000	15.313700	4.007600	5.106200	5.987900	5.848200	2.600400	3.824500	8.716300	5.487500	9.824700	5.981700	0.000000	9.608100	5.141600	2.692100
284	0.909100	0.799800	-0.801600	-0.615600	-0.012600	1.321900	-3.150500	0.979900	0.521800	0.488200	-0.362800	-2.649200	8.271900	2.136100	4.768800	0.000000	6.391200	1.701100	-0.522400	0.187500
285	2.245900	0.581100	-1.921700	-0.527800	0.140700	4.662700	1.982700	1.211800	1.200900	1.077500	-2.217200	0.118000	2.189900	1.118100	3.893100	0.226600	0.132100	1.613300	-0.632100	0.000000
286	5.492600	4.288100	0.000000	2.264800	3.516600	3.714700	3.511600	3.626800	5.027700	3.532600	0.695100	3.311800	4.662300	3.874000	5.920600	4.492400	1.663300	1.243400	0.733300	3.109300
287	0.028500	-1.046900	-2.308200	-0.244300	-0.573700	-2.241000	-2.454300	-0.263500	-0.238900	-0.685600	-2.489800	-3.079900	-0.395600	-1.084900	0.000000	-0.640400	5.139100	-0.700100	-2.770200	-1.115500
288	-0.360100	-1.477700	-3.214700	-1.319600	-1.629400	-0.842100	5.900200	0.508400	0.275600	-1.370600	-2.628900	1.177000	0.000000	-1.019900	1.257100	-0.637100	12.912500	10.913400	3.876100	-0.013900
289	4.233900	3.123900	2.229900	1.085100	0.000000	2.852200	10.530500	1.873600	4.281900	2.234800	0.622700	7.503800	5.715400	1.958400	3.696000	4.840500	23.489100	16.020200	13.539000	36.933700
290	1.280700	1.468600	0.650600	3.618300	5.949700	7.963200	0.293100	2.240300	2.577700	1.005300	0.357500	0.567000	2.258400	2.583900	1.882600	0.000000	1.724600	-0.319500	-0.698800	-0.080400
291	2.118600	0.411800	-1.643400	1.564900	2.408900	12.986700	3.206600	3.577800	0.842600	-0.301300	-2.284300	1.998000	1.138800	0.000000	1.738100	-0.304800	5.062000	0.975400	0.070200	16.479400
292	2.878000	3.158300	0.000000	1.826400	0.361000	4.937200	2.411800	2.742300	3.539200	2.742600	-0.371500	1.542600	4.931900	3.316300	5.818800	2.695000	1.530600	0.826900	1.023900	1.358700
293	0.593200	0.501500	0.000000	1.799300	1.567700	0.745300	-0.827200	1.234500	0.734500	0.241400	-0.140300	-0.740000	-0.573200	-0.430000	-0.516500	-0.552000	0.152000	-0.388700	-0.599800	-0.592100
294	0.000000	2.945100	2.796100	5.505800	5.200300	8.936500	3.082200	4.330300	2.743200	2.737900	2.233300	2.747200	2.260300	2.700600	2.448300	2.344100	3.712600	3.664900	2.198000	4.177800
295	1.725000	0.716900	-0.297500	0.000000	-0.629600	6.184600	0.009700	1.108400	1.574900	0.859600	-0.071200	-0.117800	1.835300	0.589900	2.778700	1.138500	-0.580000	-0.329800	-0.633800	0.854900
296	1.876000	1.312700	-0.236900	0.680100	0.281200	3.001500	0.000000	0.573300	1.438000	1.217600	0.138600	-0.505300	2.525800	1.162900	3.084300	1.072100	0.787500	1.049100	1.067600	-0.806100
297	0.000000	5.539700	7.820400	11.929900	16.165300	4.853200	11.410000	14.962200	7.396200	6.529700	7.995500	8.800600	17.604500	10.834400	14.921600	9.232200	22.181300	17.252300	11.361600	8.380200
298	0.913100	0.000000	0.467100	2.414400	2.147300	5.603500	-0.373400	2.181000	0.891500	1.078500	0.578100	-0.099900	0.977200	0.228600	1.350400	0.235300	0.779900	0.675700	0.538700	0.292400
299	1.200500	0.738300	-0.287000	1.605900	0.429400	4.700600	-0.504400	1.411800	1.110000	0.900500	0.100400	-0.450500	0.570500	-0.011000	0.540200	0.000000	0.622400	0.192100	0.090500	0.768000
300	1.905400	0.000000	9.657000	4.556100	6.256000	7.024300	7.284200	2.878600	1.291500	1.818000	8.382000	9.145700	13.635300	9.319500	12.153600	7.891100	37.212600	33.186000	26.111200	24.942100
301	2.434800	1.437800	0.771600	1.760900	1.528800	-0.602600	0.534800	2.642100	1.867400	1.548200	0.922700	1.213500	0.000000	1.126300	0.431000	1.259500	1.864600	0.852600	0.809400	1.490300
302	4.663800	4.806000	3.331400	4.017400	3.641200	3.924500	4.643100	3.160800	3.831600	3.783100	3.579200	4.137200	2.102400	3.822100	0.000000	2.961000	3.538700	4.017800	3.275500	3.951700
303	3.757400	2.589100	6.237300	4.810500	5.534500	0.000000	11.533000	5.728300	3.970800	3.664900	4.024800	8.060900	8.640100	7.654200	7.932500	6.896200	18.072800	14.709100	13.570300	38.322000
304	1.723900	0.779800	-0.670100	0.000000	-0.277600	1.313100	0.293500	0.120800	0.563000	1.195800	-0.309800	-0.037700	1.374500	0.737300	2.705300	1.423200	4.218300	3.663400	4.084200	12.027800
305	1.133600	0.000000	-0.039700	0.760100	0.326200	2.466600	-0.336700	0.791600	0.267000	1.002300	-0.876100	-0.305000	0.135300	-0.166200	0.118500	0.901900	-0.509400	-0.203300	-0.191500	0.815900
306	2.566200	1.164800	0.201500	0.000000	-0.043300	4.022800	1.355400	0.884800	2.042600	1.481500	-0.086400	1.000800	1.730600	1.160700	2.355700	2.108200	5.909300	11.945600	8.958000	6.203700
307	5.107200	3.579500	-0.383500	1.504300	0.000000	6.260600	4.469100	3.070300	4.199600	3.256400	-0.387200	2.510500	3.969400	2.027700	4.712600	3.376700	10.345100	6.169600	3.237900	2.566200
308	0.959000	-0.106800	-2.334400	-0.244100	-1.549500	2.703600	0.000000	0.689500	0.474300	0.147200	-1.687400	-0.299300	0.247000	0.372600	1.072600	-0.144100	12.122600	6.788100	7.890800	7.377100
309	0.725600	0.004800	-0.636000	0.193400	-0.466700	3.257200	-0.045900	0.000000	0.172500	0.587300	-0.755400	-0.227400	-0.737700	-0.282600	-0.509500	-0.036100	-0.642000	-0.096400	-0.190300	0.146600
310	4.616300	2.751900	1.078200	3.120700	1.845300	5.497400	5.979500	2.421300	3.112700	2.828500	-0.716000	3.060300	2.677500	1.075700	3.957000	3.101700	6.870600	3.878400	-0.077300	0.000000
311	3.721000	1.919700	-0.316200	0.000000	0.383700	3.290400	8.802400	0.935300	2.458000	1.663900	0.319400	5.263300	3.930700	2.782100	4.248900	1.602500	12.742400	8.797400	4.592000	14.226700
312	1.429500	0.004100	-0.338100	2.002200	2.449900	2.416200	0.128600	3.530700	0.753200	-0.169700	-1.228100	-0.181000	0.593900	0.253000	1.079700	0.000000	-1.125600	-1.161100	-1.473300	-0.391400
313	2.311800	1.216000	-0.094600	0.959800	0.288600	8.379300	0.000000	1.403500	2.484600	1.874300	-0.092100	0.561000	1.383600	0.565900	2.214400	1.934300	0.818500	0.564600	0.511200	1.839100
314	4.875500	3.217800	0.000000	4.080700	1.900500	7.014500	2.144100	4.582000	5.267600	3.812400	0.313800	2.804000	4.651500	3.070100	5.669900	3.654400	4.635600	4.635200	2.291200	2.633800
315	2.820300	1.495500	0.879100	2.365800	4.693700	8.559400	1.159500	2.864500	3.018800	2.334400	0.760500	0.000000	3.068900	2.250400	3.965200	1.867000	1.617200	1.218300	1.010200	1.349400
316	0.471300	0.236700	0.000000	0.796500	0.558400	3.628000	-0.379700	1.339200	0.369800	0.967400	0.094600	-0.378800	0.801100	-0.090100	1.452400	0.799600	0.766800	0.556800	0.486100	0.919300
317	1.777600	0.760300	0.128400	2.073400	1.186300	3.931900	0.323000	1.843700	0.375200	0.239000	0.119600	-0.060400	0.854900	0.000000	1.013100	0.382900	0.615100	0.376800	0.125800	1.138100
318	0.000000	3.630600	4.092500	5.823500	5.736800	7.603900	3.433300	7.538400	3.918400	3.957700	4.066100	3.454900	3.790400	3.787900	4.150900	4.072000	4.169200	4.273000	4.329500	3.897900
319	2.985600	2.141800	1.077500	0.000000	1.841600	4.210400	1.627700	0.786000	2.737600	1.551800	0.676900	2.301700	3.093600	3.066500	3.424700	2.892200	2.303900	1.025600	1.039700	2.532700