SITE	GLY	ALA	LEU	VAL	ILE	PRO	ARG	THR	SER	CYS	MET	LYS	GLU	GLN	ASP	ASN	TRP	TYR	PHE	HIS
1	1.742500	1.060700	0.436900	0.363300	0.000000	2.639500	1.664500	0.863000	1.637300	0.806000	-0.142200	0.767600	0.551100	0.645200	1.668900	0.861300	0.636100	1.382800	1.342200	2.020200
2	0.969600	0.940700	0.257400	0.135300	0.053100	0.648600	0.531900	0.000000	0.568900	0.471200	0.371300	0.283400	-0.061500	0.144000	0.078800	0.196500	0.622800	0.416900	0.416800	0.778100
3	0.000000	5.735500	22.439400	17.131000	24.187100	12.525000	21.845400	15.249700	9.213000	10.402000	16.722900	21.971100	22.653400	22.084300	16.610400	17.601500	38.078900	40.488300	38.964600	45.004000
4	0.879800	0.653700	-0.333700	0.024300	-0.515600	1.665100	0.041900	0.000000	0.562100	0.240500	-0.793400	-0.131600	0.075000	0.340000	0.282100	0.274500	-0.582600	-0.167800	-0.261300	0.489800
5	0.618200	0.296900	-1.365900	0.199100	-0.881900	-1.051100	-0.499300	-0.664800	0.000000	-0.176200	-1.613300	-0.606100	0.166400	-0.349800	0.365300	0.276300	-0.483000	0.209300	-0.783100	0.170700
6	0.812800	1.210100	-0.280400	-0.048000	-0.587600	2.683200	0.319200	0.000000	0.347100	-0.274000	-0.198800	-0.663900	0.630600	-0.164200	-2.013000	-1.175900	0.690000	0.723600	0.427800	0.062000
7	2.252000	1.302000	-0.193300	0.000000	-0.179600	2.906000	-0.359600	-0.456100	0.672800	0.577800	0.174600	-0.328600	1.049400	-0.054500	1.226600	0.706100	0.654800	0.420600	0.423400	0.399600
8	0.000000	2.485500	18.964100	11.173300	19.526100	7.415700	25.817400	8.469300	5.465400	5.889400	17.097300	22.507600	22.701800	21.959400	15.788300	14.343200	61.283400	54.504400	50.494300	32.449700
9	2.207200	1.632900	-0.071400	0.000000	0.016200	1.972200	1.099700	0.961900	2.080700	1.126200	0.301700	0.446300	0.798100	0.614100	2.253000	2.004100	1.066300	1.305300	1.261200	1.692800
10	0.000000	3.252700	11.501300	10.498000	18.329100	7.328200	19.996800	8.331900	4.835500	6.715400	11.177800	14.632100	13.432600	12.848900	9.835900	8.594500	30.995800	24.042600	18.991800	46.094200
11	1.766600	0.947500	-0.772200	-0.797300	-0.824500	5.090300	0.000000	0.364200	1.404200	0.665200	-0.550600	-0.334100	0.732900	0.193300	1.901200	0.811000	-0.519600	0.466000	1.036600	0.251300
12	0.000000	4.058800	4.720700	4.051500	3.585200	1.757200	3.704400	5.200600	4.046500	4.878900	3.018600	3.904600	8.242200	4.881100	7.298400	4.828300	10.319800	8.068400	4.821900	10.220400
13	3.823500	1.858000	-0.228100	0.000000	-0.661100	3.177700	1.976200	1.552700	2.961700	2.207200	0.781400	1.785200	3.287600	2.436700	5.116800	2.489500	11.542300	19.444600	9.905500	13.759300
14	1.465000	1.472000	0.000000	1.434800	1.273800	1.125500	-0.123300	2.146000	1.638900	1.366600	0.431900	0.980900	2.079000	1.097200	2.059700	1.455000	1.697600	1.746600	1.765900	1.113300
15	0.000000	3.349700	3.514900	5.170500	4.982200	5.970600	3.046700	5.348800	3.734600	3.595000	3.081100	2.979500	3.537200	3.571700	3.795200	3.733600	3.386300	3.572100	3.551700	3.706000
16	0.367300	-0.187100	-0.815300	-0.204200	-0.499000	-0.542000	-0.617000	-0.285200	0.085300	-0.256400	-0.828400	-0.400500	-0.165900	-0.063400	0.000000	0.103000	-0.405400	-0.276700	-0.391500	0.237300
17	1.554500	0.631100	-0.774500	-0.095600	-0.808400	0.038900	-0.310900	0.493500	1.111000	0.252300	-1.189800	-0.410800	-0.048200	0.000000	1.216000	0.400200	-0.749500	-0.541200	-0.933400	0.663200
18	2.140400	1.388000	-0.103400	-0.137200	-0.258000	4.611400	-0.539800	0.746800	1.952900	0.994000	-1.204700	0.000000	1.637000	0.383100	2.103800	1.949800	-0.502300	0.489000	0.062000	1.228400
19	1.476500	0.727000	-0.200500	0.797700	0.565800	0.226800	0.088000	0.888100	1.013100	0.817900	-0.702900	-0.094200	0.370500	0.341200	1.046000	0.000000	-0.533500	-0.306800	-0.415300	0.603000
20	5.339700	3.933300	-0.379700	0.506600	0.000000	4.843800	6.308700	3.321000	4.720100	3.033500	-0.058500	4.768900	4.852900	3.681800	5.160500	3.236300	16.519300	10.272000	6.525700	7.877000
21	1.310900	0.384600	-2.128100	-1.012000	-1.716800	-0.625800	-1.098800	-0.065900	0.665900	-0.071700	-1.733900	-0.880300	0.547400	0.073100	1.078400	0.000000	-1.980100	-1.653100	-2.031200	-0.594000
22	3.325000	2.309600	2.786000	1.084600	2.372700	4.579700	16.907500	0.000000	1.882200	0.912000	3.978100	8.904200	8.323500	6.249800	3.813300	1.554100	34.946800	20.847200	16.235600	43.460400
23	3.924400	2.455800	1.654200	2.115700	2.334600	6.364100	7.470800	0.000000	1.658800	2.117200	2.694800	5.263700	5.943300	5.070500	2.936000	3.220200	24.167600	11.883600	14.555400	32.581000
24	2.878600	1.474600	-0.474000	0.955900	1.728500	3.776300	0.857900	1.855200	1.290500	0.499900	-0.354500	-0.215100	0.251000	0.354400	1.943200	0.368100	1.013300	0.000000	-0.406100	0.597800
25	0.795800	0.310800	-0.705200	1.527400	1.261600	5.123100	-0.690000	1.685200	0.000000	-0.583400	-1.109500	-0.139800	-0.063900	-0.514600	-0.288200	-0.028200	-0.837300	-0.835700	-0.888000	-0.113900
26	0.059800	0.031600	0.865800	-0.145800	-0.432600	2.531200	-0.429300	0.000000	1.362500	1.222000	0.726500	0.385100	0.886600	0.547000	0.011100	0.758600	0.592900	0.810600	0.800600	0.769800
27	1.611200	1.079800	-0.015700	2.357900	1.538000	2.294100	0.254900	2.483300	1.655200	1.120000	0.206500	0.011400	1.171000	0.298500	1.677700	0.654400	0.503300	0.000000	-0.083800	0.482400
28	3.598200	2.614100	1.197700	0.158800	-0.147700	3.570400	2.579700	2.187000	3.159300	2.212600	0.269000	1.754800	3.874000	3.164800	4.212300	1.919200	0.761200	0.000000	-0.359000	2.395300
29	5.306000	4.061500	2.607600	3.455000	3.656900	5.862000	3.888100	4.207200	4.339000	3.590500	1.899200	3.241100	5.524000	4.600000	6.021900	3.604600	0.195600	0.000000	0.299400	2.898100
30	5.748500	3.767100	0.000000	5.203900	5.484300	3.796300	6.867500	5.753700	4.971200	3.907700	0.056900	3.946900	4.256300	3.302200	3.371100	4.033800	10.469000	4.392400	1.323800	13.947500
31	2.186200	0.659200	-0.339700	-2.489000	-2.657800	5.590300	1.310300	-0.539800	0.750500	-0.550000	-1.322700	-0.903500	0.602200	0.000000	0.989100	-0.335900	5.751500	1.390300	0.614800	2.396900
32	3.800700	2.397500	1.618600	1.983000	0.676600	7.619600	5.142200	2.465700	2.519300	1.943400	2.055700	5.778600	1.206100	3.562600	0.000000	2.396400	15.448800	11.802300	10.208700	9.949600
33	1.812800	1.631400	0.512000	1.858200	1.503800	-0.200700	1.954800	1.774500	1.755200	1.481400	0.840600	1.686200	1.476600	1.414500	1.067000	0.000000	1.781700	1.661400	1.786900	2.042600
34	1.479300	0.678500	0.679000	1.434100	1.247700	0.942300	0.833000	0.000000	-0.301800	1.188800	0.484500	0.751800	0.824000	0.810300	1.387600	1.393900	1.030500	0.728600	0.222200	1.805200
35	5.349900	3.593800	1.602500	3.855300	5.713800	4.367000	0.000000	3.094800	3.561900	3.030200	1.434600	1.516700	5.090600	2.558200	5.182500	2.402700	2.509600	0.386600	0.893900	1.753500
36	0.000000	4.268300	9.800500	11.387200	9.938300	8.827600	17.321800	11.356700	6.013000	5.964800	6.716000	11.487500	18.939900	10.340100	14.166500	10.623400	20.029100	30.437700	24.959300	71.244400
37	0.595600	0.393300	-0.043800	1.444200	1.053900	3.645900	-0.173700	1.744300	0.337000	0.698000	-0.103200	-0.236900	0.241400	-0.015300	0.000000	-0.062700	0.729400	0.214300	0.045600	0.671700
38	0.000000	4.596100	6.844300	11.342500	13.155800	10.380600	5.660800	10.740900	5.461400	5.003600	5.854800	6.247200	7.566400	7.624300	8.855400	7.071800	14.315200	16.729900	14.633300	11.363800
39	5.680400	4.334700	0.371200	1.232600	0.000000	3.646100	5.495700	3.531300	5.119900	3.470500	0.144700	3.700500	4.356600	3.854600	4.814000	3.191600	15.649800	9.481600	4.117900	2.715100
40	3.738600	2.417300	0.361500	0.518400	1.126500	5.172600	1.099900	2.210900	2.516200	2.131400	0.472900	1.249800	2.139000	1.737100	2.541500	2.253500	1.095000	-0.802300	0.000000	2.206000
41	4.605100	2.603300	-0.026800	-0.464800	-0.318700	7.469900	6.078300	0.000000	3.089900	1.929700	0.894600	5.450700	5.163400	2.519100	3.488700	2.250500	21.179100	13.426200	9.872300	19.215600
42	4.252300	3.529400	2.024600	5.150900	5.826400	6.091800	3.156500	3.973400	4.741300	3.373000	1.114500	3.022200	4.898100	3.837600	5.768700	3.877300	2.074500	0.000000	-0.284900	2.732300
43	5.273800	4.083800	1.847100	3.843800	3.650300	6.748900	3.358100	4.290700	4.532900	2.962500	1.866300	2.638300	2.354100	2.933800	0.000000	2.501300	23.453900	14.163800	12.498000	15.221000
44	1.134600	0.000000	1.645800	1.056000	3.677500	4.147300	12.069400	2.261100	0.584400	-0.057600	2.884700	6.634800	8.020800	6.339800	4.906800	1.261400	25.611500	28.036100	21.219400	26.274500
45	0.575600	1.151900	0.954400	2.781100	2.779100	6.110200	0.239300	2.834500	1.971800	1.379900	1.067800	0.000000	1.630400	0.337400	2.146600	0.913200	0.683600	0.447500	0.109700	0.572200
46	-0.156400	1.184700	0.041900	3.036700	2.952900	4.847800	0.656000	2.514500	0.770200	1.084700	0.017000	0.026100	0.690500	-0.250300	1.571900	-0.251400	0.278700	0.000000	-0.284500	0.229600
47	0.833900	0.780000	0.329700	1.214600	1.141000	4.755500	0.000000	-0.224100	0.240900	0.741500	0.118400	-0.058000	0.752100	-0.019600	0.504100	0.656000	0.547700	0.033500	-0.023100	0.316500
48	0.176800	0.046900	-0.600000	0.568200	0.219600	-0.451500	-0.694300	0.000000	-0.316500	-0.189200	-0.188300	-0.381600	-0.114700	-0.644400	-0.177200	-0.155400	0.039900	-0.001700	-0.016200	0.122300
49	0.203100	0.099900	-0.219600	0.034800	-0.207500	0.921200	-0.600500	0.000000	0.072200	-0.146400	-0.213500	-0.612200	-0.072500	-0.294700	-0.134600	-0.060300	-0.254500	-0.393400	-0.479000	0.223000
50	2.707200	2.297100	0.000000	1.964600	1.528500	2.170600	1.356200	2.076700	2.767200	1.954100	0.242000	1.856200	2.395000	1.563300	3.280400	1.165300	2.263400	2.163100	2.133300	2.091900
51	1.557800	2.844800	3.025000	3.943600	4.509500	0.000000	3.327100	2.644600	2.376000	2.341300	2.923500	3.248300	3.150400	3.283500	3.671000	2.809200	3.309600	2.865600	2.941300	4.031600
52	0.000000	6.599600	21.061200	19.071500	22.395600	13.975200	17.484800	18.522000	11.379000	10.665900	15.149000	17.121100	16.894100	18.142500	20.396400	17.391300	47.646200	34.362800	32.892000	52.849700
53	0.109800	-0.241500	-0.645400	-0.284900	-0.645200	1.866200	-0.395200	-0.339900	0.000000	-0.219700	-0.586500	-0.611000	-0.275000	-0.149600	0.105900	0.137900	-0.834900	-0.761300	-1.040100	0.059800
54	3.743600	2.719000	0.000000	1.570300	0.486300	1.731700	2.531700	2.208600	3.366200	2.090700	0.372700	2.163300	1.783400	1.828300	3.338100	3.195500	3.696500	7.257300	5.013100	1.680300
55	4.869900	3.526500	1.193800	3.285000	3.520500	7.676200	2.913100	3.898900	4.492400	3.441700	1.326000	2.603300	4.902400	3.224800	4.946000	4.019700	0.000000	0.180200	1.181000	4.009200
56	0.875000	0.000000	-0.843100	0.562800	0.262100	1.176600	-0.498500	-0.544400	0.497700	0.055900	-1.023100	-0.805100	-0.190800	-0.743500	0.582800	-0.625400	-1.037500	-0.710400	-0.666100	-0.074500
57	-0.243600	-0.696300	-0.087900	-0.553800	-0.242600	4.940800	-3.165600	0.393500	-0.073200	-1.348800	-1.285500	-2.183900	0.473400	-2.811600	0.000000	-1.890400	2.280100	2.072700	0.311100	1.396900
58	0.183600	0.000000	-0.307100	0.460500	0.087000	-0.896900	-0.204100	0.283500	0.264200	0.378100	-0.483800	-0.204500	-0.416400	-0.185500	0.235500	0.038900	-0.758300	-0.341700	-0.112900	0.324100
59	-0.164100	0.170600	-0.177200	0.018400	-0.238200	1.336800	-0.569200	0.245900	-0.092600	-0.004900	0.240100	-0.487600	0.313200	-0.096900	0.000000	-0.311600	-0.006700	-0.235400	-0.265400	-0.161300
60	1.305900	3.329000	4.162700	5.369200	5.829700	8.444800	2.330700	7.311700	3.046500	2.866300	2.095500	2.097900	3.997700	4.145400	2.273500	0.000000	37.160600	16.585700	16.462200	48.776300
61	1.695100	1.027500	-0.438100	0.343700	-0.801700	4.769800	-0.275300	0.503500	1.306400	0.580800	-0.339800	-0.446900	0.256000	0.000000	1.304600	0.847800	0.133100	-0.739200	-0.817700	0.051200
62	4.044600	4.179600	0.942900	4.143900	5.409800	5.132100	2.958000	5.294300	4.701800	4.170600	1.408700	4.195000	5.720500	4.058900	6.884100	4.021100	4.195900	1.429600	0.000000	3.164300
63	2.747200	2.634700	1.181900	2.526900	2.111600	1.864800	2.099000	2.634300	2.800800	2.476100	0.547200	1.944500	2.437000	2.470000	3.062700	2.586400	1.768600	1.881200	0.000000	2.495800
64	-0.117800	0.000000	0.344600	1.320000	1.258300	2.399900	-1.258400	0.653700	0.065100	0.504900	0.402400	-1.206200	0.756300	0.148700	0.471500	0.004200	0.710600	0.386400	0.413200	0.418900
65	0.014900	-0.050600	-0.179100	0.061200	0.091100	-0.438900	-0.285800	0.039500	0.000000	0.143900	-0.685000	-0.371800	-0.211300	-0.118200	0.000200	0.054700	-0.993800	-0.197300	-0.173900	0.279300
66	1.768800	1.305500	1.595400	1.797100	1.984100	0.960800	0.704100	2.186700	1.799100	1.667800	1.251200	1.066000	0.600700	0.827200	1.617000	1.821600	1.637500	0.000000	1.032300	1.742700
67	0.820500	-0.409000	-0.741200	0.674300	0.622700	-0.808400	0.057500	0.946700	0.541800	-0.142100	-1.214000	-0.899600	0.577800	-0.524000	0.000000	0.320100	1.120000	-0.247400	0.392500	-0.177600
68	-0.045700	0.000000	-0.435000	1.896300	2.570300	4.148600	0.102600	2.164500	0.093500	0.493200	-0.026400	-0.218300	1.838900	1.032100	2.841200	1.938100	1.446200	2.501900	1.177000	1.433000
69	4.608600	3.080100	3.720500	2.238900	1.448200	0.000000	5.406800	3.871200	3.787300	3.516800	4.515600	5.253200	3.738200	3.383500	4.334700	5.589000	19.445800	8.630000	8.799100	12.688600
70	2.106700	0.000000	10.079600	3.528600	6.357500	1.387700	21.634100	5.222700	0.796600	2.349300	3.110400	12.298000	9.361100	7.014400	8.086000	9.856400	43.258000	35.507000	23.763900	48.720200
71	3.206300	2.020900	0.673400	0.000000	0.261400	3.591000	8.674200	1.675400	2.981000	2.309000	1.861200	2.183600	5.060500	2.828900	4.609100	1.603300	15.680400	17.614700	12.132700	3.320100
72	2.424700	1.133200	0.513800	3.107400	2.940900	5.617400	2.837200	2.705400	3.064900	1.787100	-0.779300	1.503300	1.093200	1.331900	0.000000	2.146800	0.559300	2.694500	1.519800	3.749300
73	1.863000	0.000000	3.950200	3.435600	4.794200	9.557200	9.365800	3.555500	1.025800	1.651800	3.579500	9.211900	7.066200	5.905600	4.963900	4.032000	21.886100	16.527900	12.406500	29.775300
74	4.317100	2.542400	0.013800	3.308400	2.594900	10.773600	3.163600	3.109900	3.635000	2.734200	0.083900	1.273600	5.173400	2.103800	5.171000	2.684100	12.992500	9.158500	1.376500	0.000000
75	2.343100	0.982500	0.223900	1.361500	1.209500	5.679900	1.048300	1.181000	2.418300	1.731400	-0.106000	0.705200	1.612800	0.880600	1.816900	1.446000	-0.467400	0.000000	-0.149000	1.473200
76	4.665500	2.780700	0.187200	2.716400	2.418000	7.790900	2.262200	2.338900	3.518600	3.194600	0.417500	1.314700	4.755900	3.713400	5.423500	3.126000	2.702000	0.000000	-0.428400	2.500500
77	1.994500	0.000000	-0.327700	0.237800	0.840600	3.245900	4.965600	-0.299800	0.715000	1.076000	-1.201700	2.741300	2.582700	-0.753000	0.943800	0.763600	12.821500	12.056200	8.322100	6.950900
78	0.000000	-0.689500	-1.984800	1.776800	1.429300	2.008400	1.046000	1.184600	-0.271600	-0.684900	-2.111800	0.667900	1.066400	-0.000400	4.019100	1.526000	10.561300	10.707200	4.258500	3.158100
79	2.969000	1.421200	-0.994400	0.000000	-0.597900	2.475600	0.055100	1.714800	1.576700	1.417900	-0.619200	-0.334700	1.010000	0.757500	2.421000	1.051300	0.415800	-0.243500	-0.147100	1.551400
80	2.418000	0.434500	-0.182900	-1.744900	-1.220600	1.387300	8.114900	0.000000	1.265700	0.439700	-0.927000	1.506000	1.452700	0.582400	2.554600	1.728700	-0.040100	3.710200	2.609400	5.331900
81	4.655600	3.164000	1.105000	2.469200	3.083800	6.918900	3.665000	3.537400	3.912500	3.606100	1.200300	3.364400	4.150100	3.099800	4.819800	3.245100	0.993300	0.000000	0.630400	2.361900
82	2.234500	0.733900	-0.048800	1.622200	0.081700	4.927900	0.992100	0.840100	0.339200	1.236200	-0.160800	0.970800	-0.163500	0.373300	0.000000	-0.005600	2.309900	0.033100	0.469100	4.202000
83	7.172600	5.207900	2.974100	5.394600	5.468200	9.983300	4.581600	5.026800	6.029200	5.398100	1.508800	4.582900	5.695700	4.087600	6.662500	4.771300	2.210300	0.000000	0.489900	3.439300
84	5.126500	3.982100	1.287900	4.526400	3.775500	7.544300	3.240000	3.868800	4.336500	4.135000	0.755900	3.480400	4.654600	4.175000	5.081300	3.904300	-0.148400	0.000000	0.503000	2.767000
85	2.334300	1.166500	0.364400	0.469300	1.611200	5.594200	-0.637400	1.138300	1.902800	1.519800	0.308400	0.000000	2.019900	1.026700	3.122200	1.723300	1.042200	0.901800	0.813400	0.897700
86	1.358300	0.331500	-0.110800	0.468400	-0.069700	3.996600	-0.730000	1.387000	0.978100	0.447300	-0.173400	-0.807200	0.513900	-0.139900	0.458800	0.000000	0.202300	0.045100	-0.040400	0.645700
87	1.085200	1.046000	-0.555400	0.000000	-0.799600	3.316900	-0.254100	1.334100	1.578700	1.213600	-0.433300	-0.718900	0.398000	0.602700	0.914100	1.304300	-0.652700	-0.192800	-0.401700	0.491200
88	3.531900	2.897500	-0.122700	1.249500	3.407600	3.833000	3.168800	1.420200	2.356800	1.984400	-0.278200	2.183300	2.724700	2.065100	3.003600	1.974000	0.008200	5.501600	-0.312200	0.000000
89	-0.536500	0.949400	0.774200	2.464300	3.582400	5.144500	-0.423400	1.762600	0.294500	0.814600	0.850700	-0.432300	0.828700	0.148300	0.795300	0.000000	0.562600	0.494500	0.492300	-0.013200
90	3.001500	2.197600	0.218300	3.992900	2.967300	11.841600	0.000000	1.157800	2.141700	1.818700	0.303200	1.522800	2.204000	1.691000	4.536700	2.974300	2.578000	0.554600	0.527300	2.668500
91	1.097800	0.752100	0.000000	2.076700	2.587200	0.260000	0.407900	1.950500	1.587600	0.785400	0.365000	0.603900	0.077800	0.543000	0.299800	0.334500	0.752600	0.319600	0.216800	0.349600
92	-2.120700	0.094600	3.826600	3.449100	4.348000	8.827700	8.310700	2.286600	0.000000	0.507400	0.892800	1.996400	5.596300	4.590500	3.662700	2.702200	21.533600	11.089300	8.310600	6.749800
93	4.641500	3.248400	2.501300	2.155000	2.172400	2.010700	3.354300	4.083800	4.762000	3.799800	0.457300	2.639800	3.874500	2.757500	5.588800	4.635800	0.761200	0.000000	0.136600	3.446200
94	0.584500	-0.190700	0.093100	-0.204900	-0.426000	0.890100	-0.123900	0.279600	0.047300	-0.169900	-0.818000	-0.565400	-0.270400	-0.098700	0.000000	-0.089200	1.165900	0.772400	0.622900	1.233900
95	0.000000	2.913100	3.068000	6.026200	6.523700	10.585900	3.256400	5.695900	3.489900	3.453300	2.429200	3.371600	3.107600	3.284300	3.456700	3.440400	4.055800	3.461500	3.153200	3.547100
96	-0.590900	0.106700	0.673400	1.042600	0.789400	4.139000	-0.459200	0.776700	0.336200	0.338300	0.569900	-0.390200	1.075200	-0.198900	0.722500	0.000000	0.843700	0.457600	-0.043700	-0.253500
97	-0.265600	1.085800	0.127000	3.552300	5.165200	4.188400	0.245800	3.155100	0.911600	1.092800	0.109700	-0.103000	0.834200	0.141700	0.454100	0.000000	4.802000	4.348100	4.311100	3.566600
98	-0.173500	0.000000	-0.590900	0.666700	0.280100	1.222100	-0.624700	1.576700	0.761700	0.512600	-0.479500	-0.675500	0.230300	-0.062100	0.722900	0.157700	0.684900	-0.007100	-0.139200	0.320100
99	1.202500	0.000000	-0.236200	0.131000	-0.228100	-1.316600	0.363200	0.274400	0.641800	0.650000	-0.618300	0.226600	0.124800	-0.222500	1.282400	-0.817500	0.898700	0.722500	0.598000	0.898900
100	5.391200	4.062600	0.548700	1.418200	0.000000	5.229800	3.205700	3.298300	4.860700	3.211900	0.122900	2.938000	4.379900	2.759900	5.033500	3.236500	4.842500	5.863100	4.012700	3.112000
101	3.528100	2.250900	0.091500	1.636300	1.871800	2.123500	0.000000	1.786300	2.924500	1.689100	0.213600	0.076600	1.723100	0.998000	1.821000	1.931600	0.187300	0.227900	-0.161000	0.933500
102	1.469600	-0.267100	-2.249100	-1.163600	-2.626800	1.493000	2.506500	0.842800	0.000000	-0.428500	-2.077900	5.147200	0.777400	-2.416600	2.062500	-0.108100	15.054300	8.258400	2.362400	3.597800
103	0.649000	-1.233300	-1.069300	-1.980800	-1.616600	0.954300	7.836900	0.138900	0.000000	-1.453400	0.283300	6.666600	4.243000	1.467700	4.154000	2.701400	26.377200	17.167900	15.151500	29.850200
104	4.404200	3.228600	2.316700	0.000000	0.791000	2.593400	10.446400	1.807300	3.693800	2.665900	2.357700	7.974200	4.488600	4.886500	4.505200	3.550800	24.596400	17.487500	11.519800	18.993200
105	1.533700	1.509900	-0.509100	1.848300	1.645600	7.126900	1.019900	3.917600	2.153200	1.193000	-0.889500	0.689700	3.626700	1.042600	3.775800	0.500500	-0.841600	0.294500	-0.665200	0.000000
106	5.312200	3.590200	1.823000	1.816600	2.829300	7.625400	3.228500	3.253700	5.076800	3.306800	1.296900	1.669100	3.568100	3.980700	3.846100	3.075600	0.631300	0.000000	-0.862600	3.265200
107	-1.801500	-0.301100	-0.903600	0.138700	-0.324900	10.722800	-0.859200	0.357300	0.000000	-0.870900	-1.185900	-1.150500	-0.280100	-0.446800	-0.022900	0.380500	0.035200	-0.205900	0.233700	0.433900
108	1.097800	0.857400	-0.040500	0.230400	0.019700	1.854600	-0.249200	0.271200	0.700800	0.480900	-0.282900	-0.057400	0.420900	0.000000	0.442300	0.492600	-0.608500	-0.418200	-0.512700	0.301200
109	0.000000	1.095500	0.656800	3.064000	4.652200	3.384900	-0.110600	2.117500	1.347500	0.923200	0.749200	-0.255900	0.830300	0.409700	1.124000	0.334900	0.797500	0.531400	0.331700	-0.009600
110	2.187000	1.673400	0.949400	1.629100	1.771200	3.849500	1.362500	2.661600	2.459800	1.550100	0.380300	1.186300	2.028700	1.686900	2.364400	1.016800	1.054300	0.000000	-0.237000	1.510000
111	0.674500	0.602000	0.936200	1.980500	1.717700	-0.672800	0.355400	2.133300	1.447800	1.934700	0.532300	0.224500	1.590200	0.622500	1.327700	0.000000	2.319500	1.331100	1.244000	1.375300
112	-0.796900	0.213300	0.983600	3.324100	3.161600	4.736000	-0.102900	2.176500	-0.092500	0.441900	0.564500	0.120700	1.242500	0.267200	0.314600	0.000000	0.850900	0.942400	0.553600	1.450000
113	1.716900	0.000000	2.321000	0.095900	2.021500	-0.074400	2.561100	-0.561400	0.014300	-0.132200	-0.028000	2.244700	3.376100	2.715900	6.486300	3.014900	9.110500	2.867600	3.992200	33.265200
114	2.016700	2.160200	1.815000	3.483700	3.744200	3.495900	2.026000	3.036100	1.848600	2.230300	0.816600	1.690700	2.900300	2.439200	2.744800	2.847100	1.806600	0.792900	0.000000	2.422900
115	2.638400	1.874100	0.462900	1.988600	1.660200	0.767400	1.992000	1.590900	1.703500	1.014200	-0.425600	2.836200	4.114000	1.549300	3.269200	1.196400	0.000000	-0.099700	-0.938200	2.684500
116	-0.006800	0.265000	-0.616400	0.536700	0.178100	1.223000	-0.425900	0.567700	0.539100	0.197600	-0.574000	-0.715200	0.353000	-0.020500	0.049300	0.000000	0.330300	-0.233300	-0.477600	1.025600
117	0.000000	3.670900	4.168200	5.476700	5.357900	3.425000	3.565400	5.190400	3.928900	3.976300	3.917100	3.809600	4.222700	3.753000	4.429000	4.030800	4.020800	3.983600	3.985400	4.074600
118	-0.774900	0.118200	-0.175000	-0.715600	-0.626700	2.173500	-0.234300	-0.474400	0.000000	-0.029100	-0.412900	-0.668200	-0.025100	-0.533300	0.115300	0.017400	-0.623200	-0.178300	-0.375300	-0.014200
119	0.832600	0.573400	-1.652500	1.422500	0.719100	2.279800	1.046200	1.831400	0.825300	-0.177400	-2.225100	-0.320100	0.000000	0.133600	1.420300	0.124100	-1.159500	-1.095400	-1.877600	0.616800
120	4.109800	3.077500	-0.191800	1.861000	0.902200	3.296900	4.103400	3.156200	3.772000	3.063500	0.000000	2.192200	3.497800	2.189100	5.499400	3.915600	5.320000	2.952800	1.917600	15.697000
121	4.462600	2.759600	0.254100	0.000000	-0.683300	7.464800	5.082700	2.356100	4.023000	2.567400	2.160100	4.363800	6.576800	5.719300	4.842600	2.571700	11.829000	7.168800	3.093800	4.658500
122	5.534500	4.118600	1.967700	1.320300	0.394900	6.896400	4.127900	3.125800	3.788600	3.033200	0.838500	3.888900	5.377000	3.864800	5.480300	4.306400	0.792500	0.000000	-1.081100	2.902300
123	0.000000	4.696000	21.363200	13.917800	19.052400	8.472800	24.427900	11.590100	6.715700	9.549000	16.552000	21.486100	20.712800	19.841100	20.803300	18.853200	62.013700	48.086600	47.059000	33.499600
124	0.913600	0.682100	-0.990800	0.674200	0.569200	-0.794200	0.809900	0.973400	1.012600	0.103900	-1.015400	0.379600	-0.213800	-0.048300	0.000000	0.012800	0.437200	-0.031000	-0.296900	1.026900
125	0.000000	8.631700	32.697800	26.374600	32.746500	19.239600	23.999600	24.818000	13.693000	15.294500	23.448100	25.756500	30.549900	28.617600	29.022200	26.394200	44.615400	37.437500	37.411000	57.091000
126	2.882800	2.938900	2.922200	3.443000	3.105000	1.877300	2.339100	3.762800	3.024600	2.696200	2.896200	2.814300	2.940200	3.085300	0.000000	1.410200	3.642800	3.055500	2.988500	3.297500
127	0.000000	3.160400	2.831700	4.758900	4.330200	9.034100	2.398700	4.042800	3.021400	3.164500	2.328700	2.725200	2.965400	2.936700	3.304500	2.573700	2.898600	3.289200	3.323600	2.720400
128	-0.176200	0.411000	0.039000	0.520500	0.647400	5.370400	-0.373500	0.424400	0.645100	0.636700	0.122100	-0.124500	0.351900	0.000000	0.572200	0.096400	0.074000	-0.106200	-0.137000	-0.554900
129	1.712700	0.692300	0.082100	0.781200	0.508400	3.002700	-0.785900	0.000000	0.876500	1.079400	-0.088700	-0.212400	1.264400	0.110500	2.180900	0.726300	-0.330400	-0.166400	0.457900	0.880700
130	4.137600	3.136900	1.517600	4.034700	3.935500	4.984400	3.310000	3.172600	3.221500	2.953300	1.408500	2.618800	5.663300	3.059800	6.061000	2.865000	2.026500	1.204700	0.000000	2.363000
131	1.861900	1.507700	0.257200	0.352700	0.000000	1.717800	-0.617100	1.602000	1.353500	0.893400	-0.696800	0.397900	1.306200	0.948700	1.919400	1.410300	0.701800	0.328800	0.269400	2.952800
132	3.968500	2.450600	2.639300	2.577600	2.027000	0.000000	2.317500	2.129600	2.297800	2.325400	1.589700	1.593800	2.454500	2.035100	4.832100	3.217200	4.073400	3.168000	2.418400	1.652100
133	3.684400	2.072300	0.000000	2.643700	2.512100	1.968100	0.829800	2.156400	3.155200	2.419300	-0.084300	2.178400	3.975000	2.008900	4.712600	2.338000	8.318300	7.269300	5.209800	8.672800
134	1.259800	-0.078200	4.122200	2.022200	6.992500	-2.829900	10.987700	4.348400	0.000000	-0.092500	1.929800	4.605700	3.403200	3.272300	3.095800	2.046700	32.741000	20.993200	24.190100	33.681200
135	0.000000	1.340400	8.108200	5.168300	9.040600	9.952100	9.025100	7.539600	4.086900	3.409600	7.646300	8.273400	13.068500	10.531000	13.167800	8.789700	20.817600	52.753800	20.350200	50.722300
136	0.000000	-0.594900	2.318100	1.934100	3.665000	6.080600	0.995000	1.047700	-0.603900	-0.483600	0.492600	2.731800	4.105500	6.573700	2.760800	0.951100	11.338500	6.727300	9.610300	45.537800
137	2.064800	0.794400	-2.471800	1.072900	0.000000	0.087600	3.520100	1.128500	1.863700	0.813900	-0.750100	4.700400	3.793000	1.792800	3.846600	1.940500	14.482700	6.520400	3.654300	9.217700
138	0.288000	-0.967600	-0.693000	-1.800500	-1.628800	-0.345500	-0.004000	0.356600	0.553700	-0.689900	-1.559000	-0.933500	-0.432300	-0.701600	0.000000	-2.252000	8.844200	4.222100	-0.499300	0.095900
139	2.790800	1.469500	-1.103700	0.000000	-0.475900	2.809900	-0.914000	1.329900	2.644700	1.588600	-0.574300	1.171500	2.871900	0.470500	3.689800	1.281900	-0.098900	2.137600	-1.600200	1.439300
140	3.730400	2.023000	0.131100	0.000000	0.967000	4.372700	7.315100	1.044300	2.439600	1.877300	-0.386300	1.766100	2.284100	2.922900	4.069800	0.549000	14.199000	10.571800	7.223400	4.154100
141	2.013800	0.000000	6.935500	4.855300	3.005800	5.885900	15.005200	3.740500	2.397200	3.256200	4.416900	7.298300	6.319900	6.633900	8.376900	6.785800	20.714900	15.943900	13.724200	27.120700
142	1.597100	0.339200	0.676500	2.111100	2.033600	6.964500	-0.850000	2.286800	1.351000	1.400900	-0.273300	0.118000	4.704800	1.528700	6.040300	1.785300	2.496700	2.752600	1.929600	0.000000
143	1.054600	-0.414000	-2.105700	-1.466700	-1.820300	4.620100	0.636900	-0.131300	0.113200	0.054200	-1.233500	0.667700	0.000000	-0.433900	0.877900	-0.749500	4.944200	4.539800	2.238100	26.221800
144	3.990700	2.658700	0.000000	1.190600	0.054100	5.566500	4.080700	2.887300	3.367900	2.737600	-0.487400	2.870900	3.241600	1.939500	4.349300	2.579500	1.863000	0.503800	-0.654100	1.747700
145	3.432700	1.664400	1.873200	0.545200	1.400300	3.154200	5.741300	0.000000	2.483500	1.569500	-0.380200	2.673900	2.128800	1.907900	1.730000	1.547800	9.296600	11.054400	11.158500	11.109200
146	0.343400	-0.448700	-1.563700	-0.720700	-1.064500	0.933700	-1.220700	0.275800	0.497400	0.018700	-1.624800	-0.536300	1.396000	-0.835100	1.819800	-0.142300	-0.648300	-0.463300	-1.062200	0.000000
147	1.993700	0.000000	11.375700	7.362400	14.084000	4.517800	13.522600	5.015500	1.014300	3.988000	8.976900	13.344600	13.084200	12.354400	15.572700	13.597600	17.065400	17.349800	13.718600	14.227400
148	3.365900	1.925400	-0.998600	0.000000	-0.617500	2.531800	6.572100	1.336100	3.675800	2.164800	0.085200	2.300500	2.006400	2.180900	2.840300	2.054200	5.534600	7.614300	4.101300	3.338100
149	2.686500	1.155600	-1.965900	-0.838800	-1.643400	2.524300	6.383500	0.000000	1.223800	1.084500	-0.420600	3.883300	3.923200	1.544000	2.267400	1.663900	18.862300	8.232000	5.623500	14.931900
150	-0.272500	-0.411200	-0.472800	0.511400	0.415600	3.321400	-0.218800	0.474500	0.082000	0.496700	-0.580200	-0.087800	-0.210200	-0.446100	0.000000	0.525000	-0.445500	-0.084300	-0.197600	0.522600
151	1.181800	0.587100	-0.054300	1.079000	0.581100	2.012200	0.278600	1.032600	0.565100	0.281100	-0.213300	-0.001200	1.183200	0.766600	1.869800	0.411000	0.721100	0.000000	-0.192700	-0.195600
152	0.329000	0.731600	0.464300	0.073500	1.142700	3.419500	-0.466300	0.000000	-0.535100	0.872000	0.139600	0.817600	1.393000	0.571900	1.902700	2.176100	4.356300	4.602700	2.510700	1.611300
153	1.621300	0.000000	4.007800	1.365700	3.782700	-0.488000	14.974900	0.835000	0.665000	1.230100	3.098200	8.047100	9.320900	6.058000	4.171700	2.402700	30.849700	24.260400	20.148800	41.890700
154	0.000000	2.672400	2.451400	3.847200	4.369900	10.283400	1.578700	4.248900	2.084100	2.378100	2.503600	1.416300	2.798200	2.014400	3.525300	2.376200	3.260700	2.760100	2.622700	1.526800
155	4.275300	3.112000	0.000000	2.665100	3.433300	1.733100	5.287500	3.891500	3.696300	3.300700	-0.073600	4.262200	3.636200	2.566700	4.899200	3.513300	7.157000	10.238800	6.276000	3.751600
156	1.198600	0.291600	0.124200	0.412200	0.000000	4.836000	0.261000	0.710200	0.631800	0.815100	0.011600	0.251400	-0.221700	0.226100	0.349500	0.699300	0.223800	0.015100	-0.038700	0.722700
157	3.451600	2.895800	2.615700	4.573200	4.440500	2.302200	3.222200	4.198100	3.307800	3.571500	2.809300	1.428900	3.554300	2.544700	2.988800	2.678200	3.750200	0.000000	3.204700	3.811100
158	-0.202500	0.405900	-0.027900	0.835400	0.306200	5.384100	-0.335800	-0.649700	-0.479600	0.137900	-0.062900	-0.158300	-0.159300	0.000000	0.947200	0.594500	0.954700	-0.222300	0.681700	0.977700
159	-0.560900	0.563000	0.859700	2.871700	2.586500	6.585800	0.816100	2.465800	0.193400	0.627800	0.680700	0.872500	0.676700	0.544900	0.056400	0.000000	1.168200	0.408300	0.053600	0.930400
160	4.706300	4.050300	2.484700	3.975200	4.674200	3.702800	3.795800	4.427100	4.748500	4.327200	2.527900	3.377200	0.000000	2.788900	3.260500	3.122600	3.960400	3.454900	2.737100	3.141300
161	-0.329000	-0.578500	1.613900	0.218100	-0.062500	-3.180400	2.653700	-0.511200	0.000000	-0.573100	-1.483900	0.480700	-0.184100	-0.208200	1.855400	0.527500	8.667500	-0.707300	3.231500	1.956000
162	0.000000	5.049700	21.796900	14.889100	21.058700	20.847300	28.082200	14.172200	10.073700	8.473900	19.745900	25.822200	25.141200	24.241000	20.278300	17.036200	30.267700	25.640100	24.993500	61.891100
163	1.581000	0.000000	6.461700	4.636400	6.909800	1.708800	4.118800	2.133500	0.850500	1.423100	3.728900	6.729700	4.901600	8.772100	7.187200	5.580700	14.677100	20.169400	17.155000	76.170400
164	5.163100	3.356000	-0.297400	0.957400	0.000000	8.289200	11.381800	3.144600	4.849800	3.318700	0.163100	4.420500	4.603600	3.476800	4.986300	4.059200	10.187300	9.060100	8.053000	7.421600
165	1.472700	-0.125800	-1.369900	0.225800	2.014800	6.160800	-2.395400	1.733000	1.079500	0.277700	-1.601300	-1.269700	1.222200	-1.382500	1.512300	0.000000	1.982800	3.512700	1.540500	0.798200
166	2.675500	1.229500	-0.285800	1.060800	1.616600	5.950000	3.976000	2.210400	3.321300	2.085600	0.501700	2.109700	0.000000	0.282600	1.481600	1.059100	3.754100	3.168200	0.395400	1.110800
167	1.779200	0.000000	7.425200	4.409900	7.595900	7.760400	13.760400	2.309300	0.736600	3.901200	3.853200	9.667300	9.854100	7.584100	7.525200	5.802600	23.967100	15.292500	12.336900	51.133900
168	4.910500	3.290800	-0.335000	1.434100	0.000000	6.410300	2.379800	2.633500	3.844700	3.374100	-0.232500	2.362100	3.466000	2.393300	4.461600	2.708400	1.190800	-1.692800	-1.752200	1.376700
169	-0.148600	-1.591000	-1.351300	3.648400	7.558200	0.767500	0.002700	1.010100	0.000000	0.364700	3.438500	0.956400	7.438700	0.812800	4.732200	0.962000	16.201900	10.137100	8.065000	3.844600
170	0.670800	-0.669500	-2.419700	-0.726200	-0.996500	2.919200	-2.067500	0.474800	-0.117300	-0.605400	-2.486200	-0.609200	0.553200	-0.732800	0.000000	-0.528100	0.056000	-2.193900	-2.960200	-0.087500
171	5.889200	4.256100	-0.386400	1.175600	0.000000	9.654800	6.212600	3.050000	5.422500	4.099700	0.041500	4.350500	4.508200	3.224400	5.869500	3.461500	12.377800	11.396500	4.163500	2.540100
172	5.403900	3.925100	1.330700	4.064800	2.252000	7.937300	4.734600	7.421700	4.729600	3.845900	1.407900	3.741700	4.515600	4.249800	5.512000	3.807500	3.241600	2.465200	0.000000	2.430700
173	0.000000	0.267200	5.507400	6.072700	7.851100	10.119900	8.582000	6.625500	1.683300	0.695800	3.213900	7.100800	10.419000	5.873300	9.578900	6.227900	24.519700	16.535800	13.817300	65.268900
174	2.374400	0.688400	-0.215300	-1.415100	-1.609500	2.610300	0.553800	0.000000	1.052200	0.194600	-0.245500	-0.274600	2.753600	1.470800	5.666100	1.703000	12.830900	4.537700	2.309600	6.203800
175	4.584400	3.091200	0.000000	3.473900	1.708400	5.432000	2.959800	3.537400	3.634200	3.154900	0.277600	3.386100	2.536500	1.681600	2.951300	2.829900	4.292900	2.104700	1.569600	3.844500
176	4.560400	2.657300	0.803200	0.000000	0.014800	5.679200	7.923300	1.409400	3.451200	2.552500	-0.921800	5.016500	4.573900	3.043100	4.568500	2.257500	19.771200	8.600300	6.640700	4.461600
177	-4.625500	-6.238000	-6.192700	-4.909300	-4.747800	-3.263500	-7.255300	-5.610900	-5.298800	-5.246200	-5.674800	-8.321400	0.000000	-4.955800	-1.385700	-6.136900	6.404700	-1.372800	-2.210100	-3.802300
178	3.042600	1.968000	0.094400	1.318000	0.311100	5.066700	2.359800	0.831600	1.853800	2.283300	0.024000	1.218200	3.567700	1.990500	4.126900	2.772700	1.752900	0.799100	0.000000	1.475600
179	4.082600	2.379500	0.917200	3.084400	2.958500	7.519100	1.514100	2.919600	2.936000	2.894200	0.313500	1.419400	2.662000	1.937400	3.864400	3.128400	0.531300	0.000000	0.040700	2.263100
180	1.045300	0.000000	-1.463800	1.163400	0.813700	4.530300	-0.229800	0.841200	0.527000	0.070800	-1.718400	-0.877900	0.155300	-0.162600	1.496400	0.527700	2.526100	-0.585900	-1.067700	-0.005500
181	0.048600	1.466200	1.204900	2.238300	2.483900	5.939200	-0.345200	1.828800	1.203900	0.982100	1.078200	-1.259100	2.079100	0.474100	2.386300	0.000000	0.639200	1.027400	0.912600	-0.067300
182	1.963900	0.840000	-0.284800	1.252900	1.304300	3.812800	0.357800	2.488200	1.679200	1.117600	-0.489000	0.000000	1.051300	0.633200	0.754500	1.212600	0.932300	-0.708700	-0.485500	1.012700
183	-0.410000	0.478200	0.712600	0.307300	0.545400	1.872100	-0.095200	0.615000	0.565500	0.396200	0.597500	-0.314300	0.660300	0.217800	0.774600	0.000000	1.151200	0.561800	0.674300	0.322400
184	1.982500	1.942200	5.183300	5.724700	6.382400	0.000000	4.947600	5.598500	2.894400	3.644300	2.519900	2.737300	3.991700	4.553900	4.452700	3.645600	3.010100	2.026600	1.784800	5.145900
185	-0.144000	0.735500	0.470800	1.467000	1.856100	3.985400	-0.428900	0.960900	-0.401400	0.139200	0.402500	0.153500	0.815900	0.164500	0.000000	-0.565200	0.627000	1.078300	1.133900	-0.295600
186	5.412100	4.722800	2.389200	3.387300	3.838000	4.905200	3.501900	4.677200	5.590500	4.182100	1.748300	3.481300	6.295800	5.197300	5.900900	4.378200	0.000000	0.919500	0.706900	3.817200
187	1.095600	0.638500	-0.415700	0.484600	0.700800	1.773900	0.034100	1.416700	0.839400	0.708800	0.065400	-0.246200	0.000000	0.576800	1.690500	-0.239200	0.969800	0.089100	-0.261100	0.614100
188	3.901400	3.058400	1.194700	1.583500	0.000000	5.444700	1.592600	2.841900	2.887600	2.270600	1.112200	0.213000	5.472300	3.675900	6.167000	2.546300	2.637600	0.891500	0.340600	0.872800
189	0.000000	2.767900	1.593900	4.067700	4.693100	9.149500	2.331400	5.833000	4.225000	3.497100	0.608100	3.065100	5.166500	3.794300	7.682100	4.523000	5.838500	3.997400	7.048200	4.691100
190	-1.442500	-2.175700	-1.631700	-1.038000	-1.402200	-2.499200	-3.113100	-1.097000	-1.795500	-1.216800	-1.671300	-2.242100	0.000000	-1.384900	0.310300	-1.451200	-1.165300	-1.666500	-1.803800	-2.184500
191	-1.017500	-1.828800	-2.347400	-0.930800	-1.394300	-1.464100	-3.241800	-0.727400	-1.066100	-1.674600	-2.345300	-3.674600	-0.679700	-2.298500	0.000000	-1.683300	-2.424800	-1.792000	-1.371200	-1.705900
192	3.184000	2.191600	0.713900	0.000000	-0.783600	4.651000	3.228900	1.927900	3.260700	1.958300	1.360000	6.344300	6.738400	3.693900	5.695800	3.232600	12.216800	5.498800	3.599200	46.224300
193	3.448000	2.333000	1.166300	1.631900	0.846200	7.426200	1.580700	1.936500	3.387500	2.345200	0.341000	0.247400	4.246000	3.745900	4.752000	3.372800	2.116700	0.000000	-0.151200	1.082100
194	0.163500	-1.131000	-2.401200	-1.479000	-1.963800	5.702500	-1.834900	0.000000	-0.629800	-1.718200	-2.565100	-1.844700	-1.444200	-1.791100	0.019100	-1.875800	-2.554500	-2.494800	-1.646600	-1.965600
195	2.529000	2.004600	1.743200	2.391500	1.784700	0.000000	1.463600	2.581400	2.382200	2.390300	1.793600	1.632600	2.204100	1.756700	2.489900	2.308800	1.544400	1.888900	1.493300	2.347400
196	0.000000	-0.402900	-1.608600	-0.700000	-1.030300	0.026300	-1.028400	-0.258000	-0.286800	-0.461300	-1.710400	-1.136100	-0.646900	-0.597900	-0.319300	-0.306200	-0.482500	-0.333500	-0.362800	-0.143100
197	0.018700	0.052100	0.029300	0.331800	0.000000	-0.040200	-0.713800	0.249500	0.223700	0.092900	0.079300	-0.470700	-0.002500	-0.303200	0.681100	0.193500	-0.014700	-0.037200	-0.060900	-0.355700
198	0.097100	0.047900	-0.061800	0.134500	0.159500	-0.150300	-0.184000	0.047500	0.000000	0.034600	0.156100	-0.504300	-0.366100	-0.540300	-0.339100	-0.381200	0.003100	-0.084700	-0.088300	0.020700
199	0.000000	2.319300	2.177800	4.713100	4.679000	5.790400	1.805300	3.042000	2.319600	2.142900	2.137300	1.922100	2.392800	2.277200	2.744000	2.028000	3.820900	3.806900	3.658800	1.899700
200	0.065000	-0.263500	-1.409500	-0.933100	-0.588400	1.547200	-1.050400	-0.693400	-0.270000	-0.687400	-1.580600	-1.070500	-0.427100	-0.593100	0.000000	-0.230600	-0.924600	-0.607500	-0.713400	-0.713700
201	1.094800	-0.021700	8.096700	5.442700	9.091100	4.628100	10.462700	4.025200	0.000000	2.431100	7.620800	6.626200	10.610900	8.899400	10.498400	6.043100	16.699200	13.691100	12.971700	10.251800
202	3.155200	1.891500	0.000000	1.043500	-0.215800	2.501000	1.431900	1.262600	2.501500	2.116100	-0.340400	1.049500	1.605200	1.062100	2.335600	1.611600	1.011500	1.238600	1.111000	1.600600
203	3.288600	2.762800	1.976800	3.098800	2.451700	4.343000	0.000000	3.035700	2.859000	2.617700	1.702000	1.703800	4.993800	2.760100	5.105700	2.407600	1.225800	0.173300	1.356300	-0.185600
204	2.955000	1.487100	-0.048200	2.636100	3.824900	3.757500	1.294600	2.507900	0.000000	1.636200	0.803700	3.890100	5.209000	4.548100	3.555200	1.803900	4.635900	0.902100	1.314100	2.857300
205	4.321600	3.794600	0.046800	2.784900	1.757400	6.695500	3.655700	4.017900	4.070400	3.621900	0.000000	1.113000	6.756100	2.369600	6.451400	4.537600	20.689400	18.747000	9.074500	7.916800
206	0.987100	-0.032600	-0.071300	0.786100	0.426000	0.859200	-0.836600	0.780900	0.000000	0.697700	-0.052200	-0.264900	0.323200	-0.113900	2.606500	0.823200	2.071700	1.650700	2.625000	2.583700
207	0.666200	-0.037800	-0.723900	1.000900	0.440700	3.367200	-0.971600	1.052300	0.626800	-0.143700	-0.562800	-0.532300	0.196000	0.516900	0.000000	0.100900	-0.054500	-0.626500	-0.960400	0.128500
208	4.374900	3.179300	5.471300	4.819700	6.457400	0.000000	7.262300	3.803600	3.870900	4.216000	4.583100	7.105000	9.144200	9.528400	8.776600	6.005300	19.905800	12.678300	11.815300	10.038300
209	0.306600	0.000000	0.057600	1.025300	0.637900	2.345700	-0.088600	0.974000	-0.175400	0.498500	0.467900	0.052100	0.781100	-0.213000	1.118300	-0.884200	-0.401800	-1.212500	-0.005700	-0.000700
210	1.317500	0.128600	-0.280900	0.680600	0.522800	3.591500	-0.458000	0.479200	0.239700	0.062700	-0.062200	0.000000	0.613500	-0.538000	1.245200	0.084100	0.612400	0.539500	0.334900	0.497700
211	2.697500	2.673000	0.856500	1.662900	1.050100	2.433500	2.001000	2.574800	2.722800	2.221200	1.025800	0.619100	3.283000	1.776000	3.209500	1.717900	3.150400	0.000000	0.946400	1.269600
212	0.000000	3.883200	3.971200	5.137200	5.018900	5.752400	3.181000	5.179400	3.950100	3.966200	3.738000	3.368000	4.026400	3.524300	4.120000	3.973300	3.955500	3.988500	3.985100	4.054600
213	0.113400	-0.956100	-3.146200	-0.290500	-0.783200	-0.075400	-3.091500	0.241300	-0.420800	-1.414000	-3.148100	-2.683500	-0.398400	-1.793800	0.000000	-1.215800	-2.519800	-4.140000	-3.177300	-1.427500
214	3.223500	2.028700	4.390000	3.005500	5.288400	0.000000	4.758400	3.065100	3.811800	2.379600	3.402100	3.921700	6.548100	5.220100	5.211500	3.162300	8.772400	9.218700	7.659800	54.656600
215	1.915600	1.392800	0.629900	-0.129200	0.124800	0.277600	1.517900	1.473100	1.767500	0.917100	0.458000	0.865200	1.845700	1.288200	0.000000	0.425700	4.243600	3.383400	3.106100	4.234000
216	1.748000	0.678900	-1.103100	1.676200	1.660200	5.113900	-0.236800	2.596600	0.736100	0.702500	-0.871200	-0.702200	-0.198900	-0.076400	0.725800	0.784500	2.987200	0.330500	-0.564900	0.000000
217	4.118700	2.469300	1.464800	2.990800	2.539300	9.451400	2.312900	4.622800	3.165300	2.926900	0.854800	2.429400	2.867300	3.074900	4.035300	3.158900	3.379400	0.000000	0.497700	3.015500
218	0.426900	-0.370600	-0.663400	0.010300	-0.150300	1.807700	-0.585500	0.198400	0.000000	0.047400	-1.107500	-0.825500	-0.422900	-0.341000	-0.101500	0.109500	0.032900	-0.096300	-0.095600	0.268200
219	1.587300	1.209300	0.526300	1.742000	0.897000	3.089200	0.129800	2.060900	1.370100	1.561900	0.536600	0.000000	1.288800	0.920500	1.069600	1.011700	0.669800	0.664100	0.567000	1.347700
220	2.386200	1.217200	-0.253300	0.889200	0.319000	2.784500	0.000000	2.160000	2.539600	1.444600	0.026300	0.998600	2.746200	0.974700	3.413500	2.669600	0.920800	0.014700	-0.862300	1.927300
221	3.814700	2.771000	1.856700	2.590500	2.264900	2.764700	2.007600	3.088400	3.434500	2.734000	1.177000	1.862000	2.350900	2.294500	1.957200	2.340700	2.721800	0.000000	-0.186500	2.992600
222	-0.221700	-0.130700	-0.377100	0.015300	-0.096900	-0.860000	-0.207600	0.000000	-0.184600	-0.016800	-0.093400	-0.128000	-0.536100	-0.442300	-0.473900	-0.270800	0.046500	-0.191000	-0.184200	-0.004700
223	0.000000	3.974900	3.845800	3.912400	4.709600	2.219000	2.570500	5.375900	2.936200	4.067600	3.797300	3.363000	2.296800	3.964700	4.086300	2.758800	3.818100	3.850200	3.836600	3.882700
224	0.150000	0.641400	0.126900	0.184000	0.398500	0.973900	-0.227200	0.000000	0.097300	0.431500	1.412700	-0.201100	0.126700	-0.202400	-0.025600	0.081600	0.056300	-0.141600	-0.181200	0.269500
225	-0.147000	0.344200	-0.381300	0.642300	0.062400	0.066100	-0.052900	-0.330800	-0.719000	0.359800	-0.698600	-0.313500	-0.465300	0.000000	-0.900800	-0.386000	0.853500	-0.534500	-0.644700	0.436900
226	1.161400	1.215000	0.311600	2.354000	2.262300	4.146900	0.703200	2.079900	1.930800	0.770500	0.326000	0.192700	0.245700	0.414600	0.000000	-0.024100	0.415400	0.506600	0.411700	0.472300
227	0.951100	1.369900	0.123200	5.185900	4.244400	4.296000	-0.166200	3.330700	0.963200	1.183600	0.311900	0.130500	0.812300	0.102200	1.119800	0.000000	0.372300	0.398800	0.380300	0.681100
228	0.000000	3.403000	3.440600	5.591000	5.304100	4.858400	3.606400	5.735500	2.678200	3.442500	3.147900	3.395400	3.815700	3.753200	4.228600	4.141900	4.395300	3.764300	3.306100	3.482100
229	0.000000	2.993100	9.417700	9.121100	14.314300	8.797400	16.817700	10.278600	7.047300	8.065500	12.796300	17.171900	18.613900	8.355300	13.447100	8.836900	12.652700	21.871500	20.548200	70.019400
230	2.251300	1.382600	5.101800	0.000000	1.866600	4.112800	3.950700	2.361100	3.207200	1.837400	0.782800	4.814000	3.802800	3.148000	5.069700	4.280600	13.890300	11.291800	9.769500	30.627700
231	1.657700	1.391800	0.417200	2.404800	2.265000	1.628500	0.680400	1.269600	0.628100	1.272000	0.541800	0.706100	1.599400	0.990500	2.972200	1.119800	0.345400	1.691100	0.476000	0.000000
232	2.141500	1.809000	1.020600	0.858500	0.000000	1.751700	0.871300	1.388600	2.457300	2.545500	0.848400	1.146300	2.310400	1.981200	2.165700	1.533700	1.258000	-0.473200	-0.292600	1.609800
233	1.775900	0.470900	-0.235700	1.664000	0.917200	2.303800	0.798500	1.561400	1.945100	0.492500	-0.861500	-1.153200	2.471500	1.390700	0.396700	0.000000	10.913300	18.372600	15.047200	25.409600
234	-0.385600	-1.765900	-1.593500	0.221000	0.683900	1.470000	-0.730900	0.387000	0.000000	-0.955100	-2.990000	-2.360000	3.119000	-0.614100	2.696000	1.323300	16.284500	4.691700	4.319500	33.670600
235	0.000000	1.922100	7.756600	7.895000	8.501400	3.811300	8.528100	6.213200	5.475200	4.562600	3.750300	6.226100	9.347000	5.458400	11.827000	8.982600	26.691700	23.005500	18.089600	17.213500
236	4.644500	2.872900	1.613800	0.739400	0.000000	2.633900	8.347500	3.028000	4.288200	3.067700	0.694500	2.640500	4.577000	3.679000	4.888300	3.151700	24.114300	17.754000	10.764600	10.764300
237	4.872800	3.381300	0.324100	1.313700	0.000000	2.338200	5.287500	3.661800	4.813000	3.395400	-0.166500	4.183100	3.549000	2.347900	4.456300	3.341100	6.043300	6.866600	4.045100	4.007600
238	1.730700	0.132600	-2.164900	1.844900	2.534500	2.916000	-1.087300	0.901600	0.881200	0.393800	-2.148500	-0.426000	3.059600	0.782700	3.973200	0.000000	10.964800	18.067400	9.956800	35.510600
239	3.508700	2.027800	0.937400	3.377300	3.361100	9.897900	1.182500	2.590500	3.309700	2.363700	-0.570600	0.000000	4.669000	1.505800	5.178600	2.194600	6.472000	0.508300	0.739200	2.417800
240	2.101300	0.000000	5.074700	1.118800	3.253500	7.672200	14.677600	1.634300	0.701600	0.890700	-1.019900	7.645700	1.444000	2.135600	2.119400	1.653900	7.638600	5.473400	3.091100	23.215900
241	2.076300	0.000000	5.151300	1.063000	3.116000	3.288800	6.286800	1.965800	0.718200	2.051300	1.339000	4.212900	5.047300	4.591700	2.851800	3.198900	8.362200	9.698900	7.470100	27.089500
242	3.131500	1.073000	0.539400	0.942200	3.258200	7.013600	1.504900	1.839400	2.316100	1.856600	0.002000	1.262200	3.314500	2.206100	3.522000	2.666100	-0.400300	0.000000	-0.364000	1.962200
243	4.695100	3.168800	0.000000	3.780800	3.593100	7.638900	4.105100	2.048600	4.508500	3.592000	0.374400	2.878600	3.968600	3.774500	4.906000	3.642700	6.806200	6.992100	2.796500	4.879600
244	4.798000	3.064900	-0.396200	1.318400	0.000000	7.135500	3.800900	2.621100	3.647200	3.235800	-0.326100	3.855400	3.803200	3.276800	5.291700	4.189100	8.403800	8.999000	7.382200	30.323100
245	1.086500	-0.745200	5.833200	-0.233100	3.327100	3.628600	2.454800	1.291000	0.000000	0.584800	2.374500	4.390000	4.984000	3.590200	5.350800	2.547600	6.644800	4.995400	5.976300	40.640300
246	1.549000	0.638400	-0.525500	0.479000	0.003600	4.067200	-0.819000	1.140600	0.673600	0.082200	-0.594600	-0.616100	1.701600	0.000000	0.494500	1.019400	1.084800	-1.375400	-0.447700	0.284400
247	0.000000	4.632400	7.486400	8.447700	8.572000	11.852400	6.929100	7.602200	4.389600	5.741000	6.703300	7.237000	6.941700	6.456500	7.744100	7.119300	7.809200	8.482000	7.732800	9.602100
248	0.000000	2.322800	2.402400	4.494900	4.091000	6.263100	1.926700	4.083700	2.691000	2.513800	2.131200	1.971100	2.698200	1.703000	1.432400	2.609500	2.767600	2.607900	2.646800	2.909100
249	0.717400	0.508400	0.319600	0.303500	0.171100	1.806300	0.498100	0.000000	0.445100	0.419100	0.692000	0.281800	0.238100	0.538700	0.307100	0.266400	0.909200	0.465400	0.954900	0.785100
250	2.824400	1.745100	0.154500	0.444500	0.379300	3.982500	2.635800	1.275900	2.621500	1.288100	0.144300	1.708200	2.228200	0.232400	2.543500	0.485400	0.344400	3.766600	2.410500	0.000000
251	3.361300	3.290900	2.644100	4.311200	5.406300	8.734200	2.999900	4.371300	3.720600	2.958600	2.732900	2.619400	3.211400	3.067300	3.358600	2.945900	2.581900	0.000000	1.928900	2.259000
252	0.000000	2.484100	2.510700	4.684600	4.620500	5.285300	2.402000	3.250200	2.504100	2.627300	2.343500	2.501700	2.403300	2.518300	2.569200	2.215400	3.812500	3.850200	3.852800	2.268400
253	1.912300	1.307500	-0.385100	0.000000	-0.300200	3.892700	0.616300	0.674500	1.670000	0.774400	-0.377100	-0.115300	1.014200	1.000000	1.484000	0.917000	0.440200	-0.452500	0.376600	1.289900
254	0.398700	0.127400	-0.385300	-0.091700	-0.368100	-0.411900	-0.830500	-0.159700	0.000000	-0.036400	-0.626200	-0.710700	-0.368700	-0.350800	-0.276500	0.169600	-0.928500	-0.841300	-0.800100	0.421800
255	4.010400	2.439200	4.164200	0.000000	-0.496600	5.898200	12.724200	2.597900	3.781500	2.178800	2.775000	7.968400	7.171300	3.753400	5.377400	3.674500	32.692700	21.404300	5.783700	24.295100
256	0.186500	-0.310600	-0.704300	0.000000	-0.253200	-1.135600	-0.723200	-0.046700	-0.218000	-0.116000	-0.434900	-0.838500	-0.147900	-0.343100	-0.047200	-0.019900	-0.379300	-0.532600	-0.635000	0.190600
257	0.000000	3.995900	5.320900	11.230200	13.337800	2.014300	5.205400	9.845300	5.621700	4.475200	5.293100	5.706600	5.316500	4.894900	7.051700	4.039400	6.575700	5.362200	5.420600	5.780900
258	3.882700	3.347500	0.711100	1.193000	0.000000	6.549800	3.826700	3.026600	3.432400	2.783900	-0.105100	3.623700	4.654100	2.963200	4.595200	2.954500	17.075000	15.258000	13.329000	16.694700
259	0.000000	3.640300	5.075700	7.526600	6.193600	7.766700	4.400000	5.157700	3.609200	4.472700	4.761900	4.811500	2.614600	4.595300	1.760300	3.367300	5.122700	4.737400	4.705800	4.723400
260	1.749500	0.436300	-1.315700	-0.369000	-1.331200	-0.114700	0.000000	0.643400	1.190300	0.924500	-1.308300	-0.069700	-0.237300	-0.228700	0.920600	1.041800	-1.773600	-0.539400	-0.856900	0.667000
261	1.525400	1.013000	0.938800	1.329300	1.155000	0.637000	1.006900	1.103900	1.616800	1.817300	1.060600	1.042400	-0.032100	0.848100	0.000000	1.698700	0.918500	1.315700	1.110800	1.591200
262	2.709800	1.292600	0.903000	0.647500	0.147100	0.732500	-0.030700	1.952700	1.839300	1.666400	0.204700	0.000000	1.604700	1.210700	3.012700	0.773700	2.181900	-0.561000	-0.692600	0.735700
263	5.158600	3.669300	0.000000	1.973300	3.454000	5.058500	4.939000	3.171800	5.107000	3.557300	0.180900	4.129800	4.213700	2.738200	5.202500	3.299300	7.302800	7.855500	4.854600	3.114300
264	0.000000	-0.456000	1.002600	2.896300	2.746600	6.324500	1.145200	3.099300	0.195200	1.110100	0.024100	0.892400	0.628700	0.604200	5.270600	5.108500	12.763700	8.452000	7.275900	42.805200
265	1.861800	0.576800	-0.527100	0.574600	0.033500	2.001800	-0.752100	0.495700	1.771100	1.296600	-0.019100	0.000000	0.219600	0.127900	1.421000	1.062500	0.290000	0.014400	-0.138400	1.010000
266	4.632700	3.061500	0.693800	1.012500	0.000000	5.209100	5.528000	2.496200	3.627200	2.936000	-0.507600	4.693500	4.031100	3.216300	4.898200	4.245800	12.488200	5.742100	1.564700	3.923100
267	5.828100	4.223900	1.256400	2.606800	1.598700	6.352400	3.834900	4.273500	5.063800	4.219300	0.843700	3.728800	4.091400	3.046100	5.184400	3.822200	-0.832500	0.632000	0.000000	3.031100
268	4.934700	3.401500	1.167400	3.590300	2.463800	7.211000	3.585000	3.291400	4.245300	3.643900	0.361400	2.781500	3.691400	2.744800	3.794500	4.280200	1.115100	0.000000	0.252800	3.260300
269	1.242600	-0.056000	-1.797100	-0.916400	-1.315200	2.108200	0.000000	-0.202500	0.645300	0.416700	-1.766500	-0.990800	-0.008500	-0.240300	1.159300	-0.437600	-1.700400	-2.788100	-1.970500	-1.047200
270	2.203300	0.000000	1.825900	0.867800	1.757300	3.909500	5.670000	0.606200	0.730900	1.537700	-0.870800	2.905500	4.290700	3.277300	5.806300	4.637200	20.707100	12.972900	11.173100	37.019700
271	4.910900	3.582000	0.000000	1.784100	0.711200	6.246400	2.758600	3.431900	4.217100	3.733600	0.059000	3.624100	4.947500	3.029300	5.305400	3.712500	12.724900	10.338600	6.824500	4.984700
272	1.399700	0.350300	-1.588200	-1.074400	-1.609900	3.935500	-0.227300	0.000000	0.817300	-1.057100	-1.009100	-0.509700	-0.606400	-0.632800	0.524500	-0.497200	1.029300	1.010700	0.953300	0.990800
273	2.473600	1.548200	0.089100	0.609300	0.338600	5.256500	-0.235600	1.293800	1.779000	1.382800	0.891500	-0.462600	1.342000	0.000000	1.471400	0.159000	1.371000	0.999200	0.775400	0.689700
274	3.879500	3.568300	1.783700	3.487600	3.491300	5.829800	3.008500	4.180500	4.316700	3.744200	2.746300	2.313400	3.822600	3.036600	4.726100	3.833700	2.871400	0.000000	1.173300	3.157000
275	5.468200	3.802800	0.000000	2.387800	1.137700	6.362600	4.140700	4.227500	4.511100	3.710400	-0.339100	3.892100	4.759000	3.867100	5.748500	4.670100	9.956300	10.182600	6.614200	36.887200
276	0.183800	0.288100	-0.256800	-0.402100	-0.539800	-0.275900	-0.944100	0.000000	0.336200	-0.051400	-0.771800	-0.755200	0.063600	-0.419400	0.283900	0.005500	-0.385700	-0.318900	-0.351200	-0.296400
277	1.790300	0.893300	1.044000	1.312000	1.028500	0.000000	0.893000	2.070000	1.410300	1.561000	0.590000	0.737000	0.720700	0.867800	2.014600	1.745900	1.301100	0.794000	0.704100	1.824000
278	0.028200	0.002600	-0.910600	0.026900	-0.548300	0.837400	-0.863000	0.000000	-0.056500	-0.269600	-0.981400	-0.934800	-0.541000	-0.579100	-0.484900	-0.560700	-0.985800	-1.072700	-1.051200	-0.353300
279	0.995000	-0.370300	0.112500	-0.039100	1.043700	5.424000	0.434600	-0.822400	0.000000	-0.037100	0.928700	1.323000	1.704400	2.801700	2.152700	2.325300	13.075500	2.980500	1.436000	6.552300
280	1.402900	1.320500	1.025400	1.009000	1.061400	1.841000	0.728800	1.596100	1.605100	1.199400	1.196500	0.523900	0.837700	1.307800	-1.285400	0.000000	1.791400	0.846200	0.472800	1.915300
281	5.275000	4.371900	1.154000	3.603300	3.320500	4.587800	5.123200	2.743000	3.804400	4.504400	1.341700	4.014700	5.441000	4.585000	5.409800	4.621900	7.343000	2.300500	0.000000	4.056100
282	0.864900	-0.021300	-0.832400	0.744400	0.448400	-0.795500	-0.439200	-0.103400	0.000000	0.356800	-1.132500	-0.766700	-0.297300	-0.354900	-0.451300	1.011300	0.293900	1.119900	0.648100	1.068200
283	0.742400	0.111400	-0.326300	0.429600	0.248700	1.416700	-0.257500	0.352100	0.346600	0.797000	-0.605100	-0.730400	-1.331200	0.000000	-0.670500	0.806100	-0.141200	-0.949700	-0.293400	0.530200
284	5.143900	3.491900	0.000000	2.442800	2.024900	3.218100	4.198000	2.797100	3.845800	3.446700	-0.292000	3.049500	3.253400	2.353000	4.521300	3.976800	5.014600	2.412600	-1.336100	2.431500
285	3.379800	1.744100	1.134500	1.043100	3.562600	6.957400	0.000000	2.374000	2.660100	2.262500	-0.113000	0.463800	2.323300	2.173700	2.957700	2.916300	2.002400	0.705400	0.259400	1.199800
286	0.776800	0.000000	-0.619400	0.040400	-0.490400	1.944000	-0.005900	0.822600	0.676400	0.700300	-0.989100	-0.040600	-0.305200	-0.344000	-0.059800	0.466900	-0.470400	0.267900	0.262600	0.646300
287	2.197900	0.000000	1.475700	1.046600	1.644500	4.085200	1.318700	3.280100	0.639800	0.746100	0.468600	1.220900	2.961300	2.614500	1.902800	1.955500	1.276800	-0.251700	-0.862000	1.618400
288	2.306000	0.000000	-1.319000	-1.139400	-2.109300	3.585800	8.148800	0.378000	0.803500	-0.889800	-1.154700	5.059900	2.196600	2.754200	1.508200	0.068300	17.760300	7.901400	6.553700	1.576500
289	2.226700	1.166800	-0.944700	0.000000	-0.570600	4.267500	0.864700	0.778800	1.319700	1.216800	0.015900	0.801000	0.325600	0.292900	1.545000	1.025400	0.587400	0.526300	0.313900	1.796700
290	1.824200	0.581400	-0.142800	1.246700	0.635900	4.378700	0.038800	0.684500	0.888500	1.355300	-0.546600	-0.244600	0.404400	0.000000	0.948700	0.359500	0.022800	0.360200	0.253700	0.626200
291	0.265600	-1.676700	2.932500	-1.597400	0.056300	1.189600	5.779400	-1.918800	0.000000	1.055100	0.734500	5.321600	6.239800	4.989800	4.968300	5.350500	38.786500	33.675500	23.906200	30.823500
292	2.173700	0.000000	4.368800	1.338800	5.320600	4.632900	9.232300	2.405000	1.275400	2.189000	2.588700	7.976300	7.740900	4.386300	5.645300	4.589900	18.815100	14.550300	5.724600	37.791700
293	0.414900	-1.034900	-2.125100	-1.159800	-1.914800	4.539500	-1.189500	0.000000	-0.231000	-0.613400	-2.361000	-1.752600	-0.947500	-1.022500	0.237000	-0.061100	1.083800	-0.576800	-0.823500	0.564900
294	2.742000	1.566700	1.232300	1.902000	1.440300	5.554300	1.522100	2.675200	2.190000	2.256800	1.304000	1.297100	0.989400	1.443400	0.000000	1.531800	1.889200	1.886800	0.656300	2.436200
295	3.307900	2.182300	0.000000	2.434000	1.880000	4.934100	2.352700	2.717400	2.208300	2.367000	-0.011200	1.834700	2.095300	1.951900	2.967900	1.763600	3.694500	1.715200	1.191200	2.084700
296	4.208400	3.435600	1.572100	3.683000	3.434800	5.437600	1.227600	2.263900	3.847100	2.984500	0.969400	1.883100	3.672600	2.379200	4.688800	3.160900	0.783000	0.000000	-1.157600	2.036800
297	0.000000	3.290500	3.445400	4.133200	3.888800	5.758600	2.197400	3.820500	3.613800	3.526500	3.268100	2.788600	3.171200	2.841400	3.317800	3.084400	3.522300	3.363800	3.313600	3.607900
298	0.062400	-0.425300	-0.806500	0.058000	-0.522200	-1.966100	-0.494500	0.027600	0.000000	-0.055000	-0.910300	-0.498000	-0.948600	-0.632700	-0.229500	-0.316200	-0.139200	-0.650200	-0.430000	0.124800
299	-0.198600	0.132000	-0.070600	0.058700	-0.154200	0.671800	-0.235700	0.000000	0.053800	-0.075500	-0.214600	-0.170000	-0.391600	-0.167300	-0.865000	-0.370600	-0.186500	-0.374400	-0.368500	-0.056000
300	1.976500	1.391600	5.251500	5.814800	4.792900	10.849500	6.769000	5.122600	0.000000	3.367500	4.684700	5.074800	2.863800	4.294300	3.969100	4.815900	7.355000	7.174500	7.846900	14.143300
301	0.732700	-0.001900	-1.255400	-0.302000	-0.533000	-0.528100	-0.244800	-0.045100	0.253100	0.231700	-0.927800	-0.780500	-0.570300	0.000000	-0.095700	0.236100	-0.026100	-0.000900	-0.174000	0.785700
302	4.130200	2.104100	1.714400	0.981500	0.493000	0.985800	2.585700	2.462600	3.365300	2.395700	0.497700	2.368100	0.000000	0.942700	2.452800	3.332900	3.068000	1.814400	0.856500	3.470800
303	3.132700	1.730900	0.097900	0.000000	1.801900	2.726900	2.670800	1.124500	2.304300	2.093000	1.279400	2.133800	2.356700	2.518800	2.413300	2.282800	8.806400	8.278400	7.044300	8.848900
304	0.926900	0.000000	-0.351300	0.857200	0.342400	5.002100	0.358800	2.445500	1.017900	0.922200	-0.196600	0.103800	-0.151200	0.307700	0.278900	0.839600	0.241300	0.130000	-0.221500	0.711200
305	1.560700	-0.621900	2.992400	0.798100	2.267300	3.033900	5.505100	1.705300	0.000000	-0.497500	4.674900	3.338900	10.400400	7.844700	6.245200	5.199000	10.150100	23.051900	19.216100	17.323400
306	4.640100	2.791700	1.002300	0.000000	0.369200	3.849000	9.916500	1.554200	3.156700	2.510700	0.965800	7.397700	3.936100	4.344300	3.970800	2.917800	12.531700	11.582400	7.126400	7.976800
307	1.663600	0.857500	-0.793900	1.009200	0.038500	2.267900	0.450000	0.389500	1.159000	1.018100	-0.720900	0.000000	-0.259100	-0.291800	0.575100	-0.855400	0.491900	1.126600	1.097100	-0.606100
308	1.536500	0.251900	-0.737100	0.624100	0.281700	2.358700	-0.085500	0.719000	1.381900	1.131300	-0.363000	-0.007900	0.736100	0.000000	1.507300	1.123300	-0.738000	-0.194100	-0.356000	0.466100
309	1.315600	0.000000	5.137400	3.757300	6.186100	8.189700	10.845100	2.557600	0.437900	3.842200	2.579300	8.880500	6.312600	5.962600	8.036100	6.861900	31.925600	28.941400	22.658800	27.359400
310	5.586100	4.103000	1.631200	4.927800	4.327300	6.200500	4.805600	4.068600	5.023700	4.292900	1.120200	4.431300	4.488700	4.288600	5.254700	3.807100	-0.669500	0.836500	0.000000	2.456000
311	1.540700	0.629800	0.071900	1.051600	0.381900	3.800700	0.464500	1.249600	1.533900	1.244900	-0.041600	0.281700	0.489300	0.377400	0.000000	-0.899200	0.164300	0.482600	0.417700	1.073800
312	1.289900	0.000000	6.380900	3.083700	3.992900	6.659400	17.939000	2.930800	0.782200	1.833700	4.624300	7.934700	10.250200	8.972600	8.445300	6.893400	29.907300	24.397900	16.398500	50.387900
313	3.272200	2.030300	2.155400	0.000000	-0.663200	2.167400	9.558100	1.744500	2.532600	1.816200	2.145400	9.042500	6.507700	5.941700	4.492300	1.564300	29.335400	25.400600	17.735300	24.889800
314	0.000000	5.541100	10.619000	13.249500	15.137100	20.350000	8.226500	12.892400	7.607700	6.734200	8.509900	8.112000	24.340400	24.210200	6.573300	6.524400	24.573900	23.645400	23.508300	24.843100
315	4.082600	2.783000	-1.180600	0.000000	-0.997300	7.609500	7.208900	2.226900	4.163700	2.481400	-1.115700	3.740500	3.731500	2.297500	3.169300	1.627100	14.280500	11.604700	6.647200	23.416000
316	0.211300	0.467300	-0.425100	1.861400	1.875400	5.747000	0.219400	2.609000	0.621500	0.037300	-0.848400	0.000000	-0.424100	-0.169500	0.128800	0.446300	-0.300100	0.368500	0.538100	0.728600