SITE	GLY	ALA	LEU	VAL	ILE	PRO	ARG	THR	SER	CYS	MET	LYS	GLU	GLN	ASP	ASN	TRP	TYR	PHE	HIS
4	0.250000	0.193500	0.521600	1.536000	0.966800	1.642000	0.175500	0.000000	0.670800	-0.331300	-0.562100	0.381200	0.198300	-0.150300	0.375000	-0.371000	0.852500	0.694000	0.474400	0.884400
5	1.167500	0.997400	-0.979700	0.542700	0.324500	-0.007000	0.357300	-0.849000	-0.140200	1.270700	-0.547900	0.000000	0.913500	0.537300	2.000700	0.056900	1.633000	2.350300	2.509500	1.397700
6	5.318200	3.800400	3.434700	2.181300	1.532700	2.042900	5.785000	3.108700	4.600100	4.670600	2.368200	4.845500	0.000000	3.275800	3.385300	4.474800	8.530300	9.356800	8.384300	6.961600
7	0.906900	0.311200	-0.449600	0.676100	-0.179200	0.291700	0.394000	-0.056300	0.284000	0.919900	-0.607300	0.125400	-0.594800	0.000000	-1.235800	0.233900	-0.225600	0.232200	-0.009900	0.298700
8	1.570700	0.408600	0.146100	1.694400	1.296400	2.499500	0.000000	2.186800	1.007800	1.036500	0.099200	0.262100	0.590100	0.262200	0.964000	0.606700	0.570700	0.817000	0.497600	1.248100
9	4.613300	3.039000	-0.064600	1.062500	0.000000	4.787100	4.168300	1.910900	3.259700	3.091800	-0.139700	2.199100	3.947500	2.389900	4.199800	2.837500	14.363700	9.260400	5.516200	5.756300
10	4.137100	2.617300	0.000000	2.366800	2.543800	6.701000	2.861600	3.163400	3.243500	3.266200	-0.274400	2.246600	2.918600	2.367800	3.680800	3.516000	4.864500	6.767300	6.014600	8.144600
11	0.626400	-0.303700	-0.452800	1.288100	-0.415600	3.866900	0.000000	0.180800	-0.208500	0.567700	-0.898400	-0.294300	-0.366600	0.184600	0.409900	0.056900	-0.006000	-0.718500	-0.456800	0.283700
12	3.337700	1.929000	1.679000	3.055100	2.832600	6.309700	2.007800	1.503800	2.455800	2.375400	-0.388600	1.668800	1.847500	2.033600	2.741200	2.684300	-0.361300	0.000000	-0.484200	0.998100
13	5.219500	2.886600	2.576200	0.000000	0.893000	6.159900	7.416100	2.543200	4.252100	3.127000	0.328100	5.095900	5.167800	4.047600	4.993800	3.084600	19.697100	12.773400	10.047000	19.386300
14	1.433300	0.320400	-1.792700	-0.246800	-1.400300	4.055800	-0.010800	0.394200	1.064600	0.288700	-1.482200	-0.845600	-0.121300	0.000000	0.602400	0.216400	-0.019000	-0.061700	-1.564800	0.145300
15	0.768400	0.436500	-0.058300	0.911200	0.303600	2.650000	0.443100	0.731100	0.010000	0.316500	-0.083300	0.196000	0.150200	0.000000	0.280600	-0.181800	0.070300	0.055500	-0.172000	0.221200
16	1.839000	0.823000	-0.228600	0.911000	0.716100	7.809100	-0.577300	0.994100	1.213500	0.741400	0.049700	-0.577400	0.435700	0.482700	1.013700	0.000000	-0.271200	-0.173400	-0.265700	0.097300
17	1.024200	0.000000	8.165000	5.843600	8.711800	3.582000	7.707400	3.576900	1.232400	1.518600	7.052400	9.810200	10.218600	9.161800	9.194900	6.608500	54.962800	35.199090	31.953990	38.017864
18	1.724600	1.060700	0.285700	0.635900	0.127100	2.146900	0.476500	0.748400	1.246200	0.601300	0.199900	0.000000	0.814500	0.201300	0.928700	0.814500	0.706600	0.392500	0.312800	0.269600
19	2.420400	1.733400	0.725800	1.533700	1.253100	0.000000	0.474600	1.648000	1.336700	1.682600	0.745800	-0.003100	1.321600	1.590000	2.135200	1.464000	1.489800	0.748600	0.854600	1.759900
20	0.000000	3.350100	2.745100	4.729200	4.336900	6.598600	2.122700	4.000300	3.288700	3.260900	2.567200	1.776400	3.342200	3.058100	3.434900	2.644500	3.005600	2.743800	2.694500	2.706800
21	5.006900	4.298300	3.119000	3.655400	3.393100	8.287900	4.210100	3.810000	4.418900	3.816300	3.006100	3.571300	1.548700	3.530600	0.000000	2.477200	3.941500	3.242500	2.900700	3.853100
22	4.245600	2.646700	4.339400	2.188700	2.344200	0.000000	3.521800	3.564800	4.293600	3.297700	3.641800	2.487500	1.900200	2.495800	3.402500	3.810600	2.151500	2.486900	3.237200	5.806600
23	1.165800	0.500000	-0.054600	0.784900	0.282300	-0.048200	0.185500	0.470900	0.568800	1.266400	-0.057300	0.319100	-0.726600	0.000000	0.186800	0.618800	0.419300	0.496400	0.395300	0.847800
24	1.722700	0.638400	0.249000	2.616800	2.378000	1.492500	0.289800	-0.131700	0.000000	1.040700	0.124400	0.226000	1.441000	0.798300	1.066400	0.350000	0.778400	0.649600	0.199600	0.576400
25	4.702100	2.497500	-1.130500	0.000000	1.146300	4.433400	6.684700	2.181400	3.636300	2.640600	-0.177800	3.553600	5.023600	3.400400	4.877100	3.508800	7.861300	6.647200	3.232900	4.107900
26	4.189200	3.273800	0.000000	1.630400	0.193800	6.310400	4.718600	2.772800	4.350000	3.338700	-0.152700	3.552600	3.138100	2.218400	4.023300	3.369400	6.621000	14.054300	6.329300	7.421800
27	0.746300	0.022500	-0.260600	0.383400	-0.277300	2.424600	-0.283100	0.749000	-0.009700	0.456900	-0.667600	-0.359900	0.000000	-0.144900	0.521100	0.133300	-0.016800	0.117000	0.032900	0.666500
28	2.012200	0.000000	0.794200	1.855300	1.506500	5.396500	0.280600	1.366400	1.157800	0.914200	-0.010900	-0.996300	0.325500	1.164400	3.655600	1.001900	17.334400	22.124400	19.312600	34.624800
29	5.385700	3.941500	0.406100	1.685600	0.000000	6.671000	4.110200	2.846900	4.689800	3.766600	0.316200	2.579200	4.798200	3.284700	6.048200	4.834000	11.589400	8.153600	7.241400	4.930500
30	2.289800	1.226800	0.535100	0.770400	0.239900	5.261000	0.698700	2.303800	1.688200	1.643500	0.517700	0.438900	-0.154500	1.021800	0.000000	1.678000	0.847300	0.584800	0.381500	1.297000
31	1.014400	-0.047700	-0.253000	0.454000	-0.135400	3.556200	-0.306700	0.000000	0.390700	0.820700	-0.371500	-0.330000	0.248000	-0.130600	-0.142600	-0.050100	-0.368600	0.096400	0.023200	-0.321100
32	6.575700	4.785600	2.440000	4.812400	5.716200	8.634400	4.330000	5.359700	5.513000	5.172900	1.830000	4.267800	4.968300	5.094700	5.635200	4.954300	2.045300	0.000000	0.888800	3.617400
33	2.107200	0.727000	1.141900	3.321800	2.639200	3.915200	7.243900	2.761700	0.923400	0.000000	0.148500	4.768200	3.093900	2.446500	3.995500	1.110800	16.473900	10.117600	7.019200	12.694700
34	1.095500	-0.074300	-0.313500	0.448800	-0.138300	4.700500	-0.294100	0.000000	0.130400	0.795500	-0.678800	-0.475200	0.189600	-0.112100	1.069300	0.119500	0.264600	0.149500	0.036000	0.728700
35	1.188800	0.794400	-0.313800	0.474300	0.464600	5.954400	-0.310900	0.596100	1.077300	0.670200	0.084100	-0.147300	0.353800	0.000000	0.902300	0.343300	0.475000	-0.257000	-0.321000	-0.109000
36	1.345800	1.170600	-0.370900	-0.120500	-0.377400	2.212400	-0.544000	0.759300	1.217600	1.345300	-0.509800	0.000000	0.830600	-0.085200	1.966300	1.017000	-0.517600	-0.150900	-0.254300	0.328200
37	3.129400	1.876800	0.533600	0.880500	0.096100	4.469000	0.623500	1.462000	1.670200	1.363000	0.246100	0.491700	0.000000	0.787200	0.193500	1.337500	1.287500	0.904700	0.760900	1.074700
38	2.539100	2.112900	1.447900	2.159700	1.786800	1.087900	0.850700	2.215900	2.337100	2.383000	0.992800	1.636400	1.491300	2.197200	2.390800	2.632700	0.000000	1.605000	1.098900	1.739200
39	1.647500	0.000000	0.952500	1.165000	0.544200	4.472400	1.709400	0.311600	-0.177200	0.447400	1.258400	3.557000	5.512700	4.566800	3.849100	0.873600	5.479500	7.940600	3.467500	4.187000
40	0.487400	0.556700	0.674000	2.414300	0.763200	-1.675400	0.443100	2.430100	0.950800	1.452000	0.000000	-0.226000	0.793500	1.145600	1.179400	0.296500	1.937800	4.983200	0.802200	0.481200
41	2.017400	0.562900	-1.492900	1.358900	1.916500	3.615500	3.012700	1.446500	0.803900	0.613200	-2.365200	1.519000	2.324800	1.224500	2.564700	0.000000	4.204800	-0.311000	-1.346800	-0.261700
42	2.116000	1.210100	-0.217700	0.000000	-0.693400	-0.852400	3.280500	0.246900	1.365400	1.357200	-1.017800	1.206700	3.337700	2.171900	3.683500	1.383700	18.388100	13.292800	12.037900	7.443500
43	0.000000	5.096800	7.100900	8.053300	13.533000	17.369300	6.998300	8.603400	5.726300	5.803500	5.722300	6.479900	6.208800	7.847200	8.480600	7.068300	9.319400	5.947400	5.791100	8.658400
44	1.051600	0.793900	0.447500	0.977300	0.808400	-0.377200	0.090100	1.620200	0.435500	0.965200	0.186800	0.357100	0.681200	0.263800	0.000000	0.456600	0.655300	0.157000	-0.207100	0.964100
45	0.359300	0.000000	-0.154100	0.361800	0.090900	-0.431400	-0.125200	-0.027300	0.029800	0.055300	-0.088700	-0.212700	-0.125600	0.114400	-0.543300	0.049600	0.015600	0.154200	0.031300	0.578300
46	3.406000	2.698900	1.075900	4.156800	4.055700	2.273100	-0.780100	5.139900	3.495600	3.147200	1.534200	0.000000	7.218300	3.636800	5.877300	2.968400	15.669400	16.083900	8.160800	6.007500
47	0.000000	2.443900	9.712300	12.774900	13.465300	8.149700	21.811000	10.839200	4.148000	5.875100	6.589300	15.101900	8.562900	8.222800	8.571700	10.292500	19.081100	20.928200	18.585900	23.992300
48	0.944600	0.332800	0.397800	1.758400	1.403500	3.447100	0.646500	0.445500	0.316400	1.151400	0.225400	0.322400	0.154300	0.000000	0.338800	0.166000	0.470600	0.640400	0.628300	1.139900
49	2.946500	1.544100	-0.968500	0.819700	0.000000	1.415100	1.010200	1.694100	2.431100	1.526000	-0.648600	0.801900	1.073200	0.412200	2.182700	1.110700	0.650900	0.892300	0.737800	2.004000
50	4.988200	3.733900	-0.800300	1.465000	0.083400	7.282600	4.241500	3.307500	4.925800	3.537600	0.000000	1.147000	3.159000	1.844600	5.140600	3.911800	5.433100	4.234100	2.581000	2.917600
51	3.124200	1.931300	1.180600	1.189900	1.672100	5.834300	2.297600	1.513800	2.128500	2.102200	0.971700	1.759000	0.316700	1.023200	0.000000	3.164800	2.032600	2.070200	1.975100	3.507400
52	0.888500	0.000000	-0.275200	0.307400	-0.304300	1.512300	-0.208400	-0.136100	-0.027900	0.726600	-1.317300	-0.087400	-0.082700	-0.073200	0.371800	0.156500	-0.197300	-0.111700	-0.261500	0.358700
53	3.584700	1.863500	-1.089900	0.000000	-1.736800	3.755700	1.960300	1.176000	2.177700	1.759600	-0.048000	1.900300	2.523000	0.833400	2.949000	1.628100	7.763500	7.816800	2.427000	1.990200
54	4.734200	3.208400	-0.492500	1.416000	0.000000	5.217100	4.995900	3.214000	3.938400	3.099300	-0.677000	2.051600	4.582100	2.412200	5.472500	2.895000	3.915600	5.272800	-0.281900	2.466900
55	1.698800	0.918300	-0.200100	1.135400	0.306800	4.471000	0.000000	0.927400	0.897000	1.329300	-0.178600	0.269900	0.716500	0.722000	1.544500	0.556800	0.196000	0.135100	0.043600	0.960800
56	1.215900	0.025100	-0.424300	0.229300	-0.483300	2.940300	-0.776600	0.615400	0.097300	0.462200	-0.802000	-0.491700	0.000000	-0.463100	0.589500	-0.211100	-0.698900	-0.277100	-0.324400	0.049500
57	4.027200	3.156100	0.969700	1.544000	1.629700	3.821300	2.069100	3.608700	3.376400	1.902700	-0.099000	1.791300	3.327900	2.569400	3.925600	2.886000	1.611600	0.000000	0.845700	2.223000
58	-0.093100	0.537500	-0.191500	0.695400	0.638400	4.514600	-2.323000	0.983000	0.000000	0.566700	-1.314600	-3.367200	1.018900	-0.614400	1.355700	0.073100	0.956500	0.397900	-0.198400	-0.895200
59	3.959300	2.376900	1.877900	1.561000	1.678000	0.000000	0.478300	3.444200	3.847700	2.708600	1.695400	4.290700	3.774900	3.132900	5.159900	3.456800	13.871400	7.074300	6.054100	5.943400
60	1.281200	1.071200	0.187800	1.242100	0.702600	0.098000	-0.127100	0.543000	0.000000	1.476300	0.336600	0.345300	1.199600	1.127300	1.946200	0.946900	0.256400	0.778700	0.574400	1.158400
61	4.930100	3.435200	0.000000	1.697500	0.852800	5.710200	1.554000	1.636100	3.490300	2.549700	0.237700	2.478600	3.661100	2.588600	4.282900	2.997100	3.549300	2.717400	2.607700	2.227700
62	5.722600	3.692400	-0.890300	0.000000	-0.839000	5.996700	3.722200	2.955800	5.024700	3.150000	-0.945600	3.142200	5.028200	3.211100	6.289400	4.388700	5.902100	2.513800	2.192700	3.176900
63	6.630400	4.542700	0.000000	1.108300	1.531300	7.482000	7.903700	3.410600	5.755100	3.496600	0.082700	4.083000	5.813500	3.559500	6.815400	4.343400	11.168200	11.210500	7.863900	5.107200
64	2.039600	0.358200	-1.207800	-1.064800	-0.423600	4.334900	4.913200	0.586600	1.603000	0.148800	-2.613400	0.625400	0.000000	-0.566100	0.958000	0.818200	2.659500	2.880000	1.342200	3.902100
65	5.272100	4.520300	0.000000	2.765400	1.858100	5.844600	2.664500	3.729700	5.311300	3.423100	0.173700	3.017300	6.037500	4.160100	6.399800	3.996700	1.025200	2.060400	-0.408900	2.655900
66	0.000000	5.595200	8.606200	12.582700	12.920500	16.869300	8.223800	10.910000	7.140400	7.146700	6.337900	8.199900	11.405700	8.415300	11.903100	9.910700	10.023600	9.573800	7.580500	11.304700
67	0.492000	0.000000	3.285500	1.756000	3.678500	2.450000	7.931800	1.856700	0.516000	1.729000	1.528600	8.156800	8.701800	6.272000	10.877700	6.459400	22.084200	16.828400	11.225900	29.211570
68	5.707600	7.044900	5.639500	6.681500	5.906400	9.688700	4.854100	7.481400	7.575900	6.426700	4.974600	4.020900	8.840400	6.763800	8.651300	7.272000	3.791800	0.000000	1.939500	5.947200
69	2.933900	1.715900	-1.743100	-0.760400	-2.152900	4.675500	6.869500	0.906800	1.674000	0.000000	0.250800	3.432700	3.127700	1.877700	1.488600	-0.723000	16.445800	14.828900	7.490500	11.619900
70	0.000000	5.062400	12.573100	11.828100	13.597400	18.810400	16.170400	11.265300	5.976500	6.828100	10.270000	15.689600	13.352400	10.668700	9.655300	7.947000	23.290100	20.225200	18.035500	76.356700
71	6.307600	5.366400	3.051300	3.712600	4.060400	4.789800	6.280100	5.539700	6.704000	5.641400	2.858300	4.235800	4.333100	5.667600	5.114900	5.257100	4.239500	0.000000	1.867700	4.702800
72	0.043900	-1.364000	0.942300	-0.433300	-1.690000	-2.335600	-2.629800	0.004300	0.000000	0.056200	-0.835600	-1.157300	0.733300	0.031000	2.811500	1.855500	7.247600	1.934700	6.689000	12.082800
73	1.973400	0.000000	1.905400	-1.149800	-0.789500	-1.059600	8.586100	0.335300	0.469600	0.586000	1.524000	6.959200	6.710100	3.447900	6.328000	3.864300	15.135500	22.844000	18.640000	25.475400
74	4.383100	2.632100	0.734700	0.000000	0.262600	5.584500	11.236300	1.394100	3.139100	2.587000	2.224800	6.972300	6.658300	5.368600	4.955900	3.618300	27.783090	18.282300	15.630400	10.883100
75	3.008100	1.067900	-1.321600	0.320600	1.217300	9.888500	0.000000	1.389700	2.089600	0.959000	-0.782800	0.506700	3.824300	1.594900	3.976600	1.003900	2.918600	0.718400	-0.365700	2.408700
76	5.403300	3.898900	0.490600	2.208400	1.173500	10.210000	3.335600	3.536700	4.431000	3.456700	0.000000	3.652200	5.072100	3.019000	6.015600	4.622900	4.285800	4.827900	3.619200	4.624700
77	2.198300	0.000000	2.008100	1.794400	2.261900	5.529800	12.278800	3.994300	2.065900	1.477800	4.365400	7.566400	7.582300	8.077900	5.184200	4.294000	28.645290	20.301500	22.509400	26.664700
78	2.042800	1.113500	-0.995100	0.763500	0.603100	3.810400	0.000000	1.841800	1.483500	0.992200	-0.948000	-1.152300	2.184900	1.448000	2.214000	1.778000	0.669900	0.867300	0.619100	1.725900
79	3.151200	2.189800	0.000000	2.111100	2.073400	4.571500	2.174400	1.506900	2.077000	2.016900	0.302900	2.368600	2.993700	1.882400	3.339100	3.076800	3.816600	1.057400	0.572500	3.531200
80	4.118200	2.866300	0.000000	2.753500	1.575800	9.469800	1.464500	2.522500	3.464700	3.284600	-0.691500	3.162300	4.796900	2.535700	5.233500	3.795600	5.243400	1.395900	0.032200	2.476500
81	0.685600	0.285800	-0.960000	0.488500	0.055300	-2.244600	-0.512600	0.696800	0.460100	0.142300	-0.806500	-0.685300	0.422500	0.000000	0.576400	0.641600	0.646000	0.570400	0.574200	0.389600
82	1.956200	1.469700	1.454900	1.333100	1.588000	0.000000	1.404300	1.313400	1.478200	1.635700	1.557100	1.404700	0.752500	0.993600	1.313500	1.669900	1.606200	1.319900	1.364800	1.457700
83	0.000000	3.364000	3.407800	4.582900	4.417200	5.416400	3.117800	4.727200	3.640400	3.507900	3.199000	3.422800	3.341000	3.321800	3.459500	3.411400	3.336600	3.349000	3.364000	3.476400
84	1.768000	0.000000	1.894200	0.150600	0.676000	3.683100	2.499100	-0.241900	0.716400	-0.426400	1.095800	2.190900	8.039900	6.716700	2.445100	4.494000	5.267100	2.775900	2.299100	26.325600
85	2.260300	1.542700	0.249400	0.990400	0.663500	3.502900	0.000000	1.159800	1.803200	1.231900	-0.182500	-0.118700	1.633900	0.919900	2.309800	1.791700	0.682100	1.000900	0.993100	1.406800
86	6.503000	4.663900	0.000000	3.031200	2.019500	7.134100	7.086700	4.006400	5.790900	3.688500	0.536600	2.840100	6.413800	3.291000	6.536600	4.580400	10.612200	2.623400	1.564500	3.750900
87	5.276800	3.932000	0.000000	1.177900	0.419300	5.852100	3.611400	2.955300	4.420000	3.379100	-0.307800	3.281100	3.698300	3.358700	2.140300	4.197400	3.853100	0.998400	0.848000	3.292000
88	3.349200	1.740200	0.591300	-0.614900	-1.769700	3.401500	9.301800	0.000000	2.034400	1.241500	-0.140200	4.317300	4.855100	1.690500	5.526300	2.991800	11.406900	4.159200	5.195000	11.837200
89	5.639500	4.616500	0.460200	2.072000	0.642700	5.266700	7.715600	3.750000	5.169800	3.741000	0.000000	4.210700	6.261700	4.016300	6.823400	4.673200	12.302500	10.616600	8.110300	7.493000
90	3.274800	2.032800	-1.116000	0.164900	-0.373300	3.152100	4.580600	1.220600	1.934300	0.986600	0.700000	3.935000	0.000000	1.110500	0.299800	0.724700	10.323800	12.051600	10.525100	32.985660
91	0.996200	0.763800	0.392200	1.142700	0.680800	-0.401800	0.542200	1.876900	1.242700	0.823000	0.000000	0.491700	0.914700	0.615900	1.342500	0.965700	0.864000	0.806800	0.701000	1.142500
92	2.372900	1.768700	1.147200	1.375200	1.178600	2.317100	2.246400	1.700600	1.126000	0.973200	1.636400	1.466600	-0.128100	1.962800	-1.252000	0.000000	1.653500	0.475800	0.258800	1.343200
93	2.190700	1.638500	1.182000	1.850100	1.250800	0.000000	0.488100	1.856900	1.623000	2.155800	1.016200	1.019400	1.030100	1.256900	1.501800	1.645700	1.353100	1.614800	1.592000	1.779700
94	1.263900	0.442000	-0.222000	1.066300	0.563900	0.050700	0.708800	0.611200	0.485400	0.972700	-0.698700	0.438200	-0.250000	0.074900	0.000000	1.368800	-0.224100	0.780600	-1.137800	0.602100
95	3.027400	1.558900	0.740900	4.290600	3.722900	0.065500	1.365800	3.155900	3.111200	2.115500	0.941300	1.116500	3.021900	2.425600	4.311300	2.759200	0.317900	0.000000	-0.138200	2.139400
96	1.452100	0.000000	-0.039600	1.080000	2.228700	6.993400	0.164900	1.577200	-0.069300	0.721500	-1.203700	-0.579800	0.204200	-0.118300	2.602000	2.009100	0.613700	1.836200	1.548500	1.617300
97	0.800800	0.000000	-0.218000	0.437300	-0.048500	3.623100	0.102000	0.595000	0.146200	0.738600	-0.959300	-0.145900	-0.059600	-0.324400	0.254300	0.035200	-0.865600	-0.487400	-0.563900	0.324200
98	3.796800	2.325700	-0.401000	0.602300	0.000000	3.824000	2.526200	2.309200	3.100500	2.493900	0.276900	1.978900	2.735900	1.823400	3.701000	2.011900	2.058500	1.969900	0.991800	2.058500
99	0.950800	-0.537900	-3.619000	-1.062100	1.052100	5.666400	5.712900	0.000000	-0.027800	-0.455600	-2.137500	2.069800	2.385400	0.314500	2.711500	0.592900	5.942200	5.108500	2.194000	2.564100
100	1.088100	0.100200	-0.475900	-0.159000	-0.815600	3.518300	-0.042500	0.544900	0.235300	0.829900	-0.583000	-0.336800	-0.394500	0.000000	0.841300	0.693500	-0.079900	-0.996100	-1.246200	0.467300
101	1.710100	0.427500	-0.529400	0.130100	-0.933000	2.110600	-0.521100	0.258400	0.771600	0.967900	-1.060400	-0.179300	0.215000	0.000000	0.822100	0.491100	-0.708500	-0.548100	-0.641400	0.405400
102	5.330800	3.528400	0.734500	2.009500	1.068800	6.800500	3.582900	3.828400	4.374500	3.537000	0.000000	2.590200	4.640900	2.523200	5.299400	3.509500	8.005400	3.804100	-0.311800	3.642100
103	5.379100	3.582500	0.000000	2.411000	0.926600	7.387900	5.780400	3.828800	4.613400	3.540600	-0.189900	3.768700	4.789900	3.526000	5.552200	3.066200	9.276600	5.209700	1.658700	3.078100
104	0.338600	-0.706600	-1.564200	-0.680200	-1.340200	4.998100	-0.958200	0.449000	0.181300	-0.164300	-1.440800	-1.142000	-0.553400	-0.970300	-0.148300	0.000000	-0.799400	-1.076000	-1.171500	-0.011000
105	4.281500	2.903700	0.878500	2.061600	0.780100	8.341600	1.398000	2.648800	3.117400	3.180500	0.717300	1.547100	3.757000	2.857800	4.621500	3.792600	1.394800	-0.140400	0.000000	2.992500
106	2.019300	0.000000	6.725600	1.399800	2.947400	3.378100	11.412300	1.345500	1.037100	2.193500	4.176700	9.618800	8.459000	7.108000	8.374300	7.144800	19.809500	16.604200	15.122500	31.590930
107	0.000000	4.205900	4.205500	6.086300	5.652200	12.421400	3.671500	6.373900	4.978400	4.711900	4.715500	3.216200	5.019300	4.474900	5.358500	3.867200	4.386600	4.234000	4.796100	3.476200
108	4.354600	3.374200	0.000000	1.173700	0.250500	7.386900	1.820500	3.582800	4.287200	2.683500	0.319100	1.819300	3.715300	2.250300	4.244400	3.307000	2.384900	6.567500	2.223000	3.034600
109	0.589000	-0.155000	-0.319500	0.357600	0.086000	-0.463700	-0.256700	0.770900	0.581600	0.450300	-0.153400	-0.559700	0.028200	0.000000	0.171200	0.535900	0.200600	-0.004200	-0.075200	0.698100
110	0.229500	-0.145600	-0.800800	0.091700	-0.381600	0.602500	-0.586200	0.493700	0.029500	-0.327100	-0.831600	-1.061900	-0.442000	-0.444800	0.000000	-0.119400	-0.565100	-0.800200	-0.905600	-0.062900
111	3.379800	2.335700	0.748100	1.780500	0.996000	4.449700	1.078500	2.162900	2.108500	1.898500	0.752700	0.000000	2.719700	1.748100	3.081600	1.944000	1.432400	1.548200	1.339500	1.705800
112	4.712400	3.125000	1.402100	0.000000	0.333100	3.753400	9.694200	2.741700	4.159100	2.397000	1.795000	7.195100	6.561000	4.291500	5.497700	3.069200	21.037700	9.236700	7.901200	12.537400
113	1.317700	0.533100	-1.547000	-0.311600	-0.385400	2.841100	-0.258800	0.000000	0.629500	0.196200	-0.896900	-0.525600	0.077300	-0.576100	0.077900	0.389500	-0.234800	-0.370900	-0.441300	0.092400
114	3.222100	2.332900	-0.846100	0.955400	0.000000	1.344700	1.987900	2.094200	3.030100	1.614400	-0.704600	2.164500	2.866800	2.165200	2.926300	2.438300	2.081400	2.490500	2.278800	2.820200
115	5.367600	4.661000	0.000000	3.160800	1.213300	7.470000	6.546000	4.437200	5.512600	3.623400	0.250100	3.973400	4.604800	3.181600	3.825800	3.265100	8.965600	4.078300	0.303600	3.081000
116	0.373200	0.228500	-1.902900	-0.618600	-1.290600	-1.042100	-0.876600	-0.518900	0.396100	-0.655500	-1.182100	-1.130500	-0.796200	-0.674600	0.274100	0.000000	-0.593600	-1.291400	-1.343000	-0.373100
117	0.000000	4.967200	6.476200	8.810500	9.936300	12.443600	5.780200	8.261100	5.852200	5.401600	5.493400	5.539700	5.961600	5.921100	5.711000	5.626600	6.054300	5.802500	5.812600	5.758400
118	0.592100	0.000000	-0.363900	0.134800	-0.183600	-1.076400	-0.089300	0.360500	-0.003000	0.411100	-0.871700	-0.227900	0.088700	0.065600	0.440900	0.472400	-0.739800	-0.424000	-0.658800	0.051000
119	1.153100	-0.384200	0.141000	-0.841200	-0.687800	-3.399000	1.048000	-1.305400	0.000000	0.056100	-1.380600	0.284600	1.709600	0.097300	3.673400	2.178700	1.873800	5.119900	1.263800	1.784800
120	0.895700	0.435000	0.113100	0.601100	-0.025800	0.281500	0.595600	1.077100	1.240900	1.067900	-0.133100	0.300100	0.248500	0.000000	1.248000	0.453800	0.382000	0.412100	0.379100	0.075800
121	0.074500	-0.037700	-0.340500	0.395800	0.254500	-0.511100	-0.059500	0.298500	0.131900	0.288600	-0.263200	-0.324200	-0.309400	-0.185800	0.000000	0.297600	-0.107300	-0.473800	-0.727200	0.315200
122	3.057300	2.124900	0.000000	1.938100	2.187700	3.610900	2.194600	3.507300	3.266600	2.332400	0.689200	1.493200	1.357600	2.102500	3.858600	2.345100	1.450000	1.348900	1.379500	3.121000
123	5.603100	3.760100	0.159400	0.979900	0.000000	8.006400	5.831500	3.018400	5.555800	3.900900	0.972700	3.031200	6.438800	3.690000	6.766300	4.470900	7.718800	6.298500	1.039100	3.872300
124	3.257200	2.618300	2.245900	3.048900	2.757900	0.000000	1.815200	3.550000	3.094900	2.899800	2.584100	2.216100	2.600900	2.731800	3.287000	3.301000	3.317700	3.343400	3.201300	3.437700
125	0.556000	0.526100	-0.132700	0.958500	0.802000	1.221400	-0.275700	-0.472500	-0.497700	0.096000	0.231400	-0.234500	0.031300	0.000000	0.003000	0.046200	0.538100	-0.159100	0.239400	0.654500
126	5.476900	3.829100	0.000000	3.573300	2.493000	7.207500	5.703900	2.719800	4.193400	3.539500	-0.274200	3.882900	4.959700	3.214800	5.516500	3.930900	10.504800	4.129800	1.263100	3.496900
127	0.979200	0.616700	0.125300	0.710200	0.130600	-1.419800	-0.324600	0.884600	0.520900	0.754300	-0.160800	0.000000	1.072000	0.278800	1.689300	0.613200	1.352600	1.240500	1.223500	0.775000
128	1.085900	1.143300	0.533300	0.966500	0.589500	1.172900	0.170600	0.686300	1.033800	1.132400	0.669800	0.000000	0.985700	0.606300	0.870300	1.453400	0.941500	0.821300	0.776900	1.190300
129	1.500400	0.494100	0.179400	1.231500	0.631600	0.601500	-0.025400	1.635500	1.004700	0.887000	0.276000	0.000000	0.170200	0.762400	0.614600	0.668000	0.512300	0.501100	0.410500	1.016800
130	2.846900	2.877500	-0.145700	2.238200	0.844400	3.933400	0.732300	3.308800	3.318500	2.276500	0.342600	0.988500	2.299900	1.563600	2.542600	2.385200	-0.811900	0.000000	-0.301000	1.104300
131	-0.767700	0.361800	0.433700	1.390500	2.660700	3.191600	0.188700	0.712600	0.217500	0.192000	0.493800	-0.177500	0.149600	0.094800	0.000000	-0.136500	0.441800	0.361600	0.279600	0.105600
132	3.721300	2.353500	-1.117900	0.000000	-0.878000	6.237200	8.639200	2.015200	3.623800	1.763400	-0.933100	4.795900	4.104700	3.634700	3.552200	2.449700	7.885200	4.977200	1.770500	4.732900
133	0.747500	1.231600	2.214100	1.569600	1.484900	1.370400	2.068900	1.444600	2.160500	2.249800	2.079400	2.146100	1.613000	1.960300	0.000000	0.713600	2.277700	2.179300	2.134600	2.185200
134	2.093600	1.885800	1.204900	2.020800	2.858900	3.669500	1.666700	0.000000	0.579900	1.578600	1.225800	0.107500	2.576000	1.343300	3.704900	2.430800	2.801700	1.421200	1.230400	1.820200
135	6.224400	4.521700	0.000000	1.627500	1.021800	5.430000	6.317200	3.649100	5.231300	3.831500	0.242000	4.642500	5.936200	4.390000	6.946800	5.008800	3.587100	0.819200	-0.621300	3.378500
136	2.755900	1.958100	1.414100	1.765700	1.495600	1.866400	0.999500	2.354000	2.157800	2.120100	1.197800	0.838300	1.343800	1.570500	0.000000	0.930400	1.272100	1.034000	0.863300	2.036500
137	5.501700	4.151100	0.509900	3.475400	1.792200	8.737900	4.048100	3.954600	4.469100	3.420200	0.000000	3.550500	5.108200	3.253900	6.195400	3.983900	7.818700	4.618700	1.968500	3.060200
138	6.564000	4.409400	-0.272800	0.000000	-1.143000	7.125800	3.307600	2.743900	4.967200	3.146600	0.809400	5.223300	6.242600	4.293300	6.580400	3.400100	12.279500	14.680400	7.697300	12.911300
139	5.567100	4.136900	1.040000	2.044600	0.804700	6.052600	2.628500	3.678500	5.011100	3.715100	1.122800	1.900900	6.099300	4.241600	6.128100	3.602900	2.293000	0.167500	0.000000	2.217500
140	5.713400	4.472900	0.000000	2.276000	1.232000	4.851900	3.712300	4.167300	4.435900	3.514800	0.200300	2.339500	4.877100	3.189200	5.951000	4.144200	3.810300	1.481600	-0.765300	3.151400
141	-3.889800	-3.007400	-2.971600	-2.812400	-3.125300	-1.277300	-3.610800	-2.034700	-3.058500	-3.530600	-3.929200	-4.120300	-0.622500	-3.181700	0.000000	-3.800200	-1.303700	-1.214200	-2.805200	-2.951500
142	0.704200	1.436100	-1.162200	1.453800	0.828000	0.383600	0.372700	1.446400	1.530000	1.245300	-0.633400	0.374500	2.729500	1.464100	1.486200	0.840900	4.162400	5.379400	3.141500	0.000000
143	1.067200	0.705100	0.063600	0.644700	0.222800	-0.757300	0.072000	0.232700	0.305900	0.898900	-0.164500	0.021100	0.389000	-0.006700	0.371700	0.194500	0.000000	0.024600	-0.230600	0.437700
144	3.166300	2.161000	1.370200	2.225800	1.787100	0.497900	1.798100	2.747600	2.883100	2.733300	1.085700	0.000000	2.623900	2.156500	3.405700	2.420300	2.027100	2.235500	2.018400	2.155500
145	-0.100500	-0.128600	-0.693100	0.343000	-0.186100	-0.368500	-0.165600	0.489100	-0.032000	-0.369300	-0.518700	-0.755000	-0.419100	-0.402800	0.000000	-0.214100	-0.527500	-0.702300	-0.890900	0.186600
146	2.664100	1.990500	0.410100	2.898700	3.020300	4.370700	0.000000	2.591100	2.301600	1.681100	0.461800	1.191900	2.796200	1.703600	3.868500	1.791000	0.874200	0.930400	0.693900	2.263000
147	5.933200	4.456600	1.633500	5.466400	5.207500	6.561100	1.251000	4.208300	4.867700	4.707300	2.196300	4.108200	6.773400	2.998700	7.500400	4.898500	11.169600	0.000000	2.065100	4.815400
148	3.330400	2.197600	0.000000	2.571400	3.590700	2.363000	0.943700	1.878300	3.633200	2.469600	0.215000	0.935300	2.333400	1.924200	3.708500	2.947500	-1.092200	1.989900	1.560900	0.396400
149	3.436300	2.580600	2.008800	2.611800	2.048000	0.000000	2.348000	3.018000	3.381000	3.105200	1.507000	2.374500	2.419700	2.116600	3.066900	3.185900	2.226200	2.750600	2.646600	3.025100
150	4.162400	2.417600	-0.488100	3.265300	-0.786400	6.702000	5.599300	4.153600	4.154600	2.555300	-0.683200	2.814300	4.113700	2.681100	0.000000	1.283300	17.367400	13.622000	11.464400	4.073800
151	2.879300	0.901100	-1.760000	-0.713500	-0.560900	1.980000	3.955300	0.000000	1.515200	1.062700	-2.120000	2.629000	3.047700	0.639400	2.567900	1.773700	2.748500	10.276900	8.929800	20.669800
152	2.929800	1.834800	0.000000	1.978200	1.205100	5.079000	0.995500	1.184600	1.981700	1.764600	0.210400	0.779500	1.654300	1.045800	2.992800	1.986300	0.528300	1.023800	0.648100	0.911000
153	3.487600	2.165700	0.000000	1.484900	0.719100	6.514600	1.654500	2.245600	2.680900	2.538600	0.309700	1.346800	2.447000	1.475500	3.787300	2.106200	1.118300	0.571200	0.452800	2.183800
154	5.758300	4.134600	0.000000	2.650200	1.084800	8.213800	2.696900	3.712800	4.582300	4.004300	-0.069600	3.442200	5.149500	3.412700	6.337200	4.023600	5.791900	5.723400	2.506700	3.647900
155	1.633100	0.592600	-0.539700	-0.362500	-1.081100	3.162500	0.087600	-0.297900	0.706900	1.041400	-1.437000	0.324700	0.000000	-0.078500	0.999000	0.934800	0.441900	0.227400	0.161500	1.028100
156	1.409900	0.456000	0.260400	0.799400	0.238900	3.050700	-0.599900	0.858100	0.355800	1.132900	-0.194000	0.000000	0.659300	0.180700	1.397900	0.470700	-0.160300	0.096000	0.055400	0.247400
157	0.740000	0.188800	-1.673500	-0.151000	-0.249000	2.096300	-0.318400	0.221600	0.270400	0.000000	-1.707700	-0.886700	0.863900	-0.110000	1.984400	-0.578900	1.096200	1.789600	1.166600	1.441100
158	0.000000	2.460200	2.771100	4.102900	4.875700	6.849500	0.996400	4.799500	2.386100	2.646500	2.752300	1.059500	2.851800	2.222500	2.721000	2.067400	3.022800	2.669900	2.610300	2.261100
159	5.004200	3.448800	0.000000	2.933900	1.713400	7.389500	2.873000	2.896100	3.638200	2.877400	0.471800	2.910900	5.452900	2.741700	5.334900	3.809700	4.684700	1.176700	3.475400	3.192600
160	5.064700	3.776500	0.000000	1.785500	2.139800	3.857300	2.055800	3.519500	4.875900	3.047400	-0.412400	1.973700	4.577800	3.187800	5.443200	4.005000	3.014700	2.478900	-0.362500	2.367300
161	1.770100	1.752300	1.328100	1.872600	1.731500	4.109400	0.000000	1.253600	1.755800	1.336200	1.089100	0.583400	1.965800	1.342900	2.077600	1.876600	2.083300	1.475300	1.269500	2.270400
162	1.796200	1.451300	0.653400	0.831100	0.378200	0.352500	0.036200	0.871900	1.403200	0.770800	1.017800	0.000000	1.073200	0.493700	1.358600	0.557600	1.462600	1.078700	0.962700	1.059200
163	0.000000	3.426000	3.205200	5.038800	5.014100	6.929100	3.188500	5.079700	3.621500	3.529700	2.333800	3.173000	3.585200	2.957400	3.630000	3.472900	2.444700	3.002300	2.951800	3.458700
164	3.886000	2.092200	0.661900	2.683900	2.435100	8.400100	9.346000	0.000000	1.944600	2.306400	1.053400	5.484700	6.557800	3.230600	5.343400	4.097900	20.470100	16.835400	7.079300	19.637500
165	4.602900	3.240900	0.966300	0.000000	-0.767700	4.375200	1.795700	2.137100	4.092800	2.375200	-0.396700	1.762500	3.433800	2.590800	3.897900	2.175000	1.270300	0.300200	-0.169900	2.421600
166	6.485000	4.696600	0.000000	1.940300	0.736500	5.336400	3.258100	3.533000	5.656900	3.842000	-0.059500	2.376600	4.769200	2.802900	6.098900	4.118500	6.369700	3.384900	-0.430900	2.543700
167	6.032200	4.045500	0.000000	0.124500	-0.101400	6.250800	3.609600	3.109600	5.012100	2.834400	-0.626000	2.752500	4.920400	3.399200	5.344100	3.113900	1.873800	-0.178900	-1.492200	2.587300
168	1.957400	0.000000	2.281900	2.489500	2.835600	2.082600	12.812300	3.760000	1.605200	1.781100	1.276400	6.610600	5.801900	2.804800	4.178800	4.266800	17.838700	14.207300	12.041000	27.734700
169	-2.523900	-3.237600	-4.771800	-3.499300	-1.934900	-0.088200	-5.382500	-3.382200	-2.235200	-3.658800	-3.311400	-3.417000	3.674000	-1.809500	0.000000	-5.581100	8.631900	4.478100	3.505600	6.493000
170	-0.042100	1.467900	2.273500	6.587000	8.722000	8.823100	0.886600	5.715000	1.470600	0.994200	1.735100	-0.090700	5.799700	2.695600	7.112900	0.000000	3.823800	2.851500	2.021000	-2.044900
171	3.104400	1.796500	0.808100	0.000000	0.545500	3.956100	3.835900	2.508500	3.244100	1.685900	0.588400	4.932200	4.157600	4.212600	5.962200	2.386400	24.945600	13.683700	5.895600	35.566800
172	2.342500	1.496400	-0.124100	0.239900	0.000000	2.332700	-0.139300	1.353700	1.826400	1.617000	0.181800	-0.087200	1.091300	0.201100	2.781500	0.531000	0.896100	0.303100	0.065400	0.228000
173	3.599300	2.159900	0.319500	0.000000	0.050200	6.125600	0.081100	1.644300	2.410200	1.344500	0.225000	0.322800	1.792000	0.660400	2.500800	1.002400	0.171000	0.053700	-0.091000	0.054300
174	2.073500	2.564800	2.575900	3.110800	3.101500	0.000000	2.028200	2.913000	2.796500	2.852100	2.585300	2.266500	2.735900	2.620400	2.862400	2.716100	2.236900	2.509600	2.700900	2.736200
175	0.000000	2.776000	1.983200	4.070100	4.014300	8.500600	1.683600	2.825100	2.435100	2.540700	1.445800	1.832100	2.916200	2.112100	3.569300	2.348400	3.034100	2.544900	2.529300	1.975600
176	1.644900	0.128600	1.972900	-0.816600	-0.870200	3.379200	5.042400	0.000000	0.078600	0.054800	2.145700	3.022400	8.119700	5.943300	3.910200	1.204500	22.973800	22.549100	19.304400	25.020100
177	1.080100	1.298800	0.858500	1.148300	1.081800	0.000000	0.678500	0.790100	0.841100	1.648700	1.245000	0.679800	0.806600	0.788900	1.470800	1.034300	0.947200	0.470900	0.433000	1.297200
178	0.280800	-0.391000	-1.243800	-0.312400	-0.953100	-1.155600	-0.660500	-0.046800	0.023200	0.088400	-1.185400	-0.865100	-0.751100	-0.721300	0.000000	-0.277300	-0.563900	-0.388700	-0.636000	-0.200300
179	6.034100	4.648300	2.304300	5.565200	6.559000	3.014200	4.343100	5.003600	6.416300	5.028400	1.392600	3.223800	6.502700	4.036900	7.054200	5.538400	-1.271000	0.742100	0.000000	3.177100
180	3.238500	2.026300	0.000000	1.531200	0.703800	6.260000	0.350600	2.771100	2.384000	2.317000	-0.023700	0.993600	2.456600	1.764700	3.999800	3.236400	6.139300	4.322900	6.409600	3.413900
181	0.638600	0.000000	-0.098400	0.498500	0.140800	2.438800	-0.740700	-0.027300	-0.158400	0.712700	-0.238800	-0.107400	0.249200	-0.212600	0.572500	-0.029700	-0.071300	0.046700	0.008800	0.033900
182	2.889900	1.678300	0.741300	1.570200	1.083100	5.447100	0.704500	1.450300	2.301600	2.359600	-0.549100	0.564400	2.072100	1.121000	2.879700	1.564000	0.094700	0.000000	-0.652800	1.373500
183	4.551800	2.519500	1.033400	0.000000	-0.651400	6.234600	9.671500	2.170100	3.737500	2.671300	0.085500	5.489700	4.053000	3.635200	4.515900	3.239800	12.959600	4.224600	2.500700	5.081900
184	2.968300	2.255700	1.248200	2.495900	2.029100	5.219500	0.000000	2.702300	2.692900	2.410900	1.391600	1.296100	2.865600	1.435900	3.522600	1.325200	2.767100	2.525100	2.479000	2.830300
185	0.000000	0.466400	-0.180200	1.602500	0.765200	2.281500	-0.414300	1.004300	0.129000	-0.291700	-0.219900	-0.300900	0.763600	-0.288500	1.150700	-0.197900	0.223900	-0.077600	-0.125500	-0.449100
186	1.122000	-0.053200	-0.800200	1.985600	1.692400	4.033700	-0.350300	0.290600	0.000000	0.018800	-0.659500	-0.640800	0.205200	-0.817100	-0.656600	-0.912600	1.053500	0.493100	-0.293000	0.615300
187	0.050700	-0.165000	0.083700	0.254300	0.211400	-0.674100	-0.450400	0.178100	0.000000	0.199600	-0.011400	-0.219500	0.114900	0.087100	0.233100	0.128000	0.161800	0.183800	0.193100	0.254500
188	1.002200	0.275200	0.045800	0.237600	-0.363100	0.548300	0.200200	0.659400	0.000000	0.234500	-0.074800	-0.045500	1.260500	0.063200	0.865900	1.279300	1.261300	1.165000	1.321800	2.080500
189	5.619900	4.688400	1.942400	3.569700	3.488800	8.500100	3.388600	3.643600	5.211700	4.402600	1.450500	3.714400	6.387000	4.078500	7.125800	5.042600	-1.648500	0.668500	0.000000	3.789800
190	0.744900	0.350300	-0.197100	-0.098200	-0.229400	3.071300	-0.034200	0.113700	0.329500	0.351900	-0.291900	-0.117400	0.000000	0.146300	0.095400	0.046600	0.168600	0.092600	0.040700	0.438300
191	1.237900	0.251800	1.303500	-0.677300	-1.068300	0.291000	-0.148300	-0.246500	1.539300	0.000000	0.281900	0.309400	2.089600	0.460200	2.791800	0.855200	-1.170300	-0.744900	-1.163900	0.692500
192	0.573500	-0.143400	-0.421800	-0.490700	-1.017700	3.148300	-0.255100	0.000000	0.258500	-0.052300	-0.508800	-0.575700	-0.803700	-0.538900	0.138000	-0.032800	0.302200	-0.364100	-0.432200	-0.378100
193	1.204600	0.783700	-0.888400	0.539600	-0.799800	0.896400	0.028700	-0.626900	-0.005300	0.522200	-1.058000	0.306200	0.769800	0.233500	1.320500	-0.016600	-0.314000	-0.347900	-1.500600	0.000000
194	4.961300	3.078400	0.888800	2.052700	0.491800	4.884500	2.349200	2.745400	3.518900	2.670900	-0.075300	1.938400	2.916700	2.561000	2.996100	2.697700	2.106800	0.000000	0.496400	2.767500
195	-0.190700	-0.284600	-1.471200	-0.495600	-0.946600	-1.502900	-1.661800	-0.197300	0.000000	-0.435700	-1.659500	-1.477200	-0.636300	-1.174300	-0.113800	-0.786300	-1.846800	-1.542500	-1.293600	-0.355700
196	-0.731900	0.053300	-1.335200	1.658100	1.091300	5.818900	-0.158700	0.980600	0.000000	-0.217400	-1.045600	-0.605900	0.969500	0.619700	0.337800	0.477700	1.005000	2.265000	1.614200	1.255900
197	1.033000	0.682200	0.291100	0.318200	0.379400	2.838000	-0.003700	0.581200	0.879700	0.702000	-0.169800	0.139100	0.310300	0.038400	1.720100	0.987800	-0.012600	0.000000	-0.037100	0.815900
198	3.991800	2.232400	0.000000	1.116900	1.635800	8.475900	1.216700	3.223000	4.007000	2.228800	-0.024200	1.042900	4.411600	2.398400	6.706900	2.770900	-0.295100	-0.640400	-1.243100	1.339600
199	0.291700	-0.948600	1.308400	1.192700	2.458100	-3.121300	3.287000	-0.251500	-0.638900	-1.463000	-1.370100	1.967700	0.000000	-2.003300	1.827400	0.776500	1.975600	-0.183100	-0.516000	5.163700
200	3.338600	4.547100	2.738300	6.420600	5.530900	8.869700	2.732400	7.444500	4.551200	4.000800	2.713500	2.619200	6.386600	4.189200	6.172900	4.365300	6.946700	0.000000	2.671500	4.429000
201	-1.367800	0.475700	0.414800	1.446300	0.879200	5.454200	0.784300	1.368800	1.981000	0.942700	0.000000	0.522500	0.504600	1.290000	0.321000	1.634100	1.367700	2.088200	2.482000	7.892900
202	0.259600	0.296400	0.069300	0.923500	0.509600	-0.634900	0.013500	0.940600	0.375500	0.383600	0.474500	0.000000	0.225000	0.241600	-0.047800	-0.035900	-0.126400	0.176200	0.172000	0.505600
203	2.590500	1.157800	-0.438900	0.000000	-0.665200	1.640600	-0.027900	1.260800	2.000100	1.080500	-0.486500	-0.042700	1.053200	0.533100	1.866400	1.372500	-0.065000	0.182700	0.021900	1.130500
204	0.864700	0.433800	-0.268300	0.000000	-0.534400	-1.026900	-0.784200	0.273600	0.832100	0.430500	-0.852500	-0.544900	-0.279300	0.161300	0.567900	0.254200	-0.323400	-1.950000	-1.148600	0.259500
205	0.885400	-0.526400	2.264200	0.268600	4.131100	10.748900	10.858200	-0.740400	-0.388000	-0.910200	4.440000	8.815400	7.608100	6.472600	0.000000	1.122400	22.084600	31.610040	21.031800	26.701800
206	0.000000	2.435400	4.866300	5.379600	7.811100	5.437800	3.522800	6.277300	2.975100	3.995700	4.034300	5.508500	5.237200	4.215700	8.814300	8.478600	12.844300	13.305200	13.249100	30.961560
207	5.157800	4.008800	0.000000	2.489800	0.561200	3.215300	4.303000	4.008700	4.446700	3.579000	-0.139900	2.923700	5.459500	2.569700	6.409200	3.227600	6.279700	8.581400	2.352400	4.144900
208	2.990600	1.282900	-2.062800	-0.115000	-0.635100	3.976400	1.228500	0.405700	2.085900	0.759300	-1.509500	0.747200	0.000000	1.170200	1.756700	0.803400	0.081800	0.712200	-0.834200	1.560000
209	4.797900	3.279000	-0.551900	0.952900	0.219900	4.270500	1.728900	2.795100	4.320800	2.616000	-0.056600	0.000000	2.326500	2.069700	4.885000	2.979800	5.892000	8.347100	7.035200	4.500700
210	2.080200	0.000000	1.443900	-0.691500	0.223900	2.160800	10.728600	0.688700	1.208700	0.061800	0.210500	5.475200	5.348100	1.750800	3.461300	0.747600	15.099400	11.802000	5.888600	24.277300
211	3.434800	2.509500	0.019300	0.682600	0.000000	2.820800	1.996600	2.146400	3.205200	1.976100	0.482800	1.454600	2.056600	1.787300	3.750600	2.545100	5.362700	7.795600	6.599500	5.245000
212	6.603000	4.728800	3.305100	2.874000	2.198500	5.170300	5.264400	5.413500	6.008900	4.747100	2.763900	4.560000	5.178300	4.796100	5.457800	4.193900	3.488300	0.000000	0.103400	4.087400
213	0.272800	0.225400	-0.884100	0.293200	-0.227700	4.460300	-0.902200	0.294800	0.299300	0.220000	-0.866000	-0.418500	0.411300	0.000000	0.512400	0.323600	1.303500	-0.316000	-0.251200	0.740500
214	0.000000	3.015000	2.561000	5.536500	5.401900	9.550800	2.967200	6.098300	3.901200	3.197100	2.596000	2.812900	3.499800	3.358100	4.483400	3.813300	5.065600	2.965100	2.948100	3.855000
215	0.667700	1.250000	1.230100	2.003200	1.877000	0.000000	0.605000	1.738100	0.825800	1.289800	1.302400	0.587000	1.670900	1.059400	1.560200	0.758100	1.190400	0.907200	0.863800	1.477100
216	-0.133600	-0.129900	-0.201200	0.081300	-0.059100	-1.009700	-0.604200	-0.043500	0.000000	-0.161300	-0.345300	-0.544600	-0.151000	-0.198100	-0.003400	-0.078300	-0.144500	-0.407600	-0.428900	-0.107100