SITE	GLY	ALA	LEU	VAL	ILE	PRO	ARG	THR	SER	CYS	MET	LYS	GLU	GLN	ASP	ASN	TRP	TYR	PHE	HIS
4	-0.051200	0.025200	0.079000	0.132700	0.229600	0.110200	-0.076000	0.071100	0.032300	0.043700	-0.055100	0.025300	0.000000	0.009400	0.005900	0.068300	-0.086100	-0.841900	0.063800	-0.071900
5	4.320600	3.415300	5.820100	5.640900	8.333100	2.858500	6.877200	7.917200	4.447200	0.000000	4.336500	5.401800	3.357300	6.097100	4.884700	4.921400	8.592300	4.097200	3.765000	8.296200
6	1.362700	1.159400	-0.128000	0.842800	0.000000	2.728800	0.903400	0.967200	1.123300	0.828800	-0.694200	0.522700	0.656000	0.672400	0.962800	0.897400	1.065800	0.999800	0.922200	1.200900
7	1.858000	1.409000	1.388500	1.203700	1.000300	1.073500	1.031000	1.246100	1.552400	0.910700	0.582000	0.976900	0.000000	0.408700	1.138600	1.435800	1.297200	1.362300	1.350500	1.851700
8	0.672900	0.203000	-0.208400	1.502500	0.636800	4.164500	-0.166000	1.432400	0.590700	0.048400	0.069200	0.075700	-0.439600	-0.227100	-0.203700	0.000000	0.265800	-0.109700	0.175400	0.333600
9	3.478700	1.813100	0.906500	1.535000	1.189800	2.900200	0.081900	1.582700	1.897500	1.566600	-0.061700	0.332500	1.664800	1.353400	2.259700	1.835000	-0.792500	0.000000	0.023800	0.890700
10	-0.013100	0.000000	-0.777600	-0.663000	-1.162400	0.343200	-2.024100	-0.464700	-0.042300	-0.289800	-2.342600	-1.369900	-0.458600	-0.458900	-0.301600	0.149600	-0.134100	-0.534100	-3.070500	-0.132200
11	2.097500	1.252400	0.126700	1.179800	0.786100	0.416400	0.407500	1.569000	1.949100	1.326000	0.353500	0.000000	1.184500	0.802300	1.602300	1.593300	1.535600	1.360200	1.304100	1.707400
12	0.082400	0.036000	-1.712300	0.000000	-0.706800	2.011200	-0.877700	1.283100	2.167200	0.586600	-1.730600	-0.179600	2.528500	1.012800	3.049200	0.808400	0.090100	-1.358200	-2.991300	0.300600
13	0.571100	0.056200	0.612300	1.186300	0.888100	-0.507900	0.766100	1.721200	0.584900	0.649900	0.533100	0.935200	1.385800	1.392600	0.187000	0.000000	0.634900	1.123900	0.929800	1.596600
14	0.000000	2.805900	2.872100	4.535700	4.439200	6.595600	3.086200	4.529100	3.150900	3.036900	2.583400	2.943400	3.081500	3.193000	3.115400	3.131500	2.641600	3.163800	3.149000	3.344100
15	3.463400	2.864600	0.384700	0.881200	0.000000	3.372900	2.146200	2.654600	2.969800	1.819200	1.665800	1.841500	2.702800	2.579100	3.272500	2.795600	1.610000	1.803800	1.502300	2.335300
16	2.114500	1.297000	0.047600	0.962900	1.239400	0.391000	0.439000	1.579400	2.089800	1.055800	0.205700	0.662200	1.290700	1.034500	1.986600	1.535500	0.575800	0.000000	-0.201600	1.416200
17	4.717600	3.342700	1.218500	0.740500	0.000000	7.900100	6.817800	2.863100	3.575300	2.611100	2.199700	5.259900	5.364800	1.239200	7.502100	3.393600	12.817800	5.462300	6.824900	5.047700
18	4.767400	3.115500	2.108200	3.070900	2.821000	7.642900	3.237600	4.743800	4.428100	3.221300	1.283200	2.792700	4.251700	3.602800	4.938200	3.688100	1.607600	0.000000	0.286800	3.534100
19	4.107200	2.870900	0.733300	1.957200	1.495800	4.710900	2.232200	3.202200	3.193100	2.424800	0.502300	2.070400	3.851000	2.948600	5.133600	3.894900	0.002900	0.000000	0.233900	2.662600
20	4.542400	2.890800	0.840600	2.631300	3.234800	5.654800	0.967200	3.090300	3.734400	2.321100	0.308700	0.000000	3.265700	1.900400	4.499200	2.977500	3.054100	5.494400	4.164800	7.307200
21	5.806500	3.964300	0.000000	1.252800	1.336000	6.626900	3.348300	3.209700	5.155800	2.835600	0.591200	2.546900	3.380700	3.121400	3.969000	3.421300	2.638400	4.862700	2.353800	3.640000
22	5.276600	4.763400	4.139500	5.238500	6.231800	8.132600	6.925800	5.963700	6.064400	0.000000	4.655400	4.163200	7.410800	6.559700	5.789400	5.544200	8.218400	4.646300	5.051000	5.945100
23	2.334400	1.635700	0.367300	1.586400	3.483400	1.063700	0.894700	1.887700	1.704700	1.423900	0.400700	0.000000	1.646400	1.145800	2.302600	1.734900	1.466500	2.073100	1.916200	1.881600
24	-1.898000	0.000000	-0.633800	1.201700	0.649100	3.159600	-0.041400	-0.007600	0.148300	-0.201400	-0.810100	-0.284800	0.001900	0.032100	0.807800	-0.507500	-0.401600	-0.360300	-0.409500	0.258400
25	1.314300	2.006000	1.889800	2.418800	2.561300	0.000000	1.819700	2.261600	1.938700	2.082800	1.837700	1.739900	1.934000	2.029800	2.077300	1.999600	2.009800	1.837000	1.883000	2.066800
26	0.474800	0.809400	0.793800	1.138000	2.285900	2.709100	0.427200	1.031400	0.914800	0.662500	0.609400	0.202800	0.000000	0.247300	0.427700	0.431400	1.977400	0.488100	0.341400	0.668800
27	1.406500	0.958200	1.494300	0.462200	0.028900	-0.169200	1.632500	0.519200	1.521500	0.809800	0.484900	1.380600	0.000000	1.152000	1.373300	1.538300	1.341400	1.262800	1.344100	1.762300
28	1.640600	0.881300	-0.026900	1.299100	0.765400	4.543300	0.452400	1.253300	1.290300	0.837100	0.220100	0.000000	0.967400	0.569600	1.373700	1.315400	0.713000	0.610600	0.567500	0.611700
29	0.790300	0.000000	2.391800	1.134600	0.187000	3.881900	3.515300	0.619000	-0.403800	-0.541300	-0.154100	2.184300	-0.167900	1.159100	4.523700	2.755400	7.962900	8.790800	5.086500	4.716000
30	2.833200	1.399700	-0.817600	-1.125300	-1.540900	1.203500	-1.042300	-0.603000	2.072600	0.598600	-0.438700	0.000000	3.212700	0.094800	3.398200	0.972700	4.800700	-0.391700	-1.172900	0.643600
31	6.838400	4.590400	0.000000	2.532400	1.805400	9.545100	5.544900	3.676700	5.598200	3.496500	0.588300	4.921600	5.330700	4.110600	5.625500	4.352600	11.802300	12.290500	5.780000	6.475100
32	4.987400	3.596200	0.112000	1.630000	0.380600	3.735500	2.894000	3.559500	4.597000	2.877300	0.000000	2.260900	4.188900	2.848100	4.914400	4.005300	13.126200	12.003500	6.662300	8.861500
33	3.988800	2.247200	0.272100	0.099400	0.206600	5.705200	13.623200	0.000000	2.391500	1.435700	3.894700	6.905800	5.804300	4.198100	4.933600	3.117000	21.567400	12.808400	8.590100	40.125000
34	5.314500	3.764900	0.102800	1.476900	0.378200	6.738100	3.251200	4.000200	4.668900	2.702700	0.000000	2.036500	4.912800	2.773800	4.714500	2.492000	9.247900	4.887600	2.824600	2.081700
35	2.698700	2.158600	5.342700	3.079700	3.431200	-0.165800	12.258700	5.494400	2.214600	2.675300	3.617200	5.668000	2.709500	4.705300	5.714600	2.856500	16.970600	11.964700	6.993700	0.000000
36	0.000000	3.099800	4.346800	7.317900	7.550000	9.180700	2.680600	5.910700	2.804000	3.027300	1.787200	3.182300	6.076300	4.323500	7.078800	6.311400	10.624200	6.963100	6.454300	71.891500
37	0.000000	10.398700	35.365460	30.673480	37.822170	20.756600	32.886597	28.725060	19.143400	17.837500	27.919030	32.965440	29.673160	31.653406	29.928960	32.609854	58.658700	57.849500	44.365500	77.903200
38	6.474100	7.701300	9.004600	9.090900	9.337700	0.000000	18.988800	10.068500	8.555100	8.537900	7.767600	11.285000	14.776100	10.230700	8.997500	10.161300	20.213600	17.916500	13.472300	14.019600
39	0.000000	8.628400	25.396220	22.784300	27.199750	20.398900	33.591578	21.531400	13.917000	12.646600	20.619700	27.949630	20.426100	22.511800	21.825800	21.717200	64.320500	49.016900	40.240550	52.376100
40	0.612700	1.790400	0.081700	3.101100	2.587300	3.415900	0.352900	4.019500	2.098300	1.809900	0.000000	1.237900	3.250500	2.502500	3.678500	2.776900	0.034900	-0.951000	-0.960900	2.182200
41	1.890300	1.676600	14.881500	8.632200	9.201600	8.193700	37.952940	6.373700	0.000000	6.474100	17.128500	22.083820	26.189550	20.135800	14.658700	8.398000	69.197800	52.740000	43.560200	39.098980
42	2.401500	1.569100	0.014300	4.262300	1.888100	6.762900	7.859800	1.861600	0.884300	1.671100	0.575400	6.604700	4.289500	3.282500	6.068300	0.838200	11.629300	4.341800	3.858100	0.000000
43	2.541700	1.228100	-0.010800	1.084000	1.738500	3.033900	1.702800	1.435500	2.201100	1.810200	0.214100	0.979200	2.030300	1.538000	0.000000	1.894000	-0.340600	0.208900	-0.270000	2.645200
44	6.191100	4.963900	2.591600	4.904700	5.386100	5.830900	2.607600	7.008200	6.054700	4.768600	2.553700	3.913000	6.081100	5.065700	6.986700	5.238400	3.909100	0.000000	1.560100	3.704200
45	5.099800	3.650100	0.000000	2.618600	1.882000	7.487700	8.210200	2.814700	3.829200	3.481100	0.771200	3.413300	5.043400	3.335900	5.124000	2.670900	18.348000	13.992400	6.408800	6.444800
46	2.345300	1.299000	0.000000	2.016500	1.288300	6.843300	1.721500	1.751500	1.931500	2.092100	0.380300	1.259300	2.113100	1.428600	2.284300	1.703300	2.381800	1.467000	0.710800	1.458700
47	1.542000	-0.317000	10.163100	3.216000	4.039400	-0.449400	2.836900	3.521800	0.000000	2.465300	7.836900	5.020700	12.125800	11.848800	3.816600	0.256700	5.779000	10.582800	6.929900	6.310200
48	5.090800	3.737800	0.000000	2.680500	2.008000	8.236700	11.343800	2.986800	3.862000	3.136800	-0.116700	5.062300	3.014400	2.721900	5.209900	3.304600	17.364000	8.390600	6.732200	5.010700
49	1.454000	0.461700	-0.978300	0.627400	0.107000	9.278800	0.000000	0.509300	0.815500	0.921900	-0.975600	-0.170100	0.651500	0.186400	1.867800	1.228000	0.855300	0.101200	-0.188900	1.250800
50	0.758800	-0.027000	-0.923600	0.118500	-0.140000	1.631000	0.272300	-0.869800	-0.417300	0.389100	-1.206500	-0.091800	0.741000	0.173600	0.000000	-0.654800	-0.166200	0.258400	0.045400	0.564400
51	4.523500	2.942300	0.724700	4.036200	4.609700	7.331900	6.161200	3.691700	3.328400	2.845600	0.000000	1.779500	4.905100	2.456400	5.511000	2.764100	18.670600	23.460300	13.080100	23.516690
52	1.216500	0.286200	-0.169800	-0.422400	-0.663400	3.138800	0.183400	0.000000	0.914500	0.425200	-0.344300	0.285000	1.224200	0.316100	3.427800	0.713500	1.565600	0.775300	0.474200	1.139800
53	0.391000	0.526600	0.653100	1.158200	0.676300	2.700500	-0.270800	0.618000	0.545200	0.970600	0.633500	0.000000	1.426600	0.319300	1.997900	0.791100	0.818400	0.838800	0.682500	-0.628000
54	0.294800	0.101000	-1.077400	0.535900	0.100100	0.743300	-0.817200	-0.257600	0.090100	0.162400	-0.700100	-0.934600	0.000000	-0.422000	0.099600	-0.086500	-0.630400	-0.590300	-1.483500	0.253900
55	0.000000	3.350700	4.479000	7.557400	11.551100	5.897800	4.663100	7.769200	4.187800	4.302600	4.005000	4.291000	5.155600	3.591400	5.555300	3.896000	4.500200	3.636600	3.570800	4.359900
56	5.538900	4.301400	0.998900	0.999200	0.000000	7.147000	10.521200	2.762600	5.045500	3.322800	2.577300	4.205300	6.422200	4.732200	5.848300	4.243000	7.948700	13.431200	9.423100	32.473530
57	2.465800	1.137300	2.292800	0.779900	2.433100	2.848300	2.432500	0.000000	1.170700	1.538400	0.064400	4.636800	2.858700	3.293300	4.256200	4.628700	13.216200	12.450500	11.073600	27.823500
58	5.205900	3.433300	-0.145900	0.000000	-0.320100	7.312400	8.704300	2.381700	3.657800	2.256400	0.697000	5.755600	5.634800	4.880800	5.439200	3.524700	14.570100	11.127700	5.226600	25.355840
59	6.215500	4.664800	0.000000	1.937400	2.580000	5.267800	6.045400	3.879000	5.615800	3.701500	0.170500	4.218000	5.005300	3.865500	5.320100	4.367600	3.625400	2.954600	1.352100	3.286000
60	6.113100	5.067000	2.382600	6.450100	7.992400	6.554700	6.530000	6.090400	6.139400	4.522800	1.480200	4.150100	6.563700	4.398700	7.091500	4.556300	5.849900	2.158500	0.000000	2.980600
61	3.050500	3.005900	1.787600	4.373300	5.605600	3.646700	1.894200	2.461400	2.538400	2.975700	1.356900	2.154500	5.385900	2.808000	5.369100	3.800200	-0.624500	0.000000	-0.599200	2.059700
62	6.261100	4.643400	6.966700	5.876700	9.662600	7.528600	8.321700	4.067600	5.594900	4.115600	4.379700	7.658600	5.351500	7.996000	0.000000	4.527000	20.172600	17.985700	15.034600	9.954500
63	1.263800	0.562900	-2.087500	1.338200	1.095400	3.887900	2.077200	1.715300	0.282400	0.085200	-2.144500	1.807900	1.607400	0.000000	1.243900	0.516300	14.814000	5.043800	3.057000	4.188500
64	5.599700	4.246100	5.474700	4.081600	3.077200	1.037400	5.763000	5.804400	4.003500	4.398900	1.385700	5.000500	5.529400	4.268900	6.254500	4.893200	2.058500	1.211300	0.000000	2.783600
65	0.000000	3.622100	6.516700	7.883300	8.572100	12.475200	9.996800	6.958100	5.200900	4.484200	5.141400	8.188800	7.580700	7.120200	5.619800	7.456800	13.712400	15.233600	13.249200	46.453400
66	1.175300	0.283400	3.003700	2.355600	3.731500	6.272000	5.505700	3.171700	0.886000	0.000000	1.818700	2.995400	5.046900	5.403900	5.135000	3.350200	18.985800	11.535000	9.172800	7.551200
67	0.000000	7.213100	22.202800	11.931000	16.882300	12.788400	47.459800	12.254900	9.181000	9.205700	23.008300	29.544080	30.950370	26.630730	21.864500	20.227300	35.889940	26.713820	26.064320	65.378400
68	3.538300	2.808800	1.381600	2.997500	2.479000	3.931200	0.000000	3.590700	3.078100	2.320900	1.454200	1.405200	2.350500	1.859000	2.534800	1.346500	2.566900	2.068800	1.986800	2.933400
69	2.727200	1.571400	11.371300	6.210700	6.974000	8.696000	17.721000	5.205900	0.000000	3.344400	8.333700	12.337700	14.446700	10.504400	13.632000	12.147400	30.009960	23.122270	17.974200	58.196400
70	1.377200	0.600800	0.334200	0.392300	0.356100	3.040600	-0.889400	0.656700	0.779300	0.864100	-0.288100	0.322800	0.000000	-0.045100	0.332000	1.025900	0.264100	0.470300	0.408100	1.117800
71	1.579000	0.706800	1.111300	0.753400	0.961200	0.141400	1.041200	0.514700	0.979700	0.401000	-0.408500	0.507200	0.000000	0.443100	1.007600	1.200600	1.265300	1.016500	1.002100	1.490600
72	3.373800	2.960000	3.448100	2.996100	3.712900	0.000000	7.135100	3.894900	3.319800	2.302000	4.042600	6.890700	3.539700	7.911400	3.629600	2.298000	8.785400	6.075300	5.781800	24.518590
73	1.932800	1.202000	1.365700	1.703900	1.619900	-0.042100	1.533700	1.743100	1.638600	1.837500	1.513400	1.266400	1.023500	1.558500	0.000000	1.165900	1.542800	1.616600	1.561500	1.754700
74	1.254300	0.538400	-0.792900	0.605500	-0.257100	-1.058800	-0.182100	0.808100	1.131100	0.877000	-0.420200	-0.422600	0.329400	0.000000	1.227700	0.983600	-0.252900	0.137100	-0.324300	0.803500
75	0.886000	0.287100	0.559800	0.951900	0.770600	0.061000	-0.172600	0.531700	0.000000	0.915100	0.753400	0.226400	0.602600	-0.027000	0.809100	-0.209700	0.924500	0.799000	0.799400	0.340700
76	2.131300	0.978100	-0.539900	3.566600	5.106100	4.159500	0.194500	2.222400	1.618300	1.296300	-0.252800	0.000000	0.882000	0.413900	1.028300	0.035700	0.131800	-0.040700	-0.214700	0.590000
77	4.962000	3.712500	1.406000	4.772800	4.949200	7.762500	3.868400	5.230700	4.705500	4.160400	1.055200	2.932400	6.424200	5.093700	5.604600	5.124800	3.614000	0.516400	0.000000	3.978300
78	0.288200	0.896400	0.791900	0.459800	0.550700	6.561400	-0.147500	0.000000	-0.282200	0.649400	0.492200	-0.108600	0.344800	1.249100	-0.936600	0.188800	0.804400	0.902800	0.661300	1.297900
79	3.924100	2.740200	-0.286300	1.253600	0.000000	1.427400	4.033000	1.701600	3.140900	2.706800	-0.530900	3.124900	2.576400	2.191200	3.446600	3.419600	3.529900	2.244100	1.054300	3.601700
80	1.528300	0.760600	0.682800	1.538500	0.874500	-0.176600	1.208500	0.860300	0.697100	1.612200	0.109800	1.068000	-0.567200	0.766300	0.000000	1.249100	0.175400	0.981100	1.031400	1.542700
81	4.054200	2.564900	1.266300	1.815500	1.273600	2.802600	2.584500	2.161600	3.137900	2.703300	-0.188500	2.334100	2.731800	2.098500	2.460200	2.105900	0.823600	0.000000	-0.759900	1.019700
82	0.000000	-0.640800	1.342500	3.470400	5.713000	5.672700	4.172000	4.225600	0.450900	1.172600	2.680800	4.112900	5.948800	8.210900	1.698700	0.853900	16.344200	17.067500	17.763300	30.347041
83	3.493600	1.856400	1.384700	0.000000	0.626000	5.630200	0.781300	1.963800	2.876100	2.324700	0.477300	0.981300	4.147000	2.281500	4.730500	3.501000	11.568200	15.655000	10.852500	16.719500
84	1.736600	0.819100	0.234700	1.141500	0.367900	1.632700	0.155000	0.705800	0.931700	1.349000	-0.063200	0.293900	0.000000	0.204600	0.291300	0.974800	0.378100	0.472500	0.230000	1.016000
85	4.262500	2.499400	-1.166100	0.576000	0.081800	5.465500	3.380000	2.062400	2.995300	2.377100	-0.735000	2.254100	0.000000	1.663600	3.751100	3.247600	11.331000	2.143600	0.078100	2.932300
86	2.199300	0.000000	2.000600	1.492100	0.714400	2.982300	6.964500	1.767400	1.385600	1.006300	-1.395200	6.326600	2.027100	0.176100	1.699600	0.734600	16.669900	13.695500	7.032200	2.660400
87	5.543900	3.981800	3.631400	4.102000	3.676800	12.645900	4.584000	4.060500	3.577000	2.906000	2.984700	3.901500	0.000000	3.310500	2.677400	3.947700	3.924700	3.526400	3.281500	3.883100
88	1.306100	0.000000	-0.782200	0.194900	-0.054600	3.284100	-0.124400	2.376100	0.933400	0.635400	-0.528000	-0.407500	1.057700	0.646700	2.331600	-0.278200	0.784600	0.170400	-0.084200	0.750000
89	4.702800	3.278400	0.000000	1.303800	0.214200	5.665800	2.920300	2.347800	3.544700	2.974100	0.021000	2.806900	4.055300	1.807400	4.940000	3.253200	5.167700	9.782600	4.448700	2.841800
90	4.853400	3.413800	1.132200	2.334900	4.526200	6.587300	0.000000	2.814800	4.428500	3.970700	1.421100	2.626100	5.916800	4.079800	5.880100	4.494000	3.966200	2.538400	3.266900	2.267200
91	0.124100	-1.011200	-1.368300	0.732200	0.651400	5.099900	-1.100100	1.043000	0.000000	-0.038400	-1.154100	-1.294200	-0.786500	-1.207600	-0.041800	-1.077600	-0.991400	-0.914800	-0.980800	-0.741400
92	-0.014200	0.206100	-0.235700	1.979100	1.335000	2.296000	-0.406700	1.398400	1.034300	0.063700	-0.268300	0.000000	0.862900	-0.030600	0.498900	-0.172800	0.423900	0.118700	0.045200	-0.496900
93	3.878600	3.052200	0.000000	2.374500	1.602800	8.684900	2.128200	1.993400	2.825200	1.130800	-0.427200	1.447000	2.272200	2.253900	2.454000	1.975300	5.425900	4.998100	1.721200	1.958000
94	6.000700	5.391000	3.097300	4.216700	3.682400	8.767400	4.919000	4.031300	5.039800	4.464100	1.245200	5.053100	6.520900	4.179800	6.186400	4.872400	2.192600	2.292900	0.000000	3.125800
95	0.000000	2.947800	3.101600	3.953100	3.699600	4.644600	2.490800	3.387300	2.644000	3.017700	2.854600	2.321200	2.907700	2.825400	2.914600	3.056000	3.032700	3.032200	2.746600	3.197900
96	0.240000	0.320200	0.134100	0.326200	0.348600	-0.230700	-0.070700	0.300700	0.249500	0.452700	0.242100	0.209100	0.039100	0.300400	-0.161700	0.000000	0.236800	0.225600	0.181000	0.336700
97	0.658300	-0.144300	-0.341000	0.042100	-0.176000	2.291100	-0.157600	-0.401200	-0.016800	0.191300	-0.513600	0.078900	0.000000	-0.566900	0.442500	-0.002600	0.488300	0.197700	0.209200	0.356300
98	0.702600	0.117000	-0.012700	1.515100	1.266700	-0.196000	0.153500	0.996700	0.999100	0.776600	0.352900	0.000000	0.647700	0.554300	0.841400	0.786600	0.846800	0.831900	0.816200	0.884100
99	3.662600	2.477200	0.142600	0.000000	-0.489600	4.894200	9.612100	2.119500	2.631700	1.898000	0.184400	4.235900	3.611000	3.412100	4.571900	3.290900	15.699900	9.352300	5.592800	6.450100
100	5.309700	3.860600	2.125700	2.190400	1.253700	4.283600	5.682900	4.199600	5.140000	3.598300	1.169900	3.537400	5.800100	4.980600	6.075700	4.348500	2.429800	1.744100	0.000000	3.542600
101	5.922300	4.124800	0.000000	2.112900	1.927400	9.532000	3.326300	4.556400	5.458200	3.505000	0.319400	3.387900	5.269500	3.010400	5.840100	4.501100	12.114200	0.178800	-0.765000	5.378900
102	5.110600	3.230100	0.877000	1.426700	2.157100	9.683600	7.078200	2.858100	4.288400	2.585700	0.000000	4.600300	3.327800	3.455400	4.491200	3.269600	9.191600	0.277800	-0.484600	1.819700
103	0.000000	5.669400	20.100400	15.088400	18.029600	11.175300	32.967050	14.071500	10.100500	8.331600	18.678900	21.537400	19.248800	17.817500	17.873100	17.247000	33.947410	32.273360	29.574780	101.248000
104	1.331400	-0.182400	-1.750600	-1.485700	-0.489000	2.676400	3.567300	-0.803500	0.000000	-1.130500	-2.903700	0.048700	-1.096000	-1.853900	-1.076800	-1.271600	8.974400	3.367000	2.331600	-0.762400
105	-2.483000	0.000000	-0.147600	2.362000	2.680400	5.297900	-0.316800	2.756500	0.447600	0.768800	-1.134000	0.296300	-0.067200	-0.339500	1.437500	0.574500	-0.214800	-2.310900	-3.480800	1.440900
106	4.075100	3.318100	1.714100	2.721700	1.795000	1.599700	4.359500	3.274900	4.087400	3.750600	0.549000	4.077000	4.295800	3.346300	3.613100	3.552300	0.580600	0.000000	-0.376700	2.625800
107	0.000000	5.850500	33.655203	24.655060	33.836460	22.592400	47.502200	24.580270	14.496800	15.283700	27.300020	38.671350	32.535540	33.514583	33.969195	33.079583	94.470700	73.951400	73.040400	87.321200
108	0.000000	1.781500	12.741500	8.893500	16.948200	19.909800	21.668700	6.934600	5.445300	7.720500	10.032800	15.384100	11.992100	15.393400	13.721400	12.388300	36.336470	30.198570	23.854180	51.068400
109	1.719200	0.000000	1.000300	2.398900	1.310800	0.473900	5.741000	3.680900	0.723300	2.003700	-0.388200	3.999800	3.438900	4.391000	7.860500	5.274700	23.235670	28.035970	30.006750	36.395590
110	4.748000	3.191400	0.000000	2.446000	3.632800	7.422200	1.488900	2.407800	3.679700	3.572500	0.268100	1.343100	5.012300	3.064600	5.205000	3.998500	10.987500	16.526100	11.014100	5.702800
111	1.854000	0.000000	4.394400	1.255900	5.448400	7.392000	14.908900	1.952000	0.861900	3.253700	6.683200	11.625100	10.081300	11.290800	9.741700	8.268300	34.509570	30.982663	28.453290	22.749850
112	5.344800	3.664100	0.000000	2.761800	1.732100	8.270600	9.965900	4.252100	4.248400	3.728800	0.281000	4.712100	5.019700	3.334300	5.525200	3.824400	11.673900	7.897100	4.977800	5.228700
113	1.739100	0.000000	-1.199600	-1.056600	-0.289400	4.601500	0.142400	-0.181100	1.650300	0.561700	-1.615600	-0.065200	-0.501700	-0.163000	1.006900	1.430100	-0.211700	-2.620500	-0.733900	-0.380300
114	7.949600	6.122500	2.812200	4.108100	5.660500	11.728500	4.364800	6.084000	7.806600	6.442300	1.846600	4.939400	7.782600	5.224900	8.676900	6.712200	4.945300	0.000000	0.529300	4.173300
115	1.941000	0.000000	1.333600	0.635700	1.606400	4.710900	14.851400	-0.125500	0.788100	0.331500	2.380600	8.306900	8.847400	7.413500	5.269900	1.658300	24.509150	22.531580	10.397500	17.098200
116	1.955000	1.119600	-0.344300	0.000000	0.098400	5.833300	1.206500	1.746000	1.233100	1.309200	0.261800	0.874200	2.102500	0.913200	3.248200	1.768400	1.619000	2.475000	0.086600	1.510700
117	2.252600	2.002400	-0.175400	0.733300	0.557600	4.078800	0.242700	0.496400	1.559200	2.345500	1.368300	0.000000	1.726100	0.159900	1.496800	0.972400	0.626100	0.660000	0.268900	-0.245200
118	4.524800	3.359100	1.592200	5.069800	5.304100	7.447300	1.798800	4.805400	4.521100	3.133200	1.294700	1.931100	4.291500	3.243200	5.527500	3.427300	1.738800	0.000000	0.089600	2.822800
119	1.615700	1.344900	0.838400	3.272400	4.953500	2.935000	0.324000	3.282300	1.937800	1.549500	0.489800	0.500700	2.125600	0.000000	3.286900	1.059900	1.386000	0.994300	1.224400	1.465000
120	0.150400	0.027200	-0.579400	0.547200	-0.155900	0.653900	-0.264200	0.746400	-0.141700	0.059800	0.120700	-0.433500	-0.294500	-0.207200	0.000000	0.161700	0.536100	0.403600	0.338900	0.557000
121	1.886800	1.216400	-0.003400	0.644700	4.067300	4.371400	0.629300	1.775500	0.969900	1.330600	0.071000	0.351700	1.551300	1.161000	1.993100	0.537500	0.443800	-0.572800	-0.834800	0.000000
122	4.717300	3.556500	0.000000	3.885500	3.283500	7.846700	9.683900	2.756400	3.563000	2.541400	0.614200	4.804100	5.960000	4.366500	5.806200	2.712400	13.871900	13.643400	8.852700	6.620800
123	0.352300	-0.253100	-0.805600	0.354100	0.092400	0.403600	0.084400	-0.025300	-0.321400	-0.308800	-0.678000	0.000000	1.183200	0.179000	1.416100	0.206000	0.626200	0.643900	0.477000	1.515400
124	0.000000	2.784800	13.023700	5.913900	11.256900	13.665900	21.167330	5.956500	2.523700	2.979800	14.028600	16.456000	13.496300	16.276400	9.144400	11.957600	36.833760	38.562060	39.106070	27.984570
125	5.717200	4.100100	0.000000	2.328600	2.159400	10.491700	7.652000	3.928000	4.570300	3.515900	0.307300	3.749800	5.287500	2.857900	5.975700	4.173100	12.809000	8.354600	3.993700	4.371500
126	6.638800	4.309700	1.897500	0.562700	0.000000	7.311500	8.315800	3.189900	5.126800	3.462300	0.758700	4.790400	5.863900	3.614900	5.408300	3.504900	17.168800	6.251600	9.975700	7.833100
127	5.138400	3.184100	-0.903800	0.000000	-1.032200	3.471300	8.570800	2.795500	4.287000	2.225600	1.237900	7.295600	3.683800	3.276000	4.562600	2.475000	9.224700	3.552900	0.813600	7.381600
128	2.617900	1.230400	1.038000	1.551900	1.889000	3.500200	5.841300	-1.468400	0.000000	0.281600	1.920700	2.018400	1.272900	0.945400	0.175700	-0.955400	12.791200	13.381000	7.394700	1.097100
129	0.000000	5.022700	11.533300	8.390600	12.212600	10.136000	12.741400	9.310000	5.013100	6.109100	7.014400	9.849700	8.795300	8.430900	10.890600	7.634200	19.542200	21.238000	17.533600	14.220400
130	0.000000	2.768500	8.004200	4.763100	6.358700	3.370400	19.543700	6.899400	4.157300	4.366600	7.564900	15.052500	9.224000	9.781600	6.184600	5.721800	38.591400	28.519420	21.704900	67.598800
131	3.053000	2.128800	0.000000	3.833300	3.943800	2.351900	1.061500	1.818400	2.584300	2.056800	-0.100000	1.796400	2.929800	1.596300	3.914700	3.238900	1.771300	0.360700	-0.267400	2.088500
132	0.785400	-0.342000	1.121300	-0.617800	3.172800	-1.441000	7.777100	1.010800	0.000000	-0.692300	2.024300	7.044400	5.834400	2.716000	3.055500	2.659200	21.896700	18.050000	15.067800	36.860240
133	2.412300	1.654000	5.496800	4.250600	5.281900	4.297600	3.901100	1.890100	0.000000	2.294700	3.387800	4.179300	3.938700	4.138300	3.793900	5.725900	10.209000	12.752800	10.971700	15.277100
134	3.499000	1.999700	-0.601600	0.000000	-0.511900	3.575500	2.161700	1.310000	2.852600	1.769000	-1.074800	1.832200	2.627900	1.150400	3.728600	1.783900	-0.665700	2.208600	0.422500	2.287600
135	2.041600	1.293300	0.538300	1.600000	1.091800	0.000000	1.530900	2.127600	1.917000	2.057200	0.353700	1.106000	1.222500	0.822000	1.354700	1.840900	0.625800	1.054500	0.981600	1.673200
136	2.968100	1.751800	0.000000	1.489900	0.846300	4.968000	1.142700	2.155800	2.267100	2.119800	0.013600	0.963700	1.520400	0.987200	2.178900	2.399400	0.926200	0.448500	0.116300	1.929000
137	1.977700	-0.250100	-1.987000	-0.936800	-0.281500	2.430700	0.204300	0.000000	0.545000	0.197500	-3.349700	-1.428100	2.305800	1.188800	3.685500	0.924600	-2.925800	6.938700	3.274600	2.070100
138	1.804900	0.725000	-1.180200	0.000000	-0.947300	4.417900	1.168100	1.668800	0.954000	0.789500	-0.894900	0.533000	0.151600	0.065700	1.889900	0.906800	1.689200	-0.132100	-0.561900	1.815200
139	1.070800	0.252300	-0.156100	0.461500	-0.125700	3.984700	-0.281100	0.934000	1.096500	1.032300	-0.397800	0.000000	0.086200	-0.065400	0.532500	0.887300	-0.302300	-0.378400	-0.448000	0.629200
140	3.736100	2.278200	0.705400	1.910500	1.421600	5.013300	2.640600	1.666300	2.806000	2.402800	0.645900	1.994400	0.000000	1.121200	1.602600	0.876500	2.823600	2.775600	2.170000	2.597600
141	3.496800	1.862200	-0.383100	1.559700	0.931600	5.473800	1.674100	2.844400	2.834800	1.983500	0.000000	-0.241500	4.285100	1.447800	4.713500	1.036700	10.495900	10.438800	7.774000	9.124800
142	0.840100	0.063600	-0.571300	0.420100	-0.386800	3.339500	-1.087700	0.767300	0.048400	0.535400	-0.990300	-0.367200	0.032300	-0.037200	0.547800	0.000000	-0.602500	-0.349900	-0.388700	0.249900
143	1.065700	0.247700	-0.029500	0.425700	-0.143400	1.528000	0.000000	0.215500	0.335800	0.878900	-0.762000	-0.031500	0.504400	-0.142200	1.127200	0.644800	0.549100	0.008200	-0.280800	0.560600
144	3.433600	1.691800	0.000000	3.150900	2.571300	3.394200	0.299000	3.626100	3.090000	2.344000	0.647500	1.560600	3.359300	1.778500	3.741900	2.691000	1.490000	0.982800	0.420900	2.320500
145	4.063900	2.885300	-0.267400	1.354400	0.000000	6.885400	0.761000	3.128700	3.139000	2.881600	0.265100	1.746600	3.623500	1.831400	4.420100	3.269000	0.984700	3.916200	4.954300	5.589500
146	0.155000	-0.609200	-1.123100	-0.242900	-0.719200	1.192900	-1.668800	-0.768400	-0.560200	-0.028400	-1.576500	-0.883200	-0.681300	-0.683600	0.000000	-0.420300	-1.242900	-1.210400	-1.321100	-0.390200
147	-0.355600	-0.175900	-0.658700	1.245000	0.654900	2.904400	-0.662400	0.194700	-0.996100	-0.072200	-0.657600	-0.483200	0.000000	-0.308200	0.613900	-0.626400	-0.033000	-0.202500	-0.245500	-0.757200
148	3.580400	2.085300	0.000000	2.661800	2.625700	2.530700	1.959200	1.999700	2.248500	1.595300	-0.719600	0.948300	3.680800	1.630200	4.203200	2.412200	8.835300	9.753000	4.110700	5.322000
149	3.226400	2.807900	2.127600	2.462300	2.184000	0.000000	2.510100	2.390900	2.530200	3.201900	1.930500	2.076500	2.436100	2.925000	1.224900	2.027700	2.426800	2.660800	2.454000	2.915600
150	0.408500	0.000000	0.136000	0.452900	0.403600	-2.292300	-0.451900	-0.384200	-0.534700	0.598400	0.117700	-0.692200	-0.974200	-0.375700	-0.113600	0.046700	-0.241000	-0.869900	-1.053800	0.815400
151	1.094600	0.660100	-0.001300	0.533800	-0.027900	-0.317300	0.058600	0.312900	0.486300	1.198100	0.179900	0.000000	-0.236300	0.282000	0.755900	0.150100	-0.048700	-0.365400	-0.388400	0.659800
152	4.724400	2.814000	0.905500	0.887600	2.889300	1.199300	2.545700	2.490000	3.646500	3.049300	0.837500	1.788900	2.304500	1.872700	4.225800	2.273600	0.863700	0.000000	0.188600	1.704500
153	2.821700	1.650100	0.477800	3.064000	4.109800	9.905600	0.000000	2.096000	1.888600	1.916900	0.887700	0.331800	4.178700	1.848500	5.157900	1.187500	1.967900	0.808800	0.454900	1.025000
154	0.596000	-0.532600	-1.080200	0.956900	0.669400	7.823400	-0.284600	0.425800	-0.050300	0.271500	-0.779000	-0.628000	-0.773000	-0.406000	0.000000	0.164800	-0.267900	-0.240700	-0.365500	0.286300
155	1.483700	0.000000	-0.136600	2.032300	2.959000	1.025600	0.640300	0.894800	1.343400	0.790200	-0.743100	-0.261800	2.981300	0.648900	2.351000	0.501000	-0.254700	-1.647000	-1.489100	0.112900
156	3.985300	2.530000	-0.221100	1.074500	0.000000	7.959900	2.309000	3.045500	3.545000	2.681400	-0.376600	2.815300	3.510500	2.379500	4.468900	3.625100	2.941300	3.065500	2.591100	2.860500
157	1.052500	0.437300	-0.353900	0.227100	-0.252300	3.215400	0.020300	0.338800	0.525000	0.561300	-0.922000	0.000000	0.811500	-0.167100	1.326000	0.357400	-1.007500	-1.584900	-0.734000	0.340100
158	0.659500	1.132400	-0.291700	0.862800	0.533100	8.139300	0.316600	0.683000	0.814400	1.216600	0.117800	0.000000	1.272900	0.776000	1.438200	0.674900	0.208900	0.493800	0.279600	-0.098100
159	3.074300	1.856900	1.031700	4.867100	4.940200	1.698600	2.372100	7.017300	2.775800	2.406000	0.543400	1.898000	2.842900	2.557800	3.861600	2.040700	1.736300	0.000000	0.917500	2.160800
160	0.000000	0.466900	-0.200700	3.975900	3.115400	10.974700	0.661100	3.050900	0.829800	0.704100	-0.174600	0.040700	1.167800	0.629900	1.012200	0.958500	1.661400	0.983800	0.927500	2.441400
161	0.941800	0.933600	0.584800	1.621800	1.455100	3.534300	0.097500	1.403000	0.000000	0.612500	0.637000	0.500500	1.091800	0.141300	1.222300	0.420900	0.688700	0.725400	0.737000	1.097300
162	0.367300	0.110100	-0.446400	0.819400	0.393800	3.330700	-0.621900	0.233700	0.000000	0.170800	-0.511200	-0.372500	0.101100	-0.239400	-0.147000	-0.537600	-0.254800	-0.098200	-0.141400	-0.176400
163	0.000000	2.360000	1.716900	3.061800	3.247200	4.911000	0.927600	2.770200	1.910400	2.123900	1.904200	1.060200	1.621800	0.884900	1.589800	1.006800	1.694600	0.773400	0.620700	1.805600
164	-0.344000	-0.552500	-1.536900	-0.639600	-0.545600	3.941000	-1.618500	-0.272500	0.000000	-0.509200	-0.776300	-1.579900	-1.008600	-1.124700	-0.822100	-0.665700	-0.180000	-0.937800	-1.207100	-0.790000
165	1.822400	1.385500	0.372300	1.232300	0.768000	0.269000	1.097000	1.320000	1.321000	1.693700	0.203800	0.619600	1.141100	1.196600	1.624700	1.608900	0.865500	0.000000	-0.512400	1.426500
166	0.126400	0.257700	0.000000	0.449600	0.214900	0.014500	0.095800	0.396700	0.156300	0.410300	-0.122900	0.017400	0.000000	0.167500	-0.178700	-0.009200	-0.267600	-0.181100	-0.236600	0.197700
167	2.077700	1.468600	1.702600	1.827300	1.566200	3.676400	2.417300	1.056300	0.536900	1.620700	1.719900	2.110300	0.046900	2.824100	-2.584400	0.000000	3.596900	1.263300	2.064500	5.104400
168	2.255000	1.697300	1.541700	1.837400	1.413400	0.000000	1.986300	1.979200	2.085300	2.156600	1.322900	1.817500	0.662000	1.285800	0.797200	2.093700	1.518200	1.543800	1.738900	2.228100
169	2.596800	1.737800	1.173300	1.602400	0.995700	1.040300	1.493700	2.237400	2.415500	2.355700	0.873200	1.399700	0.000000	1.085100	0.762400	1.932100	1.860900	1.532600	0.832900	1.880500
170	4.756700	2.924600	1.438000	3.967800	3.652100	10.293100	4.523100	6.266300	3.677800	3.186300	1.071400	3.447900	5.444500	4.262300	5.871700	3.088300	2.036200	0.000000	0.421900	1.964200
171	1.427400	0.645300	0.019500	1.048200	0.333000	6.314700	-0.407200	1.879500	0.819500	0.941800	-0.226400	-0.180100	0.299100	0.000000	1.003200	0.846400	0.502200	-0.081100	-0.289200	1.155200
172	1.772800	1.019000	0.536400	1.700700	1.238800	4.465600	0.681700	1.097800	1.025100	1.491400	0.135000	0.846500	0.000000	0.546800	1.091100	0.792900	0.752100	0.803800	0.746500	1.337600
173	1.713100	0.000000	10.573200	4.338600	5.383300	6.257800	9.902600	2.737000	0.657300	2.236500	7.637300	9.872200	11.230200	8.817100	10.032800	8.970800	24.016490	23.540670	22.349060	20.975000
174	2.905700	1.512900	-0.014600	0.000000	0.022000	2.478900	1.746600	1.253900	2.042900	1.349500	-0.006300	1.343800	2.003100	1.872500	2.908900	0.836000	7.765800	8.318900	9.187300	11.056900
175	0.606000	-0.140000	-0.715000	0.288500	-0.420000	3.471700	-0.003300	-0.049800	-0.123400	0.528400	-1.077200	-0.274700	-0.480500	-0.120700	0.010900	0.000000	-0.434400	-0.407600	-0.716900	0.240500
176	3.300800	1.947800	0.806300	2.335100	1.837000	6.096800	1.728100	2.368000	3.105300	2.448000	-0.243300	1.383600	1.902100	1.381600	2.882500	2.897500	0.618000	0.000000	-0.342300	1.591000
177	6.287500	4.346600	1.375000	5.020900	2.802600	8.097300	3.606600	5.183200	4.925300	4.548300	1.117000	4.277800	5.651600	3.653800	6.687900	5.562400	1.260400	1.299900	0.000000	4.009000
178	4.831800	3.294200	1.097400	4.406800	4.197000	6.994300	1.390700	5.129800	3.209800	3.532800	1.153000	2.492500	3.845000	2.430800	5.108900	3.898700	0.916500	0.000000	0.924200	3.334400
179	1.304900	0.906000	0.024200	1.485300	0.991800	3.637400	-0.623100	0.734900	0.133600	0.524900	0.154000	-0.115100	0.794900	0.564400	1.573000	0.561200	-0.290000	-0.715500	-0.589800	0.000000
180	2.594200	1.438900	-0.955300	-0.545000	-0.329600	5.228100	0.608100	-0.284300	1.416100	1.677600	-0.113600	-0.582600	0.546700	0.000000	1.256600	-0.829700	0.458700	0.663900	0.618500	1.318200
181	3.953500	2.745100	0.450600	3.720600	5.455600	6.604300	0.658000	1.316800	2.357100	1.783000	-0.542500	1.646700	3.778000	1.783900	4.263900	1.602900	1.433400	-0.120200	-0.905300	0.000000
182	2.984500	2.691300	0.000000	0.221600	0.924800	5.354800	0.766100	1.316200	2.461800	2.664200	0.420000	1.397800	4.288400	1.597000	5.313400	1.886300	2.662400	-0.222900	-0.661100	0.795200
183	6.215900	3.934200	0.000000	2.630700	4.785700	11.664500	3.429800	4.120500	5.049000	2.949200	0.148100	2.993700	6.003900	4.289100	6.618100	4.036000	12.066300	1.774300	0.726900	2.781400
184	2.817900	1.820700	0.364600	2.381100	1.282200	0.944400	0.000000	2.605700	2.511900	2.245700	0.135500	0.345400	2.990700	1.531700	2.581100	0.859800	1.336200	1.633800	1.521600	1.858000
185	1.161600	0.426800	0.139300	1.584900	1.438200	6.469900	-1.424300	0.878200	0.000000	0.118900	-0.753200	-0.609200	0.721100	-0.042600	0.336400	0.451600	0.450600	0.375800	0.447200	0.504800
186	0.122400	0.115200	0.000600	0.319300	0.340300	-0.352100	0.018000	0.263700	0.103800	0.012400	-0.082400	0.067300	0.000000	0.047900	-0.105800	0.024200	-0.032400	-0.003300	-0.012500	0.187600
187	1.661400	0.167700	0.215300	0.324900	0.131100	1.976500	0.178100	0.192100	0.366200	0.221400	-0.112100	0.043400	0.255600	-0.448600	0.000000	0.021000	-0.056300	0.053400	0.010900	0.242800
188	6.071800	4.766700	3.049600	3.044200	2.735200	3.423600	4.512800	4.579500	5.545600	5.010200	2.110000	4.288100	4.926100	4.868200	6.296800	5.668900	0.000000	4.542500	4.145900	4.161700
189	3.791200	3.003200	2.917000	2.516900	3.189500	0.000000	3.018400	1.577100	2.737600	2.996700	2.506100	3.600200	3.185400	3.805400	2.788000	2.330000	2.299900	2.133700	2.313400	3.706900
190	2.275800	1.801700	1.467700	1.974600	1.499400	0.000000	1.909100	2.016100	2.158400	2.385600	1.223100	1.674800	1.080600	1.510200	1.727700	2.220300	1.646200	1.890700	1.744300	2.316100
191	3.189500	1.466700	0.311200	2.490200	2.999300	0.005500	1.456100	3.503500	2.339700	2.043200	0.195600	1.062800	0.000000	0.907400	1.791900	2.211300	0.494500	0.449900	0.223700	1.656000
192	4.911800	2.815400	1.722500	0.000000	0.695400	1.502200	2.694300	1.787600	2.989900	2.687300	0.446900	3.792100	4.813300	3.572300	5.511200	3.971100	2.667100	10.626300	5.837700	5.403200
193	2.523000	1.672600	0.000000	1.387600	0.390700	3.522100	0.984600	1.178000	1.801200	2.002000	0.173500	0.750400	1.314100	1.411600	2.094200	2.024400	0.638800	0.888600	0.672700	1.830800
194	1.618000	0.604400	-0.345800	0.695400	0.008600	4.305700	0.409700	0.463000	1.062000	1.096000	-0.615600	0.000000	0.739300	-0.021700	1.368300	0.588500	0.019100	-0.014300	-0.338800	0.618000
195	2.544000	0.922500	13.634900	4.651000	3.914900	5.733100	13.470200	2.953900	0.000000	3.372100	8.294600	10.797800	8.041700	15.737800	9.787400	10.808300	32.868191	24.546100	22.106200	49.035400
196	3.157200	2.061400	0.000000	1.692500	0.532600	5.636100	1.568400	1.547000	2.787200	2.480000	0.176200	1.186800	2.499100	1.854200	3.273100	2.053500	0.958900	2.178600	0.443100	1.362600
197	0.526300	-0.403800	-0.580200	0.969600	0.709200	3.334400	-0.570500	1.693500	0.531100	0.567600	-0.761600	-0.280500	0.000000	0.135500	0.522800	-0.125800	-0.746000	-0.452100	-0.441700	0.059800
198	2.864100	1.544900	1.073700	1.811800	1.469000	6.090800	1.816900	3.206300	2.340600	2.106800	0.124600	1.462900	2.713700	1.926900	4.039200	2.747900	0.241600	0.000000	-0.498300	1.914100
199	1.605800	0.000000	2.504500	4.175300	3.640900	6.458200	0.814400	3.514300	0.594100	1.629100	-0.487000	1.215200	4.244400	2.389100	7.081800	5.280600	11.541900	10.797400	10.950300	49.639700
200	-0.326100	-0.432800	-0.333700	0.414400	0.102300	1.040300	-1.917500	0.662000	0.381600	0.490500	-0.991300	-0.390300	0.000000	-0.184800	0.690800	-0.070000	-0.591500	-0.645000	-0.959400	-0.685600
201	1.275200	0.565000	-0.112200	0.796300	0.132100	3.534800	0.000000	0.104800	0.188100	0.425900	-0.216400	-0.104800	0.537300	0.372800	0.965500	0.207200	0.266100	0.085100	0.162000	-0.279100
202	0.268400	1.185700	0.286300	0.622000	0.274300	2.259000	0.000000	-0.222400	0.293900	0.439200	0.187800	0.317200	2.155700	0.922900	2.147500	-0.377200	1.184400	2.684200	2.544000	0.664300
203	0.040700	0.506300	-0.578900	0.625500	0.685500	-0.178500	-0.339800	0.235200	-0.285400	0.438800	0.413100	-0.332500	0.634600	-0.159400	-0.052500	0.000000	-0.206300	0.085500	0.008900	0.328400
204	3.124500	1.527600	-1.181600	0.000000	0.381100	-0.279900	2.531800	1.612300	2.761500	1.755200	-0.669900	0.858200	3.327700	2.952600	3.403200	1.316400	6.403300	5.535800	2.822800	19.314000
205	2.290300	1.335600	0.413800	3.510600	2.911200	0.815600	0.757300	1.735200	1.623000	1.675800	0.423600	-0.358100	2.596900	1.974300	3.123200	1.166900	0.898800	0.000000	-0.141300	1.281800
206	1.597300	0.779500	0.219000	1.344400	0.909300	0.689700	0.000000	0.596100	0.593100	1.435000	0.227600	-0.618900	0.952900	0.600700	1.544000	1.343400	-0.358400	0.264800	0.742900	1.348500
207	2.141700	1.018600	-0.784300	1.143900	0.000000	3.400400	0.714100	0.996700	1.388100	1.294200	0.185900	0.196400	1.341700	0.680900	1.530300	1.312400	1.113700	-0.023800	-0.421100	1.238700
208	4.928000	3.606000	1.102700	2.760900	2.692600	6.390400	3.463900	3.891200	4.700100	3.180500	0.000000	2.372800	4.160500	3.593400	5.192500	3.122500	9.030900	8.232400	6.287200	23.482860
209	0.281200	-0.065900	-1.833900	1.454100	2.020200	2.979200	-1.722300	-0.070600	0.699000	-0.131600	-1.858500	-1.822700	2.237600	0.456500	3.192700	0.000000	-0.731400	-0.589700	-2.515000	0.659700
210	0.000000	7.251100	21.809590	18.449000	20.090900	19.182400	17.102300	15.108300	10.724500	12.829400	15.335900	17.875300	17.962100	17.847600	16.744300	17.327600	25.406010	24.667770	24.275580	71.409600
211	2.994900	2.094000	2.294800	2.649500	1.994900	0.000000	2.459800	3.254400	2.211400	2.278400	1.957600	2.300800	2.716000	2.610200	2.804000	3.129300	2.168900	2.224200	2.131100	2.794500
212	2.277000	2.937900	3.311800	2.650900	2.724300	4.557600	4.629300	4.049600	2.207600	0.892700	1.602400	4.221600	5.190300	4.932700	2.527800	0.000000	3.751000	2.909200	3.087800	38.426810
213	0.606700	-0.726300	-1.861400	0.121900	1.561900	1.995900	-0.228500	1.276800	1.125300	-0.133000	-2.070700	-0.418100	0.000000	-2.008100	0.845900	-0.542500	-1.932200	-1.340300	-1.359800	-1.189900
214	5.690900	4.858100	2.260400	4.065600	3.397700	4.390800	6.852700	5.907600	5.755000	4.687900	1.672100	5.524000	6.067300	4.807800	6.037300	4.769400	4.539000	2.876400	0.000000	3.825700
215	1.027000	-0.131100	-0.404900	0.152700	0.053100	3.836500	-1.180200	0.000000	0.934700	-0.259900	-0.978500	-0.844400	-0.865100	-0.221600	0.153600	0.153500	0.482100	-1.883300	-1.621000	-0.878100
216	2.112200	1.717900	-0.241700	0.580800	0.000000	-0.273700	-0.175700	1.376800	1.899300	2.628800	-0.587500	0.521100	2.320000	1.153000	3.385300	1.702800	3.888300	4.975500	4.734200	5.349000
217	-0.003800	-0.197200	-1.242900	-0.383800	-1.127700	2.536200	-1.280500	0.000000	0.122500	-0.214500	-1.263100	-1.310900	-0.249300	-0.890600	-0.096400	-0.480700	-0.550200	-0.333300	-0.375200	0.019500
218	0.000000	10.181400	34.570760	28.825840	35.761710	21.964870	24.944370	27.785220	18.729700	20.296400	23.838800	28.748400	30.766416	29.117450	32.039982	29.571140	69.463100	51.163900	45.627900	58.068300
219	-0.048500	-0.177900	-2.119300	-0.866900	-1.542800	0.013000	-0.533300	0.000000	-0.458900	-0.686600	-2.036000	-0.266500	0.456000	0.225600	-0.053100	-0.771200	-0.817600	0.001400	-0.429800	-0.495600
220	3.752300	2.730000	-0.497700	0.854700	0.000000	6.680900	2.349100	1.531600	2.761400	2.319200	-0.880500	2.652000	3.513400	2.750600	3.939100	2.519500	6.362500	8.501400	3.992100	2.841800
221	0.382300	-0.133500	0.208300	0.876500	0.645100	1.418500	-0.440900	1.413900	0.310800	0.719800	-0.400500	0.000000	0.555900	0.360700	1.326100	0.403100	1.102500	0.015500	0.072300	0.545800
222	0.255400	0.526200	-0.000100	0.616100	0.570500	1.108000	0.251100	0.477200	0.388700	0.501600	0.019900	0.189100	0.226600	0.174400	0.000000	0.223200	0.231000	0.218100	0.141000	0.486800
223	4.863200	3.802500	2.869200	3.211300	3.238300	9.309700	4.379400	3.229100	3.884100	3.868500	1.531400	3.750200	4.215000	4.148900	4.441800	4.337400	0.000000	1.633000	1.051400	3.582000
224	3.451200	3.614100	3.164500	4.024700	4.567200	6.504400	3.563600	3.887700	3.522300	3.341500	2.578500	3.064400	3.007200	3.206600	0.000000	1.571400	4.230300	4.421100	4.446100	4.556100
225	3.428200	2.412800	1.188300	1.063300	0.000000	6.497800	2.734300	3.382400	3.598800	1.842900	-0.235900	2.150000	2.837800	2.725900	3.307700	3.306700	2.103000	2.812300	1.830100	2.760200
226	2.870000	2.020100	2.004000	1.813800	1.555100	4.474800	2.101400	0.000000	0.730100	2.218200	1.104400	1.652800	2.709400	1.972900	3.271800	1.664500	3.210400	2.839500	2.586400	2.704200
227	0.107200	0.000700	-0.150800	0.194700	-0.131300	0.006800	-0.180700	0.282700	0.030900	-0.181600	-0.399700	-0.196800	-0.209500	-0.105600	0.000000	-0.036900	0.153900	-0.511800	-0.672500	0.166700
228	2.112000	1.148000	-0.311400	0.759400	0.294400	4.296000	0.350400	0.803500	0.882700	1.308000	0.480500	0.000000	0.690100	0.503200	1.011100	1.062300	0.611300	0.415400	0.294700	0.912200
229	4.437600	2.596000	2.011700	0.837100	0.000000	3.054500	10.185100	2.527800	3.613500	2.813100	1.685300	5.309400	4.544100	3.319800	5.216700	3.698100	28.797940	10.075400	6.271300	6.281100
230	0.250100	-0.265700	0.021500	0.646000	0.246700	-0.139300	-0.173000	0.796700	0.000000	0.328800	0.159100	-0.591300	-0.146200	0.206700	0.299600	0.010200	0.409800	0.141200	0.080100	0.352200
231	0.661400	0.000000	-0.053900	0.239500	-0.087400	3.624500	-0.203000	0.791500	-0.005900	-0.080000	-0.148100	-0.288700	0.058000	0.051100	0.244300	0.257700	0.581400	0.261200	0.208400	0.471400
232	5.568800	4.177400	0.421700	0.821200	0.000000	8.273100	7.957200	2.206700	4.339800	3.025100	1.002200	5.289000	6.101000	3.613100	4.010100	2.432600	26.638560	14.978000	10.130000	9.916700
233	0.809100	0.826700	-0.049500	0.525200	0.167700	2.858800	0.098400	0.757300	0.653200	0.597900	0.017600	0.000000	0.547000	0.236400	0.421900	0.262200	0.552400	0.081500	0.187600	0.532500
234	3.127400	2.153600	-0.632000	0.916600	0.000000	1.255500	1.199700	2.990700	2.887400	1.550600	1.390400	1.210900	2.744600	1.982800	3.800800	1.843300	3.042300	3.180000	3.083900	3.698700
235	3.119900	1.877000	2.856800	3.061500	5.131000	0.000000	3.031900	4.798100	2.297800	2.599300	3.936700	3.859200	4.170900	2.851500	3.547100	2.730000	3.882900	2.466400	3.093300	3.917100
236	3.965100	2.252900	0.021700	-1.185200	1.280000	4.413400	10.500500	0.000000	2.394700	1.473500	1.437700	5.609300	5.605400	2.858200	4.539200	3.461600	15.631800	12.211700	8.002400	4.039000
237	5.819100	3.921000	0.000000	3.847000	5.301500	8.171500	2.963500	2.827400	4.916700	3.152900	0.419700	2.204300	4.061200	3.233200	4.780600	3.567900	2.486900	2.496200	0.592900	4.159800
238	6.325000	4.394700	0.529300	1.079600	0.000000	5.979300	7.357000	3.132800	5.095300	3.550300	1.221700	4.175400	5.723300	3.719200	5.643600	3.805400	11.433800	12.196900	4.835100	4.091200
239	3.020600	1.612200	0.254200	1.285700	0.697300	2.308900	7.216400	0.000000	1.795500	1.057800	1.156900	5.057000	4.881800	3.755400	4.166800	1.128700	20.745300	16.588900	6.748300	3.848600
240	3.394300	2.420200	5.131700	0.000000	1.135700	4.364400	9.061800	1.053100	2.399500	1.504300	1.080600	7.869900	3.989400	4.504400	4.866500	4.177300	20.524700	14.295800	10.925700	19.268700
241	0.000000	7.357400	19.844900	23.435010	28.357930	13.583600	24.880680	23.197170	12.680800	12.741100	18.884300	22.723680	25.846910	20.550600	23.842030	19.322600	54.224800	54.888400	48.932700	36.211460
242	1.116100	0.120300	-0.535000	0.625500	-0.006900	5.390200	0.069400	0.391500	-0.499900	0.796900	-0.714300	-0.033900	0.000000	-0.614600	0.553500	0.696800	-0.201200	-0.035100	-0.127800	0.618800
243	1.594100	1.226600	0.460600	5.011400	2.570600	4.181600	0.709200	2.583800	2.059100	1.758400	0.613800	0.667100	1.459200	1.282700	1.625600	1.629200	1.487900	0.000000	0.286000	0.795500
244	2.548300	1.006900	6.593200	6.798300	8.138100	7.619200	11.079200	8.696500	2.362200	1.317700	5.249500	6.532700	9.130800	6.102800	0.000000	2.844200	21.434000	18.698100	13.326900	15.340900
245	-0.046000	-1.744500	-3.662200	-2.760900	-3.852900	0.685000	-1.047300	-0.836000	0.080500	-1.235600	-3.971600	-2.441100	0.000000	-2.243900	1.696300	0.812800	13.455700	4.024500	3.184900	4.710700
246	2.983500	2.042600	0.412100	0.000000	0.399800	6.931300	3.416400	1.325900	2.033400	1.271400	-0.780300	0.228800	4.936100	3.181900	1.961900	0.747800	4.326400	2.535200	1.865700	1.850600
247	2.229300	1.222000	0.278700	2.120300	3.551300	-2.361900	1.063100	0.000000	0.209000	1.389700	0.400200	0.686200	2.335200	-0.623100	2.353100	0.661500	1.875600	-0.535600	-1.028900	1.521300
248	3.732800	2.906800	1.989100	2.549000	2.454700	0.000000	2.597200	2.721500	3.564300	3.178500	1.961200	2.033900	2.492000	2.942300	2.707400	3.394900	4.363400	3.223100	2.960100	4.260800
249	1.774600	0.805000	0.373000	0.972500	0.146000	0.745200	0.582800	1.452400	1.250200	1.225100	-0.234300	0.130500	0.804700	0.417600	1.412700	0.000000	0.426600	0.557500	0.352700	0.427000
250	3.204500	1.840000	1.944200	0.000000	-0.587800	1.620000	9.602100	0.766400	2.157900	1.732700	-0.021400	2.932700	1.218600	1.810400	3.442200	2.545800	28.746450	22.626940	10.842500	47.850800
251	1.627800	0.000000	0.932800	1.564900	1.390300	0.002900	9.061800	3.020000	0.614800	2.110200	2.228100	6.217300	5.468100	2.063500	5.487600	2.606600	34.094010	23.982060	16.144900	11.872200
252	1.320900	0.452400	-0.411500	0.461600	-0.179400	5.572100	0.000000	0.998800	0.635800	0.973100	-0.741600	-0.325500	0.108300	-0.083100	0.844600	0.194900	-0.361600	-0.387400	-0.518000	0.377300
253	1.071500	0.077900	-0.637400	0.000000	-0.534400	2.083100	-0.269200	0.768800	0.291600	0.727400	-0.557200	-0.211700	0.163400	-0.173600	0.850200	0.740000	-0.438100	-0.330700	-0.399300	0.505300
254	4.393300	2.720800	0.931000	0.692700	0.000000	3.050600	4.888900	2.814200	3.818400	2.950900	0.536600	1.335500	4.253700	1.505400	5.074500	3.764000	20.890390	13.900800	10.107000	12.955900
255	1.801500	0.211500	-0.734800	0.708500	4.325200	6.266300	0.126300	1.210400	0.979800	1.048700	-0.613700	-0.150800	1.220100	0.776700	2.760900	0.625400	-0.037700	-0.163000	-0.419500	0.000000
256	-0.381800	-0.487500	-0.268900	0.450400	-0.153700	3.091300	0.193900	-0.153500	-0.371500	0.642600	-0.451400	-0.119400	0.000000	-0.459200	0.496000	-0.220900	-0.766100	-0.623400	-0.788500	-0.603500
257	1.729100	0.535300	-0.221800	3.314800	3.492300	1.540000	0.402900	2.028600	1.315300	0.652500	-0.343700	0.000000	1.659900	0.499800	2.794900	-0.048600	0.559900	0.244300	0.417900	0.698200
258	4.523900	3.641100	0.260300	1.264300	0.000000	5.357500	7.324400	3.062800	4.413200	3.182000	0.143100	3.766000	4.950500	3.848700	5.553700	3.922300	11.736600	14.567600	10.239500	6.016700
259	0.139900	0.000000	0.190800	0.209700	0.109500	-1.406600	-0.110200	0.160300	0.131600	0.249200	0.047000	-0.271400	-0.337900	0.037300	-0.207900	0.316800	0.220200	0.165100	-0.071800	0.269400
260	0.000000	2.438300	2.162700	4.701500	4.545800	6.493100	1.252100	3.077800	2.434800	2.211600	1.776700	1.669000	2.193500	2.324000	2.337000	2.064100	3.272000	3.333500	3.694200	2.010100
261	1.741000	0.260700	6.708600	3.087200	6.247500	4.772600	14.970400	4.384000	0.000000	2.748100	7.342400	11.007800	11.885100	8.943300	6.841900	4.231000	45.499000	39.385480	34.617930	39.273520
262	0.721900	0.483100	-0.714900	-0.004100	-0.671400	2.786500	-0.095300	0.121200	0.547800	0.300100	-1.166900	-0.620000	0.000000	-0.021100	0.399900	0.553000	-0.867500	-0.688700	-0.795900	0.344500
263	4.560300	3.500600	0.000000	2.416200	0.857700	4.813000	2.694700	3.657000	3.998900	2.625600	0.319000	2.630100	3.134300	2.843400	3.646100	3.377600	2.024600	3.711000	1.038200	2.059000
264	3.448400	1.752800	-0.407100	-0.445000	-0.682600	4.604700	-0.224300	0.844800	2.242900	1.023700	-0.129000	-0.146100	1.040600	0.357000	1.576100	0.233600	0.095600	-0.710600	-0.919600	0.000000
265	3.423300	2.513400	-0.118000	0.000000	-0.524600	1.138400	1.481300	1.414000	3.020400	1.912000	-0.186400	1.317600	1.906900	1.589200	2.483700	2.218700	1.528100	1.789500	1.323400	2.264700
266	4.853600	3.737500	1.941200	3.901300	3.112600	4.280500	4.274900	5.199600	4.820100	3.941600	2.270400	4.210200	5.216300	3.321000	5.126200	4.093700	2.355300	0.980900	0.000000	3.789200
267	1.105700	0.745300	0.574500	0.933300	0.696500	-0.950900	0.000000	0.585500	0.490100	1.169000	0.311500	0.182000	0.462900	0.616500	1.192500	0.652200	0.170200	0.670800	0.654800	1.058400
268	-1.912300	0.433500	-0.115000	1.086200	1.640500	3.407900	-0.297600	0.508700	0.128700	0.137500	0.063500	-0.465900	0.058100	0.341700	0.000000	-0.457900	-0.044500	-0.284600	-0.337200	0.165500
269	1.754600	0.646000	-0.692400	1.248000	1.285200	5.786500	-0.761100	1.326000	0.949000	0.000000	-0.495300	0.136800	4.943000	1.762200	5.193000	1.220700	3.242000	2.369500	1.117200	0.973900
270	-1.436500	-0.651600	3.379800	2.914900	8.015800	0.418100	4.499600	2.962900	0.000000	1.668700	2.523000	4.055800	9.885500	4.475600	6.241100	2.945400	22.531080	13.007800	9.685500	22.059700
271	3.548600	2.700500	0.914500	4.192300	4.888900	9.424200	2.189400	3.463500	3.453000	2.953600	1.078700	1.527200	6.056600	2.865200	6.991700	2.231500	2.913500	5.534000	1.938100	0.000000
272	4.664400	3.884100	0.000000	5.465300	4.446100	7.129800	2.517700	4.888300	4.921900	3.344700	-0.112800	3.024000	5.528200	4.118200	5.477300	3.450000	1.246600	0.526300	-0.188800	2.863600
273	0.830700	-0.806400	-1.259000	-2.119900	-2.504900	0.427000	0.092800	0.000000	0.299900	0.122500	-2.918400	-3.950900	2.186700	-0.306600	2.351800	0.367200	16.157000	16.144200	5.146000	35.607950
274	4.079000	2.822400	0.026300	3.792400	3.729000	2.677700	4.764400	4.211700	2.865500	2.746000	0.000000	4.198100	2.710200	1.331900	5.621000	3.252700	7.813500	5.477200	9.875000	6.831300
275	6.544400	4.981300	2.120000	2.915900	2.097900	9.677600	4.155800	3.427600	5.074900	4.800700	2.624000	3.534200	4.613800	3.500100	5.359700	4.718000	0.000000	2.495900	2.528700	2.404000
276	1.574500	0.420800	-0.877200	-0.479400	-1.128400	0.713200	-0.252400	0.725100	1.596400	1.190100	-0.455000	0.047700	0.000000	0.776100	2.208800	0.648900	2.600300	4.433700	1.938800	2.675900
277	0.542300	-0.581100	-0.996900	-1.036300	-0.257400	3.966400	-0.675700	0.473100	0.111200	-0.345300	-1.114400	-0.960700	0.108700	-0.337600	0.000000	-0.493700	-0.689700	-0.866400	-1.092700	-0.622900
278	1.811900	1.114800	-0.003500	1.013400	0.416000	-0.260000	0.000000	1.033500	1.354500	1.500000	0.367600	0.142400	1.926500	0.726800	4.130000	0.452000	7.445200	4.823900	5.796200	3.152700
279	1.068200	0.504000	0.177200	0.751700	0.576900	-0.952100	0.311300	0.944500	0.900300	1.076100	0.043700	0.257500	0.000000	0.017600	0.731400	0.819400	0.133500	0.173000	-0.076200	0.871500
280	0.000000	-0.081900	-0.428000	0.667700	0.120500	-0.159400	-0.069700	0.955100	0.534100	0.482400	-1.175800	-0.382500	0.591400	-0.246900	1.144000	-0.547000	0.461800	-0.518800	-0.539200	-0.008800
281	5.593800	4.070800	1.440800	3.877300	3.667900	11.670000	3.775400	4.894600	5.315200	4.461800	1.111900	1.340000	4.449300	2.850700	4.868100	4.241800	2.628300	0.000000	0.416200	3.248900
282	1.303600	-0.038600	-1.362000	-1.255400	-2.083800	2.875700	0.569500	0.248900	0.758200	0.124700	-1.525700	0.167400	1.966900	-0.218100	3.445400	0.000000	4.672700	1.852500	3.301700	2.717000
283	0.889900	0.164800	-0.042300	1.003400	0.555500	3.335200	-0.482900	-0.037900	0.139100	0.864900	-0.057100	0.000000	0.465700	0.140400	0.866500	0.186800	0.142400	0.179200	0.193400	0.136600
284	3.825200	2.531300	0.000000	1.928200	1.518000	6.137300	2.404800	2.678700	3.063300	2.921000	1.155800	1.809800	2.939100	1.886300	3.834500	2.591400	2.165000	2.197400	1.495400	2.547400
285	5.631700	3.834900	0.000000	1.620600	1.249600	6.547500	9.471700	4.462600	5.408100	3.730200	0.410800	2.530600	3.842800	4.176500	5.425900	2.945500	13.962400	9.853700	5.360100	3.636200
286	0.526200	-0.960100	0.581400	-0.878200	-0.337400	6.707800	0.433300	0.312500	0.000000	0.205700	-0.968500	0.966500	2.311800	0.387900	3.277600	2.761700	2.752300	4.008300	2.424800	25.682810
287	0.326500	-0.336700	-0.773000	-0.091800	-0.546300	2.815900	-0.333600	-0.245500	-0.391600	0.493800	-0.992400	-0.496900	-0.319500	-0.720700	0.000000	-0.101700	-0.843600	-0.658700	-0.669400	0.118900
288	5.407700	3.770000	1.441700	2.352200	1.774900	7.843900	4.231300	4.043200	5.218700	4.283100	1.024000	3.796200	4.930800	3.415000	5.586700	3.414700	0.888100	3.413800	0.000000	3.475300
289	5.613200	3.457500	-0.129600	0.890500	0.000000	8.605000	6.703400	2.801400	4.132300	2.444600	0.052000	4.775500	4.781900	3.726300	4.999700	3.501100	15.630100	7.092300	4.289400	6.343800
290	2.549500	1.532200	0.000000	2.030900	1.045900	5.109500	1.830700	2.369500	2.165800	1.841500	0.106400	1.501500	2.086300	2.101400	2.913400	1.716500	3.306900	3.259000	3.027500	3.763900
291	0.814300	1.077300	0.697700	2.157700	1.181400	5.313200	0.589200	1.737200	0.688500	1.471200	0.141100	0.000000	1.384300	0.836500	1.055700	0.397700	1.468700	1.056500	0.964300	1.460000
292	2.693200	1.478000	1.327900	1.731400	1.229300	10.682300	0.225000	1.103600	1.554300	1.159900	0.134100	0.795100	1.815400	1.619700	2.564600	0.766300	0.273200	-0.016800	-0.527800	0.000000
293	0.959700	1.436800	0.000000	1.534400	0.452400	2.793900	0.877500	1.344000	1.788800	0.891900	-1.072200	0.973000	1.811400	0.950300	2.060200	1.032600	2.096900	1.858100	1.609700	1.569500