SITE	GLY	ALA	LEU	VAL	ILE	PRO	ARG	THR	SER	CYS	MET	LYS	GLU	GLN	ASP	ASN	TRP	TYR	PHE	HIS
1	3.548300	3.038300	1.260400	2.273900	1.193900	3.903000	1.615600	2.972300	3.783500	2.683100	0.000000	1.267600	3.703100	3.026500	4.229700	3.525800	2.623900	2.302500	2.649400	3.274300
2	2.606900	1.761400	-0.399300	0.641400	0.288800	2.596500	-0.125800	1.366400	2.381700	1.177600	-0.516000	0.000000	2.263500	0.674500	2.685800	0.800100	1.479300	1.310600	1.260100	1.843900
3	5.971100	4.015500	0.285600	0.800400	0.000000	7.629500	7.017200	3.401700	4.658700	3.411300	0.569100	4.180500	5.623700	3.810600	6.786700	4.781900	8.366900	4.703800	3.316800	17.456100
4	4.462000	2.889400	3.009200	0.642200	1.554200	5.967900	18.385600	0.000000	2.027000	2.326500	1.804100	15.826500	6.220000	4.343400	5.395900	3.732800	34.094900	22.176600	18.050300	25.575400
5	4.828700	3.175100	-0.665200	0.000000	-0.112700	4.992100	11.437500	2.359200	3.901100	2.108100	1.349600	7.848700	4.321600	3.834800	3.895900	1.654300	15.885700	10.178300	8.567800	7.175200
6	5.928700	4.078500	0.000000	2.432400	2.931100	7.928500	8.077600	3.703300	5.306200	3.275600	-0.175600	3.954800	5.362100	3.763300	5.412600	4.108100	13.033600	4.638100	2.522100	4.505400
7	0.000000	3.888200	8.541500	14.901000	15.081700	15.212800	7.517100	12.153600	4.143600	5.284000	5.415100	7.463300	6.949300	7.735600	5.935700	5.904000	8.935300	7.140600	7.246100	8.313900
8	4.809300	3.750600	3.785200	3.828200	3.759800	3.768000	4.214100	5.594500	5.437200	0.000000	4.147700	4.270600	5.951200	5.876400	6.343500	4.346900	5.473700	4.800000	4.163000	14.629500
9	0.000000	2.220600	1.085000	2.315700	1.774300	1.322600	2.518100	1.786100	0.988100	2.097100	0.571400	2.121400	-1.988800	1.661500	-2.277100	0.176800	2.144700	1.919200	1.352700	2.096400
10	1.017300	0.000000	0.986800	-0.088600	-0.113700	-1.044400	0.287900	0.496000	0.793900	0.676800	-0.357500	0.106600	-1.205000	-0.148000	-0.916500	1.225800	2.219500	0.472200	0.459400	1.500000
11	3.062400	2.228400	0.000000	1.700400	0.796400	1.382900	1.736500	1.950200	2.858200	2.260900	-0.244900	1.036300	0.854100	1.596000	1.811200	2.566100	1.457500	0.572700	1.129200	2.005000
12	0.000000	2.217000	15.739700	12.304900	13.676100	4.279600	18.278900	10.511600	5.577000	7.131800	12.740100	15.708300	11.296400	13.658700	14.028800	13.709100	40.163400	28.446400	30.865800	51.020100
13	2.607600	0.786200	-0.639900	0.938700	0.782300	4.019600	0.508600	0.912900	1.509100	1.322800	-0.039000	-0.542600	0.635600	0.000000	3.064300	2.047900	5.665400	7.749800	5.153000	27.091900
14	4.448400	2.952800	0.000000	2.239800	2.991000	6.901800	4.853800	3.090800	3.673200	3.359100	-0.029400	4.234400	3.421300	2.320300	3.912000	4.179700	10.683100	12.444400	8.080900	3.958500
15	6.822400	5.123000	2.327600	4.335100	3.289000	7.322700	4.178000	4.010100	5.720500	5.124600	1.838500	4.827300	5.480000	4.695100	6.253400	4.719200	0.000000	1.795600	1.109300	3.823400
16	5.154200	3.393900	0.000000	1.881000	0.643000	6.823700	8.063000	5.638500	4.269000	3.491600	0.333300	2.207000	5.011700	2.994700	5.696300	3.817800	20.987900	9.968000	9.772100	10.304600
17	1.819500	-0.054500	0.323600	0.723000	1.528400	6.376100	3.927600	0.000000	1.075200	0.515300	-1.166200	2.739300	2.633500	2.063000	2.393100	0.495200	7.554900	6.441600	4.993400	7.719600
18	2.012300	0.000000	-1.310400	1.204500	1.890800	2.910800	-1.390400	-0.449000	0.588100	0.535900	-1.410500	0.364800	2.659700	1.046500	3.201900	0.513000	9.074100	2.567900	0.977600	32.728700
19	5.726500	3.674900	0.000000	4.427400	3.369000	8.904600	4.186500	4.519200	4.660600	3.842000	-0.172300	4.234500	5.475600	4.131100	6.141200	3.197700	5.721800	4.594800	1.895000	1.696400
20	1.279700	-0.128700	-1.017800	-0.936700	-0.684700	3.103600	-0.796200	-0.502300	0.129600	0.000000	-1.804200	-0.796600	0.643200	-0.528600	1.547400	-0.074700	-0.676300	-0.653400	-0.950800	0.516500
21	1.336800	1.093300	-0.034100	2.095500	1.265000	4.172100	0.122600	1.407400	0.738800	1.334700	0.025600	0.000000	1.520000	0.985200	2.468100	0.740700	-0.038400	0.315900	0.125300	0.543800
22	0.781200	0.247800	-0.496600	0.646900	0.373600	2.537600	-0.677400	-0.023300	0.317600	-0.231400	-0.389300	-0.711300	0.762600	0.000000	1.212300	-0.427300	0.774300	0.174200	-0.019400	0.861400
23	0.000000	2.793700	2.950200	5.170800	5.218900	7.042400	2.197300	3.669100	2.734000	4.128700	2.823300	3.021900	2.990400	2.745500	3.148800	2.547100	4.315200	2.765800	2.754800	2.698300
24	1.260200	-0.168300	-2.881500	-0.123200	-0.816500	1.690100	0.287000	0.458000	1.007500	0.127000	-2.502900	-0.207200	0.893600	0.496600	1.442800	0.116700	0.392400	-0.753200	-1.596900	0.000000
25	1.065700	0.258200	-0.605600	-0.141800	-0.529000	0.355300	-0.089200	-0.055000	0.490400	0.143200	-0.451100	-0.306900	0.000000	-0.098600	0.051800	0.128600	-0.111800	-0.228600	-0.275100	0.484100
26	3.859700	2.520000	0.676000	0.000000	0.348500	3.200000	6.607600	0.882300	2.796100	1.653700	2.234000	4.587900	5.198600	4.406400	5.372300	2.190000	14.543600	16.150800	13.103300	20.521700
27	4.030100	2.493000	4.906900	1.153900	0.700900	6.849600	9.162200	3.106800	2.637300	2.017500	1.641600	7.777700	3.995000	0.000000	7.676000	5.870500	13.532100	14.658300	12.520900	15.522000
28	0.000000	3.159300	17.231900	13.120500	17.502400	6.834500	28.224900	12.628000	8.901900	5.999900	12.635300	16.098200	19.956900	19.096500	13.060700	9.407000	37.807000	35.680300	34.124200	45.606600
29	6.343600	4.359900	1.457900	2.764300	2.733100	10.327400	3.797500	5.309300	5.355900	3.637100	1.457200	3.764000	5.097900	4.300500	5.379200	4.382000	0.000000	1.048800	1.680900	3.500000
30	3.185700	1.968900	0.000000	1.054200	0.305400	2.152400	1.689100	1.696100	2.317800	1.913900	0.562600	1.443700	2.023100	1.491100	1.825600	1.702500	1.739000	1.940300	1.389200	1.806700
31	1.436100	0.990100	-0.698800	0.758000	-0.193800	-1.204700	0.000000	0.856000	1.315500	0.976700	-0.495000	0.360400	0.838800	0.570600	1.357700	1.282600	0.636900	0.416200	0.225600	1.293200
32	0.422800	0.199100	-0.230200	0.000000	-0.208200	0.538500	-0.376400	-0.046000	0.411500	0.141300	-0.060500	-0.054500	-0.004800	-0.206100	-0.192200	-0.094400	0.082000	-0.204400	-0.325900	0.025500
33	1.492700	1.127200	1.173500	1.450000	1.340300	0.000000	0.857100	1.389300	1.506400	1.460300	0.829600	0.739300	0.851800	1.006500	1.451900	1.707200	1.244300	1.116100	1.035700	1.762600
34	1.261900	0.956100	0.019100	1.034600	0.870800	3.832600	-0.053400	1.608700	0.873500	0.367900	-0.186600	-0.028000	0.445600	0.000000	1.273300	0.543900	0.008400	-0.213400	-0.381000	0.460100
35	1.835600	1.404300	1.380300	1.775600	1.826100	0.000000	1.439800	1.735300	1.769200	1.816300	1.421500	1.402100	0.974800	1.239800	1.582800	1.683300	1.675500	1.709500	1.692700	2.010100
36	0.876400	0.540100	0.523800	1.201900	0.760900	2.757000	0.356700	1.492200	0.199900	0.333700	0.268800	0.468700	0.914500	0.787100	1.412600	0.539900	-0.050400	0.000000	-0.064000	0.755500
37	5.220200	3.747200	8.528400	4.664300	6.739800	10.459200	13.598100	5.371500	5.339900	0.000000	7.832700	11.445900	12.264600	10.950200	9.239400	5.153200	34.511200	23.098800	17.272000	28.321600
38	-0.198100	-0.212800	-1.080100	-0.315800	-0.952300	-1.289700	-0.421100	-0.247600	0.000000	-0.150000	-0.876200	-0.525300	-0.535600	-0.419900	-0.539600	-0.042100	-0.537700	-0.345700	-0.684800	-0.355700
39	4.898300	3.241800	1.493700	0.000000	0.013500	6.682100	15.136500	2.596200	4.205200	2.258200	2.139100	9.084200	7.028600	6.669900	4.127400	3.714400	31.484200	19.355300	14.915100	15.144200
40	1.728200	0.360900	-1.205500	0.773100	0.478200	2.555000	-0.353100	0.759200	1.097800	-0.294700	-1.361200	-1.336500	0.763500	0.276700	0.722500	0.000000	0.323700	-1.077700	-1.260800	-0.027700
41	5.324000	3.706800	0.000000	0.216200	1.713100	8.658000	6.711300	1.515700	3.723100	2.974100	0.364800	2.925000	5.490000	1.979600	5.700400	4.228000	14.815200	8.291800	5.007900	4.662900
42	3.064100	1.945100	-0.146600	0.000000	-0.587200	4.448800	0.521100	1.633100	2.454100	1.451200	-0.199500	0.084800	1.222000	0.805600	2.562700	1.511300	1.514500	0.617700	0.296600	2.473200
43	1.094300	0.825300	-0.773400	1.469000	1.708800	0.519800	2.267300	3.385500	1.105800	1.189400	-0.386800	1.913900	0.000000	0.156800	0.319900	-0.240600	0.235500	0.260800	0.483200	1.754200
44	0.205200	-0.458700	-1.232200	-0.360300	-0.595000	0.281700	-1.325800	0.000000	-0.069800	-0.247600	-1.202400	-0.979800	-0.279800	-0.859300	0.081400	-0.508500	0.300300	-0.095800	-0.183800	0.625200
45	1.470100	1.462400	1.182400	1.453200	1.329600	1.870900	0.931400	1.900900	1.502000	1.447300	0.887800	0.990400	0.915600	1.230200	0.000000	0.616000	1.719500	0.588400	0.370600	1.460000
46	0.000000	2.996900	3.120000	4.026800	3.872200	6.505600	2.014100	3.533300	3.341600	2.906800	2.734500	2.225700	3.197400	2.859100	3.094100	2.759300	2.888900	3.099300	3.086100	3.305300
47	0.751000	0.175400	0.166100	0.874600	0.422400	0.411800	0.206100	0.501900	0.000000	0.729900	-0.138100	0.333000	0.191900	0.439100	0.265500	0.376200	-0.233800	0.252700	0.186900	0.737600
48	1.539700	1.094500	-0.222600	0.638400	0.000000	2.616900	-0.191800	0.912800	1.450200	0.818800	-0.726900	-0.236500	0.751800	0.290000	1.447400	0.959600	-0.585200	0.063900	0.005200	0.683200
49	5.037000	3.093600	1.760500	2.088800	0.869400	5.112800	2.339000	2.816900	3.599200	2.811800	1.071200	2.205600	3.786900	2.721500	3.858400	2.595800	1.480100	1.064800	0.000000	2.833000
50	1.803200	0.297100	-0.308300	0.005400	-0.621700	0.207100	-0.327000	-0.476800	0.131100	0.187100	-0.228400	-0.274700	0.035400	-0.709300	-0.598700	0.000000	0.370700	-0.634000	-0.807400	-0.124100
51	1.282300	0.106300	-0.684700	-0.173000	-0.248500	3.204300	-0.266800	-0.345900	-0.255200	0.007200	-1.044600	-0.710900	0.000000	-0.035900	0.893500	0.518100	0.031900	-0.693500	-0.311200	-0.507500
52	0.059100	-0.300100	-1.383000	-0.550700	-0.964500	-0.650300	-1.001200	-0.509700	0.000000	-0.630400	-1.448700	-1.055300	-0.967600	-1.173800	-0.356800	-0.787300	-0.781400	-1.065400	-1.323700	-0.210500
53	3.602400	2.658400	0.000000	1.058700	0.217700	5.500800	2.157900	2.087500	2.924700	2.396900	0.326500	1.997500	2.778200	1.662900	3.496800	2.432400	3.697200	3.191800	0.829000	2.564400
54	0.796900	0.011800	-0.667100	0.136700	0.122600	-1.638800	-0.387500	0.000000	0.534100	0.189500	-0.641800	-0.575400	-0.056800	0.186300	0.522700	0.621000	-0.010700	0.297100	0.280000	0.520900
55	1.395300	0.000000	0.281400	2.167200	2.098400	7.333900	13.965100	1.720700	0.389900	0.012500	8.791000	14.488400	9.485000	7.441500	4.758700	9.132200	33.595400	36.119600	25.258900	40.216200
56	1.483300	2.049600	0.155400	2.326400	2.660800	7.189000	1.461600	2.751500	2.756900	1.337400	2.489400	1.030500	2.261500	2.345100	1.955000	0.000000	3.217300	3.103200	3.155300	3.221900
57	3.868000	3.227000	2.834800	3.426200	3.511900	9.286600	1.796300	3.176100	2.140500	3.297100	3.413600	3.781200	1.714600	3.764200	0.000000	2.035300	2.442200	2.159800	2.580200	2.816600
58	1.805700	1.038600	0.281300	1.398000	0.965100	0.000000	-0.086200	1.542200	1.733700	1.366700	-0.285400	-0.177100	0.325700	0.380500	1.720700	1.149100	0.590800	0.419000	0.226800	1.751300
59	0.541600	-0.025500	-0.154400	0.313000	-0.042900	-1.373100	-0.147600	-0.364800	-0.672000	0.595500	-0.341400	-0.206200	-0.683900	-0.428600	0.000000	0.348100	-0.023000	0.131300	-0.092800	0.340600
60	3.621100	2.461600	0.690100	2.027500	1.581800	4.574500	2.394900	2.539100	3.072400	2.908700	0.425100	2.160700	3.325300	3.076900	4.277200	1.905100	1.003900	2.389100	0.000000	2.596300
61	5.332100	3.155100	0.000000	3.700000	4.790600	10.990600	5.562000	5.148800	5.485700	3.642800	0.589900	3.656400	5.818900	2.985800	6.611600	3.858400	13.436100	6.904000	2.980200	2.783600
62	0.380300	0.000000	0.008100	1.328400	0.968900	6.157600	-0.086400	1.113000	0.116800	0.271500	0.185600	-0.288800	0.697300	0.179600	2.474400	-0.138400	1.190800	0.989500	0.961900	-0.029200
63	0.658300	0.531100	0.350900	0.277200	-0.067100	4.643600	-0.898300	0.000000	-0.047900	0.268400	-0.055700	-0.198600	1.073800	-0.035400	0.972000	-0.296400	0.244700	0.189700	0.152900	-0.621500
64	2.243400	0.852400	6.014200	4.880500	6.292200	7.648900	31.881000	2.798000	0.000000	1.435500	8.566200	21.912200	12.360200	11.235900	6.942600	8.238900	41.407700	19.199800	14.317800	31.732900
65	1.470800	0.892500	0.003800	1.949900	1.444600	2.743600	0.090200	1.862900	1.184800	0.698000	0.163700	0.374900	0.244300	0.330500	0.000000	0.386200	1.016000	0.925400	-0.387300	0.505800
66	5.597000	3.893900	0.000000	2.605200	2.620500	7.800800	4.079000	2.236400	3.777400	3.393300	-0.461800	3.900300	5.401900	3.487600	6.313400	4.312600	5.044100	6.443400	2.909300	2.558500
67	6.065400	4.524700	0.000000	2.356500	3.613900	8.939100	5.139600	3.758000	5.630200	3.371500	0.099700	2.620800	5.618600	3.980100	5.619000	3.694200	9.527100	6.364900	4.192200	3.453200
68	6.636800	4.814000	0.000000	1.532900	0.356000	7.787800	4.052800	4.171500	5.703900	3.808200	0.172300	3.803000	5.140700	3.071500	5.531700	4.262100	12.177700	3.820400	1.747200	4.248500
69	5.560900	3.484100	3.540300	0.000000	0.624600	7.566400	9.329700	2.768500	4.757100	2.566400	2.936500	7.079700	4.186300	5.104600	3.965200	3.328400	28.387000	11.741200	9.453500	12.894300
70	1.887100	1.133300	-1.117800	-0.809800	0.692800	4.653700	6.908300	0.000000	1.697000	0.535500	-0.229300	5.457300	4.092900	2.798000	2.729100	1.501400	16.020100	5.985300	3.258000	1.311800
71	4.876200	3.396500	0.000000	3.605200	3.321100	3.442000	4.320000	4.454800	4.859900	3.447600	0.575300	3.034400	4.412900	3.963600	5.018500	4.129600	3.040000	5.626800	2.434300	3.690500
72	0.387400	0.192200	-0.288500	0.859800	5.332000	-0.682000	-0.794400	1.248700	0.244700	0.758000	-0.126500	0.000000	0.621400	0.437500	0.806200	-0.902300	0.370800	0.171300	-0.035000	-0.072600
73	1.759000	0.000000	7.730400	2.721100	4.872000	0.529700	15.827800	3.066000	1.679500	2.447700	5.427500	15.635900	12.992300	10.259300	7.175300	4.723600	45.591000	29.684300	27.799300	37.230400
74	2.768200	1.828000	1.027200	1.827000	1.348800	1.699700	1.877400	2.858500	2.367300	2.168300	0.398800	1.908700	2.372600	2.487500	2.852900	2.676200	0.000000	0.131200	-0.275900	2.319600
75	1.958200	0.544300	-0.793400	1.189900	0.556700	5.353200	0.350100	3.500400	1.589800	0.804400	-0.694100	-0.187100	0.241000	0.000000	1.745700	1.898700	-0.444100	0.274700	-0.021300	1.355600
76	3.383900	1.620200	-0.859200	0.000000	0.372000	8.840000	11.731300	1.493300	2.995600	1.895300	0.488800	2.401000	4.395200	2.188500	4.312600	2.787400	17.930600	14.018200	10.168800	18.322400
77	0.460700	-0.604200	1.036100	-0.512700	-0.435800	-1.852400	0.707600	0.405200	0.000000	0.496000	1.072000	2.485900	0.112800	0.795900	2.305100	0.992200	4.548600	-0.427200	-0.249000	1.153100
78	0.238300	-0.594200	-0.511200	0.017400	-0.266500	-1.583300	-0.574400	-0.093300	-0.145400	0.115800	-0.750800	-0.686200	-0.548400	-0.879600	0.000000	-0.064700	-0.341200	-0.156200	-0.194900	0.064700
79	2.166200	0.000000	-0.023100	0.687900	2.086400	3.393500	1.720000	0.160700	0.835300	0.832400	-0.804600	0.616100	3.881300	1.119600	3.201700	3.507400	6.885500	11.126800	3.219700	3.753300
80	4.756800	2.612700	-0.670500	0.000000	0.637300	5.840600	9.749500	1.408200	3.314300	2.312800	0.841100	6.003900	5.244000	3.925300	5.273800	2.839900	10.719300	9.556400	6.576900	15.748800
81	1.859600	0.953700	-0.107600	1.140500	0.369200	4.184000	-0.620600	1.265900	1.043300	1.340000	-0.518100	0.000000	0.960600	0.607300	1.813400	1.094200	-0.986600	0.185300	-0.225800	0.875600
82	0.750000	0.363900	0.492500	1.560900	1.535100	3.802400	0.628300	1.672200	0.000000	1.210600	0.328100	0.127500	1.139800	0.764400	1.599700	0.546100	0.380700	0.951900	0.901000	0.038000
83	4.165400	3.185300	0.000000	1.534500	2.131400	6.150300	2.860800	1.889700	2.810500	2.284500	0.117400	0.917000	4.545100	2.742700	5.044700	2.803200	4.444100	5.101900	3.680600	3.106700
84	1.427900	0.000000	-0.771600	0.377000	0.844100	3.935700	0.094900	0.002900	-0.025700	0.355200	-0.772600	-0.504900	1.323500	0.336800	2.254100	1.188300	1.404400	0.680700	0.394200	0.303100
85	0.092700	-0.140300	-0.097300	0.225400	0.020300	-0.161100	-0.965400	0.304800	0.000000	0.175200	-0.258800	-0.924300	-0.032000	-0.334300	0.074800	0.135800	-0.227300	-0.086500	-0.110800	0.081000
86	1.154300	0.485500	-1.345200	-0.363000	-1.190800	1.121000	-0.870200	0.000000	1.014100	0.351200	-1.427000	-1.013000	-0.011500	-0.447200	0.515400	0.247900	-0.783700	-0.100400	0.003700	0.366800
87	5.166600	3.243700	0.000000	1.096200	0.077300	3.572600	9.517600	3.829300	4.083100	2.887200	1.457600	4.262200	6.078200	3.775900	6.350100	3.621300	12.235900	8.457900	6.037800	6.047100
88	2.353700	1.988100	2.461200	3.089900	2.762100	0.000000	1.251800	2.550300	1.629700	2.312500	2.204200	1.719900	1.976400	2.181400	2.102100	2.383100	2.342700	2.251900	2.235300	2.895600
89	0.030400	-0.533100	-0.617800	0.000000	-0.365600	-1.231900	-0.358300	0.161000	0.044300	0.096500	-0.541800	-0.668700	-1.058300	-0.649400	-0.000800	0.071800	-0.649500	-0.260200	-0.370400	0.278900
90	-0.497700	-0.316800	-0.657400	-0.125300	-0.240600	-0.403400	-0.658500	0.000000	-0.394300	-0.446800	-0.716500	-0.695100	-0.722600	-0.725400	-0.509200	-0.466400	-0.913100	-0.934600	-0.931600	-0.206600
91	2.530700	1.390400	4.587700	0.368800	0.390300	6.796800	3.174300	0.000000	1.556700	0.815800	1.616900	2.122400	3.456100	3.595800	8.507200	3.816700	8.521600	8.160100	7.441200	12.166200
92	4.153200	2.152700	2.119800	2.357400	2.470300	0.000000	41.560000	4.542600	2.778000	2.728000	2.459100	3.671200	1.236900	2.942300	3.238600	3.769300	7.280200	6.590500	4.824000	21.285400
93	6.293800	4.603600	2.376400	1.016600	0.000000	7.950300	7.884900	3.489900	5.809100	3.555800	0.933400	3.461600	6.383200	4.810600	6.221500	4.732900	13.311800	16.288500	8.503000	13.739900
94	6.167300	4.291700	0.000000	0.584100	0.811500	5.677000	5.030400	3.196600	5.342400	3.285000	-0.077300	3.438000	4.209600	3.298400	5.190400	3.960900	-0.341700	3.731100	2.832900	3.790200
95	5.869100	4.439900	0.000000	2.806900	1.359800	5.500100	9.542300	3.873800	5.494900	3.360900	1.611800	4.837500	5.319700	3.695800	5.500200	3.739700	16.932700	8.341500	4.230500	4.801300
96	5.316000	3.564600	0.239400	1.443400	0.000000	6.384500	3.450300	3.004500	3.863300	2.925100	-0.040600	3.401300	3.333000	2.578000	4.419800	2.935200	5.205400	8.410900	2.951500	4.548600
97	2.371600	2.168200	0.426900	2.520800	3.986600	3.453000	1.183100	2.553400	2.082300	1.777700	0.291600	1.849300	2.658200	2.313600	4.264200	1.629400	2.710300	2.445000	0.264900	0.000000
98	-0.376600	-0.232400	-0.432100	0.106800	-0.033300	-0.745000	-0.194600	-1.136100	-1.429600	-0.297900	-0.781000	-0.491400	-0.779400	-0.542900	-0.947800	0.000000	-0.192200	-0.153500	-0.354500	0.278200
99	0.000000	5.629700	15.445700	12.202500	16.005000	6.755500	13.739500	11.041500	7.163800	9.132800	12.592400	11.967000	17.285200	13.009400	15.546000	13.589500	28.367700	24.543200	21.999200	50.988600
100	4.674200	3.813100	0.362200	2.560300	1.372300	7.921300	4.419300	3.732300	4.201900	3.233900	0.000000	4.199500	2.832000	3.598200	3.562300	3.744900	9.553300	8.142400	0.754200	6.182600
101	0.000000	3.667100	3.053000	8.800900	8.816400	15.098700	3.188800	9.917600	4.345600	4.149600	3.062600	3.637900	6.060200	4.146600	4.745600	4.559500	3.918300	2.564700	3.895700	19.048600
102	2.242500	0.676200	2.022800	0.441300	1.111700	2.477600	6.130700	0.000000	1.285400	0.810300	1.467000	5.886500	2.890400	3.592400	5.099300	2.335700	9.232800	9.620000	7.195100	25.197800
103	2.849600	2.021900	0.118600	1.141800	0.000000	1.910100	3.734700	1.364900	2.546600	2.209600	1.001500	2.793600	1.261600	1.805200	3.300100	3.283000	2.618500	1.960900	0.873400	3.304200
104	0.591600	0.001900	-0.794300	0.394800	-0.002900	-0.706300	0.074500	-0.360800	-0.174900	0.533800	-0.923800	0.538300	0.000000	0.010900	0.281000	0.569900	-0.588600	-0.141000	-0.557500	0.597000
105	1.267200	0.957700	0.440000	1.566900	1.260800	1.479600	0.809200	2.804000	1.085100	0.962700	0.468700	0.826700	0.000000	0.534200	1.076500	1.229300	1.313400	1.167800	1.084100	1.223500
106	4.854400	3.337500	0.000000	4.363400	4.202800	7.976600	8.053400	2.047500	3.707000	2.551800	-0.156200	4.523500	4.566800	3.444900	3.847200	3.083900	21.367600	19.838300	8.611900	26.867800
107	0.858300	0.546800	0.062000	0.845500	0.489600	0.652500	-0.321100	0.884000	0.841100	1.029700	-0.241000	0.415400	0.374200	0.000000	0.582200	0.617200	0.133000	0.652500	0.534600	1.448500
108	0.029800	-0.001300	-0.053300	0.417900	0.121600	0.084300	-0.511500	0.639200	0.090300	0.337900	-0.458800	-0.390900	-0.140800	-0.232200	0.000700	0.000000	0.371400	-0.237500	-0.272900	0.405400
109	4.119500	2.598800	-0.358100	0.845600	0.000000	6.161100	3.669800	1.934900	2.995700	2.177400	-0.194600	3.152600	4.146400	2.950000	4.568800	2.322100	16.114700	14.835300	5.353200	18.246200
110	0.440400	0.070000	-0.131800	0.274800	0.426400	-1.214100	-0.167200	0.628000	-0.042400	-0.505100	-0.248800	-0.047300	-0.080900	0.000000	0.123600	0.386900	-0.367400	-0.017100	-0.067500	0.249400
111	1.822400	0.590500	0.475200	1.559100	3.126800	-1.317600	3.814800	3.285600	1.086700	0.265500	0.524700	1.164200	1.505100	0.000000	3.592400	1.952700	15.260900	13.748000	7.377800	2.361900
112	3.801700	2.088700	2.064200	3.042400	1.462300	0.000000	2.555900	1.900900	2.207500	1.136500	2.003500	2.524600	4.888700	4.416700	5.125800	3.619900	4.131100	2.439100	2.256300	2.433900
113	6.199700	4.530400	0.000000	1.043100	1.521100	11.541700	6.890900	2.851400	4.810800	3.690600	0.179500	3.694600	5.564100	2.947900	5.967200	4.457900	12.931100	4.690500	1.594400	3.362000
114	5.531300	3.844700	0.000000	3.626200	1.375100	7.145100	8.343200	3.053200	4.699700	3.231300	0.740700	3.632800	5.008700	3.261400	6.240300	3.750900	13.236400	12.326900	7.167600	4.859500
115	3.988300	2.756200	1.379200	0.215100	0.020200	5.641200	3.152100	2.398200	3.569800	2.222900	0.000000	2.497500	3.276900	2.162100	4.553100	3.554800	5.110700	6.649500	5.254900	3.419600
116	0.000000	-0.504600	1.424700	6.686000	5.462700	5.743100	10.629900	3.573500	1.478100	1.622600	2.432600	6.283000	5.490900	4.348700	7.420400	6.130900	32.817300	27.748000	21.432500	37.027600
117	1.053100	0.394700	-1.196500	-0.743600	-0.826400	2.962400	1.593100	0.000000	0.377100	-0.089900	-0.960300	0.758500	1.357700	0.978300	1.151700	0.452100	3.901800	0.118600	-1.313100	0.731400
118	1.337700	0.712400	-1.372700	1.347600	2.555800	1.236700	1.199300	0.000000	1.121600	0.390500	-1.748700	0.769800	0.698500	0.423700	2.255000	1.691100	6.999900	0.513200	-0.001200	1.239300
119	0.594900	0.548200	-0.077600	1.486000	1.148700	1.962800	-0.679200	0.000000	-0.180400	0.810100	0.292400	-0.425200	0.180900	0.305400	0.052200	0.185100	-0.501800	-0.496000	-0.003700	0.600200
120	3.096000	1.847700	0.103200	1.376200	1.328000	3.005700	1.542500	1.446600	1.876800	1.775500	-0.378200	0.618700	2.780500	2.457600	1.687800	1.632500	5.814600	5.339100	1.261100	0.000000
121	1.110300	0.000000	-1.826300	-1.406100	-1.773900	3.127900	-0.540900	-0.928700	0.326100	-0.370800	-1.709300	-1.075900	-0.544200	-0.794700	0.017100	-0.458400	-0.632900	-1.415200	-0.830900	-0.435400
122	2.772800	0.000000	2.781300	-2.419100	-1.464500	-0.301000	7.244600	-0.547700	1.369600	-0.299700	-0.388200	2.355600	-0.256600	0.600600	1.054500	1.225200	6.755600	7.145200	9.752300	14.379700
123	1.335600	0.858900	-0.013500	0.321400	-0.227200	4.215500	0.000000	0.685000	0.953800	0.481800	-0.487200	-0.226000	0.423600	0.458600	0.996100	0.950400	-0.253900	-0.594200	-0.168400	0.613000
124	0.774000	0.388100	-0.189100	0.191100	-0.287200	-0.973600	0.000000	0.623500	0.923700	0.226700	-0.514000	-0.065700	-0.134000	0.096600	0.710800	0.688400	0.708400	1.016000	0.838300	0.794100
125	1.924400	0.725600	0.278800	0.303300	-0.282000	4.490100	0.183500	0.498400	1.253000	0.503500	-0.400700	0.171500	0.259400	0.183100	0.000000	0.220800	-0.109300	0.322600	-0.091400	0.737800
126	0.000000	2.517000	3.237200	4.018700	3.680400	5.357200	2.845400	4.436200	3.218800	3.090100	2.621900	2.849300	3.084900	2.581800	3.154100	3.099500	3.174300	3.171000	3.149200	2.857200
127	0.560000	0.883200	0.180100	0.715900	0.454900	0.145600	0.162500	0.812900	0.828300	0.589600	0.317800	0.292300	0.166300	0.105900	0.142400	0.000000	0.010900	-0.030300	-0.153200	0.550000
128	2.915700	1.615500	0.263900	0.000000	-0.038200	4.249600	0.363900	1.033400	2.421400	1.435600	0.364700	0.592100	1.594300	0.569700	2.846800	1.686400	1.600100	1.231300	0.990200	1.387500
129	4.761500	2.795900	2.274300	0.419100	0.000000	4.290000	4.649700	2.556900	4.069800	2.313400	1.182800	3.920600	4.193100	3.933600	4.192300	3.981500	7.403600	8.707400	7.391900	6.234600
130	3.784500	2.751500	0.396400	1.016800	0.000000	4.309600	1.559600	2.193200	3.182000	2.287800	0.429400	1.149400	1.833100	1.891500	3.340200	2.690100	0.655500	-0.492400	-0.162600	1.831600
131	3.614900	2.592600	1.181500	1.523200	1.311500	5.688900	2.468000	2.515700	3.969500	2.407900	0.349500	2.741200	4.565500	2.978800	4.467400	0.946600	0.505400	5.053000	2.296300	0.000000
132	1.460800	0.299400	-0.304600	0.000000	-0.668900	2.275100	0.583300	1.547500	1.214600	0.994200	-0.404800	0.229600	0.488700	0.006200	0.932100	0.985600	0.346800	0.299900	0.195300	0.926600
133	0.567600	0.000000	-0.547700	0.071200	-0.384100	3.617900	-1.219100	-0.106700	-0.292200	-0.395700	-0.916500	-1.286300	-0.564100	-0.970900	0.325400	0.213500	-1.140200	-0.916200	-0.984300	-0.255600
134	-0.126100	-0.103600	-0.634800	0.336800	0.366900	-1.519700	-0.719300	0.321200	-0.165500	0.167200	-0.840200	-0.900400	-0.279600	-0.106900	-0.107800	0.000000	-1.371600	-0.412700	0.068700	0.293600
135	0.000000	8.625500	27.034600	25.562400	28.758800	20.910600	23.381100	23.892000	13.617400	15.113800	19.854400	21.777200	22.846800	22.572400	26.326100	26.958200	38.515800	37.520300	36.732500	38.952200
136	1.927800	1.459200	0.070800	0.313500	0.000000	2.706600	-0.070100	0.823600	1.058400	1.097200	0.669200	-0.162900	0.912100	0.190000	1.048600	1.187000	1.683400	1.296500	1.264600	1.278300
137	1.901500	0.477400	-3.007800	-1.585500	-2.264600	3.285900	1.996700	0.000000	1.660400	-0.157600	-2.295900	1.867600	1.371700	-0.136100	2.623900	1.014300	4.830000	6.294200	-0.469400	2.566800
138	1.948700	0.361600	-1.516000	-0.304800	0.951900	1.342000	0.274500	1.477000	2.015800	0.289000	-1.319300	-0.089600	1.209100	0.612000	2.243200	0.995300	-1.273100	-1.376900	-1.738500	0.000000
139	5.037000	3.952900	-0.062300	0.987800	0.000000	5.196700	5.932400	3.288200	4.243900	2.935200	-0.240900	2.928000	4.591200	3.218200	6.019600	4.180400	2.731700	5.918600	2.710500	4.045700
140	0.000000	7.499800	35.455900	21.551700	29.043100	20.187700	29.788900	21.663700	11.429400	14.506600	26.880400	31.923400	29.187100	32.486300	26.305400	25.690300	52.271100	49.603100	47.631300	77.184480
141	2.983300	2.003000	3.320700	3.715500	3.954900	0.000000	2.613200	4.198200	3.160700	2.660900	2.291800	2.555000	3.087600	3.126700	3.454000	2.656200	6.376600	4.151900	4.469500	4.890300
142	2.062400	0.000000	5.201200	5.555100	7.957100	9.205300	11.785700	8.512600	1.830000	2.823600	3.504500	8.176000	7.722300	8.699500	7.474000	6.518400	24.606700	7.646900	6.697800	31.234000
143	4.200900	4.118000	2.833000	2.524100	2.229200	8.257300	0.000000	2.500500	3.550900	3.559300	2.416900	3.241300	3.422300	3.908800	4.621400	3.847600	4.654400	3.017700	3.089100	4.504700
144	0.051300	-0.174000	-0.239800	0.053200	-0.088700	-1.145700	-0.013600	0.087700	0.090300	0.085900	-0.226000	-0.171600	-0.364900	0.000000	-0.066000	0.130000	0.012000	-0.145000	-0.202000	0.375800
145	0.330600	-0.259500	-0.982600	-0.341400	-0.528700	-0.843200	-0.157600	0.180400	0.146700	-0.177900	-1.139200	-0.315400	-0.602400	0.000000	-0.026400	0.172800	-0.737900	-0.339900	-0.605800	0.095100
146	4.152200	2.787900	4.732200	2.325900	3.068100	3.468300	10.847100	2.209100	2.576300	2.954300	5.690500	9.706700	4.524200	7.022200	0.000000	5.192000	30.453900	21.645000	15.626300	13.432500
147	0.000000	1.552100	1.789600	3.194900	2.933600	-0.065100	2.216200	3.071900	2.641400	2.773300	2.267300	1.198500	1.631200	2.138500	0.867300	2.501600	2.478900	2.848600	2.266300	1.721000
148	2.951900	2.908900	2.383400	2.750300	2.483400	2.854000	2.355100	2.739800	3.143100	2.833600	2.472100	2.314600	2.328200	2.885300	0.000000	1.302800	2.543600	2.570000	2.584600	2.821900
149	2.793600	2.032200	-0.258000	1.314500	1.501100	4.185800	1.753700	1.618800	3.007000	1.770000	0.212800	2.007200	1.157500	1.572600	0.818100	0.878400	0.694100	0.000000	0.265900	1.618300
150	1.334000	0.409700	0.570300	1.633000	1.340400	1.503500	0.158300	1.722300	0.000000	0.964800	0.392900	-0.104200	0.848500	-0.101500	1.447400	0.184100	1.293500	0.741200	0.552600	0.536600
151	2.169800	1.493800	0.243100	1.546900	0.719300	0.783800	1.074000	1.730700	2.000000	2.021800	0.015200	0.603500	0.590700	1.056700	1.640800	2.111100	-0.050500	0.000000	-0.327200	1.512400
152	5.431100	3.630800	0.000000	1.594800	0.444900	7.985400	4.457700	3.029200	4.404200	3.543800	-0.118200	1.437300	3.310300	3.486200	5.009800	3.410600	3.548900	3.963300	1.882000	3.746900
153	1.690500	0.000000	3.657700	3.426000	3.116600	-1.114800	1.332700	2.722500	0.766000	0.634000	1.037500	2.139000	3.798500	2.498800	4.451400	2.864800	14.323700	2.391800	2.146400	8.457700
154	0.415900	-0.356300	-0.580500	-0.011800	-0.417600	1.231000	-0.465700	-0.548400	-0.296600	0.339000	-0.930000	-0.467300	-0.460900	-0.655800	0.000000	0.127000	-0.395900	-0.325900	-0.481500	0.263400
155	2.812400	1.707200	0.407600	1.124700	0.000000	4.726500	1.121500	1.513300	2.081000	2.250200	0.453700	0.987900	1.989800	1.439800	2.800500	1.686600	1.093600	1.041200	1.025200	1.204900
156	5.178700	3.575400	0.000000	4.907900	2.592600	7.436400	3.682300	3.482000	4.733600	3.423400	-0.202800	2.481000	4.318600	2.624900	5.506800	2.869800	4.078600	0.269100	-0.880100	1.577300
157	0.049500	-0.349400	-0.152400	0.675200	0.621700	5.010900	-1.542700	0.966300	-0.167700	0.556100	-0.418000	-0.554200	1.089100	0.000000	1.542700	0.471800	0.328000	-0.308800	0.004300	0.466400
158	0.033900	-0.048500	-0.092700	0.932000	0.452400	0.113900	-1.192200	0.000000	-0.755400	-0.459300	-0.097800	-0.759000	0.455400	-0.549900	0.694200	-0.147300	-0.206800	-0.713700	-0.457800	-0.746200
159	3.371600	2.486800	1.398000	0.000000	-0.768100	4.777600	4.756800	1.876900	3.548700	3.212100	1.843000	2.470100	4.419400	2.885800	4.841500	2.651700	12.947000	11.032400	6.546100	7.348800
160	4.334900	2.864200	0.000000	2.372400	3.054200	9.342900	2.595100	3.247700	3.701800	2.111900	-0.952700	1.751000	3.608200	2.571700	3.951200	3.056300	7.957200	8.209400	9.739900	7.297400
161	1.696200	1.583200	2.577300	3.469700	3.708300	0.000000	2.074700	3.523500	1.304700	2.420200	2.309300	2.214700	2.049700	2.180000	2.878200	2.568000	2.417800	2.153600	2.217000	2.804000
162	-0.757900	0.436600	-0.576400	0.062400	0.010200	-1.262000	-0.586300	0.247200	0.663100	0.193300	-0.472500	-0.755300	-0.049100	-0.254400	0.000000	0.200100	-0.054900	-0.562400	-0.522700	0.409500
163	4.567700	3.231500	0.564200	0.000000	1.552700	5.749400	4.156000	2.039300	4.030400	2.587600	-0.926500	3.760400	5.152300	2.642600	5.658900	3.143000	9.780900	6.898800	3.572300	47.214900
164	0.833500	0.000000	-0.266000	-0.228200	-0.639600	3.584100	-0.853700	0.132300	0.007700	-0.144900	-0.441000	-0.620600	-0.093500	-0.612100	0.958000	0.209200	0.221900	-0.900000	-0.376400	0.375000
165	4.298800	3.426400	3.330800	3.267600	2.215500	2.644500	3.635100	4.283500	4.264600	3.382500	1.041400	3.710100	4.374000	4.006800	4.182600	3.838600	0.000000	0.897000	0.763500	4.171000
166	1.205400	0.264700	-0.780600	-0.536700	-0.882700	4.620300	-0.849100	0.378700	0.513900	-0.359600	-1.100800	-0.554200	-0.336400	0.021500	-0.602800	-2.016400	0.925600	-0.858500	-0.776200	0.000000
167	0.570500	0.236800	0.172600	0.821700	0.569500	-1.398700	0.176300	0.423000	0.241000	0.416600	-0.196500	0.080000	-0.265900	-0.236800	-0.453300	0.000000	0.024500	0.004600	-0.105800	0.820800
168	0.379700	0.678600	0.343200	1.207000	0.584000	1.030600	0.168000	1.210900	1.080600	1.892400	0.253300	0.510500	-0.542300	0.490800	-0.402300	0.000000	0.700700	0.323600	0.304600	0.694300
169	3.095000	2.476900	0.050700	0.477100	0.000000	3.852900	9.962100	0.780100	2.021500	2.469200	-0.299900	4.416000	3.976500	2.765100	3.413600	1.621900	15.142600	6.636700	7.722100	4.064600
170	1.865100	0.907700	0.061200	1.299000	0.792000	1.303600	0.000000	1.730100	1.873300	1.398800	-0.236900	0.238900	0.824500	0.902400	1.811300	1.721400	2.731100	1.964300	1.595500	2.015400
171	0.888700	0.000000	-0.643700	1.320100	1.043500	-1.615400	-0.388000	2.019000	0.488000	0.598000	-0.768700	-0.055700	-0.106900	0.240600	0.787500	0.948700	-1.027500	-0.248100	-0.677700	0.732800
172	1.912800	0.912000	-0.320800	0.675200	-0.048000	0.717400	1.136200	1.009800	1.147800	1.200900	-0.592000	0.719100	0.000000	0.229600	0.554900	1.417400	0.533600	0.000400	-0.282300	0.958400
173	3.810800	2.241600	0.000000	1.393000	0.604900	5.026700	0.610100	1.691400	2.809400	2.468300	0.178500	1.319100	3.094400	2.455000	3.664200	2.510700	-0.162900	1.795400	0.245000	2.707200
174	6.350200	4.717500	1.934700	4.649100	4.385100	7.840900	3.626600	4.076200	5.118300	4.956500	1.776100	3.692600	5.483300	4.143100	5.268200	4.702900	0.000000	2.033000	0.950500	3.558000
175	2.456500	1.370000	0.165500	1.799000	0.612100	3.357300	0.000000	2.041300	1.671300	1.946500	0.025200	0.794900	1.813500	1.168800	3.092800	1.289200	0.167700	-0.431900	0.214400	0.467600
176	1.135700	0.248000	-0.870700	0.147600	-0.679200	1.991200	-1.462300	0.587100	0.434000	0.711100	-0.680900	0.000000	-0.667800	-0.237300	0.437100	0.507700	-0.500400	0.144300	-0.342200	-0.671500
177	5.262600	3.382500	0.000000	2.442000	1.761500	9.134800	8.964100	3.339300	3.911000	3.595000	0.549000	4.185800	5.094300	3.031400	5.314700	4.318600	20.645500	12.545200	5.723800	5.398600
178	1.919700	0.000000	5.861300	1.025000	3.758300	5.564700	16.482800	1.989700	0.875500	1.736100	1.074400	9.628400	7.044500	6.429600	3.792000	2.731100	24.512300	20.121500	12.322100	12.930900
179	3.806500	2.014400	0.673100	0.000000	0.485400	3.690400	1.985700	1.598900	3.404800	2.058100	-0.213700	1.702500	2.405400	1.871000	3.977500	3.163100	8.154700	7.546800	6.469200	22.905200
180	1.279000	-0.046900	-0.639700	0.895600	0.528800	2.865300	0.132500	1.176900	0.121900	0.877700	-0.569200	0.503200	1.033300	0.676100	0.848200	0.000000	-0.671100	-0.206000	-0.622600	0.519500
181	1.513600	-0.214200	0.262100	-0.128000	1.912700	4.649700	9.163600	0.038700	0.228800	0.000000	0.633600	4.609000	4.018700	2.794400	3.246100	2.029300	13.192700	10.186800	7.413700	5.136500
182	4.383500	2.570700	1.274000	0.000000	0.395400	3.323600	9.186600	1.588600	3.079100	2.284600	3.534700	3.343000	5.132900	5.698000	5.207000	2.020400	10.187100	11.187700	9.522800	7.114100
183	3.491000	2.157800	-0.639800	-0.193300	0.000000	5.877400	2.590900	0.900100	2.546100	1.961000	-0.393100	2.132700	3.338000	2.223700	4.358500	2.294800	10.838400	13.716900	10.571800	7.249800
184	2.514100	0.992200	-1.032600	2.703900	3.700700	4.982400	0.591800	5.071500	2.763400	1.511100	-0.473900	0.090200	0.093300	-0.563400	0.698800	0.000000	-0.515500	-0.372700	-0.794000	0.216400
185	4.235100	2.239900	9.020500	3.666300	6.048600	0.000000	19.884300	3.814900	3.255900	3.400800	9.246800	11.783900	6.950500	11.077100	9.968200	6.087500	28.129000	15.379700	14.070400	34.493500
186	5.295200	3.309300	0.000000	3.944700	5.389000	5.991400	3.424700	3.574900	4.774000	3.606700	-0.259800	3.171300	5.195000	3.734400	5.736400	3.431300	7.419500	4.116500	1.481800	3.514100
187	0.866600	-0.769800	2.436000	0.366000	0.973000	2.578800	17.893200	0.000000	-0.569100	-0.677700	4.328100	9.838000	6.019400	4.052300	3.117900	2.359200	22.518900	10.875400	10.574000	18.283300
188	1.623400	0.000000	2.760100	4.305700	4.734200	8.133200	10.089600	4.821900	0.736700	3.091600	3.699800	12.296500	10.516200	8.416700	6.676400	8.260100	32.608400	20.591900	16.126400	17.932900
189	3.366700	2.537400	0.175200	1.184700	0.000000	7.411100	2.095000	2.290100	2.934400	2.644200	-0.074400	1.855700	2.780900	1.957900	4.492000	3.620700	2.454500	2.497700	2.400100	3.312600
190	2.789000	2.899100	1.777500	3.742600	3.054400	6.298600	2.677000	3.502500	3.551500	3.300200	1.192200	2.575800	3.217600	2.646200	3.605500	2.066900	0.000000	0.025000	0.666400	1.783200
191	0.275100	0.828400	0.212000	1.977100	2.277900	5.198000	0.384700	1.483600	0.911200	0.665900	-0.007700	0.032900	0.971300	0.110200	1.387800	0.000000	2.176400	0.418600	-0.197900	0.444000
192	1.868400	0.848600	-0.303000	-0.610200	0.060200	5.298600	0.087100	1.202800	1.283000	0.000000	-0.202700	-0.087100	2.201800	0.859800	2.823300	1.643700	-0.462000	0.240700	-0.036700	0.867800
193	1.870000	1.502100	1.849600	1.987200	1.435600	0.000000	2.012200	2.948800	2.005100	2.421600	1.185000	1.905100	1.054100	1.769700	0.694800	1.516400	2.722600	2.199800	2.171300	1.813200
194	1.316300	-0.386900	-1.837200	-2.230400	-2.824900	1.603600	-1.517600	0.074800	1.174200	-0.332600	-2.183100	-0.491100	1.390000	0.071600	1.484200	0.000000	4.650100	4.797000	2.505100	3.803400
195	0.000000	1.738100	2.201700	2.790700	2.544400	9.990500	2.247100	2.493500	2.700000	2.450400	2.023100	2.048600	2.040500	2.495100	2.993900	2.939900	2.835100	1.922600	1.702600	4.188700
196	1.937000	0.675000	-0.596700	0.361600	-0.144500	1.708500	-0.010400	1.476200	1.553500	1.089000	-0.698700	-0.299200	0.000000	0.486800	0.710600	1.128900	-0.218500	-0.637000	-0.421600	0.972300
197	5.665600	3.900200	0.000000	2.959900	1.818300	5.471200	8.076100	3.383000	4.899400	3.576500	0.498300	4.628100	5.697500	4.198900	5.905100	3.833400	22.266600	17.208100	7.752000	6.108900
198	1.020200	0.083200	0.131100	1.282600	0.300000	1.937500	0.000000	0.286400	0.463300	0.843000	-0.161000	0.172900	0.464400	-0.063200	0.967500	0.594000	0.217300	-0.626900	-0.396200	0.908300
199	-0.069500	-0.209000	-0.844900	0.760400	0.194400	2.293900	-0.235400	-0.228000	-0.677700	-0.102300	-0.685000	-0.289400	-0.400000	-0.592000	-0.433000	-0.296000	-0.242300	-0.506500	-0.750000	0.000000
200	2.457700	1.261900	0.980100	1.489600	2.529900	5.574200	0.560200	1.277600	1.802300	1.876100	0.136500	1.089700	2.611700	1.626500	2.625700	1.230400	-0.794600	-0.320000	-0.814300	0.000000
201	2.302800	1.915000	1.429500	2.251300	1.861300	0.000000	1.533900	2.426500	2.277900	2.318700	0.864400	1.368300	1.005600	1.437400	1.804500	2.164100	2.284300	1.679200	1.480800	2.646500
202	0.968800	0.418300	0.223400	0.359500	0.217600	0.433200	0.577900	0.598400	0.740500	0.610600	0.155500	0.414200	-0.921200	0.000000	-0.295900	0.583400	0.037900	0.415200	0.239500	0.720600
203	2.817300	1.617600	-0.180900	0.946200	0.363600	1.129500	1.359800	1.693800	2.163900	1.718800	-0.270900	0.775400	0.000000	1.230200	1.152700	2.003800	0.944900	1.368600	0.991900	2.075800
204	4.197100	2.557500	-0.247900	0.399900	0.000000	4.224900	2.910300	1.900500	3.615800	2.772300	0.687600	3.836600	5.525500	3.663500	4.614700	2.642200	22.734600	14.721300	8.702700	7.239900
205	2.447700	1.579700	0.709000	1.407200	1.245100	5.233000	1.775100	1.774700	1.654600	2.254200	0.000000	1.399900	1.796300	1.628700	2.758000	2.256300	2.425200	0.092900	0.339100	2.111200
206	1.415400	0.462000	0.194000	0.552700	0.000300	2.957100	0.142000	1.147200	0.697100	1.038200	-0.202900	0.029300	1.312500	0.000000	1.656200	0.435900	0.409200	0.239200	-0.154000	0.468800
207	4.880700	3.247900	-0.226600	1.202700	0.000000	5.642600	3.171800	2.430100	3.939200	3.103300	-0.123600	2.851300	4.783600	3.377900	5.574700	3.115500	11.410900	3.200200	2.298800	2.921300
208	2.045600	-0.092000	-0.924500	0.915100	0.081500	2.636600	9.756200	1.239400	0.682000	0.000000	-1.407400	2.660200	4.209200	1.724700	3.168700	1.446500	15.161900	16.326700	10.288700	51.684300
209	1.225400	0.163700	-1.006700	0.195600	-0.681500	3.334700	-0.210500	0.499300	0.308700	0.432800	-0.790100	-0.667600	0.000000	-0.196000	0.691300	0.195100	-0.221000	-0.419200	-0.621300	0.505700
210	6.545200	4.879300	2.794200	6.055400	5.275600	7.427800	5.942300	6.243300	6.801900	5.578800	3.843300	5.579600	0.000000	4.599500	6.393100	5.935900	8.603200	7.606900	5.955200	8.083300
211	3.760300	1.962900	-0.488700	0.000000	-0.860000	6.293800	10.665900	1.715500	2.802600	2.123800	-0.563200	4.064600	3.863700	2.734000	3.154700	1.968400	17.297200	9.314700	5.484100	3.668600
212	1.701500	0.000000	1.057300	1.538400	2.373700	8.356500	-0.484100	2.421400	0.696500	0.723500	-0.735200	0.163900	2.326700	0.489000	4.468600	2.653600	3.997000	1.440200	3.416900	2.460500
213	1.273000	0.000000	-0.554200	1.031600	0.380200	2.770400	-0.665200	0.681000	0.434500	0.808800	-0.807800	-0.424400	0.108100	-0.196000	0.840100	-0.547500	-0.010100	-0.357300	-0.361400	-0.210400
214	4.199700	2.104400	1.849800	0.000000	0.100400	4.616100	17.919500	1.166600	2.978800	2.223500	5.641300	7.393100	5.878200	5.791100	5.992300	4.213200	19.456800	23.853800	16.782100	12.032700
215	4.659600	2.942700	1.500000	1.100800	0.000000	6.475200	2.165300	3.444700	4.150300	2.614700	-0.413300	2.632600	4.345500	3.120700	5.234300	3.909500	3.414800	8.770900	6.477900	4.933800
216	0.760400	-0.184900	-0.554400	0.496800	-0.127700	5.338900	-0.698100	0.057600	0.251600	0.580100	-0.676100	-0.178600	0.000000	-0.169400	0.755100	-0.510500	0.243700	0.182400	0.076000	0.754500
217	2.462200	1.799000	0.948500	3.185300	2.612900	5.800500	0.000000	1.733500	2.730500	2.091900	0.973900	0.719400	2.492000	1.523000	3.474900	1.585800	1.204300	1.266200	1.121500	0.342400
218	2.829000	1.959900	1.400100	2.469900	2.378000	4.222900	3.528700	2.469900	1.588900	1.373200	1.636900	2.643400	0.000000	1.389000	2.110700	1.881900	4.866500	2.913500	1.849600	3.465000
219	0.000000	3.580100	3.974000	4.994600	4.935300	7.582500	3.146300	4.894300	3.767300	3.768200	3.815700	3.559200	3.956600	3.723300	3.959300	3.813600	3.855900	3.967700	3.945000	3.773700
220	1.280100	0.331900	-1.467600	-0.736000	-1.772600	4.243700	0.326900	0.245600	0.912900	0.003900	-1.678000	-0.480900	-0.680100	-0.106000	0.685800	0.772700	-1.277800	-1.785200	-2.154900	0.000000
221	0.194500	0.134000	-0.026000	0.072500	0.044200	-0.642200	-0.332100	-0.047300	0.210600	0.148900	0.267000	-0.409300	0.258400	-0.210400	0.296100	-0.166200	0.311000	0.125000	0.122000	0.000000
222	2.055700	1.162800	-0.243500	-0.009300	-0.262100	3.209700	1.424300	0.000000	0.775000	0.534200	-1.026500	1.313600	2.328200	0.507200	1.786100	1.351700	1.623800	-0.004000	-0.250300	1.030400
223	0.665000	0.968500	1.239000	1.665700	1.735300	2.853400	0.786400	0.596100	0.000000	1.995300	1.317500	0.813400	1.482200	1.284600	0.603000	0.238500	0.701100	-0.289500	0.494000	1.470300
224	1.251100	0.000000	1.401300	0.889800	0.811900	-2.114500	1.545400	1.560400	1.918600	1.160200	1.336700	0.552100	1.045200	0.731600	1.710700	1.814500	5.610200	0.197900	3.996800	3.247700
225	1.936400	1.333700	1.025800	1.711100	1.176100	0.342100	1.363800	1.151700	1.220700	1.953000	0.876400	1.275600	0.000000	1.124000	-0.094300	1.460900	1.101900	1.387300	1.344400	1.595900
226	2.034100	1.123400	1.134200	1.633600	1.134100	1.602000	1.419500	1.822700	1.648800	1.864100	1.025500	1.244200	0.921300	1.106900	0.000000	-0.229900	1.254200	1.397900	1.390300	1.812800
227	4.814800	3.320100	0.000000	1.872300	0.483100	7.111400	4.295900	2.750000	3.868600	3.465900	0.697500	2.614900	5.432400	3.020700	5.680300	3.355200	6.620700	4.487900	1.793300	4.189500
228	2.042000	0.365600	-0.739400	1.184000	1.233100	7.392700	0.000000	1.609200	0.884500	0.699800	-1.419200	-0.507400	0.596200	0.341500	2.253900	1.048800	-0.977500	-1.465500	-1.777100	0.230400
229	0.750100	0.075600	-0.100100	0.964600	0.301600	3.931300	0.008700	0.211300	0.200900	0.750400	-0.133900	0.082500	0.034200	-0.031300	0.000000	0.116000	0.012300	0.091500	-0.039500	0.517900
230	3.736600	2.476500	1.534500	2.751700	2.007300	5.772000	2.338800	2.497900	2.763100	3.156700	1.332800	1.855900	2.900700	1.735300	3.201500	2.718800	1.974800	0.000000	0.193500	2.848700
231	4.817500	2.621200	2.210200	0.000000	0.369000	6.147600	7.658000	2.310100	4.009800	2.733400	2.099900	6.335200	6.538000	5.408900	5.342800	3.482500	16.552400	11.502100	8.326200	8.683700
232	2.780000	1.772100	0.182800	1.674600	0.511600	5.720900	1.829500	1.472400	1.953000	2.062400	0.000000	1.356400	1.615100	1.741500	2.245500	1.690600	1.268900	0.049200	0.218300	1.983200
233	1.204000	0.300000	-0.173100	0.424200	-0.240700	2.383700	0.245700	0.130900	0.161300	0.937100	-0.581500	-0.058000	0.158000	0.000000	0.632500	0.442500	-0.555800	-0.178200	-0.167900	0.679700
234	2.522100	0.916000	-0.585000	0.000000	-0.690400	3.988200	-0.049200	0.503700	1.308500	0.978600	-0.739800	-0.323200	-0.174500	0.482700	1.516500	0.158700	-1.273100	-0.220700	-0.344300	0.900700
235	4.692100	3.180600	-0.304900	1.030200	0.000000	6.980000	6.442300	2.977900	4.197900	3.182900	0.752600	4.789300	4.776300	3.980500	5.239200	4.036300	13.637700	11.151800	6.472100	7.115200
236	0.258000	-0.402700	-0.873000	0.078000	-0.527300	3.218000	-0.448200	0.345200	-0.366000	0.256500	-1.219900	-0.731600	-0.471400	-0.545700	0.000000	-0.181800	-1.067200	-1.241500	-1.390500	-0.117600
237	0.350600	0.000000	-0.289800	1.474200	0.706600	2.446200	-0.465300	0.946500	-0.214200	0.698800	-0.576500	-0.423300	-0.146700	0.124800	0.203200	-0.058900	-0.626200	-0.046800	-0.155500	0.195100
238	1.921200	1.462000	0.402700	2.841800	2.167200	5.100600	0.552500	0.000000	0.349600	1.437400	0.405500	0.450100	0.596900	0.734500	0.282400	0.554000	0.539300	0.708100	0.508900	0.294100
239	0.695400	0.000000	0.022700	0.420500	0.201500	-1.310500	-0.140100	0.932000	0.220500	0.161000	0.258900	-0.218700	0.272700	0.597700	0.994900	0.285000	0.878900	0.177900	0.021800	0.348000
240	0.455300	0.407000	0.164700	0.411800	0.508800	1.087700	0.458800	0.433100	0.328700	0.458200	0.217300	0.302800	0.000000	0.395700	0.046400	0.242600	0.588800	0.194600	0.145400	0.363000
241	0.433600	-0.364700	-0.751500	0.216200	-0.115600	2.080200	-0.158800	0.237900	0.224000	0.031200	-0.641800	-0.122700	-0.427900	-0.002300	-0.724800	0.000000	-0.598700	-0.381100	-0.470000	0.285300
242	2.913000	2.006900	0.828500	0.559400	0.000000	2.366000	1.616300	1.201000	2.482700	1.711900	0.284200	1.148100	1.368700	1.716300	1.255000	1.820400	1.002900	0.969000	0.939400	2.053900
243	0.251200	-0.367200	-1.101400	3.460600	4.088400	1.047300	1.860600	1.750300	0.000000	1.221400	-1.260300	2.221900	0.886100	1.003800	1.662100	1.964100	16.077600	18.403400	12.380600	10.468200
244	0.191700	-0.318600	-0.893300	0.006600	-0.622500	-1.794500	-0.044000	-0.050200	0.000000	0.047400	-1.015100	-0.165100	-1.982600	-0.419400	-0.397200	0.110600	0.071000	-0.000400	-0.005300	0.300100
245	4.861000	3.251800	-0.054500	4.442500	3.878200	5.353400	3.722800	4.741900	4.933700	3.314500	0.000000	2.917400	3.669100	2.674800	6.099700	4.220700	10.462200	11.257200	1.871400	4.122200
246	3.359100	2.103800	0.000000	2.920700	4.397000	2.270200	1.994600	2.927600	3.098300	2.818600	0.794800	2.007700	4.231300	3.091200	3.688100	2.301800	2.161300	2.691500	2.042700	3.463300
247	1.141300	0.330100	-0.131000	0.445800	-0.061400	3.957700	-0.388000	1.176800	0.545300	1.179700	-0.266500	0.092600	0.326400	0.000000	0.810800	0.852100	0.221900	0.102500	-0.035100	0.857600
248	-0.102500	-1.403000	-2.918400	-0.195200	-0.822400	1.152600	-0.017800	0.222900	-0.729400	-0.695800	-2.680300	-1.005200	-0.325800	-1.705700	0.000000	-0.247800	-1.659500	-4.138400	-2.433800	-1.843500
249	3.816200	2.435700	-0.208100	1.311700	0.000000	7.133900	2.296100	2.123300	3.198500	2.716100	-0.239700	1.369600	4.216000	2.092600	5.003700	2.741700	1.825600	1.851900	1.533600	1.990700
250	1.913100	1.063100	-0.240600	1.242300	0.570000	4.668800	0.000000	1.020000	1.023900	1.360100	-0.585200	0.198200	1.245700	0.895500	2.108800	0.936800	0.718400	1.388000	0.875900	1.325300
251	-0.282900	0.000000	-0.412800	1.599300	1.323500	2.555500	-0.161900	0.377100	0.384000	0.454900	-0.229500	-0.230700	0.459900	-0.296800	0.708900	-0.776300	0.055700	-0.481700	-0.557700	-0.887300
252	-0.209500	0.624700	0.000000	2.997000	3.415500	4.965600	-0.906600	2.684800	0.730800	0.334200	0.260700	-2.148200	0.618700	0.034200	1.615000	0.146300	0.197700	-0.192400	-0.078200	-0.885700
253	1.286000	0.898200	0.395500	1.068100	0.880800	5.316800	0.000000	1.422700	0.807900	1.012300	0.912300	0.140800	0.742600	0.424300	1.526100	1.007800	0.737300	0.580100	0.772200	1.241500
254	1.433700	0.923000	0.677500	0.937100	0.960200	-0.381400	0.364300	0.987000	1.335400	0.838500	0.543900	0.304000	1.142400	1.159300	1.903300	1.402300	1.235500	0.611900	0.349800	0.000000
255	2.447000	1.987100	-0.543100	-0.085100	1.665500	2.663500	6.540300	0.000000	0.747500	1.673000	1.534200	3.870500	6.754000	3.772200	5.825000	2.382400	19.208100	8.230500	8.832300	8.784400
256	0.920000	0.394400	-0.950800	0.143300	0.199300	-1.155100	1.240900	1.186600	1.381000	0.421300	-0.716300	0.555100	0.000000	-0.305800	0.623300	0.327300	5.557700	2.177100	2.583200	3.490100
257	4.379200	2.647400	0.243600	0.474500	0.000000	7.148900	7.729500	2.531000	3.575000	2.709100	0.730500	4.633700	4.336000	4.255300	5.181600	3.512000	6.591100	3.876000	11.265800	8.051100
258	0.866100	-0.132800	-0.754100	0.474100	-0.361300	-0.878400	-0.203500	1.123400	-0.060700	0.557500	-0.424100	-0.301800	-0.157000	0.150000	0.000000	0.361100	0.145700	0.080900	-0.050200	0.661000
259	3.062900	2.279900	0.785100	3.325900	4.296600	3.894700	1.657200	1.765100	2.352800	2.281100	1.006400	1.338200	4.240400	2.112200	3.944800	1.175200	2.618700	0.000000	0.116700	1.299900
260	2.065200	2.094500	0.010100	0.653300	0.000000	6.167400	3.483900	1.352200	2.060600	2.566800	0.740900	2.291100	4.238600	2.859800	3.499300	2.721900	4.940900	1.397500	1.112000	1.530000
261	2.208100	0.409900	0.502800	-0.222600	0.938600	0.002700	12.263800	1.849700	1.101500	0.476100	3.477100	5.851400	5.410800	3.738100	3.775600	0.000000	29.328200	18.523800	18.166300	32.478500
262	0.000000	3.773300	6.759500	13.062000	15.813100	13.840500	7.238600	9.597900	4.052800	5.857900	5.351400	6.211100	8.331700	7.341800	7.422200	5.763500	14.829200	7.134500	6.872700	12.087000
263	4.403600	3.178800	1.448400	3.070700	2.835600	9.057800	4.727000	3.455100	3.389000	3.506500	0.663500	4.070400	3.835700	2.794400	4.312300	4.236300	1.270900	0.765500	0.000000	3.241000
264	5.135000	3.556700	0.000000	2.572200	1.900000	7.985200	10.198400	3.627700	4.183900	3.515300	0.069500	5.357100	5.718200	4.085000	5.626100	4.435700	20.902000	10.208000	3.727800	3.055600
265	4.331300	3.221900	0.000000	2.343800	0.905800	7.401900	2.611700	3.614900	3.761700	3.446600	0.623300	2.080600	3.056700	2.485500	4.007200	2.963900	2.038900	1.862800	1.637900	3.492100
266	0.870000	-0.147800	-0.773300	0.011800	-0.449900	2.251100	0.000000	-0.236100	-0.130000	0.325400	-1.327900	-0.345300	-0.219600	-0.506400	0.120100	-0.006000	-0.637400	-1.130400	-0.675600	0.285500
267	3.260200	1.453000	3.903600	2.272700	2.164000	4.385400	0.000000	1.551800	2.043700	1.209300	-0.029900	0.721000	3.053900	0.774900	5.241000	1.750900	26.168900	6.782000	7.181600	7.245900
268	2.006800	0.000000	8.056100	4.705400	7.422800	5.872100	8.342900	3.053500	1.114900	3.470900	6.577000	7.554100	7.928600	8.020600	9.187000	7.910100	17.701400	13.255300	13.172700	31.052400
269	1.110500	0.282200	0.100300	0.715900	0.100800	4.430300	0.000000	1.043600	0.215100	0.841100	-0.165000	0.094800	0.382700	0.160500	0.825400	0.944800	-0.300200	-0.384900	-0.624500	0.621700
270	0.989700	0.000000	-0.044000	0.742900	0.370100	1.357500	0.374300	0.493900	0.304000	0.758500	-0.111200	0.165800	-0.359000	-0.491900	0.058200	0.016000	0.568000	0.415000	0.363700	0.294200
271	1.498600	1.566400	-0.808400	1.682200	0.531100	3.158200	-0.675600	1.614300	2.096400	1.327500	-0.129300	-0.300900	1.513700	0.749700	2.417300	0.591400	-0.240800	-1.084700	-0.289600	0.000000
272	0.000000	0.621200	0.762600	1.611800	2.971500	3.249100	0.118300	0.957200	0.530100	0.531100	0.899900	-0.047000	0.485400	0.044200	0.384800	0.269300	2.443900	0.631300	0.487000	0.342100
273	4.209400	2.950100	0.514600	1.054600	0.000000	7.374900	1.785200	2.868400	3.917500	2.584300	1.630000	2.225000	3.285300	2.419800	4.444700	3.537400	4.943800	8.931000	3.834000	4.484400
274	0.778800	0.000000	-0.534700	0.091200	0.001000	-0.408100	-0.622900	0.064300	0.147000	-0.097600	-0.530500	-0.669500	-0.298100	-0.315900	-0.087500	-0.156300	-0.448200	-0.792300	-0.667700	0.100800
275	3.582600	2.113300	2.848300	0.000000	1.221400	2.579500	7.612000	2.019700	3.041600	2.282500	2.877200	6.851900	5.938300	6.939400	5.106700	3.303500	10.908400	9.927000	5.191700	19.562400
276	2.730500	2.326100	2.165700	2.451600	2.088300	0.000000	2.246200	2.811700	2.454100	2.973500	1.880200	2.256800	1.956500	1.934100	2.069600	2.077500	2.344700	2.312100	2.298600	2.482000
277	1.417900	-0.250500	-2.085600	0.008900	-0.565100	3.521800	-0.402000	0.633500	1.024100	0.139300	-2.312500	-1.182000	0.000000	-0.872100	1.148400	0.709200	-0.614600	-3.482000	-2.563900	0.000800
278	4.152400	1.725400	0.505400	0.368600	0.764200	3.679900	11.034600	0.359100	1.661100	1.308400	0.933800	7.645300	3.655700	3.098800	3.099800	0.000000	19.530100	11.715500	6.136000	5.630700
279	1.631300	0.426300	-0.855000	0.058000	-0.695700	4.300800	0.265900	0.000000	1.134000	0.836100	-0.637400	-0.060700	-0.494200	-0.010500	0.968700	-0.243800	-0.142800	-0.876700	-0.664200	0.007200
280	1.267600	0.352700	0.233100	0.712900	0.146400	1.807500	0.000000	0.301300	0.438400	0.974700	-0.282500	0.035000	0.362400	0.200800	0.926800	0.469200	-0.610400	-0.007700	-0.231700	0.594400
281	4.074700	2.591000	0.000000	3.421400	2.863500	5.442700	1.563100	2.128800	3.339700	2.912200	0.008800	2.534900	3.991300	2.493800	4.870400	2.808100	3.364100	5.357400	3.322800	3.964700
282	4.204600	2.561000	0.702600	2.236600	3.131100	9.400800	2.619100	2.937900	4.105400	3.028100	0.511700	2.221200	3.361400	2.613100	4.342600	3.548800	0.344700	-0.964600	0.000000	2.734200
283	1.283200	0.423500	-0.699800	0.110700	-0.623700	3.996400	0.246400	0.629300	0.823100	0.697300	-0.643000	-0.091500	0.000000	-0.002700	0.553400	0.025200	-0.224900	-0.257200	-0.366900	0.066800
284	3.018300	1.662600	0.225000	3.306600	1.326300	6.427100	0.910700	1.209400	2.749600	2.077800	0.000000	0.701100	1.587100	0.765700	2.560100	1.504300	1.004500	0.870300	0.746200	1.515800
285	4.180800	1.925400	-0.676000	0.000000	-0.635900	6.710100	6.531900	1.374100	2.891300	2.019500	0.585100	5.168600	5.260400	2.967000	5.408000	2.004900	13.148300	10.978600	5.427100	8.763800
286	2.447800	1.108100	-0.023800	0.771500	-0.026600	4.336200	-0.027300	1.398900	1.390900	1.500400	-0.337800	0.000000	1.393200	0.021400	2.466300	-0.202800	0.667600	1.131600	0.030600	1.176300
287	1.488300	0.418000	-0.149800	0.537700	-0.132600	3.609700	0.000000	1.096800	0.881300	0.910600	-0.505900	-0.090100	0.809400	0.118600	1.413000	0.433400	0.123500	-0.231200	0.107400	0.440500
288	4.328000	3.096100	1.179100	2.444900	1.041800	6.417200	0.262600	3.030100	3.225300	3.653000	0.505600	0.000000	4.115100	2.368700	4.843600	3.244100	2.718100	2.368600	1.695800	2.065200
289	3.511700	2.006100	-0.777300	1.226000	0.209800	8.790800	2.766100	2.443700	3.165500	2.106500	-0.494100	1.922700	0.000000	1.729000	3.447800	1.226600	2.404900	2.757300	2.504000	3.576700
290	-1.192800	-0.278000	-0.618800	0.078100	-0.852200	0.190100	-1.221400	0.650100	0.000000	-0.277700	-1.347400	-0.929100	0.313800	-0.948700	0.765100	-0.754800	0.280900	0.124200	-0.080200	-1.539700
291	-0.057100	-0.252900	-1.267100	-0.432000	-1.153600	0.582400	-1.895100	-1.421100	-1.206100	-1.035900	-1.446800	-1.607300	0.000000	-1.208700	-0.040700	-1.132900	-1.395200	-0.856700	-1.302300	-1.066000
292	3.803500	3.486000	5.013500	3.490200	3.159700	5.118600	2.050800	3.821700	3.365500	3.216500	1.930500	2.172300	3.962900	3.531100	4.604100	3.673900	2.154300	0.000000	0.461900	3.294300