SITE	GLY	ALA	LEU	VAL	ILE	PRO	ARG	THR	SER	CYS	MET	LYS	GLU	GLN	ASP	ASN	TRP	TYR	PHE	HIS
1	-0.500000	-0.306000	0.258000	0.341000	0.504000	0.210000	0.001000	0.102000	-0.095000	-0.038000	0.101000	0.000000	0.211000	0.106000	0.145000	0.093000	0.006000	0.022000	-0.018000	0.191000
2	0.529000	0.387000	-0.410000	0.817000	0.000000	2.744000	-0.378000	1.023000	0.552000	0.390000	-1.021000	-0.286000	0.245000	-0.255000	1.107000	0.599000	-0.709000	-0.190000	-0.219000	0.664000
3	-0.451000	0.664000	0.382000	2.412000	1.216000	0.255000	-0.508000	1.403000	0.428000	0.629000	0.529000	0.000000	0.914000	0.282000	0.924000	0.403000	0.658000	0.274000	0.250000	0.186000
4	-0.701000	-1.382000	2.525000	0.538000	4.060000	-1.481000	0.730000	3.435000	-0.186000	-0.734000	-0.606000	0.139000	-0.910000	-0.390000	0.000000	-0.051000	2.827000	10.059000	9.992000	1.822000
5	-0.393000	0.147000	4.359000	3.305000	6.421000	0.000000	21.711000	2.347000	0.640000	0.491000	5.718000	14.887000	7.784000	9.316000	3.296000	2.271000	41.531000	25.552000	21.529000	46.186000
6	1.231000	0.813000	0.300000	1.516000	1.373000	6.018000	0.116000	1.504000	1.238000	1.235000	0.325000	0.000000	1.298000	0.259000	1.421000	1.272000	1.185000	1.015000	0.535000	1.371000
7	1.029000	0.791000	-0.164000	0.402000	0.000000	4.481000	0.236000	1.049000	1.340000	0.763000	-0.173000	0.063000	0.901000	0.294000	1.451000	0.500000	0.056000	-0.539000	-0.165000	0.793000
8	4.179000	3.079000	0.000000	2.781000	1.971000	4.557000	5.569000	3.464000	3.141000	3.057000	1.008000	5.638000	3.303000	2.586000	1.563000	1.918000	23.666000	20.586000	11.907000	16.167000
9	0.000000	-0.910000	-1.389000	0.400000	-0.083000	-2.062000	-1.042000	0.654000	-0.481000	0.231000	-0.689000	-0.149000	-0.818000	-0.099000	-0.717000	0.492000	-1.755000	-1.264000	-1.728000	0.003000
10	1.706000	2.228000	0.176000	0.624000	0.000000	1.426000	8.090000	2.044000	4.093000	2.445000	0.555000	5.251000	2.246000	2.780000	3.736000	3.028000	19.198000	9.667000	4.666000	4.882000
11	2.146000	0.955000	-1.293000	0.433000	-0.304000	2.109000	2.400000	2.166000	2.160000	0.924000	-0.363000	2.612000	0.539000	1.537000	0.000000	1.790000	6.869000	8.733000	9.085000	1.716000
12	-0.078000	0.664000	0.722000	1.188000	1.050000	0.000000	0.215000	0.915000	0.767000	0.649000	0.602000	0.121000	0.485000	0.475000	0.762000	0.662000	0.700000	0.654000	0.649000	0.766000
13	1.043000	0.862000	0.070000	1.005000	0.461000	1.439000	-0.434000	1.054000	0.781000	0.483000	-0.335000	-0.129000	0.182000	0.201000	0.746000	0.000000	0.413000	-0.436000	-0.751000	0.228000
14	0.838000	0.285000	3.255000	0.000000	-0.212000	-0.998000	5.111000	0.149000	1.178000	0.452000	3.519000	3.388000	4.315000	4.777000	4.317000	4.078000	10.952000	10.094000	4.641000	7.963000
15	-3.451000	-1.261000	-0.846000	1.183000	0.687000	3.336000	-1.169000	0.000000	-0.452000	-1.083000	-0.900000	-1.080000	-0.820000	-0.873000	-0.382000	-0.947000	0.119000	-0.376000	-0.526000	0.007000
16	-5.177000	-3.494000	0.333000	1.531000	2.941000	-4.679000	4.116000	1.631000	-1.460000	-2.719000	-1.019000	1.839000	1.600000	0.000000	1.213000	-1.074000	23.809000	9.939000	0.008000	12.350000
17	1.769000	1.040000	0.537000	0.247000	0.303000	2.983000	0.367000	0.274000	0.910000	0.915000	0.228000	0.295000	1.667000	1.206000	3.333000	1.240000	1.591000	0.000000	0.218000	0.600000
18	-0.370000	-0.225000	1.930000	0.924000	5.697000	5.363000	11.378000	0.000000	-0.042000	-0.468000	2.374000	6.642000	4.033000	2.182000	5.189000	2.899000	26.582000	27.746000	18.426000	24.819000
19	0.000000	7.307000	30.807000	25.948000	30.914000	22.201000	29.403000	22.248000	12.115000	15.277000	23.809000	26.405000	25.499000	25.178000	25.931000	27.828000	61.549000	50.445000	48.669000	44.266000
20	2.970000	2.919000	1.513000	2.244000	2.546000	3.457000	1.878000	2.163000	1.941000	2.399000	0.986000	1.731000	3.102000	1.923000	5.149000	2.755000	5.091000	0.000000	0.866000	1.763000
21	3.069000	2.044000	0.000000	1.725000	1.775000	4.839000	1.020000	2.727000	2.732000	1.524000	-0.607000	0.924000	3.373000	2.095000	3.299000	2.410000	4.109000	4.689000	2.570000	1.756000
22	-0.420000	-0.702000	-0.956000	-0.301000	-0.828000	-0.772000	-0.491000	-0.356000	-0.347000	-0.445000	-0.931000	-0.639000	-0.390000	-0.446000	0.000000	-0.189000	-0.174000	-0.599000	-0.374000	-0.264000
23	1.909000	0.564000	-1.068000	0.000000	-0.910000	3.327000	-0.616000	0.502000	0.349000	0.146000	-1.380000	-0.702000	1.555000	-0.206000	0.767000	0.115000	-0.155000	-1.013000	-0.559000	0.491000
24	-0.964000	-0.527000	-0.377000	-0.031000	-0.090000	-1.489000	-0.598000	-0.219000	-0.635000	-0.481000	-0.476000	-0.501000	0.000000	-0.427000	-0.308000	-0.265000	-0.378000	-0.351000	-0.691000	-0.264000
25	-0.258000	-0.703000	-0.768000	-0.691000	-0.969000	-2.128000	-1.253000	-0.687000	-0.544000	-0.415000	-0.849000	-1.358000	-0.775000	-0.691000	0.000000	-0.283000	-1.029000	-0.989000	-1.151000	-0.420000
26	0.026000	-0.268000	-0.741000	-0.050000	-0.026000	-0.605000	-0.851000	0.343000	-0.297000	-0.137000	-1.050000	-0.761000	0.000000	-0.370000	0.104000	-0.211000	-0.405000	-0.610000	-0.810000	-0.127000
27	0.295000	1.438000	1.800000	4.282000	4.875000	6.941000	0.786000	3.481000	1.329000	1.453000	1.814000	0.904000	1.062000	0.910000	0.000000	0.510000	2.003000	1.467000	1.765000	1.531000
28	2.868000	1.487000	-0.210000	0.712000	0.290000	4.628000	-0.328000	1.709000	2.616000	1.319000	0.089000	0.000000	3.526000	0.992000	3.568000	1.750000	2.803000	3.313000	1.897000	3.047000
29	1.464000	0.633000	-0.445000	2.829000	2.949000	3.459000	0.541000	3.948000	1.482000	0.828000	-0.255000	0.085000	2.498000	0.985000	1.887000	0.931000	-0.102000	-1.865000	-0.756000	0.000000
30	4.305000	2.915000	1.158000	4.210000	4.109000	0.835000	1.301000	4.691000	4.019000	3.214000	0.973000	2.046000	4.415000	3.212000	4.911000	3.631000	1.021000	1.091000	0.000000	3.201000
31	5.787000	3.730000	4.163000	3.418000	4.117000	7.872000	3.695000	5.141000	5.004000	3.374000	0.951000	3.667000	8.354000	5.515000	7.866000	4.212000	8.439000	2.350000	0.000000	3.878000
32	4.450000	3.348000	0.957000	3.191000	3.418000	4.622000	4.976000	3.043000	3.683000	3.290000	0.788000	4.198000	4.861000	4.299000	5.688000	4.225000	2.776000	1.335000	0.000000	3.237000
33	5.078000	3.474000	1.749000	5.023000	5.423000	6.382000	3.992000	3.900000	3.617000	2.673000	0.370000	3.517000	5.160000	2.948000	4.758000	3.968000	0.000000	6.307000	2.956000	4.717000
34	1.442000	0.646000	-1.164000	0.461000	-0.266000	4.252000	4.525000	0.000000	0.567000	0.153000	-0.969000	1.679000	0.583000	-1.006000	4.217000	2.133000	12.807000	13.570000	7.513000	6.270000
35	-1.708000	-1.004000	-2.389000	-1.666000	-2.438000	0.157000	1.479000	-0.488000	0.143000	-2.773000	-3.890000	0.007000	2.096000	0.601000	0.958000	-0.278000	5.274000	2.629000	0.000000	1.493000
36	0.384000	-0.772000	-1.195000	0.163000	1.674000	-0.367000	-1.471000	-0.461000	-0.463000	-1.145000	-1.917000	-1.383000	0.000000	-1.293000	0.060000	-1.090000	1.805000	3.995000	1.090000	2.437000
37	-0.043000	-1.172000	15.951000	8.386000	11.658000	2.093000	24.159000	7.726000	0.000000	3.564000	16.004000	18.565000	16.177000	15.521000	12.284000	15.404000	59.343000	51.280000	43.122000	39.197000
38	2.302000	1.611000	0.899000	2.091000	2.153000	8.223000	0.000000	3.477000	2.109000	1.905000	0.738000	0.140000	1.395000	1.558000	2.674000	1.959000	2.142000	1.487000	1.197000	2.095000
39	-0.791000	-0.199000	-0.098000	1.089000	0.713000	4.210000	-0.915000	0.405000	-0.307000	-0.021000	-0.288000	-0.564000	0.419000	-0.308000	1.060000	0.000000	0.283000	-0.740000	-0.817000	-0.813000
40	1.835000	1.088000	0.296000	0.304000	0.057000	1.986000	-0.169000	0.504000	1.302000	0.431000	0.131000	0.019000	0.669000	0.226000	0.000000	0.662000	0.907000	0.725000	1.093000	0.507000
41	2.564000	1.838000	2.439000	2.904000	3.636000	0.000000	3.104000	3.067000	2.338000	2.722000	1.635000	2.457000	3.826000	1.829000	4.295000	3.551000	2.266000	1.780000	1.497000	3.550000
42	0.894000	0.000000	0.504000	0.624000	0.427000	0.539000	-0.237000	0.755000	0.482000	0.623000	0.148000	-0.092000	0.983000	0.095000	1.545000	-0.891000	1.366000	0.692000	0.506000	0.514000
43	0.380000	0.387000	0.952000	0.778000	0.592000	1.877000	1.070000	0.065000	-0.269000	1.729000	1.359000	0.000000	0.867000	0.920000	1.128000	0.167000	0.690000	-0.091000	0.425000	0.247000
44	-0.347000	-0.436000	2.528000	6.542000	7.468000	1.183000	1.459000	5.374000	1.167000	-0.465000	-0.035000	1.922000	1.543000	2.150000	0.000000	0.776000	4.977000	4.627000	3.787000	3.226000
45	0.433000	1.762000	2.696000	2.856000	4.765000	0.000000	2.988000	3.863000	2.874000	2.306000	4.470000	5.360000	5.361000	3.994000	4.259000	4.264000	9.476000	6.824000	7.081000	4.950000
46	4.128000	2.772000	1.875000	0.000000	1.422000	6.673000	7.234000	2.338000	4.971000	3.142000	1.478000	3.416000	4.383000	3.313000	5.333000	3.896000	15.230000	13.043000	10.542000	10.049000
47	3.455000	2.537000	-0.196000	0.682000	0.000000	5.976000	1.312000	2.115000	3.074000	2.230000	-0.504000	1.859000	2.838000	1.843000	4.108000	3.120000	0.911000	2.488000	-0.103000	2.277000
48	5.900000	4.086000	0.000000	3.855000	4.206000	12.585000	5.225000	4.948000	5.436000	3.289000	0.190000	4.131000	4.411000	3.220000	5.093000	3.833000	5.204000	8.054000	3.394000	2.864000
49	5.951000	4.462000	1.132000	2.607000	1.266000	4.963000	2.146000	3.488000	4.976000	3.896000	1.128000	4.131000	5.470000	4.058000	6.071000	4.673000	0.000000	2.030000	1.150000	4.167000
50	4.807000	3.231000	0.000000	1.088000	0.003000	10.598000	3.218000	2.673000	3.834000	2.577000	0.004000	2.892000	4.549000	2.749000	4.989000	2.002000	4.391000	3.427000	2.268000	21.555000
51	0.566000	0.948000	1.027000	1.974000	2.070000	2.936000	-0.405000	1.440000	0.812000	1.575000	1.108000	0.475000	5.789000	1.704000	5.182000	0.000000	7.636000	4.987000	4.761000	3.147000
52	0.000000	4.809000	15.194000	14.797000	16.567000	6.792000	8.031000	11.941000	5.570000	6.159000	7.078000	8.640000	12.090000	12.441000	9.769000	9.119000	12.782000	6.083000	5.944000	8.964000
53	0.000000	10.836000	39.637000	35.582000	41.865000	23.471000	31.985000	31.236000	23.028000	22.435000	27.756000	29.655000	32.430000	31.484000	32.983000	33.466000	51.968000	55.326000	51.157000	71.792000
54	5.382000	6.333000	14.383000	8.772000	11.292000	0.000000	15.371000	8.017000	7.015000	6.170000	8.121000	16.505000	11.841000	10.630000	9.457000	9.204000	29.829000	21.002000	20.960000	16.486000
55	0.000000	5.726000	20.506000	16.688000	19.967000	13.024000	16.919000	12.035000	8.258000	8.618000	14.148000	19.290000	21.652000	19.685000	19.975000	18.790000	39.270000	27.191000	26.938000	64.682000
56	6.370000	5.551000	3.891000	4.465000	4.316000	12.298000	2.735000	5.463000	5.985000	0.000000	4.240000	4.123000	6.120000	4.981000	7.716000	5.905000	7.152000	6.795000	7.142000	6.586000
57	0.828000	0.982000	13.245000	3.615000	9.876000	4.786000	20.917000	1.123000	0.000000	1.823000	10.881000	16.501000	15.094000	16.718000	8.759000	6.830000	37.978000	27.481000	21.963000	75.558000
58	0.371000	-0.186000	3.970000	2.456000	5.321000	2.268000	8.840000	2.809000	0.000000	0.785000	2.727000	0.700000	5.070000	3.224000	5.439000	3.003000	15.649000	6.832000	5.129000	5.742000
59	4.172000	2.630000	0.000000	2.169000	1.983000	5.860000	9.426000	2.929000	4.329000	3.427000	2.914000	3.408000	5.272000	3.653000	6.207000	3.271000	13.985000	14.283000	7.798000	7.961000
60	0.759000	0.162000	-1.315000	-0.011000	-0.630000	-1.237000	-1.359000	0.000000	0.562000	0.738000	-1.053000	-1.159000	1.975000	0.299000	2.649000	0.485000	-0.736000	-0.853000	-1.463000	1.112000
61	0.000000	2.020000	8.790000	11.643000	11.100000	10.511000	10.292000	9.705000	4.608000	5.855000	6.640000	9.872000	12.221000	9.605000	16.872000	11.548000	18.085000	22.585000	14.804000	39.191000
62	3.592000	3.689000	0.000000	5.810000	6.340000	6.468000	9.578000	5.378000	3.903000	2.178000	0.059000	5.777000	4.449000	3.156000	4.937000	3.062000	16.076000	4.667000	2.577000	2.021000
63	4.388000	5.579000	2.809000	3.609000	2.738000	7.304000	6.120000	4.924000	6.459000	5.391000	1.302000	5.950000	6.829000	5.786000	7.162000	5.583000	5.229000	4.260000	0.000000	4.476000
64	0.628000	3.318000	2.573000	5.325000	5.210000	10.683000	8.334000	5.085000	4.004000	3.521000	1.481000	2.929000	5.343000	4.397000	5.821000	2.284000	12.010000	3.794000	0.000000	2.159000
65	-1.432000	-2.152000	-2.868000	-2.309000	-2.884000	4.279000	-0.189000	-1.442000	-1.563000	-2.317000	-4.215000	-1.000000	0.000000	-2.472000	-0.327000	0.057000	4.497000	7.442000	5.248000	49.288000
66	4.684000	4.268000	0.000000	6.480000	6.376000	5.752000	6.355000	8.790000	4.998000	3.017000	0.883000	4.838000	5.798000	5.843000	6.486000	3.910000	12.006000	17.389000	9.726000	5.623000
67	0.000000	6.145000	19.698000	17.638000	21.825000	17.062000	29.606000	16.726000	9.134000	10.279000	17.730000	20.662000	22.379000	19.728000	15.426000	15.222000	39.934000	25.106000	23.631000	29.772000
68	2.489000	1.601000	1.624000	0.472000	0.028000	0.000000	2.755000	1.592000	2.062000	1.245000	0.461000	1.986000	2.638000	1.641000	3.059000	2.308000	3.947000	1.890000	1.340000	6.054000
69	0.353000	-0.166000	5.115000	3.144000	4.344000	0.304000	6.919000	3.011000	0.000000	0.011000	3.679000	4.319000	4.810000	3.046000	4.349000	5.174000	26.126000	19.420000	18.999000	40.102000
70	0.448000	-0.044000	0.032000	1.405000	2.063000	4.168000	-1.274000	0.636000	0.000000	-0.051000	-0.352000	-0.690000	0.279000	-0.075000	0.474000	0.784000	0.526000	-0.942000	-0.673000	1.566000
71	2.975000	1.735000	-0.123000	-0.064000	0.000000	3.198000	4.738000	1.364000	3.219000	1.017000	-0.575000	2.085000	3.589000	1.329000	3.831000	2.363000	19.213000	14.828000	11.263000	26.201000
72	0.000000	-0.547000	-1.160000	-0.711000	-0.170000	-1.384000	-0.653000	-0.123000	0.059000	-0.741000	-1.006000	-0.834000	0.091000	-0.213000	0.414000	-0.064000	-0.675000	-1.097000	-1.110000	1.365000
73	1.137000	1.096000	1.463000	1.573000	1.541000	0.000000	1.178000	1.487000	1.434000	1.540000	1.525000	1.081000	1.419000	1.118000	1.917000	1.196000	1.687000	1.350000	1.374000	1.466000
74	0.708000	-0.051000	-0.043000	0.803000	0.492000	0.243000	0.205000	1.330000	0.653000	0.518000	-0.004000	-0.053000	-0.098000	0.304000	0.000000	0.462000	0.029000	0.207000	0.128000	0.335000
75	0.312000	1.015000	0.000000	2.357000	2.521000	7.998000	-0.945000	3.322000	1.771000	0.817000	0.461000	0.438000	1.821000	1.065000	2.811000	1.428000	1.662000	-0.046000	-0.227000	0.976000
76	1.141000	0.832000	0.145000	0.321000	0.073000	5.897000	0.038000	0.587000	0.922000	0.715000	0.197000	0.000000	0.793000	0.249000	1.041000	0.687000	0.114000	-0.012000	-0.073000	0.313000
77	2.801000	1.908000	2.183000	1.887000	1.442000	0.000000	2.358000	2.600000	2.803000	1.520000	2.440000	1.824000	0.873000	2.808000	3.260000	2.960000	1.801000	2.279000	2.279000	2.784000
78	0.094000	-0.116000	-0.523000	0.129000	0.000000	7.592000	-0.806000	0.049000	0.141000	-0.276000	-0.549000	-0.452000	-0.204000	-0.219000	0.373000	0.114000	0.123000	-0.446000	-0.614000	-0.112000
79	0.000000	-0.196000	-0.525000	0.035000	-0.345000	-0.617000	-0.611000	-0.052000	-0.014000	0.030000	-1.250000	-0.499000	-0.487000	-0.998000	0.045000	-0.382000	-0.712000	-0.321000	-0.331000	0.015000
80	0.947000	0.332000	-0.374000	2.752000	3.110000	8.235000	-0.101000	1.159000	1.254000	0.338000	-0.440000	-0.149000	1.276000	0.490000	1.217000	0.000000	0.529000	1.665000	0.984000	0.851000
81	1.042000	0.969000	0.431000	1.033000	0.842000	0.000000	0.684000	1.366000	1.007000	0.870000	0.405000	0.473000	0.709000	0.682000	0.679000	0.784000	1.133000	0.825000	0.782000	1.172000
82	0.740000	0.484000	0.655000	2.098000	2.819000	1.416000	1.442000	2.339000	1.270000	1.247000	-0.068000	0.028000	1.730000	0.859000	2.201000	1.193000	0.877000	0.000000	-1.003000	0.860000
83	1.684000	1.141000	3.193000	2.545000	4.397000	-0.456000	3.902000	1.353000	0.000000	0.990000	2.885000	7.207000	2.188000	2.792000	3.692000	3.062000	5.913000	2.486000	2.709000	26.764000
84	5.078000	4.222000	1.341000	3.023000	2.091000	6.342000	3.492000	4.336000	4.579000	4.037000	0.934000	3.143000	4.495000	3.624000	5.171000	4.652000	0.000000	2.253000	0.338000	3.846000
85	2.534000	2.052000	-0.811000	2.469000	1.741000	2.697000	8.339000	2.841000	2.471000	1.693000	1.919000	2.490000	4.237000	2.877000	3.425000	0.000000	18.911000	6.181000	6.388000	25.174000
86	0.570000	-0.285000	-0.637000	0.359000	0.092000	5.167000	-0.094000	-0.190000	0.000000	0.268000	-0.390000	-0.183000	-0.055000	-0.029000	0.004000	0.461000	-0.328000	-0.146000	-0.146000	0.806000
87	-0.351000	-0.314000	-0.890000	-0.085000	0.025000	-0.443000	-2.142000	0.601000	0.320000	0.384000	-0.922000	-1.284000	0.152000	-0.065000	-0.129000	0.000000	1.211000	-0.765000	-0.979000	0.173000
88	-1.724000	0.000000	-2.017000	-1.047000	0.866000	2.902000	1.129000	1.157000	0.402000	0.245000	-3.128000	0.856000	1.662000	0.675000	2.530000	1.038000	21.095000	14.437000	13.468000	9.347000
89	3.137000	1.877000	1.347000	0.763000	1.228000	0.857000	15.257000	0.000000	1.785000	1.061000	-0.372000	3.666000	4.711000	2.320000	4.979000	2.526000	8.700000	4.132000	4.210000	3.284000
90	3.193000	2.153000	-1.157000	0.000000	-0.835000	3.170000	3.268000	1.649000	2.715000	1.629000	-1.164000	2.100000	3.098000	2.041000	3.934000	1.381000	3.409000	0.765000	-0.033000	2.508000
91	5.881000	4.030000	0.336000	1.061000	0.000000	5.691000	7.013000	3.192000	5.153000	3.512000	0.126000	4.535000	4.385000	4.123000	5.693000	3.492000	8.616000	5.676000	3.121000	4.610000
92	4.414000	4.137000	1.697000	3.941000	2.758000	3.977000	5.058000	3.953000	3.872000	3.267000	1.270000	4.887000	5.955000	3.756000	6.061000	3.063000	1.115000	0.936000	0.000000	1.770000
93	3.732000	2.560000	0.000000	0.918000	-0.309000	-0.010000	5.546000	2.803000	3.823000	2.485000	-0.838000	3.474000	3.860000	2.003000	4.476000	2.657000	20.589000	16.221000	11.205000	16.754000
94	4.848000	4.131000	7.413000	6.606000	8.133000	8.513000	18.211000	4.704000	5.097000	3.826000	5.477000	12.595000	5.406000	7.613000	0.000000	3.087000	32.883000	28.474000	17.973000	52.099000
95	1.744000	0.896000	-1.707000	-1.100000	-1.633000	2.918000	0.553000	1.653000	1.595000	0.056000	-2.604000	0.642000	1.510000	0.000000	2.633000	1.111000	2.891000	4.659000	-0.245000	3.509000
96	3.727000	6.400000	6.647000	6.154000	8.413000	0.000000	14.567000	8.588000	7.768000	7.143000	8.423000	11.699000	11.363000	10.017000	8.403000	7.595000	20.128000	19.152000	15.311000	28.063000
97	3.088000	1.773000	0.136000	0.000000	-0.464000	0.422000	3.154000	2.064000	2.985000	1.879000	0.740000	3.670000	4.424000	3.830000	4.171000	2.183000	9.613000	6.140000	7.907000	5.430000
98	-3.188000	0.091000	-0.351000	1.105000	0.573000	5.544000	0.012000	1.875000	0.464000	-0.139000	-0.613000	-0.040000	0.894000	0.076000	1.143000	0.000000	0.576000	0.247000	0.203000	1.504000
99	-0.416000	-0.321000	1.473000	0.000000	-0.248000	6.002000	11.167000	1.570000	1.209000	-0.051000	2.558000	5.319000	6.568000	1.613000	5.077000	0.986000	34.167000	21.900000	16.891000	31.124000
100	0.000000	8.197000	25.463000	31.323000	27.117000	17.298000	39.759000	21.274000	13.324000	12.991000	20.948000	31.704000	29.386000	25.358000	23.296000	18.767000	55.616000	48.419000	44.498000	98.098000
101	5.471000	4.332000	1.437000	4.846000	4.700000	9.320000	2.518000	4.463000	4.913000	3.847000	1.320000	3.697000	5.509000	4.003000	6.545000	4.122000	4.078000	1.004000	0.000000	3.582000
102	1.243000	1.001000	9.098000	5.664000	9.076000	7.853000	14.457000	3.256000	0.000000	3.380000	7.243000	10.892000	9.109000	6.653000	10.389000	8.086000	35.897000	35.089000	30.298000	45.857000
103	-1.156000	1.076000	-0.486000	0.980000	1.202000	1.689000	0.127000	1.298000	-0.392000	0.242000	-1.377000	0.073000	1.702000	0.939000	1.646000	0.231000	-0.387000	0.000000	-1.072000	0.182000
104	-1.258000	-0.995000	-0.387000	1.231000	2.556000	3.902000	1.121000	0.387000	0.000000	-1.343000	-1.603000	1.799000	2.805000	2.868000	1.606000	0.891000	18.742000	8.342000	4.756000	18.201000
105	0.000000	-0.103000	-0.379000	-0.141000	-0.128000	1.122000	-0.389000	-0.108000	-0.014000	-0.055000	1.405000	-0.695000	-0.393000	-0.479000	-0.452000	-0.115000	-0.198000	-0.332000	-0.336000	-0.142000
106	1.816000	0.144000	0.234000	1.098000	1.064000	3.989000	-0.203000	0.969000	0.000000	-0.004000	0.117000	-0.220000	0.409000	-0.098000	-0.033000	0.013000	0.260000	0.305000	0.153000	0.145000
107	-0.424000	-0.027000	0.597000	-1.142000	-0.103000	1.052000	3.729000	-0.728000	0.000000	1.194000	1.997000	1.299000	3.479000	2.722000	1.899000	-0.467000	4.722000	5.716000	4.268000	2.875000
108	0.000000	0.618000	-0.639000	1.361000	1.115000	1.783000	0.097000	0.785000	0.638000	0.417000	0.472000	0.066000	0.695000	0.421000	-0.988000	0.273000	0.770000	-0.254000	0.171000	0.766000
109	1.489000	0.777000	0.313000	0.000000	0.874000	2.958000	3.642000	2.668000	1.837000	0.950000	-0.392000	0.816000	2.906000	1.216000	1.864000	0.537000	10.382000	6.686000	3.343000	0.609000
110	0.156000	0.187000	-0.357000	0.308000	-0.221000	0.631000	-0.776000	0.634000	0.000000	0.252000	-0.111000	-0.941000	0.215000	-0.351000	0.505000	-0.018000	0.178000	-0.338000	-0.688000	0.395000
111	1.068000	0.576000	0.791000	2.244000	2.286000	2.221000	0.763000	2.327000	0.125000	0.432000	0.271000	0.711000	0.691000	0.872000	0.421000	0.000000	0.829000	0.501000	0.492000	1.304000
112	2.483000	1.735000	1.705000	-0.337000	1.816000	7.678000	10.143000	0.000000	1.837000	1.689000	3.154000	5.343000	5.374000	4.631000	3.072000	1.417000	30.889000	16.675000	14.830000	29.003000
113	0.844000	0.125000	-0.998000	0.000000	-0.779000	-0.282000	0.012000	0.392000	0.942000	0.600000	-0.712000	-0.502000	-0.067000	0.136000	0.820000	0.807000	-0.583000	-0.531000	-0.660000	0.453000
114	0.712000	0.000000	-0.105000	0.008000	-0.438000	0.294000	0.367000	1.508000	0.498000	-0.230000	-0.137000	0.186000	-0.371000	0.198000	-0.552000	0.166000	0.579000	-0.171000	-0.315000	0.663000
115	1.075000	0.000000	1.151000	-0.282000	1.633000	6.637000	7.183000	0.075000	0.572000	1.220000	5.349000	3.882000	3.029000	2.574000	3.858000	2.474000	19.799000	8.455000	12.431000	23.077000
116	0.000000	-0.255000	5.536000	3.609000	5.933000	-0.719000	9.879000	1.525000	0.171000	1.773000	3.085000	8.853000	6.095000	4.276000	9.871000	3.801000	38.920000	27.594000	20.966000	31.096000
117	0.744000	0.662000	0.316000	1.163000	0.726000	5.335000	0.103000	1.197000	0.665000	1.393000	0.481000	0.000000	1.755000	0.780000	3.015000	1.413000	0.751000	0.186000	0.462000	0.938000
118	0.133000	-0.850000	-2.676000	-0.598000	-0.943000	0.031000	0.377000	-0.542000	-0.694000	-0.881000	-2.430000	-0.066000	0.175000	-0.657000	0.000000	-1.713000	-0.818000	-0.057000	-0.284000	0.163000
119	2.130000	1.429000	-1.687000	0.000000	-0.771000	1.190000	1.961000	0.119000	1.385000	0.761000	-1.836000	2.159000	2.833000	0.599000	2.653000	0.589000	7.285000	9.808000	6.311000	5.940000
120	4.420000	3.221000	1.719000	2.691000	1.673000	8.587000	4.237000	4.607000	4.342000	3.735000	0.916000	3.949000	5.621000	4.046000	5.100000	4.268000	2.504000	0.000000	-0.348000	4.179000
121	0.676000	-0.248000	-0.465000	1.245000	0.746000	1.154000	-1.171000	0.213000	-0.223000	0.046000	-0.667000	-1.278000	0.712000	-0.090000	1.027000	0.000000	-0.571000	-0.289000	-0.565000	-0.586000
122	4.355000	2.656000	3.628000	2.297000	1.619000	4.103000	2.542000	2.222000	2.687000	2.602000	0.265000	4.176000	5.019000	3.755000	5.730000	3.279000	2.581000	0.239000	0.000000	5.980000
123	5.544000	4.131000	0.000000	4.636000	3.848000	8.683000	7.127000	3.664000	4.584000	3.788000	0.218000	5.472000	4.310000	4.073000	5.075000	3.784000	9.660000	12.219000	6.849000	5.391000
124	1.136000	0.349000	-0.586000	-0.743000	-0.734000	3.911000	-0.855000	0.528000	1.020000	0.231000	-0.533000	-1.141000	0.000000	-0.370000	1.273000	0.945000	0.465000	-0.107000	0.722000	1.200000
125	1.635000	0.839000	0.000000	1.713000	1.319000	1.058000	-0.577000	1.135000	0.890000	1.116000	-0.038000	0.227000	1.663000	1.157000	2.162000	0.860000	1.117000	0.582000	0.514000	0.407000
126	6.112000	4.615000	0.920000	3.767000	2.927000	11.701000	3.232000	3.591000	4.966000	4.400000	1.094000	3.793000	4.769000	3.529000	5.753000	5.186000	-1.206000	0.762000	0.000000	2.648000
127	4.810000	3.438000	1.221000	2.610000	2.447000	7.192000	3.755000	3.029000	4.362000	3.808000	0.424000	3.448000	4.465000	2.974000	5.060000	3.129000	3.109000	3.333000	0.000000	2.645000
128	0.450000	-0.032000	-0.632000	0.481000	0.848000	6.648000	-0.263000	1.199000	0.319000	0.189000	-0.301000	-0.446000	0.074000	-0.327000	0.000000	0.333000	0.286000	-0.137000	-0.152000	0.631000
129	1.141000	0.071000	-0.433000	0.370000	-0.034000	1.200000	-0.616000	0.375000	0.619000	-0.144000	-1.734000	-0.584000	0.294000	0.000000	0.734000	0.152000	0.039000	-0.278000	-0.559000	-0.428000
130	3.293000	2.387000	0.974000	2.891000	2.923000	5.314000	1.266000	3.657000	2.924000	2.523000	0.745000	1.486000	2.212000	2.272000	2.901000	1.625000	-0.691000	0.027000	0.000000	1.209000
131	1.789000	1.819000	1.544000	2.705000	2.314000	0.000000	1.347000	2.740000	1.027000	1.807000	1.622000	1.260000	1.296000	1.443000	2.171000	0.353000	2.070000	1.812000	1.748000	1.913000
132	0.190000	-0.112000	-0.893000	0.068000	-0.834000	1.792000	-0.948000	0.491000	-0.486000	-0.654000	-1.746000	-0.681000	0.000000	-0.115000	-0.159000	-0.029000	-1.367000	-0.568000	-0.758000	-0.134000
133	3.122000	2.316000	0.251000	1.668000	2.700000	4.739000	0.132000	1.290000	1.716000	2.669000	-0.560000	1.031000	2.857000	1.180000	4.113000	1.279000	1.182000	0.000000	-0.219000	0.451000
134	-0.677000	-0.279000	-1.209000	0.000000	-0.716000	1.269000	-0.431000	-0.141000	0.759000	0.353000	-0.913000	-0.175000	0.271000	-0.206000	1.182000	0.238000	0.579000	0.214000	0.153000	0.400000
135	0.470000	0.355000	-0.295000	0.132000	-0.272000	0.499000	-0.222000	0.293000	0.485000	-0.011000	-0.701000	-0.288000	-0.111000	-0.173000	0.440000	0.000000	-0.400000	-0.417000	-0.472000	-0.345000
136	0.566000	0.385000	0.052000	1.722000	1.111000	-0.256000	-0.151000	1.496000	0.420000	0.332000	0.120000	0.000000	0.452000	0.200000	0.764000	0.298000	0.067000	-0.111000	-0.187000	0.602000
137	0.000000	2.369000	2.548000	4.288000	4.208000	6.808000	1.608000	3.705000	2.364000	1.981000	3.630000	1.415000	3.617000	1.838000	2.198000	1.510000	3.742000	2.528000	2.557000	1.571000
138	-2.516000	-1.891000	-1.668000	-2.015000	-2.479000	0.069000	5.898000	-1.243000	-1.445000	-1.641000	-2.010000	-2.692000	1.755000	0.000000	2.065000	-0.805000	20.287000	20.078000	13.767000	11.424000
139	0.617000	0.112000	-0.930000	1.193000	0.949000	-1.034000	-0.568000	1.754000	0.453000	-0.297000	-1.251000	-0.290000	-0.428000	-0.640000	0.000000	-0.028000	-0.160000	-0.778000	-0.702000	-0.049000
140	6.128000	5.126000	2.453000	2.759000	1.879000	7.155000	8.559000	4.101000	5.817000	4.545000	1.147000	4.773000	5.762000	5.207000	6.524000	5.594000	6.403000	2.125000	0.000000	4.228000
141	-0.376000	-0.038000	-1.645000	-3.343000	-2.655000	0.345000	3.996000	-0.947000	0.719000	-0.933000	-4.068000	1.187000	-0.264000	0.938000	1.845000	0.325000	5.061000	5.871000	-1.070000	0.000000
142	6.491000	4.644000	4.121000	1.022000	0.000000	5.833000	8.890000	3.564000	5.796000	3.872000	1.440000	6.628000	6.272000	4.358000	6.422000	5.516000	24.397000	13.650000	13.444000	21.680000
143	0.366000	0.000000	-2.057000	-1.007000	-0.307000	2.409000	1.158000	-0.813000	0.467000	-0.352000	-3.526000	0.262000	1.217000	-0.006000	2.948000	1.018000	3.867000	4.246000	2.038000	21.287000
144	0.000000	5.689000	21.321000	16.099000	23.887000	15.842000	29.152000	14.127000	9.183000	8.873000	18.696000	27.618000	25.857000	24.392000	20.336000	19.377000	72.270000	44.132000	53.311000	60.946000
145	0.310000	-0.385000	-0.925000	-1.181000	-0.234000	0.308000	0.740000	-0.225000	-0.694000	-0.951000	-2.211000	-1.196000	0.000000	-0.726000	3.740000	0.136000	12.064000	2.361000	2.736000	1.260000
146	-1.410000	0.132000	0.310000	5.385000	6.935000	12.000000	-1.549000	5.218000	0.000000	-0.575000	-1.103000	-0.587000	0.323000	-0.354000	1.602000	0.176000	0.032000	-0.551000	-1.053000	0.611000
147	5.204000	4.440000	2.064000	4.430000	3.439000	5.032000	3.793000	4.606000	5.028000	4.601000	1.823000	3.557000	4.639000	4.603000	4.542000	3.609000	5.824000	0.000000	0.421000	4.030000
148	1.356000	0.000000	10.725000	4.747000	7.895000	4.527000	11.295000	0.810000	1.923000	5.112000	6.545000	12.731000	10.752000	9.007000	6.882000	5.037000	15.630000	10.548000	9.934000	67.435000
149	0.000000	7.187000	13.935000	17.958000	18.835000	12.053000	20.758000	15.195000	9.108000	9.923000	11.576000	17.288000	15.497000	18.992000	15.340000	11.908000	31.161000	20.344000	22.157000	48.242000
150	1.919000	1.136000	0.308000	-0.852000	-1.446000	6.988000	-0.095000	1.598000	1.663000	-0.123000	-1.864000	-1.306000	3.729000	-0.556000	3.562000	0.979000	11.080000	0.395000	0.464000	0.000000
151	1.787000	2.181000	0.103000	-0.130000	-0.925000	0.730000	2.381000	1.247000	3.270000	2.290000	0.601000	0.907000	2.924000	1.647000	3.658000	2.428000	3.546000	0.000000	-1.762000	1.642000
152	3.233000	2.304000	-0.299000	0.022000	0.000000	11.176000	7.395000	2.354000	4.209000	2.248000	-0.884000	5.781000	4.784000	3.557000	4.506000	3.455000	21.442000	20.498000	12.640000	10.403000
153	4.342000	2.753000	1.089000	2.441000	2.743000	0.000000	5.795000	2.982000	3.684000	2.467000	0.342000	3.925000	4.941000	3.582000	5.057000	3.394000	3.639000	4.707000	3.767000	5.097000
154	2.803000	1.144000	-0.299000	0.000000	-0.207000	2.493000	1.374000	0.731000	1.483000	0.706000	-0.500000	0.638000	1.701000	0.938000	2.760000	1.660000	6.351000	2.003000	1.655000	3.850000
155	3.955000	2.385000	-0.169000	0.860000	-0.290000	7.413000	6.386000	1.477000	2.671000	2.355000	-1.332000	2.405000	3.672000	2.283000	4.692000	2.881000	4.099000	2.999000	0.000000	2.233000
156	2.073000	0.000000	-1.886000	-1.211000	1.800000	6.149000	4.401000	1.745000	2.198000	0.419000	-1.801000	4.235000	2.634000	1.249000	2.884000	1.983000	6.823000	10.713000	4.729000	18.643000
157	-0.044000	-0.606000	-2.778000	-1.673000	-2.583000	4.067000	-1.042000	-1.760000	0.000000	-0.978000	-2.127000	-1.674000	-0.505000	-1.359000	0.005000	-0.733000	-1.552000	-1.262000	-1.482000	-0.464000
158	0.957000	-0.130000	-1.673000	-0.933000	-1.174000	1.232000	-0.814000	0.544000	1.179000	0.338000	-1.756000	-0.766000	0.000000	-0.272000	1.419000	0.169000	3.728000	2.944000	1.035000	0.561000
159	1.808000	0.815000	-1.402000	0.242000	0.000000	8.028000	5.533000	1.202000	1.215000	0.168000	-2.033000	2.550000	1.577000	0.389000	1.451000	1.824000	11.962000	5.686000	1.408000	1.669000
160	2.005000	1.839000	0.000000	2.272000	1.188000	4.937000	1.265000	1.973000	2.255000	2.059000	0.163000	1.383000	1.844000	1.758000	2.088000	1.439000	2.114000	1.303000	-0.242000	2.193000
161	1.007000	0.321000	0.521000	1.947000	1.825000	10.883000	0.004000	0.840000	0.000000	0.955000	0.567000	0.580000	0.791000	0.238000	0.927000	1.028000	1.414000	1.314000	1.373000	1.749000
162	2.188000	0.845000	-0.407000	0.750000	0.629000	2.972000	-0.669000	3.392000	1.807000	0.607000	-0.039000	-0.140000	1.656000	0.597000	1.859000	0.168000	0.545000	-0.384000	-0.638000	0.000000
163	0.140000	0.242000	0.358000	0.670000	0.687000	-0.370000	0.095000	0.560000	0.161000	0.155000	0.559000	0.000000	0.238000	0.010000	0.215000	0.521000	0.460000	0.483000	0.460000	0.489000
164	0.362000	-0.062000	-0.259000	0.244000	0.005000	0.026000	-1.008000	0.264000	0.369000	0.385000	-0.492000	-0.462000	-0.053000	-0.327000	0.000000	0.391000	0.149000	0.065000	-0.037000	0.469000
165	1.257000	0.877000	0.850000	1.973000	1.177000	2.536000	0.000000	0.033000	0.604000	1.070000	0.465000	0.235000	3.305000	2.359000	3.057000	2.062000	3.586000	3.531000	1.409000	3.897000
166	0.351000	0.410000	-0.567000	1.152000	1.198000	-0.582000	-0.403000	1.010000	0.614000	0.317000	-0.067000	-0.552000	0.647000	-0.125000	0.668000	0.000000	0.477000	-0.195000	-0.440000	0.431000
167	3.495000	4.229000	3.330000	4.615000	6.295000	6.695000	16.214000	4.328000	3.737000	3.488000	0.970000	5.926000	5.935000	4.482000	5.694000	4.600000	8.185000	1.389000	0.000000	3.477000
168	0.563000	0.618000	0.171000	0.331000	0.240000	1.473000	0.374000	0.259000	0.355000	0.516000	0.166000	0.206000	0.363000	0.072000	0.419000	0.000000	0.586000	0.531000	-0.290000	0.605000
169	4.758000	3.747000	0.000000	2.595000	1.792000	2.418000	4.132000	3.372000	4.653000	2.981000	-0.065000	3.448000	4.760000	3.595000	4.602000	3.465000	6.497000	11.937000	6.795000	4.317000
170	-0.071000	-0.772000	-1.440000	-0.668000	-0.538000	4.090000	-0.859000	0.000000	0.168000	-0.526000	-0.262000	-1.412000	-0.544000	-1.271000	-0.679000	-0.723000	-0.078000	-0.793000	-1.093000	-0.110000
171	2.310000	1.188000	8.018000	5.092000	10.972000	9.076000	8.010000	5.398000	0.000000	1.800000	8.492000	5.564000	11.863000	11.897000	7.902000	8.099000	37.010000	25.998000	30.640000	44.998000
172	4.876000	3.094000	-0.315000	0.000000	-0.957000	5.491000	4.247000	2.219000	4.243000	2.622000	-0.916000	3.277000	4.205000	2.668000	5.229000	4.114000	11.382000	8.649000	6.077000	4.618000
173	3.751000	3.323000	0.000000	1.907000	0.955000	5.643000	1.830000	3.532000	4.140000	2.684000	-0.309000	2.982000	3.978000	2.080000	5.045000	3.860000	15.328000	19.754000	12.279000	14.795000
174	5.192000	3.457000	-0.141000	2.029000	0.000000	6.019000	3.187000	3.812000	4.222000	2.711000	-0.584000	2.008000	4.030000	2.769000	4.709000	3.663000	2.672000	9.917000	7.318000	19.723000
175	0.000000	2.197000	6.257000	3.263000	6.488000	9.119000	1.250000	4.021000	3.720000	2.444000	2.353000	2.961000	5.127000	3.763000	6.691000	3.764000	29.740000	19.329000	17.164000	22.735000
176	1.182000	0.742000	2.339000	2.843000	4.128000	1.367000	9.454000	1.463000	1.021000	0.951000	1.992000	3.911000	5.417000	5.230000	3.395000	0.000000	25.401000	16.563000	14.451000	50.236000
177	0.000000	2.632000	13.913000	6.783000	8.842000	2.282000	19.831000	7.516000	5.274000	7.862000	8.141000	11.926000	14.091000	12.153000	17.918000	10.359000	29.379000	20.473000	16.676000	43.812000
178	2.964000	2.675000	0.000000	1.155000	0.263000	6.067000	1.652000	2.240000	3.383000	2.138000	-0.066000	1.470000	2.798000	2.123000	2.953000	2.804000	-0.987000	0.635000	-0.394000	2.790000
179	1.928000	1.507000	-0.809000	1.314000	0.164000	4.130000	3.828000	0.000000	0.599000	0.656000	0.409000	1.398000	2.220000	1.701000	3.990000	0.114000	8.754000	15.014000	6.876000	44.226000
180	1.813000	1.828000	2.253000	2.002000	2.960000	5.872000	2.997000	2.640000	2.157000	2.392000	1.309000	2.214000	4.758000	3.441000	0.000000	0.431000	5.035000	8.269000	7.055000	17.384000
181	4.779000	3.132000	3.777000	2.876000	5.263000	0.000000	16.052000	3.762000	4.430000	3.169000	5.917000	7.203000	5.063000	4.967000	5.516000	5.318000	22.797000	13.708000	13.934000	8.073000
182	2.137000	1.532000	0.000000	3.585000	3.152000	8.001000	-0.079000	5.723000	1.560000	2.010000	0.341000	0.581000	2.500000	1.094000	4.414000	2.424000	1.878000	0.643000	0.373000	1.277000
183	1.265000	1.090000	-0.711000	0.272000	-0.128000	5.644000	-0.080000	0.000000	1.292000	1.506000	-0.563000	-0.497000	1.443000	0.312000	2.875000	-0.075000	0.420000	0.835000	0.450000	-0.097000
184	2.920000	1.576000	-0.428000	0.466000	0.383000	3.777000	3.580000	2.368000	3.089000	2.107000	-0.090000	1.898000	1.368000	0.000000	3.996000	2.401000	12.900000	8.996000	3.482000	2.983000
185	4.639000	3.392000	2.195000	3.451000	3.094000	12.254000	4.052000	4.188000	4.881000	3.684000	1.294000	5.149000	3.831000	3.395000	4.459000	3.913000	2.638000	0.000000	0.677000	4.007000
186	0.564000	-0.077000	-1.774000	-0.715000	-1.103000	-1.622000	-1.562000	-0.727000	-0.605000	-0.361000	-1.874000	-1.720000	-0.661000	-0.654000	1.308000	0.000000	1.618000	1.299000	0.909000	2.009000
187	2.419000	1.730000	0.176000	4.962000	5.553000	4.386000	0.383000	4.334000	2.677000	1.902000	0.868000	0.677000	3.137000	1.503000	3.268000	2.034000	1.725000	0.000000	0.347000	2.173000
188	3.356000	2.880000	1.325000	2.707000	2.265000	5.028000	2.419000	3.251000	3.339000	3.515000	1.015000	1.248000	4.565000	3.440000	5.159000	3.517000	4.070000	0.000000	0.168000	2.773000
189	0.009000	-0.516000	-2.201000	-1.923000	-2.727000	-2.788000	-1.029000	-0.178000	1.037000	-0.493000	-1.961000	-1.377000	0.000000	-0.489000	1.550000	-0.029000	-0.230000	-0.959000	-1.367000	-0.262000
190	1.741000	0.593000	0.003000	0.398000	0.597000	0.000000	-0.125000	1.640000	1.656000	1.515000	-0.076000	0.118000	1.586000	0.584000	2.530000	1.739000	1.008000	0.274000	-0.041000	0.906000
191	0.288000	-0.859000	0.413000	0.127000	-0.086000	2.586000	1.701000	1.685000	-1.046000	0.722000	0.000000	0.691000	2.707000	1.632000	2.714000	1.725000	5.720000	1.124000	-0.951000	2.246000
192	1.674000	0.000000	0.882000	1.301000	3.564000	2.509000	5.896000	2.607000	0.234000	-0.814000	-0.286000	2.009000	3.956000	2.727000	4.527000	2.976000	21.302000	13.738000	7.450000	32.196000
193	3.391000	4.021000	4.486000	6.799000	8.206000	10.208000	4.507000	7.620000	4.794000	0.000000	4.634000	3.529000	6.216000	5.102000	5.311000	4.228000	5.218000	4.626000	4.559000	4.881000
194	0.000000	5.898000	6.597000	9.674000	9.841000	13.225000	7.013000	9.504000	6.907000	6.565000	7.143000	5.966000	7.197000	6.291000	7.422000	6.086000	8.189000	7.783000	7.426000	7.734000
195	-0.844000	-0.194000	-0.410000	0.545000	0.340000	4.144000	-0.880000	0.551000	-0.098000	-0.053000	-1.142000	-0.961000	0.000000	-0.570000	-0.131000	-0.853000	-0.138000	-0.363000	-0.420000	-0.897000
196	0.000000	0.882000	9.316000	6.224000	10.106000	4.463000	9.573000	6.852000	3.579000	5.601000	7.173000	9.524000	15.392000	10.784000	8.794000	8.098000	27.872000	21.754000	20.881000	14.122000
197	0.000000	1.488000	3.043000	4.008000	4.280000	5.949000	2.526000	4.148000	1.907000	2.034000	1.825000	2.372000	2.354000	2.082000	3.094000	2.540000	8.237000	6.514000	5.374000	5.777000
198	1.022000	0.023000	-1.170000	-0.054000	-0.976000	-2.353000	-0.487000	1.160000	0.818000	0.091000	-1.195000	-0.678000	0.000000	-0.045000	0.860000	0.642000	-0.841000	-0.851000	-0.896000	0.579000
199	-0.430000	-0.236000	-0.057000	0.641000	0.492000	0.000000	-0.639000	0.558000	-0.179000	-0.109000	0.173000	-0.231000	-0.149000	-0.346000	0.053000	0.095000	0.196000	-0.001000	0.007000	0.038000
200	-0.317000	-0.463000	-1.249000	0.303000	-0.231000	-1.231000	-2.186000	-0.528000	0.000000	-0.865000	-1.513000	-0.786000	-0.345000	-0.968000	-0.380000	-0.363000	-0.188000	-0.385000	-0.365000	-0.696000
201	2.241000	1.476000	1.334000	0.000000	-0.674000	3.676000	3.343000	0.151000	1.774000	0.638000	2.478000	3.356000	2.396000	2.939000	2.138000	0.950000	4.925000	4.395000	4.365000	8.851000
202	5.154000	3.328000	0.000000	1.483000	3.339000	7.548000	3.692000	3.065000	4.722000	2.731000	1.657000	2.620000	4.953000	3.380000	5.079000	3.830000	14.027000	14.653000	11.481000	6.982000
203	1.995000	1.706000	3.190000	2.874000	3.135000	0.000000	3.754000	2.886000	1.812000	3.428000	3.838000	3.878000	2.357000	3.461000	2.231000	1.758000	2.930000	3.115000	3.003000	2.932000
204	0.288000	-0.224000	-0.364000	0.388000	0.169000	-2.301000	-0.430000	0.415000	0.000000	0.645000	-0.467000	-0.257000	-0.774000	-0.173000	0.074000	0.427000	-0.190000	0.104000	0.039000	0.585000
205	2.176000	1.603000	1.227000	2.001000	1.431000	1.951000	1.761000	2.084000	2.241000	2.324000	1.425000	1.586000	0.000000	1.279000	0.984000	2.086000	1.741000	1.560000	1.454000	1.935000
206	1.492000	-0.008000	-1.221000	-0.230000	-2.186000	1.782000	-0.091000	0.490000	1.447000	0.562000	-0.913000	-0.472000	0.000000	-0.166000	0.674000	0.863000	-1.130000	-1.130000	-1.265000	0.259000
207	3.722000	3.675000	4.869000	4.722000	5.856000	6.164000	4.244000	6.110000	4.305000	0.000000	3.820000	3.794000	5.388000	4.636000	7.912000	6.158000	7.339000	8.068000	5.037000	7.473000
208	0.754000	0.114000	-0.100000	0.554000	0.213000	2.337000	0.095000	0.128000	0.000000	0.765000	-0.204000	-0.094000	0.492000	0.318000	1.492000	0.379000	0.368000	-0.197000	0.090000	0.386000
209	-0.400000	0.000000	-0.262000	0.232000	0.025000	3.708000	0.083000	0.513000	0.653000	0.767000	-1.192000	-0.212000	0.540000	-0.357000	0.947000	0.736000	-0.350000	-0.210000	-0.719000	0.756000
210	3.233000	2.322000	0.293000	1.335000	0.435000	2.054000	3.022000	2.245000	2.938000	2.248000	0.000000	1.396000	4.227000	1.659000	4.675000	2.626000	5.784000	8.283000	4.867000	6.166000
211	0.019000	-0.597000	-0.354000	-0.041000	-0.177000	1.849000	-0.864000	-0.520000	-0.581000	-0.129000	-0.727000	-0.711000	0.000000	-0.402000	0.850000	-0.009000	0.092000	0.095000	0.055000	0.198000
212	-0.619000	-0.558000	-1.202000	-1.021000	-1.163000	3.334000	-1.496000	-1.675000	-0.481000	-0.638000	-0.894000	-1.329000	-0.722000	-1.382000	0.000000	-1.059000	-0.439000	-1.075000	-1.345000	-1.334000
213	-0.617000	-0.777000	-1.685000	1.864000	1.751000	1.220000	-1.740000	1.202000	0.000000	-0.264000	-1.252000	-1.341000	0.568000	-0.142000	0.771000	-1.130000	-1.755000	-1.423000	-1.536000	-1.191000
214	1.239000	1.550000	0.000000	1.858000	1.507000	8.820000	0.296000	0.174000	1.065000	1.520000	0.816000	0.017000	2.914000	0.820000	2.600000	1.764000	3.704000	2.246000	4.405000	5.374000
215	-0.199000	0.033000	-0.245000	-0.086000	-0.294000	-1.588000	-1.378000	-0.985000	-0.908000	-0.049000	0.005000	-1.076000	0.000000	-0.291000	0.328000	-0.065000	-0.032000	-0.479000	-0.567000	-0.907000
216	1.924000	0.917000	0.232000	1.043000	0.474000	0.311000	0.000000	1.303000	1.837000	1.443000	0.082000	0.103000	0.932000	0.409000	1.701000	0.952000	0.802000	0.017000	-0.052000	0.616000
217	2.534000	2.341000	3.812000	6.758000	7.964000	5.863000	16.578000	6.178000	4.191000	0.000000	3.528000	11.869000	6.630000	6.809000	10.539000	6.224000	25.303000	20.349000	17.734000	59.434000
218	2.362000	1.373000	0.000000	1.005000	0.150000	7.900000	-0.772000	1.930000	1.568000	1.792000	-0.160000	-0.576000	2.246000	1.169000	3.741000	2.087000	1.740000	1.445000	0.533000	1.932000
219	0.000000	-0.587000	-1.582000	-0.656000	-1.287000	0.206000	-1.147000	-0.656000	-0.537000	-0.471000	-1.536000	-1.340000	-0.331000	-0.843000	0.364000	-0.836000	-0.485000	-0.188000	-0.246000	0.257000
220	2.806000	1.707000	0.000000	3.241000	2.353000	4.520000	1.484000	3.895000	2.804000	2.268000	-0.233000	1.070000	2.404000	1.874000	3.466000	1.873000	0.692000	0.535000	0.330000	1.563000
221	3.740000	2.080000	0.637000	0.554000	0.000000	1.480000	12.843000	1.672000	3.023000	1.714000	1.438000	6.132000	6.203000	4.291000	5.829000	2.416000	26.664000	17.849000	11.357000	22.113000
222	0.592000	0.314000	-0.725000	-0.053000	-0.741000	5.174000	-0.616000	0.720000	0.656000	0.651000	-0.504000	-0.887000	0.000000	0.095000	0.945000	0.185000	-0.643000	-1.444000	-1.508000	0.208000
223	0.115000	-0.815000	-1.122000	0.097000	-0.642000	1.697000	-0.866000	0.086000	0.000000	-0.010000	-1.323000	-1.556000	-0.517000	-0.328000	0.041000	-0.578000	-1.162000	-0.869000	-0.961000	-0.327000
224	3.295000	3.141000	10.765000	5.195000	6.765000	6.282000	16.329000	6.550000	4.655000	0.000000	13.504000	13.058000	13.384000	15.394000	12.792000	13.204000	37.204000	23.183000	22.025000	35.356000
225	4.563000	3.651000	1.630000	3.166000	3.286000	10.826000	2.744000	4.442000	4.349000	4.014000	2.229000	3.211000	4.399000	3.573000	5.564000	4.785000	4.412000	0.000000	0.620000	3.769000
226	-0.199000	-0.357000	-1.313000	-0.722000	-1.070000	1.116000	-0.724000	-0.341000	-0.557000	-0.287000	-0.981000	-1.024000	-0.479000	-0.815000	0.000000	-0.101000	-0.779000	-1.070000	-1.338000	-0.345000
227	0.599000	0.666000	0.069000	1.362000	0.974000	4.668000	-0.072000	0.931000	0.000000	0.860000	0.443000	-0.523000	0.584000	0.238000	0.525000	0.732000	0.815000	0.432000	0.252000	0.248000
228	-1.712000	1.349000	-0.143000	3.053000	1.834000	5.184000	-3.483000	2.767000	0.993000	0.392000	0.069000	-2.932000	1.663000	0.000000	3.500000	0.178000	4.982000	4.564000	4.592000	2.112000
229	0.337000	0.472000	-0.031000	1.407000	0.860000	2.857000	-0.011000	0.887000	0.000000	0.687000	0.321000	-0.225000	0.329000	0.343000	0.017000	0.186000	0.680000	0.461000	0.422000	1.104000
230	0.952000	0.080000	-1.270000	0.000000	-0.605000	-0.907000	-2.346000	0.094000	0.695000	0.466000	-1.436000	-1.564000	-0.200000	-0.741000	0.518000	0.013000	0.367000	0.205000	0.180000	0.491000
231	0.496000	-0.590000	-0.820000	0.176000	-0.110000	-0.755000	0.187000	-0.448000	0.458000	0.396000	0.010000	-0.855000	-0.198000	-0.012000	0.507000	0.402000	0.000000	0.160000	0.204000	0.410000
232	0.470000	-0.270000	-1.636000	-0.313000	-0.738000	0.118000	-1.450000	-0.523000	0.000000	0.066000	-1.388000	-1.776000	-0.952000	-0.511000	-1.633000	-0.711000	-0.543000	-1.098000	-1.323000	-1.132000
233	2.981000	2.631000	8.270000	6.708000	9.286000	6.476000	12.714000	6.753000	5.051000	0.000000	6.318000	8.572000	11.195000	11.243000	11.499000	12.031000	38.020000	30.405000	24.243000	51.111000
234	2.035000	0.828000	-0.896000	0.000000	0.379000	5.969000	-0.164000	0.732000	2.162000	1.422000	-0.778000	0.088000	0.919000	0.177000	2.464000	0.941000	0.138000	-0.522000	-0.712000	0.861000
235	2.981000	2.040000	1.159000	1.737000	1.319000	0.000000	0.698000	2.495000	2.727000	2.322000	0.760000	0.615000	1.838000	1.337000	2.480000	2.516000	1.573000	1.645000	1.060000	2.472000
236	1.640000	0.000000	12.000000	4.804000	8.906000	7.627000	9.886000	4.136000	1.377000	2.411000	10.961000	11.180000	16.643000	12.361000	9.513000	7.623000	32.494000	31.819000	26.170000	46.532000
237	2.897000	2.016000	0.949000	0.213000	-0.357000	6.631000	2.643000	0.000000	2.072000	1.669000	-0.215000	1.772000	3.968000	3.269000	4.079000	3.891000	5.363000	4.140000	3.515000	3.458000
238	0.702000	-0.085000	-1.261000	-0.111000	0.000000	1.443000	-0.479000	0.303000	0.462000	0.342000	-1.683000	-0.736000	-0.380000	-0.429000	0.329000	0.117000	-0.219000	-0.579000	-0.859000	-0.304000
239	3.415000	2.217000	0.900000	1.934000	1.088000	7.078000	1.859000	2.925000	3.402000	2.916000	0.882000	1.676000	2.230000	1.840000	3.000000	2.926000	2.105000	0.000000	1.127000	2.398000
240	3.804000	3.744000	5.232000	4.819000	6.601000	9.414000	15.549000	4.537000	6.136000	0.000000	5.635000	11.628000	6.469000	6.242000	4.033000	3.308000	21.107000	20.314000	12.175000	19.470000
241	1.680000	0.722000	-1.175000	0.981000	-0.141000	3.665000	0.133000	1.063000	1.675000	0.961000	-0.970000	-0.177000	0.251000	0.321000	0.223000	0.000000	0.253000	1.758000	-0.342000	0.754000
242	1.238000	0.440000	0.087000	1.113000	0.851000	6.914000	0.063000	1.165000	0.136000	1.335000	0.269000	0.399000	0.398000	0.387000	0.521000	0.000000	0.312000	0.533000	0.254000	0.829000
243	1.305000	0.000000	3.609000	-0.165000	0.687000	2.318000	2.232000	1.579000	0.373000	1.045000	0.061000	2.460000	1.550000	0.878000	4.808000	3.892000	2.859000	2.334000	1.928000	1.616000
244	1.232000	0.926000	-2.704000	-0.063000	0.421000	5.148000	-1.308000	1.361000	1.778000	0.585000	-1.418000	-0.598000	2.958000	0.000000	3.003000	0.685000	4.140000	2.531000	-0.091000	0.405000
245	2.705000	2.673000	0.000000	1.375000	0.566000	3.013000	1.984000	1.633000	1.866000	2.354000	0.821000	1.271000	2.211000	0.982000	1.327000	1.766000	-0.035000	3.890000	0.439000	1.762000
246	1.007000	0.000000	-0.712000	-0.065000	-0.778000	3.380000	-1.047000	0.506000	0.621000	0.235000	-0.934000	-0.910000	-0.177000	-0.495000	0.191000	-0.343000	-0.088000	-0.381000	-0.418000	0.062000
247	3.384000	2.282000	1.321000	1.639000	2.909000	0.000000	2.766000	3.387000	3.262000	2.882000	1.225000	2.237000	2.317000	2.509000	3.738000	2.498000	2.251000	1.694000	1.339000	2.815000
248	6.394000	4.675000	2.309000	4.159000	4.609000	2.313000	7.734000	5.098000	6.131000	4.737000	1.551000	4.612000	5.954000	4.994000	6.565000	4.669000	5.965000	0.000000	0.824000	3.573000
249	1.404000	0.617000	-0.895000	0.543000	-0.482000	1.036000	-0.161000	1.379000	0.674000	0.814000	-1.518000	-0.347000	0.079000	0.000000	1.215000	0.168000	-0.393000	-0.198000	-1.098000	-0.249000
250	0.144000	0.149000	-0.280000	0.222000	-0.232000	2.621000	0.000000	0.558000	0.116000	0.473000	-0.263000	-0.434000	0.447000	-0.291000	1.284000	0.317000	-0.508000	-0.427000	-0.691000	-0.311000
251	0.980000	0.230000	-0.737000	-0.039000	-0.397000	-0.643000	-1.566000	0.000000	0.186000	-0.056000	-0.751000	-0.826000	0.052000	-0.672000	0.517000	0.357000	-0.345000	-0.384000	-0.471000	0.315000
252	0.000000	2.666000	5.461000	5.900000	6.418000	7.474000	2.798000	6.064000	2.456000	2.255000	3.936000	2.719000	4.458000	2.697000	3.345000	3.504000	5.471000	2.906000	2.435000	3.444000
253	1.604000	0.522000	-0.586000	0.651000	0.538000	3.987000	0.000000	0.432000	0.828000	0.184000	-0.687000	-0.362000	1.856000	0.267000	2.531000	0.358000	1.051000	1.548000	-0.055000	3.091000
254	0.020000	-1.158000	-0.131000	-1.149000	-0.527000	9.488000	1.403000	0.185000	-0.488000	-0.469000	-2.026000	-0.010000	1.666000	-0.749000	0.098000	0.000000	21.919000	22.669000	6.264000	17.772000
255	1.456000	0.398000	0.144000	0.000000	-0.078000	-1.073000	1.025000	1.767000	0.421000	0.569000	-0.555000	0.484000	0.986000	0.663000	2.103000	1.177000	3.270000	1.621000	0.199000	2.045000
256	2.159000	2.171000	0.464000	3.592000	5.359000	2.388000	1.007000	4.275000	3.178000	2.209000	0.415000	1.041000	2.945000	1.596000	3.802000	2.647000	2.202000	0.000000	-1.051000	1.011000
257	-0.423000	1.617000	1.585000	3.478000	3.606000	8.673000	2.034000	2.902000	2.998000	1.990000	1.584000	2.042000	2.810000	3.943000	0.000000	2.338000	12.325000	13.757000	3.724000	18.222000
258	2.824000	1.787000	-0.247000	0.784000	0.000000	2.999000	1.341000	1.270000	2.176000	1.791000	-0.218000	0.186000	3.137000	1.223000	3.374000	2.066000	7.239000	7.030000	4.625000	5.503000
259	3.011000	2.756000	2.451000	2.812000	2.465000	0.270000	0.000000	1.919000	2.096000	2.853000	2.113000	2.186000	3.667000	2.922000	3.956000	2.983000	3.296000	3.236000	3.228000	3.435000
260	1.094000	0.850000	0.392000	1.261000	0.864000	2.470000	-0.732000	1.596000	1.433000	1.085000	0.420000	0.000000	1.520000	0.901000	2.005000	1.285000	0.662000	0.339000	-0.003000	1.017000
261	-0.198000	-0.320000	-0.882000	-0.193000	-0.183000	-0.107000	-0.386000	-0.197000	-0.678000	-0.247000	-0.454000	-0.542000	-0.465000	-0.717000	0.000000	-0.125000	-0.174000	-0.237000	-0.322000	0.065000
262	1.176000	0.982000	4.763000	3.810000	6.284000	6.913000	4.761000	3.503000	1.583000	0.000000	2.020000	4.136000	5.347000	4.113000	4.233000	2.391000	4.042000	3.022000	9.355000	3.886000
263	0.245000	0.356000	0.568000	0.994000	1.009000	-0.466000	0.317000	0.838000	0.370000	0.533000	0.540000	0.330000	0.000000	0.341000	-0.136000	0.458000	0.807000	0.526000	0.526000	0.753000
264	0.000000	-0.296000	-0.898000	-0.188000	-0.478000	-1.123000	-0.923000	-0.207000	-0.175000	-0.479000	-0.848000	-0.624000	-0.480000	-0.769000	-0.332000	-0.580000	-0.578000	-0.450000	-0.493000	-0.282000
265	0.000000	1.435000	1.495000	2.759000	2.611000	4.903000	1.318000	2.282000	1.549000	1.466000	1.366000	1.420000	1.451000	1.074000	1.498000	1.523000	1.516000	1.420000	1.352000	1.622000
266	-0.613000	1.629000	1.533000	1.812000	1.643000	-1.021000	-0.064000	2.269000	0.135000	1.735000	1.261000	-0.055000	0.066000	1.506000	-0.790000	0.000000	1.415000	1.587000	1.495000	1.788000
267	1.190000	0.733000	0.000000	1.178000	1.801000	0.115000	0.750000	1.567000	1.431000	0.952000	-0.288000	0.305000	1.004000	0.312000	1.310000	0.606000	0.409000	0.598000	0.522000	0.627000
268	0.087000	0.826000	2.507000	2.221000	3.072000	-0.134000	1.137000	3.314000	1.882000	0.000000	-0.279000	0.569000	0.786000	0.787000	2.691000	2.071000	2.180000	1.528000	2.798000	3.779000
269	3.658000	1.674000	-0.539000	1.143000	0.819000	3.688000	1.675000	2.740000	2.625000	1.245000	-0.535000	1.606000	2.352000	1.944000	2.529000	1.931000	1.592000	0.000000	-0.764000	1.126000
270	1.550000	0.945000	0.622000	1.352000	0.918000	0.000000	0.976000	1.455000	1.502000	1.562000	0.318000	0.666000	0.968000	1.034000	1.070000	1.332000	0.746000	0.655000	0.472000	1.469000
271	0.838000	0.541000	0.888000	0.125000	0.319000	-1.262000	0.483000	0.000000	0.861000	1.301000	-0.368000	0.395000	-0.712000	0.853000	0.301000	-0.102000	0.691000	0.772000	0.481000	1.933000
272	3.110000	2.224000	0.000000	1.274000	0.611000	0.143000	0.501000	1.466000	2.108000	1.756000	0.418000	0.730000	2.357000	0.892000	3.184000	1.475000	8.654000	6.324000	5.294000	4.125000
273	-0.168000	0.125000	-0.510000	0.023000	-0.636000	5.772000	-0.037000	0.129000	0.556000	0.895000	-0.462000	-0.273000	-0.052000	0.000000	0.499000	0.716000	0.445000	0.215000	0.068000	0.610000
274	0.220000	-1.014000	-1.988000	-0.534000	-0.440000	-2.457000	-0.917000	-0.898000	-0.456000	-0.366000	-1.764000	-1.365000	-1.801000	-1.352000	0.000000	-0.265000	-1.571000	-1.534000	-1.718000	-0.225000
275	3.266000	2.171000	0.482000	0.504000	0.000000	2.738000	1.972000	2.704000	3.724000	2.670000	0.382000	0.309000	4.770000	3.266000	4.940000	2.824000	7.992000	4.384000	1.438000	2.117000
276	0.806000	0.198000	-0.603000	0.427000	-0.520000	0.751000	0.423000	1.053000	0.210000	0.665000	-0.225000	-0.098000	0.343000	0.588000	0.000000	0.367000	0.008000	2.011000	1.149000	2.187000
277	-1.085000	-0.572000	-1.778000	0.826000	-0.120000	9.256000	-0.943000	0.658000	0.455000	-0.555000	-1.154000	-1.582000	-0.527000	-0.810000	0.000000	0.206000	-0.552000	-1.098000	-1.191000	-0.261000
278	5.279000	3.400000	1.061000	2.205000	2.118000	9.121000	2.547000	4.358000	4.054000	3.261000	-0.042000	2.528000	5.269000	3.372000	6.042000	3.716000	2.441000	0.000000	-0.853000	2.264000
279	4.295000	2.931000	0.000000	2.856000	1.829000	6.133000	6.465000	3.150000	4.551000	3.223000	-0.153000	2.841000	3.977000	3.246000	4.769000	2.566000	6.990000	6.837000	1.285000	2.124000
280	0.429000	0.272000	0.337000	0.750000	0.550000	1.774000	-1.292000	1.108000	0.693000	1.054000	0.192000	-1.143000	0.946000	0.253000	0.697000	0.000000	1.498000	1.556000	1.265000	1.753000
281	0.369000	-0.217000	-0.357000	0.135000	0.158000	5.431000	0.266000	0.728000	-0.478000	0.158000	-0.707000	-0.085000	0.525000	0.000000	-0.814000	-1.245000	-0.473000	-0.157000	-0.297000	0.193000
282	-0.002000	-0.254000	-0.178000	0.018000	-0.011000	-1.250000	-0.125000	-0.021000	-0.030000	0.111000	-0.115000	-0.202000	-0.187000	-0.092000	0.000000	0.032000	-0.040000	-0.016000	-0.034000	0.161000
283	1.212000	0.893000	0.346000	1.244000	0.989000	0.235000	-0.079000	1.160000	1.428000	1.422000	-0.221000	0.439000	1.011000	0.684000	1.519000	1.393000	-0.019000	0.000000	-0.151000	1.304000
284	3.015000	1.591000	4.662000	0.000000	-0.314000	-0.099000	1.204000	1.025000	2.145000	1.068000	0.517000	2.777000	2.961000	2.557000	4.304000	2.773000	5.389000	4.975000	3.514000	5.198000
285	1.088000	0.749000	0.430000	1.509000	0.504000	9.339000	-1.824000	2.432000	0.711000	1.400000	0.320000	0.000000	1.882000	1.137000	2.530000	1.335000	1.777000	3.628000	1.816000	1.442000
286	-1.305000	-0.138000	-0.697000	0.608000	0.674000	5.568000	-0.295000	0.241000	0.222000	0.088000	-0.850000	-0.682000	0.000000	-0.129000	-0.124000	0.526000	-0.942000	-0.320000	-0.462000	0.253000
287	1.104000	0.000000	5.826000	0.098000	1.097000	1.069000	4.335000	0.019000	0.143000	0.969000	4.729000	5.512000	5.875000	6.980000	6.414000	3.970000	9.113000	39.051000	18.540000	9.717000
288	1.378000	0.255000	0.680000	0.000000	-1.401000	-1.391000	3.479000	0.130000	1.296000	0.139000	-1.764000	-0.326000	2.198000	0.277000	3.084000	1.180000	14.005000	18.730000	16.165000	13.778000
289	0.000000	1.154000	1.053000	3.017000	3.331000	10.791000	1.187000	2.045000	0.865000	1.064000	1.991000	0.551000	1.202000	0.706000	1.260000	1.047000	2.490000	0.905000	1.213000	1.219000
290	1.770000	0.000000	4.965000	-1.422000	-1.162000	1.453000	7.052000	-1.007000	0.517000	-0.006000	4.120000	8.424000	2.030000	0.930000	3.204000	1.223000	31.377000	9.674000	7.432000	5.527000
291	0.829000	0.572000	0.236000	1.686000	1.446000	0.412000	0.325000	1.818000	0.754000	1.030000	0.176000	0.567000	0.000000	0.358000	-0.265000	-0.022000	1.097000	0.764000	0.591000	1.077000
292	0.797000	0.128000	-0.663000	0.000000	-0.146000	-0.256000	-0.529000	1.131000	1.164000	0.297000	-0.497000	-1.181000	0.893000	0.122000	1.301000	0.347000	3.102000	0.474000	0.152000	2.384000
293	0.279000	0.268000	0.207000	0.359000	0.291000	-0.411000	0.004000	0.225000	0.307000	0.481000	0.419000	0.004000	-0.346000	-0.036000	0.000000	0.216000	0.505000	0.602000	0.626000	0.657000
294	0.769000	0.293000	0.239000	0.200000	0.152000	2.195000	-0.453000	-0.579000	-0.016000	0.254000	0.231000	-0.256000	0.571000	0.005000	0.588000	-0.284000	0.442000	0.212000	0.139000	0.000000
295	1.397000	0.068000	1.041000	-1.877000	-1.752000	-2.000000	-2.674000	0.025000	0.168000	-0.910000	-2.614000	-1.028000	3.545000	1.406000	3.763000	0.519000	5.661000	0.000000	-1.607000	0.960000
296	-0.521000	-0.238000	-0.552000	0.114000	0.051000	-0.095000	-0.362000	-0.070000	-0.157000	-0.165000	-0.076000	-0.496000	0.000000	-0.384000	0.722000	0.050000	-0.047000	-1.349000	-0.426000	-0.116000
297	0.968000	0.332000	-0.501000	1.740000	0.765000	0.132000	-1.250000	0.395000	0.000000	0.932000	0.147000	-1.064000	1.438000	0.069000	2.570000	1.293000	1.356000	1.673000	1.951000	0.397000
298	6.024000	6.203000	5.575000	6.904000	6.608000	6.647000	5.643000	6.281000	6.264000	0.000000	5.167000	5.569000	6.514000	6.052000	7.074000	6.434000	4.944000	5.387000	5.422000	6.217000
299	2.820000	2.590000	1.717000	2.268000	1.980000	3.762000	2.014000	1.420000	2.020000	2.059000	1.401000	1.416000	3.151000	2.470000	1.240000	0.000000	3.386000	2.168000	1.866000	1.867000
300	0.312000	0.065000	0.064000	0.575000	0.649000	-1.549000	-0.038000	0.531000	0.674000	0.656000	0.246000	-0.225000	-0.137000	0.091000	0.585000	-0.004000	0.303000	0.280000	0.000000	0.910000
301	1.058000	0.759000	0.050000	0.645000	0.178000	-0.487000	0.430000	0.828000	0.541000	1.079000	0.227000	0.215000	-1.080000	0.195000	0.000000	0.614000	0.828000	-0.505000	-0.710000	1.073000
302	3.202000	2.112000	-0.547000	0.722000	0.000000	3.282000	1.767000	1.878000	2.864000	2.367000	-0.238000	1.244000	4.132000	1.964000	4.407000	2.578000	5.234000	4.861000	2.804000	4.453000
303	0.498000	-0.648000	-1.666000	-1.251000	-1.794000	1.431000	-2.392000	-0.774000	-0.413000	-0.176000	-1.897000	-1.781000	-0.708000	-0.819000	0.625000	0.000000	-2.564000	-2.138000	-2.282000	-0.802000
304	1.523000	0.133000	-1.067000	0.745000	-0.763000	5.217000	0.000000	1.716000	1.502000	0.727000	-1.126000	-0.151000	0.664000	0.234000	1.586000	1.068000	-0.091000	-0.302000	-0.371000	0.839000
305	0.496000	-0.304000	-0.957000	0.205000	0.707000	2.839000	-0.713000	-0.135000	0.099000	0.264000	-1.004000	-0.645000	-0.065000	-0.552000	0.565000	0.000000	-1.053000	-0.762000	-0.964000	-0.430000
306	5.081000	3.568000	1.485000	3.551000	2.771000	6.163000	3.411000	4.379000	4.994000	3.815000	1.068000	3.006000	6.394000	4.371000	6.778000	3.779000	4.348000	1.651000	0.000000	2.682000
307	3.085000	1.943000	0.000000	1.238000	0.736000	4.682000	1.543000	2.348000	2.912000	2.297000	0.015000	1.093000	1.709000	1.343000	3.340000	1.616000	0.177000	0.925000	0.489000	1.033000
308	1.265000	1.464000	-0.041000	2.199000	1.563000	5.700000	0.946000	2.341000	0.992000	1.516000	-0.056000	0.639000	1.789000	1.155000	2.105000	1.019000	0.469000	0.430000	0.000000	0.440000
309	0.167000	0.000000	-0.558000	1.269000	1.229000	6.326000	-0.971000	1.084000	-0.054000	-0.280000	-0.317000	-0.825000	0.508000	-0.473000	0.749000	-0.618000	0.050000	-0.184000	-0.335000	0.278000
310	0.000000	4.243000	8.776000	8.423000	10.458000	8.265000	7.746000	9.979000	6.769000	6.437000	6.236000	7.183000	9.851000	8.653000	11.161000	10.172000	13.679000	12.558000	12.215000	40.773000
311	4.187000	3.214000	4.305000	7.729000	9.247000	11.245000	8.642000	8.455000	2.807000	2.840000	3.809000	7.242000	2.345000	3.826000	0.000000	3.705000	25.768000	13.416000	28.522000	26.794000
312	2.794000	1.732000	0.702000	0.694000	0.358000	-0.126000	1.066000	1.534000	2.715000	2.608000	0.597000	1.253000	2.115000	2.134000	3.260000	2.497000	0.000000	-0.357000	-0.563000	1.829000
313	3.508000	2.317000	0.356000	3.074000	2.316000	5.015000	5.464000	2.521000	2.960000	2.565000	0.000000	3.561000	5.029000	2.391000	4.712000	2.226000	16.875000	3.951000	2.396000	3.315000
314	2.493000	1.188000	-0.534000	0.942000	0.381000	6.805000	-0.554000	1.746000	1.208000	1.280000	-0.272000	0.000000	2.004000	1.593000	3.306000	1.638000	0.560000	0.414000	0.635000	0.852000
315	2.794000	1.950000	2.942000	5.539000	6.766000	0.000000	4.152000	6.131000	4.183000	3.027000	2.476000	3.235000	4.067000	3.581000	4.466000	3.054000	7.630000	5.930000	5.657000	7.711000
316	4.364000	3.546000	1.539000	2.761000	2.054000	4.953000	3.628000	4.751000	3.876000	2.943000	1.517000	3.345000	4.388000	3.896000	4.814000	3.398000	2.288000	0.000000	0.245000	2.717000
317	-0.435000	-0.606000	1.167000	0.217000	1.838000	0.135000	-0.124000	1.302000	0.836000	-0.016000	-0.770000	-0.421000	2.098000	1.184000	3.057000	0.901000	-1.141000	-1.592000	-1.890000	0.000000
318	0.261000	-0.371000	-0.689000	-0.352000	-0.816000	4.090000	-0.650000	0.000000	-0.178000	-0.013000	-0.827000	-0.679000	-0.584000	-0.672000	-0.111000	-0.412000	-0.244000	-0.239000	-0.457000	-0.071000
319	0.950000	0.000000	-0.511000	-0.795000	-0.793000	-2.130000	0.377000	-0.267000	0.814000	0.691000	-0.403000	-0.175000	-0.423000	0.554000	-0.272000	-0.805000	0.172000	-1.131000	-1.529000	-0.125000
320	3.518000	1.916000	-0.394000	0.000000	-0.693000	4.853000	3.455000	1.526000	3.553000	2.249000	-1.000000	2.547000	2.884000	2.059000	3.592000	2.354000	4.133000	2.385000	0.147000	2.545000
321	-0.249000	-0.862000	-0.138000	0.661000	0.411000	0.859000	-0.177000	0.000000	-0.998000	-0.573000	-0.537000	-0.482000	-0.049000	-0.047000	1.883000	0.777000	1.753000	0.041000	0.150000	0.376000
322	0.385000	-0.369000	-0.996000	-0.124000	-0.597000	0.745000	-0.700000	0.108000	-0.069000	0.484000	-1.543000	-0.883000	-0.777000	0.115000	0.000000	0.473000	-0.494000	0.028000	-0.311000	0.328000
323	4.443000	2.822000	0.000000	3.426000	2.171000	4.627000	4.242000	3.135000	3.356000	3.004000	-0.697000	2.642000	3.920000	2.425000	4.646000	2.740000	9.386000	9.816000	5.903000	3.791000
324	3.503000	2.263000	0.000000	5.135000	5.206000	6.323000	12.002000	3.488000	3.949000	2.395000	6.522000	4.542000	4.957000	5.909000	5.227000	2.684000	17.003000	17.800000	13.907000	8.648000
325	0.233000	-0.704000	-1.024000	0.174000	-0.513000	8.051000	-0.325000	0.688000	-0.238000	0.062000	-1.009000	-0.770000	-0.537000	-0.597000	0.249000	0.000000	-0.693000	-0.725000	-0.791000	0.042000
326	-0.306000	0.241000	-0.508000	1.098000	0.166000	1.617000	0.048000	1.099000	0.320000	0.683000	-1.506000	-0.378000	0.136000	0.000000	0.556000	-0.528000	-1.286000	-0.705000	-0.840000	-0.798000
327	-0.062000	0.298000	0.246000	1.853000	2.279000	3.730000	0.081000	1.165000	-0.032000	0.127000	-0.157000	-0.059000	0.168000	0.302000	0.000000	-0.393000	-0.116000	-0.472000	0.587000	0.368000
328	4.780000	3.703000	0.000000	1.729000	1.413000	9.951000	1.919000	2.346000	3.591000	3.118000	-0.222000	2.140000	4.303000	2.834000	4.759000	3.074000	3.484000	2.044000	2.477000	2.995000
329	4.186000	2.702000	4.293000	3.238000	5.563000	0.000000	3.870000	4.161000	3.653000	3.001000	3.195000	3.553000	2.226000	3.514000	4.059000	3.477000	4.379000	3.085000	3.454000	5.082000
330	5.263000	3.581000	0.691000	0.660000	0.000000	8.818000	3.007000	1.898000	3.560000	2.897000	-0.199000	2.994000	4.169000	3.005000	5.226000	4.181000	2.635000	3.591000	0.886000	3.820000
331	6.385000	4.879000	0.000000	5.742000	4.631000	8.865000	6.184000	8.066000	5.159000	3.704000	0.263000	4.708000	5.346000	4.171000	5.698000	3.317000	14.018000	11.971000	5.471000	3.307000
332	3.826000	2.754000	-0.169000	0.000000	-0.867000	2.514000	4.911000	2.239000	3.497000	1.660000	-0.834000	1.509000	3.320000	2.376000	3.069000	1.608000	9.142000	7.696000	5.116000	17.759000
333	4.954000	3.262000	1.830000	1.162000	0.988000	5.092000	3.076000	3.368000	4.405000	3.042000	0.920000	3.079000	4.829000	3.099000	5.387000	3.836000	-0.203000	0.000000	0.880000	2.982000
334	0.694000	0.000000	3.321000	1.778000	2.868000	3.781000	15.343000	-0.409000	0.294000	0.344000	2.311000	6.151000	5.407000	2.175000	4.569000	4.531000	29.714000	33.778000	29.522000	24.230000
335	0.000000	9.097000	24.711000	20.896000	28.028000	11.329000	33.426000	19.715000	11.657000	16.886000	20.459000	27.125000	29.567000	26.091000	25.397000	23.163000	69.534000	58.835000	50.819000	63.222000
336	2.843000	2.118000	2.896000	3.328000	3.282000	7.540000	3.693000	5.819000	2.260000	2.512000	2.389000	2.948000	1.826000	3.936000	0.000000	3.043000	13.255000	22.969000	20.090000	25.612000
337	0.584000	0.802000	2.978000	3.228000	3.144000	15.870000	-1.718000	3.756000	1.227000	0.557000	-0.402000	0.000000	3.509000	0.545000	3.713000	1.372000	2.635000	1.383000	0.909000	1.701000
338	0.095000	-0.795000	4.476000	-0.355000	3.978000	3.972000	26.516000	1.131000	0.341000	-0.059000	8.088000	15.424000	7.748000	9.500000	0.000000	2.169000	42.579000	34.326000	25.167000	25.526000
339	5.118000	4.351000	1.218000	4.568000	4.771000	3.809000	3.323000	4.378000	5.466000	4.663000	1.305000	3.853000	4.256000	3.798000	5.525000	4.662000	3.458000	1.324000	0.000000	3.548000
340	1.829000	0.227000	-1.396000	0.471000	0.000000	5.433000	-0.261000	1.788000	1.212000	0.930000	-1.156000	-0.622000	1.005000	0.479000	2.193000	1.247000	-0.783000	-0.933000	-1.247000	0.655000
341	1.307000	-0.047000	-1.586000	4.081000	5.204000	8.001000	0.997000	2.344000	0.940000	0.000000	-1.287000	1.216000	2.859000	1.724000	4.444000	0.030000	5.435000	3.010000	1.906000	0.814000
342	-1.996000	-2.220000	0.193000	-1.129000	-0.484000	-4.667000	4.067000	-2.171000	-1.910000	-2.400000	-2.028000	1.725000	0.862000	-1.704000	-0.926000	0.000000	23.636000	12.237000	7.973000	25.133000
343	2.225000	2.070000	2.864000	1.995000	3.558000	-1.180000	6.972000	3.380000	3.035000	1.611000	0.320000	2.844000	2.231000	2.467000	3.388000	2.998000	0.000000	0.460000	-0.648000	2.536000
344	2.451000	1.740000	0.000000	0.640000	1.521000	4.679000	1.033000	1.278000	2.036000	2.450000	0.338000	1.236000	2.564000	1.898000	2.781000	2.359000	1.308000	0.754000	0.323000	2.357000
345	0.000000	-0.052000	1.940000	3.664000	3.543000	4.158000	10.241000	4.070000	0.965000	0.895000	-0.451000	6.345000	1.853000	2.168000	6.815000	3.052000	34.102000	33.013000	26.459000	54.550000
346	2.049000	0.691000	-0.990000	1.151000	0.445000	3.133000	-0.239000	1.184000	1.460000	1.149000	-1.027000	0.503000	0.242000	1.293000	2.153000	0.000000	10.994000	10.526000	7.764000	18.003000
347	0.567000	0.540000	-0.416000	3.612000	3.054000	11.360000	-0.011000	3.348000	1.531000	1.134000	-0.493000	0.000000	1.217000	0.626000	2.347000	1.638000	0.523000	-0.129000	-0.690000	1.014000
348	1.176000	0.000000	-0.697000	-0.399000	-0.987000	4.182000	-0.831000	-0.059000	0.541000	0.329000	-0.835000	-1.232000	0.401000	-0.417000	2.048000	0.053000	-0.281000	-1.701000	-1.916000	-0.060000
349	4.986000	4.264000	5.504000	3.511000	3.353000	6.195000	4.285000	5.163000	4.539000	4.813000	2.370000	3.251000	7.186000	5.214000	8.101000	5.665000	0.000000	2.135000	2.761000	5.172000
350	1.063000	-0.379000	1.982000	0.358000	1.842000	3.943000	13.396000	0.000000	0.532000	-0.002000	5.456000	9.318000	7.622000	7.325000	2.569000	1.844000	36.228000	24.957000	21.133000	19.080000
351	-0.202000	-0.508000	-0.954000	0.556000	0.075000	3.363000	-0.140000	0.428000	-0.868000	-0.680000	-0.537000	-0.337000	-0.201000	0.039000	0.000000	-1.166000	0.635000	0.558000	0.414000	-0.370000
352	-0.008000	0.157000	-0.359000	0.000000	-0.598000	5.773000	-1.531000	-0.234000	-0.517000	-0.450000	-0.702000	-0.919000	0.118000	-0.834000	0.344000	-0.903000	0.676000	-0.295000	-0.347000	-1.171000
353	3.461000	2.371000	0.000000	2.025000	1.412000	5.518000	4.328000	2.044000	2.699000	2.526000	0.882000	3.556000	4.343000	2.540000	4.238000	4.139000	21.391000	20.572000	15.542000	11.471000
354	0.627000	0.793000	0.990000	1.279000	1.175000	0.000000	-0.264000	0.724000	0.710000	0.923000	1.106000	0.688000	1.178000	1.128000	1.838000	0.807000	0.732000	0.997000	0.735000	0.637000
355	1.113000	2.131000	2.747000	2.261000	3.974000	3.142000	2.878000	2.468000	3.332000	2.111000	-0.262000	2.921000	4.407000	2.865000	3.841000	2.318000	0.000000	0.777000	-1.400000	1.852000
356	1.990000	1.223000	0.008000	0.731000	0.334000	-1.012000	-0.619000	1.268000	0.952000	0.733000	0.022000	0.000000	0.723000	1.020000	1.389000	1.633000	1.493000	1.485000	1.418000	1.764000
357	0.957000	1.706000	0.698000	6.557000	6.100000	3.718000	1.544000	6.805000	2.195000	1.962000	0.823000	2.036000	2.347000	1.665000	2.442000	1.207000	1.618000	0.000000	-0.413000	2.425000
358	-0.462000	-0.164000	-0.048000	0.780000	0.121000	4.071000	-0.308000	0.232000	0.271000	0.321000	-0.282000	-0.485000	0.729000	0.435000	0.000000	0.579000	-0.318000	-0.057000	-0.131000	0.627000
359	0.619000	0.077000	-0.092000	0.390000	0.177000	-0.493000	-0.368000	0.476000	0.454000	0.641000	-0.056000	-0.391000	0.000000	-0.176000	0.499000	0.505000	0.255000	0.381000	0.289000	0.912000
360	1.873000	0.637000	-0.038000	2.038000	2.459000	-0.344000	0.096000	1.796000	1.757000	1.485000	-0.096000	-0.100000	0.000000	0.297000	0.372000	1.168000	0.524000	0.364000	0.020000	1.123000
361	3.712000	2.724000	0.717000	3.949000	3.323000	8.288000	5.440000	4.188000	2.817000	3.071000	-0.042000	2.634000	4.375000	2.729000	4.871000	3.267000	4.465000	2.128000	0.000000	1.838000
362	0.701000	0.000000	-0.206000	0.410000	0.002000	2.391000	-1.207000	0.946000	-0.060000	0.398000	0.106000	-0.852000	0.517000	-0.079000	1.090000	0.396000	0.767000	0.664000	1.059000	0.281000
363	0.470000	0.137000	-0.629000	0.449000	0.094000	6.060000	-0.268000	-0.372000	0.000000	0.373000	-0.240000	-0.617000	-0.033000	-0.061000	0.379000	-0.658000	0.115000	-0.133000	-0.436000	0.047000
364	0.868000	0.457000	-0.249000	0.201000	0.098000	2.600000	0.530000	0.524000	1.009000	-0.402000	-0.238000	0.160000	0.371000	0.000000	0.953000	0.549000	0.789000	-0.150000	0.440000	1.261000
365	0.649000	0.559000	0.579000	0.992000	0.891000	-0.306000	-0.180000	0.857000	0.614000	0.736000	0.666000	0.000000	0.515000	0.094000	0.249000	0.710000	0.729000	0.628000	0.280000	0.553000
366	0.635000	0.180000	-0.676000	0.000000	-0.487000	-1.089000	-0.555000	0.164000	0.442000	0.143000	-1.282000	-0.962000	0.245000	0.294000	0.418000	-0.187000	0.192000	-0.591000	-1.442000	0.491000
367	1.191000	1.158000	0.689000	1.111000	1.159000	4.846000	0.000000	1.004000	0.995000	0.933000	0.742000	0.542000	1.081000	0.742000	1.570000	1.267000	1.168000	0.162000	0.991000	1.399000
368	0.857000	-0.081000	-1.532000	0.301000	-0.852000	-0.418000	-0.827000	-0.266000	0.713000	-0.395000	-1.212000	-1.124000	-0.587000	-0.652000	0.133000	0.000000	-1.803000	-2.040000	-1.481000	-0.845000
369	5.719000	4.863000	2.476000	3.515000	2.782000	8.221000	4.164000	4.851000	5.756000	4.558000	2.075000	3.613000	6.546000	4.985000	6.986000	5.287000	0.000000	0.791000	1.457000	3.843000
370	1.199000	0.997000	-0.683000	0.155000	-0.207000	0.229000	0.320000	0.000000	1.110000	0.534000	-0.586000	-0.154000	0.852000	0.459000	1.194000	0.304000	-0.455000	-0.396000	-0.550000	0.890000
371	1.741000	0.000000	9.515000	5.484000	7.242000	4.770000	7.695000	3.647000	-0.363000	2.954000	7.407000	9.298000	7.625000	6.869000	9.639000	6.768000	24.431000	29.854000	28.426000	45.377000
372	0.718000	-0.206000	-0.800000	0.639000	1.004000	0.632000	-0.647000	0.807000	0.000000	0.560000	-0.326000	-1.207000	0.190000	-0.182000	1.359000	0.286000	-0.171000	-0.267000	-0.326000	-0.317000
373	1.523000	-0.332000	-1.706000	-0.384000	0.000000	0.630000	0.661000	0.014000	1.500000	0.857000	-0.642000	0.288000	0.892000	0.793000	1.224000	0.732000	0.323000	0.017000	-0.316000	0.405000
374	0.010000	-0.358000	-0.694000	-0.582000	-1.050000	-1.322000	-0.164000	0.000000	-0.495000	1.374000	-0.698000	-0.500000	0.318000	0.054000	0.270000	-0.094000	1.171000	-0.409000	-0.283000	0.428000
375	-0.609000	0.069000	0.345000	2.416000	3.478000	5.625000	-0.442000	1.544000	0.034000	0.023000	0.365000	-0.635000	0.114000	-0.251000	0.000000	-0.475000	0.337000	0.046000	0.032000	-0.567000
376	0.452000	0.046000	0.157000	0.355000	0.374000	5.386000	-0.422000	0.430000	0.089000	0.192000	-0.109000	-0.129000	0.000000	-0.112000	0.492000	0.592000	-0.026000	-0.272000	-0.354000	-0.048000
377	1.205000	0.017000	-0.364000	0.000000	-0.488000	-1.078000	-0.337000	0.488000	1.103000	0.576000	0.048000	-0.573000	0.056000	0.214000	0.478000	0.478000	0.022000	0.032000	-0.022000	0.242000
378	0.828000	0.000000	4.567000	3.441000	3.929000	6.262000	3.424000	2.747000	0.088000	2.010000	1.333000	1.719000	4.801000	2.832000	5.495000	4.669000	2.313000	6.701000	5.486000	23.638000
379	0.000000	5.090000	17.172000	15.223000	21.305000	10.704000	21.300000	14.952000	8.273000	9.602000	15.305000	19.615000	21.648000	19.483000	17.450000	16.460000	41.016000	31.973000	30.359000	87.831000
380	2.446000	0.863000	-1.342000	-0.559000	-0.914000	6.029000	-0.099000	1.721000	1.454000	0.362000	-1.175000	-0.790000	0.000000	-0.686000	1.579000	1.314000	1.330000	1.472000	4.215000	2.934000
381	0.538000	0.175000	0.398000	0.000000	-0.227000	1.277000	0.327000	1.220000	0.409000	-0.375000	0.646000	-0.805000	3.129000	0.889000	3.901000	1.660000	8.883000	5.339000	16.277000	13.236000
382	3.483000	2.055000	0.163000	1.152000	0.854000	3.321000	0.044000	1.641000	1.622000	1.490000	0.694000	0.000000	3.963000	1.252000	3.371000	1.321000	1.574000	2.051000	2.271000	2.295000
383	0.836000	0.384000	1.035000	0.184000	1.199000	0.387000	0.357000	-0.292000	0.000000	0.133000	0.305000	0.443000	1.718000	1.055000	3.132000	1.564000	0.706000	0.397000	0.189000	1.584000
384	4.313000	3.296000	1.773000	3.314000	4.139000	8.970000	3.089000	2.826000	3.733000	3.036000	-0.073000	2.180000	4.529000	3.592000	4.864000	3.269000	2.239000	0.000000	-0.575000	2.493000
385	1.174000	2.164000	1.145000	3.469000	2.994000	6.544000	1.437000	3.848000	1.611000	1.876000	0.672000	0.000000	1.218000	1.076000	2.481000	0.743000	1.411000	1.160000	0.996000	1.347000
386	-0.688000	-0.135000	-1.137000	0.096000	-0.148000	-1.290000	-0.750000	1.568000	0.532000	-0.133000	-0.431000	-0.926000	-0.200000	-0.403000	0.223000	-0.192000	-0.570000	-3.124000	-2.445000	0.000000
387	7.020000	5.180000	1.733000	4.879000	6.494000	13.063000	3.879000	6.204000	6.274000	4.376000	1.024000	2.983000	6.659000	4.081000	6.092000	3.677000	2.759000	0.972000	0.000000	4.027000
388	2.082000	0.317000	1.993000	-2.027000	-0.433000	5.172000	8.994000	0.000000	0.625000	-0.272000	3.610000	4.338000	6.367000	3.756000	5.450000	3.242000	20.820000	10.657000	7.835000	14.304000
389	4.962000	3.648000	0.985000	3.738000	3.622000	8.763000	4.425000	4.103000	3.685000	2.794000	1.321000	2.434000	5.171000	4.101000	5.260000	2.810000	2.650000	0.000000	1.391000	2.972000
390	6.449000	4.540000	0.000000	1.603000	1.035000	6.482000	11.185000	3.761000	5.882000	3.681000	0.560000	4.754000	6.145000	4.323000	6.970000	4.879000	10.485000	7.899000	5.344000	4.812000
391	3.509000	2.310000	1.500000	-0.482000	-1.140000	4.269000	0.000000	1.594000	3.503000	1.481000	-0.094000	1.494000	4.039000	2.092000	3.838000	1.808000	7.966000	7.610000	7.158000	14.789000
392	3.478000	2.411000	-0.842000	0.000000	-1.386000	2.403000	2.250000	2.242000	3.156000	1.115000	-0.663000	0.489000	3.460000	2.034000	3.434000	2.112000	11.607000	5.109000	1.041000	1.725000
393	1.573000	0.867000	0.314000	0.386000	0.238000	7.607000	-0.325000	1.639000	1.461000	1.536000	0.441000	0.945000	2.025000	1.354000	2.152000	1.616000	1.044000	-0.862000	0.000000	1.356000
394	1.283000	1.607000	1.521000	2.171000	2.369000	3.457000	0.759000	2.645000	0.963000	1.462000	1.061000	1.649000	0.783000	0.367000	1.136000	0.000000	2.391000	1.266000	1.113000	1.155000
395	0.000000	-0.319000	6.044000	6.256000	7.246000	12.401000	12.997000	6.037000	0.976000	2.505000	5.516000	8.959000	13.413000	11.269000	9.743000	7.146000	25.687000	16.840000	15.174000	59.828000
396	0.000000	2.102000	7.305000	6.065000	7.028000	1.882000	4.106000	8.267000	2.207000	1.900000	3.391000	3.317000	9.057000	4.610000	5.405000	1.409000	22.072000	14.943000	11.623000	7.748000
397	0.452000	0.072000	0.834000	3.360000	3.940000	11.334000	-2.004000	2.487000	-0.415000	-0.379000	-1.401000	-1.200000	3.201000	-0.849000	5.238000	-0.435000	4.624000	6.011000	0.642000	0.000000
398	1.386000	1.656000	0.855000	2.475000	3.430000	1.913000	-0.191000	3.230000	1.548000	1.004000	0.000000	0.853000	3.229000	2.966000	3.745000	0.492000	-1.519000	0.520000	0.525000	1.533000
399	3.117000	1.934000	1.439000	0.000000	-0.872000	-0.772000	4.750000	1.683000	3.319000	1.789000	-1.714000	5.543000	3.120000	3.063000	4.287000	3.044000	13.969000	3.797000	2.144000	6.644000
400	3.099000	3.151000	8.322000	6.200000	11.344000	0.000000	10.994000	6.889000	5.156000	5.306000	6.658000	9.280000	6.004000	8.483000	8.896000	9.730000	11.618000	6.806000	6.510000	8.364000
401	2.227000	0.987000	-0.600000	3.934000	4.888000	7.902000	1.053000	3.133000	1.674000	1.686000	-0.875000	1.031000	2.548000	1.903000	2.837000	0.732000	0.650000	0.265000	0.000000	0.820000
402	0.449000	-0.492000	-0.788000	-0.948000	-1.349000	1.604000	-0.482000	-0.572000	-0.159000	-0.332000	-0.979000	-0.195000	0.016000	-2.161000	0.000000	-1.368000	1.331000	1.586000	-1.537000	-0.523000
403	1.339000	0.358000	-0.191000	0.000000	-0.472000	1.987000	-0.238000	0.788000	0.275000	-0.847000	-0.056000	-0.652000	1.426000	0.213000	0.167000	0.200000	1.821000	0.359000	-0.036000	0.138000
404	2.736000	2.046000	1.389000	3.198000	2.745000	0.000000	2.476000	2.560000	2.319000	2.465000	1.452000	1.874000	2.471000	2.390000	4.510000	3.142000	5.768000	3.490000	3.971000	4.446000
405	0.960000	-0.023000	1.168000	-0.788000	-0.858000	-1.123000	-0.105000	0.180000	0.282000	-0.296000	0.044000	-0.923000	0.000000	0.193000	-0.389000	0.980000	1.923000	-0.146000	3.253000	5.314000
406	0.574000	-0.925000	-2.508000	-2.485000	-2.956000	-2.251000	-1.460000	-0.829000	0.456000	-0.833000	-2.608000	-2.485000	-0.460000	-1.316000	0.606000	0.000000	-0.030000	-0.604000	1.252000	3.771000
407	2.063000	0.000000	2.445000	3.842000	4.690000	2.387000	10.027000	1.969000	1.787000	3.323000	0.195000	9.192000	6.182000	4.165000	5.951000	6.164000	33.576000	17.116000	22.430000	36.505000
408	2.079000	0.797000	0.000000	1.412000	1.270000	3.784000	1.475000	1.344000	1.332000	1.417000	-0.225000	1.238000	2.104000	1.463000	3.035000	2.141000	0.713000	0.319000	0.029000	1.217000
409	-0.764000	-0.804000	6.055000	4.919000	6.333000	6.608000	16.363000	3.745000	0.000000	1.504000	7.137000	10.610000	6.755000	8.014000	11.211000	6.056000	33.204000	22.018000	17.630000	27.418000
410	5.149000	3.492000	0.559000	2.914000	1.777000	9.246000	3.326000	3.532000	4.141000	3.455000	0.000000	2.883000	4.257000	2.444000	5.786000	4.285000	10.043000	7.275000	2.993000	7.669000
411	2.939000	1.098000	-1.170000	0.000000	-0.291000	11.697000	1.438000	0.776000	3.286000	1.623000	-1.226000	1.718000	3.079000	1.744000	3.126000	2.434000	-2.999000	-1.323000	-2.054000	0.976000
412	1.000000	-0.071000	-1.182000	-0.144000	-0.765000	1.437000	0.153000	-0.522000	0.431000	-0.093000	-1.044000	-0.315000	0.407000	0.435000	1.612000	0.000000	-0.004000	0.217000	0.026000	0.087000
413	1.257000	0.443000	-0.176000	0.686000	0.415000	4.546000	0.369000	1.656000	1.461000	1.144000	0.248000	0.350000	0.000000	0.684000	1.548000	1.446000	0.856000	0.359000	0.081000	1.293000
414	7.514000	5.767000	3.717000	3.786000	3.651000	9.322000	5.455000	4.908000	6.149000	5.996000	2.295000	5.231000	7.429000	5.554000	7.760000	6.637000	0.000000	2.437000	1.743000	4.603000
415	1.690000	0.653000	0.009000	-0.174000	0.000000	3.499000	1.739000	2.095000	1.784000	0.929000	-0.916000	2.566000	3.674000	2.492000	2.703000	3.093000	5.506000	2.381000	1.027000	2.305000
416	0.140000	0.340000	0.838000	0.220000	-0.066000	4.668000	0.626000	0.054000	1.239000	1.394000	0.771000	-1.156000	0.774000	-0.161000	2.015000	0.005000	0.442000	-0.008000	0.628000	0.000000
417	0.000000	1.432000	1.451000	3.334000	3.311000	9.549000	0.897000	3.405000	1.781000	1.586000	0.970000	1.288000	1.917000	1.085000	2.663000	1.175000	1.737000	1.436000	1.344000	0.885000
418	0.000000	3.369000	2.180000	4.372000	4.282000	6.098000	2.820000	4.247000	3.457000	3.402000	3.337000	2.902000	3.418000	3.006000	3.451000	3.607000	3.425000	3.441000	3.259000	1.761000
419	1.320000	0.851000	0.468000	1.709000	1.006000	1.370000	-0.028000	2.096000	2.611000	1.509000	0.247000	0.585000	1.026000	1.345000	2.522000	1.233000	1.583000	1.534000	0.000000	1.533000
420	0.548000	0.524000	1.252000	1.233000	1.131000	5.735000	-0.147000	0.699000	0.000000	0.576000	0.822000	0.412000	1.248000	0.235000	2.765000	0.552000	2.212000	1.701000	1.740000	0.378000
421	4.002000	2.901000	0.000000	3.162000	3.117000	2.201000	9.815000	3.373000	3.481000	2.672000	-0.148000	2.176000	5.340000	3.144000	5.854000	2.179000	11.262000	8.256000	1.966000	0.331000