SITE	GLY	ALA	LEU	VAL	ILE	PRO	ARG	THR	SER	CYS	MET	LYS	GLU	GLN	ASP	ASN	TRP	TYR	PHE	HIS
1	3.822400	3.419500	3.223700	2.891000	2.115500	4.077300	2.887900	2.933100	3.949700	2.845900	0.000000	2.414900	3.973700	3.028600	4.342900	3.893000	1.693700	3.577700	3.217900	3.903900
2	1.191100	0.007600	-0.946200	-1.507800	-1.528300	2.100300	-0.365100	0.325900	0.981100	-0.258700	-0.192300	0.418800	1.455000	0.767000	0.569100	0.000000	2.871300	1.083800	1.045700	-0.344200
3	6.416900	4.839100	0.000000	2.116600	1.206000	8.332500	7.080700	4.595300	5.574600	3.997300	0.113000	4.263900	4.758400	3.874600	5.789500	4.231500	4.616600	7.312500	4.986100	4.103100
4	5.729600	3.447800	1.748700	0.000000	-0.339100	5.880400	10.500500	2.408200	3.804700	2.359700	1.817600	3.229000	3.664200	4.248300	5.680800	4.540300	17.037600	10.581600	7.488200	5.538500
5	6.182700	4.647700	0.000000	1.745400	0.427700	5.524000	6.479300	3.920600	5.629200	3.577400	-0.281700	3.789700	5.132900	3.795700	5.440300	4.177900	8.627800	4.681100	1.727800	42.554780
6	5.648900	4.239300	0.465400	1.543600	0.936400	8.892700	3.280500	3.602300	4.944700	3.533100	0.000000	3.327600	4.847200	2.979100	5.398500	3.467300	13.401600	6.392700	7.795700	8.135100
7	0.000000	2.226400	4.979900	7.103900	10.947400	9.035900	20.411300	5.264000	3.375400	4.324100	3.869600	13.490300	6.273300	5.245500	7.160900	5.116900	52.123700	24.478210	21.876700	46.629200
8	4.564200	3.258100	0.000000	2.748900	2.194100	0.788400	3.110900	5.175500	4.282900	2.746700	0.462900	3.119100	2.603400	2.866200	4.085000	4.009800	1.893300	1.693400	-0.209500	2.870600
9	4.235600	2.647800	3.655100	2.783800	3.619300	0.000000	6.502500	4.098900	3.016400	3.209600	3.086900	5.223100	1.267200	3.258200	2.050100	3.477900	6.711200	5.602100	4.887100	5.498100
10	0.000000	4.864100	23.867510	14.964300	20.292500	11.820100	20.249600	13.634800	8.034400	10.082600	11.963400	21.088400	17.980300	17.214800	16.553900	15.692200	51.565600	51.133800	42.214900	42.765700
11	1.822400	0.000000	3.584100	2.055700	1.490700	2.739800	7.962000	-0.267000	0.685100	0.360800	2.715800	3.642400	6.464700	7.601800	2.135300	1.845800	19.409100	14.954700	12.524700	8.633300
12	0.000000	2.564200	2.226900	4.718500	5.131900	7.759200	3.950100	4.362500	3.467000	2.987500	1.785900	2.993900	1.105500	3.026400	-0.179200	2.186800	6.140800	3.204400	2.552300	5.802800
13	0.582100	-0.257900	-2.611600	-0.514500	-0.346300	-1.188100	-0.828800	-1.184800	-0.044200	-0.043100	-2.068700	0.000000	-0.518600	-0.137800	0.070100	-0.017300	3.980200	-1.160000	-0.122900	1.960000
14	0.000000	-0.525700	-0.475400	0.087000	-0.639100	-1.110700	-0.203600	0.340700	0.236000	0.357000	-0.681400	-0.204100	-1.049600	-0.422700	-1.383700	-0.118500	-0.232200	-0.546200	-0.885900	-0.143700
15	0.578400	-0.376100	-0.750000	-0.058900	-0.589300	-0.925600	0.289200	0.000000	0.223400	0.651200	-0.895700	-0.069600	-1.586200	-0.332400	-0.767700	0.236900	-0.550200	-0.595700	-0.661500	0.340200
16	2.494100	0.608500	-2.763100	0.339600	-1.225300	3.167400	2.220200	0.390900	1.404600	0.766300	-3.000200	0.404200	1.030800	0.000000	1.926700	0.208800	6.408400	0.749700	-0.366800	1.082300
17	2.016200	0.000000	5.325500	4.275200	4.943000	6.962800	10.493900	3.838600	1.166700	1.903200	1.228300	9.403600	5.585400	6.170800	7.850100	4.810000	29.629290	24.072760	21.984100	43.564000
18	0.953900	0.173900	-0.199900	0.752400	-0.080500	3.488100	0.021800	0.452400	0.507900	0.805600	-0.499600	-0.479400	0.000000	-0.174700	0.275200	0.357400	0.000600	0.164200	0.094600	0.639900
19	1.409200	0.127000	-1.555400	1.166200	0.034000	1.122900	0.452100	0.572700	1.157100	0.920300	-1.394600	0.000000	0.352700	0.484000	1.321700	0.688700	0.352600	-1.165000	-0.674900	0.671600
20	5.698100	3.485100	-0.271100	1.068400	0.000000	7.776800	5.729800	3.534000	5.267500	3.564800	-0.136500	4.131900	4.826400	3.573300	5.353000	3.841100	11.096300	12.226200	4.948000	5.599600
21	2.427600	1.237900	0.440900	0.000000	-0.315200	6.486100	1.194500	1.447500	1.920100	1.381100	0.491300	0.785000	2.389600	1.526900	4.909100	2.853700	3.110400	3.108500	2.891900	3.566900
22	0.871700	0.000000	-0.329000	0.831100	0.879200	2.032200	-0.222600	0.154300	0.029300	0.370500	-0.097000	-0.183600	0.441100	-0.039400	0.915700	-0.474900	0.499700	-0.248500	-0.053600	0.184000
23	0.442600	0.000000	-0.793100	-0.422400	-0.554900	1.646600	-1.008200	0.253700	-0.454200	-0.173700	-0.575800	-0.491700	0.448200	-0.133900	1.207600	-0.396200	-0.230500	-0.424800	-0.636200	-0.139400
24	3.004400	2.340300	0.348000	1.165900	1.600400	3.345400	0.955500	1.595500	2.325800	1.878800	1.953400	1.375900	2.481200	1.469200	2.959400	1.730400	-0.139400	0.000000	-0.431700	0.671600
25	0.000000	2.389300	2.538500	3.659700	4.968800	5.878800	0.934100	4.857600	2.314900	2.366200	2.546500	1.039900	2.659000	2.285600	2.570000	2.088300	2.760300	2.404000	2.328400	2.084100
26	3.608900	2.557500	-0.524700	1.069600	0.000000	2.271700	1.766200	3.455300	3.605300	2.033900	-0.767500	2.552900	3.247600	2.667000	3.983200	2.916200	2.443600	1.528400	1.123800	3.426600
27	1.999100	1.559000	1.221000	0.842500	0.836200	0.000000	1.475700	1.108900	2.437500	1.641100	1.567800	1.524800	1.699100	1.265400	3.150400	1.148400	3.173000	2.589000	2.578700	1.736000
28	2.129500	1.403000	-1.199200	0.626000	-0.268000	1.564300	1.265400	1.144100	2.004000	0.685100	-0.784200	0.402000	1.637800	1.230700	1.617500	1.095800	-0.417500	2.215200	0.250900	0.000000
29	5.264500	4.293900	0.699100	1.612100	0.000000	8.079000	1.497900	2.956900	4.681500	3.659900	0.298600	2.438000	5.072900	3.938000	4.501800	2.244500	1.076400	0.480100	0.845000	2.847900
30	1.542400	1.178400	0.148100	1.571800	2.059700	1.209400	2.147900	1.039500	0.000000	0.789600	0.421400	1.325000	-0.578400	1.241800	-1.978700	-0.761400	1.635000	0.236600	0.085600	0.694700
31	1.747400	0.230800	-0.963300	-1.288800	-1.718200	-2.066700	2.479600	0.000000	1.489900	0.002700	-2.467900	0.619300	0.050400	0.644900	-0.923200	0.895300	4.257700	2.454300	2.670500	24.644320
32	0.000000	-0.407900	-1.245600	-0.078800	-0.639500	-1.243100	-0.290500	0.198700	0.127000	0.214600	-1.525000	0.374600	-1.534400	-1.278100	-0.989700	0.128400	-1.630300	0.055400	-1.643000	0.351100
33	0.885700	0.233700	0.061800	0.579200	0.135300	0.271100	0.391000	0.330000	0.203000	0.866100	-0.244200	0.195800	-0.231500	-0.124400	0.000000	0.234900	-0.154100	0.025200	0.071700	0.548000
34	3.725100	2.609000	0.922500	2.099300	0.886700	5.043500	1.875000	2.942200	2.840300	2.890900	0.000000	2.028200	2.401600	1.515200	2.945700	2.109000	1.933400	1.367100	1.235300	1.934600
35	5.707100	4.219900	1.158700	4.087000	2.649500	6.775800	4.762300	3.550100	4.681000	4.165000	0.867200	4.099500	4.052500	4.123700	5.326400	4.998000	1.165900	2.456300	0.000000	3.492100
36	1.341200	-0.024300	-0.969900	-0.362100	-0.911700	3.109200	0.000000	0.219900	0.301100	0.626200	-0.816600	0.021000	-0.045700	-0.271700	0.759700	0.235700	-0.906800	-1.392600	-1.190500	0.449300
37	0.783900	0.000000	-0.437400	0.251900	-0.402600	2.528200	0.144800	0.792400	0.104100	0.574700	-0.483200	-0.207400	0.003100	-0.240600	0.538100	-0.026900	-0.302800	-0.582600	-0.480600	0.271800
38	1.820600	0.000000	-0.266300	2.244900	2.809200	3.327200	0.808400	1.770100	1.101600	1.038400	-0.647700	0.359500	-0.124600	0.051200	0.042500	-0.893200	0.994400	-1.308500	-0.131800	-0.197000
39	3.473300	2.131300	0.160700	1.045200	0.311600	6.442100	2.232000	2.490900	2.814500	1.993600	0.000000	1.915900	2.386100	2.360100	3.890400	3.526200	2.847800	3.566100	4.034900	3.619400
40	0.811500	0.042400	-0.267100	0.162800	-0.276900	3.001800	-0.121100	-0.240200	-0.006600	0.551300	-0.589400	0.000000	0.153900	-0.173100	0.756200	0.234800	0.121600	0.446500	0.344500	0.622900
41	1.246700	0.148100	-0.222500	0.601300	0.008500	5.011100	-0.525200	0.931800	0.821100	0.759200	-0.624200	-0.248800	0.000000	-0.069600	0.705700	-0.013500	-0.133600	-0.034000	-0.083200	0.566700
42	0.000000	3.466700	2.921600	4.877600	4.613100	7.958900	1.349400	4.398400	4.131100	3.865100	3.670500	0.506400	3.921500	2.708500	4.400700	2.942800	3.480500	2.807800	2.611500	1.175400
43	0.598700	0.369300	-0.281300	1.775500	1.317900	1.871000	0.315500	0.000000	-0.291300	0.306100	-0.029700	0.287400	0.380500	0.645300	-2.718200	0.172200	0.825400	0.681900	0.551300	1.004600
44	2.139500	1.767600	1.687800	1.932700	1.775300	0.000000	1.901000	1.989700	2.103300	2.262500	1.543300	1.732100	0.613200	1.498300	0.649200	1.951800	1.055700	1.304400	1.095700	2.271100
45	3.333500	2.318500	0.000000	2.031500	1.342000	1.161600	2.344900	2.385700	2.564700	2.504600	1.010000	2.007900	0.851800	2.042600	1.459000	2.715300	1.833400	1.636600	1.454100	2.582900
46	0.000000	5.689600	20.316500	19.085000	19.799400	14.014800	25.077730	15.797200	7.249400	11.964000	15.244900	19.402800	17.063800	23.221230	18.037600	17.402100	33.309130	26.876340	31.057256	84.917300
47	0.944300	0.393500	0.000000	0.581200	0.097200	4.247100	-0.116500	0.230000	0.219200	0.888200	0.016100	-0.368000	0.148400	0.002100	0.540300	0.781000	0.596800	0.364500	0.289000	0.925400
48	1.782900	0.847700	-0.811800	0.746500	0.078400	3.031600	-0.036900	0.835400	0.847600	1.058600	-1.995500	-0.373400	-0.505400	0.000000	0.895900	0.628800	0.315400	0.557800	0.484800	1.111000
49	2.152300	0.000000	3.343600	-0.090100	2.658300	2.247800	10.467300	1.156500	1.158100	-0.004200	3.258100	7.645100	5.922700	6.411000	6.890000	5.233100	17.012800	6.154300	2.543800	29.580060
50	1.705400	0.423100	-0.110000	5.354500	2.726900	8.621600	0.251600	2.722400	0.852200	1.198400	-0.241700	0.000000	0.787900	0.809700	1.872100	1.523800	0.789500	0.313300	0.157500	1.186000
51	1.014300	0.092800	0.056500	1.148800	0.362900	-0.260700	-0.150200	0.905700	0.882600	0.696000	0.027000	-0.002100	0.364400	0.000000	0.348000	0.087700	0.464100	0.200500	0.169500	0.576200
52	2.941300	1.672400	0.325800	2.900400	3.562300	1.554600	-0.168500	2.141900	3.145300	2.359800	0.523300	1.011700	2.415800	1.082000	3.595700	2.327900	0.969200	0.000000	-0.407100	1.186200
53	3.185500	2.332100	0.524200	2.248200	0.890100	4.829900	2.334600	2.720600	2.404200	2.616800	0.000000	2.068200	2.140600	1.732600	2.961000	1.957600	1.149500	0.450600	0.550400	2.431100
54	0.335500	-0.550200	-1.353300	-0.262800	-0.528400	3.089100	-0.815900	-0.433400	-0.221200	-0.037500	-1.881900	-0.825900	-0.611300	-0.849700	0.000000	-0.831500	-2.078800	-1.114400	-1.316500	-0.415400
55	1.078700	1.471600	1.111300	2.232300	2.323000	2.487900	0.000000	1.806600	1.482000	1.461600	0.980600	0.854400	2.355100	0.887200	2.891000	0.799300	1.229500	1.142500	1.050300	0.225900
56	0.000000	5.759300	16.458500	15.544500	20.125200	13.207100	20.069700	17.520100	10.312100	12.206300	15.293900	20.928500	18.591100	15.564300	18.553700	16.843200	36.066820	30.426390	28.297180	71.484700
57	1.067400	0.664200	-0.164300	1.102500	0.750700	5.085500	0.647000	1.783800	1.271300	0.837000	0.190600	0.127300	0.283600	0.420400	0.000000	0.511600	0.671000	0.455200	0.102800	0.999400
58	2.644500	2.013300	0.000000	1.282100	0.253700	0.670200	2.559400	1.514100	1.944300	1.737900	-0.448900	1.704100	0.897100	1.862300	2.997500	2.087400	2.424000	1.516000	1.471100	2.193000
59	4.510200	2.743800	0.378100	0.000000	-0.604400	0.471300	4.177900	2.400700	3.956000	2.159100	-1.268400	3.857700	1.628100	2.579200	3.724400	2.946200	4.315900	4.568400	8.171700	5.037200
60	3.340900	2.874800	3.075200	2.850600	2.920000	0.000000	3.759800	2.999100	3.237800	4.144100	2.820700	2.749000	2.483400	3.434500	1.510600	2.593000	3.765400	3.336700	3.121800	3.725600
61	3.634300	2.431500	2.482600	2.700800	2.215200	1.687500	3.033100	3.179800	3.758600	2.752700	1.578400	2.461500	1.140100	2.154700	0.000000	1.572100	3.124400	2.929700	2.736800	3.242800
62	2.407400	1.829300	1.400400	1.760500	1.472700	-0.011700	1.793000	1.864200	2.162600	1.856400	1.461300	1.631100	0.000000	1.097500	0.061000	1.495000	1.233800	0.863600	1.415300	2.005500
63	2.360100	0.915300	-1.331200	0.000000	-0.695000	-0.360000	0.747400	0.701300	1.168700	1.222900	-1.321100	0.255600	0.286200	-0.015000	1.049200	1.388000	-0.060100	0.342400	-0.389800	1.162400
64	2.308200	0.623500	-1.910200	-1.415800	-1.083600	2.915200	2.206200	0.000000	1.586000	1.009900	-1.458500	-0.074200	-0.082800	0.343000	1.172000	1.536600	2.308300	12.015900	4.502300	24.430920
65	2.744400	1.867700	0.908200	0.778700	0.000000	6.985900	1.645100	2.157200	2.136500	2.173500	0.458700	1.131800	1.823200	1.727800	3.865400	3.219000	3.725200	2.368400	2.507700	15.457100
66	0.000000	-0.861500	-1.118300	0.403500	-0.264100	3.367800	-1.201300	0.044700	-0.434700	0.126800	-1.384600	-0.883300	-0.667600	-0.724100	-0.314800	-0.713100	-1.199300	-0.913700	-0.928600	-0.454400
67	4.004400	2.659400	0.548200	1.347800	0.000000	2.604500	2.730100	2.680500	3.232700	2.400800	-0.683300	2.165600	3.222800	1.644400	3.774400	2.883300	2.681000	1.731900	1.360200	3.226600
68	4.497800	2.490000	-1.606300	0.000000	-1.053900	7.387500	5.494700	1.818900	3.095400	2.509000	-1.355300	4.719400	3.865700	2.713000	4.098300	3.252400	13.977200	10.598300	10.235600	4.475300
69	1.765900	0.627200	-0.471300	0.295000	-0.434600	4.188500	0.000000	1.175000	0.853000	1.204900	-0.434600	-0.256800	0.759800	-0.039100	1.808200	1.145500	-0.379800	-0.228300	-0.424800	0.906800
70	0.647900	0.032600	-0.156900	0.621700	0.109800	2.582600	-0.444900	0.295000	0.508500	0.805600	-0.027300	-0.336600	0.000000	0.179200	0.637900	0.193800	-0.132300	0.017900	-0.046900	0.304000
71	2.350100	0.844100	-0.776300	-0.052800	-0.642100	2.946500	0.000000	0.864100	1.148900	0.749000	-1.113300	-0.399500	1.195700	-0.301600	2.267900	0.453800	-0.769900	-0.706500	-1.040200	0.408000
72	5.010000	4.312300	0.000000	3.167700	1.431900	6.054500	5.653700	4.706500	4.710400	4.067700	0.666500	4.329300	4.977700	2.975600	6.134700	3.405500	10.585900	9.344800	4.069800	2.591900
73	0.936400	0.789000	-0.045900	1.406500	1.043200	2.888300	0.386100	0.744100	0.000000	0.450900	-0.005300	0.308300	1.093900	0.296100	1.308600	0.074700	0.561700	-0.536300	-0.169200	0.332100
74	0.575900	-0.287000	-0.393500	0.543200	0.305900	0.873700	-1.405000	0.846700	-0.331900	-0.021500	-0.198900	0.000000	0.523600	-0.217400	0.919400	-0.314300	0.609200	0.416400	0.216000	-0.657800
75	0.045700	-0.336700	-0.240400	0.042700	-0.018100	-1.615200	-0.352000	0.060800	0.000200	0.218400	-0.433900	-0.353800	-0.625000	-0.655100	0.000000	0.059400	-0.063600	-0.184100	-0.232400	0.316700
76	0.917000	0.580700	-0.357700	0.633200	-0.003500	-0.128700	0.106600	1.185300	0.399800	0.519700	-0.948600	0.004500	0.328600	0.495900	0.000000	0.650500	0.511900	0.463900	0.334400	0.824500
77	0.503000	0.025000	-2.112500	-0.446200	-1.313400	-0.345100	3.795800	-0.891600	0.111700	0.000000	0.739000	-0.708900	1.754500	0.338400	1.612700	-1.225000	3.796700	2.090800	2.519100	28.714290
78	0.983700	0.401600	0.389200	0.808300	0.585600	2.428900	-0.350600	0.340300	0.290400	0.895200	0.232400	0.072800	0.231200	0.000000	0.359300	0.259400	0.559200	0.559900	0.468000	0.626700
79	0.261600	0.148900	-0.798100	0.061700	-0.210700	-0.130300	-0.806600	0.678500	0.148600	0.070900	-0.472700	-0.966900	0.073900	0.026400	-0.013500	0.000000	-0.061200	-0.189100	-0.274700	0.186900
80	0.000000	5.494100	11.615500	11.728500	13.266500	7.253000	11.757800	12.203100	8.642600	8.101100	8.908300	11.505000	11.860700	11.264100	12.277100	11.831100	19.203000	18.169700	18.082900	26.857890
81	4.819900	4.539500	2.088800	4.226500	6.007300	4.652300	4.872900	3.928200	4.323100	3.937800	1.517000	3.931100	6.211700	4.853700	6.507700	4.863400	1.868500	1.792800	0.000000	3.361700
82	6.857600	5.129200	0.000000	2.060800	2.748900	9.212300	6.677200	3.723800	5.958500	3.921200	0.714300	4.866200	5.756000	3.736200	6.186400	4.574200	10.637000	5.866700	1.429400	3.298500
83	6.304100	4.841100	0.000000	1.761100	1.354700	6.550100	7.896800	3.941100	6.086900	3.510500	0.093800	5.136500	4.826300	3.157500	5.337200	3.591700	6.029300	4.299000	3.500000	4.367100
84	4.453500	2.561000	0.271700	0.280700	0.903300	7.538600	4.135100	1.573700	2.921600	2.433800	-0.291200	2.548700	-0.706700	2.003700	0.000000	2.186900	7.365300	5.592200	3.200300	12.133100
85	0.000000	4.852400	5.701100	8.008900	8.077100	12.224800	6.895300	10.132400	4.336900	4.950600	5.468300	6.644700	4.577600	4.771500	5.102700	3.899700	7.249400	7.140100	6.725900	6.188900
86	7.190700	5.711300	2.927800	3.544400	3.238600	8.857600	4.447200	5.441200	6.562300	4.879400	1.156000	4.382700	6.374800	5.333000	5.890500	5.863200	1.209200	0.969100	0.000000	3.950700
87	4.629900	6.381000	13.563900	8.486700	9.520000	0.000000	20.744000	8.710000	7.505100	8.271500	12.381600	16.219200	13.066500	11.298100	6.966100	7.098700	39.149870	29.134850	22.262600	71.924200
88	4.583100	3.762400	3.027400	3.674300	3.010100	6.608600	0.000000	4.387100	3.854000	3.406700	2.436200	3.416700	4.660500	4.190300	5.313600	3.207400	5.904500	4.319200	3.589100	3.087100
89	3.485100	3.287900	2.584700	2.619100	2.907100	7.188200	2.902500	0.000000	0.971500	3.299300	2.452800	3.612200	1.898100	4.735700	1.627700	1.955300	5.526600	3.118400	2.860200	3.482600
90	1.605200	0.753500	-0.649800	0.000000	-0.406200	-1.382600	0.276600	0.710000	1.296500	0.959700	-0.897200	-0.111100	-0.023400	0.113000	0.491700	1.246600	0.495800	0.925800	0.883000	0.960300
91	0.739800	0.000000	-0.617600	0.273500	-0.286900	-0.265000	0.179500	0.673600	0.590600	0.665100	-0.675800	-0.230000	-0.764400	-0.335500	-0.022000	0.451900	-0.210100	-0.311900	-0.406300	0.621800
92	3.302700	1.702900	0.755000	5.688500	4.493300	2.985900	0.492800	1.400200	2.059700	2.084300	-0.029700	-0.008500	1.952300	0.000000	4.943100	2.841400	4.614800	17.238200	10.390200	6.404000
93	1.989900	0.000000	8.873000	2.866600	6.656500	7.543600	20.714400	1.586500	0.734300	1.691500	7.956000	12.738100	7.214000	8.710300	6.299100	7.838100	42.251040	27.376340	26.573690	23.032810
94	1.702500	0.868800	-0.187200	0.735600	0.039800	4.773600	0.599200	0.324800	0.783200	1.217300	-0.205600	0.206000	0.000000	0.554400	0.880300	0.458000	0.410100	0.369900	0.251900	0.927100
95	1.280600	0.000000	-0.255000	0.815000	2.678100	4.349600	0.886000	1.492500	0.470300	0.998000	0.624400	0.345300	1.376300	1.163000	1.738900	0.588200	0.943600	1.875000	1.669200	4.636200
96	5.832300	4.196700	0.000000	2.959800	3.073200	8.535900	5.102100	4.049000	4.690100	4.114600	-0.207800	6.138800	3.800600	3.158600	5.826100	4.683100	17.783300	17.442400	12.395500	2.921900
97	1.026800	0.545800	-0.949000	0.578200	-0.542300	4.020900	0.423700	0.196400	0.866600	0.901500	-1.705800	0.187500	0.000000	0.266400	1.063900	0.817900	-0.274800	0.179700	-1.416600	0.318000
98	0.674800	0.109100	0.007600	0.487400	0.008900	1.177100	-0.222900	0.000000	-0.033800	0.577100	-0.282000	-0.020400	0.282500	-0.195800	0.578100	0.268600	-0.259500	0.016300	-0.110100	0.092400
99	4.663500	3.117800	0.499000	2.541300	1.449700	8.370100	3.619800	3.113400	3.834100	3.263500	0.000000	2.307200	4.628000	3.426700	5.020500	3.639500	4.077400	4.012300	3.522800	4.323000
100	5.559700	4.309100	0.000000	3.431600	2.570000	6.838700	3.800100	3.387200	4.633900	4.058200	0.111500	4.705600	5.250300	4.208900	6.210200	3.831300	9.849000	2.656600	1.346200	3.516000
101	0.638700	0.000000	-0.516400	0.610100	0.021600	4.377500	-0.102300	0.735800	-0.046100	0.662600	-0.242700	-0.154400	0.306900	-0.499600	0.963700	-0.099500	0.199100	-1.289300	-0.328600	0.097700
102	-0.990800	-1.209400	-1.065200	-0.195400	-0.103500	0.725800	-1.703700	-0.908000	-1.426600	-0.806400	-1.238500	-0.903400	-0.467700	-0.982500	0.000000	-1.027000	-0.905500	-0.983400	-1.046100	-1.227200
103	1.838100	1.859800	0.299400	1.105100	0.000000	3.070200	0.282800	1.952700	1.597200	1.067400	-1.027300	0.794600	2.010500	0.601600	2.032400	1.108300	0.763900	0.593300	-0.161800	0.751100
104	0.000000	2.241400	2.651100	4.826400	4.863800	5.454200	1.293200	4.660700	2.221100	2.192900	2.518500	1.693600	2.631600	2.252900	2.203800	1.955900	3.927200	2.407300	2.351300	2.294300
105	2.224100	1.082600	0.240100	0.846600	1.400700	6.471400	0.000000	0.851400	1.283800	1.194000	-0.014600	-0.436300	1.126400	1.026900	1.292300	0.948300	1.474100	0.258100	0.493800	1.132700
106	0.954700	0.840900	0.624200	0.607700	0.659200	1.615300	-0.669800	0.212900	0.290700	0.562300	0.154900	0.000000	0.811000	0.188300	1.301700	0.695300	0.112200	0.579700	0.507800	0.572500
107	4.618800	3.276100	0.000000	1.607200	0.640400	1.155300	4.944500	2.125800	3.314500	2.920800	-0.244700	3.457500	3.405200	3.039500	4.990200	2.994200	10.109800	8.789600	3.663600	3.972300
108	1.610300	0.513400	-0.125800	-0.218700	-0.326400	5.383200	0.845900	0.053600	0.568800	0.154200	0.603700	0.300100	-0.003200	0.281700	0.000000	0.136500	0.430500	0.059600	0.008700	0.020500
109	4.282800	2.795000	-0.114400	1.233600	0.500600	4.776500	1.325400	3.016900	3.716700	2.543800	0.038000	1.328200	3.847700	2.099600	4.884300	3.528300	1.754300	0.000000	-0.701300	1.628800
110	6.190400	3.861700	3.689400	0.000000	0.190900	5.605000	8.893500	3.008400	5.177000	1.847400	2.107800	10.494000	4.969900	6.373500	4.510400	2.495300	20.506400	11.907100	12.162300	28.850090
111	6.354500	4.710400	1.136600	1.506900	0.000000	5.580200	5.528000	4.159300	5.873500	4.154500	0.335300	4.427800	5.353800	3.624600	6.070300	3.753000	5.438800	2.294200	-0.296200	3.726800
112	3.133400	1.513100	-1.770900	0.395100	0.913100	5.254500	0.859600	1.680100	2.953700	0.964900	-1.223700	0.034500	1.773100	1.400200	2.455500	0.792100	2.922500	-2.304900	-1.687600	0.000000
113	5.552600	4.458800	0.323300	1.535700	0.000000	5.851900	5.758500	3.984900	5.205400	3.443900	0.672800	2.257700	4.599500	3.343200	5.026200	3.572100	5.984400	6.391100	3.224700	17.545500
114	0.697100	0.122800	-1.064500	0.677000	0.311300	3.495300	0.051100	0.605300	0.496100	-0.382100	-0.430100	-0.121000	-0.003000	0.139900	0.000000	0.177700	-0.412000	-0.146200	-0.214300	0.531700
115	3.814300	2.179900	1.245200	0.000000	0.092800	4.274500	4.173200	1.820000	3.475800	1.710800	0.650200	1.544800	4.537200	3.141700	4.978700	4.330000	7.832500	9.971800	7.243200	20.120000
116	0.416500	0.314300	1.464000	1.887000	2.132700	-0.570900	0.000000	-0.363400	-0.661700	1.582400	1.691500	1.057100	-0.226900	1.144300	-2.442500	-0.502900	1.931200	1.113000	0.941100	0.582700
117	1.946800	0.826000	-0.774700	0.225900	-0.726200	-0.811100	0.664500	0.943400	1.589200	1.038500	-0.890900	0.030900	-0.429800	0.000000	0.046500	1.404100	0.160900	0.004600	-0.450200	0.932400
118	1.807300	1.244800	0.497000	1.126700	0.722700	-0.189700	1.384500	1.309800	1.582000	1.549200	0.588900	1.134300	-0.447500	0.810300	0.000000	1.601900	1.369000	1.510500	1.454400	1.732000
119	1.935900	0.672400	-0.920900	0.000000	-0.144100	0.414200	1.087100	1.235600	0.979200	1.226000	-0.748800	0.384200	0.821600	0.522900	1.914100	-0.342500	0.595200	0.062700	-0.123800	-0.032300
120	4.971000	3.188600	0.000000	2.215000	1.495700	6.182100	6.105000	2.559900	3.867300	3.223300	0.861200	4.660000	4.469700	4.222600	4.862900	4.313800	12.428900	12.875300	9.095000	5.333200
121	2.727100	1.804200	0.519100	1.351600	0.815900	5.864400	1.638800	2.334800	2.098400	2.166600	0.000000	0.986400	1.221200	1.496900	2.396600	2.374700	0.724700	-0.419000	-0.045700	2.003700
122	1.729500	0.493400	-0.945200	0.236500	-0.498300	1.685300	0.010200	0.456600	0.715600	0.831700	-0.993000	-0.296800	0.000000	0.213300	0.832500	1.012000	-0.021600	0.104100	0.042600	0.829400
123	2.567900	1.103000	-0.641100	0.656200	-0.254300	4.251200	0.000000	1.607900	1.801600	1.384900	-0.827200	0.377900	1.123400	0.378300	2.079400	0.961800	-1.064200	-0.604300	-1.106100	0.825100
124	3.461500	2.105300	0.000000	1.681700	0.465700	5.449200	4.453600	2.108700	3.003200	2.698200	0.247700	5.024400	1.266600	2.896000	3.243500	1.474300	12.994700	6.407000	6.631700	6.717100
125	0.750100	-0.053700	-1.182600	-1.215600	-1.532800	2.932500	-0.168900	0.000000	0.783800	0.235500	-1.294000	-0.692200	0.343800	-0.177800	1.466200	0.466300	0.357800	0.006300	0.229300	1.303700
126	0.000000	1.768300	0.792500	1.915600	2.189800	5.023000	0.108700	1.949000	2.103500	1.728600	0.939900	1.284900	2.589600	1.743800	3.259500	2.219700	1.592700	1.130300	1.017200	0.924800
127	2.328600	1.203900	0.309500	1.619900	1.746800	7.527000	0.000000	0.984200	1.124400	1.404200	0.300200	1.176200	2.037000	0.740900	3.339700	1.210600	0.805700	2.709700	0.610300	2.652300
128	3.607100	2.224300	-0.190800	-0.292200	0.300600	4.531600	0.000000	2.089700	3.152400	2.077700	0.066100	0.511500	2.957000	1.963200	4.034300	2.557700	1.368200	-0.240500	-0.636300	2.605300
129	3.333800	2.365800	-0.168600	0.794000	0.000000	3.761900	2.154300	1.751200	3.063400	2.220700	0.707500	0.132200	1.467100	1.819400	2.255100	2.781200	2.312000	-0.200800	1.396200	3.760400
130	0.863300	-0.653300	4.923100	2.785500	7.323200	4.628900	16.106800	0.007500	0.960100	0.000000	3.405800	10.300400	10.422400	5.475200	2.378300	3.227700	29.086720	18.232200	14.010300	32.672787
131	1.689800	0.593100	-0.044000	1.062700	0.346900	5.311900	0.000000	1.336100	1.216500	1.231800	-0.131600	0.121400	0.391400	0.769600	0.943500	1.187400	1.006400	0.719900	0.412300	0.944700
132	0.270500	0.031900	-0.840800	-0.431400	-0.752900	0.207800	-0.564700	0.420900	0.206900	0.214800	-0.823100	-0.795300	-0.416600	-0.641300	-0.300200	0.000000	-0.360200	-0.339600	-0.436300	-0.290100
133	1.300900	0.727100	-0.393800	-0.830300	-0.696200	3.522000	-0.311300	0.144300	0.575600	0.000000	-0.122100	-0.205000	0.096000	-0.229400	0.700900	-0.454300	0.299300	0.098900	-0.022900	0.079700
134	0.000000	2.962600	2.391600	4.315700	4.038200	6.189500	2.401300	3.775700	2.880400	3.400200	2.037700	2.720100	2.573200	2.269900	2.894000	2.442600	3.412200	2.663400	2.533800	2.702100
135	1.551500	0.000000	-0.335200	-0.189500	-0.533900	1.047800	0.584300	1.482100	1.261500	1.227500	-0.319800	0.413400	0.617100	1.230700	0.634400	0.826000	0.277300	-0.308600	1.587000	0.748700
136	1.081400	0.597000	-1.159900	-0.597200	-1.290500	0.281400	-0.720600	0.000000	0.851800	0.464300	-1.040700	-0.675800	-0.345600	-0.406700	0.597600	0.565600	-0.027900	-0.512400	-0.600800	0.201800
137	4.417100	3.108100	1.320800	1.627000	2.148000	6.060200	2.294400	1.107100	1.792700	2.754300	1.213400	1.951800	4.037300	2.824800	4.686500	2.279000	1.534800	0.000000	-0.471900	2.015400
138	4.186500	2.996500	0.730300	1.158100	0.803900	3.295000	2.672100	1.902300	3.061300	2.207300	0.997000	1.970900	2.168600	1.821800	2.747300	1.878400	1.314600	1.116700	0.627500	0.000000
139	1.865500	1.052200	0.000000	1.343900	0.411200	2.192300	0.850400	1.285800	1.552600	1.656300	-1.016000	0.607100	0.843200	0.553900	1.291900	1.417400	-0.883800	0.699600	0.416400	1.637100
140	1.670600	1.193600	0.093700	0.470600	0.000000	1.711200	0.742100	1.368500	1.996300	1.860400	0.039800	0.103900	0.881600	0.433200	1.567500	1.303600	0.787400	0.568300	0.323800	1.232800
141	2.642500	2.190400	1.042700	3.072100	1.997000	2.012200	1.962800	3.169100	2.101800	1.961000	0.256100	1.659900	1.774000	1.967200	2.074800	2.253300	0.190200	0.793100	0.000000	2.159100
142	0.208500	0.973900	-0.120400	1.040300	0.578500	3.459700	-0.502800	1.050300	-0.538500	-0.036600	-0.786200	-0.028700	-0.174600	0.002600	-0.077300	0.137300	-1.015800	-0.373400	-0.760200	0.000000
143	2.669100	2.318600	2.183300	3.805600	4.205800	0.000000	1.616000	3.984900	2.472900	2.639100	1.689000	1.788900	2.424000	2.296200	2.878700	2.432800	2.788600	2.499400	2.478800	2.367200
144	3.764100	2.677700	4.986000	4.819100	7.185100	0.000000	11.202800	3.463100	3.524100	3.483400	2.567500	10.943000	9.088100	8.113700	7.146400	5.976500	26.969620	9.745900	8.006900	35.911710
145	0.491500	0.000000	0.153700	0.510500	0.393100	-0.949500	-0.215600	-0.192100	-0.345300	0.400000	-0.047600	-0.101300	0.340500	-0.124100	0.586900	0.020300	-0.246600	0.093600	-0.925800	0.560300
146	1.713900	0.869800	-0.070600	0.235500	-0.106800	1.676900	-0.199300	0.485200	1.046700	0.749600	-0.204800	0.000000	0.405800	0.262600	0.870400	0.564700	-0.035100	-0.143000	-0.289600	0.232700
147	1.442500	1.194800	0.772000	1.100300	1.125300	0.000000	0.850800	1.096100	1.252900	1.284600	0.204600	0.795500	0.414800	0.701500	1.068100	1.245000	-0.147000	0.549100	0.537500	1.038400
148	0.000000	2.679900	1.726500	3.520400	3.209900	4.706700	1.076800	2.749600	1.997400	2.167300	1.491600	1.507300	2.051500	1.422700	1.781300	1.524500	1.691700	1.583500	1.557300	1.974500
149	1.835100	0.924600	-0.057100	0.000000	-0.314900	4.373400	0.333800	0.213900	1.049900	0.734000	0.084200	-0.104500	1.081400	0.363900	1.762200	0.845100	0.792000	0.573700	0.612300	0.757500
150	0.124000	-1.239600	3.479200	1.381200	4.925400	4.861400	15.110400	0.587500	-1.035300	0.000000	1.259100	9.975000	1.282500	2.565000	-1.114900	0.824700	22.784180	11.851300	8.609500	18.373500
151	0.690500	0.140700	-0.015400	0.420700	-0.198900	0.318900	0.207400	-0.044300	0.212500	0.800300	-0.639500	-0.024800	0.172900	0.185800	0.000000	0.712400	0.309100	0.490700	0.393000	0.805800
152	1.071600	0.381000	-0.005600	0.600500	-0.043800	1.004000	0.086800	0.881200	0.869000	0.803600	-0.179600	0.000000	0.345600	0.103800	0.798300	0.798300	0.261900	0.051800	-0.005100	0.708100
153	1.264700	0.810200	-0.143400	-0.291800	0.662400	3.233200	-0.156400	0.730500	0.890700	0.000000	0.101300	-0.425900	0.410500	-0.043500	0.977300	0.364000	0.567900	0.072000	0.009300	0.047300
154	0.000000	2.758200	2.418000	4.641200	4.440700	5.600800	2.257000	3.494900	2.609600	3.743700	2.078300	2.641800	2.572600	2.322500	2.671600	2.209100	3.666700	2.194200	2.112300	2.344900
155	0.000000	2.121900	6.608600	7.685500	9.079800	6.610500	7.208400	6.879700	3.916400	3.894400	5.288400	9.452300	6.554400	5.708700	5.479300	6.092800	13.851900	14.620100	15.204700	17.533400
156	1.287700	0.679200	-0.298300	0.481000	0.233500	-0.893900	-0.214900	0.564800	0.779900	0.717800	-0.582700	-0.455800	0.000000	-0.066500	0.451400	0.815900	-0.337400	-0.294200	-0.360500	0.493100
157	4.646200	3.590300	0.000000	2.877400	1.594600	3.923900	5.583300	3.417100	5.062100	3.003500	0.271100	4.105100	4.411900	1.968400	5.308100	4.532700	9.413700	10.050500	9.484000	4.210100
158	1.762500	1.406500	1.527100	1.640600	0.995300	3.844000	0.674400	1.578600	0.520200	1.139900	0.392500	0.904100	1.402700	0.923200	0.732700	1.273400	1.482800	0.000000	-0.230200	1.939100
159	0.705500	0.107700	-0.846700	-0.182000	-0.954100	-0.581400	0.329100	-0.190400	0.391300	0.013900	-0.826800	-0.152000	-0.660000	0.000000	0.166800	0.083500	-0.021800	0.163800	0.169100	0.562300
160	0.873100	-0.175200	-1.169900	0.366200	0.817900	-2.032200	0.000000	2.424400	-0.654500	0.342500	-1.044800	0.015100	-0.250000	0.265600	1.285000	-0.865000	0.788400	-0.314800	-0.195300	-0.048300
161	0.636300	0.000000	0.225700	0.219500	-0.345400	-1.696300	-0.266600	-0.508900	-0.380300	0.357000	-1.275800	0.000800	-0.421800	-0.311100	0.307900	-0.045600	-0.326700	-0.993400	-2.754000	0.238100
162	0.992600	0.439000	-0.504700	0.671700	1.177200	-0.198200	1.355800	1.159100	0.646200	0.921600	-0.618200	1.417100	0.264000	-0.358800	0.000000	0.205800	0.432300	1.609400	0.492900	5.424500
163	1.727100	0.872100	0.086200	3.385000	4.317700	5.626700	3.858100	2.013600	1.255100	0.693000	-0.630400	2.812400	0.591300	1.183300	0.000000	0.353600	3.739500	0.463000	-0.122000	1.573500
164	0.957100	1.213700	1.538000	1.941200	2.033200	2.501600	1.418800	1.474200	0.728500	2.077600	1.913400	1.565200	-0.857000	1.949100	-3.872300	0.000000	2.432600	1.559100	1.531900	1.605800
165	1.972100	1.080100	0.344700	1.082700	0.750600	-0.810200	0.607300	1.406200	1.693200	1.546400	0.442600	0.318800	0.000000	0.825400	-0.064000	1.369300	0.162900	0.201800	0.004400	1.269900
166	0.502600	0.000000	0.123400	0.466200	0.223100	-1.369600	0.409900	0.432000	0.381900	0.665700	0.011400	0.285100	-0.822200	-0.235900	-0.265700	0.459800	0.086600	0.376200	0.397100	0.609700
167	1.414000	0.092300	0.261800	-0.570200	-0.891600	-0.267700	-0.045400	0.000000	1.017700	0.453500	-0.426900	-0.371700	0.586300	0.066300	0.674600	0.447600	0.504700	0.428400	0.119100	0.702400
168	3.805600	2.088200	1.912900	0.000000	0.926900	5.466900	10.167400	1.760700	3.128600	2.393500	2.496600	7.408400	4.664800	6.800200	5.274800	4.455300	19.029000	16.231500	14.339200	17.996300
169	0.872300	0.000000	-0.282300	0.693100	0.046900	3.506100	0.136900	0.240300	0.095400	0.552200	-0.689100	-0.225600	0.040000	0.177300	0.725400	0.668000	-0.451400	-0.441200	-0.477800	0.578500
170	1.992300	1.109700	0.794400	1.379100	0.666700	3.040300	-0.057200	1.486300	2.032400	1.851400	0.996300	0.857100	1.585700	1.059700	2.116200	0.000000	1.028900	0.921500	0.838200	1.786300
171	3.443400	1.669400	0.547800	1.951400	1.281200	5.572700	0.000000	2.686800	2.513600	2.550500	0.070400	0.619300	2.173900	1.094000	3.910200	2.655900	1.220300	1.511900	1.182900	3.244500
172	5.313800	3.816500	0.000000	2.230900	0.790700	7.084500	4.464700	3.219100	4.223500	3.678000	0.039500	3.224700	4.649700	3.041600	5.282200	3.406700	12.370500	9.314300	4.040500	2.251200
173	1.062400	0.157900	-0.466800	0.598300	-0.042800	3.231600	-0.423400	0.539700	0.458300	1.092500	-0.259900	-0.085100	0.000000	0.035700	0.457000	0.074300	-0.004700	-0.312200	-0.031600	0.172700
174	2.630800	1.396000	0.738900	0.000000	-0.283900	3.936500	1.544900	1.669700	2.486900	1.631900	0.774800	1.182100	2.282200	1.507100	3.007800	1.765100	1.919300	1.234500	0.818400	1.808000
175	2.937700	1.180800	-1.991400	0.652600	-0.115700	5.580000	3.029400	1.125900	2.272500	1.617500	-0.250100	2.732500	1.482100	0.855900	1.726000	0.000000	0.186200	1.455800	0.257300	-0.375200
176	3.109800	1.764500	0.324200	1.732600	0.695300	6.325300	1.668300	1.461500	1.992200	1.921700	0.000000	1.221700	1.757600	1.589700	2.184900	1.240900	1.289000	1.361200	1.295000	2.304600
177	1.021000	0.225600	0.089400	0.683900	0.172200	2.926000	-0.299700	0.333700	0.157000	0.947200	-0.226900	0.000000	0.387900	0.041300	0.662900	0.190400	0.088700	0.101500	-0.073600	0.268500
178	1.747000	0.311900	-1.255900	0.429400	0.644000	3.671900	-0.238100	0.829700	0.722700	0.351100	-1.306500	-0.963400	-0.168500	0.000000	0.764000	-0.225400	-0.040100	-0.683100	-0.851800	-0.681800
179	3.892900	3.196700	0.045500	1.891100	1.920900	7.723500	4.475100	3.530300	3.819300	2.923100	0.000000	2.676500	3.207600	2.936300	4.195400	4.002800	4.680800	5.099200	3.654600	4.780500
180	2.139500	1.045200	-1.152900	1.498800	0.396600	7.221100	0.367000	2.243400	1.653500	1.039700	-1.096300	0.000000	0.864600	0.644000	1.645500	1.151000	-0.247300	-0.123200	-0.897600	0.821600
181	3.013300	2.333100	2.491000	2.786700	2.861800	0.000000	1.973900	3.203600	2.705400	2.931100	2.227900	1.981400	2.353700	2.161600	2.825500	2.618900	2.035300	2.498400	2.461300	2.915300
182	4.992800	3.255100	0.000000	3.153600	2.225400	9.615500	10.029300	5.448400	3.822900	3.326200	1.458400	6.595200	4.651900	2.942500	4.763700	3.244400	25.725510	15.620800	10.384700	11.759000
183	2.404900	1.246800	0.091600	0.000000	-0.277500	3.460400	0.658300	0.179200	1.758100	1.358900	0.368300	0.585600	1.482000	1.046300	2.882700	1.621100	2.353100	1.631200	1.173300	1.687500
184	0.341200	-0.282200	-0.591000	0.100300	-0.480800	-0.911000	-0.466700	-0.445800	-0.407700	0.111200	-1.064900	-0.515300	-0.605500	-0.652800	0.000000	0.098000	-0.997500	-0.648200	-1.015100	0.058500
185	4.486100	3.176400	1.236900	2.628800	2.219500	4.054000	3.098200	3.449300	4.128300	3.616300	1.145600	2.721600	3.104400	2.671400	3.899300	2.720200	0.700400	0.177600	0.000000	2.365700
186	5.966900	3.921000	1.316200	3.784900	3.279400	8.930600	3.874600	3.809100	5.175100	3.506300	0.565200	3.604300	4.758600	3.932900	5.273500	3.054000	-0.142400	0.000000	-0.544600	1.901000
187	1.165200	0.001600	-0.690700	0.893000	0.305100	5.726200	-0.047400	0.449200	0.171800	0.702100	-0.757600	-0.335700	0.000000	-0.423200	0.693300	0.489400	-0.269000	0.081800	-0.060000	0.546300
188	0.609500	0.364700	0.433100	1.566300	1.286500	3.162800	-0.154700	0.749700	0.456400	1.182400	0.418100	0.218800	0.757100	0.000000	1.440200	0.307800	0.630900	0.586000	0.504000	-0.073000
189	3.054100	2.314400	0.178000	3.103600	2.565900	3.603900	1.863000	1.042000	1.211600	1.370300	0.266900	0.000000	3.298600	2.239800	3.557900	1.764500	1.401100	1.101000	0.845200	1.183700
190	0.000000	3.247200	3.165000	4.776500	4.769100	8.393400	2.435900	4.173400	3.159400	3.470200	3.156100	3.099100	3.284200	2.854200	3.477700	2.866100	3.829800	3.045400	3.062900	3.021500
191	3.211100	2.171600	0.191600	1.218600	0.715300	3.626500	1.578600	2.198400	2.746900	2.397600	0.250700	0.951300	2.982500	1.621000	3.726300	2.291500	1.108700	0.000000	0.394400	2.057500
192	4.391200	3.197400	0.000000	2.870300	1.806300	5.522100	3.854700	4.739900	4.671800	3.142100	1.146900	2.830100	5.513800	3.446400	5.666900	3.256900	8.922800	11.132500	3.909200	2.581800
193	3.030000	1.536600	0.355300	-0.490300	-0.602100	5.702900	0.000000	0.639200	2.038600	0.861300	0.078800	-0.193800	1.458200	0.867800	1.972500	1.372900	0.497400	-0.185100	-0.336700	1.072000
194	1.079600	0.766400	-0.016100	0.406300	-0.129700	-0.310900	0.095400	0.613500	0.818300	0.192100	-0.396100	-0.062300	0.224600	-0.124600	0.232700	0.000000	0.698900	0.843500	0.838700	1.238200
195	5.231600	3.535200	1.041700	0.644200	0.000000	7.212200	1.619500	2.645300	4.324600	2.833100	0.601300	1.831100	4.742600	2.785500	5.627100	3.599700	6.920000	6.385100	3.280500	6.436400
196	0.690600	0.327300	-0.511800	-0.025300	-0.371100	-0.784400	-0.792000	0.016700	0.577500	0.109000	-0.060500	-0.460900	0.138400	0.191800	-0.052300	0.000000	0.171000	-0.336300	-0.547100	0.201500
197	0.000000	1.360300	6.689800	9.513900	11.116700	10.706800	9.794500	8.413600	3.897100	3.898500	4.075000	7.931600	7.745100	6.111900	7.631000	6.452300	25.002630	23.460150	19.660100	63.157000
198	2.250200	1.954000	-0.141900	2.466500	1.716200	0.953100	1.450500	2.473500	1.977200	1.541400	0.074800	1.415800	0.000000	0.970400	1.178500	1.856400	1.369900	0.737400	0.758800	1.465600
199	2.564800	1.785500	1.373100	1.280300	0.973000	5.064500	1.198500	2.152400	2.465200	2.019400	1.610200	1.449200	1.529700	0.000000	1.593200	1.438700	1.689100	1.887400	1.348000	2.188500
200	3.732600	3.866900	3.615100	4.146700	3.722300	2.313700	3.782500	3.749900	3.782700	3.924400	3.513900	3.816900	0.334300	3.623200	0.000000	2.932600	4.003200	2.949400	2.728300	3.855000
201	0.811500	0.462400	0.134900	0.406000	-0.151100	-1.050700	0.579300	0.591800	0.940400	0.873300	0.000000	0.175300	-0.439600	0.260000	0.440700	1.000800	-0.274400	0.144700	0.071500	0.857000
202	1.041800	0.494800	0.207100	0.940100	0.590500	0.386100	0.593300	0.960000	0.537000	1.052900	-0.113000	0.374500	0.000000	-0.101300	0.226200	0.021900	0.110000	0.618000	0.562000	0.828500
203	2.549500	1.420400	1.091800	1.565700	1.043400	0.882400	0.576800	1.753200	1.696600	2.234600	1.102000	0.000000	0.959100	0.991700	1.831800	1.985000	1.703100	1.474000	1.414400	1.866700
204	3.350200	1.839500	0.309700	0.000000	-0.297200	3.157200	3.258800	2.303500	3.153700	2.042000	-0.625700	1.417300	2.320400	2.329400	4.360500	2.605400	12.246300	15.174700	9.927600	7.133400
205	3.847000	2.591800	0.991100	3.103400	2.636000	8.219900	2.840500	2.567900	3.013400	2.843100	0.256800	2.667600	3.848900	3.142100	4.696100	2.551900	1.680700	0.982600	0.000000	2.736600
206	1.073700	0.000000	-0.464200	0.131300	-0.560400	3.207200	-0.051200	0.408500	0.123700	0.444400	-0.843100	-0.381400	0.127700	-0.131400	0.543000	-0.460100	-0.003500	0.024500	-0.205300	0.092400
207	2.863000	1.541200	0.906600	2.274400	2.002100	4.037200	1.677500	2.008000	1.860600	2.299400	0.733000	1.285000	1.265700	1.240800	0.000000	1.793400	2.335900	1.166100	1.116100	2.350600
208	5.586300	3.673800	-0.164300	1.402500	0.000000	6.651300	5.793100	3.726600	5.502800	4.017600	-0.057500	4.287300	5.169300	3.276500	5.775600	3.656200	5.738200	8.808200	5.453600	4.319100
209	2.259500	0.976800	-0.558300	0.566300	-0.322000	4.985100	0.000000	0.863300	1.259300	0.295800	-1.457300	0.043000	0.288400	0.243000	0.630100	0.714500	0.856000	-0.549600	-0.743900	1.364400
210	0.561400	-0.148600	-0.281300	0.541000	0.103600	3.845900	-0.633000	0.547800	-0.126800	0.520600	-0.490900	-0.382800	0.000000	-0.372300	0.349900	-0.096400	-0.316300	-0.152400	-0.186400	0.286900
211	3.834500	2.331800	0.000000	1.968200	1.611900	5.977300	2.383200	2.614000	3.781600	3.031200	-0.344600	2.379000	2.892600	2.235300	3.975200	1.711400	3.076000	2.202600	1.905400	2.352900
212	5.527000	3.932700	0.000000	1.906800	0.704800	7.042900	5.588800	2.959000	4.548800	3.797000	-0.069300	5.622700	2.939600	3.166500	5.068900	3.806400	4.407700	7.317900	4.502900	5.780800
213	0.000000	-0.790900	-0.421800	1.232100	0.158800	6.532700	-0.407500	0.341600	-1.000900	0.056800	-0.885100	-0.184800	0.203800	0.090300	0.703800	-0.204900	0.293200	-0.248100	-0.701700	0.357900
214	0.000000	-0.294800	-0.452700	1.219200	0.547300	-0.795100	-0.895300	-1.334300	-1.796100	-0.247000	-0.543100	-0.792500	-0.022300	-0.674500	0.362600	-0.819800	-0.420100	-0.603600	-0.661100	-0.783900
215	2.699200	1.954200	0.000000	2.513100	2.366200	8.581800	1.222100	2.145600	2.010900	1.644600	0.356000	0.966500	2.712400	1.899800	3.293800	2.485500	1.620900	0.795100	1.494600	2.335000
216	-0.597300	0.000000	-0.526500	0.334300	-0.028100	-1.227800	-0.536600	0.390900	-0.019800	-0.026700	-1.122900	-0.488100	0.350400	-0.038500	0.892800	0.012600	-2.169700	-0.728400	-1.267700	-0.100700
217	0.406000	0.571000	0.734300	1.028800	0.924000	3.709200	0.000000	0.232400	0.034000	0.364300	0.592200	0.203400	1.015600	0.486600	1.194500	0.304100	0.571900	0.499000	0.442000	0.332300