SITE	GLY	ALA	LEU	VAL	ILE	PRO	ARG	THR	SER	CYS	MET	LYS	GLU	GLN	ASP	ASN	TRP	TYR	PHE	HIS
1	0.061900	0.000000	0.111500	0.100800	0.148300	0.062700	-0.239700	0.034800	0.027700	-0.017600	0.012500	-0.095100	-0.041100	-0.002400	0.114400	-0.023000	-0.128000	0.246700	0.166200	0.037200
2	4.323400	4.035100	3.844900	4.064600	4.505800	5.065100	3.965400	4.318200	4.300500	3.860900	3.745700	4.103200	2.918000	3.369200	0.000000	2.266100	3.999000	3.725000	3.565600	3.506900
3	-0.162600	0.203200	0.059700	0.600000	0.623700	-0.563700	-0.357100	0.508900	0.073800	0.395800	0.412700	0.133300	0.307500	0.340200	0.023100	0.000000	0.394000	-0.271000	-0.141000	0.551600
4	2.950700	1.959800	1.396800	3.455000	7.165400	2.941900	0.000000	2.987900	2.330700	2.156500	1.323900	0.427300	3.542400	2.945800	5.380000	2.829100	2.245400	2.056000	1.861300	3.134100
5	5.297500	3.979100	1.309100	3.168700	2.698400	3.390800	0.000000	4.104000	5.217200	3.388400	1.754000	2.170900	5.735800	2.870100	6.238400	3.029100	7.194700	7.711300	8.573500	6.196600
6	3.462200	2.295200	6.921500	4.032300	4.984800	0.000000	4.706900	5.271100	3.748400	3.022200	3.501300	3.133300	3.413300	2.857800	4.556000	4.116800	4.696300	1.816000	4.658100	12.254500
7	5.715900	3.756400	1.278700	0.829000	0.000000	8.314400	11.689500	2.535700	4.509800	3.158700	2.374000	8.729900	5.031000	4.387800	5.776600	4.577400	22.656300	12.492700	9.251900	15.028300
8	5.221400	3.668600	1.706100	3.060000	2.663300	4.285000	2.768700	3.561800	5.067500	3.102300	0.897200	4.060000	5.073500	3.318600	3.973800	2.634800	0.000000	0.953500	0.193000	2.200100
9	2.540600	1.174300	0.476000	0.921400	1.176600	5.565100	14.164700	3.225000	3.007400	1.389200	1.151300	11.308400	6.072700	7.031200	3.638100	0.000000	34.654000	26.024300	17.879800	15.447100
10	4.415100	3.330700	0.000000	1.294600	0.613800	6.949200	11.426100	3.380700	4.662300	2.473700	3.170700	7.416400	5.890200	4.937000	5.414200	3.859600	20.566200	13.647000	7.456400	6.501600
11	1.378100	0.000000	8.442700	6.643900	9.590500	6.060200	18.536200	5.945700	2.666100	2.582600	8.664400	13.091300	10.814900	10.062500	10.004900	7.788100	58.371910	49.332720	36.826100	44.342460
12	1.910000	0.786300	0.490800	3.247100	3.170600	8.369500	0.320700	3.699500	2.509600	1.312900	-0.145400	0.479500	6.399700	2.897700	5.855800	1.662700	2.264000	-0.053200	-0.677900	0.000000
13	2.134500	2.573900	3.230300	4.450900	5.271300	15.328100	8.041700	5.264600	2.758600	2.129400	0.000000	3.510000	2.714700	2.576900	6.631600	3.582400	13.148600	7.025700	5.400900	12.650900
14	3.972200	2.709900	2.133900	0.000000	3.071200	7.817100	14.821500	2.609300	3.365300	1.917100	4.250600	8.271000	8.540600	6.412700	5.313800	3.914100	40.087600	33.807300	31.922200	26.754700
15	2.920500	2.104900	2.149800	1.953200	3.131200	2.471500	9.407400	3.866400	2.830300	1.117600	2.346500	5.699300	5.320000	5.037800	3.396500	0.000000	35.123200	14.539100	13.078000	10.933700
16	0.651900	0.000000	-0.685300	2.354600	4.886100	1.482400	-0.079600	1.016300	0.312500	0.099400	-0.178100	-0.323500	0.385100	0.482200	0.920400	-0.691800	2.859100	-0.165900	1.004300	0.347500
17	1.833200	0.840000	0.690500	0.000000	0.106400	-0.578600	-0.888300	1.039000	1.582000	0.893300	0.418900	0.263000	1.498900	0.385100	2.170600	1.020700	1.218900	1.259200	1.261300	1.220700
18	0.521900	0.000000	0.079300	0.132600	-0.065200	0.130300	-0.105000	0.342400	0.418700	0.328300	-0.009100	-0.109100	0.135900	0.057500	0.355300	0.372800	0.249100	0.205300	0.190000	0.560500
19	0.150500	-0.143300	-1.269600	1.479600	0.401300	0.041600	0.557600	0.387700	-0.087900	-0.180100	-1.141300	-0.202500	-0.557700	0.000000	0.158600	0.058300	0.258900	-0.582500	-0.562600	0.488400
20	5.246500	3.664100	1.054800	1.035400	0.000000	7.007700	7.763100	3.075300	5.250600	3.144400	0.443200	4.967800	5.637900	3.291600	5.518300	4.925100	23.728400	15.779400	12.148800	15.528900
21	2.853200	2.180600	1.745200	2.911800	2.308400	0.000000	1.171200	2.521600	2.630100	2.827000	1.604000	1.759200	2.199800	1.785100	3.809900	2.508300	2.762400	2.296400	1.923900	3.070200
22	0.598300	-0.388200	-1.219000	-0.086400	-0.650300	-1.090100	-0.868100	-0.392600	-0.260200	0.201900	-1.545400	-0.908300	-0.563900	-0.922400	0.000000	0.108200	-1.709400	-1.152600	-1.295700	-0.118500
23	3.998500	2.215700	0.389400	2.043400	1.698400	5.073700	3.154900	1.872500	2.876500	2.153900	0.327200	1.837600	3.549300	2.435200	4.227300	2.019000	1.279000	0.372900	0.000000	1.614800
24	3.986200	3.254000	0.000000	2.039300	0.683800	4.280300	2.587400	4.202900	3.093800	3.034400	0.437800	3.586200	4.431100	3.276600	4.389300	3.288400	20.735800	12.707700	2.687000	4.529600
25	-0.100000	-1.001500	-0.967800	0.141800	-0.457400	3.640000	-1.187800	-0.420900	-0.950100	-0.156000	-1.278400	-1.145000	-0.611700	-1.023100	0.000000	-1.224000	-1.042000	-0.801800	-0.833500	-0.459200
26	2.868200	1.442700	0.000000	3.940400	3.573200	4.965700	1.071200	3.009300	2.107900	2.064600	-0.020700	0.451400	1.146600	1.139200	2.223200	1.757000	0.444200	-0.565200	0.422300	1.082500
27	0.000000	5.137800	11.449600	10.694700	11.186600	10.815000	6.138400	11.634100	7.295600	6.823400	7.911600	7.589600	10.622800	8.419600	10.367300	8.481200	12.629700	11.246700	11.180600	10.287200
28	1.740400	0.000000	10.086600	4.939600	5.606500	6.526800	14.850000	5.570300	1.105000	1.563400	5.283700	9.340200	9.326300	9.686000	8.864100	9.620600	50.217720	22.199400	36.376500	69.620300
29	3.115300	2.117700	3.422200	0.982100	0.684700	2.294000	2.813900	3.235500	2.532600	1.750900	2.217100	3.249400	5.157200	3.511700	2.605200	0.000000	4.796200	4.005700	3.572700	4.431100
30	0.589600	0.000000	11.767000	5.713500	8.708900	10.968200	26.376300	3.958200	0.422900	2.225700	8.349300	16.703300	13.987200	13.164200	11.242000	11.147100	48.355580	28.002900	23.870600	61.378400
31	4.101200	2.881300	0.000000	1.088300	0.559600	7.567200	7.431700	3.301000	3.728800	2.076400	-0.087200	4.104800	4.153000	3.551000	4.988500	3.638000	19.427500	15.705300	10.557600	45.854350
32	-1.402600	-3.100700	-3.755500	-2.772400	-0.206500	3.774200	1.554200	-1.177500	-2.120400	-2.969300	-3.967000	-3.825300	0.000000	-3.658200	-0.335900	-2.549900	8.691100	2.256500	1.091600	-2.302600
33	1.235200	0.000000	3.359900	1.765800	3.547100	2.268600	15.847400	0.273600	-0.339700	0.989900	2.578200	8.984600	7.345600	6.136600	5.362900	3.716800	22.821400	15.786700	13.592300	43.490490
34	-0.437000	-1.559600	-2.000000	-2.411600	-3.212600	-0.352900	-0.416300	-1.842700	-0.590400	-1.821700	-2.716500	-2.165800	-0.438200	-1.091500	0.000000	-2.251900	0.863200	-1.121300	-1.508300	-0.235900
35	4.611800	3.009500	0.494800	0.000000	-0.286900	5.062500	10.798200	2.522200	4.370400	1.108300	3.186400	7.986500	7.380900	6.622500	4.652200	2.424400	23.654200	16.322800	14.488500	17.681700
36	0.839100	0.156100	-0.991700	-0.499300	1.623300	2.431300	0.470500	0.000000	-0.088700	0.089900	-0.823300	0.001800	-0.312900	-0.390300	-0.100500	-0.568700	0.124600	-0.255300	-0.422900	0.423500
37	5.802000	4.581500	1.184900	3.787500	2.868900	5.624800	3.858600	3.060900	4.672200	3.877900	1.180000	2.377500	6.640800	4.667600	6.948200	5.012300	7.664800	4.054800	0.000000	3.873100
38	1.230900	0.911600	0.495500	1.071600	0.594100	5.346700	0.299800	0.702600	0.857600	0.849100	-0.169300	0.000000	0.800800	0.447900	0.358100	0.478600	0.580700	0.119200	0.039500	0.772800
39	0.000000	3.025400	4.151900	5.240500	5.144100	4.485700	4.021500	5.607500	3.068200	4.076700	3.742300	3.052300	3.942900	4.053100	4.052100	3.118300	3.987300	3.984900	3.493100	4.265600
40	-0.265100	-0.906100	-2.353700	0.708800	1.053400	-2.028600	-1.167800	2.223300	0.000000	-0.581100	-1.850000	-1.504900	-1.161300	-1.431000	0.106100	-0.482700	-0.777100	-1.635000	-1.765100	-0.433900
41	0.942900	0.285400	-0.552400	0.000000	-0.429600	2.655300	-0.723500	0.291800	0.745100	0.019900	-0.657000	-1.040600	0.019800	-0.208800	0.395000	-0.266400	-0.154800	-0.469500	-0.663700	-0.101700
42	4.128000	2.458400	9.780200	5.693400	7.094000	0.000000	14.730500	6.750600	4.452400	4.351900	7.730200	10.836900	10.000900	10.947600	8.831600	6.780700	49.596468	37.695800	23.056500	33.756000
43	1.760700	1.439000	0.381300	-0.844600	-0.473500	7.078800	1.190800	0.000000	0.469900	0.551100	0.130600	0.497300	1.162900	1.087300	2.117600	1.141800	2.125900	0.417400	1.695200	1.180200
44	4.268900	2.996000	-0.137500	2.212400	3.174300	4.765400	1.952000	2.880200	3.266000	2.631800	0.361200	1.346100	1.747500	1.750500	2.822600	2.373300	0.462800	0.000000	0.069000	2.061800
45	3.210500	1.677500	1.719300	0.522900	3.212300	3.211000	12.490600	0.000000	2.029500	1.187200	2.152700	7.274100	5.456600	5.962400	4.246300	3.522900	21.585400	11.133200	8.176200	45.701530
46	1.288500	1.293300	-0.229100	2.741700	2.338500	12.181300	1.298800	3.375500	2.051400	1.100400	-0.294000	0.350200	2.045100	1.982600	2.134700	1.177900	-0.883200	0.000000	-0.342400	0.650100
47	2.033400	1.462900	0.905200	2.959700	3.877500	3.127900	0.709900	4.179400	2.254400	1.503100	1.196500	0.615000	3.584900	1.326100	4.283800	0.973500	4.255100	0.511300	0.462300	0.000000
48	0.000000	3.240800	4.754600	5.697700	5.774900	10.929200	3.731900	4.944800	2.850300	3.295700	4.098100	3.415300	2.441400	3.405300	3.531700	3.643800	4.936000	4.857500	3.734900	4.632300
49	0.682400	0.276500	-0.629100	-0.100400	-0.284100	-1.690100	-0.367700	0.000000	0.550300	-0.001100	-0.648200	-0.555900	-0.238900	-0.181500	0.263100	0.313200	0.068000	0.090200	0.072600	0.510500
50	0.604900	1.298900	1.303900	1.853300	2.029100	0.000000	1.429700	1.513000	1.172100	1.368000	1.360800	1.256000	1.253500	1.494300	0.689100	1.276700	1.400000	1.325000	1.320500	1.568700
51	3.120700	2.110200	6.073100	4.373200	6.563400	4.290900	8.118400	3.151600	3.205300	0.000000	7.366500	15.502400	7.571400	7.206700	5.071800	7.732100	20.937600	15.174000	8.926700	17.465900
52	2.401800	1.460700	1.867700	2.196400	2.337700	0.487500	3.015900	3.263200	1.800100	2.135400	2.030700	2.471600	1.160100	2.505900	0.000000	2.030200	6.180500	2.691600	4.247400	5.006900
53	0.112300	-0.117900	0.040900	0.033400	0.196200	-0.834200	0.029900	-0.032800	-0.004800	0.148100	0.060600	0.005100	-0.630200	-0.250400	-0.286800	0.058100	0.056500	0.013500	0.000000	0.099900
54	0.000000	2.178100	2.086500	4.599100	4.230700	6.313600	2.052800	3.038700	2.381000	3.775000	1.881500	2.103100	1.982400	1.634400	2.179100	2.023300	3.231100	1.878000	1.883800	2.032200
55	4.917600	3.818500	2.581000	3.585700	3.474600	8.411900	0.000000	5.109300	4.888900	3.850300	2.213700	2.537500	4.396200	3.423100	6.114800	4.059600	6.981500	4.772000	3.774700	52.449100
56	1.064500	0.823300	0.071000	0.698900	0.301000	0.241000	0.762300	0.734700	0.956200	0.819900	0.456200	0.550000	0.560300	0.631900	0.000000	0.735200	0.596100	0.549900	0.493500	0.974300
57	2.820100	1.783800	4.185200	3.915100	3.799300	0.862300	2.346100	7.866100	3.409200	0.000000	1.285900	1.871100	2.187100	1.782300	4.268900	2.974900	3.231200	2.160600	1.848000	3.938100
58	1.193200	0.962300	-0.202100	0.557900	0.000000	2.989800	-0.370000	0.172100	0.658200	0.606500	0.381400	-0.167200	-0.208800	-0.146200	-0.478000	0.204000	1.213300	1.099600	0.957800	1.492100
59	0.605600	0.029600	-0.311300	-0.005700	0.816200	-0.586000	0.000000	0.908600	0.869400	0.606200	-0.246000	-0.169800	0.491800	0.765300	0.741500	1.113000	0.220600	-0.656100	-0.397100	0.926000
60	2.286000	1.986800	1.295000	4.248000	5.782700	3.728500	0.644500	3.583500	1.933900	2.036100	0.804600	1.329500	2.205000	1.585600	2.528200	1.446700	0.000000	1.109900	1.080000	1.327000
61	2.546200	1.426200	0.742400	2.645200	2.791500	10.650700	0.998600	1.432300	1.006800	0.894800	-0.385300	0.884000	0.000000	0.273000	1.637500	1.177900	5.588200	6.262800	7.059900	42.445550
62	1.640700	1.187300	0.507300	1.138900	1.013500	-0.263800	1.522200	1.573100	1.719100	2.227200	0.877500	1.333300	0.388300	1.255500	-0.757000	0.915900	0.153300	0.000000	-0.011700	0.836100
63	5.937300	4.373600	2.455300	3.485600	2.444100	8.108900	5.120900	4.777200	5.290300	4.659200	1.422800	5.042500	6.330000	4.164000	6.756200	5.203700	6.584000	1.304800	0.000000	3.856000
64	-0.170500	-0.457200	-0.801800	1.650500	1.435000	-2.673300	-0.372800	1.328600	-0.988300	0.158000	-0.705300	-0.440000	-0.804600	-0.623000	-0.863400	0.000000	-1.465000	-2.210300	-1.374300	0.223100
65	1.307500	0.291200	-0.505800	0.000000	-0.274700	0.981500	-0.649800	0.543500	1.288000	0.894800	-0.674200	-0.632500	0.438100	-0.071100	1.378500	0.498600	0.451700	-0.262100	-0.439500	0.485700
66	5.309500	3.729100	1.012400	4.393600	3.826100	12.432800	6.018000	4.158900	4.756600	3.923000	0.902000	1.920500	5.495900	3.571700	6.102100	4.348700	3.853900	-0.121700	0.000000	2.520100
67	5.166600	3.322600	0.000000	4.500500	3.668600	6.397500	11.199400	3.647000	5.268200	3.416400	0.976700	7.304800	5.358800	4.660800	6.151200	2.670600	22.759800	12.230800	8.816200	6.823900
68	2.158200	1.219100	0.559700	1.508800	0.802200	6.054700	0.259400	2.104900	1.862900	1.606600	0.571100	0.000000	1.539100	0.762600	2.494200	0.692600	1.205100	0.345600	1.041400	1.794200
69	2.362900	0.748000	-0.671700	-0.414600	-0.825600	5.101700	0.070900	0.000000	1.277800	1.244800	-0.655600	0.093700	1.297500	0.496400	1.772300	0.361500	-0.354900	-0.485600	-0.689500	-0.466000
70	4.200300	3.245800	0.000000	1.183200	0.254800	5.277300	9.550700	3.543500	4.911500	3.442000	0.605800	7.663800	4.454700	3.069000	4.887700	3.161400	11.071700	14.288100	7.325000	14.645900
71	2.425200	1.048000	0.146600	3.415300	3.108500	12.272300	0.000000	3.060100	2.061700	1.675100	0.388300	-0.325300	3.525800	1.618600	4.948500	2.206400	0.663400	1.518600	2.018200	1.394900
72	2.405500	1.015400	0.437800	2.382900	2.236000	3.996700	1.416500	1.658300	1.960800	1.719900	0.501500	1.473800	0.000000	0.276500	0.851300	1.347800	0.721500	0.843100	0.627700	1.253100
73	3.151700	2.921500	0.341400	1.916900	1.302600	3.825000	2.049900	2.297000	2.784300	2.454400	0.395900	1.938400	4.222300	3.003600	5.189600	2.651100	1.325900	0.000000	-0.643800	1.255800
74	1.345100	0.242800	4.299900	3.471100	4.908000	7.554500	10.402600	0.000000	-0.462500	0.544200	2.671400	5.550600	5.723400	5.379300	4.130300	3.149400	37.102700	28.569400	20.415400	28.187800
75	2.025500	1.555000	0.720800	0.326000	3.056300	7.073800	1.823500	0.000000	1.084500	1.171900	0.167900	0.664400	0.618000	1.063400	1.584800	1.976800	0.510400	0.124500	0.154400	1.852800
76	3.479600	2.560700	2.346600	2.696500	2.629000	0.000000	2.880500	3.360500	3.197800	3.076300	2.643000	2.465700	2.177600	2.558900	2.859400	2.855800	2.655000	2.458800	2.519500	2.697500
77	0.000000	2.278500	3.655600	4.616500	4.529800	5.293500	3.532400	4.556300	3.721600	3.653700	3.376700	3.678800	3.657800	3.151800	3.655500	3.629500	3.568500	3.588900	3.589300	3.698000
78	2.178800	1.149700	0.973600	2.134300	2.380000	9.248200	1.402600	1.457800	0.291800	0.476200	0.943400	1.263400	1.925800	1.746700	2.440600	0.000000	2.890900	3.270400	2.358900	3.299000
79	0.319900	0.000000	-0.210700	0.251400	0.100900	-0.964700	-0.026800	0.304000	0.311800	0.228700	0.000200	-0.091300	0.130900	0.111500	0.241800	0.274600	0.272200	0.304000	0.303100	0.579500
80	1.633800	0.948000	0.081300	1.850000	1.736900	2.620300	0.178600	1.686000	1.895800	1.384200	0.139200	0.000000	0.342000	0.747500	1.010000	0.347200	0.544400	0.704500	0.440500	0.369700
81	2.571700	1.494200	1.022000	1.958000	2.130000	4.637700	2.125900	3.630900	1.912600	2.050500	0.426000	1.667500	3.123000	2.470900	3.855200	2.896000	0.799100	0.000000	-0.427500	2.104700
82	3.048700	1.154000	-0.306000	0.626400	-0.045700	5.996000	0.000000	1.096700	1.634300	0.973100	-0.277300	-0.053400	1.744200	0.790500	1.538200	0.910400	-0.129700	-0.988500	-0.047000	0.753000
83	0.582300	0.230100	0.308000	0.891000	0.610800	-0.888000	-0.071300	0.576600	0.040800	0.432500	0.332700	0.115000	-0.608400	-0.041600	0.000000	0.188400	0.690500	0.720700	0.710000	0.586300
84	0.000000	-0.109600	-1.449300	-0.301800	-1.011800	-0.434800	-1.239300	0.405600	-0.053200	-0.414500	-1.288600	-1.261300	-0.283900	-1.108700	0.371300	-0.477100	-0.412500	-0.124800	-0.102500	-0.344700
85	5.404500	4.398300	0.846900	2.882200	4.038800	7.838600	9.950100	4.022800	5.412300	3.408900	0.455200	3.615200	6.822100	5.395400	5.555300	4.167500	9.264500	3.890400	0.000000	3.101900
86	3.067200	2.354100	1.922000	0.947600	0.000000	8.065700	6.253800	3.076300	3.240300	2.220700	0.719400	2.744700	4.910900	2.689400	4.483100	2.553900	11.721400	7.413700	5.408200	20.199200
87	3.292900	2.426600	0.000000	3.047600	2.600500	9.499200	13.980900	1.701100	2.641000	1.972900	2.866300	7.728400	5.776400	5.081500	5.466600	3.972600	24.223500	16.726500	8.598900	22.158700
88	6.274400	4.918900	2.719400	4.359600	4.477000	6.794600	7.675500	4.506200	6.014300	4.276400	1.047900	5.527400	6.550100	5.277800	7.396000	5.431200	8.025000	1.150600	0.000000	3.706100
89	3.981500	2.423800	2.817400	0.000000	1.175200	5.341300	14.270800	2.432200	3.933600	2.054200	4.265500	3.847000	9.988100	7.261000	8.125500	4.733700	35.090000	25.742600	17.591400	18.146600
90	5.410000	3.847700	0.000000	1.199900	1.666600	5.193400	13.596300	2.977700	4.846500	3.275000	0.726200	5.340300	5.149800	4.407600	5.225500	3.824700	10.260900	8.070000	3.266200	6.033100
91	-1.612900	-1.641600	-3.043200	-1.323300	-0.650400	3.760500	-3.313800	0.098400	-0.808900	-1.382200	-3.427600	-2.642300	0.274300	-1.787100	0.000000	-3.155700	-4.013000	-3.631700	-3.834900	-2.984400
92	5.667200	3.871700	0.000000	2.875600	2.970800	7.453200	11.441400	3.785500	4.691900	2.923600	0.592500	6.501900	5.661100	4.463000	5.755000	4.199500	18.532900	6.932400	2.810600	3.617000
93	1.711200	1.310300	0.497600	1.750900	0.803200	5.598300	0.906700	1.817400	1.654800	1.446500	0.366800	0.000000	1.806700	1.074000	1.325700	1.175900	1.043800	0.558200	0.636700	0.880100
94	2.588700	1.010800	-0.093200	0.547600	1.091600	4.272600	14.526600	0.000000	1.253300	1.250000	1.961800	7.428400	4.817700	5.516600	3.039800	1.288700	29.560600	19.540800	20.498200	24.938700
95	0.000000	-0.569500	-1.053600	0.089600	-0.692200	0.145300	-1.260700	0.595100	-0.150600	-0.223800	-1.616800	-1.445100	-0.662000	-0.569500	0.090900	-0.091200	-1.013400	-0.869900	-1.196200	-0.199300
96	-0.079200	0.074100	-0.396800	-0.027200	-0.331800	0.509700	-0.375800	0.168400	0.000000	-0.138900	-0.250700	-0.104300	-0.176100	-0.304900	-0.196900	-0.254900	-0.549200	-0.279500	-0.512700	0.012900
97	3.919900	2.472400	0.000000	2.366300	2.917900	6.474600	5.119100	2.564400	3.069900	2.487200	1.420400	5.099200	4.981200	4.510200	5.216400	3.162300	19.567200	18.052200	10.494600	5.702500
98	0.145900	0.471800	0.761300	1.102200	0.872100	-0.238900	0.642100	0.473200	0.000000	0.773600	0.269200	0.395500	0.855300	1.073900	-0.205700	0.223200	1.327200	0.943700	0.924300	1.152200
99	-0.155700	-0.442700	-0.628200	-0.194600	-0.284700	-1.485700	-1.661100	-0.217400	-0.113000	-0.008700	-0.773000	-1.437900	-0.140600	-0.180500	-0.043400	0.000000	-0.480400	-1.710600	-0.615700	-0.004200
100	0.172300	-0.099500	-0.109700	0.344800	0.041600	-1.217900	0.039600	0.374700	0.117300	0.298200	0.007600	-0.445100	-0.206100	0.152500	0.000000	0.200900	0.151400	0.282500	0.219200	0.459100
101	0.809600	0.178000	-0.413800	3.329900	3.621900	1.097000	0.458300	2.213400	0.023800	0.002600	-0.090700	-0.007900	0.303400	0.000000	0.755300	0.298300	0.285400	0.071800	-0.150300	0.147000
102	2.393600	1.206900	0.229800	0.000000	-0.439500	5.028500	1.676600	1.318000	1.742900	1.930400	0.941300	0.489100	2.539000	2.170500	3.085200	3.024200	3.871800	10.861800	6.344500	3.004300
103	1.220600	0.445800	-0.648300	0.846700	0.422100	-1.174000	0.000000	0.860900	0.793200	0.797900	-0.582200	-0.299600	0.693700	-0.137300	3.443700	1.598000	3.522300	4.363400	3.317800	3.043300
104	2.708700	1.977900	1.960700	2.686100	2.425600	0.000000	2.179700	2.962600	2.832300	2.824600	2.007200	2.083800	1.941900	2.200600	2.072300	2.824200	2.795500	1.584200	1.378200	3.304800
105	1.580700	0.000000	12.246300	6.452100	9.311100	9.003900	23.758800	5.309700	1.046700	2.286300	8.255000	17.533500	10.062500	8.984400	13.267500	7.832000	55.146540	42.535650	35.415900	45.434120
106	0.000000	4.648800	30.495800	19.506800	27.866200	19.158800	42.420420	20.564100	9.093700	11.594600	25.599600	34.600700	34.900200	32.833400	25.279600	24.928500	76.791400	52.930020	52.638610	70.484100
107	1.476400	0.081500	-0.718800	0.624200	-0.329700	2.600700	-0.162400	1.111600	1.189800	0.359700	-1.510600	-0.812000	0.000000	-0.066600	3.211900	1.747300	3.620700	2.172800	1.524600	2.287700
108	1.647300	0.132300	-1.003900	1.545900	1.411700	5.422900	-0.058200	2.038000	0.984600	0.868800	-0.787100	-0.310400	0.737500	0.117900	1.721400	0.000000	-0.394600	-0.448900	-0.909800	-0.153800
109	3.670000	1.785100	-0.325400	0.000000	1.489000	7.116700	15.094700	1.937200	2.692900	2.117300	3.404500	7.796300	4.634300	3.874600	4.563800	3.413800	24.742200	16.775500	9.403000	28.907300
110	1.692000	0.000000	6.385900	6.017900	8.697500	10.853000	20.775100	5.056900	0.791000	1.240700	5.070900	11.329500	10.008300	9.714500	5.410000	4.864600	38.325600	40.576700	34.096200	40.253100
111	2.153600	1.022900	-0.136300	0.848700	0.101700	5.112800	-0.120900	1.783600	1.190100	1.443500	-0.112600	0.000000	1.173000	0.840300	1.789900	0.667900	0.037700	-0.327000	-0.259600	0.390700
112	1.323900	-0.296300	-1.425200	1.574300	1.689100	4.479200	-0.505700	2.194400	1.274700	0.496800	-0.970500	-0.406200	0.000000	-0.061600	-0.129100	-0.017400	0.486000	-1.038600	-1.492900	-0.632600
113	5.238200	3.491800	0.000000	3.269900	2.388700	6.073300	9.943600	2.981300	4.285800	3.319700	0.245700	6.333900	4.775500	3.753600	5.641800	3.062800	13.805000	12.706400	5.904300	7.706800
114	4.286800	2.721500	0.000000	1.846300	2.937000	9.638700	1.264700	2.543000	3.455900	3.193800	0.901900	2.890700	3.443800	3.234800	3.938800	3.392300	5.720100	7.590900	4.980300	4.374800
115	0.743100	0.065800	-0.432900	0.390600	-0.123000	3.226300	-0.538700	0.837800	0.915600	0.815600	-0.596400	-0.541500	0.138500	0.000000	0.196800	0.072700	-0.334100	-0.531900	-0.540400	-0.314700
116	0.533300	-0.690200	-1.618600	0.594400	0.804000	3.884500	-0.019900	1.502800	0.239500	-0.289300	-0.985900	-0.435900	0.255200	0.350700	0.876300	0.000000	-1.026200	-0.942100	-1.215800	0.056100
117	5.009600	4.623200	1.259700	3.269300	3.358600	12.002800	8.301500	4.592600	5.267800	4.820400	2.215700	4.174700	5.856100	3.930200	6.171800	3.900500	11.815700	0.000000	0.831300	3.679300
118	5.283800	4.289800	2.963900	5.616000	4.643000	7.670300	5.381200	4.145500	4.688900	4.392500	1.343100	3.740700	4.583500	4.440700	4.937400	4.574600	0.000000	0.967200	0.005800	3.388400
119	-0.115500	0.189000	0.245300	2.870400	3.248000	6.398000	0.545100	2.451300	1.136400	0.471200	0.703600	0.114100	0.856300	0.507400	0.850600	0.000000	1.437700	0.429300	0.362600	0.470600
120	-0.295000	0.936500	-0.347500	1.684400	1.915000	4.653600	-0.064400	2.520200	1.099400	0.560900	-0.224500	-0.403800	0.559200	-0.153600	1.242600	0.000000	1.589300	0.260600	0.075700	1.020200
121	0.000000	4.742600	4.504700	10.408600	8.697600	14.064300	4.654700	7.933700	5.129600	5.832900	4.531700	4.901100	4.684600	5.312300	4.681700	4.326900	6.214200	3.555200	3.993000	4.044100
122	0.190700	0.489600	0.495300	0.644700	0.205500	4.979100	-0.256800	0.684500	0.675300	0.868400	0.566000	-0.228900	0.630400	0.100000	0.124000	0.000000	0.985600	0.465000	0.448800	0.560000
123	-1.371600	0.149100	-0.001700	1.157700	2.145300	2.836800	-0.453900	0.435200	0.219100	-0.028200	-0.242200	-0.467100	-0.267300	-0.147500	-0.313700	0.000000	-0.514600	-0.095400	-0.615900	-0.375800
124	0.000000	4.819400	10.445300	13.389300	14.267100	2.991700	8.537800	13.562800	5.847100	5.948000	5.384900	8.176800	6.937100	8.048600	7.243200	5.222700	10.126100	8.026800	7.718100	7.165300
125	0.000000	7.075500	36.300300	25.012800	33.788500	17.693100	46.391480	20.145600	10.637300	16.449300	34.606200	40.508900	41.004900	42.135090	29.646800	28.824200	90.659200	77.534800	74.635900	94.762900
126	0.573300	0.177800	-0.941700	0.286500	-0.188500	4.119000	0.000000	0.760200	0.856900	-0.208600	-1.908500	-0.203800	-0.554900	-0.412100	0.158400	-0.571300	-0.005700	-0.280200	-0.341900	0.398800
127	1.410300	0.000000	11.872900	5.227500	9.151400	6.855500	17.072800	4.735400	0.782400	3.342000	10.076300	14.409000	12.170100	15.913800	8.388000	8.198400	34.234300	38.401200	35.854600	40.469920
128	4.284200	2.875700	1.936500	5.411000	4.688100	3.394200	3.044100	4.652100	4.425500	3.346200	1.404600	3.647600	4.336900	3.494000	4.990500	3.294400	1.280700	0.000000	0.464400	2.308900
129	4.689000	2.799900	1.097000	0.000000	0.401300	6.540300	17.794500	2.005100	3.539500	2.129300	3.510400	8.996400	7.172600	6.009800	5.229300	3.009300	25.959600	18.130700	15.037400	25.327500
130	4.469700	2.770200	2.688700	0.000000	0.905200	4.193100	20.704900	2.491200	4.108500	2.310900	5.849900	11.251800	7.926300	6.148000	6.133800	3.793700	42.629150	32.940600	25.959600	24.975200
131	5.433800	3.652200	0.000000	1.962700	1.387200	4.451900	10.136600	3.689700	5.056600	2.828600	0.496000	5.836500	4.674600	3.218700	4.708900	3.809100	14.691000	9.216000	5.365500	3.452800
132	0.978700	-0.181500	-0.216200	0.117900	2.680400	5.333200	-2.714200	-0.337800	0.000000	-0.468700	-1.480700	-0.193600	6.157900	3.318100	5.867900	0.450000	3.194900	-0.537500	0.622300	0.337700
133	5.005800	3.519400	0.000000	2.236500	1.607700	6.922200	10.164200	3.718100	3.371300	2.908300	0.570700	5.192900	2.579700	3.110100	3.061000	2.939500	18.792100	17.528900	12.117700	4.877900
134	2.140800	2.193400	1.547000	2.212800	2.514600	0.000000	1.062300	2.952300	2.197800	2.319700	1.513400	1.263700	2.323800	2.239600	2.565300	1.747600	1.306500	0.421300	1.783100	1.508200
135	1.314100	0.623800	-0.051000	1.214800	0.590400	4.024300	-0.369600	0.452300	0.221000	0.003700	-0.789100	-0.598400	0.725200	0.765300	0.000000	0.038900	0.583600	0.495400	0.306500	-0.027900
136	2.684500	1.425100	0.377600	0.595200	0.000000	2.794000	1.129400	1.589400	1.661600	1.440000	0.463400	0.925500	2.249300	2.052600	3.240100	1.684200	1.209100	0.976800	0.816500	1.212400
137	0.000000	0.137100	-0.458100	1.704400	1.446500	3.041300	-1.147000	0.545800	-0.690700	0.207100	-0.627200	-0.580700	0.332400	-0.528800	0.444700	-0.797500	-0.143000	-0.810100	-0.876000	-0.387000
138	1.058900	0.992300	-0.970200	1.211100	0.624800	7.856100	-0.206500	0.760600	0.712500	0.960700	-0.537600	0.642100	3.628900	0.846500	1.797800	-0.176800	1.680800	-1.973400	-2.040500	0.000000
139	2.610700	1.374300	1.153800	1.970700	1.639100	1.868900	2.416600	3.666800	2.019300	2.130000	0.854900	0.479500	2.304700	1.914100	3.888000	2.124600	0.519500	0.000000	0.100100	1.657800
140	2.657600	1.503900	0.566700	1.992700	1.812500	0.013500	2.198000	2.727000	2.691900	2.099300	0.457600	1.644900	0.000000	1.403100	1.267300	1.738700	0.883500	1.092500	0.921800	2.106700
141	4.900400	3.366400	1.162900	4.302300	4.190900	8.793100	7.400600	3.915100	4.196700	3.572600	0.446900	4.916300	5.665100	4.465400	5.858500	4.665900	11.353400	3.262000	0.000000	3.780000
142	3.300400	1.516600	2.018900	0.000000	-0.071500	0.745600	10.231700	2.523100	3.356800	2.512500	1.471000	7.138200	5.697700	5.519500	4.756700	3.576500	15.789000	6.297300	3.919500	7.434500
143	2.858800	2.029400	1.162200	2.165600	1.556000	3.226300	0.000000	1.999100	2.175300	1.943000	1.312200	0.835300	2.311400	1.612500	2.784400	1.772800	2.418700	2.459700	2.382700	2.900100
144	0.000000	1.103800	6.667500	11.730800	12.857700	7.737600	6.924700	9.138800	4.780900	6.945000	5.551600	6.858500	8.083200	7.463000	10.557500	8.790900	16.007800	16.275900	11.165200	21.293200
145	5.926200	4.477500	2.337500	5.316900	5.889500	13.736200	6.168100	5.091800	5.368900	4.661500	1.091900	5.542600	3.590900	3.404300	5.654600	5.054900	6.158000	2.045500	0.000000	3.075700
146	2.887900	1.806000	0.281900	0.956900	1.558500	5.765100	1.468600	1.591600	2.049500	1.863700	-0.195100	0.000000	1.396300	1.185100	2.068300	0.956700	6.225600	5.339000	3.975800	6.771900
147	1.090600	0.122900	-0.540000	0.503100	-0.128500	5.331800	0.354300	0.639800	1.140500	0.900500	-0.648700	0.051300	0.000000	0.233900	0.757500	0.208500	-0.123200	-0.023400	-0.061500	0.494000
148	3.079900	1.549200	-0.223800	0.000000	-0.198900	4.936100	1.163800	2.044900	3.175400	2.166300	0.812300	1.681600	3.034200	1.527200	4.335100	2.458400	0.809800	0.361200	-0.248000	1.893600
149	4.504500	2.777300	0.000000	1.886300	1.513200	5.047800	8.560200	1.640100	3.306200	2.847100	0.078500	5.299600	5.112100	3.253500	5.596300	2.556000	7.518400	7.385600	5.441100	5.469800
150	1.941700	0.988300	0.198600	0.604000	-0.293900	7.225200	0.659400	1.166100	1.456500	1.535700	-0.160600	0.000000	1.708300	0.855200	2.772100	1.817700	1.515900	1.009300	0.896900	1.477400
151	1.494600	0.565200	-0.099100	1.497900	1.164300	5.128900	0.196100	0.946600	0.596400	0.736100	-0.362100	0.000000	1.167100	0.399000	1.755200	0.405700	0.605200	0.442100	0.332000	0.620900
152	-0.056700	-0.207000	-1.178800	0.534300	0.418200	2.804800	-0.520000	0.426500	-0.382400	-0.082500	-1.306400	-1.091100	0.000000	-0.489500	0.377700	-1.181500	-1.047800	-0.999100	-1.208300	-1.347200
153	0.000000	3.979300	3.164300	5.110600	5.113600	7.607600	3.542100	4.951400	4.109300	4.165500	4.128800	2.230100	3.180800	2.987400	3.317800	2.821000	2.989500	4.281600	4.256400	2.501900
154	2.307800	1.750100	0.685600	1.605400	4.032800	6.697400	-0.624200	1.390500	2.016800	1.240600	1.362000	0.165700	2.718400	1.243900	3.302200	2.449900	1.546500	0.126500	0.004900	0.000000
155	0.893400	0.220000	-0.340200	0.462000	-0.058500	-0.456800	0.015700	1.006800	0.987500	0.520900	-0.439500	-0.161000	0.000000	-0.008200	1.035800	0.752600	0.640900	-0.102000	-0.168100	0.711900
156	-0.026000	-0.391500	-0.694900	-0.216000	-0.589800	-0.906300	-0.379300	-0.083700	-0.062700	-0.007700	-0.934400	-0.726900	-1.026800	-0.491500	0.000000	0.052900	-0.447400	-0.515600	-0.808200	0.418700
157	3.698200	1.822000	0.000000	2.473500	4.008100	2.372000	2.351400	1.582900	2.372900	2.407900	0.900400	1.506300	2.732100	2.388600	3.606100	2.946200	2.638100	3.408800	3.127600	2.966100
158	2.993500	2.078900	0.000000	1.999700	1.207800	2.406700	2.979500	1.958600	2.352300	2.223400	0.853900	2.467700	1.484600	2.841700	2.234800	2.387900	3.394500	3.997600	2.985900	3.379400
159	0.637900	-0.182700	-0.307600	0.744100	0.373700	2.601400	-0.370300	-0.001500	-0.010400	0.434100	-0.587800	-0.244900	0.000000	-0.298100	0.244300	-0.210200	0.138500	0.036600	-0.057600	0.126600
160	2.277000	1.493700	-0.018100	3.181800	2.238900	4.002700	0.136500	1.566000	1.781700	1.740800	0.104000	0.000000	1.715800	0.764200	3.067900	1.181000	0.472700	-0.320700	-0.282500	1.127000
161	4.732900	3.178600	2.675800	0.000000	0.503300	6.871200	16.131700	2.186900	4.253500	2.411100	1.415800	6.627500	5.472700	5.099500	5.026900	4.179800	20.281600	9.629500	7.727200	8.183700
162	0.000000	6.266100	10.440200	12.674200	13.702700	13.117200	41.596100	17.192900	12.190200	11.192200	21.485700	31.440400	27.183100	27.551100	15.560200	12.885600	32.835700	22.567600	18.720100	19.764900
163	5.693200	3.966100	2.223600	2.343300	3.680400	7.567900	4.180500	3.915000	5.021600	3.307800	0.101400	3.093100	5.103700	3.656900	5.935700	3.757000	0.507400	0.000000	-0.877700	2.523300
164	1.843300	0.519400	2.673800	3.487100	6.937300	7.473500	6.247500	0.411200	0.222600	0.436900	2.657700	6.673400	6.444400	6.483600	0.000000	0.701600	20.255900	13.752900	10.463400	29.942600
165	5.869100	4.450800	1.257200	4.217600	4.562700	6.142400	6.770600	4.613700	5.701600	3.768800	1.291200	4.412000	5.518300	4.267400	5.662700	3.434200	10.375200	2.468700	0.000000	3.066200
166	1.656900	0.774800	0.480200	1.083700	0.924900	6.389000	-2.257300	1.216600	0.000000	0.196600	-0.585900	0.211500	2.582900	1.473000	0.998100	0.235600	-0.420300	-1.179100	-0.766200	1.881000
167	0.000000	4.263200	5.747200	11.386700	12.937900	8.883100	5.937100	12.132000	6.084200	5.084400	8.510000	6.079300	10.362600	5.605000	7.122300	6.163500	5.675500	4.687700	5.717500	7.169600
168	2.041500	3.996600	4.378200	5.885200	6.698800	0.000000	3.798700	4.520300	3.586600	4.359200	4.531500	4.097600	4.388300	4.130700	3.970500	3.836100	4.871900	4.221900	4.429600	5.817700
169	2.327500	2.034800	0.930100	1.796400	1.406300	0.603300	1.311200	2.201500	2.320300	1.881800	1.467300	1.319100	1.659100	1.451200	1.470500	1.468600	1.632300	0.000000	-0.438800	2.210300
170	0.282200	0.090600	0.000000	0.072000	0.035200	2.087100	-0.536100	0.060900	-0.278800	-0.046400	0.028200	-0.417300	-0.379000	-0.448200	0.347800	-0.210600	-0.329000	-0.279400	-0.127200	0.149200
171	1.354200	1.769500	1.792000	2.013000	2.003600	0.000000	1.721200	1.918800	1.984100	2.007700	1.688400	1.697200	1.786200	1.455500	1.868700	1.952700	1.848300	1.925300	1.923800	2.142000
172	0.549100	0.390200	0.230200	0.255200	0.149300	2.468000	-0.269200	-0.047300	0.000000	0.281300	0.077200	-0.382400	-0.198500	0.112600	0.030600	0.277700	-0.024600	-0.087700	-0.176000	0.250900
173	2.562100	1.728300	0.000000	1.692700	1.231800	0.570500	1.972800	1.825800	2.343700	1.778500	-0.180100	1.773500	0.906600	1.483700	2.062200	2.330000	1.872500	1.905400	1.213100	1.981100
174	3.238300	2.078800	3.147300	0.849500	1.742700	0.000000	4.261700	1.273300	2.336500	2.033800	1.927600	1.777100	2.913200	2.965800	3.306700	2.643300	5.364000	2.158100	2.010900	3.946400
175	0.314600	0.340400	1.050100	1.628400	1.781500	-1.471700	1.325000	0.000000	-0.747700	1.323800	1.255900	0.847000	-0.313400	1.466400	-1.622800	-0.095100	1.450700	1.223600	0.970200	1.627900
176	2.816800	2.060100	0.000000	1.549700	0.695000	0.343300	0.963000	2.129300	2.837100	2.119600	-0.139400	0.386100	2.013600	1.780000	2.604800	2.551400	5.207200	3.107100	2.028000	2.481600
177	1.246100	0.590100	0.684800	1.052400	0.625500	0.165200	1.107700	0.752600	0.917000	1.493600	0.579400	0.947500	-0.680500	0.565200	0.000000	1.197500	1.028000	0.909800	0.861100	1.124700
178	1.153200	0.000000	-0.662300	0.843000	0.062600	0.638900	0.014800	0.178800	-0.259600	0.816100	-0.528600	-0.386200	-0.409300	-0.270800	-0.132500	0.280400	-0.168400	-0.185300	-0.281000	0.735100
179	0.886400	-0.893300	-2.150200	-1.554800	-2.194400	1.194400	-1.125100	0.000000	-0.044700	-0.830100	-2.904000	-2.108200	0.114800	-1.333800	0.925200	-0.801300	3.286500	4.833000	2.953600	7.203000
180	1.264700	-0.213400	-1.677600	0.968700	0.870300	8.615500	-1.301400	2.331000	-0.044500	0.269000	-1.521900	-0.809100	-0.158300	-0.168400	0.786200	-0.295000	-1.616400	-1.224400	-1.519400	0.000000
181	1.265200	0.252000	-0.398700	0.269300	-0.181900	3.336100	0.337800	0.799900	0.309500	0.932000	-0.652600	0.202400	0.000000	-0.192500	0.628400	0.248800	0.009800	0.135200	0.019700	0.634200
182	1.765000	0.000000	3.898500	2.911500	2.547800	4.130000	2.371700	3.157200	1.505400	1.870300	0.012100	2.632300	4.296400	2.697400	7.225400	5.693600	11.582100	12.534100	11.922200	49.011570
183	5.435800	3.530700	0.514500	4.069000	3.114900	5.820300	5.117500	3.861400	4.446400	3.538300	-0.025400	3.968800	5.172200	2.985400	5.600200	4.025300	6.542900	0.000000	0.087200	2.979100
184	1.297700	0.557900	0.075900	0.671400	0.063000	4.320900	0.280900	1.451100	0.614900	1.143300	-0.236900	0.000000	0.863600	0.231400	1.555200	0.992500	0.249500	0.526000	0.422300	0.867500
185	2.363700	1.030500	0.135800	3.753300	3.367900	4.197200	0.205100	2.781400	2.066000	1.438800	0.066700	0.000000	0.935700	1.072300	1.964800	0.943400	0.684800	0.556700	0.457300	1.014800
186	0.895300	0.000000	14.214700	7.129400	12.345500	8.903200	26.998900	5.970500	1.200600	4.006000	11.829500	17.391700	13.612300	13.805300	12.594000	12.732400	56.539720	52.209170	47.295640	54.164780
187	0.000000	3.895700	3.082400	5.486300	5.056700	9.015300	3.165000	6.004700	4.564200	4.270500	3.598200	3.842600	3.802300	3.328600	3.575300	3.140000	4.584900	4.134200	4.052800	4.197900
188	3.704800	2.500800	2.254900	0.000000	0.179800	10.908700	8.049900	2.445800	3.594800	0.859300	3.196400	9.658200	5.033700	5.210100	2.851900	1.786800	10.226300	21.377500	20.795300	23.074000
189	-0.032900	0.270600	-0.278200	0.135400	0.027800	1.491300	-0.778600	0.049600	0.047400	0.042600	-0.398600	-0.437000	0.178100	-0.515600	0.000000	-0.126700	-0.461100	-0.461200	-0.499700	-0.565600
190	0.000000	2.695800	2.534500	3.938000	4.408100	3.941500	2.342900	4.985000	3.024800	2.746200	2.638500	2.248700	2.886000	2.501200	3.253300	2.723000	3.633800	3.385800	3.341200	4.021300
191	-1.760800	0.030300	2.707800	4.566400	6.210900	2.943300	0.519000	2.939700	0.919700	0.136100	0.106100	0.116800	1.291400	0.100400	2.007900	-0.539200	3.077300	1.140100	0.980300	0.000000
192	3.709600	2.293200	2.867600	0.371300	0.000000	8.117600	5.029600	2.667500	2.723300	0.783100	0.795600	3.094200	5.544100	5.473800	4.460400	2.204900	17.875800	21.567100	19.181800	15.053700
193	6.225300	4.813200	1.800900	4.160200	4.746300	5.350300	5.402100	5.844600	6.052400	4.673700	1.668600	5.528200	6.462300	4.640200	7.196800	5.578900	0.000000	8.089200	5.416200	4.274100
194	3.248500	1.812700	0.000000	1.027200	0.637700	8.659800	1.651300	2.253300	2.656100	1.494300	0.043700	0.410600	3.786800	1.969200	4.376800	1.349400	-0.263900	-1.715400	-0.564300	1.638100
195	0.645400	0.078300	-1.623600	5.052500	2.092800	5.079500	0.229500	3.143800	0.000000	0.613000	2.029000	2.078500	5.328700	1.526100	6.444500	4.216700	7.450000	2.822100	5.207900	1.750300
196	-1.056400	-1.712400	-3.576800	-2.898400	-2.214900	-1.112300	-0.997100	-1.280000	-1.476700	-1.844900	-2.984000	-1.767300	-1.278200	-2.518400	0.000000	-1.233900	-0.733800	-1.380100	-1.744700	-1.491100
197	0.000000	7.921100	19.961500	21.567500	24.415100	24.400300	15.663300	20.923400	10.955600	11.322600	13.965100	15.439500	16.462700	15.159100	17.013400	16.404100	27.428600	26.583800	25.452000	20.586300
198	1.162500	0.505500	0.000000	0.559600	0.127300	1.128500	-0.088000	0.832600	0.623900	0.524800	-0.610200	-0.493600	0.043100	0.075100	0.101300	0.395900	0.802700	0.762200	0.723400	0.853500
199	2.369800	1.174500	-0.270800	-0.070900	0.054700	0.956600	1.798700	0.000000	1.190900	0.639500	0.217500	2.488600	1.732800	1.116900	1.696400	1.230700	1.555500	-1.418500	0.010200	1.663800
200	0.797500	-0.052700	-0.153600	0.501000	0.107100	0.324600	-0.346000	-0.010300	-0.045200	-0.081700	-0.153800	-0.661500	0.111700	1.440800	0.748800	0.000000	0.117000	0.936400	0.048800	0.373100
201	1.023300	1.095900	0.243400	0.958700	0.579300	0.227300	-0.484600	1.107000	1.030300	0.730100	0.029000	0.098500	0.700600	0.738000	0.880300	0.905400	0.122500	0.200900	0.000000	0.997000
202	0.773600	0.026400	-0.502900	1.424800	0.511300	2.629900	-0.462500	1.416100	0.000000	-0.400500	-0.610200	-0.496300	-0.894000	0.523600	-1.760600	-0.558500	0.259200	-1.851200	-2.279500	-0.472200
203	1.218700	1.550900	1.903600	1.802700	1.884100	0.000000	1.819200	1.363100	1.108000	2.543600	1.478500	1.827700	0.795400	1.880600	-0.279600	1.235700	1.346500	1.731600	1.420000	2.279700
204	0.816600	0.353300	0.000000	0.380100	0.067500	-0.478100	0.396100	0.178700	0.564000	0.803300	0.044600	0.279700	-0.765300	-0.028200	-0.497900	0.741300	-0.149200	0.070000	0.012300	0.574100
205	0.000000	-0.751300	-1.054900	-0.344300	-0.771100	-1.544500	-1.041700	-0.012400	-0.238600	-0.132200	-1.199700	-1.246000	-1.719100	-1.009800	-0.898000	-0.311300	-1.619000	-0.612500	-0.763700	-0.057200
206	-1.483000	-2.430700	-3.250600	-2.849900	-3.360300	0.356400	-3.216300	-1.573900	-2.125200	-1.932300	-3.624900	-2.448100	-2.390400	-2.619000	0.000000	-1.499400	-0.835300	-0.873200	-3.509900	-1.586200
207	1.231800	0.460200	0.298800	0.948500	0.313700	4.306000	0.589300	1.150100	0.840700	1.187500	0.000000	0.299300	0.306000	0.432300	0.882400	0.731100	0.237900	0.344100	0.263900	1.043700
208	0.992600	0.000000	-1.086900	0.620800	-0.245000	3.154100	-0.018600	0.839900	0.671700	0.564700	-0.680100	-0.492300	-0.125100	0.003200	0.396300	0.705700	-0.925900	-0.964700	-1.132300	0.305400
209	2.401400	1.745800	1.551700	3.082300	2.447400	8.583200	0.000000	2.714400	2.335800	2.601800	1.051000	1.696400	2.521800	1.783300	2.701500	1.845400	0.370200	0.359900	0.865700	1.578200
210	2.726900	3.106200	0.000000	2.903000	2.595900	7.729700	1.791000	1.712100	2.933200	3.169300	0.502700	2.166600	3.909600	2.606300	5.045000	2.526400	6.606800	8.195400	5.170500	3.486600
211	1.461500	0.357600	-0.988200	0.158800	-0.721200	2.074800	0.544200	0.655600	0.565600	0.611200	-0.787500	0.000000	0.350100	0.034800	1.170100	0.149100	0.130400	-0.346300	-0.451400	-0.350100
212	1.571300	0.357900	-0.359900	1.114700	0.189200	5.407900	0.490100	0.706900	0.580700	1.093500	-0.909800	0.093500	0.000000	0.006900	0.846400	0.361900	-0.033400	0.174900	-0.134100	0.820200
213	2.001800	0.000000	-1.806600	-0.182700	-0.862300	3.364500	0.268500	0.095000	0.818100	0.160000	-1.858500	-0.952000	2.678800	0.524000	3.831800	1.522400	0.804300	1.519700	0.190000	0.800600
214	4.075500	2.780000	-0.683600	1.351000	0.000000	7.474500	1.828200	2.132500	3.565100	2.853700	2.005200	2.557000	3.888400	2.520900	4.844100	3.154000	3.199000	3.360200	3.178600	2.721000
215	1.110600	0.510700	0.081600	0.747900	0.161100	3.900900	0.151600	1.052400	0.483700	1.093900	-0.089500	0.000000	0.567700	0.040100	1.058100	0.369600	0.016000	0.202900	0.022600	0.333300
216	0.028100	-1.472100	-2.625000	-1.502400	-1.862300	3.654700	-1.652400	-0.996500	0.000000	-0.691600	-2.536500	-2.126300	-0.760800	-1.448200	0.114800	-1.538600	-1.810100	-3.873000	-2.914300	-1.208100
217	6.517400	4.735000	3.394600	5.415800	4.972500	11.246400	0.000000	6.120100	6.253300	5.523900	3.228800	3.653600	8.436800	3.874300	10.640900	7.419800	6.308100	8.655400	6.627700	17.886700
218	0.731800	1.139200	0.703900	1.177400	0.917400	6.499100	1.038300	0.985700	0.922700	1.054600	0.437600	0.615900	0.854900	-0.531400	0.000000	-1.685000	2.384400	0.647200	-0.345800	2.262800
219	0.888400	0.553000	0.602600	2.142400	1.826100	7.603200	0.705900	1.372700	0.000000	0.835600	0.486500	0.644200	0.517700	0.475300	0.391100	0.516800	1.089200	0.404200	0.191800	0.956000
220	0.252200	0.000000	0.216400	0.233200	0.091000	-0.729500	-0.029800	0.231400	0.291100	0.318600	0.125300	0.029900	-0.541700	-0.362900	-0.051200	0.290700	0.208200	0.221800	0.212800	0.343300
221	0.124900	0.350600	0.124500	0.256500	0.433200	1.148800	0.038700	0.212400	0.570000	0.235400	0.151900	-0.321600	0.078300	0.004400	0.105200	0.000000	-0.189400	-0.049500	-0.067700	-0.264200
222	0.000000	0.496500	4.657100	6.689400	10.083600	2.517800	6.723200	4.162000	0.979900	1.904600	2.890600	4.697400	4.560100	3.701100	7.379700	4.928300	10.588700	8.832900	9.011700	7.359900
223	4.321800	3.912400	3.782000	3.736800	3.919500	3.351600	6.026500	3.951400	4.727000	3.475300	1.942300	4.679500	5.584600	4.144100	5.584900	4.581700	0.979900	0.118200	0.000000	3.003000
224	4.067500	2.484500	0.057200	0.895900	0.000000	1.438600	10.124100	3.014300	4.932100	1.920000	1.578200	3.253400	3.873600	2.948100	5.305600	4.112300	16.854200	7.744800	5.625000	5.222800
225	2.212000	1.888300	4.742400	4.650800	5.852200	5.721900	3.521300	4.413000	2.920500	2.664900	2.305900	2.474600	4.097800	3.254800	1.527000	0.000000	12.782900	7.597000	7.293800	5.153000
226	3.049100	2.006800	2.607100	1.275400	1.314400	6.475000	0.016800	3.097100	2.760500	1.769400	0.405400	0.000000	7.777600	3.001300	7.793100	2.193900	15.219200	9.790600	7.437900	4.107700
227	6.016700	4.321400	0.554800	0.880500	0.000000	6.752700	5.325100	4.729800	4.851800	3.654000	1.673300	5.277700	6.470600	4.676300	6.982700	4.136800	10.720300	8.214500	4.921800	5.193600
228	3.205700	1.482700	0.787300	1.208400	1.574500	2.692400	2.741500	1.581600	1.617100	1.118600	0.232500	4.583800	6.243100	3.356200	4.534900	2.922300	8.870200	0.000000	2.695700	4.222100
229	2.984900	1.705800	-1.099000	0.220400	-0.240800	4.597400	0.195200	1.456100	1.819900	1.266800	-0.894500	0.263000	2.293200	1.027500	3.827100	2.092600	0.906700	0.000000	-0.679500	2.079400
230	2.677700	-0.468700	-0.504300	-2.015400	-1.600000	3.058300	-2.589400	-0.144200	0.088800	-1.039800	-0.728600	-2.230200	0.756600	1.206500	0.920100	-0.146600	0.000000	0.331400	0.307500	0.640300
231	-2.680700	0.685500	2.627200	-0.549300	0.354200	-2.600000	2.037300	-0.265800	0.000000	-0.150700	-0.933000	0.604800	2.022800	0.824000	2.506500	0.047200	3.854400	0.388000	3.040100	0.937800
232	3.825000	1.730600	1.328100	0.000000	0.092400	3.654000	2.377000	2.452900	2.067500	1.280800	1.435300	2.724700	4.254900	2.643700	2.260000	1.508500	27.077700	2.869700	2.565900	6.397900
233	1.967200	1.621300	0.892300	1.245100	0.721400	2.035200	1.383500	2.112800	1.920400	1.550500	1.012100	0.939300	1.088900	1.193100	0.000000	1.350000	1.307300	2.117200	2.084000	1.931000
234	0.262900	0.513300	0.297100	0.951400	0.765400	1.130000	0.331100	-0.538700	-0.440200	0.716900	0.733900	0.000000	-1.103200	0.039200	-2.613900	-0.206600	0.125800	0.272400	0.257800	0.462900
235	1.179400	0.380000	-0.602900	0.000000	-0.704200	-1.541600	0.133600	0.410100	0.863800	0.777100	-1.048300	-0.395600	-0.755700	-0.362100	-0.002600	0.568200	-0.868500	-0.724700	-0.908700	0.261200
236	0.202500	-0.328000	-0.487300	-0.255600	-0.485200	-1.661500	-0.256200	0.014100	0.000000	-0.183500	-0.678600	-0.245500	-1.197200	-0.650000	-1.316200	0.022400	-0.412700	-0.347000	-0.374400	-0.009300
237	0.516600	-0.397100	-1.655300	-0.836200	-1.014000	0.188200	-0.913600	0.000000	0.273300	-0.141500	-1.876800	-1.363200	-0.846700	-1.092800	-0.285000	-0.060400	-0.455500	-1.291900	-1.446300	-0.110800
238	2.760900	0.776100	0.839800	0.074500	0.427600	9.341800	8.523000	0.000000	2.288500	1.315200	-0.089500	1.588700	3.881700	2.955100	3.849700	1.182700	22.358000	6.939000	4.202600	5.419800
239	2.255000	0.720800	0.076700	1.081800	0.740500	4.531700	-0.066300	0.808900	1.269000	0.460000	-1.163600	0.000000	1.283800	0.311500	4.503400	3.116900	1.986900	6.756000	4.752200	7.995300
240	0.838900	0.000000	-0.661900	0.238400	-0.267900	2.997700	-0.360700	0.571700	0.225300	0.602400	-1.211100	-0.700500	-0.143500	-0.560000	0.450000	0.050900	-2.580800	-0.897300	-1.019800	0.106100
241	2.308300	0.000000	-0.254100	1.328300	0.542300	4.575700	0.062700	1.120500	1.986100	0.730700	-1.691200	0.139600	1.284300	-0.438700	3.573100	3.216900	6.179400	8.092300	7.115900	20.067400
242	5.673700	3.593600	0.000000	4.826000	6.724100	8.356400	11.001000	2.736100	4.063700	3.484400	1.157500	8.516800	4.632900	4.237800	4.660400	3.221100	15.412600	6.633600	5.599500	47.354170
243	3.490000	2.458400	2.437100	3.566300	3.200600	10.560000	2.316300	3.234900	2.511800	2.743800	2.158900	2.256500	1.482900	2.361600	0.000000	2.606500	2.736300	2.655700	2.756600	3.332200
244	2.199900	0.975800	0.597100	0.000000	0.578300	3.432300	0.616700	1.370800	0.991300	0.381000	-0.298000	0.465400	1.735600	1.371200	2.337700	1.776100	0.060100	0.827500	0.757000	1.813300
245	0.000000	3.020000	3.148500	5.994500	7.198600	6.245600	2.154500	7.076000	4.017300	3.749400	3.186600	1.685100	4.394300	3.692100	4.753800	3.592900	4.137700	3.691600	3.803900	2.335900
246	3.789600	2.087700	-1.174600	0.000000	0.926300	3.500600	6.810400	2.106600	3.120000	1.914900	0.246000	3.477800	5.049800	3.640200	4.374200	2.423600	13.565300	7.970000	6.449500	47.708330
247	3.878600	3.153200	3.562200	3.949500	4.563600	4.962000	12.184200	5.595100	3.635000	2.841000	1.917000	6.755500	1.337800	4.273000	0.000000	1.850500	23.919400	10.785000	9.797200	6.271700
248	0.000000	1.461400	8.951300	6.117000	8.554000	8.827700	28.767600	6.629000	3.014400	3.401600	9.463000	13.960300	10.554600	12.036000	8.938400	8.327900	60.072790	34.664300	25.819000	33.787000
249	6.596800	4.276600	0.120900	0.663500	0.000000	7.179900	9.255400	3.219600	5.323700	3.223100	1.990100	3.839600	5.901000	3.220900	5.610200	4.142100	25.315800	20.442300	11.403300	11.015300
250	2.985900	2.185500	0.139700	-0.055300	0.571100	3.820800	7.951900	2.447200	4.216300	1.846500	0.000000	4.344600	6.331100	3.007800	5.808700	2.814200	26.700900	12.443200	7.813400	52.177880
251	2.813200	2.468000	5.448000	3.323100	4.108300	7.629800	8.269100	0.000000	1.304800	2.427500	2.612100	6.833300	6.806000	3.809900	8.737700	4.100100	38.050300	31.689800	18.909500	41.057600
252	4.851000	4.313100	3.345100	4.518000	3.962300	3.281600	4.487000	5.237600	3.973900	4.620600	3.527700	3.914200	5.195700	3.978300	5.616500	0.000000	5.344500	3.901300	6.392200	13.189100
253	2.513300	1.343400	0.287900	1.328900	0.800400	4.103800	0.054000	1.713700	1.415700	1.238600	-0.159300	0.447100	0.915800	0.332600	1.107300	0.350500	0.515500	0.000000	-0.081400	0.649100
254	4.370000	3.452400	8.244200	5.830000	8.515000	0.000000	25.811900	5.370300	4.690700	5.737500	8.837800	13.736100	11.924200	11.060500	7.632400	6.524700	56.557610	40.523500	31.697100	37.184300
255	1.390200	0.187100	-0.463200	1.984000	2.654700	1.888100	-1.685100	0.916700	0.435900	0.491000	-0.244800	-0.300800	-0.343300	0.095600	0.749300	0.000000	0.415500	0.193300	0.276600	0.291800
256	1.948300	0.870400	0.583500	0.000000	-0.437800	5.721600	1.025600	0.521100	1.728900	1.307800	-0.145900	0.783100	0.882800	0.958500	1.896900	2.100300	2.518100	0.357700	0.054600	1.811000
257	5.382300	3.472100	0.000000	1.340400	1.104200	1.526700	12.747300	2.460600	4.288200	3.381200	1.851100	6.390300	5.009000	3.291800	5.539700	3.610100	20.717300	14.179900	8.197800	7.124500
258	1.729400	0.768900	-0.147900	0.621700	0.000000	3.236700	0.219200	1.476000	1.429000	1.516000	-0.133300	0.761200	1.316800	0.798700	1.964700	1.688500	0.392400	0.398300	0.595400	1.658000
259	0.000000	-0.754700	-1.440600	-0.543600	-1.314700	1.487700	-2.267100	-0.065900	-0.758500	-0.342100	-1.670700	-1.621400	-0.852400	-1.171400	-0.207600	-0.889700	-1.181500	-1.101000	-1.101300	-0.706900
260	3.651800	1.611700	2.572400	0.000000	0.428000	3.097300	2.545600	1.937200	2.559600	2.216100	1.111300	4.082800	4.296200	2.969100	4.940300	2.613300	17.518700	21.185800	16.141200	15.338200
261	3.291100	2.385400	0.000000	2.729900	1.884200	6.130500	4.007200	3.274100	2.784300	2.836100	0.230700	3.383500	3.453200	2.954300	4.841700	3.383800	4.886000	3.572700	5.010400	3.834800
262	0.638700	0.515300	0.205700	1.543100	1.035500	2.476000	-0.441700	0.472600	-0.414100	0.113200	-0.000700	0.000000	0.714600	-0.237100	1.038700	-0.158900	0.263900	-0.087000	-0.122200	-0.260200
263	0.502000	0.030500	-0.013500	0.752300	0.255800	4.891000	-0.554300	0.520400	0.103300	-0.019700	-0.261400	-0.078900	0.000000	0.084900	0.042900	0.316400	0.813400	0.126700	0.080000	0.274600
264	0.082900	-0.089400	0.073300	0.224400	0.110800	-0.927900	-0.258300	0.199400	0.000000	0.219200	0.155000	-0.453400	0.305900	-0.330500	0.449400	0.239800	0.172000	0.067400	0.069900	0.111300
265	0.000000	2.970500	3.587500	4.741700	4.405400	6.139400	2.706000	4.177000	3.590000	3.220500	3.189400	2.766900	3.504900	2.978300	3.468500	2.645300	3.551200	3.365500	3.647000	3.381600
266	5.141500	4.145400	2.454400	8.410400	3.199200	6.773200	3.946800	5.109000	5.116000	4.150500	2.619300	3.190600	5.675000	3.960900	5.665200	4.460800	5.758600	0.000000	4.843900	4.711300
267	0.480600	-0.152800	-0.396600	0.476600	-0.044300	4.636600	-1.126100	0.391000	-0.712100	0.256600	0.012700	-0.728600	0.045800	-0.355400	0.825900	0.000000	0.709900	-0.215200	-0.448200	0.290700
268	0.698200	0.425900	0.430700	0.879200	0.750000	-0.076900	0.398600	1.479000	0.685300	0.396200	0.478300	0.126500	-0.132000	-0.034200	0.000000	0.315500	0.480300	0.486700	0.394900	0.708600
269	1.873700	1.346100	0.241700	0.925600	1.220500	2.692500	-1.118700	1.520900	1.698900	1.470900	0.357100	0.000000	0.694300	0.206800	0.903400	1.019900	0.904700	0.438600	0.362400	0.404200
270	5.894800	4.412000	2.279000	3.661100	4.916500	7.346200	4.884800	3.511000	4.585300	4.107300	2.172200	4.032000	4.962900	4.992600	6.177700	5.190300	7.881800	0.000000	1.072600	3.775100
271	3.514600	2.944100	1.762400	2.361700	2.139200	6.314100	0.000000	2.319700	3.104700	2.777300	1.696900	1.430500	3.354200	2.953200	2.934500	3.258600	2.778800	2.020600	1.885000	3.442300
272	3.256600	2.210200	0.000000	2.040700	1.315300	0.673000	0.902200	2.198800	2.739200	2.132100	1.127300	0.963400	1.807900	1.726500	2.313600	2.520100	1.566800	1.896200	1.952300	2.449200
273	1.607000	0.000000	12.214400	5.574700	10.526100	7.597300	16.436300	6.557600	1.821600	5.191500	12.504800	18.015900	15.646400	17.272300	16.919000	7.720400	44.281470	31.856800	32.690400	37.429900
274	0.431400	0.341300	0.450000	0.463700	0.384900	4.382600	-0.014400	0.000000	0.431000	0.530400	0.111100	0.226200	1.152400	0.540300	0.218900	0.196300	0.169100	0.200300	-0.042200	0.552300
275	2.361100	1.439300	0.338400	1.779700	0.860600	1.221100	1.678300	2.269100	2.202300	1.991300	0.178600	1.233100	1.643700	1.432200	2.586700	2.201100	1.607700	0.000000	-0.092500	2.195500
276	0.805400	0.592300	-0.047800	1.194500	0.720800	0.409500	-0.095900	1.072000	0.560100	0.480600	-0.016700	0.048500	0.164000	0.342900	0.000000	0.428700	-0.112400	-0.092900	-0.202300	0.435800
277	2.320600	1.378200	1.354000	2.497500	2.365700	3.102400	1.547800	1.772900	1.820300	0.945300	0.260200	1.074600	1.269700	1.609500	0.000000	0.729000	3.572200	3.852100	2.085900	1.130300
278	1.796700	1.236100	0.692200	1.144800	0.755700	-0.016100	1.306900	1.227900	1.844000	0.978000	0.226400	0.792300	2.145900	1.245600	1.453900	0.000000	0.988700	1.016500	-0.117000	1.537200
279	4.114400	2.984500	11.289500	7.328300	10.909200	0.000000	24.180700	8.559500	4.846200	4.792900	9.459000	17.578600	7.172800	10.260500	8.778800	9.074300	31.137400	30.437500	22.740400	19.441600
280	4.454900	4.261500	4.436700	3.835100	3.928200	6.304000	5.078600	3.562900	4.264200	4.459500	2.511800	5.171100	4.520300	5.743100	5.033200	4.868700	0.000000	9.319800	3.379200	5.024600
281	1.791100	1.586500	0.873400	1.205700	0.782600	5.589000	1.027300	1.259100	1.441400	1.313300	0.954600	0.867200	0.000000	0.660800	0.073700	0.884100	0.919900	0.240500	0.113400	1.417000
282	1.708700	1.097200	0.453000	1.034500	1.821000	-0.533200	0.880900	0.000000	0.760800	1.037000	0.351100	1.088100	1.388400	1.438600	0.955100	2.160900	2.192500	2.396400	2.680000	0.730700
283	2.101700	1.231700	0.628000	0.841300	0.498500	-0.093900	-0.338500	0.857600	-0.112000	1.122800	0.550800	1.403400	2.436800	1.655800	2.665300	2.274400	1.701400	0.273300	0.000000	2.219300
284	0.360800	0.588900	0.165900	0.295300	0.191200	-0.035900	-0.327200	0.137200	0.402200	0.295700	0.059800	0.000000	0.101400	0.045700	0.328000	0.128700	0.089400	0.022400	-0.014500	0.348300
285	-0.308200	-0.184900	-0.338100	0.261400	0.127200	-0.803000	-0.923800	0.034700	0.012000	-0.103100	-1.180300	-0.709800	-0.201500	-0.169700	-0.221000	0.000000	-2.135500	-0.723400	-1.379400	-0.182500