SITE	GLY	ALA	LEU	VAL	ILE	PRO	ARG	THR	SER	CYS	MET	LYS	GLU	GLN	ASP	ASN	TRP	TYR	PHE	HIS
1	0.785300	0.339400	0.280100	0.416800	0.262100	3.174700	0.131600	0.000000	0.953500	0.776400	0.256600	0.109200	1.976600	1.049700	2.312000	-0.550100	0.949500	1.149500	0.475400	1.179200
2	-0.813700	-1.334700	-1.567800	0.077800	-0.187700	-2.189800	-1.213500	0.000000	-0.870800	-1.044900	-1.277600	-1.502200	-1.257200	-0.967500	-2.058400	-0.904000	-0.430200	-1.438100	-1.497400	-0.083700
3	3.617400	2.200900	3.552400	2.203800	3.196900	0.000000	2.782700	3.121300	2.571900	2.329100	2.916900	2.571300	2.045200	2.284200	3.027500	3.226200	3.025800	2.532600	2.256900	4.497900
4	0.500400	0.078600	-0.296000	0.414600	-0.044100	0.483800	-0.094100	0.116400	0.109000	0.601900	-0.606200	0.047300	0.010600	0.000000	0.541200	0.581600	0.106700	-0.944900	-0.102600	0.547900
5	1.477400	0.520400	0.552500	0.964400	0.781800	-0.492500	0.430300	0.963900	0.332000	1.088600	0.437500	0.690600	0.000000	0.273500	0.547800	0.688400	1.161800	0.606000	0.603600	1.297600
6	1.830300	1.092200	1.350100	1.759100	1.467800	3.534800	1.275400	2.911400	1.639100	1.356900	0.341400	0.992600	0.094600	0.581600	0.000000	0.193800	1.130200	1.267000	1.453300	0.660500
7	0.000000	3.763300	3.890600	4.885300	4.820800	7.349000	3.194400	4.749200	3.908300	3.807000	3.095800	3.304800	3.722000	3.389700	3.783700	3.772900	3.442900	3.632000	3.616800	3.852300
8	5.080700	3.488900	1.367500	5.862400	7.652800	7.396200	4.501900	6.301000	4.401400	3.792900	0.560400	3.612300	4.898800	4.510900	4.810400	3.602100	3.769900	0.733800	0.000000	2.700100
9	2.720500	1.938100	0.000000	1.087400	-0.067800	3.867100	1.252300	1.600900	2.275300	1.435800	-1.362300	0.746700	1.708600	1.485500	2.476400	1.997300	0.696400	-0.660200	0.023400	1.223600
10	1.402000	0.998900	-0.220400	0.498100	-0.030400	0.497400	0.000000	0.721300	1.471600	0.699200	-0.445100	0.078000	0.689000	0.552100	1.022500	0.654000	1.317100	0.338800	0.089400	1.189600
11	4.367600	3.191800	0.000000	2.820900	3.517200	6.108000	2.789000	3.333500	3.721200	3.795300	0.833600	2.543100	4.947900	3.850300	5.662600	3.724200	4.267000	0.389600	-0.439200	3.300700
12	2.815500	1.680000	-0.078200	0.769800	0.160500	8.747900	0.401900	1.615900	2.381400	1.395200	0.253300	0.000000	1.744900	0.498900	3.176900	1.623400	4.887200	1.789300	0.272100	3.106600
13	4.605800	3.938800	0.169300	1.317400	0.000000	5.887000	2.921800	3.393700	4.977500	3.352000	0.290300	2.088300	4.129900	4.058100	4.951300	3.081800	7.612400	8.184500	3.913900	3.945000
14	1.030100	0.000000	-0.364200	2.142700	1.937200	1.998500	0.111900	1.859400	0.402100	0.434000	0.441600	-0.434600	0.342100	0.003200	0.637900	-0.151500	0.752100	0.170100	0.385500	0.215900
15	0.085900	-0.126300	-0.488900	1.076600	1.038000	4.034700	-1.499400	0.558300	0.000000	-0.156900	-1.117600	-0.450300	0.079700	-0.191500	0.203900	-0.173400	-1.283400	-0.343200	-0.498300	-0.010400
16	6.515200	4.166900	2.004100	3.938000	2.770300	5.055100	2.484000	4.198700	4.979700	3.881000	1.914000	0.000000	5.616800	3.813500	6.029400	3.487900	7.308200	8.323500	6.674400	5.203800
17	0.326600	0.051700	-0.416400	-0.488100	-0.655400	2.438600	-0.622300	-0.350200	0.016200	0.018900	-0.592400	-0.724900	0.000000	-0.433300	0.540900	0.396600	-0.189600	-0.463500	-0.593200	0.328400
18	1.413100	0.759900	-0.066300	0.492700	-0.034700	-0.252200	0.303300	0.632200	1.170900	0.134400	-0.211900	0.000000	0.759800	-0.038500	1.264200	0.995900	0.990700	0.923200	1.045400	1.215800
19	3.196500	2.818200	-0.139800	0.922100	0.000000	5.609000	2.073300	2.722200	3.225600	1.925100	1.034700	1.797000	3.004200	2.148300	2.040400	1.454000	2.250900	1.572800	1.962500	2.918900
20	1.282600	0.000000	11.051300	6.996400	11.409400	5.841200	9.590700	4.670500	0.898100	3.682900	8.748400	9.880900	12.843100	7.032500	11.842800	11.985100	31.057200	33.267400	36.233500	34.723700
21	1.215800	0.593700	-0.113300	0.479600	0.337200	3.271200	0.000000	0.664800	0.805800	0.674000	0.064600	-0.083200	0.634700	0.430000	0.627200	0.193300	-0.126400	-0.210400	-0.017000	0.790800
22	-1.484100	0.839800	-0.459400	2.228400	1.907300	3.421000	0.270500	1.150100	0.780100	0.442500	-0.534800	-0.063100	-0.021900	-0.309600	0.000000	-0.365100	-0.167200	-0.190700	-0.159500	0.108400
23	4.983800	3.400900	0.312800	0.819700	0.000000	7.784600	3.824400	1.940200	3.816200	2.786700	0.907400	1.331000	4.560800	1.787900	5.344700	3.585200	12.777300	10.868900	9.473800	13.948900
24	5.458700	3.880600	1.867300	1.398300	1.368100	5.422700	3.580800	3.300600	4.555300	3.549500	1.648500	3.220100	4.802300	3.997800	5.602100	4.472100	0.000000	1.158400	0.872400	3.513500
25	0.267000	-0.879300	-3.930700	-2.273500	-2.805600	2.746200	-2.039100	-0.956600	0.000000	-1.390600	-3.193500	-2.709600	-1.356500	-1.816300	0.380400	-0.712400	-0.193700	1.029200	1.365800	4.749200
26	7.343500	5.425300	0.963500	2.113300	1.220100	6.313300	6.728600	4.632500	6.534900	4.751300	1.321700	2.522500	5.875900	3.796700	6.854000	5.320000	2.858000	0.135000	0.000000	3.926300
27	1.863000	0.924400	-0.811300	-1.321600	-1.533400	3.237700	0.524100	0.111400	1.507300	0.395300	-1.163600	-0.387200	0.000000	-0.559200	0.505100	0.126900	0.874000	0.009900	-0.239300	0.000700
28	5.839500	4.429600	0.000000	2.511100	1.093300	6.411000	5.671800	3.374700	5.279200	3.537500	-0.218000	3.684700	4.447900	3.504800	5.804800	3.487000	4.233100	2.800600	0.026100	2.197400
29	1.632300	1.292200	0.228900	-0.307700	-0.642800	3.583400	-0.200800	0.000000	0.359000	0.730600	-0.317500	-0.218200	0.850000	0.293100	2.306000	1.633000	0.465500	1.221600	0.621300	2.672700
30	0.588200	-0.667700	-1.735700	-1.777000	-2.051700	-2.028700	-1.118600	0.218700	0.233300	-0.555500	-2.764500	-1.860500	-0.270900	-1.068000	0.000000	0.172400	-2.293000	-2.153000	-3.791500	-0.296700
31	3.444600	2.610500	2.292700	4.219000	3.864100	0.000000	2.915200	4.364200	3.489100	3.380800	2.716900	2.706600	3.437300	3.350000	3.933000	3.738000	3.250500	2.571900	2.650700	3.680600
32	0.619200	0.599700	0.164500	0.886100	0.419900	1.595400	-0.465000	-0.210100	-0.263500	0.832000	0.253400	-0.166200	0.639800	0.000000	0.647500	0.198500	-0.088500	-0.061300	-0.143900	0.147100
33	0.000000	3.384600	2.929000	4.577500	4.380100	6.952100	2.534500	4.026200	3.166800	3.759700	2.547000	3.100300	3.144800	2.939200	3.460700	2.763600	2.813600	2.794000	2.772500	2.817700
34	0.548600	0.000000	-0.234000	0.610800	0.304400	1.039800	-0.866300	0.215000	-0.203100	0.121500	-0.230400	-0.429000	0.168400	-0.353800	0.549200	-0.422900	-0.173000	-0.309900	-0.418500	-0.450800
35	1.207900	0.918100	0.323400	1.016100	0.680800	0.000000	0.605500	0.954500	1.031600	1.049200	0.129500	0.755000	0.098800	0.726200	1.130600	1.248400	0.590000	0.529100	0.422600	1.128800
36	3.797900	3.114800	0.000000	1.909800	2.550700	3.999900	2.261300	4.011900	3.981200	2.587700	0.357400	3.148400	4.151500	3.120900	4.850400	2.506000	13.824600	16.056800	6.687600	3.305800
37	3.867300	2.659000	1.728500	2.852800	1.832000	0.000000	2.704800	3.112200	3.260900	3.156900	2.229900	2.238800	2.743200	2.756700	3.431800	3.277400	2.140600	1.382900	1.099300	1.782600
38	1.168400	1.038700	1.221100	1.550900	1.365100	0.000000	1.084000	1.429700	1.185500	1.356000	1.188800	1.238400	0.832000	1.365900	0.846000	1.389900	1.038200	0.217700	0.194100	1.533600
39	4.368200	3.200200	2.942300	2.970400	4.783800	4.069500	3.899400	3.648000	3.791800	2.998200	1.041200	2.574200	4.862700	4.134900	5.081300	3.173800	0.969100	1.774500	0.000000	2.591400
40	0.255500	0.203200	-1.247000	-0.304500	-0.812100	0.083300	-0.464200	-0.270800	-0.063100	-0.297200	-1.122600	-0.729600	0.000000	0.243900	0.695400	0.403000	0.265600	-0.166200	-0.178500	0.029700
41	1.855500	0.000000	2.165900	1.894200	2.725100	-0.400500	4.376700	3.171500	2.001400	0.543600	9.313100	10.230500	7.598300	11.040800	5.754000	4.831900	46.273900	17.455700	9.851100	32.095400
42	0.000000	7.024500	18.161200	18.159900	22.595200	12.494400	32.982000	18.797600	11.075100	10.370200	16.570800	23.128800	21.739700	19.885100	17.819000	17.756300	38.968500	26.074200	23.613900	90.742800
43	1.489200	0.000000	3.965500	2.892200	4.773400	1.932800	3.270600	0.936100	0.815900	1.384400	2.509900	3.248700	3.192700	4.826200	2.636200	2.450700	9.024500	6.200800	4.930400	9.312700
44	2.474200	1.598900	0.165500	0.454900	1.224000	3.539500	0.713400	0.912600	1.907100	1.687100	0.112800	2.331700	2.136300	1.022400	2.333500	0.000000	0.402000	0.533400	-0.174900	2.372300
45	5.185300	3.943500	0.000000	2.190000	1.264100	5.827100	5.137700	2.894200	3.800400	3.214400	-0.605600	3.815800	4.163000	2.790000	5.489000	4.547800	9.662400	5.694100	4.415800	3.781100
46	3.399500	2.205300	0.754000	0.143400	-0.405200	3.592200	1.489500	0.000000	1.812300	1.770500	0.826300	1.870900	4.025300	2.319100	4.008700	3.635700	1.821900	3.101100	0.747300	3.532400
47	5.516400	3.463400	-0.881000	0.000000	-0.735400	4.852600	4.471900	2.681800	4.731800	2.493200	-0.664400	4.298300	3.545600	3.045400	4.433300	3.517100	3.921500	2.298600	-0.367600	3.613900
48	0.946900	0.000000	-0.685900	-1.314100	0.033700	2.822700	-0.040800	0.418400	1.220800	-0.126300	-0.928100	-0.566100	0.613800	0.521300	0.459700	-0.765500	-0.341700	-0.430300	-0.754300	-1.075200
49	3.352400	1.901000	0.371200	0.000000	2.068800	3.221200	18.034500	1.559000	2.709100	1.446600	3.426800	9.271200	4.951200	1.502500	0.970600	1.683100	23.517000	11.141400	7.108300	2.124600
50	3.591200	2.754500	2.411300	2.869100	2.519000	0.000000	1.752000	2.635500	3.152800	2.845300	1.715700	2.148100	3.537300	2.215500	4.074600	2.725400	2.367100	2.834300	1.544800	2.585800
51	0.810800	0.496800	-0.225400	0.318900	-0.236100	1.474000	0.275100	0.877000	0.783700	0.281900	-0.308500	0.073200	0.120900	0.259500	-0.084500	0.000000	-0.263200	-0.472400	-0.811900	0.882700
52	0.000000	2.929800	3.330500	4.368800	4.129900	7.581400	2.622100	4.534800	3.324700	2.945900	2.994900	2.750000	2.978000	2.915900	2.930600	2.324000	2.988500	1.945600	3.125300	3.406600
53	0.503400	-0.539500	2.084300	0.550200	1.712800	1.040700	1.352600	2.313000	0.000000	-0.023400	-1.118900	2.337200	-0.542600	1.239600	1.576200	2.334400	4.128200	1.690100	0.615100	3.202300
54	2.186500	0.861500	-1.855200	-0.115200	-0.656600	1.065000	0.000000	0.855500	1.746300	0.286900	-1.800700	-0.439300	0.571000	0.420700	1.849000	0.845700	-2.399500	-1.087100	-1.712100	0.325300
55	0.968500	0.094800	-1.147300	-0.639600	-0.977900	2.690100	0.000000	0.380500	0.599300	0.051400	-0.957900	-0.141900	-1.043800	-0.667400	-0.149500	-0.164400	-0.814400	-1.085900	-0.834100	1.419400
56	2.668300	1.676400	2.459500	1.254000	1.551400	1.243500	1.630400	0.000000	0.827400	1.552600	1.261300	2.435000	3.009100	2.686700	3.334700	2.675800	1.838800	3.069300	1.366600	3.763000
57	4.486900	3.466300	1.621000	1.171100	0.502300	5.305800	2.652800	2.680700	4.323000	2.679200	0.309200	2.553100	3.663500	2.889100	4.113400	3.079900	-0.281900	0.000000	-0.811600	2.545300
58	1.055100	-0.260500	2.025800	-1.582700	-0.110400	-1.847100	2.364100	-0.868500	0.000000	-0.118300	0.773400	2.230000	2.541100	1.604500	2.424200	0.205600	4.564400	1.231800	5.866500	2.486800
59	6.027400	4.490900	0.000000	1.987000	0.926400	4.516500	8.817900	2.894600	4.933200	3.479900	0.089900	5.518800	4.602800	3.275800	5.559600	3.280500	14.685900	7.188700	4.163000	6.611900
60	1.969500	1.051100	-0.398100	1.028700	0.336300	4.353500	2.266300	1.574300	1.095100	0.000000	0.915000	2.958700	1.516900	1.566400	2.311800	0.991300	2.360500	2.222700	0.511800	36.971400
61	2.949900	2.255000	2.223200	1.984900	1.596700	0.782100	3.950300	1.755300	2.600000	1.840700	1.866200	3.306600	2.174800	3.153600	2.652100	0.000000	5.365400	5.189400	4.415900	13.625200
62	1.232300	0.219900	-1.033700	-0.397700	-0.632700	-0.593000	-0.271400	0.448800	1.182300	0.349800	-0.803900	-0.329200	0.513200	-0.282000	0.000000	0.227200	0.551300	1.024500	0.934300	1.149700
63	1.033700	-0.036000	1.251100	-0.323500	-0.494100	-2.704300	0.798100	-0.483800	0.000000	0.072300	0.477100	0.630800	2.717100	1.714500	2.911200	0.777700	2.156300	1.173600	-0.535900	0.321900
64	0.970600	0.816900	0.407000	1.216700	0.686800	1.292200	-0.628000	0.540900	-0.138000	0.526100	0.311000	-0.166500	1.242700	0.000000	1.303300	0.318400	0.051500	0.385800	0.290200	0.635400
65	2.483400	1.536500	1.589600	2.045900	1.874800	5.277000	1.885300	2.203000	2.113700	1.927600	1.640000	1.735200	0.000000	1.148500	1.642600	2.061900	2.008000	1.646200	1.434200	2.424400
66	1.721500	1.505600	0.210600	1.220500	0.450500	1.845800	0.000000	1.293400	1.505400	1.352200	0.502700	0.481800	1.214400	0.804000	1.375600	1.257000	0.691100	0.980300	0.893200	1.225600
67	0.164600	0.106600	-0.799500	-0.160700	-0.201600	-0.069200	-0.929700	0.288500	-0.116600	-0.226700	-0.733200	-1.152200	-0.837900	-0.713200	-0.119800	0.000000	-0.552000	-0.948200	-1.345500	-0.104200
68	2.156200	1.673600	1.622000	1.640700	1.409200	3.587000	0.000000	1.077400	1.268100	1.525700	1.376300	1.300100	2.715300	1.880400	3.603000	2.199800	3.039400	2.023600	1.784400	1.967900
69	8.055700	6.219000	2.406600	4.448700	3.474700	7.877800	5.447800	5.428100	6.794700	5.625300	1.725000	4.884000	7.072500	4.783300	7.852900	6.573800	2.824900	0.000000	0.573200	4.642700
70	3.136700	2.024100	0.110100	0.000000	0.539900	3.691300	1.113600	1.993400	2.525600	1.633600	0.477500	0.617700	1.804300	1.396900	1.582300	1.271100	1.134000	2.546400	0.951900	0.626900
71	5.114900	4.207500	-0.250700	1.352500	0.000000	4.099400	5.974700	3.505700	4.842700	3.384200	-0.454100	3.536100	3.993800	3.421700	5.365000	3.526900	6.291900	10.599700	5.592500	3.448800
72	2.697200	0.000000	1.913100	-1.073300	-1.247100	1.117800	7.498800	-0.280900	0.160700	0.453900	1.682300	5.430200	1.516300	3.598700	1.018000	0.852600	12.804900	7.585600	5.788000	6.155500
73	3.481900	2.194700	1.690300	0.000000	0.260600	4.161200	6.533700	2.032400	2.384000	0.824800	3.187400	6.694400	4.533200	5.036700	2.291100	3.271900	8.791300	12.869600	6.478900	9.124300
74	2.506100	0.999900	-0.166900	0.692300	0.108800	-0.679700	0.644000	1.711600	1.826400	0.955900	-0.152500	0.000000	0.726200	0.678000	1.460100	1.482000	0.761500	-0.096100	0.252300	1.561400
75	2.728600	1.353100	-0.693400	0.625400	-0.239800	3.523600	0.000000	2.075500	2.457100	1.063200	-0.939600	-0.160900	1.674000	0.916400	2.504100	1.419600	1.192600	0.495100	0.082600	1.465100
76	2.400200	2.097600	1.800200	1.972100	1.537600	3.800700	2.885400	2.352300	2.614300	2.507800	2.238200	1.850100	1.499900	1.985600	0.000000	2.097500	1.904700	2.249800	1.637100	2.501800
77	0.094000	-0.121900	-0.476100	0.081100	-0.093000	-1.434000	-0.680400	-0.124900	0.000000	0.126300	-0.239300	-0.584900	-0.942700	-0.970000	-0.750300	-0.766700	0.185600	-1.658000	-0.168700	-0.103600
78	0.124900	0.149200	0.050400	0.990800	0.589400	1.702300	-0.169500	-0.400100	-0.806100	0.155200	0.340800	0.075700	0.167000	0.221400	-0.087700	0.000000	0.286700	-0.349900	-0.083800	0.349800
79	0.000000	2.742900	4.759100	5.922900	6.490100	9.276200	5.124000	6.114400	2.238000	3.106800	3.023300	5.828300	1.184600	5.771200	3.176900	2.615800	9.028900	5.190700	4.352200	8.275900
80	-0.228800	-0.141300	-0.509500	0.264800	0.655200	-0.650100	0.000000	-0.174500	-0.504500	-0.102000	-0.838700	-0.018000	-1.627600	-0.734600	-2.471900	-0.525800	0.549800	-0.195500	0.730800	0.024800
81	0.000000	3.474000	2.733500	4.849800	4.365000	7.361300	3.430700	4.543100	3.136300	3.187000	2.081000	3.114900	2.581800	3.061200	1.096000	2.382400	2.760000	2.945000	2.915500	2.936700
82	0.000000	-0.268600	2.028100	0.828700	0.594900	-0.506800	0.956000	1.493800	1.305400	1.570400	0.845200	0.653000	0.576000	0.935400	0.894000	2.167400	1.989300	3.168200	2.988200	4.317000
83	0.389000	-0.526600	-0.724200	-0.615700	1.216000	-1.635700	0.345500	-0.213800	0.000000	-0.531900	-1.628600	-0.445000	-3.432700	-1.159500	-2.176300	-1.577800	-0.892400	-0.904300	-1.176300	-0.964500
84	1.234900	0.468400	-0.075900	0.279100	0.000000	-0.489700	0.736600	0.700500	1.363400	0.992900	0.370600	0.555300	-0.136800	0.312100	1.593900	1.479600	1.402500	1.062100	1.032700	2.041800
85	0.629500	-0.880700	-0.402200	0.353300	0.212100	3.835100	1.087100	-0.361100	0.000000	1.160300	-0.663800	0.949000	1.399400	0.261100	2.576200	1.308100	4.072100	4.105200	3.796500	24.070200
86	7.172400	5.227200	1.372500	4.301800	3.021600	12.422900	4.208800	6.656100	5.939700	5.285900	1.117100	4.536100	4.610200	4.341800	6.544900	5.831200	-0.533900	0.769400	0.000000	3.006200
87	4.825700	3.269000	1.018300	0.985800	0.000000	6.959500	5.876500	1.855400	3.201500	2.801600	2.652300	5.547900	5.179300	5.410400	5.234100	3.310500	26.101600	9.682500	9.541300	7.869000
88	1.796800	1.078600	0.842500	1.673600	1.262100	8.284900	0.887300	1.390000	1.140100	1.227800	0.571500	0.579100	0.801600	0.808300	0.000000	-0.023500	1.561600	1.485300	1.449300	1.543700
89	-0.041600	-0.143100	-1.066100	0.838600	-0.119400	0.029400	-0.617200	1.209900	0.186500	0.305100	-1.032000	-0.860700	-0.293800	-0.352800	0.000000	-0.097900	-0.526100	-0.892000	-1.111200	-0.007200
90	4.284300	2.967900	2.125300	2.348000	1.964600	5.401400	0.138600	0.000000	1.890900	2.143000	0.254200	1.141100	4.474800	2.198800	5.293800	2.372400	7.263600	4.702500	0.381100	5.569300
91	1.203300	1.090200	1.093900	0.997800	0.961600	1.831300	0.082500	0.230900	0.000000	0.898000	1.042800	0.348000	1.516500	0.379400	2.129900	1.180200	0.900300	0.845000	0.748000	0.746700
92	1.075400	0.613000	0.684500	0.508000	0.424600	-0.962000	0.761300	0.649400	0.984500	0.855300	0.639600	0.626900	0.000000	0.420000	1.049000	1.038900	0.808300	0.860200	0.842300	1.058800
93	0.000000	3.108100	3.689100	4.982300	4.739600	7.365600	2.782600	4.938000	3.538000	3.583600	3.454600	3.294900	3.639400	3.004000	3.741200	3.581900	3.635300	3.612400	3.596200	3.708800
94	1.908400	0.735500	-0.338800	1.360900	1.262200	5.503500	-0.012200	0.047300	0.261900	0.863300	-0.835100	-0.301700	0.160800	0.174500	0.000000	1.103800	-0.293400	0.268800	0.625300	1.007500
95	0.428100	0.000000	-0.427600	0.081600	0.012600	-0.987700	-0.012000	0.396900	0.499100	0.158400	-0.176500	-0.138600	-0.316900	0.075600	0.860900	0.383800	0.410100	0.240700	0.103100	0.510700
96	4.987200	3.257800	0.129400	0.000000	-0.591800	5.401800	2.062000	1.523500	3.248900	2.253500	0.097300	1.837000	4.473700	2.157400	4.868800	3.281800	11.148900	10.297300	7.909300	11.649900
97	1.794600	0.276000	-1.726500	-0.137300	-0.640100	-1.034700	-0.066900	0.588600	1.147000	0.328800	-1.582200	-0.661100	0.000000	-0.051300	1.210500	0.195500	-1.161400	-1.616200	-1.327500	0.660400
98	5.256000	3.005800	0.913800	0.000000	-0.267500	5.386200	6.940700	2.666700	3.327200	2.407600	1.461000	4.054100	4.809000	3.366200	5.288100	3.650600	1.661500	5.225300	0.438200	5.356800
99	2.048300	1.447100	0.597300	2.947900	3.065300	7.079400	2.149900	3.292300	0.000000	1.984000	0.759900	1.667100	1.243900	1.358100	0.848700	1.461900	1.510600	1.019900	0.994900	1.763800
100	1.663700	1.059000	0.000000	1.134600	0.421900	-0.657900	-0.090600	1.284300	1.125200	1.000200	-0.292800	0.270000	0.370200	0.559600	1.406000	0.953800	-0.505700	-0.520100	-0.332600	0.021700
101	4.683800	3.314700	2.176200	1.481200	1.109700	0.000000	4.380800	2.060900	4.087200	2.644600	2.254400	4.805500	5.423500	4.588600	3.935700	3.583600	10.129000	8.531400	8.158600	31.859800
102	2.274000	1.896500	1.022400	1.742300	0.830900	5.258800	0.000000	1.930200	2.076500	1.787300	0.548300	1.006200	1.998600	1.313100	2.091600	0.906800	0.695600	0.156500	0.128200	1.486100
103	-0.041900	-0.316000	-1.054200	-0.135200	-0.636300	-0.995900	-0.436200	-0.138100	0.220300	0.050700	-1.541100	-0.810000	-0.179400	-0.312700	0.126100	0.000000	-0.437300	-0.374000	-1.060800	0.126500
104	1.712000	1.581400	0.511600	1.969900	1.446000	4.785500	1.200500	2.518700	1.668400	1.397800	0.104600	0.911500	0.000000	0.760100	1.835400	1.538800	1.313500	0.847500	0.695500	1.684600
105	3.896400	3.235200	2.096300	3.924600	3.809200	7.662100	3.079700	3.689300	3.443300	2.896600	1.666500	2.691900	4.831400	3.551500	5.180400	2.949800	7.779700	1.965400	0.000000	3.329600
106	0.785600	0.791600	-0.149200	1.161800	0.569200	0.000000	0.224300	1.070900	0.888100	0.801200	0.453200	0.215900	1.133900	0.690400	1.238700	0.646700	1.240500	0.910100	0.845000	1.407300
107	4.954100	3.493300	0.000000	2.048600	0.901500	1.217200	5.574700	3.250600	4.625200	2.694300	0.186400	4.140100	4.078400	2.894100	4.356500	3.230900	11.448100	7.781500	6.443300	11.997000
108	1.522300	0.367700	-0.223300	0.112200	0.158500	3.584100	0.858900	1.213500	1.341500	0.109200	-0.460000	0.296600	-0.030700	0.470100	0.000000	0.809900	-0.234300	-0.166400	-0.806000	0.101400
109	0.523700	0.202400	0.235600	0.472500	0.333400	-0.608300	0.026200	0.614100	0.587800	0.292000	0.064800	0.000000	-0.034300	-0.115000	0.457400	0.597900	0.146400	0.277600	0.311400	0.501800
110	0.728000	0.832600	0.228800	1.191800	0.945400	1.428000	0.000000	0.538200	0.054200	0.652300	0.375800	0.497700	0.764900	0.309000	0.684900	0.659300	0.747200	0.138800	0.057700	0.857500
111	1.473800	0.000000	16.631700	5.215700	11.175700	2.176500	18.788400	4.243500	0.905800	0.699700	13.391400	19.645500	14.458300	16.738400	8.255500	7.187200	22.652400	48.270500	35.669800	63.840600
112	0.794600	0.419500	-0.159200	0.360200	-0.182800	3.542600	0.091900	0.782700	0.458400	0.319600	-0.147200	0.000000	0.185400	0.165700	0.262100	0.568000	0.643900	0.176600	0.126000	0.528200
113	1.544300	1.207200	0.337600	1.582300	1.183800	1.797300	1.258400	1.817400	0.000000	0.961400	0.099100	1.123300	1.432200	1.620800	1.050400	1.752300	2.236800	2.674500	2.704300	2.559600
114	6.113600	4.653800	1.240600	3.381300	1.599500	7.436400	7.892400	4.878600	5.386000	4.169200	1.242300	5.752300	5.826100	4.787000	6.146400	4.399400	4.871800	2.295700	0.000000	3.574600
115	5.230100	3.749900	0.787000	0.807800	0.000000	4.326200	5.923400	2.765100	4.605300	2.598700	1.167500	3.431100	3.816100	3.616900	4.117700	4.009100	6.690700	5.062100	4.509400	5.899500
116	5.939800	4.153400	0.000000	3.691900	3.020100	6.081200	6.654000	2.971500	5.001800	3.392100	0.170000	3.674000	4.915600	3.441700	5.488100	4.485700	9.463100	2.258200	0.255200	3.772900
117	5.507700	3.358400	0.648300	0.000000	-0.938900	5.499500	10.512100	2.404800	4.559300	2.606400	0.904200	5.443300	4.170300	3.783400	4.040400	3.063300	12.907600	7.920000	4.160900	4.389500
118	1.726300	0.000000	3.853400	2.722800	5.662300	3.906200	13.920300	2.139800	0.687900	2.351600	3.929300	10.794300	6.229600	8.312400	10.103100	7.661600	28.930200	24.307200	13.412600	32.302500
119	0.000000	-0.117200	-1.861800	0.478300	1.074400	2.228400	-0.627700	0.393700	0.535100	-0.778600	-1.893700	-0.652700	0.889500	0.439400	0.190400	-0.551500	-0.179600	-3.054800	-1.093400	-1.372000
120	0.000000	3.827900	3.111200	5.172300	4.439700	5.346200	3.537900	3.888400	2.606000	3.642200	2.642700	2.633800	3.706800	3.702600	2.449200	2.678300	2.630700	2.707200	2.065400	3.639700
121	2.906600	2.074900	-0.280500	1.428900	0.000000	0.970400	2.546300	2.176100	2.540600	1.796500	-0.803200	1.858600	0.741600	1.565400	1.496800	2.100300	2.156700	2.168300	2.073900	2.290600
122	0.000000	3.139400	8.607700	15.290000	15.446700	7.227600	9.876400	12.046600	4.904000	5.917100	7.155000	10.210500	8.394100	9.123600	9.844800	9.043100	20.168600	19.101200	17.908900	24.475400
123	5.109100	3.272200	2.808200	0.868200	0.000000	9.717300	8.373600	3.732200	3.709400	3.260600	-0.274000	5.043700	4.224500	2.818700	5.370100	4.346800	11.203500	8.446300	6.085200	22.995300
124	1.058900	-0.327900	-1.451800	-0.914400	-1.858400	2.870700	-0.286100	0.000000	1.070300	-0.318000	-1.835700	0.797600	1.197100	0.057300	0.816000	-0.376000	7.018400	5.053600	2.974900	9.993700
125	3.527600	2.055200	3.928600	2.402800	4.857600	0.000000	4.606100	2.525400	3.125600	2.323500	1.974500	8.546900	5.988400	1.444200	5.577300	3.470100	19.002900	17.364600	18.120400	14.706200
126	4.511800	2.620000	0.155300	2.835200	1.525500	2.458500	11.270500	1.820600	3.310900	2.265200	0.000000	4.727100	5.060200	3.800900	5.392200	2.558900	21.368100	25.520000	14.236400	7.004600
127	5.119600	3.284200	0.000000	2.677300	1.737300	11.559100	6.304900	2.480400	3.962000	3.526000	-0.055400	3.941200	3.939000	2.322500	4.716700	3.977800	3.030900	1.242800	-0.285100	3.025700
128	1.090600	-0.062500	2.189100	1.645400	2.986300	5.561200	17.778800	2.880900	0.000000	0.193200	4.329400	7.871800	4.410900	3.505300	5.016900	4.231900	35.980700	18.765100	15.912100	58.047500
129	4.833600	3.074200	0.284500	1.727300	0.533500	7.176600	6.098900	3.697900	3.791800	3.382000	0.000000	2.548400	4.764700	2.873100	6.058800	4.459800	10.679600	10.468600	4.041600	4.335600
130	2.187200	0.000000	0.868100	3.446600	7.218800	6.774400	10.948300	2.156700	0.889900	1.711100	1.665200	7.947900	5.895300	6.483800	6.600400	3.826000	28.711000	21.419700	13.781400	50.587900
131	3.396700	2.290100	0.696700	2.799700	2.622300	6.025800	0.000000	2.460100	2.831200	2.412000	0.877000	1.257100	3.350400	1.592600	4.321100	2.427800	1.681300	0.557100	0.833400	1.685400
132	2.236000	0.876700	-0.198800	0.509100	1.532600	5.354300	0.471300	1.439600	1.298400	1.541400	-0.243200	0.444100	0.818000	0.000000	2.186500	1.001000	0.737000	-1.062100	-1.382500	-0.300500
133	5.019600	3.532000	0.000000	2.922600	1.638800	6.999400	8.485800	3.050900	3.870600	3.315000	0.035200	5.230000	4.786900	3.100800	5.633200	4.092200	8.987000	4.551800	3.371700	6.119400
134	3.807900	2.780000	1.510800	2.512800	1.887000	7.203500	0.000000	3.652300	3.691400	3.152000	1.384900	1.873600	3.692900	2.599900	4.240200	2.955800	2.949100	1.746600	1.362300	3.352400
135	1.055800	0.000000	-0.493800	1.818300	1.425200	3.577800	0.326800	0.578700	-0.172900	0.760300	-0.579600	0.432800	3.161000	1.518000	4.197100	0.842400	1.456600	0.561700	0.842600	1.268600
136	2.315200	1.196000	0.306100	2.108600	1.613400	5.386900	0.841200	2.249500	1.768100	1.790500	-0.078000	0.769200	0.000000	0.632900	2.283700	1.102800	0.636300	0.882900	0.532700	1.140800
137	0.000000	3.474400	3.144000	4.671600	4.985900	9.803800	0.880500	3.855200	2.796800	2.997300	3.276700	0.858800	4.147500	2.682400	4.828000	2.080100	3.258900	2.963500	2.900000	1.107100
138	2.625400	0.725800	0.000000	0.376900	0.280600	4.628000	-0.780800	0.091800	0.569900	2.053000	1.603700	-0.891800	0.470800	-0.363700	0.539100	0.158800	0.332800	0.163300	0.096500	-0.329100
139	3.578500	2.614700	1.106700	2.260200	2.401100	2.877000	0.000000	2.751100	2.479000	2.544900	1.374200	1.771300	3.659300	2.154000	3.945100	2.269500	1.259000	1.402000	0.860200	2.312100
140	0.368500	0.567200	0.600300	1.261600	1.181900	-0.131900	0.593100	0.495500	0.000000	0.757200	0.486300	0.407200	0.340300	0.579700	0.928100	0.911300	0.539900	-1.502300	-0.378400	0.917800
141	5.451500	4.094200	1.916200	2.749500	3.336400	5.042900	5.860800	4.354600	4.927500	3.861700	1.023400	3.872700	5.637000	4.346100	6.125100	5.045700	1.219900	1.292100	0.000000	3.559500
142	1.979800	1.357500	0.111300	-0.305400	-0.747500	3.510600	0.000000	0.646800	1.722000	0.851900	-0.411200	0.003600	0.575900	0.609400	1.985700	1.925700	0.817300	-0.035100	-0.473700	0.617700
143	5.747900	4.173500	0.000000	0.723400	1.143700	6.931400	5.006100	3.250000	5.094500	3.318500	0.032900	4.305900	4.426300	3.617100	5.176900	4.165600	8.982700	8.213500	5.765300	4.050300
144	5.135500	3.535500	-0.342300	0.129600	-1.055800	4.792700	3.610700	2.580900	4.662600	2.386700	-0.168400	3.063000	3.440800	3.315100	3.765700	2.880100	0.135200	0.000000	-0.661100	2.821800
145	7.767200	5.489300	1.262000	2.474900	2.506800	9.766400	5.126800	5.008500	6.601500	4.709000	1.319100	3.755300	5.844900	5.006500	6.174600	5.135800	4.898900	0.000000	0.464300	4.065300
146	4.977200	4.170000	0.000000	2.057100	0.634000	4.809500	3.082700	3.142500	4.496600	3.041300	-0.061500	2.478900	3.768400	2.646200	4.043000	3.375200	1.091600	3.276100	2.409700	2.844400
147	1.828700	1.799700	3.157600	0.965200	-0.471500	2.572000	2.779500	0.000000	0.558400	1.035500	1.154800	2.126700	1.635100	1.217600	1.289300	0.828300	7.606100	9.641800	3.971200	40.443400
148	1.053900	1.209300	0.539600	0.834700	0.574900	1.181900	0.000000	0.798600	1.005500	1.222600	1.056600	0.085100	0.516200	-0.008100	1.659200	0.642300	1.630200	1.077700	1.038200	0.920500
149	0.570600	-0.066100	-0.469300	2.415800	3.045800	1.389100	0.360600	0.637700	0.982000	0.020400	-0.607300	-0.011900	0.602200	-0.040700	0.000000	-0.421000	1.421900	1.120200	-0.202600	1.787000
150	3.283900	2.568300	2.467400	2.954900	2.558800	0.000000	2.554300	2.334700	2.228300	3.204000	2.430500	2.501200	2.424700	2.354900	4.088400	3.160300	3.707800	4.048400	3.884000	3.800800
151	1.080300	0.113000	-0.069400	0.877800	0.469700	-0.879500	-0.092000	0.654100	0.053300	0.752300	-0.371900	-0.208000	0.000000	-0.227600	0.869000	0.680400	-0.110500	-0.305300	-0.479400	0.532200
152	0.000000	-0.112400	-1.416600	-1.057600	-0.158400	1.140200	-0.175900	-0.392300	-0.136700	-0.723800	-0.894300	-0.399600	0.397700	-0.434400	1.005000	-0.304200	0.228500	-0.846000	-0.620100	0.179100
153	5.138800	3.720600	3.785400	4.131000	8.123300	9.027300	17.797700	0.000000	2.274000	3.011900	6.036300	10.147800	4.515100	10.395400	2.708100	2.923900	38.703800	24.014500	20.802300	23.027700
154	2.185800	0.000000	3.987100	3.110600	3.754100	-1.506500	6.772100	4.234000	1.563700	1.357800	4.468500	3.478700	2.657100	7.630200	5.020600	2.926700	17.103800	12.564300	8.431300	37.898400
155	3.055000	4.508200	2.130200	4.437900	4.090800	7.485200	3.598900	5.332400	4.523000	3.646100	1.745300	2.887200	4.912700	3.482000	5.238900	2.654500	1.036100	1.140700	0.000000	2.356300
156	3.430200	2.588900	0.656600	2.796900	1.718000	2.573700	1.383100	3.381000	3.707700	2.918000	0.392700	1.502500	2.826100	1.716400	3.937300	2.490200	-0.392700	-0.004400	0.000000	2.433900
157	0.784700	0.504800	0.411500	0.592500	0.500200	-0.228100	0.378300	0.610200	0.744300	0.832800	0.217000	0.375100	0.167700	0.337500	0.000000	0.433000	0.116400	0.233700	-0.293900	0.732500
158	2.379300	1.412900	0.148200	1.595800	1.072600	0.258100	1.259700	1.516600	1.513300	1.927800	0.102600	1.064400	0.000000	0.143900	2.098300	1.454100	1.498400	1.033400	0.760300	1.704400
159	5.480700	4.291300	0.000000	1.929800	2.044300	6.598000	6.571600	3.557200	4.837400	3.471400	0.367800	4.347900	4.665300	3.822600	5.595100	3.352800	5.743500	4.293700	1.170800	4.562700
160	1.715600	1.306300	-0.093500	0.433100	0.049900	2.293700	0.604800	0.000000	0.605500	1.042900	-0.172400	0.291300	0.705500	0.492400	0.992900	0.188300	1.156100	0.785700	0.764100	1.549100
161	0.774700	0.533100	0.551800	2.631900	2.309100	6.962800	0.800900	2.223300	0.000000	1.077700	0.563100	0.308300	1.653400	0.573100	0.481100	1.009700	1.016600	0.609300	0.560100	0.930800
162	0.557800	0.172400	-0.092400	0.324400	0.135400	-0.906600	0.447600	0.189800	0.276900	0.693000	0.140800	0.148600	-0.192700	0.178300	0.000000	0.502400	0.459300	0.354200	0.314000	0.706600
163	0.936600	0.095500	-0.301700	0.437200	-0.008500	-0.336800	-0.261900	0.587900	0.746300	0.558200	-0.558000	-0.140800	0.000000	-0.165900	0.544000	0.054900	0.240900	-0.775700	-1.112900	-0.040400
164	5.232800	4.565000	2.671700	3.717200	4.832300	6.046600	3.967800	4.301200	5.227200	4.149800	2.206000	4.181100	4.839600	4.389100	5.690200	3.550500	0.000000	0.681600	0.765400	2.981600
165	1.335200	0.819400	0.805600	1.683200	1.240600	4.138300	0.000000	1.798800	1.275400	1.513400	0.922700	0.839400	1.030300	1.303100	1.381700	1.558200	0.402600	1.111600	1.155300	1.622900
166	-0.146600	-0.135200	-0.213700	-0.075200	0.278300	-0.066900	-0.521800	0.098300	0.000000	0.328600	-0.325100	-0.423900	-0.309900	-0.807500	-0.051300	-0.601700	-0.225500	-0.667500	-0.544800	-0.185900
167	0.687200	-0.131100	-1.044800	-0.933000	0.343100	2.132500	0.328300	0.237900	0.324700	-0.498400	-0.552300	-0.051400	-0.484300	0.337500	0.000000	-0.664400	0.487300	0.034800	-0.083400	-0.370600
168	4.421600	2.743600	1.980900	0.000000	-0.442300	5.131500	7.799300	1.789400	3.398200	2.214100	4.850600	7.103100	5.164900	4.178900	5.027400	4.340100	15.683900	14.877100	9.569700	10.049500
169	1.653000	0.881800	-0.600600	0.243500	-0.777300	3.678300	0.125900	0.572600	0.951300	0.545500	-0.766300	0.000000	0.118200	0.280500	0.460100	0.070300	0.277000	-0.071800	-0.315500	0.359600
170	3.916200	2.911700	-0.447300	1.337300	0.000000	2.451800	2.855100	2.722300	3.698400	2.427600	-0.806800	2.053800	3.397200	2.578800	3.524300	3.290700	1.208100	1.930800	1.957200	2.938800
171	1.085600	0.002900	-0.952500	-1.122900	-2.731500	1.366400	-0.146600	-0.201200	0.653900	-0.036900	-1.595800	-0.433000	0.189300	0.074400	0.634300	0.542600	-0.400700	-0.577100	-0.923700	0.000000
172	2.149900	0.979200	-1.552300	-0.060800	-0.227500	1.549000	0.857400	0.730300	1.958600	0.682600	-1.803300	0.097700	0.806200	0.685400	1.614500	1.677500	-0.808800	0.909100	-1.518600	0.000000
173	1.066700	0.558300	-0.637700	0.340200	-0.171300	1.047300	-0.839100	1.286700	0.527800	0.768500	-0.531700	-0.254500	0.717900	0.241000	0.000000	0.595400	-0.136200	-1.340500	-1.710200	0.500300
174	0.355300	1.767800	0.387400	2.532200	2.389900	6.432400	0.217400	2.493100	1.442900	1.555100	0.333800	0.110700	1.336700	0.410000	1.424200	0.317400	0.015500	0.077900	-0.010100	0.000000
175	0.000000	3.041600	2.830200	4.811800	4.626300	9.022100	2.590500	4.231200	2.966300	3.187300	2.775900	2.820100	3.022800	3.098500	3.292200	2.594600	3.372000	3.460700	3.346700	2.699800
176	2.562100	1.532100	0.813300	1.171500	0.653200	4.606000	0.940000	1.708700	2.259400	1.274000	1.182300	0.832000	0.889500	1.410400	0.000000	1.252200	1.190300	1.349500	1.247700	1.644100
177	1.204900	1.405500	1.300000	1.409500	1.312900	0.000000	0.619300	1.365400	1.372600	1.744200	1.206800	0.651800	1.403600	1.265100	1.532000	1.277000	1.093900	1.164200	1.093700	1.349500
178	0.329500	-0.240100	-0.248500	0.573900	0.225600	1.378100	-0.951100	0.000000	-0.364100	-0.034600	-0.193100	-0.561700	0.105000	-0.469100	0.505000	-0.473500	0.095900	-0.295700	-0.375800	-0.394500
179	-0.475100	-0.359100	-1.078700	0.721400	0.496700	-0.223900	-0.643300	1.330400	-0.190600	-0.281800	-1.438000	0.000000	-0.042900	-0.733700	-0.241100	-0.709700	-0.709400	-0.908600	-1.190300	-1.109100
180	0.234200	0.000000	-0.059900	0.683700	0.529200	0.526600	-1.003700	0.176900	-0.347500	0.145800	-0.540100	-0.562100	0.079800	-0.266000	0.020000	-0.152300	-0.602900	0.121300	-0.511700	0.173700
181	5.209200	3.854300	1.123800	2.941000	1.759800	3.180300	4.011100	4.552600	4.498400	3.588200	0.744000	3.386100	3.282300	3.205100	4.170500	3.175700	1.984200	1.964100	0.000000	1.881900
182	1.504000	1.577700	1.263400	1.634000	1.638600	0.507900	0.922100	1.673500	1.735800	2.277900	1.349500	0.788100	0.386500	1.011700	0.000000	0.847100	1.083600	1.171000	0.998200	1.618500
183	5.189300	4.916600	1.370400	4.198700	4.717900	4.106700	4.758400	5.256600	5.622200	4.245000	1.062200	3.813700	5.007100	4.193900	5.809400	5.182200	1.164200	0.988100	0.000000	3.467600
184	1.343500	0.755800	0.187800	1.510200	0.881900	-0.449200	0.487000	0.503000	0.193400	1.329500	-0.152500	0.192700	1.079000	0.690300	1.755800	1.274400	0.000000	0.311900	0.219900	1.077500
185	0.158000	-0.242400	0.099600	0.421100	-0.346800	-0.754100	-0.287200	0.200400	0.000000	0.105000	-0.630000	-0.399900	0.170900	-0.106900	0.446500	-0.559900	-0.351700	0.184100	0.145800	-0.092300
186	3.461300	1.565700	-1.349600	0.000000	-0.215900	0.785000	2.366000	2.038300	2.279400	0.734100	0.117100	1.463500	2.874900	2.768200	1.989600	1.404800	2.933100	2.667500	1.280600	5.195700
187	7.151600	5.910800	2.288300	4.997000	6.988200	8.900800	6.771800	5.900100	6.475300	5.642500	1.614200	5.394600	7.070400	5.950500	7.385400	5.092400	4.969100	1.572400	0.000000	3.425900
188	0.615800	-0.100500	-0.589100	0.753000	0.480400	4.411400	-0.067900	1.042900	0.050400	0.657000	-0.208100	-0.352600	0.000000	0.265300	0.665900	0.797600	0.015100	-0.303600	-1.218200	0.632900
189	0.562400	0.310200	-0.020400	0.055300	-0.084100	1.207700	-0.351400	0.054500	0.268900	0.229500	0.142400	0.000000	0.281300	-0.083300	0.549100	0.275200	-0.219300	0.022400	-0.028700	0.273300
190	0.001700	-0.998100	-0.878700	-2.058700	-0.381500	-2.143200	-1.265700	-1.118000	0.000000	-1.570100	-1.812500	-1.890100	-0.504200	-0.831200	-0.638900	-0.816100	-1.481000	-1.173800	-0.891700	-0.135600
191	0.433900	0.137400	-0.387000	1.023800	0.638200	-1.882000	0.014400	1.227900	0.382700	0.456500	-0.095300	0.000000	0.022400	0.246600	0.261000	0.152800	0.163300	0.077400	0.041100	0.488000
192	0.721100	0.423800	0.522500	0.570900	0.319800	0.000000	0.629500	0.526600	0.479000	0.652900	0.119800	0.542500	0.145500	0.194400	0.098700	0.616600	-0.018400	-0.088300	0.027600	0.516200
193	-1.180200	0.000000	-0.575500	2.310000	3.125400	3.078200	-0.967700	1.015800	-0.057600	-0.150800	-0.652100	-0.615300	-0.343900	-0.887800	-0.440500	-0.534700	-0.755100	-0.625800	-0.681100	-0.228600
194	1.378600	0.431300	-2.061600	-0.242000	0.467800	7.228100	0.927700	0.690000	1.612400	-0.144000	-1.897100	0.236100	0.105400	0.000000	1.449300	0.953200	1.511600	1.544100	1.753300	0.461600
195	1.963800	0.633400	0.024500	2.010500	3.343700	3.917400	1.729100	1.869300	0.179800	0.401200	0.030900	0.054800	2.331800	1.901600	1.598400	0.524500	5.332900	0.479200	0.093100	0.000000
196	5.492500	3.174300	1.135600	0.000000	0.062200	5.742900	10.659500	2.533400	4.631000	2.820500	0.259600	9.832000	5.556200	4.578100	5.094600	3.021900	34.746000	20.651300	10.257400	10.231800
197	6.679800	4.759400	1.419500	3.241900	4.434300	5.588000	5.959000	5.749300	6.073200	4.267300	1.895100	3.839500	6.232800	4.135400	6.634900	5.419800	3.544200	0.000000	0.897600	4.284100
198	1.365700	0.011900	0.427700	-1.556200	-1.938400	2.817100	14.961400	0.184400	1.589300	0.000000	-0.227000	3.486100	4.859300	3.207800	3.160500	1.414400	13.027700	8.865800	4.849900	3.500800
199	3.074100	0.980100	0.203400	-1.531900	1.459400	9.293500	3.258300	0.626500	1.015900	0.000000	2.101000	2.879400	5.634100	5.184300	2.700500	1.940300	5.128600	3.747400	0.951900	25.082800
200	0.000000	4.855900	9.687000	7.839400	10.207400	6.197100	14.452600	8.244100	5.816200	5.278500	7.245100	14.770900	13.195500	11.831000	9.535700	7.196500	30.085400	24.573100	24.707100	32.936000
201	1.913600	1.990400	2.496000	2.401900	2.166100	0.000000	2.231300	1.448200	1.638100	2.269500	1.438100	1.901000	-0.230000	2.209700	-1.513100	1.407500	1.261100	2.245200	2.292200	1.992600
202	0.910200	0.380000	-0.630200	0.464800	-0.459800	-1.473600	-0.054700	0.686000	0.932800	0.913300	-0.526400	0.093800	-0.994300	0.000000	-0.463200	0.866800	0.301700	0.194900	0.185200	0.534400
203	0.651900	0.000000	-0.026100	0.049700	-0.359600	-1.344900	-0.063400	0.201500	0.430200	0.018000	-0.374500	-0.239600	-1.734300	-0.614400	-1.509700	-0.112900	0.014600	0.213400	0.086000	0.594100
204	4.774800	3.428200	0.000000	2.540900	1.663000	2.304800	3.013700	3.385400	3.749600	3.480800	0.130300	2.588300	3.186100	3.198900	4.094900	3.857800	3.236000	1.756600	1.839500	3.653300
205	2.936500	1.520000	0.696400	1.797600	1.100400	2.779800	1.405300	0.820300	2.175200	2.141700	0.000000	2.271100	3.073600	2.135700	4.411700	2.029700	10.006600	11.351500	10.322000	9.532600
206	0.370000	-0.496900	-0.917800	0.026900	-0.657200	3.113000	-0.373100	0.756900	-0.192100	0.296100	-0.981200	-0.668300	-0.692700	-0.561100	0.000000	0.450500	-0.507200	-0.482400	-0.354300	0.268700
207	1.146000	-0.126400	-1.399200	-0.613100	-1.290600	2.747400	-0.699000	0.000000	0.779600	0.421900	-1.465400	-0.840200	-0.072300	-0.713100	0.746000	-0.093700	-0.654300	-0.603900	-1.010000	-0.263500
208	4.596200	2.490200	-0.094900	0.000000	-1.057400	4.371100	13.582800	1.825700	4.025900	1.853500	3.339000	5.165800	3.364100	3.133000	3.892400	1.958800	5.375100	10.440900	11.493300	7.143500
209	1.433600	0.299700	-0.285500	1.495600	3.390900	7.905600	0.000000	1.310300	0.579800	0.996300	-0.377600	-0.116300	0.602300	0.128000	1.297200	0.824400	0.130300	0.373800	0.182200	0.578400
210	0.126200	-0.846000	-0.983300	-0.492500	-1.157800	2.520800	-1.213500	-0.542200	-0.860500	-0.627500	-1.400900	-1.081500	-0.560300	-1.185600	0.000000	-0.881600	-0.860100	-0.910100	-1.064700	-0.735300
211	1.766700	0.789100	0.382400	2.658100	2.471300	4.240800	0.258000	1.503100	1.580300	0.888200	0.000000	-0.058500	2.654800	1.437800	3.355800	1.050000	1.122100	0.584000	0.139300	-0.233200
212	2.902400	1.723600	1.799700	0.222700	0.602500	6.343500	4.946200	0.000000	1.783300	-0.074500	1.674400	4.431700	6.490000	3.702800	4.288600	-0.483800	12.657200	13.881300	12.769400	47.744800
213	0.000000	-0.064200	-0.054300	0.436000	0.135000	2.216000	-0.871000	0.222900	-0.280100	0.021800	-0.087100	-0.785100	0.358200	-0.295900	0.569100	-0.248100	-0.241400	-0.008900	-0.031900	-0.340400
214	-0.164100	-0.173400	-0.305200	-0.083700	-0.479200	0.057400	-0.558900	0.320600	-0.136900	-0.414900	-0.591400	-0.544600	-0.041800	-0.241100	-0.166300	-0.225000	-0.581100	-0.347300	-0.334400	0.000000
215	4.667400	3.558100	1.194800	4.354200	4.043600	8.026300	4.529500	3.145800	4.035600	3.862500	0.996300	3.345800	4.101600	3.569800	4.314200	3.551200	0.000000	1.565200	1.124900	3.257200
216	1.486500	1.142500	1.099000	1.495000	1.231000	0.000000	1.316000	1.429900	1.405400	1.521200	0.809100	1.232200	1.165300	1.419100	1.402700	1.578500	1.098200	1.141700	0.882700	1.560900
217	0.151600	-0.104100	-0.082300	-0.129000	0.001300	-1.187600	-0.142500	-0.173500	0.000000	-0.008800	-0.009500	-0.150800	-0.227700	-0.000700	-0.074100	0.027600	-0.076300	-0.179300	-0.189600	-0.068800
218	0.000000	2.443300	2.366100	4.668700	4.540900	6.260900	3.561800	3.327000	3.859600	3.751100	3.719600	2.585700	2.538500	2.257700	2.568400	2.142300	2.373300	2.184800	2.190500	2.376900
219	1.295700	0.291600	-0.732600	0.034800	3.975500	3.464800	0.200900	0.000000	0.396700	0.986500	-0.020600	0.130500	2.038200	0.995400	1.825800	0.584800	0.143300	-0.405800	-0.647900	0.821800
220	3.246500	2.135200	1.510300	0.000000	-0.624300	3.532300	2.301100	1.452900	2.811700	1.316500	1.190400	1.638000	3.916100	1.860400	3.152800	2.387700	2.488300	1.990100	1.831300	2.899200
221	1.915100	0.727600	-0.226900	0.534300	0.534700	5.303400	0.015900	1.396800	1.363500	0.752200	0.000800	0.052900	0.816700	0.335900	1.292200	0.518500	-0.547700	-0.319900	-0.002700	0.000000
222	4.813000	4.320900	1.749700	3.868400	2.916300	4.293300	3.782400	3.944900	4.411000	3.474300	0.979600	3.756800	4.344300	3.282900	4.913100	4.130400	2.470300	3.413100	0.000000	2.730600
223	1.456500	0.124300	-1.711200	-0.563800	-0.908800	5.772200	-0.439000	0.458600	0.654000	-0.071900	-2.008900	-1.258300	0.000000	-0.367400	0.603200	0.418200	-1.479100	-1.400700	-1.940000	-0.386500
224	0.837900	-0.159400	-1.580700	-0.161100	-1.023800	-1.158400	-0.695900	0.273500	0.000000	-0.194400	-1.531900	-0.989800	0.014200	-0.218400	1.360200	0.556300	-1.849400	-1.496100	-2.179700	0.151100
225	1.400900	1.538400	0.585700	1.698700	1.211700	0.567300	0.667000	1.674100	1.487200	1.563400	0.340900	1.309900	1.009200	1.293400	1.089200	1.420900	0.648900	0.852900	0.000000	1.654400
226	0.000000	3.704700	6.185700	7.885700	8.757900	7.797400	6.681800	6.892100	4.949700	4.922600	4.806000	6.331700	6.480500	8.236100	6.438800	5.762500	7.860500	6.669600	6.747400	6.285000
227	0.562300	0.000000	-0.075300	0.505600	0.083100	-1.287100	0.217500	0.760100	0.363900	0.492000	-0.770400	0.540600	0.054600	1.311900	0.987600	1.185800	0.906900	-0.087700	-0.975200	1.534500
228	1.576500	-0.168800	-0.417600	0.093000	-0.154700	-0.756700	1.453200	0.000000	0.019500	1.610600	1.119600	-0.348100	-0.976300	-0.163100	-0.766700	-0.363400	-1.071200	-0.099500	-0.699000	-0.725500
229	0.182900	0.037200	-0.369400	0.660900	0.227700	-0.184100	1.239000	0.756600	0.720000	0.057200	-0.965900	-0.095800	-0.068800	0.108100	0.129300	0.000000	0.296300	-0.435000	-0.256100	-0.083100
230	-0.551700	-0.968000	-1.079700	-0.038600	-0.617700	-2.535900	-0.849700	0.000000	-0.753800	-0.672100	-1.474700	-1.378400	-0.576900	-0.959700	-1.357200	-0.929200	-1.110000	-1.336700	-1.503100	-0.794900
231	2.698400	1.885100	1.352600	2.194600	1.903300	1.056600	2.403500	2.325800	2.272600	2.233600	1.049500	1.959300	0.437600	2.538600	0.351000	0.000000	2.431000	2.960400	2.490000	3.165600
232	0.865500	0.000000	-0.210900	0.674200	0.536000	-1.006800	0.656200	0.551900	0.300400	0.828200	0.413200	-0.319100	-0.277400	0.057400	-0.493900	-0.207600	0.044800	-0.096800	0.802600	0.593800
233	-0.262300	0.502700	1.844700	2.157500	1.932800	3.960600	0.000000	2.111200	2.131800	1.963400	1.635100	1.742700	1.904000	1.849100	0.339400	1.874800	1.667400	1.667100	1.627100	1.901200
234	-0.098500	-0.089700	-0.099700	0.909400	0.558400	3.916500	0.006300	0.661400	-0.090000	-0.118700	-0.108200	0.064100	0.000000	-0.005200	0.027600	-0.050300	-0.294200	-0.318200	-0.359800	0.224900
235	0.435200	-0.048600	-0.845700	-0.037300	0.829700	1.463200	0.206700	-1.227400	-0.177900	-0.051700	-0.799800	-0.108000	-0.831100	-0.554400	-0.184000	0.000000	1.658400	5.652600	0.522800	0.869400
236	0.404600	0.167800	-0.394800	0.067600	-0.221800	0.374400	-0.558400	0.000000	-0.019900	0.064100	-0.428600	-0.448000	-0.181100	-0.506100	0.060000	0.049000	-0.703000	-0.759600	-0.848600	-0.276500
237	2.154600	1.277000	0.634900	1.453400	1.024300	0.000000	1.031600	1.678500	1.467200	1.395700	0.121700	0.876900	0.218100	0.921300	1.398400	1.294400	1.144500	1.395300	1.299300	1.795900
238	4.932400	4.294400	2.932900	4.036500	2.700700	5.792500	4.744900	5.459200	4.184800	3.539000	0.954600	4.898500	4.986900	4.878900	5.543500	4.747700	7.098400	2.089400	0.000000	3.032900
239	1.237900	0.695200	-0.590900	-0.403800	-0.830000	1.924500	-0.153800	0.000000	0.929800	0.609200	-0.224400	-0.127500	0.296000	0.144800	1.258800	1.511200	-0.201900	-0.378000	-0.378600	0.448400
240	5.661300	3.450300	2.064200	0.000000	-0.422500	7.112500	12.936900	2.531200	4.729500	2.911900	2.408300	6.394900	5.135100	3.944600	4.906400	3.886200	10.654300	17.479100	9.498300	23.838800
241	2.172000	1.450500	-0.617000	0.233900	-0.880800	2.549000	0.000000	0.868200	1.611400	1.106400	-0.823000	-0.162900	0.875900	0.389800	2.198500	0.842800	0.203300	-0.116700	-0.482400	0.279600
242	5.575100	4.196900	0.000000	4.874200	4.038700	4.843300	5.641900	3.620700	5.567700	3.444800	-0.094600	1.750000	5.751700	3.920300	6.273800	4.211900	13.851100	6.818100	2.841000	2.949500
243	1.363000	0.104500	-0.226000	0.828500	0.731500	2.183900	-0.388100	1.355000	0.000000	0.920300	-0.327900	-0.297300	0.469000	-0.179500	1.249700	-0.116700	0.329000	0.393000	0.119300	0.091100
244	1.110900	1.109000	0.415700	1.428600	0.970400	2.511900	0.000000	1.519400	0.776400	1.426100	0.777200	0.431000	1.461800	0.675200	1.663500	1.099500	0.841500	-0.480500	0.741000	0.298700
245	1.478800	0.698900	-0.084500	2.026800	2.003900	5.453500	-0.394100	0.737400	0.000000	0.329000	-0.444900	-0.356800	1.132400	-0.021900	1.610600	-0.489400	0.362500	0.513800	0.204600	0.117000
246	0.000000	3.106100	2.898200	4.403400	4.238500	8.114000	2.581400	3.849900	3.354900	3.410000	3.503500	2.077100	3.218100	2.302800	3.266000	2.603900	3.258300	2.838800	2.800200	2.958400
247	1.096300	0.579500	-0.687700	-0.555500	-0.749500	3.041100	-0.693200	0.000000	0.629200	-0.206300	-1.214500	-0.657100	0.317100	-0.275000	0.119300	0.314000	0.089300	-0.090200	-0.171500	0.362300
248	0.856400	0.551400	0.432200	0.876400	1.865300	1.852300	0.687100	0.230700	0.000000	0.364700	0.355200	0.324800	0.900500	0.796600	1.540500	1.107000	0.455000	0.703200	0.703800	1.150500
249	4.145300	3.003300	0.720100	1.117800	1.291700	5.420500	1.881600	3.410000	3.545700	2.589200	0.444700	1.531900	3.263300	2.310200	4.175100	3.568700	1.823200	0.477500	0.000000	2.478900
250	1.287300	0.753700	-0.427700	0.472200	0.140700	0.296800	0.116800	0.547700	0.893900	0.417700	-0.824500	-0.324000	0.000000	-0.025800	-0.305800	0.386300	0.279900	-0.498400	-0.503100	0.759100
251	6.517800	4.605700	2.160500	1.392900	0.000000	4.834000	9.111400	4.265500	5.890900	3.973100	0.884300	3.860500	6.141700	5.094700	4.123000	4.877100	22.125900	12.816200	10.245000	25.946700
252	2.336900	2.197900	1.456900	2.344500	2.232900	0.000000	2.020900	2.688700	1.905700	2.404700	1.215500	1.652200	1.393700	1.807300	1.163100	1.757700	1.563300	1.783500	1.698600	2.452600
253	1.027700	0.000000	0.083400	2.190900	1.915500	-2.005800	0.220000	2.186800	0.843100	0.860600	-0.233800	0.014600	-0.641500	-0.338200	-0.007100	0.882100	0.591900	0.226000	0.156300	1.198600
254	0.198100	0.182700	-0.630100	-0.054300	-0.449200	0.338600	-0.145500	0.273500	0.182100	-0.047800	-0.829100	-0.376900	-0.674700	-0.387800	-0.344500	0.000000	-1.002600	-0.767900	-0.835200	-0.374400
255	2.924000	1.847100	0.167200	1.316800	1.191600	4.899400	0.000000	1.882600	1.631900	1.526700	-0.005400	0.443400	1.456900	1.213600	2.729200	2.021000	1.186200	0.336500	0.132800	1.898200
256	1.027900	0.855100	0.256700	2.151500	1.019200	0.553300	4.618800	0.521200	0.000000	1.118400	0.396400	3.207800	0.595600	1.347400	0.053400	0.977600	2.279900	3.457200	1.450800	1.598200
257	4.832400	3.345200	-0.151700	1.183100	0.000000	1.557900	6.254600	3.135100	4.953300	3.236500	0.385200	4.204500	4.588100	3.016300	4.391400	4.110200	19.556100	13.493600	9.105100	9.563500
258	3.342500	2.322700	0.000000	3.161700	2.558500	9.441700	3.444600	3.499300	3.292700	2.967300	0.146000	2.579200	3.152300	2.222300	2.835900	3.554000	2.081400	4.657200	1.755900	3.052600
259	3.822400	2.709100	1.959100	2.456600	1.992500	1.612000	4.248400	2.030200	2.396300	3.231000	2.157100	3.565300	0.000000	2.714700	1.525700	2.942700	3.423500	3.062900	3.478200	3.293700
260	3.024700	1.374100	-0.174600	0.000000	-0.650400	4.009300	-0.025500	1.001100	2.046300	1.614000	-0.653300	0.570700	1.316500	0.485200	2.200500	1.614900	0.993500	1.069600	0.894100	2.228400
261	6.443900	4.771000	0.000000	4.303400	2.802900	6.736800	6.122800	3.454900	5.077800	4.570200	0.256500	4.890900	5.504300	4.279600	5.990100	4.057000	8.312300	5.270400	2.208300	3.791900
262	2.407200	1.643100	0.788300	2.392700	1.748400	4.565600	0.000000	1.850100	1.854200	1.974100	0.836500	1.619900	2.687200	1.562200	1.151400	1.871700	1.296500	0.217300	1.039500	2.187200
263	-0.631800	-0.760900	-0.328100	0.320900	0.357600	0.064800	0.015400	-0.127300	-1.097700	0.317000	-1.003700	-0.239700	-0.491800	-0.515400	0.000000	0.059500	-1.340800	-0.191800	-0.685400	-0.546800
264	0.985600	0.000000	1.780600	0.381000	-0.007500	1.058300	-0.483200	0.482600	-0.170200	-0.521800	-1.260700	-0.312100	0.205200	-0.562500	0.798700	-0.519200	1.346600	1.067400	0.870300	1.103200
265	-0.708100	1.083200	0.663300	2.480700	3.507400	5.743900	0.154300	2.222300	0.923900	0.961400	0.677000	0.130400	0.631400	0.433100	0.828000	0.000000	1.117300	-0.567800	0.358900	1.130100
266	3.110600	1.871700	0.025900	0.000000	-0.764800	6.019600	1.343100	1.651500	2.820100	1.336800	-0.106500	-0.125300	2.689100	1.311700	3.497200	1.988000	3.296600	4.460200	2.575800	1.828400
267	0.628200	0.754500	0.458800	0.751600	0.405300	0.065600	0.000000	0.653000	0.883900	0.802800	0.342200	-0.064800	0.537400	0.851200	0.261600	0.330100	0.078300	0.100000	0.075500	0.647200
268	3.071700	1.825200	-1.434100	0.000000	-1.311800	3.739500	0.355600	1.495800	2.733500	1.270900	-0.692400	-0.473200	2.422000	0.824100	3.003100	1.339000	7.989500	4.342600	2.372800	21.379100
269	2.068300	1.485100	1.547000	1.691900	1.673300	0.000000	1.523600	1.612500	1.679300	1.803100	1.675600	1.576400	1.114800	1.455600	1.476200	1.793200	1.752500	1.516500	1.487100	1.696200
270	0.902900	-0.111600	0.532100	-0.816400	-1.441600	1.640800	1.360900	-0.326800	0.000000	0.065500	-1.012200	1.168100	0.501900	0.582100	1.520700	0.407100	1.341400	1.248700	0.935800	2.429500
271	0.075000	0.924500	-0.710800	0.315600	1.619500	0.682900	0.608400	-0.034300	0.000000	1.140900	0.110000	0.445300	0.857100	0.620300	1.024600	0.270600	0.506500	-0.521900	-0.537300	0.247800
272	0.004500	-0.839600	-1.866500	-0.938500	-1.235200	0.406100	-1.482000	-0.547400	-0.206900	0.000000	-1.757000	-1.508400	0.643800	-0.400500	-0.439000	-0.851100	-2.080300	-2.188700	-3.466400	0.331800
273	0.937100	1.911800	0.137800	2.295200	2.265400	4.343800	4.123400	3.301300	2.638700	1.741400	0.114000	3.023200	0.000000	0.451800	0.957300	0.809200	-0.694000	0.030900	0.114900	0.046000
274	0.330000	0.187300	-0.068300	1.834000	1.074700	7.017700	0.110200	1.169200	0.000000	0.234600	-0.428900	0.360300	0.507100	1.336900	0.008400	-0.152700	-0.059600	-0.070800	1.095800	0.367300
275	0.000000	6.025200	15.953600	13.261500	16.287900	12.564300	20.250900	14.312200	10.629700	9.380200	12.303600	16.826800	18.601100	18.781500	16.634600	15.705600	31.358300	28.225500	27.482000	87.438400
276	0.470400	-0.172500	-0.617800	0.321800	0.168300	2.991800	0.043300	0.000000	0.897900	-0.091400	-0.651100	0.031400	1.012500	0.659700	1.153100	0.006700	-0.280600	-0.256800	-0.404200	1.030400
277	0.414300	0.152400	-0.263100	0.457300	-0.125700	0.785700	-0.191100	0.733300	0.491100	0.000000	-0.585800	-0.113900	0.020100	-0.118100	-0.249400	-0.124600	0.187400	-0.839300	-1.016000	0.227700
278	0.000000	2.324200	1.748900	4.448100	4.431100	7.914700	1.019900	4.631600	2.678700	2.119700	1.207400	1.567500	1.920000	1.970400	3.605200	2.461600	4.081800	3.190300	2.618500	2.725700
279	-0.118400	-0.812700	-1.221200	-0.814500	-0.556200	-0.821900	-1.086200	-0.162600	0.000000	-0.053900	-1.075100	-1.146400	-0.628900	-0.867400	-0.135600	-0.269700	-0.695600	-1.078700	-1.055200	-0.341200
280	1.397300	0.126300	1.088000	0.853300	3.097200	-0.005300	8.355500	2.939400	0.570900	0.000000	-0.776000	5.555200	1.685100	1.238700	0.147600	1.272200	5.275800	3.244600	7.140400	16.054900
281	1.836900	0.845900	0.566800	1.141100	1.037400	2.994500	-0.656700	0.149500	0.650100	1.012100	-0.254700	0.000000	1.797300	0.853900	1.972900	1.577100	2.494600	2.137600	2.131700	1.193900
282	3.799800	2.193000	0.184500	-0.307400	-0.999700	11.022600	0.923600	0.000000	1.728500	1.046900	0.741400	0.554600	2.082600	1.036000	4.317300	2.066800	8.450000	8.058300	5.729000	15.541600
283	1.097900	0.000000	-0.364100	-0.003100	-0.371400	-1.364200	-0.520700	-0.192600	-0.038000	0.320000	-0.383200	-0.675000	-0.187400	-0.295400	-0.340100	-0.011500	0.744500	-0.427700	-0.717500	-0.146400
284	4.121700	3.099100	0.000000	1.750500	2.453200	8.979000	1.874300	2.633000	4.266000	2.256500	1.418500	2.736300	5.174100	3.982100	4.068200	3.226600	19.573400	16.191800	9.386400	3.859200
285	0.688700	-0.438400	-1.146400	-0.603300	-1.151800	0.951100	-1.072000	0.733200	0.355800	0.000000	-1.182200	-1.068100	-0.029300	-0.911400	0.296400	0.055600	-0.782800	-0.520600	-0.614800	0.055500
286	1.203600	1.024300	0.106200	0.946000	0.869500	4.283300	0.056700	1.024100	0.000000	0.919900	0.009100	0.195100	0.692100	0.472600	1.208800	0.838700	0.922500	1.137700	0.951300	1.317000
287	0.000000	7.036200	24.174700	20.693300	23.105100	13.923100	17.928400	17.225700	12.018500	13.490900	15.830500	18.294500	19.665300	18.504000	21.632800	22.976400	39.111500	43.636600	41.446600	52.875300
288	0.690500	0.324200	-0.210700	-0.126700	-0.571500	1.035600	-0.168600	-0.043900	0.678100	0.262400	0.130000	-0.133100	0.000000	0.041100	-0.090200	-0.312400	0.081700	-0.239900	-0.245700	-0.042600
289	0.752800	0.000000	0.341700	-0.567400	-0.571900	-0.747500	1.196400	0.822200	0.987300	0.900800	0.289300	1.686600	1.869500	2.325500	4.687700	1.820200	13.974200	13.841400	8.579500	16.963800
290	1.366700	0.605500	-0.460800	0.361000	2.649000	9.341400	0.837000	1.236100	1.209900	1.127800	-0.285800	0.475900	0.371600	0.746500	0.000000	0.504900	-1.070000	-0.192100	-0.793500	0.446700
291	0.550500	-0.019900	-2.375300	-0.465400	-0.456200	-1.421000	0.390900	-1.451400	-1.470300	-0.366200	-1.965600	-1.804500	0.799900	-0.156300	0.756800	-0.000400	-1.095600	-0.706200	-0.743800	0.000000
292	3.686000	2.924400	2.529800	3.392300	2.630600	9.967000	0.000000	3.482500	3.889300	2.753400	1.875900	2.699100	4.016300	2.701600	4.339100	2.791900	4.050700	6.010800	3.843400	3.774900
293	0.568900	0.287000	0.376800	2.427300	2.523700	1.401900	8.420200	1.418500	1.106500	1.240600	-0.539100	6.421000	0.484800	0.276300	0.000000	-0.435800	10.772100	14.300000	8.058000	37.684700
294	2.046200	0.968000	-0.225000	1.113400	0.477100	4.486900	0.354400	0.563900	0.887600	0.984000	0.000000	0.356800	-0.641400	0.279000	1.153300	1.105400	0.837700	0.484300	0.450400	1.216600
295	1.627800	1.082400	0.409600	0.000000	-0.723800	1.811500	0.940500	1.428600	1.407500	0.696400	-0.710200	0.826800	1.626500	1.322000	1.855600	1.321300	1.199200	0.730000	0.792800	1.347300
296	1.977200	2.138300	0.000000	0.005500	-0.735600	4.344600	1.768700	-0.513300	1.122400	0.325100	0.001600	2.159600	5.656800	2.183800	3.594400	0.828100	4.355600	3.738800	1.046900	1.726100
297	1.182900	0.962000	0.748200	1.162800	0.843800	-0.159100	0.000000	1.224100	1.184300	0.997700	0.860000	0.167800	1.055500	0.646700	1.076200	0.536600	1.093200	0.706000	0.660200	0.850900
298	0.118200	-0.014800	-0.546400	0.029000	-1.298800	-0.921000	-0.443800	0.206100	0.215800	0.056100	-0.721700	-0.448400	-0.709600	-0.991400	0.000000	-0.509400	-0.540900	-0.533900	-0.590800	-0.194600
299	0.196100	-0.018400	-0.461800	0.078000	-0.252600	1.288200	-0.317700	0.311600	-0.071300	-0.245700	-0.390700	-0.448000	-0.243500	-0.133200	0.000000	0.012400	-0.274400	-0.585000	-0.767400	0.049700
300	0.365500	-0.274100	-1.088400	-0.634500	-1.166900	2.080500	-0.519400	0.498300	0.224700	-0.727800	-0.942800	-1.076400	0.000000	-0.456500	-0.123200	-0.202400	-0.402700	-0.400200	-0.516100	-0.047400
301	2.170600	1.421700	0.765300	1.883900	1.484500	5.253700	-1.339800	0.496200	0.774700	1.624100	0.138900	0.000000	2.279400	0.781700	3.349700	2.327100	4.955000	3.233900	8.364600	1.848200
302	0.000000	0.200400	-0.072600	0.104800	0.246300	0.503900	-0.690600	0.173600	0.014000	0.063500	-0.186800	-0.621200	0.294800	-0.513700	0.227900	0.025100	0.028100	-0.053200	-0.096900	-0.111000
303	-0.510900	-0.343900	-0.960100	-0.510000	-1.018900	3.405600	-1.253200	0.000000	-0.539600	-0.463700	-0.821600	-0.873400	-0.734900	-0.650000	-0.405700	-0.847400	0.991400	-0.274700	-0.292100	-0.093400
304	1.832500	0.947100	-0.091100	1.684200	2.457400	5.810500	0.665900	0.308000	0.793800	0.654100	-0.064400	-0.759100	2.227900	0.000000	3.284700	1.611900	1.099400	0.256800	0.025000	0.957800
305	5.282000	3.443500	0.043900	0.865500	0.000000	7.498000	8.004500	2.753400	3.749400	2.832900	0.293900	4.231600	5.211100	3.160900	4.514400	3.552600	18.919900	16.049100	10.153300	8.584900
306	3.710300	2.669700	0.472300	1.977800	1.278700	0.090500	4.751600	3.494300	3.042400	2.668000	0.000000	3.363800	4.514900	2.559300	4.749300	2.295300	9.162200	5.824500	2.569400	37.140300
307	3.718400	1.907700	-0.947300	0.000000	-0.958800	1.842000	8.824100	2.145800	3.423000	2.144200	0.921600	4.255400	3.853000	3.456600	4.470000	2.543900	12.269000	17.863100	7.219200	6.219600
308	1.392300	-0.261200	2.176900	1.129200	1.629600	3.324300	5.145900	1.046800	1.196400	0.000000	0.047300	4.393000	1.299800	1.854200	0.926400	1.315400	15.821100	15.612200	13.507000	33.776600
309	1.808700	1.639500	0.514400	0.000000	1.036000	4.158100	1.500900	1.929500	2.634900	1.539500	1.149900	3.652800	0.588300	2.892600	1.068800	2.340600	3.672400	3.466800	2.570600	30.441400
310	1.017200	-0.526800	4.865300	3.038700	5.845600	2.733200	14.127000	3.560200	0.000000	-0.825800	2.097200	7.355000	3.850700	2.623200	2.221300	2.339600	37.562500	25.955200	22.266000	32.043900
311	-1.446600	-0.854200	-1.440800	-0.723600	-0.488600	-0.668100	0.000000	-0.852000	-1.358500	-0.764900	-2.107300	1.379200	1.019400	0.791400	1.301800	1.459500	1.924300	0.049300	0.326700	1.209600
312	1.213800	0.000000	9.744700	5.268000	9.104000	7.602800	11.110700	4.554400	1.943600	3.203100	9.093800	10.282800	13.380200	8.851300	6.832900	8.645700	16.600600	13.072100	9.695700	44.485700
313	1.095600	0.466200	-0.036800	0.759400	0.299300	5.558200	-1.396100	1.384100	0.775800	0.833000	0.282400	0.000000	0.686000	0.164000	0.906100	0.626700	0.541000	0.368700	0.061800	0.596500
314	0.642200	0.567700	0.913100	3.586600	2.697800	4.112400	1.039000	0.563700	0.000000	0.848300	1.005300	0.832600	0.758800	1.113400	0.019700	0.531900	1.290300	0.732200	0.273000	1.098500
315	0.222300	0.000000	-0.089100	0.802900	0.545500	-0.600500	-0.067900	0.216700	-0.592900	-0.005000	-0.119800	-0.216900	0.002400	-0.306000	0.068500	0.103800	-0.038900	0.154800	0.045400	0.289800
316	1.317200	0.561700	-0.268300	-0.447300	-0.918900	2.506200	-0.058200	0.130000	0.662700	0.261500	-0.975000	-0.543100	0.000000	-0.543200	1.135100	0.930000	-0.563100	-0.364800	-0.495800	0.507000
317	4.991500	3.504900	0.000000	1.580200	1.276500	5.162000	10.625100	3.376900	4.832400	3.145800	1.310200	5.091100	5.298000	3.969300	5.707300	3.806800	25.762100	24.811000	13.905100	7.061800
318	3.012400	1.873200	-0.243400	0.000000	-0.703000	3.264500	0.469400	0.991500	2.153600	1.341000	0.050900	0.431900	1.297000	1.088400	2.612000	1.728900	1.165900	0.655700	0.239900	1.525500
319	6.347200	5.000800	0.000000	1.707700	0.502100	5.778700	7.049500	4.113300	6.243600	4.095600	0.003000	4.547000	5.520600	4.195900	6.934600	3.639100	8.912500	5.985500	2.471200	3.747400
320	1.405100	0.504000	-0.169500	2.127300	1.906200	4.268600	0.338500	2.046900	1.269900	0.939900	-0.245100	-0.071100	1.311300	0.901000	0.000000	0.620700	-0.094600	0.116700	-0.110600	0.961500
321	3.698200	2.915400	0.000000	1.749600	0.526700	5.669100	1.798400	3.341900	3.649300	2.790600	0.062600	2.692700	3.242300	2.828100	3.692100	2.545200	1.272500	0.958400	0.002300	2.068900