SITE	GLY	ALA	LEU	VAL	ILE	PRO	ARG	THR	SER	CYS	MET	LYS	GLU	GLN	ASP	ASN	TRP	TYR	PHE	HIS
1	-0.014500	0.039800	-0.274100	0.115900	-0.246200	0.584900	-1.010000	0.000000	0.223000	-0.197300	-0.488500	-0.203800	0.520000	0.172500	0.236100	-0.125900	-0.660900	0.129200	-0.115400	0.010100
2	5.789700	3.938300	0.588200	0.922700	0.000000	3.176300	5.031000	3.281400	5.257200	3.125700	0.901100	3.435300	5.365100	3.796200	5.714200	4.180200	2.698800	7.203000	7.868100	8.442600
3	1.974300	1.615400	0.110800	0.962000	0.748800	3.000900	-0.429700	1.823500	1.951000	1.508200	1.175400	0.000000	2.292000	0.686100	2.598000	1.632800	1.546300	0.826500	0.726400	1.174000
4	6.470700	4.325200	0.000000	2.348100	1.197100	7.223200	6.504000	4.821500	5.427700	3.435400	-0.296300	2.912800	5.461700	4.066300	5.848700	4.666000	14.838750	15.224400	6.258400	5.246300
5	6.262800	4.771800	0.136900	1.264200	0.000000	7.097800	3.750900	3.551600	5.368900	3.802100	0.065900	3.864000	4.821100	3.461400	5.176700	3.594200	7.637200	7.737800	5.465200	6.907700
6	5.449400	3.267700	1.187500	0.000000	0.451300	4.916000	9.949300	2.651900	4.800700	2.628300	1.527600	4.210300	6.542300	3.962400	5.926100	4.135500	17.097970	13.330400	7.820400	13.002500
7	0.000000	4.487200	22.409210	13.143000	20.518300	12.939500	23.319309	15.413470	9.209800	8.978100	14.524980	20.447400	18.410280	16.599030	19.038900	18.485540	59.575800	54.016200	44.514000	99.123100
8	4.834000	3.626200	0.000000	1.983100	1.672100	3.165300	9.579000	3.599900	4.610700	3.366000	0.464200	3.798800	4.092900	4.112300	4.804200	4.518400	17.344270	12.736100	5.732900	6.168500
9	-0.499700	0.000000	-0.051900	4.100900	3.633800	1.291000	2.193100	4.475900	0.867600	0.397600	-0.765700	0.769100	2.692600	1.011900	3.701900	1.155500	9.044900	9.203100	5.532100	47.573900
10	2.016900	1.062800	-2.444000	-0.913400	-1.304700	1.665400	-0.268300	1.785300	1.069200	0.715600	-2.652800	-0.219700	-0.105300	-1.482700	0.882200	0.000000	1.488200	0.911900	-0.233100	3.169600
11	2.247300	1.898500	3.140600	2.321600	1.953200	0.000000	1.589000	2.366800	2.142900	2.047300	1.697100	1.487300	2.199900	2.573300	0.493700	0.962300	3.214500	2.777100	2.919400	2.960800
12	0.000000	3.108900	2.952700	5.253800	4.583100	5.700200	1.827700	3.607100	3.549200	3.293600	2.407400	2.863700	3.398100	3.035100	2.816600	3.136500	2.620900	2.827100	2.788600	3.157200
13	0.251700	0.000000	0.019400	0.193600	0.240600	-0.745300	-0.078400	0.154300	0.243700	0.298400	-0.027500	-0.042800	-0.017400	0.017100	0.154800	0.192100	0.078500	0.168300	0.171600	0.343900
14	1.054900	0.465600	0.035500	0.297700	-0.120800	0.464100	0.118900	0.447000	0.849000	0.620800	-0.881300	-0.140500	0.000000	-0.285300	0.470800	-0.045600	0.064300	-0.013800	-0.080100	0.083900
15	2.810200	1.969700	0.269600	1.467000	2.447300	3.763300	1.161900	3.005100	1.705500	1.572600	0.052200	1.069000	1.988900	1.365100	1.449800	1.367100	-0.040200	0.000000	-0.493100	1.338700
16	0.470400	0.000000	0.094000	0.725200	0.545200	2.431800	0.113700	0.754900	0.502300	0.773900	0.041200	-0.000400	0.196800	0.337600	0.661500	0.801500	0.262200	0.213300	0.083500	0.991500
17	0.355200	0.000000	-0.764200	1.324500	-0.133100	-0.283600	-0.431600	1.419500	0.137300	0.247900	-0.592900	-0.270400	-0.269400	-0.081200	-0.604600	-0.202200	-0.164900	-0.510200	-0.687400	0.174600
18	1.218400	0.042900	-1.605800	-1.004300	-1.997400	1.195500	-1.858300	0.000000	0.294100	-0.194500	-0.822300	-0.832000	1.226000	0.508800	1.974100	1.219200	1.103300	-1.005800	-1.431300	0.848000
19	4.714100	2.977700	-0.079500	3.735700	3.025700	3.805600	0.000000	3.934800	4.195500	3.094300	0.266000	0.831600	4.660800	1.721100	5.550400	2.627900	4.169200	4.107800	1.243500	2.977800
20	3.003500	1.940900	-0.225700	0.887600	-0.005300	6.585100	1.533500	2.662900	2.515800	1.236300	-0.082000	1.028500	2.872500	1.906300	3.584200	1.377000	1.883500	5.004800	1.563200	0.000000
21	1.782200	1.188600	0.832800	1.451400	1.705700	2.696800	1.040800	0.783800	0.760000	1.649200	0.084200	1.803700	2.902800	2.979600	1.392700	0.000000	10.180400	8.257500	7.789300	10.213500
22	0.783100	0.000000	-0.268500	0.330300	1.805800	3.895400	10.190000	0.154700	-0.420600	-0.050100	-0.264100	3.808900	5.593600	3.993500	1.931900	0.233600	2.693200	3.948000	2.892100	5.512500
23	0.000000	2.661900	21.585640	17.766290	21.724970	4.405800	30.616250	16.884750	6.846400	11.009000	17.643790	21.664900	17.687250	14.894300	19.018460	15.350200	72.148700	39.693100	39.826900	78.620900
24	1.365000	0.000000	-1.254700	0.704000	0.838100	5.304900	0.578500	1.659600	0.366800	0.540600	-1.127000	-0.081000	-0.182700	-0.919800	1.866000	0.728300	0.051300	-1.171100	-1.061100	0.741700
25	3.157000	2.119600	1.284900	2.191000	1.562500	2.440600	1.293400	2.434200	2.622200	2.366100	1.257000	1.658500	2.519600	1.789600	2.801100	2.253800	0.000000	0.553700	1.514800	1.941300
26	6.018800	4.436700	1.463500	3.107200	3.816900	7.548600	3.172800	5.495900	5.780100	4.600600	1.405000	3.408300	5.068800	3.344600	5.965200	5.193300	0.570500	-0.343900	0.000000	3.530400
27	3.970400	2.381800	-0.954300	0.000000	-0.879500	5.852000	8.877400	2.176800	3.284200	2.445100	-0.126600	4.857700	4.187200	2.914700	4.758400	3.102600	26.097190	15.389730	17.050120	22.648970
28	0.406500	-0.322200	-1.265600	-0.215800	-1.281100	2.179200	-0.429900	0.055000	-0.222600	0.039700	-2.075200	-1.147800	-0.507300	-0.630400	0.000000	-0.493700	-1.750600	-1.636300	-1.944900	-0.637700
29	2.691700	1.481600	0.000000	1.288700	0.815200	4.551400	0.072600	1.935200	1.709500	1.869500	-0.056100	0.765200	2.275700	1.391100	2.829200	0.567100	1.128700	1.027100	0.132300	0.759600
30	5.158000	3.560400	0.000000	1.354100	-0.109000	5.655100	3.382300	2.222600	4.039900	3.549200	-0.248700	2.532600	4.228200	3.358500	5.389600	3.072900	7.266200	0.056900	-0.181300	3.359000
31	1.891800	0.000000	0.471700	0.187700	-0.512000	2.761200	1.805000	-0.559000	0.586700	1.263000	0.106700	2.219800	3.514800	0.975500	3.803400	3.546100	5.199900	3.110200	1.341400	45.487100
32	0.294400	-0.633600	-0.567400	0.149700	-0.329200	3.887400	-0.511100	-0.328500	-0.306200	0.392300	-0.893600	-0.678100	0.000000	-0.424400	0.561000	-0.323600	-0.762100	-0.319500	-0.383400	-0.255200
33	2.104400	1.121400	0.065400	1.294500	0.465400	2.893500	0.000000	0.851200	1.284300	0.981500	-1.215100	0.068000	1.563700	0.661800	2.173800	0.966200	1.243600	0.788500	0.608400	1.513100
34	1.608700	1.667800	0.000000	0.389400	0.642700	2.765800	-0.163600	1.647200	1.587300	1.458000	-1.118300	0.834400	2.154400	1.605500	2.847600	0.975300	2.044600	1.312000	0.890400	0.956600
35	0.187800	1.431500	1.411000	2.244700	3.359200	5.818400	0.000000	1.845600	1.355400	1.225600	1.481100	-0.443100	1.417900	0.554900	1.380300	0.373400	1.310200	1.290500	1.157200	-0.307500
36	1.203300	0.000000	-0.730500	-0.634700	-0.589900	6.661300	-2.288600	0.919700	-0.131200	-0.626600	-1.405900	-1.414600	0.197900	-0.720800	1.044200	-0.266900	-0.416600	-0.751500	-1.066900	-0.876600
37	2.225700	1.621500	1.643000	2.069700	1.872200	0.000000	1.820300	2.032900	1.918000	2.180800	1.847400	1.402000	1.874800	1.860700	2.004800	2.241400	1.897700	2.042100	1.927300	2.015000
38	3.960800	2.825500	0.000000	2.039600	1.233200	1.892700	1.889300	2.569500	3.598700	2.789500	-0.185500	1.921800	3.963000	2.406200	4.042900	3.326300	3.198800	2.721700	2.642400	3.576800
39	0.868700	0.768600	0.272600	0.488500	0.177000	3.258100	0.000000	0.444800	0.636500	0.680000	0.505400	0.044300	0.759600	0.313900	0.960100	0.878900	0.317900	-0.330600	-0.408400	0.764900
40	1.423300	0.869000	-0.292500	1.053200	0.674000	0.129300	0.501300	0.459800	1.298800	0.768900	-0.170700	0.219000	0.000000	0.134900	1.126600	1.104700	0.941300	0.487400	0.129100	0.859000
41	2.848200	1.716600	0.404500	2.815800	1.210200	5.482900	1.444100	2.380600	2.056600	1.341800	0.930700	1.464700	0.000000	0.879100	0.268900	1.061400	1.801400	0.919200	0.715100	1.144600
42	0.181500	0.000000	0.191100	0.313000	0.271900	-1.737500	0.036300	0.247100	0.254400	0.331900	0.069100	0.053500	-0.034800	0.180200	0.272800	0.438700	0.026200	-0.007500	-0.183100	0.464400
43	1.506200	1.018900	0.131200	0.958500	0.289900	1.108000	0.755000	1.145900	1.164300	1.254400	-0.052100	0.000000	0.826600	0.532400	1.236100	0.717800	0.059900	0.403000	0.185500	0.751800
44	5.087700	3.938000	1.227900	3.172200	2.538100	5.351600	4.627000	3.575700	4.991300	3.679900	1.190100	3.229500	5.534200	4.134900	5.407400	4.250800	4.208900	-0.390800	0.000000	3.445600
45	0.870200	1.315900	0.817000	3.410100	3.484900	5.073000	0.528400	5.642100	2.082300	1.194700	0.798700	0.532500	1.279900	0.986900	1.929100	1.169600	0.735600	0.688900	0.000000	1.002800
46	0.000000	5.883900	19.176970	17.105430	20.442650	12.982240	30.900960	15.798040	11.892500	9.257100	14.990080	24.578060	24.393710	17.684880	17.555580	14.615210	54.072400	34.336900	30.287140	79.870500
47	3.058300	1.433700	-0.546900	1.294700	2.660500	2.997900	0.754400	2.854000	2.707800	1.664400	-0.300100	0.324900	1.676500	1.267400	3.258400	2.224100	-0.044900	0.000000	-0.227200	1.874800
48	2.713500	1.933000	3.010400	1.000300	0.457700	4.572600	2.791100	0.000000	1.317300	1.454300	1.198200	2.665600	2.542000	2.862000	4.193200	2.826800	5.656400	4.015600	2.772200	15.922890
49	1.328600	0.310800	2.064400	1.643200	1.703700	4.206700	3.884400	0.714600	0.000000	1.093900	3.233500	4.170200	3.086700	3.590000	4.006900	2.128800	13.928840	18.835500	14.953400	51.422100
50	2.012600	1.213600	0.048100	0.597400	0.559500	2.091800	0.000000	0.579200	1.456700	0.887200	0.268800	0.310700	0.795100	0.156000	0.916200	0.284000	0.976200	1.053300	1.147800	1.239800
51	4.437000	3.204100	1.510000	0.000000	0.066000	4.488100	4.662100	2.756200	3.619300	2.475400	0.385800	4.745400	5.778200	4.424200	6.006400	3.858000	25.213150	18.641410	15.906590	4.317700
52	0.573500	0.415500	-0.534000	-0.086600	-0.566400	0.985700	-0.132000	0.000000	0.322200	0.209500	-0.583700	-0.436100	0.181800	-0.182400	0.147200	-0.086700	-0.154500	-0.180800	-0.258600	0.277000
53	6.927900	4.366700	0.000000	1.956500	0.804900	7.468100	2.778800	3.742000	5.511200	3.563400	0.095600	3.332300	4.777100	3.164900	5.492600	4.164500	2.773300	1.950200	0.386500	21.968660
54	0.000000	1.873000	9.920600	8.630800	11.302800	8.626300	6.965100	6.100500	2.829500	3.653300	5.145500	7.235200	7.140900	9.765000	10.048000	8.549300	34.268000	29.806470	30.613950	31.290440
55	0.000000	2.508800	3.839600	4.593200	4.519900	5.433400	2.084100	3.162400	3.859300	2.488500	3.660500	2.264600	3.945400	3.531000	2.754900	2.453700	3.696600	3.759600	3.772000	3.901600
56	1.069400	0.312700	-0.329400	0.174000	-0.050300	3.252900	-0.025200	0.196600	0.453600	0.485500	-0.096700	-0.409800	0.000000	-0.173000	-0.529600	0.341500	-0.015300	-0.801800	-1.159200	0.565000
57	1.085000	0.938800	0.741000	1.011000	0.564600	0.523100	1.206800	0.979800	1.142000	0.810400	0.146600	1.007900	0.919300	0.621400	0.000000	0.429300	0.778600	0.939700	0.946400	1.142300
58	5.323000	3.338900	0.299300	0.000000	0.529900	7.625000	6.073800	2.683000	4.312700	2.778300	0.993500	5.750000	7.289300	5.001600	6.446400	3.746300	10.577800	13.040100	15.657130	9.881700
59	2.405400	1.111800	-1.697800	-1.296500	-2.178500	2.384800	0.000000	0.714600	1.532300	0.539200	-1.718100	0.257000	1.320600	0.108700	2.932700	0.556900	-1.698300	-0.986900	-1.717600	0.438400
60	6.083100	4.941100	0.000000	2.575400	1.495000	5.934100	4.538700	4.266300	5.801800	3.811200	0.372800	3.312900	5.392500	3.287700	6.562300	4.005200	4.075000	0.003600	-1.434200	2.920000
61	5.556500	3.494800	0.000000	2.025000	1.358000	7.014100	10.585300	3.002000	4.772600	2.700600	0.051600	3.785400	5.214000	3.034500	5.636100	3.398600	18.248360	8.995300	4.289800	1.123900
62	3.943500	2.056800	0.524000	0.000000	-0.766100	1.134500	0.805600	2.231300	2.130400	1.371300	-0.400300	1.406700	2.580500	1.885200	3.231200	1.497000	5.249600	8.263300	3.963700	13.970020
63	4.144700	3.043800	3.792600	3.358100	3.457500	0.000000	13.972870	2.848100	3.146200	3.313200	2.991100	8.125400	3.175600	4.295800	6.280900	3.863000	23.578614	11.458800	9.213300	4.544600
64	1.340300	0.631500	-1.012600	-0.285400	-0.498600	6.515200	0.577900	0.000000	1.170400	-0.476000	-0.957300	0.781800	0.989900	0.677800	1.574000	0.255800	2.078200	2.884300	3.319000	2.798600
65	1.691800	0.758500	-0.542900	0.535200	2.910300	2.117900	1.597900	0.000000	1.015600	0.708900	-0.262000	1.125600	1.451400	1.343600	2.484200	1.933500	9.612300	6.401400	3.391200	2.185300
66	-1.440300	1.491100	0.769000	1.363100	0.847200	2.768400	0.273200	0.669600	0.417500	1.018800	0.082900	0.678300	1.102800	0.707800	0.999300	0.125800	0.736800	-0.413100	0.000000	0.800500
67	2.797000	1.978700	0.512400	2.356600	1.396300	2.672100	2.242100	2.295300	2.886500	2.321300	0.000000	1.505400	2.301300	2.610300	1.709400	3.419200	3.390400	1.675800	1.433000	4.055000
68	0.375500	0.132700	-0.249500	-0.240300	-0.678800	-0.824600	-0.476400	0.209700	0.465000	-0.069300	-0.879800	-0.287400	-0.625300	-0.369300	0.488900	0.000000	-0.409700	-0.256900	-0.252300	-0.040800
69	0.864400	0.375200	0.000000	1.388700	0.466400	3.469700	-0.244600	1.049900	0.869900	0.666800	0.293900	-0.313400	0.728400	0.512000	0.630300	0.415700	-0.152700	0.211300	0.182300	0.585600
70	1.434900	-0.551900	-2.412300	-0.941000	-1.347400	3.296000	10.726600	-0.841400	0.000000	-0.572100	0.361300	1.452800	1.769600	-1.604300	2.723000	0.984300	24.358720	15.530810	7.593400	1.089900
71	0.000000	2.887600	11.402600	14.871190	20.371510	8.633500	11.101700	13.725250	5.449100	7.117100	8.528000	9.700600	14.091480	15.052280	11.772500	9.117900	14.911910	12.197400	11.770400	85.853900
72	2.004300	0.919800	-0.624600	0.495000	-0.075300	3.331600	-0.174800	1.475000	2.121300	1.542500	-0.727700	0.000000	0.657300	0.063600	1.823300	0.638000	-0.291200	0.154400	0.142400	1.071300
73	1.648300	0.000000	11.382500	4.131600	7.630600	1.414600	22.536133	2.759900	1.014300	2.635500	11.420500	16.972900	14.472670	15.456750	8.295800	8.565200	34.841000	30.304520	25.864840	34.000500
74	4.713400	2.744400	-1.151600	0.000000	-0.551000	3.484900	8.200500	1.681300	3.393900	2.523200	-0.875400	4.026600	3.809600	2.601700	4.581200	3.328000	17.412300	13.712400	7.152300	14.743890
75	1.371100	0.000000	-0.654200	1.933600	1.554900	5.452100	-1.629500	1.983700	0.458700	0.887100	-0.510900	-0.816900	0.854800	0.132000	1.661900	0.271300	-0.252300	0.017400	-0.025100	0.464200
76	1.357200	0.000000	-0.609900	1.432100	1.234000	4.068500	0.688000	1.370800	0.459700	0.998000	0.409100	-0.038100	0.664900	0.534700	2.045800	1.933800	2.371700	0.797400	0.846300	0.755800
77	4.706800	2.720400	-0.340800	0.023000	0.680300	6.271400	6.022500	1.471900	3.342400	2.765400	0.000000	4.981000	3.760800	3.763100	3.781300	2.595700	18.354610	17.357400	9.804200	25.336560
78	1.593500	0.000000	0.064300	0.084200	0.169000	2.501000	0.156100	0.731900	0.645300	0.558100	-1.506700	-0.381900	2.166900	0.534300	3.070500	1.637100	3.822700	2.635200	4.072800	6.302800
79	0.671100	0.075400	-0.227500	0.539400	0.057200	5.563000	-0.162900	-0.063900	0.000000	0.361600	-0.241100	-0.127000	0.295200	0.122800	0.830400	-0.051000	-0.255200	-0.250000	-0.185000	0.027800
80	1.849700	0.535700	-0.523200	0.324300	0.031300	2.408100	0.148600	0.487800	0.920500	1.033700	-0.323200	-0.028700	0.514300	-0.316600	1.092600	0.376500	0.139000	0.069700	0.000000	0.492700
81	2.000300	2.145900	0.553900	3.357000	2.264600	3.129900	2.396000	4.457100	2.881200	2.759600	1.046800	1.653600	3.191100	2.482000	3.181400	1.684600	2.122000	0.788000	0.000000	1.400300
82	0.933700	1.611700	1.818900	2.444800	3.358000	6.079800	0.000000	3.264900	1.589400	1.529800	1.746600	-0.262900	1.807600	0.944100	1.845600	0.744400	2.988200	1.622800	1.587500	0.771800
83	5.248800	3.693900	1.805500	1.327200	0.000000	5.838500	3.168000	3.301600	4.471400	2.809400	0.375200	3.101300	5.536000	4.106700	6.145500	4.856200	1.219400	1.982400	1.447500	4.409600
84	0.967100	0.522300	0.424800	1.420600	1.196400	0.152400	-0.280700	1.520100	0.957000	0.776600	0.391000	0.220100	0.950300	0.502000	1.465900	0.000000	0.657800	0.418700	0.343800	0.148600
85	3.373200	2.040400	1.388300	1.160700	0.783300	0.000000	1.404300	1.857000	2.576800	2.189400	1.174700	1.645400	2.625300	2.101000	4.290900	2.026100	3.711300	3.421100	3.075500	2.917200
86	1.070600	0.643500	0.233200	0.891200	0.847700	-0.039400	0.520200	1.323000	0.035900	0.743500	-0.298700	0.145100	0.455300	0.367000	0.000000	0.418600	2.176800	0.661500	0.529200	0.969400
87	1.057300	0.323100	-0.698500	0.452500	0.227000	3.738500	-0.282800	0.708600	0.340400	-0.116100	-0.489000	-0.342600	0.000000	-0.267900	1.469300	-0.460700	0.542000	-0.190600	-0.378300	0.034800
88	6.258800	4.539100	1.841700	1.178600	0.000000	9.823600	4.247900	3.080400	5.466300	3.745400	0.987400	3.875000	5.382500	3.869800	6.579900	4.833200	12.688900	16.005580	10.713300	14.760850
89	6.380000	4.490600	0.000000	1.181600	1.793900	10.208500	4.296000	3.739400	5.373800	3.439600	-0.267500	2.580800	4.313900	3.328200	5.194000	4.350300	6.447300	7.388500	3.628000	3.061200
90	6.401000	4.240000	1.265900	0.000000	-0.932000	5.694400	8.305000	2.919500	5.408500	3.146100	1.008700	4.741800	4.675600	2.604000	5.216000	3.919100	12.435700	6.548500	5.151100	5.236400
91	2.200600	0.000000	2.977700	-1.383600	-0.874800	0.796400	9.573800	0.637600	1.290600	0.757200	0.073400	9.451200	5.041400	5.385200	2.289100	1.530900	17.017310	7.680800	6.184200	10.276500
92	3.035600	2.799100	0.372100	3.787700	4.262300	5.012700	1.398600	1.990600	3.095600	2.389800	0.285700	1.925300	4.208200	3.408900	3.751300	2.591800	1.740800	-0.777500	0.474800	0.000000
93	3.600700	1.818900	3.300600	2.623700	2.300800	-0.617300	4.701700	4.531000	3.361100	1.703800	1.993600	4.556700	5.248700	4.564400	0.000000	2.050600	12.524000	10.107200	7.424100	38.900400
94	1.825100	0.376500	-0.864000	0.975000	2.344100	11.920600	2.162700	0.246800	-0.038500	0.115700	-0.292300	1.427900	0.000000	0.898000	0.562900	0.468200	2.287500	8.277800	6.754100	8.735600
95	3.506300	2.454800	0.000000	2.380300	1.943700	0.831100	1.825000	2.750400	3.053500	2.366700	-0.473500	1.694000	3.139500	2.213200	4.546200	1.854900	1.214700	2.363100	0.912300	3.663300
96	0.289900	0.188400	-0.146300	1.391400	1.156200	1.520400	0.063300	1.135400	0.076100	0.554800	-0.410100	0.073900	0.090900	-0.447100	0.000000	-0.831500	-0.198200	-0.165100	-0.333400	0.005200
97	3.907000	2.757100	0.000000	1.760900	0.956700	7.577700	0.919900	3.050400	3.309800	2.286100	0.779700	1.195500	2.308000	1.608000	3.322500	3.229900	1.605100	1.179600	1.871000	2.834700
98	2.828600	2.366800	2.057300	2.460200	2.041300	0.000000	1.001100	2.933000	2.300800	2.100300	1.402500	1.540000	1.328700	1.667200	2.420100	1.872800	2.439100	2.365100	2.308500	2.677600
99	3.938200	2.541100	5.809900	2.451800	3.664900	0.000000	3.509300	2.896100	3.415200	2.912200	1.884200	3.123500	3.312800	2.669300	4.964100	3.853200	2.195500	1.828700	1.842400	5.593600
100	0.000000	2.904400	2.086300	4.145300	3.762300	9.973800	3.592800	4.830100	3.706300	3.161800	1.341800	3.494800	3.848600	3.756100	4.499300	3.965100	2.144000	2.658800	1.693600	15.468190
101	2.080300	0.951000	-0.092800	0.000000	-0.361500	3.626800	0.326400	0.312300	0.955300	1.094000	-0.101700	0.122000	1.374800	0.969400	2.300800	1.484600	2.416100	1.375800	1.782600	2.011100
102	1.485700	0.000000	1.180400	-2.145300	-1.981200	-0.518700	8.921900	0.081000	0.375000	-0.461200	-1.282300	5.188100	3.590800	2.861600	4.872200	3.355300	21.901060	15.743020	10.914400	28.358340
103	2.342700	1.111700	-0.347000	0.171000	3.050500	5.956600	0.480300	1.792300	1.685200	0.892700	-0.512900	0.000000	1.127100	0.483200	2.994500	1.601500	1.860100	0.321000	-0.042000	1.446400
104	5.823500	4.758700	1.670100	3.027500	2.066000	4.148800	3.824900	4.957600	5.654100	4.185900	1.323800	3.814300	5.403300	3.681900	5.608000	4.245000	2.050800	0.113400	0.000000	3.112500
105	0.763600	0.056200	0.483900	-0.384000	0.459800	1.388400	0.553300	-0.888200	-0.895900	-0.120000	0.198100	0.000000	-0.287000	-0.382400	-0.000700	-0.268500	0.762000	0.754400	0.670100	1.046800
106	2.155900	1.634500	0.000000	0.747900	0.375900	2.709500	0.609100	0.410800	0.997200	0.973100	-0.116700	0.278900	0.918600	0.934000	1.341500	1.379100	0.869900	-0.531700	-0.524800	1.101700
107	0.000000	2.039400	4.167000	3.978100	3.618100	8.313200	3.610700	3.633000	3.092300	3.836200	2.619900	2.372400	3.711200	3.932800	5.214300	4.300300	9.217200	7.187700	6.630100	7.843800
108	0.000000	2.102000	3.449200	4.738600	4.196700	6.589900	3.787800	4.827400	3.325700	3.602300	2.792300	3.616900	2.477800	3.109200	1.888300	3.099800	3.462700	3.569300	3.461800	3.281300
109	0.000000	1.206800	0.829200	2.870900	2.721500	0.574300	2.363800	2.695100	1.103800	2.225700	-0.007500	2.204300	1.442000	1.499700	-0.328500	0.590500	1.817500	1.907600	1.624800	1.236300
110	1.281500	0.337100	0.083000	1.050000	0.755400	-0.289300	0.908600	3.038600	1.321100	0.322200	0.492500	1.031700	-0.845700	0.520100	-0.430400	0.659700	0.472900	-0.272000	-0.503800	0.000000
111	0.000000	1.509100	1.535900	2.633100	4.102900	7.147700	1.312700	2.396200	1.545400	1.537600	1.653100	1.193900	1.609100	0.969900	1.211300	1.115800	1.232400	1.903700	1.703300	1.537900
112	0.000000	3.251400	3.200800	4.589400	4.375900	6.777500	3.254000	4.642100	3.585800	3.237900	3.153400	3.260300	3.472000	3.631400	3.504100	3.112900	3.598600	3.166700	3.090100	3.694900
113	4.101400	3.703200	2.313200	2.585900	1.879200	6.654400	2.278400	2.210800	3.742300	2.853000	2.146300	3.416400	0.377900	2.021400	0.677900	2.111900	4.661000	3.940300	2.102700	0.000000
114	0.512700	-0.344000	-1.108000	-0.004600	-0.712700	-2.076600	-0.530700	0.699300	0.191400	0.285400	-1.021200	-1.274300	-1.291500	-0.899100	-0.348500	0.000000	-0.384000	-0.168000	-0.479000	-0.546200
115	0.000000	0.511600	5.182900	5.237100	4.789000	1.288900	20.969310	6.984100	1.555500	4.357400	2.278900	4.688400	5.418600	13.036800	3.904200	5.485200	38.028200	26.085100	10.986300	14.460820
116	5.210200	3.649700	0.000000	1.876900	0.497000	3.851500	5.242900	3.982300	5.232700	3.815100	1.561700	3.465600	3.808600	4.938000	4.809500	4.906700	10.345200	4.805700	5.080600	5.868700
117	1.414300	0.076600	-0.641100	2.280300	2.414300	8.251300	0.279100	1.812300	1.114100	0.909700	-0.507400	0.000000	0.319400	-0.165700	0.950100	0.783600	-0.159100	0.002500	-0.066600	0.662000
118	1.304000	0.206400	0.891800	1.204000	0.484700	2.596600	0.905500	1.958300	-0.110500	0.510600	-0.273300	0.446500	0.698000	0.463700	0.000000	0.513300	0.346900	1.049300	0.358400	0.077000
119	5.295700	3.546400	-0.233600	1.390400	0.000000	4.812100	6.995700	2.419200	3.957000	3.524600	-0.256100	4.433700	4.532300	3.351400	5.584200	2.984600	19.927630	11.447200	8.453900	10.189100
120	3.456200	2.127700	1.093500	0.700800	0.000000	4.763100	2.511500	1.355400	2.500900	2.013000	-0.439800	1.821100	3.056300	2.624900	4.733900	3.224800	7.128300	4.750600	6.374300	3.506800
121	-0.113100	-0.805600	-1.343200	-0.615700	-1.065900	2.774100	-1.212000	0.116100	0.000000	0.028800	-1.394700	-1.172500	-0.411200	-1.136100	0.141900	-0.515600	-0.298600	-0.441300	-0.549200	-0.502900
122	1.011900	0.430400	0.149700	1.838800	1.523000	2.888700	0.065500	2.389700	1.379900	0.953400	0.335000	0.000000	1.471600	0.443600	2.340900	0.803300	0.563500	0.136000	-0.074200	-0.184900
123	3.657400	3.158600	0.000000	2.802700	2.052700	3.779400	2.132100	2.216800	2.636300	2.875300	0.195900	2.032500	3.916800	2.937500	4.160600	1.695900	3.999400	6.613800	2.572100	2.691600
124	0.000000	3.655800	2.781400	4.859100	4.973000	6.591300	3.553000	4.672600	3.779700	3.779700	3.873800	2.455200	4.023600	2.495400	3.999500	2.438500	3.874200	3.845000	3.719200	3.925800
125	0.354200	0.897500	0.560300	1.785500	1.855600	4.394600	0.687000	1.148000	0.984800	0.681200	0.601900	0.026600	0.455200	0.046500	0.537900	0.000000	0.948900	0.511600	0.455500	0.252000
126	2.629100	1.375200	0.213800	0.761600	0.272300	7.066700	-0.430600	1.148300	1.922500	1.088100	0.201000	0.343400	0.970600	0.917800	-0.050900	0.000000	0.890300	0.002000	-0.273200	1.255900
127	1.932200	1.330600	0.935300	2.148800	2.189000	0.000000	1.681600	2.976000	2.234900	2.398400	0.919200	1.374600	1.149500	1.290500	1.285200	1.976000	1.854500	1.280100	1.322800	2.069000
128	1.290700	0.677400	-0.047000	2.536300	1.962900	1.128700	0.663200	2.040000	1.033100	1.472800	-0.021600	0.206200	1.434800	0.061400	0.909700	0.000000	0.646400	0.454700	0.256300	0.931200
129	5.910200	4.672100	1.456000	2.246900	2.044100	6.507900	5.889000	3.984600	4.522500	4.212100	1.668800	3.963400	5.728800	4.722000	6.041700	4.352000	4.734000	0.690700	0.000000	3.252400
130	3.092800	1.701400	1.043400	-0.310300	-0.854100	1.628500	0.202800	1.878400	2.775900	1.595200	-1.522300	-0.043100	2.230900	1.689700	2.897100	1.309900	-0.946500	-1.296800	-1.855200	0.000000
131	3.394600	2.057800	-0.532500	0.408300	0.117800	5.542100	0.000000	1.863500	2.304800	1.387200	-0.494700	0.798600	2.612300	0.479700	3.481900	1.687800	5.620000	4.662500	3.583400	3.569100
132	6.229500	4.767900	0.000000	1.256700	0.283400	8.425700	5.997200	3.473400	5.669000	3.524600	0.565200	3.432100	2.912900	2.776900	4.766500	3.998100	9.273800	6.257600	4.269500	4.730500
133	1.999900	0.689700	-1.226300	1.125100	1.076300	2.032300	0.000000	1.331600	2.594200	0.559700	-0.986100	0.618100	1.170000	0.641800	2.600200	0.873600	3.101300	1.386000	1.755000	0.346700
134	5.660700	4.470400	0.087500	1.518000	0.000000	8.511500	8.265800	3.808100	5.484300	3.383700	0.299500	4.015300	5.097800	2.976800	5.241800	3.476900	12.758000	3.553600	1.457900	4.122200
135	0.000000	5.115800	21.837660	16.080410	22.571206	6.520800	27.967820	13.325850	7.398000	11.581200	19.588610	27.752760	24.886370	24.637580	18.881600	17.755130	52.526200	37.345800	37.683100	72.371600
136	3.776200	2.779200	0.164200	0.311700	0.000000	7.380100	5.293600	2.026400	3.100100	2.059100	-0.545700	2.922600	5.280000	3.145400	5.358700	1.596500	9.658900	7.564000	1.712100	10.652400
137	0.000000	3.263900	2.665500	4.983600	5.361600	8.526700	3.001500	5.812800	3.191600	3.364000	2.722300	2.842200	3.699400	3.209000	3.081400	3.224700	2.894300	3.118300	3.198100	3.407100
138	0.876200	0.276000	-1.336500	-0.148200	-1.142500	1.586500	-0.509400	-0.561900	0.009600	-0.013300	-2.077700	-1.019400	0.357300	-0.256700	0.885800	0.622400	-0.405200	-1.489700	-2.187300	0.000000
139	3.966000	2.703900	2.641000	3.158900	2.691700	0.000000	2.670800	3.508500	4.087800	2.192000	2.246400	2.388200	2.788700	2.925600	3.267100	2.991500	4.337600	3.081100	2.217500	2.826900
140	0.000000	1.581100	2.133200	3.358400	3.397900	7.361200	1.725200	3.258200	1.987100	1.919500	1.854500	1.837700	1.832700	1.274800	1.947100	1.784300	1.964900	2.104500	2.104700	2.493600
141	0.996600	1.252600	1.703200	2.236800	1.756400	2.670800	0.624300	1.102200	0.061800	1.214300	1.312100	0.908700	1.193300	1.086100	0.000000	0.329300	1.433600	1.101300	1.150100	1.580600
142	0.676500	0.277000	-0.123400	0.416700	0.113300	-1.179000	-0.236300	0.508200	0.546700	0.623600	-0.411900	0.000000	0.141500	0.035000	0.479100	0.425200	-0.447000	0.247700	0.199100	0.753200
143	0.151800	-0.353200	-0.857700	-0.340200	-0.667000	-1.180300	-0.964600	0.743400	0.422800	-0.200900	-0.751200	-0.993000	-0.523500	-0.293600	-0.056300	0.000000	-0.019900	-0.188000	-0.256000	0.191300
144	1.046800	0.692900	-0.172800	1.232300	0.787600	0.090800	0.050600	0.980900	0.594100	0.607700	-0.090300	0.000000	0.552000	0.126700	0.618200	0.609400	0.304700	-0.038500	-0.005400	0.776900
145	2.735500	1.360900	-0.366000	0.000000	-0.311100	5.084300	0.898600	0.642800	2.033100	1.722700	-0.295400	1.011400	1.833600	1.659700	2.920700	2.065100	0.758000	0.856100	0.013800	1.636500
146	0.248800	-0.163500	-0.694400	0.000000	-0.376500	-1.262400	-0.570800	0.031000	0.352200	0.483800	-0.808200	-0.567000	-0.331200	-0.397800	-0.016700	0.181100	-0.847200	-0.487100	-0.527400	0.060100
147	0.000000	0.197800	-0.475900	-0.006700	-0.067400	-0.816000	-0.304400	-0.191600	-0.143900	0.292000	-0.591700	-0.303700	-0.237400	-0.507000	0.082500	0.125400	0.210000	0.261800	0.132600	0.624200
148	4.880700	3.237800	1.745600	3.335000	2.979600	6.427800	2.958100	3.098100	4.784300	3.798300	-0.040500	3.103300	3.398200	3.548200	4.524200	3.515000	1.565000	0.159600	0.000000	2.153600
149	3.585400	1.617900	-0.625200	0.000000	-0.476800	4.213000	0.959400	1.247200	3.232400	1.824100	-0.584800	0.397900	2.428300	1.679300	4.421700	1.700000	4.813000	5.497600	5.585300	3.650300
150	1.205500	1.686400	0.000000	1.885200	0.906800	3.485500	0.442200	1.539800	1.950200	1.521200	-0.521200	0.345400	1.465300	1.115400	2.122400	0.572200	0.636600	-0.597800	-0.803700	0.174400
151	0.000000	0.804600	0.551800	2.275100	2.236200	6.101200	0.145800	2.046200	0.618600	0.855000	0.918200	0.747200	0.445400	0.441700	0.004600	0.213000	1.283700	0.985800	0.980100	1.153400
152	1.425300	0.911100	-0.199300	0.316800	-0.157200	0.093800	-0.615000	0.493300	1.016000	0.448400	0.149500	0.000000	0.095700	-0.017000	0.695000	0.466000	0.284900	-0.180300	-0.259300	0.576100
153	3.721300	2.074200	1.798700	3.159300	3.149400	0.000000	6.879100	4.526600	3.922100	2.616400	3.219800	5.943000	4.177700	3.547900	4.864300	3.626400	14.078660	11.152100	8.103300	20.711090
154	1.432200	1.744400	1.511400	2.567700	2.355100	0.000000	2.171500	2.011200	1.426000	2.244000	1.593500	1.832500	-0.403600	1.851100	-1.617400	0.991900	2.329600	0.966100	0.658200	2.261900
155	0.211700	-0.192900	-0.508900	0.000000	-0.484600	-2.116800	-0.176700	0.050300	0.169500	0.235900	-0.559700	-0.387600	-1.427300	-0.442900	-1.180900	0.310400	-0.580000	-0.441800	-0.582200	0.235100
156	0.218300	-0.482600	-1.004600	-0.352800	-0.823100	-2.232100	-0.353500	-0.214900	0.000000	-0.028000	-1.175100	-0.774300	-2.133600	-0.985700	-1.990600	-0.565100	-1.444500	-1.138500	-1.190000	-0.222700
157	3.331600	1.766900	0.600200	1.225200	0.750800	0.542300	1.789100	2.349900	3.018000	2.276200	0.209100	1.445800	0.000000	0.086800	2.122300	2.507200	0.476700	1.133200	1.043500	2.211600
158	1.093500	-0.046900	-0.946700	-0.473700	-0.653000	3.216700	-0.935700	-0.140500	0.322700	0.625500	-1.665800	-0.433400	0.123300	0.000000	0.930400	0.989200	-0.629300	-0.836000	-1.437400	0.030400
159	0.986700	0.124500	-0.173300	0.231100	-0.288500	2.895700	0.195400	-0.024900	0.209400	0.860300	-0.483600	0.000000	0.089300	-0.172500	0.642700	0.365300	0.005600	-0.000600	-0.059300	0.516400
160	1.878900	0.697700	0.000000	2.414000	1.755500	1.304300	-0.332000	0.709600	0.926000	1.409100	-0.024200	0.133500	0.976100	0.657800	1.549900	0.968400	0.520000	0.376400	0.380100	1.282700
161	4.354500	2.857500	0.155600	0.993100	0.000000	6.125500	4.463400	1.895800	3.408600	2.805200	-0.133300	2.419000	5.217200	1.777400	5.632900	2.815400	9.034400	9.699900	7.493000	8.595200
162	0.148300	-0.822300	-1.732200	-0.511800	-1.463600	1.846000	-1.015100	0.194300	-0.621400	-0.138900	-2.465500	-1.248100	-0.875500	-1.133000	0.000000	-0.172100	-2.076000	-1.339300	-1.384000	-0.250200
163	1.056800	0.000500	-0.664600	0.564300	-0.072500	2.490000	-0.019900	0.755500	0.675200	0.630000	-0.744400	-0.254200	0.000000	-0.287600	0.428800	0.126300	-0.207900	-0.392200	-0.613900	0.356400
164	1.515100	0.000000	0.046300	0.942300	3.043300	5.958900	7.200100	3.063500	0.471100	1.042400	1.898400	5.019100	6.104400	4.234600	6.987700	5.892600	31.921840	23.773365	16.432620	42.216100
165	4.493200	2.831200	-0.054500	1.162600	0.000000	5.512300	1.335900	2.597300	3.404500	2.887300	0.210100	1.703800	4.399900	2.148500	4.905700	2.584500	12.353000	11.886700	6.602300	8.393700
166	0.666000	-0.186000	-1.226600	-0.062400	-0.993600	4.021600	-1.573500	0.139700	0.758700	0.526600	-0.943300	-1.021200	-0.123100	-0.328500	0.000000	-0.863500	-0.629300	-0.876100	-1.113100	-0.728900
167	2.202700	0.624800	-1.001700	-0.469500	-1.067800	2.841400	-0.141000	0.315100	0.949000	0.451800	-1.221100	-0.293200	0.000000	-0.747900	1.156000	-0.311400	-1.077200	-0.748100	-1.214500	-0.851700
168	2.038500	0.000000	2.719000	1.470400	2.171100	3.652100	11.429400	3.072300	0.529400	1.674800	1.384100	8.042500	7.003400	5.343000	4.460600	3.574600	26.406750	24.553030	19.711880	41.389500
169	1.984400	0.000000	-1.628000	-1.334000	-0.109900	3.972500	0.677800	0.999100	0.126600	0.378800	-1.469400	0.727500	1.243900	1.628000	2.593700	1.698600	1.132400	-1.732900	-2.394200	3.099400
170	1.877500	1.052000	0.668300	1.270400	0.578600	3.021300	0.000000	0.943400	1.275400	1.753000	0.502500	0.777100	1.557800	1.079200	2.298700	1.715900	1.017400	0.868800	0.484600	1.105200
171	1.841400	-0.165300	-0.597100	-0.414000	1.600000	3.078000	1.544100	-0.645800	0.569400	0.000000	-0.752100	0.066300	3.262600	1.047800	3.685100	1.681600	2.015000	3.325500	2.368500	38.603500
172	2.266900	0.228000	-3.889100	-2.253800	-1.968300	3.915200	3.268700	0.000000	0.649800	-0.025700	-3.512700	1.972200	1.541800	0.367600	1.734700	0.765500	8.776100	0.815300	-1.476800	0.851400
173	0.951000	0.003200	-1.865400	-0.452000	-1.273700	2.319600	-0.728900	-0.348200	0.050800	0.289800	-1.678100	-0.922400	0.000000	-0.311500	1.439100	-0.308700	-1.618500	-0.288200	-0.361500	-0.170200
174	2.580500	1.501900	-0.018300	1.241500	0.657700	4.664300	0.474200	1.961100	2.255200	1.977300	0.000000	1.059500	2.526200	1.943300	3.495200	1.980000	1.151800	1.351400	0.896500	1.981000
175	5.354600	4.326200	2.215600	5.283700	5.183800	15.199140	4.006500	4.688700	5.256600	4.740900	1.342700	4.283500	5.493600	3.885200	6.509500	5.249900	0.000000	2.920000	2.149300	4.688000
176	4.475300	3.608500	1.259200	2.749500	1.733800	3.760600	2.316900	3.036300	3.818600	3.547600	1.016800	2.677000	5.343200	3.204700	6.235000	4.011800	1.246200	-0.338600	0.000000	2.481700
177	1.155400	0.807500	0.571300	0.621100	0.330600	1.889300	-0.156800	0.000000	0.000500	0.618700	-0.053500	0.022200	1.153400	-0.069100	1.402800	0.184800	1.455500	1.444200	1.429400	0.553500
178	1.168300	0.445300	-1.128700	0.421300	-0.228800	3.292200	-0.082900	0.845600	0.459700	0.284300	-1.188400	-0.655600	0.870700	0.146400	0.000000	0.274900	-0.424400	-0.750200	-0.842400	0.051100
179	0.000000	3.534200	3.957000	5.814400	5.255900	5.813900	3.701500	4.885300	2.830700	3.714700	3.791100	3.732200	1.887800	3.260000	-0.358800	2.838800	3.877700	3.768600	3.737000	3.729700
180	2.890400	1.897100	0.000000	1.895700	0.444600	0.363300	1.279200	2.412600	2.660200	2.110200	-0.806100	1.097000	1.072500	1.092900	0.813000	2.204900	0.236700	0.446100	-0.940600	1.825100
181	0.594800	0.206800	-0.067000	0.198200	-0.025800	-0.717200	0.420700	0.000000	0.406800	0.570400	-0.098400	0.190400	-1.452700	-0.193000	-0.797600	0.666600	-0.123000	-0.402300	-0.547900	0.608700
182	1.490900	0.424300	-0.146200	1.436000	0.809400	-0.750600	0.021900	0.817900	0.878400	1.083700	0.185500	0.000000	0.461100	0.166300	0.830500	0.483000	0.685100	0.462000	0.345100	0.625500
183	1.866600	0.000000	8.363000	4.235200	7.497800	3.446100	7.741000	2.976300	1.115400	2.206600	4.949300	6.806100	4.189800	8.280300	6.175200	5.734600	16.678040	9.194300	10.488800	55.195800
184	1.731400	0.454500	-0.433700	-0.406500	-1.096500	4.702100	0.546200	0.000000	0.881500	0.694600	-1.376200	-0.005600	0.142300	0.383900	1.662900	1.710400	2.541400	2.858400	2.285200	3.679700
185	0.701800	-0.027400	-0.101500	0.344600	0.009200	2.733600	-0.105400	0.352600	-0.144600	0.637600	-0.318600	-0.128700	-0.027300	-0.340600	0.303900	0.000000	-0.419800	0.025400	-0.036900	0.295800
186	2.434500	1.370300	0.796600	0.952700	0.416200	3.873800	0.000000	1.505200	2.261600	1.936500	0.899700	0.770000	1.439900	0.771900	2.421400	1.166200	1.003200	0.744100	1.057300	0.723400
187	4.704900	3.408400	0.000000	3.925600	2.924000	8.131600	5.373500	4.425600	4.789200	3.433800	0.120700	3.293400	4.670100	2.695200	5.838600	3.978200	14.011670	5.670100	3.715500	5.133700
188	0.819300	0.406400	-0.239400	0.275800	-0.290200	2.881700	-0.439000	0.157100	0.187300	0.432700	-0.364200	-0.843100	0.439000	0.142600	1.688500	0.397400	2.590300	0.538800	0.497900	0.000000
189	-0.223600	0.000000	-0.602900	1.008200	1.217800	1.085500	-2.185800	0.595500	-0.662700	0.090800	-0.418500	-1.464700	0.290600	-0.228400	1.044500	-0.700800	-0.043700	-0.578300	-0.474600	-0.517000
190	3.069400	2.181900	0.651900	1.707900	0.887800	6.420900	1.584900	1.903800	2.245000	2.144000	0.277900	1.320800	3.480200	1.916200	3.792700	2.569500	1.344200	0.661200	0.000000	2.583900
191	-0.570700	1.151100	1.398500	3.251700	2.839000	6.883100	0.228900	2.096200	2.576500	0.617100	0.725100	0.000000	2.411900	1.352000	1.280100	0.931900	1.175700	1.412700	0.911700	2.203100
192	-0.003000	0.000000	-0.111400	0.996000	0.879200	2.123600	-0.250500	0.314600	-0.054100	0.055400	-0.438900	0.033000	0.338800	0.092800	0.318900	0.103100	0.054800	0.089100	0.048000	0.401000
193	0.456800	0.482600	0.274800	0.710500	0.508100	3.636100	-0.186300	0.423100	0.266600	0.305100	0.076600	-0.271200	0.476900	0.000000	0.786500	0.136300	0.455300	0.095800	0.033300	0.407100