SITE	GLY	ALA	LEU	VAL	ILE	PRO	ARG	THR	SER	CYS	MET	LYS	GLU	GLN	ASP	ASN	TRP	TYR	PHE	HIS
1	-0.635100	-0.236600	0.126700	0.088500	-0.079200	-0.261100	-0.072000	-0.034100	-0.187700	-0.164700	-0.027900	-0.051300	-0.132800	0.000000	-0.098400	0.070900	0.042700	0.252800	0.216600	0.035600
2	3.141600	2.148300	0.000000	1.587500	1.873300	2.344200	2.844400	1.641800	2.593600	2.205100	-0.013700	2.580100	2.644600	3.103700	3.431700	2.529900	11.122070	9.441800	5.739220	4.981200
3	1.642100	1.003300	0.720100	0.765000	0.353400	3.902270	0.440300	0.000000	0.283700	0.775700	0.528500	0.510700	0.870900	0.851100	0.167100	0.442100	0.872900	0.851500	0.741400	0.217700
4	2.387500	1.824700	1.732000	2.400500	2.033000	0.000000	1.673700	3.186830	2.677100	2.310000	2.111300	1.880600	1.705700	2.111100	3.035100	2.852000	2.516400	2.243300	2.284100	2.113500
5	0.128100	0.023700	-0.501100	0.081000	-0.129800	1.032600	-0.490800	0.000000	-0.892500	-0.052400	-0.644800	-0.424800	-1.077200	-0.651100	-1.111800	-1.057200	-0.351000	-0.459800	-0.411900	-0.364000
6	2.911800	1.340600	0.442900	1.656000	1.938900	5.914160	1.041900	2.688300	2.124600	1.848500	0.474200	0.750800	1.268600	0.763600	2.687600	1.335100	0.404800	0.616500	0.000000	0.774000
7	7.713020	6.902300	2.658900	4.675480	4.422000	5.840190	6.827410	6.631630	7.693100	6.146500	2.396200	5.165850	7.573090	5.770380	8.228020	6.520110	6.218200	0.000000	1.295200	4.200600
8	0.435800	-0.269700	-0.438000	0.165800	-0.233600	3.956080	0.029400	-0.401400	-0.226900	0.178700	-0.309600	-0.227100	-0.128500	-0.329700	0.000000	0.119400	0.301400	0.448300	0.410900	0.809300
9	-0.151900	0.135800	-0.129500	-0.040900	0.005000	-0.167300	-0.623600	-0.062500	0.044600	0.241900	-0.065300	-0.463700	-0.105700	-0.466400	-0.144600	0.000000	-0.387100	-0.014500	-0.014900	-0.080200
10	0.300700	-0.104200	-0.411700	-0.304300	-0.519300	-0.698400	-0.929700	0.459400	0.000000	-0.104800	-1.725100	-0.945400	-0.108000	-0.527300	0.044600	-0.028400	-0.502700	-0.184600	-0.029900	0.235600
11	5.803000	5.517600	6.094990	7.249030	8.111510	11.340740	9.035120	9.351880	7.670050	0.000000	5.004700	8.082110	8.948280	9.284620	7.780850	6.981020	10.229310	9.196410	6.354190	16.766008
12	1.350700	1.070200	1.373100	2.039200	1.693500	0.000000	0.190600	1.933400	1.042200	1.488900	1.582100	0.769200	1.054100	0.943100	0.998700	1.097000	1.478900	1.422200	1.394400	1.364200
13	0.661500	0.977600	-0.448200	0.505700	-0.166800	0.976200	0.055700	0.731600	0.483500	0.907500	-0.574800	0.013400	0.396600	0.398500	-1.504400	0.000000	0.068600	0.175800	0.068000	0.890900
14	3.846500	2.306000	-0.733900	0.000000	0.863800	5.704000	5.560800	2.378200	3.606200	2.199500	1.310900	2.371200	2.710900	2.193900	2.234600	2.120300	4.026200	1.310600	0.721900	2.743500
15	0.118400	-0.922200	-2.184200	-1.271300	-1.548000	-2.225800	0.009600	-0.529400	0.000000	-0.514200	-2.604100	-0.932800	-2.122400	-1.363100	-1.554800	-0.185000	-0.538200	-1.215900	-2.549000	-0.265800
16	0.179900	-0.487900	-0.656200	-0.195100	-0.620800	-2.101700	-0.232500	-0.340000	-0.441200	0.139200	-1.068900	-0.413800	-0.844600	-0.757200	-0.013700	0.000000	-0.644400	-0.012900	-0.027100	0.356700
17	2.873400	1.859700	-0.057900	1.407300	0.000000	3.208800	1.541100	1.366800	1.976800	2.107700	-0.555400	1.236200	1.078800	1.245400	2.423700	1.945200	1.521900	0.007100	0.083400	1.619300
18	4.518600	2.536600	-0.102700	0.000000	-0.849800	5.459800	8.602790	2.425400	3.891200	2.319100	0.398600	4.402800	4.281100	2.669600	4.888500	2.465900	12.720360	5.142300	4.878400	2.665100
19	1.300200	0.267300	-0.534000	1.848100	1.681800	5.708790	0.000000	1.347100	1.045600	1.043100	-0.483200	-0.272800	0.728600	0.546800	1.810900	1.389700	-0.050500	0.496300	0.089000	1.362900
20	0.339600	-0.313400	-0.635100	-0.058900	-0.609300	2.886100	-0.701100	-0.290600	-0.328700	-0.065800	-0.811300	-0.621500	-0.385000	-0.522500	0.000000	-0.409400	-0.890900	-0.726300	-0.843100	-0.102400
21	1.242600	-0.391800	-1.923900	-1.592200	-1.989000	1.693600	-0.957400	0.000000	0.157500	0.035000	-1.612400	-0.737300	0.087800	-0.653500	0.428600	-0.958000	7.573540	1.793700	-0.000600	0.464600
22	5.358640	3.629000	-0.239800	1.090900	0.000000	6.097250	6.026910	2.804000	4.015230	3.429200	-0.271600	2.880800	4.593560	2.621900	5.190280	3.407100	12.424490	8.723140	4.299150	3.176700
23	1.287900	0.191100	-1.119400	0.000000	-0.692600	4.600290	-0.421400	-0.239500	0.548300	0.676200	-0.567500	-0.541600	0.208000	-0.305500	0.851400	0.818500	0.076800	-0.862300	-1.065500	0.287100
24	0.297900	-0.209200	-0.375000	0.268900	-0.289200	2.474400	-0.722500	-0.287600	0.012700	0.590800	-0.303300	-0.251900	-0.032300	0.054900	0.587400	0.000000	-0.037600	-0.249500	-0.376500	0.106100
25	1.254400	-0.366000	-1.796000	-1.448100	-1.903500	1.377900	-0.866400	-0.810100	-0.065400	-0.086600	-2.348700	-1.393900	0.000000	-0.909100	1.095000	-0.712900	0.281500	-1.568500	-1.970300	-0.215200
26	2.121900	1.897400	0.000000	2.094300	1.174100	4.476150	0.359000	1.866700	1.774600	1.993500	-0.238600	1.127200	1.654300	1.363500	3.216500	1.747400	1.833300	1.876200	1.466500	2.002900
27	1.467300	1.110400	1.027300	1.430700	1.086900	0.884600	0.000000	0.695700	0.763700	1.076000	0.793500	0.552000	1.460800	0.586000	1.705200	1.206400	0.953600	0.775100	0.597200	0.848100
28	-0.014000	0.223300	-1.011700	-0.216200	-0.324700	-0.346100	-0.196100	-0.174700	0.000000	-0.072200	-0.113200	-0.306000	0.032800	-0.794500	-0.022600	0.049200	-0.002900	-1.397500	-0.214100	-0.051000
29	5.993790	5.021090	3.754090	4.449390	4.006130	8.405600	4.894830	3.393600	4.071840	4.769240	2.959600	4.675260	4.046850	4.913040	0.000000	3.651630	5.007330	4.850010	4.783990	4.639600
30	1.624400	1.509900	1.344500	2.046200	1.690500	0.000000	0.750200	2.183900	1.396000	1.709800	1.290400	0.934600	1.229800	0.850500	1.620800	0.982100	1.490500	1.813200	1.531700	1.332200
31	0.164200	-0.441600	-1.495800	-0.302800	-0.627900	0.714700	0.000000	0.479100	-0.263500	-0.463400	-1.420100	-0.213500	-0.991100	0.091400	-0.941700	-0.057800	-0.785300	-0.667300	-0.846300	0.542500
32	4.875180	3.001900	0.562100	0.794400	0.000000	7.221160	3.129300	2.858300	4.132250	3.040400	0.398300	2.675900	4.116190	2.963100	4.708750	3.864040	6.609010	5.124430	4.400980	21.062060
33	1.513000	0.000000	-0.928700	-1.837000	-1.252400	-0.287000	0.789100	-0.371400	0.590800	-0.041800	-2.182800	-0.681300	1.612600	0.738200	1.275200	1.392800	5.967540	8.309570	4.844690	5.173470
34	1.283700	0.000000	1.242300	2.305200	1.092200	-0.833500	2.285600	1.865600	0.922800	1.522800	-0.013300	1.533500	1.732300	1.700300	1.894700	1.747900	-0.388800	0.278600	0.437600	2.424000
35	1.024700	-0.384700	-1.878300	1.345000	0.647900	1.634200	0.401300	-0.347200	0.000000	0.178200	-1.022900	0.600900	1.252700	0.617300	0.579200	1.315200	-1.628000	-1.361400	0.341100	0.754100
36	5.028000	3.376800	-0.247800	1.218500	0.000000	6.599900	6.156100	2.413200	3.983300	3.220900	-0.336400	3.185900	4.035000	2.668900	4.738300	2.998300	7.130900	10.154220	3.302800	2.957000
37	4.017310	2.657000	0.000000	2.351100	1.355200	6.060270	2.666900	2.478500	2.880900	2.858700	0.335100	2.165300	3.388200	2.329500	4.155770	3.371100	-0.142000	-0.080400	0.143700	2.587000
38	1.226000	0.369200	-0.421900	0.458100	-0.174700	2.298600	0.000000	0.759800	0.562400	0.838400	-0.989700	-0.076000	0.272400	0.046200	0.948700	0.404500	-0.022600	-0.042700	-0.499300	0.833300
39	5.360300	3.531800	0.000000	1.556500	0.831700	5.697500	6.334800	3.392500	4.379700	3.657700	0.143200	2.714600	4.204100	2.547500	5.332000	3.570100	14.793700	3.595100	7.449500	5.450900
40	3.025300	1.304800	-1.479200	0.933500	0.507000	4.219000	0.686100	1.558900	1.740400	1.584100	-1.691900	-0.181600	2.748100	0.939900	4.030600	2.059000	-3.022600	-1.082700	-1.472900	0.000000
41	4.502900	3.429600	1.355800	2.350800	1.428800	5.013700	2.165800	2.681100	3.695600	3.761000	0.802300	2.083100	3.533900	2.572200	4.749500	3.871700	0.466100	2.054600	0.000000	1.983500
42	2.563500	1.140800	-0.839800	0.851900	-0.107900	3.987000	-0.089600	2.582700	1.539300	1.289200	-0.109300	0.743500	2.370400	1.317500	2.591900	0.822800	-1.252700	-0.915300	0.033900	0.000000
43	-0.527300	-1.723200	1.209600	-2.265100	0.448500	3.476200	6.669000	-1.613500	-0.556000	-1.532500	-1.518400	1.525100	0.512500	-0.190000	0.000000	0.839000	15.871990	11.373800	7.241900	8.862760
44	3.510000	1.389500	3.412500	0.995900	1.900900	4.576700	14.655900	1.289400	2.344000	0.000000	5.822300	12.487650	5.990700	6.833910	7.039650	4.445500	22.338160	23.227470	22.673480	27.406500
45	5.522270	5.282910	1.703700	4.680810	3.735300	7.274490	0.089500	5.377600	5.205680	5.076740	1.331700	2.163000	6.024780	4.859230	6.694600	3.418500	5.933820	2.045400	0.000000	4.351680
46	4.405300	2.507500	2.176100	0.000000	-0.056800	8.023770	6.748050	1.522200	2.863800	1.918400	1.666200	3.332100	7.594220	4.805600	6.078330	2.693700	7.402280	7.022900	3.415700	2.500700
47	0.103100	1.141800	0.564900	1.988600	2.341700	6.216420	-0.072800	1.117200	0.193200	-0.323000	-0.474500	-0.570800	0.584200	0.931200	1.179300	0.000000	0.146700	-0.359900	-0.328400	0.697500
48	0.000000	6.180390	17.194090	16.807322	21.417990	9.310840	17.120570	15.192407	8.832720	9.195800	13.951920	17.110610	21.156680	18.751450	19.759060	14.722680	28.737100	23.680110	22.726030	63.888300
49	2.782700	1.994200	4.246900	2.745200	4.489100	1.629200	11.590220	3.800700	3.115800	0.000000	2.482000	3.465000	8.072620	3.326600	7.454480	3.440300	25.175090	19.611870	11.569470	18.163370
50	-1.269400	-2.187300	-3.084200	-3.066400	-3.515800	4.294100	-3.509500	-1.480400	-1.531500	-2.192100	-3.255100	-2.880100	0.348200	-1.944100	0.000000	-2.159000	6.604070	18.781890	8.176220	4.617700
51	-0.464500	0.000000	4.336600	4.900800	6.692400	9.174530	8.899740	6.011300	0.333800	2.913400	2.156600	4.264400	8.500890	4.027400	5.293300	2.066500	29.292800	17.284674	14.679010	28.248900
52	1.453900	-0.097300	5.035120	1.486800	3.882300	0.947500	10.824840	1.832300	0.000000	0.190600	3.388700	4.824680	7.867780	8.531640	9.939530	3.458700	31.368600	22.535790	16.006250	8.939820
53	3.741700	2.278000	-0.185400	0.435700	0.000000	3.998300	6.714020	1.667500	2.523700	2.406000	-0.401600	1.777800	4.666500	2.521500	5.776900	2.189700	10.397160	3.054000	1.491200	3.430000
54	5.277700	4.072700	0.000000	3.836000	2.248100	3.987300	2.778500	4.558800	5.005800	3.363000	0.315800	3.062400	5.241100	4.012200	5.540500	4.206800	5.487100	1.849300	0.127500	3.475000
55	3.610600	2.431100	0.000000	1.248400	0.458200	4.880490	3.573200	2.285800	2.799900	2.348900	-0.064100	1.391300	3.487200	2.862800	3.691400	2.882300	9.590320	3.491200	2.424500	0.910800
56	1.200900	0.885500	0.193800	0.903800	0.580000	1.877400	0.747500	1.299500	0.985800	0.985200	-0.101100	0.293400	0.876900	1.012300	0.000000	0.741700	0.884200	0.303000	0.162200	1.673400
57	1.294200	0.412300	0.024200	0.639200	0.335800	1.055200	-0.173900	1.065100	0.969500	0.648400	-0.094000	0.015500	0.621700	0.382300	0.142200	0.000000	1.469200	0.379200	0.095800	1.383200
58	2.364100	1.906400	0.877900	2.168700	1.340800	5.817360	1.410300	0.000000	-0.051000	0.966900	0.446900	1.067300	1.644100	1.687300	1.670400	1.826600	1.197300	0.987500	-0.083500	1.765600
59	0.016800	0.031000	-0.044600	-0.003100	-0.024900	-0.090700	-0.131800	0.000000	0.109100	-0.005400	-0.166300	-0.035600	-0.141800	-0.053200	-0.103300	-0.045500	-0.178300	-0.215500	-0.262200	-0.032000
60	0.347000	0.149900	-0.188900	-0.394600	-0.639200	0.220400	-0.512800	0.276300	0.000000	-0.202300	-0.870300	-0.733300	-0.746300	-0.354200	-0.194500	-0.111700	0.283500	0.029000	-0.000500	0.277800
61	4.610740	3.937590	4.175370	3.179700	2.840000	6.628340	3.441710	3.433000	4.047660	3.756040	2.816800	3.329850	3.701100	3.814280	3.202400	4.341610	1.919200	0.910200	0.000000	3.845230
62	1.097600	0.345000	-0.790300	0.588400	0.215200	-0.489300	0.000000	0.720900	0.730100	0.265800	-0.423900	-0.031000	-0.058200	0.260800	0.660400	1.181200	0.372200	-0.024700	-0.373100	0.142600
63	1.997700	1.036400	0.952700	2.465800	4.663800	-0.297400	1.374700	0.000000	0.469500	1.453000	0.959000	1.210600	2.949500	2.362400	3.532600	2.658400	5.594900	2.460500	1.061400	2.664200
64	1.051400	0.005200	-0.467700	-0.253000	-0.714700	-2.112500	-0.437000	0.100900	0.901300	-0.621900	-2.545900	-1.747200	0.000000	-0.708100	2.652100	0.486500	20.919810	15.728140	10.224220	15.238286
65	1.355700	0.411800	-0.635600	0.997000	0.264700	3.240100	0.428900	1.183900	1.133500	0.669200	-0.794800	0.000000	0.126200	0.337800	1.308300	0.719300	0.316000	-0.719000	-0.202700	1.138100
66	0.944800	0.493400	-0.997000	-0.111600	-0.581700	3.025200	-0.191100	0.547400	0.531200	0.678700	-1.226700	-0.424100	-0.489500	-0.339500	0.000000	0.089100	-0.039400	-0.425600	-0.557100	-0.012400
67	1.860800	0.000000	7.659100	1.319100	3.618200	8.747710	5.211400	1.204500	0.477500	0.721000	0.884500	4.309600	4.794640	3.343100	2.820200	1.814400	24.694000	7.990810	7.445170	26.406100
68	1.514400	1.004700	0.578600	1.226400	0.755500	0.204700	0.155000	1.036600	0.996900	1.317500	0.102300	-0.754400	1.022900	0.541300	1.209400	1.029000	-0.301300	-0.607800	0.000000	1.137600
69	0.000000	-0.941300	-2.899900	-0.999400	-0.460200	-2.271200	-1.308900	0.139100	0.130500	-1.138600	-2.753500	-1.349800	-0.075200	-0.770000	0.273600	-1.161400	2.068900	1.488600	-0.256200	0.535700
70	3.590200	2.709500	0.111200	1.191500	1.686600	2.133300	2.333100	3.129800	3.428200	2.287300	-0.091400	1.088200	3.153400	2.481800	1.662800	0.000000	6.680320	1.613900	2.740300	2.307400
71	0.951100	0.000000	-0.200800	0.197400	-0.051800	3.405280	-0.170700	0.450000	0.406400	0.548800	-0.176100	-0.041800	0.315300	0.114600	1.015600	-0.387900	0.462800	-0.216900	-0.623900	0.384700
72	0.404600	0.820900	0.795500	1.950800	2.245700	4.145710	0.583700	1.412700	0.937500	0.645700	0.845800	0.326000	0.369900	0.348500	0.225200	0.000000	0.702800	0.504100	0.348500	0.217200
73	1.338800	1.508300	1.183000	2.608000	1.754900	6.662500	1.537700	1.423200	0.000000	1.380400	0.810400	1.877300	2.796500	1.766700	0.875500	1.564500	0.379400	-0.544500	0.065000	1.665200
74	1.257000	0.000000	-3.153800	-0.621100	-2.371400	4.968100	3.477200	-0.753400	0.438000	0.290700	-1.808200	4.831300	2.716100	2.054900	2.879900	-0.176100	14.664510	9.608350	6.275850	19.777260
75	1.187500	1.707800	1.797800	2.670900	2.292000	2.851600	0.000000	1.858600	1.015200	1.366700	1.296500	1.753500	1.434700	1.649900	0.783000	1.203000	1.237500	1.502200	1.309800	1.929900
76	0.000000	2.693500	7.451070	6.347620	7.622880	8.548930	13.509242	7.545630	6.064870	4.239800	6.920450	11.584480	9.093710	8.861130	8.127090	7.390570	19.126930	12.635540	10.688100	35.994400
77	3.210600	3.012800	0.822600	2.594700	1.386000	2.892800	2.481300	3.000500	3.356100	3.268300	0.531000	1.845100	2.146800	2.762400	3.326900	3.171800	1.045500	0.828400	0.000000	2.582000
78	2.222900	1.586900	1.338600	1.902600	1.445900	0.000000	1.360800	2.117700	2.073200	2.170900	1.306900	1.377100	0.637600	1.272800	1.297000	2.192000	1.414200	1.420200	1.127900	2.445800
79	2.835200	1.343600	-0.355100	0.000000	-0.392500	0.663800	1.703200	1.417900	1.704200	1.345700	0.136900	1.025600	1.085900	1.108400	2.494100	0.431300	8.152840	6.696990	2.034000	3.799100
80	4.975100	3.571800	-0.001200	1.216300	0.000000	1.446500	3.967100	2.157500	3.851500	3.152400	-0.237000	2.965600	4.496100	2.869100	4.835700	3.262400	11.438860	6.506900	1.186000	3.150400
81	0.935600	0.284600	-0.537100	0.572600	-0.263100	2.804500	0.462800	1.174700	0.502200	0.710100	-1.569200	0.353200	0.196400	0.349900	0.000000	0.285400	-0.346300	0.280800	0.211700	0.737100
82	1.322500	0.312900	-0.463700	0.419100	-0.313500	2.885900	0.000000	0.284100	0.346400	0.944900	-0.551800	-0.071900	0.245900	-0.110600	0.622700	0.280200	-0.402100	0.011200	-0.058300	0.558900
83	6.268590	4.405850	3.334200	2.255700	1.819900	8.150900	5.584570	4.443750	4.905280	4.032500	0.000000	4.535690	5.478050	3.991300	8.010680	6.231490	16.593390	22.110110	15.524070	18.756370
84	4.040200	2.626400	1.198800	3.788420	3.067800	9.281490	-0.218900	4.188070	3.103100	3.159200	0.474600	0.000000	4.385440	2.532600	4.969850	2.724600	5.717740	5.483140	3.455800	2.055000
85	0.779200	0.000000	-0.231700	0.357800	-0.120800	3.333600	-0.574500	-0.010300	-0.049600	0.667700	-0.686500	-0.195200	0.122800	-0.231000	0.477300	-0.048900	-0.580800	-0.207700	-0.439200	-0.014300
86	1.123500	0.000000	-0.690800	0.506400	-0.398800	3.207600	-0.534500	0.673300	0.813600	0.407400	-1.107400	-0.446600	0.101800	-0.115100	0.748000	0.004000	-0.487000	-0.533500	-0.624700	0.201700
87	4.495400	2.470500	-0.885200	0.000000	-0.656100	6.542450	12.108190	1.513600	2.929200	2.321700	0.509800	5.328600	4.749200	3.645900	4.545300	2.604300	14.980227	17.369550	10.365400	11.669250
88	2.048600	1.124100	-0.086200	0.835100	0.773100	5.792010	0.854700	1.936300	1.221100	1.347700	0.194800	0.449400	0.000000	0.888300	0.509000	0.831000	1.262800	0.780400	0.403100	1.586200
89	0.851600	0.136600	0.056000	0.450100	0.026900	2.805900	-0.545200	0.608000	0.000000	0.584400	-0.138100	-0.170800	0.315100	-0.152300	0.927700	0.124900	-0.078400	-0.050400	-0.086600	0.073800
90	1.224400	0.000000	-0.878700	0.180000	-0.079200	2.675200	-0.771900	0.215800	0.297300	0.656100	-1.065700	-0.737900	0.366000	-0.336200	0.677600	0.139100	-0.336900	-1.155700	-1.146900	0.301900
91	5.303390	5.896830	6.727960	8.640560	9.578480	11.229660	6.610910	9.602320	6.081210	0.000000	6.182230	5.982860	7.979750	7.358600	8.654740	7.336480	9.880510	8.372470	7.877170	9.116130
92	2.331700	1.808300	1.332300	2.122700	1.824600	0.000000	0.381000	1.653900	1.641500	1.971500	1.048100	0.491600	2.278000	1.418000	2.580900	1.034000	1.344500	1.489100	1.496300	1.553600
93	0.029700	0.970400	0.067200	1.844200	1.895700	4.662210	0.000000	1.417300	1.207400	0.618900	0.270600	-0.212200	0.494800	0.270000	1.399600	0.324000	0.343400	0.302500	-0.414700	0.118200
94	0.723600	0.138600	-0.099300	-0.875700	-0.435700	6.961640	0.365300	0.000000	0.468900	0.837500	0.331200	-0.615400	0.415700	0.559800	2.719900	0.823900	0.643200	-0.094300	-1.175700	0.343100
95	4.974900	3.340400	-1.057300	0.000000	0.786000	2.388000	8.248530	2.476900	3.257700	1.515300	-0.322200	4.612700	4.536500	3.454800	4.500500	2.167100	13.726420	9.797710	8.394350	3.019000
96	-0.311200	-1.119500	6.148200	1.235100	5.062300	-0.083800	6.825420	0.457900	0.000000	0.462700	3.198200	3.664400	4.286600	6.332560	5.092200	2.209800	11.591680	4.841500	3.077100	49.157900
97	6.955800	5.108300	5.123400	3.713100	4.629300	4.647600	12.223750	6.135400	7.319400	0.000000	6.379300	11.898910	9.900560	6.170100	8.883610	8.015440	31.017600	29.595400	23.986230	32.419300
98	1.345600	0.000000	14.253580	5.608500	11.064540	7.880540	20.623190	3.751600	0.856700	3.950400	11.687660	15.011680	19.254500	14.956890	13.626890	10.909360	48.395400	36.693300	31.536300	32.300200
99	5.835500	3.924600	7.106230	4.633400	5.576900	5.944810	17.254220	3.144000	3.977700	3.684200	9.520240	15.676276	9.325160	8.710270	0.000000	5.581400	22.889860	11.666540	10.718060	57.647800
100	5.615100	3.924600	0.000000	2.554200	1.285200	8.286710	7.314900	3.576900	4.423600	3.790700	0.190000	5.127300	5.068600	3.436600	5.264000	4.517800	13.657900	12.289230	6.766370	5.956900
101	5.193100	3.518400	0.000000	1.111000	2.001100	6.560900	5.110900	2.208000	4.123300	3.636900	0.299200	3.593700	5.143600	2.648200	6.023700	3.706200	8.967440	12.366920	5.601100	17.394711
102	2.389700	0.888400	1.031200	-1.003200	0.837200	2.432100	0.889300	0.000000	1.484600	1.034500	-1.217200	1.708200	0.709200	0.654600	1.816900	2.231900	4.858000	4.502700	0.862800	3.406900
103	4.741500	2.851500	-0.307600	1.421800	0.000000	5.187500	3.666000	2.110800	3.366200	2.672700	-0.678900	3.276200	3.046900	2.852600	4.452000	3.176000	4.023100	1.271100	0.532000	4.165700
104	2.321000	0.000000	4.219900	1.451900	2.172800	5.946700	15.017560	2.295600	0.864400	1.697800	3.435000	9.789600	7.170100	6.948800	7.512200	6.093700	22.481340	11.169050	9.079450	25.339040
105	1.952300	0.000000	5.667900	1.946600	3.575700	5.444600	11.732930	3.017300	0.811200	2.635100	3.494700	6.679100	6.914070	6.875090	5.387300	13.082190	27.508600	15.559240	13.233130	37.795000
106	0.765300	-0.976200	-1.206600	-1.459000	-0.097500	2.482500	1.669900	-0.770300	-0.446500	-0.724800	-2.057400	-1.292600	1.552800	0.000000	2.507500	1.311600	6.167880	3.289400	3.274100	5.048400
107	1.586000	-0.211300	-1.524600	-1.602800	-1.754200	5.100020	0.630500	-0.378200	0.796500	0.124900	-1.613900	0.255800	0.013500	0.000000	0.465400	-2.053800	-1.342500	-0.760400	-0.588200	0.309900
108	1.413700	-0.682200	2.998300	1.751100	2.578600	4.699000	11.494600	2.376700	0.000000	0.272200	2.492400	8.613810	8.983990	5.818650	5.578130	3.693600	27.075800	17.840700	15.118880	19.050010
109	4.044300	1.969500	0.254100	0.000000	-0.719500	6.270900	9.547970	2.369400	2.784900	1.407500	0.883800	5.477200	3.975300	4.513200	4.061400	3.547900	13.916310	7.128800	7.107300	15.629110
110	0.722000	-0.404900	-0.570500	0.682700	1.280400	4.088610	-0.568600	0.000000	-0.526100	0.535300	-1.011200	-0.493300	0.656900	0.393100	1.185300	-0.085200	0.126500	-0.290400	-0.364700	0.103100
111	3.747620	2.421500	0.000000	1.860700	0.503000	4.854110	1.632200	1.986000	2.547600	2.378300	-0.182700	1.820700	2.899600	1.413500	4.074990	2.182500	3.221100	3.699590	1.906800	2.977700
112	0.423500	0.000000	2.337200	3.073800	4.175760	3.016700	0.188700	3.072600	0.367100	1.414400	-0.184500	0.538000	3.528300	1.080300	4.056520	1.859700	9.783100	6.559220	2.547900	14.588840
113	0.000000	3.186600	2.814600	4.771600	4.727700	6.971500	2.522000	5.070800	3.702300	3.412000	2.940700	2.599600	3.731700	3.027200	4.048700	3.090500	3.029100	3.004100	2.948400	2.864700
114	0.000000	3.309300	15.628250	15.129840	19.648180	15.203740	31.028500	13.842029	5.290550	6.223710	16.548360	28.813100	18.413630	20.828910	13.185311	12.421720	42.212300	42.320200	34.284900	36.049000
115	4.520170	3.358370	2.532100	4.066210	3.396880	0.000000	3.542880	4.453180	4.133740	3.736730	1.533500	3.052800	3.641520	3.676400	3.714620	3.819910	3.883080	2.773300	2.560100	3.912360
116	0.284600	-0.115800	-0.661700	-0.342700	-0.646600	0.473000	-0.606000	-0.427700	0.000000	-0.125200	-0.494400	-0.651300	-0.271100	-0.454200	0.039500	-0.552100	-0.456400	-0.342300	-0.654200	-0.086600
117	6.292520	5.964870	5.684890	6.246160	5.263920	6.932560	5.942180	5.804490	5.828090	5.651790	3.714390	5.973720	5.684430	6.014220	5.437060	5.953910	0.000000	3.076200	2.454700	4.813240
118	0.846400	0.724000	-0.397500	0.044300	-0.148000	0.390300	0.000000	0.059100	0.672800	0.117800	-0.877200	-0.289700	-0.240800	-0.108000	0.276700	-0.233300	-0.241700	-0.500500	-0.158400	0.394400
119	2.149000	1.631100	0.293700	0.000000	0.298800	-0.958300	2.554900	1.071800	2.201400	1.440600	-0.964300	2.787500	2.077700	1.468700	3.127100	2.346100	2.477400	2.732900	-0.838800	2.551500
120	2.433800	2.408000	2.016200	1.516800	2.068100	0.000000	2.318600	2.917700	3.204700	2.447400	2.183700	2.120800	2.423300	1.923900	3.520900	3.290100	3.955630	2.561800	1.235300	2.642900
121	3.863700	2.864500	0.000000	2.743100	3.048000	6.755300	0.837700	2.641600	2.898200	2.045600	0.444600	0.311100	3.730200	2.515200	5.106400	3.638500	3.061500	4.860100	2.639600	44.111900
122	0.000000	2.770000	3.301300	7.277670	7.510150	14.997750	4.026100	7.515630	4.359700	2.686400	2.660300	3.889600	4.346500	4.337000	6.170970	4.785510	7.100000	8.118340	5.763270	4.999890
123	7.397700	6.374700	5.003500	6.761700	6.012300	7.886600	0.000000	7.851900	6.607500	6.675900	3.745800	2.809800	10.175640	4.873200	9.687880	6.158300	13.445180	10.301610	8.267080	26.497560
124	1.004100	0.631800	-0.232900	1.836300	2.657900	4.857830	0.000000	1.565600	1.500200	0.868200	0.082100	0.605100	2.990900	1.206300	3.471660	0.690600	0.289400	-0.474800	-0.673000	0.245700
125	4.830700	3.031900	6.895440	4.676900	7.182730	7.404250	20.013190	4.451800	3.724300	3.847900	9.272620	13.788950	9.775200	7.955740	0.000000	5.100100	34.230100	24.424580	26.210640	45.683700
126	2.072100	1.071200	1.576600	2.406500	2.010300	4.659300	1.843300	1.599700	0.000000	1.153800	0.470900	1.751300	2.156700	1.191800	4.252700	1.629600	9.501020	3.107100	2.399700	5.414500
127	1.083600	1.104500	0.000000	0.833100	0.633600	0.159900	0.612300	0.947600	1.170700	1.083600	0.169200	0.381200	0.761600	0.793400	1.225400	0.934200	0.170800	0.517800	0.242000	0.975000
128	1.287200	0.632200	1.312100	1.073200	0.778200	3.946570	0.229900	1.169300	0.499500	0.366000	0.133900	0.275000	0.394800	0.000000	2.054100	1.410400	2.254700	2.556700	2.555300	2.331200
129	0.313300	0.000000	4.782900	2.872400	3.394900	3.745200	20.169690	1.347600	0.194900	-0.133000	4.848830	8.946060	10.935730	8.230200	9.069380	6.508530	45.303500	29.429500	17.041410	40.550300
130	3.989600	2.926500	1.122500	2.968600	2.391300	5.703920	1.311900	4.068700	3.243300	2.696800	1.026900	1.706500	3.849200	3.478900	3.265100	1.814200	2.196800	0.338800	0.000000	1.863700
131	2.957300	1.841300	0.000000	1.548400	0.597400	-0.460200	1.543400	2.810300	2.889500	2.058700	0.510900	1.252100	1.225300	1.334600	1.831300	2.298300	2.195800	0.855500	0.158700	1.153600
132	1.879800	1.413600	1.263200	1.549000	1.237300	-0.423400	1.471200	1.585900	1.675300	1.686000	0.787600	1.258600	-0.125700	0.998100	0.000000	1.381100	0.872200	0.602600	0.297800	1.831700
133	3.127600	1.755500	0.000000	1.408300	0.711800	0.666100	0.662900	1.795200	2.482700	2.122300	0.159800	0.869100	2.019900	1.208200	2.714300	1.544300	1.503800	1.575700	1.374900	1.608900
134	2.025000	0.000000	0.467900	2.445600	2.213900	5.923140	2.089500	0.867700	0.921800	0.619600	0.654100	2.972100	6.176860	1.364600	4.193500	2.343700	12.160010	7.072220	0.237200	4.101100
135	0.574600	-0.254600	-1.102300	-0.410400	-1.139300	2.910600	-0.792400	-0.970000	-0.310800	0.117800	-1.408000	-0.987400	-0.634100	-0.500100	-0.360600	0.000000	-0.051300	0.002200	-0.380700	0.444000
136	0.931100	0.000000	-0.249500	0.395700	-0.272000	2.430400	-2.463200	0.291400	0.264400	0.479100	-0.502800	-0.896000	0.370400	-0.391100	0.926400	-0.113400	-0.188000	-0.365200	-0.429500	-0.508300
137	1.743600	0.301900	-1.150500	0.791200	1.313600	4.318800	-0.950000	1.181300	0.360100	0.672700	-0.740000	-1.292000	2.094100	0.369800	3.042900	0.000000	1.433200	-1.123500	-1.114700	-0.269400
138	3.611200	3.076200	0.000000	1.739100	0.354200	2.845700	2.303700	2.214100	3.518700	2.549200	0.036100	2.406900	4.245170	2.559800	4.891610	3.142600	2.694800	2.360500	1.906100	1.225100
139	3.016900	2.065800	0.531900	1.961800	2.554200	0.000000	1.895400	2.327400	2.679300	1.600100	-0.373200	1.801300	1.398700	1.711700	3.092700	2.203300	-0.872100	-0.810600	-0.286800	1.626300
140	1.501800	0.000000	-0.571700	-0.057000	-0.475800	1.550200	-0.004300	1.338100	1.074100	0.091100	-0.724600	-1.863000	1.020900	0.127600	0.935000	0.620100	0.892400	-0.716700	-0.479300	0.129700
141	4.536590	2.995900	2.179800	1.715800	2.220700	0.000000	3.592900	3.949900	4.138400	2.996600	2.352000	4.089500	1.921500	1.914500	4.024300	3.516800	2.699700	2.277900	1.789500	3.525400
142	2.336800	2.123200	0.695500	1.859800	1.526300	2.798800	1.448800	2.392900	2.095300	2.020700	0.451500	1.162400	1.649600	1.097200	2.229100	0.049000	-0.149900	0.449000	0.000000	1.137400
143	4.788300	3.277900	1.840300	3.526500	4.176300	7.105500	3.380000	3.283400	3.141100	3.605200	2.074600	3.097000	4.050700	4.336100	3.752300	3.783200	3.267200	0.458000	0.000000	4.164800
144	-0.376300	-0.352100	-0.359600	0.621200	0.322800	-1.097000	-0.125900	0.000000	-0.846600	-0.267200	-0.582400	-0.438300	-0.200400	0.460900	-2.102500	0.287200	0.693400	-0.021400	0.103500	0.955300
145	4.920200	3.481800	0.000000	2.901600	1.728200	5.347900	6.854140	3.743900	5.201000	3.287300	0.565900	2.687100	5.140600	1.681800	5.338400	3.546100	13.602730	10.242210	6.555700	4.265300
146	2.885800	2.212000	2.053100	2.615200	2.049100	0.000000	2.507800	2.671400	2.640800	2.678100	1.686100	2.094900	1.217700	1.600900	2.520900	2.779900	2.827800	2.887000	3.154500	2.953600
147	1.757600	0.417100	-0.516400	1.010700	0.614300	-0.206500	0.415600	1.189200	0.872900	0.938300	-0.379600	0.170200	-0.199000	0.000000	-0.228700	0.633300	-0.195600	0.415600	-0.235900	0.736700
148	3.819700	2.142600	0.000000	1.117100	0.290400	5.543500	1.554900	1.596300	2.502300	2.604800	0.046900	0.913000	2.734300	1.811600	3.429800	2.869300	0.485600	0.056400	-0.409400	2.244200
149	2.649600	1.731100	0.023300	1.324800	0.425800	5.016600	1.810600	1.311100	2.023200	1.733900	0.250800	0.000000	2.848800	1.248000	3.065800	1.616000	2.806900	1.310500	1.667700	0.620800
150	0.451300	-0.314600	-0.580400	-0.003900	-0.561700	2.690200	-0.607300	0.040300	-0.302400	0.194900	-0.738000	-0.411100	-0.426500	-0.253100	0.000000	-0.314400	-0.565200	-0.766000	-0.989900	-0.037400
151	1.215800	-0.373300	0.154300	-0.519600	-0.780600	1.524000	-0.495300	0.097100	0.000000	-0.293100	-0.955800	-1.841000	1.428200	-0.007300	2.252900	1.245200	3.670000	5.516990	4.623500	4.838700
152	6.205580	4.840850	1.626000	4.288800	3.011700	7.733090	3.918700	4.249000	5.274740	5.000260	1.465500	4.443800	5.959770	4.297800	6.678220	5.632320	0.634800	1.014300	0.000000	3.567600
153	0.451900	-0.162700	-0.565900	0.143300	-0.516900	2.295500	0.000000	0.806000	0.397800	0.558700	-0.693400	-0.551200	0.195500	-0.263600	0.960000	-0.022800	-0.115000	0.005000	-0.049400	-0.188400
154	0.199100	-0.078100	-0.357900	0.930200	0.593200	4.107300	-1.744300	0.246300	-0.173600	0.687800	-0.644200	-1.663600	0.765300	-0.230400	1.282600	0.000000	0.194100	0.201600	0.166700	0.075300
155	2.952200	1.742600	0.168100	0.000000	-0.627300	2.226100	1.528100	1.796300	2.150800	0.153700	0.623700	2.805400	3.851500	2.529100	4.215000	1.127700	14.065320	17.976000	12.603780	5.350000
156	0.000000	3.130500	3.446540	4.703300	4.570640	6.360050	3.358400	4.598800	3.474690	3.430200	2.704500	3.381400	3.688090	3.353500	3.650270	3.460510	3.210500	3.510190	3.556150	3.643420
157	4.756850	3.713600	0.000000	2.969500	4.005700	5.874060	4.232500	5.179210	3.928800	3.397300	-0.203800	2.652400	5.553420	3.495200	5.458370	3.774900	10.874290	6.962630	3.529000	7.603970
158	-0.026900	-0.253800	-0.367400	0.168500	-0.283000	-1.569100	-0.133900	0.377100	-0.192100	-0.213700	-0.381200	-0.472300	-0.297400	-0.486200	-0.017400	0.000000	-0.036200	-0.196500	-0.252900	0.216800
159	1.011700	0.124200	-0.462700	0.064200	-0.438500	2.456500	0.000000	0.498100	0.269400	0.340900	-0.358800	-0.231600	-0.350200	-0.077100	-0.499300	-0.143000	0.316800	0.079700	-0.010000	0.649200
160	1.120900	0.526000	-0.269800	0.284000	0.728000	-1.011200	0.935000	0.503700	0.000000	1.497200	0.357600	0.701500	-0.176900	0.198900	0.500400	-0.114600	0.306200	0.634800	0.840300	0.584200
161	0.313400	-0.831300	-2.226200	-1.265100	-1.898100	-2.823000	-1.086700	-0.665300	0.000000	-0.387500	-2.513900	-1.421700	-1.668800	-1.294500	-0.506300	-0.287500	-0.107500	-0.042000	-0.312600	0.269600
162	3.631700	2.233000	-0.340600	0.444700	-0.257000	2.319500	9.102770	2.365100	4.019700	2.522000	0.308300	3.632200	1.734600	2.137000	0.000000	2.965800	2.487600	1.327600	0.470300	2.288700
163	4.682200	3.146200	0.000000	1.358400	0.374400	3.266800	3.638300	2.612200	4.005100	3.400400	0.365900	2.411700	4.154800	2.978400	4.592600	3.581600	3.153800	4.027600	2.699600	2.247700
164	4.441500	2.387800	1.778600	0.000000	0.655100	5.219870	12.891530	2.028300	3.363400	2.571800	2.593100	8.968410	6.822420	5.545730	4.461770	4.084020	29.868300	20.894610	19.579680	22.720680
165	1.830800	0.000000	6.531800	4.672500	7.803300	7.685200	7.062400	4.355600	2.269000	2.245500	5.241800	6.734800	9.517900	8.862390	6.692200	6.955300	23.646130	26.852960	22.623070	24.665810
166	5.187030	3.682700	0.000000	2.765300	1.355900	6.910990	4.097700	3.109800	4.991890	3.830800	-0.118600	2.256000	4.800800	3.598100	5.241730	4.592400	4.518500	11.448840	5.616540	6.009910
167	1.181700	-0.246600	-2.675600	0.573900	0.681900	0.607500	-0.332200	0.100200	0.000000	-0.156000	-2.529000	-0.804800	0.595600	-0.072300	1.751700	-0.566300	0.027400	-1.362700	-3.614100	-0.190000
168	0.000000	4.298400	16.248600	11.824060	15.123960	15.354520	29.337900	11.509230	8.988680	9.970250	14.410260	21.915600	18.549105	21.445390	19.624080	18.124929	74.890800	53.904500	50.787900	52.390900
169	0.000000	-1.443700	-2.374500	-1.440700	-2.421400	1.113000	-1.822000	-0.233200	-0.923400	-0.988700	-4.039000	-1.489200	-0.140900	-0.812300	0.612900	-0.297000	3.783100	-0.150800	0.669400	2.061000
170	2.101100	1.781600	0.691700	6.092770	5.970190	2.858200	0.210900	4.493700	2.131300	1.387100	0.557800	0.778800	3.968100	1.110500	4.510700	0.720400	1.133500	-0.065400	-0.308300	0.000000
171	-0.276200	-0.849400	4.942000	2.240500	4.428300	2.313700	22.067340	0.000000	-0.501200	0.955100	9.261000	12.215440	9.081590	10.092540	3.834700	3.344800	49.289000	28.797100	23.210670	27.684220
172	3.659300	3.610700	2.272500	4.118100	3.666800	6.258500	4.193600	3.070000	3.952800	3.055200	1.171800	3.930300	5.581200	4.443700	5.491900	4.089200	5.823100	3.594200	0.000000	3.654800
173	0.000000	4.025800	4.630690	7.394690	7.545580	13.335287	6.272000	7.260960	4.844550	5.009340	4.340980	5.448550	6.483930	5.467790	5.533620	5.625700	6.118540	4.505270	3.967100	6.706530
174	0.920100	0.573600	-0.888100	-0.585200	-0.485800	0.288600	0.859600	0.432500	0.905200	0.350000	-0.743200	0.000000	1.099200	0.660500	0.315400	0.132400	0.390200	-0.034200	-0.451800	0.811200
175	1.322700	-0.248100	-2.876000	-1.597100	-2.403600	2.408000	-0.354300	0.301100	0.361900	-1.002500	-3.535900	-0.382600	-1.675400	-1.634200	1.101300	0.000000	-0.488300	0.188900	-0.723200	-0.365000
176	1.864300	0.635900	-0.489800	-0.376200	-0.904100	-1.213100	0.298400	1.419400	0.964700	0.548600	-0.637600	0.401200	-0.718400	0.000000	1.257700	0.589800	1.166400	0.363400	-0.161500	0.253800
177	4.330090	2.622400	5.161150	4.676290	5.447770	5.707150	11.415660	7.342490	5.179140	0.000000	6.340850	8.635840	9.186930	7.654410	8.465860	6.371920	13.918596	9.989900	8.448920	10.766150
178	1.675000	0.495400	-0.820100	0.280100	0.143100	6.812420	0.000000	1.507800	1.671800	1.159500	-0.435900	-0.408000	0.035300	-0.198300	0.966300	0.307100	-0.475200	-0.452000	-0.544600	-0.186000
179	2.234400	1.357300	0.563200	2.193900	2.475100	2.000700	0.910800	1.712900	1.285000	1.811900	0.197600	1.265600	1.930500	0.839900	2.107200	0.451700	0.492000	0.744900	0.000000	1.661500
180	4.733410	4.004500	-0.391800	1.161900	0.000000	6.497380	6.179580	2.950100	3.925300	3.841900	-0.016800	2.420100	3.410600	2.492100	3.790300	3.016600	18.382740	16.434120	10.476220	18.517100
181	2.261200	1.985800	0.672400	1.239800	0.244800	3.298300	2.179700	0.794600	1.661700	2.669100	0.000000	2.271600	2.491600	2.050900	1.865800	1.532300	3.543700	3.091100	0.789000	2.639600
182	1.915600	1.085100	1.133900	1.276600	0.513700	-0.206700	1.312000	0.654500	0.950200	1.360200	0.225300	1.252700	0.587700	0.938700	0.000000	0.950200	0.482800	1.374600	1.254600	1.337900
183	5.524700	4.190200	2.612100	3.256900	2.741800	3.398600	0.000000	3.550400	4.515500	4.235100	2.266800	2.618100	6.121300	3.663500	7.146070	4.866700	6.843720	6.505220	4.042300	6.826250
184	5.622280	3.853850	0.000000	3.073900	2.300200	5.165940	7.201290	3.639650	4.325220	3.101500	0.258300	5.074210	4.634600	3.496570	5.012740	3.766820	11.359270	10.933580	7.108680	8.690500
185	5.054970	4.656340	2.853800	3.632900	3.549500	8.994680	3.765400	3.449000	4.738990	4.568910	1.321800	4.585820	3.904900	4.366390	4.388130	4.321040	0.627500	0.000000	0.532600	2.715000
186	-0.433300	0.259300	-0.089100	0.923000	0.091600	0.559200	-0.596300	0.730800	-0.754500	-0.818200	-0.602400	-0.026900	-0.417600	-0.481300	-0.324800	0.000000	-0.164000	-0.861200	-1.059400	0.023300
187	4.120900	2.919700	1.209800	2.447500	1.815500	8.070820	2.488600	2.608600	3.243100	2.634900	1.486400	1.860300	4.039200	3.172300	4.473600	3.363400	1.406400	0.935300	0.000000	3.276600
188	0.277200	0.081500	-0.326200	0.871600	1.571400	5.642200	-0.456200	0.591100	0.000000	-0.450900	-0.380800	-0.803400	-0.196700	-0.324600	0.014700	-0.900000	-0.319400	-1.080400	-0.550900	-0.503100
189	-0.694400	0.758600	0.407700	1.445500	2.956600	4.045850	0.194900	0.925800	0.389400	0.473000	0.461300	0.129100	0.309200	0.124200	0.148200	0.000000	0.319500	0.244500	0.242900	0.380000
190	0.855500	0.730100	0.422500	1.583100	0.901900	4.771890	-0.610400	0.000000	-0.358400	0.395500	-0.044100	0.389400	0.753400	0.437400	0.807200	1.122000	0.374200	0.878700	0.808300	1.365600
191	0.000000	2.268200	1.960900	2.835500	3.901960	6.454990	1.644600	2.272200	1.943400	2.028300	1.989700	2.138800	1.839000	2.027600	1.739100	1.114300	2.152400	1.833000	1.845700	2.177000
192	1.228600	0.772500	0.000000	0.723300	0.229900	5.845480	-0.603400	0.542100	0.411900	0.576300	-0.307900	-0.579400	-0.027400	-0.370600	0.609200	0.171800	-0.389700	0.095600	0.014300	0.150100
193	2.271600	1.527800	1.616200	2.886400	3.812990	0.000000	2.238200	3.107800	2.512000	1.977600	0.469200	1.894300	1.160100	2.066700	2.184000	2.654800	1.359400	0.419300	-0.088400	2.147400
194	5.693200	3.947100	4.324100	3.429400	3.311000	8.107650	6.149900	4.328600	4.350500	2.875000	3.519200	6.551390	2.135800	7.320960	0.000000	1.173500	14.494030	3.382600	2.785800	3.246200
195	0.861100	0.849900	0.668700	1.303500	1.062500	0.000000	0.557800	1.307300	0.964700	1.045400	0.178200	0.491400	0.745300	0.482800	0.873300	0.968000	-0.229600	0.414800	0.235600	0.622500
196	1.807100	1.185500	0.601600	1.914500	0.825900	2.006600	-0.398900	0.000000	-0.332700	1.525300	0.322000	0.562500	2.541800	0.846200	2.208200	0.875300	0.959900	0.226500	0.020900	1.068600
197	4.927500	3.712900	0.000000	2.499700	1.651600	7.688310	6.414700	2.866200	4.531300	2.749900	0.063800	3.475600	3.532500	3.061000	3.319000	3.718200	4.018300	2.514200	2.353800	2.027100
198	1.968700	1.247200	1.332800	3.188200	3.865020	4.546120	1.761400	3.130300	1.833100	2.174200	1.590200	1.689800	-1.410800	1.153600	-3.334100	0.000000	2.113900	1.749000	1.645300	1.419500
199	0.187700	-0.444000	-0.986100	-0.018900	-0.551900	-1.454900	-1.392700	0.000000	-0.043500	0.169800	-1.147700	-0.619300	-1.580700	-0.740200	-0.902400	-0.030000	-1.035400	-0.564600	-0.597300	0.083100
200	0.544300	0.066100	0.096700	0.494200	0.386200	-0.356300	0.494800	0.000000	-0.007000	0.535900	-0.016900	0.334800	-0.698300	-0.120100	-0.526200	0.256600	0.416100	0.430400	0.587300	0.480700
201	5.092990	3.503800	0.465800	3.550400	3.383700	2.378700	2.458800	4.010100	3.823680	3.682300	-0.102900	2.339000	4.212560	2.829100	4.805390	4.262540	0.811200	0.000000	-0.426800	3.021500
202	3.897000	2.460600	0.000000	1.584000	1.009800	8.414380	2.049300	2.723400	3.932600	3.024400	0.574500	1.054500	2.115900	2.301100	3.184400	3.141900	2.400000	12.758990	7.210910	5.941610
203	0.877300	0.358800	-0.100600	0.543800	-0.099900	1.694400	0.561100	0.165200	0.798600	0.862100	-0.579600	0.336100	0.019300	0.000000	0.386900	0.910900	-0.081400	-0.140400	-0.311800	0.844800
204	0.653000	-0.227800	-1.469900	-0.369000	-1.099500	1.694900	-0.819400	0.000000	0.623500	0.360800	-1.523700	-1.086900	-0.430100	-1.089900	0.161400	0.329300	-1.273000	-1.325200	-1.499900	-0.251200
205	6.339070	4.143500	0.000000	2.616100	1.437400	7.093710	6.180860	4.662800	5.297670	4.303600	0.598000	4.446000	4.100200	3.740100	5.739040	4.950370	10.401780	11.049230	3.115000	6.418130
206	3.524440	2.386000	1.990900	2.038000	1.250500	4.993000	0.000000	1.967600	2.562400	2.602300	0.336700	1.742700	2.552600	1.618000	4.601940	3.889080	3.869510	3.427860	3.439110	2.577700
207	0.000000	-0.169400	-0.033800	0.604300	0.015900	2.854200	-0.261500	0.576500	-0.353700	0.721400	-0.486300	-0.120200	0.445900	-0.231400	1.006500	-0.052100	0.104900	0.050200	-0.021200	-0.404100
208	2.267200	1.427900	0.000000	1.122600	0.220900	2.045600	0.155700	1.009800	1.378200	1.188600	-0.101700	0.181400	1.446700	0.841600	2.174600	1.078700	0.070100	0.829700	0.795800	0.559600
209	5.346460	3.561700	3.432300	7.181880	4.660780	9.838430	10.699510	7.940840	6.067580	0.000000	4.554930	8.780750	10.041100	9.306090	8.341130	6.764230	17.128730	16.841530	10.013630	39.002300
210	0.986800	0.929100	0.932100	1.707800	1.431100	0.000000	0.371100	1.365800	0.815700	1.073200	0.741700	0.737800	0.826300	0.759200	0.703700	0.963900	0.780900	0.972700	0.880600	1.405500
211	2.032300	1.204200	0.000000	0.795500	0.430400	-0.556500	0.988600	0.568100	0.854500	0.699100	-0.039300	0.595600	0.296500	0.928000	1.240900	1.547100	0.132600	0.250800	0.249600	1.249300
212	-1.536700	0.655700	0.204400	1.393000	2.936600	4.176550	0.078600	1.031900	0.606600	0.467700	0.090100	0.034600	0.211100	0.338900	0.234300	0.000000	-0.064600	-0.219200	-0.234700	0.257100
213	0.000000	1.136200	1.956200	3.529150	3.553160	6.423460	1.920100	2.843500	1.185800	1.526500	1.449600	1.498300	1.486500	1.458400	0.051400	0.236900	3.935030	-0.108300	-0.465200	2.420600
214	1.572000	1.270100	0.855400	1.033200	0.777800	0.333700	0.948400	1.090600	1.647400	1.039100	0.759000	0.806400	0.146600	0.829100	-1.444900	0.000000	0.935800	1.153300	1.108500	1.525100
215	2.072100	1.155700	0.000000	1.488100	1.049300	-0.439000	0.899700	1.735000	1.807600	1.543100	0.091500	0.435800	0.674100	1.290600	1.762500	1.612700	0.532600	0.159100	0.002600	1.387700
216	0.729400	0.697800	0.135200	1.731400	1.442600	1.216500	0.533200	0.590400	0.000000	0.975800	-0.041900	0.655900	0.608200	0.665900	0.571500	0.605600	0.394600	0.543900	0.421800	0.989000
217	0.522900	0.000000	-0.593400	0.741300	0.594100	5.652620	-0.454200	0.608900	0.628500	0.672800	-1.413700	-0.629300	-0.095900	0.352200	0.349800	0.330100	-0.040900	-0.716300	-0.797600	0.235800
218	1.741000	1.272600	0.000000	0.679200	0.358700	1.185400	0.658700	0.972700	1.802400	1.170500	-0.060600	-0.024400	0.771800	0.182900	1.388800	1.391400	0.011100	0.303300	0.058200	1.232800
219	2.601400	1.547300	-0.646400	0.000000	-0.068100	4.397510	1.820200	1.627900	2.217400	1.300300	-0.062000	1.829600	2.865500	2.141400	3.711230	2.271900	6.444860	6.618390	4.025310	4.576600
220	0.346500	-0.393400	0.025600	-0.315500	-0.836300	-1.292900	-0.452800	-0.502800	-0.548500	-0.143200	-0.720600	-0.635300	-0.379600	-0.065100	0.000000	-0.308000	-0.538300	-1.287700	-0.680200	0.418700
221	4.645970	3.886800	1.679000	4.503320	4.360000	6.345830	6.014480	4.944340	5.053520	4.209930	1.452900	3.389200	6.312460	3.280100	5.888590	4.875130	4.351710	1.077500	0.000000	4.955280
222	-0.446200	-0.838100	0.933000	3.183000	3.538000	1.657500	8.933820	-1.377100	-0.542400	-1.286200	3.072200	3.104300	1.481000	2.466300	0.000000	-0.543600	17.607031	18.507636	11.056730	49.896000
223	1.861000	1.584000	0.000000	1.365400	0.618200	-0.249400	1.487300	1.995000	1.879200	1.524200	0.540800	1.356400	1.698100	0.883600	0.988700	0.898300	0.278200	0.502300	0.748100	2.132300
224	2.764500	1.913900	0.594100	1.154900	0.294000	4.865100	0.000000	2.013100	1.751700	2.158400	0.871300	0.804700	1.978200	1.312300	2.611700	1.296700	0.788200	1.049100	0.475600	0.695900
225	1.361600	0.121600	-1.599600	-0.690800	-0.552400	0.983800	-1.799200	0.000000	0.330900	-0.826100	-1.586000	-1.586000	0.052700	-1.182200	0.689800	-0.066600	-0.564300	-1.420800	-1.623700	-1.977000
226	2.650700	2.205900	2.706600	3.168600	2.927300	0.000000	2.386500	3.369700	2.924900	3.331100	3.154800	2.249900	3.010500	2.522500	4.051300	2.898100	3.939600	3.427500	3.345100	3.969100
227	0.327600	0.346500	-0.970000	-0.101600	-0.597500	0.555900	-0.802100	0.000000	0.063400	1.476500	-0.896200	-0.760500	-0.194200	-0.167300	0.222400	-0.582400	-1.455400	-0.708800	-1.083100	-0.288900
228	-0.141300	0.781600	0.155200	0.454000	0.000000	-0.250800	0.138000	0.471500	0.718300	0.447500	0.212300	-0.521400	-0.192600	-0.013300	0.203700	-0.572900	-0.381900	0.441500	0.304200	0.673100
229	6.765500	5.164900	1.106300	4.178200	5.495200	7.793400	3.576100	4.900700	6.652800	3.554400	1.510400	3.372800	6.293200	5.261900	6.459200	3.887700	2.766700	2.884400	0.000000	3.627400
230	1.491300	2.237600	1.267600	1.973800	6.096600	5.835900	2.296800	3.030900	1.522600	1.486700	1.471300	1.892300	1.152000	2.000300	0.000000	0.645500	2.274800	2.177400	1.900100	2.796500
231	3.553100	2.629300	3.891400	3.234300	3.278600	1.740500	3.072700	4.929600	3.764000	2.772100	2.627400	2.530700	4.797500	4.045100	4.892300	0.000000	7.605500	3.209200	2.231700	4.529800
232	0.869300	0.204200	-0.538500	2.126200	2.233900	1.720700	1.471600	1.793000	0.225100	1.003500	-0.430700	0.000000	1.329700	-0.200800	0.658800	1.271100	-0.059500	-0.249100	-0.317100	-0.397900
233	5.310500	4.110400	2.723600	3.455000	2.864300	4.120200	4.032000	6.087000	5.182000	4.773200	2.106400	1.810500	6.256500	4.294400	6.899900	4.456000	2.834200	0.000000	0.777100	3.529700
234	6.515700	4.898800	1.447500	5.156200	4.553100	6.321800	7.972370	4.768500	5.596800	4.581400	1.408200	4.016400	5.574300	5.303900	5.933600	4.994700	3.482500	0.000000	0.878000	3.274200
235	1.471900	0.404700	-0.629000	0.000000	-0.595200	-0.934800	-1.137300	0.153100	0.970100	0.984800	-0.230700	-0.604900	0.587100	-0.096800	1.458900	1.074200	0.741200	0.397500	0.398600	0.316200
236	2.139900	0.959100	-0.694200	2.479900	1.962500	3.548100	5.281900	1.920000	2.820500	1.028400	0.012400	0.481500	3.973400	1.555900	3.427500	0.000000	8.094900	10.245130	4.569000	2.602900
237	5.429400	3.724000	0.000000	2.558400	1.626200	5.675500	5.844900	2.990000	4.450200	3.694900	0.436900	3.332500	5.225200	3.005500	6.383900	3.666000	12.236230	20.689070	11.139650	7.634740
238	0.313100	-0.414300	-2.081300	-0.820500	-1.612500	1.370500	-0.599900	-1.426300	-0.294900	-0.160300	-2.004800	-1.462500	0.000000	-0.217800	0.833500	-1.226900	0.258700	-0.112800	-0.258000	0.098100
239	0.696100	0.611700	0.562400	1.523500	1.899600	2.168400	0.572100	0.920400	0.570500	0.750700	0.655100	0.520300	0.000000	-0.187800	0.661000	0.140200	0.581400	0.398400	0.307400	0.453300
240	-1.253400	0.747200	-0.331400	3.255300	3.959700	2.504700	-0.534600	3.508300	0.958600	0.704500	-0.427900	-0.329100	0.607900	0.000000	1.128600	-0.375600	-0.035900	-0.501900	-0.865600	0.263900
241	2.122500	0.901200	-0.146000	0.974800	0.424600	8.003970	-0.162600	2.906500	1.681300	0.843400	-0.849900	0.000000	1.790300	0.341600	2.207600	1.412500	5.347480	9.455150	7.681520	6.114900
242	0.000000	0.480800	13.743241	9.362440	11.134920	6.444880	14.707147	10.189930	3.539500	4.376900	7.288780	12.018140	13.660568	10.407210	12.733440	11.315270	63.354600	41.850100	40.693300	74.540700
243	4.918830	3.558900	0.000000	2.867400	3.150800	2.827800	4.708590	1.494200	4.173920	3.555600	0.663700	3.833640	3.755430	2.772000	5.097470	2.186600	15.088960	5.478350	2.479900	2.023600
244	2.540100	1.980500	-0.135900	0.394200	0.000000	4.372720	1.256800	1.637600	1.828200	1.173000	-0.311800	0.816700	2.012800	1.792000	2.547300	0.743700	13.869793	9.555500	9.055340	16.988610
245	0.974900	0.099100	-1.130300	-0.186400	-0.999400	-1.989900	-1.008300	1.033800	0.950700	0.640300	-0.931500	-0.706000	1.945100	0.000000	2.849500	0.454200	0.493100	-1.245900	-1.721800	0.556200
246	0.721800	-0.834300	-1.019700	-1.281300	-1.425700	1.325000	-1.077700	0.378100	0.000000	-0.463100	-2.031300	-0.295000	0.824900	-0.535200	2.662000	1.286700	1.147700	1.918900	3.027400	27.746900
247	4.287100	3.070200	0.995400	2.278500	1.560800	3.792900	7.067700	4.322300	3.181200	2.607700	2.242600	4.752500	0.678700	2.944300	0.000000	2.922800	19.370210	17.365374	10.658550	7.765200
248	3.189800	2.172100	1.001800	0.419200	0.054500	4.274700	3.261700	1.845500	3.010400	2.276500	0.495700	3.139200	2.503600	0.000000	3.317200	2.628800	7.711490	9.244180	8.036620	8.451510
249	0.822500	-0.458000	-1.407800	0.262700	-0.141700	2.257900	-1.802600	-0.134400	-0.007800	-0.256200	-1.422000	-0.379700	0.000000	-0.383600	-0.241200	-0.427600	-1.145400	-0.447300	-0.485700	-0.200400
250	4.616700	3.025500	0.000000	1.543500	0.811200	2.605100	2.827200	3.085800	4.158300	3.210500	0.251100	0.167600	4.754500	2.167000	5.272400	3.124600	1.535600	1.633800	0.929400	1.818200
251	4.022730	2.690000	1.484600	2.445100	1.978300	5.666570	2.476800	3.360500	3.921410	2.711200	0.874300	1.910000	3.731500	2.087100	3.064800	2.556500	1.330800	0.384400	0.000000	1.864100
252	1.020800	0.503700	-0.202500	-0.348000	-0.605500	4.125380	-0.346700	-0.232100	0.000000	-0.340600	-0.919400	-0.698400	0.102600	-0.575600	-0.584400	-0.322600	0.200100	0.724700	0.685600	-0.201100
253	0.637700	-0.379600	2.620700	4.446300	5.005000	6.177700	2.745200	3.155100	0.000000	-0.292300	0.822800	3.464200	2.621800	1.234500	1.220300	-0.400100	5.058700	6.992050	5.052900	7.049620
254	0.959400	1.300600	0.623100	0.971300	0.573300	0.000000	0.444100	0.993000	1.057400	0.871500	0.366700	0.515100	0.180800	0.611900	1.106100	0.972100	-0.123200	0.070100	-0.029500	0.834700
255	1.707600	1.013200	-0.092000	1.826500	1.568300	1.775300	0.429100	1.196700	1.541200	1.287600	0.211900	0.262900	0.363900	0.561600	0.147900	0.000000	0.295500	-0.359800	-0.465300	0.671900
256	0.564900	0.000000	9.275400	3.922200	5.850000	2.771300	5.519000	5.147100	0.379600	1.730600	3.098900	2.184200	6.321400	5.391800	6.790490	2.597400	11.960480	4.956600	6.031300	38.620800
257	-0.091400	-0.143400	-0.005300	0.079100	-0.008500	-0.048700	-0.499100	0.000000	0.020500	0.260700	-0.217900	-0.650200	-0.284800	-0.373200	-0.115400	0.147700	-0.035400	-0.098000	-0.184200	0.332800
258	2.108900	1.863500	1.708700	2.209200	1.906400	1.670200	1.997600	2.454600	1.894400	1.618400	1.594200	1.834400	0.466100	1.548700	0.000000	1.909100	2.169200	1.860300	1.573200	1.996000
259	2.619000	1.656500	-0.097600	0.433200	1.088000	3.391400	6.434060	0.000000	1.235900	2.061700	0.432800	2.867400	4.397520	2.328600	3.942400	2.637600	10.600610	7.056910	6.472110	4.013600
260	2.386000	1.370500	-0.029800	0.412800	0.000000	6.674600	-0.128900	1.724200	2.376300	1.379800	0.185600	0.030300	0.809400	0.384400	1.855100	0.456700	2.999700	6.017800	3.420700	2.230200
261	2.674700	2.106100	2.169400	2.560800	2.331100	0.000000	2.661900	2.737200	2.560300	2.812100	2.058900	2.283700	1.840500	2.226000	1.990700	2.710600	2.492300	2.672700	2.608800	3.049800
262	2.662800	1.034400	0.000000	2.432200	1.919500	0.300000	-0.342400	1.120100	1.872400	1.702900	0.251600	0.803900	0.420100	1.680500	0.495300	1.606700	1.616900	-0.093300	-0.335500	1.177900
263	3.973700	2.114700	0.390400	0.000000	-0.265600	6.151140	4.566010	1.542300	2.917900	2.449400	0.948500	4.239800	6.091020	2.327800	4.317900	3.370700	21.537590	12.011620	9.846290	8.170240
264	1.402500	0.455700	-0.967800	0.392300	-0.341100	2.693200	0.000000	-0.134800	0.531200	0.608600	-0.610600	-0.529900	0.019400	0.186600	1.466200	0.560200	0.301800	-0.115400	-0.482800	0.876200
265	0.917900	-0.191500	-0.460400	0.793500	0.206400	3.494540	-0.384600	1.017200	0.000000	0.607200	-0.918800	-0.391300	-0.396900	-0.515200	0.095800	-0.277200	-0.461900	-0.116100	-0.147000	0.144900
266	5.088940	3.741030	0.901500	5.607490	5.769390	7.227380	3.717010	4.061400	4.990690	3.567240	0.985700	2.743500	5.063510	4.379480	5.417120	4.682690	5.385020	0.196700	0.000000	3.639980
267	1.707200	0.000000	-0.392100	1.353200	3.116700	5.956500	0.584600	2.739900	1.348000	1.128000	-0.318900	-0.239400	1.843400	1.545100	4.433700	2.592000	3.309700	1.840100	3.004500	28.488600
268	0.320700	0.420800	-0.004600	1.255500	1.004300	5.562940	0.469500	0.359700	-0.400400	-0.093700	0.160400	0.054500	0.538000	0.377100	1.039000	0.000000	0.531600	0.436100	0.122600	0.595900
269	1.920700	1.512400	0.828600	2.457000	1.573900	4.214750	0.679800	0.683600	0.000000	0.870900	0.898000	0.405800	0.004900	1.223200	-3.690400	-0.199000	0.965100	1.147200	1.019700	1.239500
270	0.911800	0.046600	0.108100	-0.351900	-0.794200	-1.675900	-0.375300	0.000000	0.348900	-0.530300	-1.431900	-0.704700	-0.559400	-0.858600	0.328000	-0.469900	2.548300	0.912900	2.287200	1.670600
271	0.718700	0.181200	0.186300	0.605800	0.202000	-1.099400	0.360100	0.589800	0.638100	0.877300	-0.188000	0.263800	-1.135300	0.000000	-0.324900	0.618100	0.298100	0.194800	0.020500	0.724300
272	0.759700	-0.110700	-0.645600	-0.044700	-0.550300	-0.438700	-0.426800	0.000000	0.289700	0.380700	-0.861100	-0.439900	-0.823600	-0.727400	-1.158400	0.037700	-0.015600	-0.207200	-0.347600	0.264800
273	5.297000	3.747500	1.560000	4.422600	3.739300	9.916240	2.346200	3.927000	4.530900	4.272900	1.248700	2.532300	5.028100	3.813400	5.358300	4.833400	7.701900	1.265500	0.000000	3.467500
274	4.344400	3.112300	0.961700	3.474800	2.370100	6.345300	2.800400	4.144300	3.603300	3.336600	0.427800	2.301800	3.217300	2.997000	4.502400	3.818800	1.456200	-0.291900	0.000000	2.975300
275	0.261800	-0.320400	-0.446500	0.099500	-0.438000	1.805500	-0.246200	0.231300	-0.391300	0.357400	-0.837500	-0.382100	-0.229800	-0.607600	-0.080600	0.000000	-0.417200	-0.386400	-0.422100	0.201100
276	1.431700	0.000000	-0.937100	1.334100	0.771200	2.644800	0.217300	0.971600	0.522400	0.662400	-0.682200	0.026900	0.709600	0.591800	0.351200	-0.815100	-0.218800	-0.520800	-0.763400	-0.240800
277	6.275300	4.445900	1.732700	5.027000	4.219900	11.499890	3.494900	5.550000	4.861600	4.596500	0.849200	3.597600	5.908600	4.186900	6.410400	5.189500	0.213900	0.917400	0.000000	3.398500
278	2.306300	1.023700	0.410500	0.000000	-0.814400	3.289600	0.347600	0.331700	1.315400	1.080600	-0.821600	0.155900	1.552400	1.046900	3.356300	2.167300	1.742800	0.888600	1.023000	3.101000
279	0.791500	-0.024900	-0.338800	0.272200	-0.238600	2.578400	-0.899500	0.438600	-0.056900	0.592200	-0.769500	-0.288000	0.000000	-0.263500	0.425000	-0.096800	-0.223700	-0.320400	-0.443700	0.036700
280	1.930100	0.000000	3.691200	-1.088100	0.011300	2.800700	1.502100	0.736100	1.018200	0.500500	-0.554400	1.522400	3.730300	2.396600	6.107600	3.196500	7.040900	11.657030	9.102670	13.148520
281	4.124400	2.435500	-0.079300	2.500100	1.192900	6.691380	2.473200	2.098700	2.833600	2.258500	0.000000	2.086800	3.655300	2.175600	4.244400	3.661500	18.097670	0.924200	-0.224500	1.981700
282	1.397100	0.355400	-0.666200	-0.088500	-1.176000	3.342600	-0.573800	-0.224200	0.616300	0.372100	-1.278800	-0.561200	0.254300	-0.088400	0.000000	0.123700	4.528700	0.705600	1.669600	2.350600
283	2.790200	1.856300	1.293000	2.566400	1.964300	3.644590	0.000000	2.013500	1.913500	2.512800	1.170300	1.656800	2.550700	1.622200	3.341030	1.893700	1.741600	1.546900	1.430200	1.620200
284	5.568900	3.547400	0.205100	1.863500	2.255200	4.960700	2.286200	3.275300	4.211400	3.293100	0.000000	1.932700	4.494300	2.914200	5.627400	4.351500	16.431910	14.121740	8.141540	12.080200
285	0.000000	0.183000	2.246900	4.548900	4.675900	1.732400	3.681500	1.466700	0.052500	2.728200	-0.570600	2.645900	5.602500	1.717400	6.000200	4.547100	11.778510	8.321170	5.404400	18.496940
286	1.437900	1.188000	-0.897600	1.894000	1.194700	1.943600	-0.637100	0.899800	0.242300	0.874900	-0.074800	-0.030900	1.144100	0.161500	1.813100	0.000000	1.386600	-0.788500	0.082600	0.416700
287	3.326900	2.289700	-0.137600	1.040300	0.000000	7.152570	1.345500	1.736300	2.370800	1.600900	-0.286000	1.948400	4.793850	2.447000	4.876650	2.607400	5.911030	4.356520	3.255000	2.611900
288	-1.213600	-1.125200	-0.611800	-0.294300	-0.633700	1.071100	-1.962200	0.000000	-0.118800	-0.289100	-0.890100	-1.134800	-1.237400	-1.356600	-0.070800	-1.199000	-1.076700	-0.745600	-0.908100	-0.385200
289	2.635300	1.722400	2.208700	0.475600	1.329600	0.000000	3.501100	1.818600	2.268700	1.437700	0.925300	0.999900	1.872400	1.857900	3.550500	1.701300	3.969200	1.660700	1.593200	2.060500
290	2.084200	1.044900	0.000000	1.582700	1.077700	-0.077800	0.732200	2.430600	2.007100	1.317000	-0.135000	0.164400	1.755400	1.302300	2.223700	1.383800	0.805000	-0.641500	0.203500	1.684100
291	0.733800	0.623600	0.603100	-0.555100	-0.431100	2.529700	0.132300	0.000000	0.329800	0.067900	-0.739500	0.073000	1.082900	0.263400	1.364900	0.444400	-0.131900	0.296200	0.161300	0.650100
292	0.000000	3.957800	4.363970	5.235620	5.066600	7.272290	4.085600	4.502410	3.172720	4.251010	4.199250	4.257080	3.643060	4.000200	3.257450	3.966050	4.131120	3.721710	3.192580	4.205930
293	-0.106100	0.116900	-0.121400	0.049200	-0.043200	0.124400	-0.025400	0.000000	0.046100	0.059300	0.070800	-0.050400	-0.204100	-0.075500	-0.424900	-0.252100	0.032800	-0.148200	-0.158900	0.049100
294	0.916100	-0.028800	-0.628100	0.183700	-0.015000	2.463400	-0.311400	0.185200	0.368600	0.455800	-0.556100	-0.304700	-0.762200	0.000000	0.215900	0.203300	-0.134600	-0.463000	-0.379600	-0.020800
295	0.000000	4.322600	10.020020	11.476820	13.462300	7.964280	7.983490	10.669800	8.096160	6.087890	6.021740	7.617810	9.979440	9.017290	11.215270	9.771430	17.643510	14.114820	13.267690	52.775100
296	1.264000	0.762800	-1.173200	-1.235900	-1.437700	2.548800	0.103800	-0.089500	1.113100	0.361700	-0.793300	-0.537100	-0.218400	0.000000	0.161900	0.172300	0.653200	-0.859500	-1.428700	0.601000
297	1.990700	1.436700	0.655700	0.515800	0.000000	1.620900	0.291100	0.990000	1.767700	1.657600	0.940100	0.721600	0.635000	0.561800	0.726100	0.225300	1.703700	0.867600	0.264400	2.146500
298	6.426960	4.814800	2.784600	6.136600	4.589700	10.044080	0.000000	6.830640	5.819820	5.333860	2.801700	3.240500	7.883800	5.278950	8.544570	6.004400	7.858010	7.297060	3.987100	4.365000
299	1.597900	1.177000	0.000000	0.863700	0.347800	1.359800	0.476800	0.737500	1.371300	1.241800	0.116100	0.206600	1.055800	0.316800	1.647800	1.482000	0.924600	0.420400	0.261000	1.303800
300	1.865100	1.062600	-0.296500	0.169200	-0.202200	1.432500	-0.961800	0.290200	0.979500	0.548300	-0.297300	-0.037500	0.731500	-0.053600	-0.000800	0.000000	-0.105400	0.192800	-0.023000	-0.049600
301	6.930610	5.225300	2.340600	4.639200	3.965800	2.204200	7.698810	6.311520	6.114100	0.000000	2.580600	5.838300	6.721750	7.126780	7.150850	5.347400	10.957970	6.643980	5.638800	11.944270
302	0.908600	0.273000	-0.300600	0.820600	0.090400	0.176500	0.000000	0.307500	-0.180400	-0.008300	-0.960000	-0.309600	-0.502400	0.250300	1.267200	-0.407600	-0.509300	-0.266400	-0.642900	-0.667400
303	1.263200	0.983600	0.187200	0.000000	0.098900	4.000600	-0.858300	0.433100	0.672600	0.807900	-0.304900	0.062700	0.210700	0.134500	1.546000	0.740100	-0.306100	-0.150700	-0.365600	0.834800
304	1.131700	0.553200	-0.844200	0.000000	-0.749600	-1.642600	-0.246300	0.528600	1.062600	0.392800	-1.175200	0.055000	0.206500	0.819700	1.138300	1.137100	0.839000	-0.038000	-0.096800	1.128400
305	1.462800	1.382500	1.194500	1.203500	0.830400	0.087600	1.299700	1.023900	1.769400	1.464200	0.592600	0.963300	1.613300	1.575500	0.865200	0.000000	1.644700	0.486300	0.871800	1.841200